255 0 0
255 1 0
254 2 0
253 3 0
252 4 0
251 5 0
250 6 0
249 6 0
248 7 0
247 8 0
246 9 0
245 10 0
244 11 0
243 12 0
242 13 0
241 14 0
240 15 0
239 16 0
238 17 0
237 18 0
236 18 0
235 19 0
234 20 0
233 21 0
233 22 0
232 23 0
231 24 0
230 25 0
229 26 0
228 27 0
227 28 0
226 29 0
225 29 0
224 30 0
223 31 0
222 32 0
221 33 0
220 34 0
219 35 0
218 36 0
217 37 0
216 38 0
215 39 0
214 40 0
213 41 0
212 41 0
211 42 0
210 43 0
209 44 0
208 45 0
207 46 0
206 47 0
205 48 0
204 49 0
203 50 0
202 51 0
201 52 0
201 53 0
200 53 0
199 54 0
198 55 0
197 56 0
196 57 0
195 58 0
194 59 0
195 60 0
196 61 0
197 62 0
198 64 0
199 65 0
200 66 0
201 67 0
202 68 0
203 69 0
204 71 0
205 72 0
206 73 0
207 74 0
208 75 0
209 76 0
210 77 0
211 79 0
212 80 0
213 81 0
214 82 0
215 83 0
216 84 0
217 86 0
217 87 0
218 88 0
219 89 0
220 90 0
221 91 0
222 92 0
223 94 0
224 95 0
225 96 0
226 97 0
227 98 0
228 99 0
229 100 0
230 102 0
231 103 0
232 104 0
233 105 0
234 106 0
235 107 0
236 109 0
237 110 0
238 111 0
239 112 0
240 113 0
241 114 0
242 115 0
243 117 0
244 118 0
245 119 0
246 120 0
247 121 0
248 122 0
249 123 0
249 125 0
250 126 0
251 127 0
252 128 0
253 129 0
254 130 0
255 132 0
254 133 0
251 134 0
248 135 0
245 135 0
242 136 0
239 137 0
236 138 0
233 139 0
230 140 0
227 141 0
224 142 0
221 143 0
218 144 0
215 145 0
212 146 0
209 147 0
206 148 0
203 149 0
199 150 0
196 151 0
193 152 0
190 152 0
187 153 0
184 154 0
181 155 0
178 156 0
175 157 0
172 158 0
169 159 0
166 160 0
163 161 0
160 162 0
157 163 0
154 164 0
151 165 0
148 166 0
145 167 0
142 168 0
139 169 0
136 169 0
133 170 0
130 171 1
126 172 1
123 173 1
120 174 1
117 175 1
114 176 1
111 177 1
108 178 1
105 179 1
102 180 1
99 181 1
96 182 1
93 183 1
90 184 1
87 185 1
84 186 1
81 187 1
78 187 1
75 188 1
72 189 1
69 190 1
66 191 1
63 192 1
61 193 1
60 194 1
59 195 1
58 196 1
57 197 1
56 198 1
55 199 1
54 200 1
53 201 1
52 202 1
51 203 1
50 204 1
49 205 1
48 206 1
48 207 1
47 208 1
46 209 1
45 210 1
44 211 1
43 212 1
42 213 1
41 214 1
40 215 0
39 216 0
38 217 0
37 218 0
36 219 0
35 220 0
34 221 0
33 222 0
32 223 0
31 224 0
30 225 0
29 226 0
28 227 0
27 228 0
26 229 0
25 230 0
24 231 0
23 232 0
22 233 0
21 234 0
20 235 0
19 236 0
18 237 0
17 238 0
16 239 0
16 240 0
15 241 0
14 242 0
13 243 0
12 244 0
11 245 0
10 246 0
9 247 0
8 248 0
7 249 0
6 250 0
5 251 0
4 252 0
3 253 0
2 254 0
1 255 0
0 255 0