DC-ROSE
1.000000
7.01393   0.0  0.0 
0.0  7.01393   0.0
0.0  0.0  7.01393
8
carestian or direct (scaled), only the first letter matters
0.0  0.0  0.0 
3.50697  3.50697  0.0
3.50697  0.0  3.50697 
0.0  3.50697  3.50697
1.75348  1.75348  1.75348
5.26045 5.26045 1.75348
5.26045 1.75348  5.26045 
1.75348  5.26045 5.26045
-30.0735
DC-ROSE
1.000000
7.03032   0.0  0.0 
0.0  7.03032   0.0
0.0  0.0  7.03032
8
carestian or direct (scaled), only the first letter matters
0.0  0.0  0.0 
3.51516  3.51516  0.0
3.51516  0.0  3.51516 
0.0  3.51516  3.51516
1.75758  1.75758  1.75758
5.27274 5.27274 1.75758
5.27274 1.75758  5.27274 
1.75758  5.27274 5.27274
-29.8934
DC-ROSE
1.000000
7.04672   0.0  0.0 
0.0  7.04672   0.0
0.0  0.0  7.04672
8
carestian or direct (scaled), only the first letter matters
0.0  0.0  0.0 
3.52336  3.52336  0.0
3.52336  0.0  3.52336 
0.0  3.52336  3.52336
1.76168  1.76168  1.76168
5.28504 5.28504 1.76168
5.28504 1.76168  5.28504 
1.76168  5.28504 5.28504
-29.7129
DC-ROSE
1.000000
7.06312   0.0  0.0 
0.0  7.06312   0.0
0.0  0.0  7.06312
8
carestian or direct (scaled), only the first letter matters
0.0  0.0  0.0 
3.53156  3.53156  0.0
3.53156  0.0  3.53156 
0.0  3.53156  3.53156
1.76578  1.76578  1.76578
5.29734 5.29734 1.76578
5.29734 1.76578  5.29734 
1.76578  5.29734 5.29734
-29.5318
DC-ROSE
1.000000
7.07951   0.0  0.0 
0.0  7.07951   0.0
0.0  0.0  7.07951
8
carestian or direct (scaled), only the first letter matters
0.0  0.0  0.0 
3.53975  3.53975  0.0
3.53975  0.0  3.53975 
0.0  3.53975  3.53975
1.76988  1.76988  1.76988
5.30963 5.30963 1.76988
5.30963 1.76988  5.30963 
1.76988  5.30963 5.30963
-29.3504
DC-ROSE
1.000000
7.09591   0.0  0.0 
0.0  7.09591   0.0
0.0  0.0  7.09591
8
carestian or direct (scaled), only the first letter matters
0.0  0.0  0.0 
3.54795  3.54795  0.0
3.54795  0.0  3.54795 
0.0  3.54795  3.54795
1.77398  1.77398  1.77398
5.32193 5.32193 1.77398
5.32193 1.77398  5.32193 
1.77398  5.32193 5.32193
-29.1686
DC-ROSE
1.000000
7.11231   0.0  0.0 
0.0  7.11231   0.0
0.0  0.0  7.11231
8
carestian or direct (scaled), only the first letter matters
0.0  0.0  0.0 
3.55615  3.55615  0.0
3.55615  0.0  3.55615 
0.0  3.55615  3.55615
1.77808  1.77808  1.77808
5.33423 5.33423 1.77808
5.33423 1.77808  5.33423 
1.77808  5.33423 5.33423
-28.9862
DC-ROSE
1.000000
7.1287   0.0  0.0 
0.0  7.1287   0.0
0.0  0.0  7.1287
8
carestian or direct (scaled), only the first letter matters
0.0  0.0  0.0 
3.56435  3.56435  0.0
3.56435  0.0  3.56435 
0.0  3.56435  3.56435
1.78218  1.78218  1.78218
5.34652 5.34652 1.78218
5.34652 1.78218  5.34652 
1.78218  5.34652 5.34652
-28.8034
DC-ROSE
1.000000
7.1451   0.0  0.0 
0.0  7.1451   0.0
0.0  0.0  7.1451
8
carestian or direct (scaled), only the first letter matters
0.0  0.0  0.0 
3.57255  3.57255  0.0
3.57255  0.0  3.57255 
0.0  3.57255  3.57255
1.78628  1.78628  1.78628
5.35883 5.35883 1.78628
5.35883 1.78628  5.35883 
1.78628  5.35883 5.35883
-28.6201
DC-ROSE
1.000000
7.1615   0.0  0.0 
0.0  7.1615   0.0
0.0  0.0  7.1615
8
carestian or direct (scaled), only the first letter matters
0.0  0.0  0.0 
3.58075  3.58075  0.0
3.58075  0.0  3.58075 
0.0  3.58075  3.58075
1.79038  1.79038  1.79038
5.37113 5.37113 1.79038
5.37113 1.79038  5.37113 
1.79038  5.37113 5.37113
-28.4363
DC-ROSE
1.000000
7.17789   0.0  0.0 
0.0  7.17789   0.0
0.0  0.0  7.17789
8
carestian or direct (scaled), only the first letter matters
0.0  0.0  0.0 
3.58894  3.58894  0.0
3.58894  0.0  3.58894 
0.0  3.58894  3.58894
1.79447  1.79447  1.79447
5.38342 5.38342 1.79447
5.38342 1.79447  5.38342 
1.79447  5.38342 5.38342
-28.2521
DC-ROSE
1.000000
7.19429   0.0  0.0 
0.0  7.19429   0.0
0.0  0.0  7.19429
8
carestian or direct (scaled), only the first letter matters
0.0  0.0  0.0 
3.59714  3.59714  0.0
3.59714  0.0  3.59714 
0.0  3.59714  3.59714
1.79857  1.79857  1.79857
5.39572 5.39572 1.79857
5.39572 1.79857  5.39572 
1.79857  5.39572 5.39572
-28.0673
DC-ROSE
1.000000
7.21069   0.0  0.0 
0.0  7.21069   0.0
0.0  0.0  7.21069
8
carestian or direct (scaled), only the first letter matters
0.0  0.0  0.0 
3.60534  3.60534  0.0
3.60534  0.0  3.60534 
0.0  3.60534  3.60534
1.80267  1.80267  1.80267
5.40802 5.40802 1.80267
5.40802 1.80267  5.40802 
1.80267  5.40802 5.40802
-27.882
DC-ROSE
1.000000
7.22708   0.0  0.0 
0.0  7.22708   0.0
0.0  0.0  7.22708
8
carestian or direct (scaled), only the first letter matters
0.0  0.0  0.0 
3.61354  3.61354  0.0
3.61354  0.0  3.61354 
0.0  3.61354  3.61354
1.80677  1.80677  1.80677
5.42031 5.42031 1.80677
5.42031 1.80677  5.42031 
1.80677  5.42031 5.42031
-27.6962
DC-ROSE
1.000000
7.24348   0.0  0.0 
0.0  7.24348   0.0
0.0  0.0  7.24348
8
carestian or direct (scaled), only the first letter matters
0.0  0.0  0.0 
3.62174  3.62174  0.0
3.62174  0.0  3.62174 
0.0  3.62174  3.62174
1.81087  1.81087  1.81087
5.43261 5.43261 1.81087
5.43261 1.81087  5.43261 
1.81087  5.43261 5.43261
-27.5099
DC-ROSE
1.000000
7.25988   0.0  0.0 
0.0  7.25988   0.0
0.0  0.0  7.25988
8
carestian or direct (scaled), only the first letter matters
0.0  0.0  0.0 
3.62994  3.62994  0.0
3.62994  0.0  3.62994 
0.0  3.62994  3.62994
1.81497  1.81497  1.81497
5.44491 5.44491 1.81497
5.44491 1.81497  5.44491 
1.81497  5.44491 5.44491
-27.3231
DC-ROSE
1.000000
7.27628   0.0  0.0 
0.0  7.27628   0.0
0.0  0.0  7.27628
8
carestian or direct (scaled), only the first letter matters
0.0  0.0  0.0 
3.63814  3.63814  0.0
3.63814  0.0  3.63814 
0.0  3.63814  3.63814
1.81907  1.81907  1.81907
5.45721 5.45721 1.81907
5.45721 1.81907  5.45721 
1.81907  5.45721 5.45721
-27.1358
DC-ROSE
1.000000
7.29267   0.0  0.0 
0.0  7.29267   0.0
0.0  0.0  7.29267
8
carestian or direct (scaled), only the first letter matters
0.0  0.0  0.0 
3.64634  3.64634  0.0
3.64634  0.0  3.64634 
0.0  3.64634  3.64634
1.82317  1.82317  1.82317
5.4695 5.4695 1.82317
5.4695 1.82317  5.4695 
1.82317  5.4695 5.4695
-26.9479
DC-ROSE
1.000000
7.30907   0.0  0.0 
0.0  7.30907   0.0
0.0  0.0  7.30907
8
carestian or direct (scaled), only the first letter matters
0.0  0.0  0.0 
3.65454  3.65454  0.0
3.65454  0.0  3.65454 
0.0  3.65454  3.65454
1.82727  1.82727  1.82727
5.4818 5.4818 1.82727
5.4818 1.82727  5.4818 
1.82727  5.4818 5.4818
-26.7595
DC-ROSE
1.000000
7.32547   0.0  0.0 
0.0  7.32547   0.0
0.0  0.0  7.32547
8
carestian or direct (scaled), only the first letter matters
0.0  0.0  0.0 
3.66274  3.66274  0.0
3.66274  0.0  3.66274 
0.0  3.66274  3.66274
1.83137  1.83137  1.83137
5.4941 5.4941 1.83137
5.4941 1.83137  5.4941 
1.83137  5.4941 5.4941
-26.5706
DC-ROSE
1.000000
7.34186   0.0  0.0 
0.0  7.34186   0.0
0.0  0.0  7.34186
8
carestian or direct (scaled), only the first letter matters
0.0  0.0  0.0 
3.67093  3.67093  0.0
3.67093  0.0  3.67093 
0.0  3.67093  3.67093
1.83546  1.83546  1.83546
5.50639 5.50639 1.83546
5.50639 1.83546  5.50639 
1.83546  5.50639 5.50639
-26.381
DC-ROSE
1.000000
7.35826   0.0  0.0 
0.0  7.35826   0.0
0.0  0.0  7.35826
8
carestian or direct (scaled), only the first letter matters
0.0  0.0  0.0 
3.67913  3.67913  0.0
3.67913  0.0  3.67913 
0.0  3.67913  3.67913
1.83956  1.83956  1.83956
5.51869 5.51869 1.83956
5.51869 1.83956  5.51869 
1.83956  5.51869 5.51869
-26.191
DC-ROSE
1.000000
7.37466   0.0  0.0 
0.0  7.37466   0.0
0.0  0.0  7.37466
8
carestian or direct (scaled), only the first letter matters
0.0  0.0  0.0 
3.68733  3.68733  0.0
3.68733  0.0  3.68733 
0.0  3.68733  3.68733
1.84367  1.84367  1.84367
5.531 5.531 1.84367
5.531 1.84367  5.531 
1.84367  5.531 5.531
-26.0004
DC-ROSE
1.000000
7.39105   0.0  0.0 
0.0  7.39105   0.0
0.0  0.0  7.39105
8
carestian or direct (scaled), only the first letter matters
0.0  0.0  0.0 
3.69552  3.69552  0.0
3.69552  0.0  3.69552 
0.0  3.69552  3.69552
1.84776  1.84776  1.84776
5.54329 5.54329 1.84776
5.54329 1.84776  5.54329 
1.84776  5.54329 5.54329
-25.8092
DC-ROSE
1.000000
7.40745   0.0  0.0 
0.0  7.40745   0.0
0.0  0.0  7.40745
8
carestian or direct (scaled), only the first letter matters
0.0  0.0  0.0 
3.70372  3.70372  0.0
3.70372  0.0  3.70372 
0.0  3.70372  3.70372
1.85186  1.85186  1.85186
5.55559 5.55559 1.85186
5.55559 1.85186  5.55559 
1.85186  5.55559 5.55559
-25.6175
DC-ROSE
1.000000
7.42385   0.0  0.0 
0.0  7.42385   0.0
0.0  0.0  7.42385
8
carestian or direct (scaled), only the first letter matters
0.0  0.0  0.0 
3.71192  3.71192  0.0
3.71192  0.0  3.71192 
0.0  3.71192  3.71192
1.85596  1.85596  1.85596
5.56789 5.56789 1.85596
5.56789 1.85596  5.56789 
1.85596  5.56789 5.56789
-25.4252
DC-ROSE
1.000000
7.44024   0.0  0.0 
0.0  7.44024   0.0
0.0  0.0  7.44024
8
carestian or direct (scaled), only the first letter matters
0.0  0.0  0.0 
3.72012  3.72012  0.0
3.72012  0.0  3.72012 
0.0  3.72012  3.72012
1.86006  1.86006  1.86006
5.58018 5.58018 1.86006
5.58018 1.86006  5.58018 
1.86006  5.58018 5.58018
-25.2324
DC-ROSE
1.000000
7.45664   0.0  0.0 
0.0  7.45664   0.0
0.0  0.0  7.45664
8
carestian or direct (scaled), only the first letter matters
0.0  0.0  0.0 
3.72832  3.72832  0.0
3.72832  0.0  3.72832 
0.0  3.72832  3.72832
1.86416  1.86416  1.86416
5.59248 5.59248 1.86416
5.59248 1.86416  5.59248 
1.86416  5.59248 5.59248
-25.039
DC-ROSE
1.000000
7.47304   0.0  0.0 
0.0  7.47304   0.0
0.0  0.0  7.47304
8
carestian or direct (scaled), only the first letter matters
0.0  0.0  0.0 
3.73652  3.73652  0.0
3.73652  0.0  3.73652 
0.0  3.73652  3.73652
1.86826  1.86826  1.86826
5.60478 5.60478 1.86826
5.60478 1.86826  5.60478 
1.86826  5.60478 5.60478
-24.8451
DC-ROSE
1.000000
7.48943   0.0  0.0 
0.0  7.48943   0.0
0.0  0.0  7.48943
8
carestian or direct (scaled), only the first letter matters
0.0  0.0  0.0 
3.74471  3.74471  0.0
3.74471  0.0  3.74471 
0.0  3.74471  3.74471
1.87236  1.87236  1.87236
5.61707 5.61707 1.87236
5.61707 1.87236  5.61707 
1.87236  5.61707 5.61707
-24.6506
DC-ROSE
1.000000
7.50583   0.0  0.0 
0.0  7.50583   0.0
0.0  0.0  7.50583
8
carestian or direct (scaled), only the first letter matters
0.0  0.0  0.0 
3.75291  3.75291  0.0
3.75291  0.0  3.75291 
0.0  3.75291  3.75291
1.87646  1.87646  1.87646
5.62937 5.62937 1.87646
5.62937 1.87646  5.62937 
1.87646  5.62937 5.62937
-24.4556
DC-ROSE
1.000000
7.52223   0.0  0.0 
0.0  7.52223   0.0
0.0  0.0  7.52223
8
carestian or direct (scaled), only the first letter matters
0.0  0.0  0.0 
3.76112  3.76112  0.0
3.76112  0.0  3.76112 
0.0  3.76112  3.76112
1.88056  1.88056  1.88056
5.64167 5.64167 1.88056
5.64167 1.88056  5.64167 
1.88056  5.64167 5.64167
-24.26
DC-ROSE
1.000000
7.53862   0.0  0.0 
0.0  7.53862   0.0
0.0  0.0  7.53862
8
carestian or direct (scaled), only the first letter matters
0.0  0.0  0.0 
3.76931  3.76931  0.0
3.76931  0.0  3.76931 
0.0  3.76931  3.76931
1.88465  1.88465  1.88465
5.65396 5.65396 1.88465
5.65396 1.88465  5.65396 
1.88465  5.65396 5.65396
-24.0639
DC-ROSE
1.000000
7.55502   0.0  0.0 
0.0  7.55502   0.0
0.0  0.0  7.55502
8
carestian or direct (scaled), only the first letter matters
0.0  0.0  0.0 
3.77751  3.77751  0.0
3.77751  0.0  3.77751 
0.0  3.77751  3.77751
1.88875  1.88875  1.88875
5.66627 5.66627 1.88875
5.66627 1.88875  5.66627 
1.88875  5.66627 5.66627
-23.8673
DC-ROSE
1.000000
7.57142   0.0  0.0 
0.0  7.57142   0.0
0.0  0.0  7.57142
8
carestian or direct (scaled), only the first letter matters
0.0  0.0  0.0 
3.78571  3.78571  0.0
3.78571  0.0  3.78571 
0.0  3.78571  3.78571
1.89285  1.89285  1.89285
5.67856 5.67856 1.89285
5.67856 1.89285  5.67856 
1.89285  5.67856 5.67856
-23.6701
DC-ROSE
1.000000
7.58782   0.0  0.0 
0.0  7.58782   0.0
0.0  0.0  7.58782
8
carestian or direct (scaled), only the first letter matters
0.0  0.0  0.0 
3.79391  3.79391  0.0
3.79391  0.0  3.79391 
0.0  3.79391  3.79391
1.89695  1.89695  1.89695
5.69086 5.69086 1.89695
5.69086 1.89695  5.69086 
1.89695  5.69086 5.69086
-23.4724
DC-ROSE
1.000000
7.60421   0.0  0.0 
0.0  7.60421   0.0
0.0  0.0  7.60421
8
carestian or direct (scaled), only the first letter matters
0.0  0.0  0.0 
3.80211  3.80211  0.0
3.80211  0.0  3.80211 
0.0  3.80211  3.80211
1.90105  1.90105  1.90105
5.70316 5.70316 1.90105
5.70316 1.90105  5.70316 
1.90105  5.70316 5.70316
-23.2742
DC-ROSE
1.000000
7.62061   0.0  0.0 
0.0  7.62061   0.0
0.0  0.0  7.62061
8
carestian or direct (scaled), only the first letter matters
0.0  0.0  0.0 
3.81031  3.81031  0.0
3.81031  0.0  3.81031 
0.0  3.81031  3.81031
1.90515  1.90515  1.90515
5.71546 5.71546 1.90515
5.71546 1.90515  5.71546 
1.90515  5.71546 5.71546
-23.0755
DC-ROSE
1.000000
7.63701   0.0  0.0 
0.0  7.63701   0.0
0.0  0.0  7.63701
8
carestian or direct (scaled), only the first letter matters
0.0  0.0  0.0 
3.81851  3.81851  0.0
3.81851  0.0  3.81851 
0.0  3.81851  3.81851
1.90925  1.90925  1.90925
5.72776 5.72776 1.90925
5.72776 1.90925  5.72776 
1.90925  5.72776 5.72776
-22.8763
DC-ROSE
1.000000
7.6534   0.0  0.0 
0.0  7.6534   0.0
0.0  0.0  7.6534
8
carestian or direct (scaled), only the first letter matters
0.0  0.0  0.0 
3.8267  3.8267  0.0
3.8267  0.0  3.8267 
0.0  3.8267  3.8267
1.91335  1.91335  1.91335
5.74005 5.74005 1.91335
5.74005 1.91335  5.74005 
1.91335  5.74005 5.74005
-22.6767
DC-ROSE
1.000000
7.6698   0.0  0.0 
0.0  7.6698   0.0
0.0  0.0  7.6698
8
carestian or direct (scaled), only the first letter matters
0.0  0.0  0.0 
3.8349  3.8349  0.0
3.8349  0.0  3.8349 
0.0  3.8349  3.8349
1.91745  1.91745  1.91745
5.75235 5.75235 1.91745
5.75235 1.91745  5.75235 
1.91745  5.75235 5.75235
-22.4766
DC-ROSE
1.000000
7.6862   0.0  0.0 
0.0  7.6862   0.0
0.0  0.0  7.6862
8
carestian or direct (scaled), only the first letter matters
0.0  0.0  0.0 
3.8431  3.8431  0.0
3.8431  0.0  3.8431 
0.0  3.8431  3.8431
1.92155  1.92155  1.92155
5.76465 5.76465 1.92155
5.76465 1.92155  5.76465 
1.92155  5.76465 5.76465
-22.276
DC-ROSE
1.000000
7.70259   0.0  0.0 
0.0  7.70259   0.0
0.0  0.0  7.70259
8
carestian or direct (scaled), only the first letter matters
0.0  0.0  0.0 
3.85129  3.85129  0.0
3.85129  0.0  3.85129 
0.0  3.85129  3.85129
1.92565  1.92565  1.92565
5.77694 5.77694 1.92565
5.77694 1.92565  5.77694 
1.92565  5.77694 5.77694
-22.075
DC-ROSE
1.000000
7.71899   0.0  0.0 
0.0  7.71899   0.0
0.0  0.0  7.71899
8
carestian or direct (scaled), only the first letter matters
0.0  0.0  0.0 
3.85949  3.85949  0.0
3.85949  0.0  3.85949 
0.0  3.85949  3.85949
1.92975  1.92975  1.92975
5.78924 5.78924 1.92975
5.78924 1.92975  5.78924 
1.92975  5.78924 5.78924
-21.8736
DC-ROSE
1.000000
7.73539   0.0  0.0 
0.0  7.73539   0.0
0.0  0.0  7.73539
8
carestian or direct (scaled), only the first letter matters
0.0  0.0  0.0 
3.86769  3.86769  0.0
3.86769  0.0  3.86769 
0.0  3.86769  3.86769
1.93385  1.93385  1.93385
5.80154 5.80154 1.93385
5.80154 1.93385  5.80154 
1.93385  5.80154 5.80154
-21.6718
DC-ROSE
1.000000
7.75178   0.0  0.0 
0.0  7.75178   0.0
0.0  0.0  7.75178
8
carestian or direct (scaled), only the first letter matters
0.0  0.0  0.0 
3.87589  3.87589  0.0
3.87589  0.0  3.87589 
0.0  3.87589  3.87589
1.93795  1.93795  1.93795
5.81384 5.81384 1.93795
5.81384 1.93795  5.81384 
1.93795  5.81384 5.81384
-21.4695
DC-ROSE
1.000000
7.76818   0.0  0.0 
0.0  7.76818   0.0
0.0  0.0  7.76818
8
carestian or direct (scaled), only the first letter matters
0.0  0.0  0.0 
3.88409  3.88409  0.0
3.88409  0.0  3.88409 
0.0  3.88409  3.88409
1.94205  1.94205  1.94205
5.82613 5.82613 1.94205
5.82613 1.94205  5.82613 
1.94205  5.82613 5.82613
-21.267
DC-ROSE
1.000000
7.78458   0.0  0.0 
0.0  7.78458   0.0
0.0  0.0  7.78458
8
carestian or direct (scaled), only the first letter matters
0.0  0.0  0.0 
3.89229  3.89229  0.0
3.89229  0.0  3.89229 
0.0  3.89229  3.89229
1.94615  1.94615  1.94615
5.83844 5.83844 1.94615
5.83844 1.94615  5.83844 
1.94615  5.83844 5.83844
-21.0641
DC-ROSE
1.000000
7.80097   0.0  0.0 
0.0  7.80097   0.0
0.0  0.0  7.80097
8
carestian or direct (scaled), only the first letter matters
0.0  0.0  0.0 
3.90049  3.90049  0.0
3.90049  0.0  3.90049 
0.0  3.90049  3.90049
1.95024  1.95024  1.95024
5.85073 5.85073 1.95024
5.85073 1.95024  5.85073 
1.95024  5.85073 5.85073
-20.8609
DC-ROSE
1.000000
7.81737   0.0  0.0 
0.0  7.81737   0.0
0.0  0.0  7.81737
8
carestian or direct (scaled), only the first letter matters
0.0  0.0  0.0 
3.90869  3.90869  0.0
3.90869  0.0  3.90869 
0.0  3.90869  3.90869
1.95434  1.95434  1.95434
5.86303 5.86303 1.95434
5.86303 1.95434  5.86303 
1.95434  5.86303 5.86303
-20.6574
DC-ROSE
1.000000
7.83377   0.0  0.0 
0.0  7.83377   0.0
0.0  0.0  7.83377
8
carestian or direct (scaled), only the first letter matters
0.0  0.0  0.0 
3.91689  3.91689  0.0
3.91689  0.0  3.91689 
0.0  3.91689  3.91689
1.95844  1.95844  1.95844
5.87533 5.87533 1.95844
5.87533 1.95844  5.87533 
1.95844  5.87533 5.87533
-20.4537
DC-ROSE
1.000000
7.85017   0.0  0.0 
0.0  7.85017   0.0
0.0  0.0  7.85017
8
carestian or direct (scaled), only the first letter matters
0.0  0.0  0.0 
3.92509  3.92509  0.0
3.92509  0.0  3.92509 
0.0  3.92509  3.92509
1.96254  1.96254  1.96254
5.88763 5.88763 1.96254
5.88763 1.96254  5.88763 
1.96254  5.88763 5.88763
-20.2497
DC-ROSE
1.000000
7.86656   0.0  0.0 
0.0  7.86656   0.0
0.0  0.0  7.86656
8
carestian or direct (scaled), only the first letter matters
0.0  0.0  0.0 
3.93328  3.93328  0.0
3.93328  0.0  3.93328 
0.0  3.93328  3.93328
1.96664  1.96664  1.96664
5.89992 5.89992 1.96664
5.89992 1.96664  5.89992 
1.96664  5.89992 5.89992
-20.0455
DC-ROSE
1.000000
7.88296   0.0  0.0 
0.0  7.88296   0.0
0.0  0.0  7.88296
8
carestian or direct (scaled), only the first letter matters
0.0  0.0  0.0 
3.94148  3.94148  0.0
3.94148  0.0  3.94148 
0.0  3.94148  3.94148
1.97074  1.97074  1.97074
5.91222 5.91222 1.97074
5.91222 1.97074  5.91222 
1.97074  5.91222 5.91222
-19.8412
DC-ROSE
1.000000
7.89936   0.0  0.0 
0.0  7.89936   0.0
0.0  0.0  7.89936
8
carestian or direct (scaled), only the first letter matters
0.0  0.0  0.0 
3.94968  3.94968  0.0
3.94968  0.0  3.94968 
0.0  3.94968  3.94968
1.97484  1.97484  1.97484
5.92452 5.92452 1.97484
5.92452 1.97484  5.92452 
1.97484  5.92452 5.92452
-19.6367
DC-ROSE
1.000000
7.91575   0.0  0.0 
0.0  7.91575   0.0
0.0  0.0  7.91575
8
carestian or direct (scaled), only the first letter matters
0.0  0.0  0.0 
3.95788  3.95788  0.0
3.95788  0.0  3.95788 
0.0  3.95788  3.95788
1.97894  1.97894  1.97894
5.93681 5.93681 1.97894
5.93681 1.97894  5.93681 
1.97894  5.93681 5.93681
-19.4322
DC-ROSE
1.000000
7.93215   0.0  0.0 
0.0  7.93215   0.0
0.0  0.0  7.93215
8
carestian or direct (scaled), only the first letter matters
0.0  0.0  0.0 
3.96608  3.96608  0.0
3.96608  0.0  3.96608 
0.0  3.96608  3.96608
1.98304  1.98304  1.98304
5.94911 5.94911 1.98304
5.94911 1.98304  5.94911 
1.98304  5.94911 5.94911
-19.2275
DC-ROSE
1.000000
7.94855   0.0  0.0 
0.0  7.94855   0.0
0.0  0.0  7.94855
8
carestian or direct (scaled), only the first letter matters
0.0  0.0  0.0 
3.97428  3.97428  0.0
3.97428  0.0  3.97428 
0.0  3.97428  3.97428
1.98714  1.98714  1.98714
5.96141 5.96141 1.98714
5.96141 1.98714  5.96141 
1.98714  5.96141 5.96141
-19.0229
DC-ROSE
1.000000
7.96494   0.0  0.0 
0.0  7.96494   0.0
0.0  0.0  7.96494
8
carestian or direct (scaled), only the first letter matters
0.0  0.0  0.0 
3.98247  3.98247  0.0
3.98247  0.0  3.98247 
0.0  3.98247  3.98247
1.99124  1.99124  1.99124
5.97371 5.97371 1.99124
5.97371 1.99124  5.97371 
1.99124  5.97371 5.97371
-18.8182
DC-ROSE
1.000000
7.98134   0.0  0.0 
0.0  7.98134   0.0
0.0  0.0  7.98134
8
carestian or direct (scaled), only the first letter matters
0.0  0.0  0.0 
3.99067  3.99067  0.0
3.99067  0.0  3.99067 
0.0  3.99067  3.99067
1.99534  1.99534  1.99534
5.98601 5.98601 1.99534
5.98601 1.99534  5.98601 
1.99534  5.98601 5.98601
-18.6137
DC-ROSE
1.000000
7.99774   0.0  0.0 
0.0  7.99774   0.0
0.0  0.0  7.99774
8
carestian or direct (scaled), only the first letter matters
0.0  0.0  0.0 
3.99887  3.99887  0.0
3.99887  0.0  3.99887 
0.0  3.99887  3.99887
1.99944  1.99944  1.99944
5.99831 5.99831 1.99944
5.99831 1.99944  5.99831 
1.99944  5.99831 5.99831
-18.4091
DC-ROSE
1.000000
8.01413   0.0  0.0 
0.0  8.01413   0.0
0.0  0.0  8.01413
8
carestian or direct (scaled), only the first letter matters
0.0  0.0  0.0 
4.00706  4.00706  0.0
4.00706  0.0  4.00706 
0.0  4.00706  4.00706
2.00353  2.00353  2.00353
6.0106 6.0106 2.00353
6.0106 2.00353  6.0106 
2.00353  6.0106 6.0106
-18.2048
DC-ROSE
1.000000
8.03053   0.0  0.0 
0.0  8.03053   0.0
0.0  0.0  8.03053
8
carestian or direct (scaled), only the first letter matters
0.0  0.0  0.0 
4.01527  4.01527  0.0
4.01527  0.0  4.01527 
0.0  4.01527  4.01527
2.00763  2.00763  2.00763
6.0229 6.0229 2.00763
6.0229 2.00763  6.0229 
2.00763  6.0229 6.0229
-18.0006
DC-ROSE
1.000000
8.04693   0.0  0.0 
0.0  8.04693   0.0
0.0  0.0  8.04693
8
carestian or direct (scaled), only the first letter matters
0.0  0.0  0.0 
4.02346  4.02346  0.0
4.02346  0.0  4.02346 
0.0  4.02346  4.02346
2.01173  2.01173  2.01173
6.0352 6.0352 2.01173
6.0352 2.01173  6.0352 
2.01173  6.0352 6.0352
-17.7967
DC-ROSE
1.000000
8.06332   0.0  0.0 
0.0  8.06332   0.0
0.0  0.0  8.06332
8
carestian or direct (scaled), only the first letter matters
0.0  0.0  0.0 
4.03166  4.03166  0.0
4.03166  0.0  4.03166 
0.0  4.03166  4.03166
2.01583  2.01583  2.01583
6.04749 6.04749 2.01583
6.04749 2.01583  6.04749 
2.01583  6.04749 6.04749
-17.5931
DC-ROSE
1.000000
8.07972   0.0  0.0 
0.0  8.07972   0.0
0.0  0.0  8.07972
8
carestian or direct (scaled), only the first letter matters
0.0  0.0  0.0 
4.03986  4.03986  0.0
4.03986  0.0  4.03986 
0.0  4.03986  4.03986
2.01993  2.01993  2.01993
6.05979 6.05979 2.01993
6.05979 2.01993  6.05979 
2.01993  6.05979 6.05979
-17.3898
DC-ROSE
1.000000
8.09612   0.0  0.0 
0.0  8.09612   0.0
0.0  0.0  8.09612
8
carestian or direct (scaled), only the first letter matters
0.0  0.0  0.0 
4.04806  4.04806  0.0
4.04806  0.0  4.04806 
0.0  4.04806  4.04806
2.02403  2.02403  2.02403
6.07209 6.07209 2.02403
6.07209 2.02403  6.07209 
2.02403  6.07209 6.07209
-17.187
DC-ROSE
1.000000
8.11251   0.0  0.0 
0.0  8.11251   0.0
0.0  0.0  8.11251
8
carestian or direct (scaled), only the first letter matters
0.0  0.0  0.0 
4.05626  4.05626  0.0
4.05626  0.0  4.05626 
0.0  4.05626  4.05626
2.02813  2.02813  2.02813
6.08438 6.08438 2.02813
6.08438 2.02813  6.08438 
2.02813  6.08438 6.08438
-16.9845
DC-ROSE
1.000000
8.12891   0.0  0.0 
0.0  8.12891   0.0
0.0  0.0  8.12891
8
carestian or direct (scaled), only the first letter matters
0.0  0.0  0.0 
4.06445  4.06445  0.0
4.06445  0.0  4.06445 
0.0  4.06445  4.06445
2.03223  2.03223  2.03223
6.09668 6.09668 2.03223
6.09668 2.03223  6.09668 
2.03223  6.09668 6.09668
-16.7826
DC-ROSE
1.000000
8.14531   0.0  0.0 
0.0  8.14531   0.0
0.0  0.0  8.14531
8
carestian or direct (scaled), only the first letter matters
0.0  0.0  0.0 
4.07266  4.07266  0.0
4.07266  0.0  4.07266 
0.0  4.07266  4.07266
2.03633  2.03633  2.03633
6.10898 6.10898 2.03633
6.10898 2.03633  6.10898 
2.03633  6.10898 6.10898
-16.5811
DC-ROSE
1.000000
8.16171   0.0  0.0 
0.0  8.16171   0.0
0.0  0.0  8.16171
8
carestian or direct (scaled), only the first letter matters
0.0  0.0  0.0 
4.08085  4.08085  0.0
4.08085  0.0  4.08085 
0.0  4.08085  4.08085
2.04043  2.04043  2.04043
6.12128 6.12128 2.04043
6.12128 2.04043  6.12128 
2.04043  6.12128 6.12128
-16.3804
DC-ROSE
1.000000
8.1781   0.0  0.0 
0.0  8.1781   0.0
0.0  0.0  8.1781
8
carestian or direct (scaled), only the first letter matters
0.0  0.0  0.0 
4.08905  4.08905  0.0
4.08905  0.0  4.08905 
0.0  4.08905  4.08905
2.04453  2.04453  2.04453
6.13358 6.13358 2.04453
6.13358 2.04453  6.13358 
2.04453  6.13358 6.13358
-16.1802
DC-ROSE
1.000000
8.1945   0.0  0.0 
0.0  8.1945   0.0
0.0  0.0  8.1945
8
carestian or direct (scaled), only the first letter matters
0.0  0.0  0.0 
4.09725  4.09725  0.0
4.09725  0.0  4.09725 
0.0  4.09725  4.09725
2.04862  2.04862  2.04862
6.14588 6.14588 2.04862
6.14588 2.04862  6.14588 
2.04862  6.14588 6.14588
-15.9809
DC-ROSE
1.000000
8.2109   0.0  0.0 
0.0  8.2109   0.0
0.0  0.0  8.2109
8
carestian or direct (scaled), only the first letter matters
0.0  0.0  0.0 
4.10545  4.10545  0.0
4.10545  0.0  4.10545 
0.0  4.10545  4.10545
2.05273  2.05273  2.05273
6.15817 6.15817 2.05273
6.15817 2.05273  6.15817 
2.05273  6.15817 6.15817
-15.7823
DC-ROSE
1.000000
8.22729   0.0  0.0 
0.0  8.22729   0.0
0.0  0.0  8.22729
8
carestian or direct (scaled), only the first letter matters
0.0  0.0  0.0 
4.11364  4.11364  0.0
4.11364  0.0  4.11364 
0.0  4.11364  4.11364
2.05682  2.05682  2.05682
6.17047 6.17047 2.05682
6.17047 2.05682  6.17047 
2.05682  6.17047 6.17047
-15.5846
DC-ROSE
1.000000
8.24369   0.0  0.0 
0.0  8.24369   0.0
0.0  0.0  8.24369
8
carestian or direct (scaled), only the first letter matters
0.0  0.0  0.0 
4.12185  4.12185  0.0
4.12185  0.0  4.12185 
0.0  4.12185  4.12185
2.06092  2.06092  2.06092
6.18277 6.18277 2.06092
6.18277 2.06092  6.18277 
2.06092  6.18277 6.18277
-15.3878
DC-ROSE
1.000000
8.26009   0.0  0.0 
0.0  8.26009   0.0
0.0  0.0  8.26009
8
carestian or direct (scaled), only the first letter matters
0.0  0.0  0.0 
4.13004  4.13004  0.0
4.13004  0.0  4.13004 
0.0  4.13004  4.13004
2.06502  2.06502  2.06502
6.19507 6.19507 2.06502
6.19507 2.06502  6.19507 
2.06502  6.19507 6.19507
-15.192
DC-ROSE
1.000000
8.27648   0.0  0.0 
0.0  8.27648   0.0
0.0  0.0  8.27648
8
carestian or direct (scaled), only the first letter matters
0.0  0.0  0.0 
4.13824  4.13824  0.0
4.13824  0.0  4.13824 
0.0  4.13824  4.13824
2.06912  2.06912  2.06912
6.20736 6.20736 2.06912
6.20736 2.06912  6.20736 
2.06912  6.20736 6.20736
-14.9973
DC-ROSE
1.000000
8.29288   0.0  0.0 
0.0  8.29288   0.0
0.0  0.0  8.29288
8
carestian or direct (scaled), only the first letter matters
0.0  0.0  0.0 
4.14644  4.14644  0.0
4.14644  0.0  4.14644 
0.0  4.14644  4.14644
2.07322  2.07322  2.07322
6.21966 6.21966 2.07322
6.21966 2.07322  6.21966 
2.07322  6.21966 6.21966
-14.8036
DC-ROSE
1.000000
8.30928   0.0  0.0 
0.0  8.30928   0.0
0.0  0.0  8.30928
8
carestian or direct (scaled), only the first letter matters
0.0  0.0  0.0 
4.15464  4.15464  0.0
4.15464  0.0  4.15464 
0.0  4.15464  4.15464
2.07732  2.07732  2.07732
6.23196 6.23196 2.07732
6.23196 2.07732  6.23196 
2.07732  6.23196 6.23196
-14.6112
DC-ROSE
1.000000
8.32567   0.0  0.0 
0.0  8.32567   0.0
0.0  0.0  8.32567
8
carestian or direct (scaled), only the first letter matters
0.0  0.0  0.0 
4.16284  4.16284  0.0
4.16284  0.0  4.16284 
0.0  4.16284  4.16284
2.08142  2.08142  2.08142
6.24425 6.24425 2.08142
6.24425 2.08142  6.24425 
2.08142  6.24425 6.24425
-14.42
DC-ROSE
1.000000
8.34207   0.0  0.0 
0.0  8.34207   0.0
0.0  0.0  8.34207
8
carestian or direct (scaled), only the first letter matters
0.0  0.0  0.0 
4.17103  4.17103  0.0
4.17103  0.0  4.17103 
0.0  4.17103  4.17103
2.08552  2.08552  2.08552
6.25655 6.25655 2.08552
6.25655 2.08552  6.25655 
2.08552  6.25655 6.25655
-14.2301
DC-ROSE
1.000000
8.35847   0.0  0.0 
0.0  8.35847   0.0
0.0  0.0  8.35847
8
carestian or direct (scaled), only the first letter matters
0.0  0.0  0.0 
4.17924  4.17924  0.0
4.17924  0.0  4.17924 
0.0  4.17924  4.17924
2.08962  2.08962  2.08962
6.26885 6.26885 2.08962
6.26885 2.08962  6.26885 
2.08962  6.26885 6.26885
-14.0416
DC-ROSE
1.000000
8.37486   0.0  0.0 
0.0  8.37486   0.0
0.0  0.0  8.37486
8
carestian or direct (scaled), only the first letter matters
0.0  0.0  0.0 
4.18743  4.18743  0.0
4.18743  0.0  4.18743 
0.0  4.18743  4.18743
2.09371  2.09371  2.09371
6.28115 6.28115 2.09371
6.28115 2.09371  6.28115 
2.09371  6.28115 6.28115
-13.8546
DC-ROSE
1.000000
8.39126   0.0  0.0 
0.0  8.39126   0.0
0.0  0.0  8.39126
8
carestian or direct (scaled), only the first letter matters
0.0  0.0  0.0 
4.19563  4.19563  0.0
4.19563  0.0  4.19563 
0.0  4.19563  4.19563
2.09782  2.09782  2.09782
6.29345 6.29345 2.09782
6.29345 2.09782  6.29345 
2.09782  6.29345 6.29345
-13.669
DC-ROSE
1.000000
8.40766   0.0  0.0 
0.0  8.40766   0.0
0.0  0.0  8.40766
8
carestian or direct (scaled), only the first letter matters
0.0  0.0  0.0 
4.20383  4.20383  0.0
4.20383  0.0  4.20383 
0.0  4.20383  4.20383
2.10191  2.10191  2.10191
6.30574 6.30574 2.10191
6.30574 2.10191  6.30574 
2.10191  6.30574 6.30574
-13.4851
DC-ROSE
1.000000
8.42405   0.0  0.0 
0.0  8.42405   0.0
0.0  0.0  8.42405
8
carestian or direct (scaled), only the first letter matters
0.0  0.0  0.0 
4.21202  4.21202  0.0
4.21202  0.0  4.21202 
0.0  4.21202  4.21202
2.10601  2.10601  2.10601
6.31804 6.31804 2.10601
6.31804 2.10601  6.31804 
2.10601  6.31804 6.31804
-13.3028
DC-ROSE
1.000000
8.44045   0.0  0.0 
0.0  8.44045   0.0
0.0  0.0  8.44045
8
carestian or direct (scaled), only the first letter matters
0.0  0.0  0.0 
4.22023  4.22023  0.0
4.22023  0.0  4.22023 
0.0  4.22023  4.22023
2.11011  2.11011  2.11011
6.33034 6.33034 2.11011
6.33034 2.11011  6.33034 
2.11011  6.33034 6.33034
-13.1223
DC-ROSE
1.000000
8.45685   0.0  0.0 
0.0  8.45685   0.0
0.0  0.0  8.45685
8
carestian or direct (scaled), only the first letter matters
0.0  0.0  0.0 
4.22842  4.22842  0.0
4.22842  0.0  4.22842 
0.0  4.22842  4.22842
2.11421  2.11421  2.11421
6.34264 6.34264 2.11421
6.34264 2.11421  6.34264 
2.11421  6.34264 6.34264
-12.9435
DC-ROSE
1.000000
8.47325   0.0  0.0 
0.0  8.47325   0.0
0.0  0.0  8.47325
8
carestian or direct (scaled), only the first letter matters
0.0  0.0  0.0 
4.23663  4.23663  0.0
4.23663  0.0  4.23663 
0.0  4.23663  4.23663
2.11831  2.11831  2.11831
6.35494 6.35494 2.11831
6.35494 2.11831  6.35494 
2.11831  6.35494 6.35494
-12.7666
DC-ROSE
1.000000
8.48964   0.0  0.0 
0.0  8.48964   0.0
0.0  0.0  8.48964
8
carestian or direct (scaled), only the first letter matters
0.0  0.0  0.0 
4.24482  4.24482  0.0
4.24482  0.0  4.24482 
0.0  4.24482  4.24482
2.12241  2.12241  2.12241
6.36723 6.36723 2.12241
6.36723 2.12241  6.36723 
2.12241  6.36723 6.36723
-12.5916
DC-ROSE
1.000000
8.50604   0.0  0.0 
0.0  8.50604   0.0
0.0  0.0  8.50604
8
carestian or direct (scaled), only the first letter matters
0.0  0.0  0.0 
4.25302  4.25302  0.0
4.25302  0.0  4.25302 
0.0  4.25302  4.25302
2.12651  2.12651  2.12651
6.37953 6.37953 2.12651
6.37953 2.12651  6.37953 
2.12651  6.37953 6.37953
-12.4186
DC-ROSE
1.000000
8.52244   0.0  0.0 
0.0  8.52244   0.0
0.0  0.0  8.52244
8
carestian or direct (scaled), only the first letter matters
0.0  0.0  0.0 
4.26122  4.26122  0.0
4.26122  0.0  4.26122 
0.0  4.26122  4.26122
2.13061  2.13061  2.13061
6.39183 6.39183 2.13061
6.39183 2.13061  6.39183 
2.13061  6.39183 6.39183
-12.2476
DC-ROSE
1.000000
8.53883   0.0  0.0 
0.0  8.53883   0.0
0.0  0.0  8.53883
8
carestian or direct (scaled), only the first letter matters
0.0  0.0  0.0 
4.26942  4.26942  0.0
4.26942  0.0  4.26942 
0.0  4.26942  4.26942
2.13471  2.13471  2.13471
6.40412 6.40412 2.13471
6.40412 2.13471  6.40412 
2.13471  6.40412 6.40412
-12.0787
DC-ROSE
1.000000
8.55523   0.0  0.0 
0.0  8.55523   0.0
0.0  0.0  8.55523
8
carestian or direct (scaled), only the first letter matters
0.0  0.0  0.0 
4.27761  4.27761  0.0
4.27761  0.0  4.27761 
0.0  4.27761  4.27761
2.13881  2.13881  2.13881
6.41642 6.41642 2.13881
6.41642 2.13881  6.41642 
2.13881  6.41642 6.41642
-11.912
DC-ROSE
1.000000
8.57163   0.0  0.0 
0.0  8.57163   0.0
0.0  0.0  8.57163
8
carestian or direct (scaled), only the first letter matters
0.0  0.0  0.0 
4.28582  4.28582  0.0
4.28582  0.0  4.28582 
0.0  4.28582  4.28582
2.14291  2.14291  2.14291
6.42872 6.42872 2.14291
6.42872 2.14291  6.42872 
2.14291  6.42872 6.42872
-11.7475
DC-ROSE
1.000000
8.58802   0.0  0.0 
0.0  8.58802   0.0
0.0  0.0  8.58802
8
carestian or direct (scaled), only the first letter matters
0.0  0.0  0.0 
4.29401  4.29401  0.0
4.29401  0.0  4.29401 
0.0  4.29401  4.29401
2.14701  2.14701  2.14701
6.44102 6.44102 2.14701
6.44102 2.14701  6.44102 
2.14701  6.44102 6.44102
-11.5854
DC-ROSE
1.000000
8.60442   0.0  0.0 
0.0  8.60442   0.0
0.0  0.0  8.60442
8
carestian or direct (scaled), only the first letter matters
0.0  0.0  0.0 
4.30221  4.30221  0.0
4.30221  0.0  4.30221 
0.0  4.30221  4.30221
2.1511  2.1511  2.1511
6.45331 6.45331 2.1511
6.45331 2.1511  6.45331 
2.1511  6.45331 6.45331
-11.4254
DC-ROSE
1.000000
8.62082   0.0  0.0 
0.0  8.62082   0.0
0.0  0.0  8.62082
8
carestian or direct (scaled), only the first letter matters
0.0  0.0  0.0 
4.31041  4.31041  0.0
4.31041  0.0  4.31041 
0.0  4.31041  4.31041
2.15521  2.15521  2.15521
6.46561 6.46561 2.15521
6.46561 2.15521  6.46561 
2.15521  6.46561 6.46561
-11.2679
DC-ROSE
1.000000
8.63721   0.0  0.0 
0.0  8.63721   0.0
0.0  0.0  8.63721
8
carestian or direct (scaled), only the first letter matters
0.0  0.0  0.0 
4.3186  4.3186  0.0
4.3186  0.0  4.3186 
0.0  4.3186  4.3186
2.1593  2.1593  2.1593
6.47791 6.47791 2.1593
6.47791 2.1593  6.47791 
2.1593  6.47791 6.47791
-11.1129
DC-ROSE
1.000000
8.65361   0.0  0.0 
0.0  8.65361   0.0
0.0  0.0  8.65361
8
carestian or direct (scaled), only the first letter matters
0.0  0.0  0.0 
4.32681  4.32681  0.0
4.32681  0.0  4.32681 
0.0  4.32681  4.32681
2.1634  2.1634  2.1634
6.49021 6.49021 2.1634
6.49021 2.1634  6.49021 
2.1634  6.49021 6.49021
-10.9603
DC-ROSE
1.000000
8.67001   0.0  0.0 
0.0  8.67001   0.0
0.0  0.0  8.67001
8
carestian or direct (scaled), only the first letter matters
0.0  0.0  0.0 
4.335  4.335  0.0
4.335  0.0  4.335 
0.0  4.335  4.335
2.1675  2.1675  2.1675
6.50251 6.50251 2.1675
6.50251 2.1675  6.50251 
2.1675  6.50251 6.50251
-10.8102
DC-ROSE
1.000000
8.6864   0.0  0.0 
0.0  8.6864   0.0
0.0  0.0  8.6864
8
carestian or direct (scaled), only the first letter matters
0.0  0.0  0.0 
4.3432  4.3432  0.0
4.3432  0.0  4.3432 
0.0  4.3432  4.3432
2.1716  2.1716  2.1716
6.5148 6.5148 2.1716
6.5148 2.1716  6.5148 
2.1716  6.5148 6.5148
-10.6627
DC-ROSE
1.000000
8.7028   0.0  0.0 
0.0  8.7028   0.0
0.0  0.0  8.7028
8
carestian or direct (scaled), only the first letter matters
0.0  0.0  0.0 
4.3514  4.3514  0.0
4.3514  0.0  4.3514 
0.0  4.3514  4.3514
2.1757  2.1757  2.1757
6.5271 6.5271 2.1757
6.5271 2.1757  6.5271 
2.1757  6.5271 6.5271
-10.5178
DC-ROSE
1.000000
8.7192   0.0  0.0 
0.0  8.7192   0.0
0.0  0.0  8.7192
8
carestian or direct (scaled), only the first letter matters
0.0  0.0  0.0 
4.3596  4.3596  0.0
4.3596  0.0  4.3596 
0.0  4.3596  4.3596
2.1798  2.1798  2.1798
6.5394 6.5394 2.1798
6.5394 2.1798  6.5394 
2.1798  6.5394 6.5394
-10.3756
