# All DFT energies per atom shifted by 0.795023
# Structure Cluster_id Vol_per_atom DFT_eng(eV/atom) Computed_eng(eV/atom)
Si_B1                1    1.04673226e+01   -6.45248500e-01   -2.61254320e-01 2
Si_B1                1    1.49544185e+01   -3.93368000e+00   -2.86413153e-01 2
Si_B1                1    1.55202952e+01   -4.10282200e+00   -2.89320543e-01 2
Si_B1                1    1.61002700e+01   -4.24382950e+00   -2.91843246e-01 2
Si_B1                1    1.66945163e+01   -4.35915300e+00   -2.93977977e-01 2
Si_B1                1    1.73032078e+01   -4.45108500e+00   -2.95720648e-01 2
Si_B1                1    1.79265177e+01   -4.52176500e+00   -2.97054146e-01 2
Si_B1                1    1.85646197e+01   -4.57318750e+00   -2.97936433e-01 2
Si_B1                1    1.92176872e+01   -4.60720750e+00   -2.98296003e-01 2
Si_B1                1    1.98858935e+01   -4.62554450e+00   -2.98058448e-01 2
Si_B1                1    2.05694123e+01   -4.62979250e+00   -2.97228627e-01 2
Si_B1                1    1.09141221e+01   -1.21164950e+00   -2.64154347e-01 2
Si_B1                1    2.12684170e+01   -4.62142950e+00   -2.96008755e-01 2
Si_B1                1    2.19830809e+01   -4.60182400e+00   -2.94844301e-01 2
Si_B1                1    2.27135777e+01   -4.57224300e+00   -2.94276605e-01 2
Si_B1                1    2.34600808e+01   -4.53386050e+00   -2.94658053e-01 2
Si_B1                1    2.42227635e+01   -4.48775900e+00   -2.95972556e-01 2
Si_B1                1    2.50017995e+01   -4.43493650e+00   -2.97904339e-01 2
Si_B1                1    2.57973622e+01   -4.37631350e+00   -3.00043156e-01 2
Si_B1                1    2.66096249e+01   -4.31272950e+00   -3.02054774e-01 2
Si_B1                1    2.74387613e+01   -4.24496600e+00   -3.03764044e-01 2
Si_B1                1    2.82849448e+01   -4.17372600e+00   -3.05181880e-01 2
Si_B1                1    1.13734585e+01   -1.71780200e+00   -2.66855299e-01 2
Si_B1                1    2.91483488e+01   -4.09961250e+00   -3.06482301e-01 2
Si_B1                1    3.00291468e+01   -4.02317950e+00   -3.07967751e-01 2
Si_B1                1    3.09275123e+01   -3.94491500e+00   -3.10001476e-01 2
Si_B1                1    3.18436187e+01   -3.86525450e+00   -3.12813569e-01 2
Si_B1                1    3.27776395e+01   -3.78457200e+00   -3.16168857e-01 2
Si_B1                1    3.37297482e+01   -3.70319650e+00   -3.19096060e-01 2
Si_B1                1    3.47001182e+01   -3.62141650e+00   -3.20231492e-01 2
Si_B1                1    3.56889230e+01   -3.53950900e+00   -3.19039191e-01 2
Si_B1                1    3.66963361e+01   -3.45764450e+00   -3.16545620e-01 2
Si_B1                1    3.77225309e+01   -3.37603150e+00   -3.14282468e-01 2
Si_B1                1    1.18455053e+01   -2.16852000e+00   -2.69096037e-01 2
Si_B1                1    3.87676810e+01   -3.29483050e+00   -3.13063170e-01 2
Si_B1                1    3.98319597e+01   -3.21417800e+00   -3.12962225e-01 2
Si_B1                1    4.09155405e+01   -3.13418650e+00   -3.13732038e-01 2
Si_B1                1    4.20185970e+01   -3.05494500e+00   -3.15065807e-01 2
Si_B1                1    4.31413025e+01   -2.97652700e+00   -3.16711356e-01 2
Si_B1                1    4.42838306e+01   -2.89900450e+00   -3.18512657e-01 2
Si_B1                1    4.54463547e+01   -2.82242900e+00   -3.20410979e-01 2
Si_B1                1    4.66290483e+01   -2.74684400e+00   -3.22391988e-01 2
Si_B1                1    4.78320848e+01   -2.67228050e+00   -3.24443767e-01 2
Si_B1                1    4.90556377e+01   -2.59876700e+00   -3.26554030e-01 2
Si_B1                1    1.23304359e+01   -2.56819500e+00   -2.71168730e-01 2
Si_B1                1    5.02998805e+01   -2.52630600e+00   -3.28710267e-01 2
Si_B1                1    5.02998805e+01   -2.52630600e+00   -3.28710267e-01 2
Si_B1                1    5.26899792e+01   -2.39339950e+00   -3.32834695e-01 2
Si_B1                1    1.28284239e+01   -2.92095850e+00   -2.73528030e-01 2
Si_B1                1    1.33396427e+01   -3.23054150e+00   -2.76420344e-01 2
Si_B1                1    1.51509956e+01   -3.99627800e+00   -2.87473900e-01 2
Si_B1                1    1.73295673e+01   -4.45452850e+00   -2.95786255e-01 2
Si_B1                1    1.59013134e+01   -4.19884750e+00   -2.91028318e-01 2
Si_B1                1    2.11157911e+01   -4.62423900e+00   -2.96286592e-01 2
Si_B1                1    1.73792648e+01   -4.46090650e+00   -2.95907741e-01 2
Si_B1                1    1.72930036e+01   -4.44974050e+00   -2.95695032e-01 2
Si_B1                1    2.31152209e+01   -4.55251100e+00   -2.94357120e-01 2
Si_B1                1    2.62157105e+01   -4.34396900e+00   -3.01115573e-01 2
Si_B1                1    2.30388246e+01   -4.55643600e+00   -2.94319056e-01 2
Si_B1                1    1.38642658e+01   -3.50042250e+00   -2.79739603e-01 2
Si_B1                1    2.56869809e+01   -4.38468650e+00   -2.99750537e-01 2
Si_B1                1    2.42689175e+01   -4.48477800e+00   -2.96074832e-01 2
Si_B1                1    1.74442393e+01   -4.46902200e+00   -2.96062219e-01 2
Si_B1                1    2.69865012e+01   -4.28223000e+00   -3.02877289e-01 2
Si_B1                1    2.33212856e+01   -4.54154600e+00   -2.94512060e-01 2
Si_B1                1    2.68235298e+01   -4.29548600e+00   -3.02531069e-01 2
Si_B1                1    2.07195706e+01   -4.62900150e+00   -2.96985484e-01 2
Si_B1                1    1.89904383e+01   -4.59731600e+00   -2.98236132e-01 2
Si_B1                1    1.77750008e+01   -4.50657050e+00   -2.96772025e-01 2
Si_B1                1    1.66679083e+01   -4.35455950e+00   -2.93891717e-01 2
Si_B1                1    1.44024665e+01   -3.73380950e+00   -2.83167459e-01 2
Si_B1                1    2.37615871e+01   -4.51638500e+00   -2.95082258e-01 2
Si_B7                2    1.47278762e+01   -3.84876525e+00   -2.89762241e-01 4
Si_B7                2    1.52782393e+01   -4.02607700e+00   -2.93743466e-01 4
Si_B7                2    1.58421452e+01   -4.17544775e+00   -2.97680937e-01 4
Si_B7                2    1.64197587e+01   -4.29920200e+00   -3.01586526e-01 4
Si_B7                2    1.70112444e+01   -4.39950175e+00   -3.05478316e-01 4
Si_B7                2    1.76167668e+01   -4.47840900e+00   -3.09318924e-01 4
Si_B7                2    1.82364907e+01   -4.53785575e+00   -3.12972181e-01 4
Si_B7                2    1.88705804e+01   -4.57964900e+00   -3.16150064e-01 4
Si_B7                2    1.95192008e+01   -4.60547225e+00   -3.18381762e-01 4
Si_B7                2    2.01825164e+01   -4.61689450e+00   -3.19088505e-01 4
Si_B7                2    2.08606918e+01   -4.61537475e+00   -3.17867532e-01 4
Si_B7                2    2.15538917e+01   -4.60226675e+00   -3.14924653e-01 4
Si_B7                2    2.22622806e+01   -4.57882650e+00   -3.11250362e-01 4
Si_B7                2    2.29860231e+01   -4.54621825e+00   -3.08159684e-01 4
Si_B7                2    2.37252839e+01   -4.50551850e+00   -3.06526960e-01 4
Si_B7                2    2.44802275e+01   -4.45772225e+00   -3.06446454e-01 4
Si_B7                2    2.52510186e+01   -4.40374875e+00   -3.07481216e-01 4
Si_B7                2    2.60378218e+01   -4.34444575e+00   -3.09087039e-01 4
Si_B7                2    2.68408018e+01   -4.28058825e+00   -3.10875971e-01 4
Si_L1                3    2.02035073e+01   -4.10506809e+00   -2.89230121e-01 64
Si_L1                3    2.16155466e+01   -4.07483419e+00   -2.93607823e-01 64
Si_L1                3    2.30918916e+01   -4.01231216e+00   -2.96997566e-01 64
Si_L1                3    2.46339741e+01   -3.92511513e+00   -2.99472341e-01 64
Si_L1                3    2.62432261e+01   -3.81953137e+00   -3.01692946e-01 64
Si_L1                3    1.51697679e+01   -3.68913606e+00   -2.71859700e-01 64
Si_L1                3    1.63389039e+01   -3.90006294e+00   -2.74672237e-01 64
Si_L1                3    1.75666178e+01   -4.02978825e+00   -2.79052118e-01 64
Si_L1                3    1.88543416e+01   -4.09374653e+00   -2.84192230e-01 64
