 1 0.500000 1 - Gi version, reference Gi and type of logistic fucntion.
 1 - number of chemical species in the system.
 'Si' 28.085500
 0 0.500000 5.000000 0.500000 1.000000
 12 1.5000 1.7727 2.0455 2.3182 2.5909 2.8636 3.1364 3.4091 3.6818 3.9545 4.2273 4.5000
 4 60 16 16 1
 -3.15743647e-01   0.0000
 -1.60171838e-02   0.0000
 -3.03658430e-01   0.0000
  4.04942351e-01   0.0000
  3.96532069e-01   0.0000
 -3.11487695e-01   0.0000
 -1.25598123e-01   0.0000
 -6.44240353e-02   0.0000
 -2.43412507e-01   0.0000
 -2.89086866e-01   0.0000
 -4.91073462e-01   0.0000
  4.17561843e-02   0.0000
  6.07031261e-02   0.0000
  2.27961831e-02   0.0000
 -4.33310822e-01   0.0000
  4.35829587e-02   0.0000
  3.22226255e-01   0.0000
 -2.67940803e-01   0.0000
  6.14652136e-03   0.0000
  2.64989765e-01   0.0000
 -1.85721592e-01   0.0000
  1.05741660e-01   0.0000
  2.39886816e-01   0.0000
 -4.77984554e-01   0.0000
 -2.63879872e-01   0.0000
 -3.32505701e-01   0.0000
  9.78770275e-02   0.0000
  4.07654940e-01   0.0000
 -1.56431801e-01   0.0000
  3.47234941e-01   0.0000
  3.75172690e-01   0.0000
 -2.31459653e-01   0.0000
 -4.01076116e-01   0.0000
  1.79106552e-01   0.0000
 -9.60632763e-02   0.0000
 -1.39123499e-02   0.0000
  4.90636110e-02   0.0000
 -2.82964476e-01   0.0000
  4.38973704e-01   0.0000
  3.50664635e-01   0.0000
  3.09990181e-01   0.0000
 -9.84104138e-02   0.0000
 -5.77804812e-02   0.0000
 -4.15186710e-01   0.0000
 -3.78704000e-01   0.0000
  4.57398575e-01   0.0000
  3.41673675e-01   0.0000
  8.61535396e-02   0.0000
  2.45427198e-01   0.0000
 -3.79337328e-01   0.0000
 -4.27200240e-01   0.0000
 -3.30757505e-01   0.0000
 -3.28433677e-01   0.0000
  2.60738367e-01   0.0000
 -4.48869357e-01   0.0000
  2.04590885e-01   0.0000
  2.28687167e-03   0.0000
  3.34043077e-01   0.0000
  4.00615113e-01   0.0000
 -2.31746876e-01   0.0000
 -3.66697562e-01   0.0000
  8.58349796e-02   0.0000
  3.87639648e-01   0.0000
  1.47642946e-01   0.0000
  8.91025591e-02   0.0000
 -2.03450240e-01   0.0000
  1.42455160e-01   0.0000
 -2.80054622e-01   0.0000
 -3.01688651e-01   0.0000
  1.25873190e-01   0.0000
  4.74685763e-01   0.0000
 -7.69134492e-02   0.0000
 -3.44683137e-01   0.0000
 -3.22876609e-01   0.0000
  3.40134759e-01   0.0000
 -3.27710352e-01   0.0000
 -2.42642830e-01   0.0000
 -1.55933300e-01   0.0000
  4.33348564e-01   0.0000
  4.65305987e-02   0.0000
 -1.11486127e-01   0.0000
 -1.82074346e-01   0.0000
 -3.47458791e-01   0.0000
 -4.15625383e-01   0.0000
 -3.53844610e-01   0.0000
  3.51033679e-01   0.0000
  2.46063330e-01   0.0000
 -2.78429059e-01   0.0000
 -1.39864345e-01   0.0000
  4.49275239e-02   0.0000
  4.34676611e-01   0.0000
 -4.74731350e-01   0.0000
 -1.89332538e-01   0.0000
 -1.18306103e-01   0.0000
  2.87214729e-01   0.0000
  3.02644976e-02   0.0000
 -3.38173712e-01   0.0000
  2.33886157e-01   0.0000
  3.57631251e-02   0.0000
  4.82796409e-01   0.0000
 -2.25118761e-01   0.0000
 -4.23248049e-01   0.0000
  2.66249119e-01   0.0000
  2.53341113e-01   0.0000
 -4.10959418e-01   0.0000
  3.05453848e-01   0.0000
 -4.49187823e-01   0.0000
 -1.52837259e-01   0.0000
  3.46624253e-01   0.0000
  1.89381431e-01   0.0000
  2.38557411e-01   0.0000
  3.56906571e-01   0.0000
  4.64435330e-01   0.0000
  7.31300720e-02   0.0000
 -9.00537533e-02   0.0000
 -3.57358953e-01   0.0000
 -2.02484359e-01   0.0000
  2.36062741e-01   0.0000
  3.55590804e-01   0.0000
  4.87253096e-01   0.0000
  2.48071827e-01   0.0000
  2.87390369e-01   0.0000
  4.23744105e-01   0.0000
  2.28471322e-01   0.0000
  6.38980760e-02   0.0000
 -3.39328691e-01   0.0000
  1.11412149e-01   0.0000
 -2.29551990e-01   0.0000
 -2.43945939e-01   0.0000
 -1.73126984e-01   0.0000
  3.68063694e-01   0.0000
  1.56709629e-01   0.0000
 -1.34206137e-01   0.0000
 -2.20263927e-01   0.0000
 -1.61531600e-01   0.0000
 -4.78195838e-01   0.0000
 -4.04564021e-01   0.0000
 -1.05669690e-01   0.0000
  1.29028726e-01   0.0000
 -9.34580431e-02   0.0000
 -3.57660187e-01   0.0000
 -8.10799484e-02   0.0000
 -3.92840573e-01   0.0000
  4.34377051e-01   0.0000
 -4.98797850e-01   0.0000
 -8.73396940e-02   0.0000
  1.80322137e-01   0.0000
 -3.59474991e-01   0.0000
  8.42111679e-02   0.0000
  4.30702645e-01   0.0000
 -4.91777436e-02   0.0000
 -3.15974013e-02   0.0000
 -5.03872318e-02   0.0000
  2.30334980e-01   0.0000
 -4.94605976e-01   0.0000
  2.90766749e-01   0.0000
 -3.94234414e-01   0.0000
 -1.12305635e-01   0.0000
 -3.41757402e-01   0.0000
 -5.00730359e-02   0.0000
 -2.67224100e-01   0.0000
  4.35450671e-01   0.0000
 -1.07442969e-01   0.0000
  1.89552263e-01   0.0000
 -2.97751987e-01   0.0000
  2.15202928e-01   0.0000
  3.72498502e-01   0.0000
  2.90780768e-01   0.0000
 -9.41917212e-02   0.0000
  1.97524339e-01   0.0000
 -3.64874619e-01   0.0000
  3.04604398e-01   0.0000
  4.89036619e-01   0.0000
  1.66178812e-01   0.0000
  3.23722627e-01   0.0000
 -6.01429359e-02   0.0000
 -9.23516783e-02   0.0000
 -4.52904106e-01   0.0000
 -2.26493896e-01   0.0000
  3.92757765e-01   0.0000
 -1.75590971e-01   0.0000
 -3.09726177e-01   0.0000
  1.82803797e-01   0.0000
  4.29073853e-01   0.0000
  4.42147553e-02   0.0000
 -2.04885867e-01   0.0000
 -2.34497877e-01   0.0000
 -4.45376993e-01   0.0000
 -3.75721901e-01   0.0000
  6.11497106e-02   0.0000
 -2.01204633e-01   0.0000
  2.34791028e-01   0.0000
 -4.83109944e-01   0.0000
  3.94383280e-02   0.0000
  1.35089156e-01   0.0000
 -1.42031653e-01   0.0000
  2.26425544e-01   0.0000
  2.52320776e-01   0.0000
 -1.11240756e-01   0.0000
  1.89283366e-02   0.0000
  3.74745563e-01   0.0000
  2.17654971e-01   0.0000
  4.79664081e-02   0.0000
 -1.09328816e-02   0.0000
 -1.75107899e-01   0.0000
 -2.56652477e-01   0.0000
 -3.65110763e-01   0.0000
 -3.45049293e-01   0.0000
 -4.71840905e-01   0.0000
 -4.55804828e-01   0.0000
 -1.19316534e-01   0.0000
 -1.65813705e-01   0.0000
 -2.05876659e-01   0.0000
 -9.08431009e-02   0.0000
 -4.52169433e-02   0.0000
  4.57573685e-01   0.0000
 -1.66945789e-01   0.0000
 -1.70858090e-01   0.0000
 -4.94991777e-01   0.0000
  4.79385568e-01   0.0000
 -3.41283080e-01   0.0000
 -2.84430308e-01   0.0000
  4.85902069e-01   0.0000
 -1.71021681e-01   0.0000
  1.23041994e-02   0.0000
 -3.07928139e-01   0.0000
 -4.76183925e-01   0.0000
  9.53392589e-03   0.0000
 -3.10649310e-01   0.0000
 -9.90519545e-02   0.0000
  4.29835229e-01   0.0000
  1.95105630e-01   0.0000
 -1.20873195e-01   0.0000
 -2.35786487e-02   0.0000
 -3.60694583e-03   0.0000
 -4.96789668e-01   0.0000
  1.42436842e-03   0.0000
 -1.10809178e-02   0.0000
 -7.35816869e-02   0.0000
 -4.29849657e-01   0.0000
  1.96642064e-01   0.0000
 -3.75890197e-01   0.0000
 -1.16504037e-01   0.0000
  3.17958041e-01   0.0000
 -3.83150818e-02   0.0000
  3.52415189e-01   0.0000
  1.55882187e-01   0.0000
  3.02394169e-03   0.0000
 -4.72437286e-01   0.0000
 -2.08988784e-01   0.0000
  4.05140391e-01   0.0000
 -7.15260338e-02   0.0000
 -1.90970613e-01   0.0000
  2.27164568e-01   0.0000
 -1.65984108e-01   0.0000
  5.16150853e-02   0.0000
  4.53340211e-02   0.0000
  4.28109524e-01   0.0000
 -2.86342552e-01   0.0000
 -3.07343933e-01   0.0000
  2.75916590e-01   0.0000
  8.74531553e-03   0.0000
 -4.48456151e-01   0.0000
 -1.74465615e-01   0.0000
 -1.68491075e-01   0.0000
 -8.35070503e-02   0.0000
  9.25045631e-02   0.0000
 -1.66063357e-01   0.0000
 -2.56004969e-01   0.0000
  1.57889458e-02   0.0000
 -4.17118267e-01   0.0000
 -1.75475575e-01   0.0000
  1.27908808e-01   0.0000
  2.71955179e-01   0.0000
  1.81544791e-01   0.0000
  3.69468973e-01   0.0000
  1.82633785e-01   0.0000
  4.25798026e-01   0.0000
  2.02912155e-01   0.0000
 -3.52656317e-01   0.0000
 -3.50683205e-02   0.0000
  1.36882912e-01   0.0000
 -3.51573608e-01   0.0000
  3.09291855e-02   0.0000
 -1.38997925e-01   0.0000
  4.05179938e-01   0.0000
 -1.44110162e-01   0.0000
  1.05637310e-01   0.0000
  4.23843044e-01   0.0000
 -2.71611574e-01   0.0000
  4.94648037e-01   0.0000
  3.06937965e-01   0.0000
  3.53515504e-01   0.0000
 -4.13015786e-01   0.0000
  2.98790437e-01   0.0000
 -1.14754793e-01   0.0000
 -2.91092130e-01   0.0000
 -4.38994786e-01   0.0000
  2.48958272e-01   0.0000
 -4.02625136e-01   0.0000
 -1.76307158e-01   0.0000
 -4.30362128e-01   0.0000
 -1.71230551e-01   0.0000
 -2.47093145e-01   0.0000
 -2.00376375e-01   0.0000
  2.54262482e-02   0.0000
  4.03105411e-01   0.0000
 -3.79345508e-01   0.0000
  1.52914442e-01   0.0000
  8.75630365e-02   0.0000
 -2.92944225e-01   0.0000
  1.73879273e-01   0.0000
  2.24541079e-01   0.0000
 -4.72933962e-01   0.0000
 -1.72238951e-01   0.0000
 -1.11364046e-01   0.0000
 -1.57325371e-01   0.0000
  4.08614884e-01   0.0000
 -4.26912713e-01   0.0000
 -3.88102889e-02   0.0000
  5.37416452e-02   0.0000
  1.18844282e-01   0.0000
 -3.24906209e-01   0.0000
  2.71451605e-02   0.0000
 -2.62755968e-01   0.0000
  2.75636400e-01   0.0000
 -2.53013405e-01   0.0000
 -9.23662427e-02   0.0000
 -1.74621701e-01   0.0000
  1.58015960e-01   0.0000
 -3.34072655e-01   0.0000
  3.19874096e-01   0.0000
  1.86288681e-01   0.0000
 -4.15876977e-01   0.0000
 -2.11127908e-02   0.0000
  3.83838501e-01   0.0000
  8.57342468e-02   0.0000
  2.05800266e-01   0.0000
  4.05845665e-01   0.0000
  2.55495500e-01   0.0000
 -3.25929828e-01   0.0000
 -1.33967572e-01   0.0000
  3.62968133e-01   0.0000
 -3.80338279e-01   0.0000
  4.46944221e-01   0.0000
  1.43153602e-01   0.0000
  3.09845892e-01   0.0000
 -2.84567125e-01   0.0000
  1.43962206e-01   0.0000
  1.79752987e-01   0.0000
  3.12431940e-02   0.0000
  1.09235156e-01   0.0000
  1.71149020e-01   0.0000
  1.51940296e-01   0.0000
 -4.53364915e-01   0.0000
  1.02057440e-01   0.0000
  9.10080389e-02   0.0000
 -4.27327239e-01   0.0000
  4.95416049e-01   0.0000
  2.66258603e-02   0.0000
  1.77804785e-01   0.0000
  1.54546864e-01   0.0000
  2.71961271e-01   0.0000
  3.99968158e-01   0.0000
 -3.13410989e-01   0.0000
  3.29803862e-01   0.0000
 -3.62641347e-01   0.0000
  3.12714390e-01   0.0000
  2.78034568e-01   0.0000
  4.66918527e-01   0.0000
 -2.02158447e-01   0.0000
  1.63608269e-01   0.0000
 -4.41549917e-01   0.0000
 -4.41684427e-01   0.0000
  3.90339620e-01   0.0000
  3.19330071e-01   0.0000
 -2.26582598e-02   0.0000
  4.21557250e-01   0.0000
  3.73830165e-01   0.0000
 -1.93002956e-01   0.0000
  2.51552785e-01   0.0000
 -2.57665971e-01   0.0000
  1.07731221e-01   0.0000
  8.33246714e-02   0.0000
  2.82061045e-01   0.0000
  4.86659859e-01   0.0000
  1.87503660e-01   0.0000
 -3.01822878e-01   0.0000
  6.94168396e-02   0.0000
  4.58877833e-02   0.0000
 -6.30043215e-02   0.0000
  2.74635652e-01   0.0000
  1.95735616e-01   0.0000
  9.98792009e-02   0.0000
  2.58570307e-01   0.0000
 -1.61206608e-01   0.0000
 -4.56073976e-01   0.0000
 -8.80601388e-02   0.0000
  4.72352788e-01   0.0000
  4.59688147e-01   0.0000
  4.68150621e-02   0.0000
 -4.11115353e-01   0.0000
 -1.14371760e-01   0.0000
 -1.15566379e-01   0.0000
 -1.98064314e-01   0.0000
  2.72380984e-01   0.0000
  3.30524369e-01   0.0000
  3.13424312e-02   0.0000
  3.94641476e-01   0.0000
  4.20619873e-01   0.0000
  1.03456448e-01   0.0000
 -2.04899099e-01   0.0000
 -4.41371789e-01   0.0000
  5.58238486e-02   0.0000
  1.77196428e-01   0.0000
  1.31483781e-01   0.0000
 -1.77175799e-01   0.0000
  5.60970706e-04   0.0000
 -2.27902357e-01   0.0000
  3.27856800e-01   0.0000
 -2.20818072e-02   0.0000
  1.96872008e-01   0.0000
 -4.11019874e-01   0.0000
 -1.35629574e-01   0.0000
 -3.82126411e-01   0.0000
  4.55419828e-01   0.0000
  3.79242477e-01   0.0000
 -2.31281618e-01   0.0000
 -1.47273960e-01   0.0000
 -2.56987711e-01   0.0000
  3.01387026e-01   0.0000
  9.51513851e-02   0.0000
  2.49342085e-01   0.0000
 -3.38171027e-01   0.0000
 -6.62746836e-02   0.0000
  2.07685947e-01   0.0000
  2.53809975e-01   0.0000
  3.67223676e-01   0.0000
 -2.80292100e-01   0.0000
  3.28219934e-01   0.0000
 -4.66842026e-01   0.0000
  1.58441305e-01   0.0000
  1.11078997e-01   0.0000
  1.58442226e-01   0.0000
 -1.20114474e-01   0.0000
 -2.43733016e-01   0.0000
 -2.16502595e-01   0.0000
 -4.19118968e-01   0.0000
 -3.75874511e-02   0.0000
 -2.32233105e-01   0.0000
  3.20146213e-01   0.0000
  3.83460399e-01   0.0000
 -4.73732524e-01   0.0000
  4.52079331e-01   0.0000
  4.73471395e-01   0.0000
  1.94112388e-01   0.0000
 -3.19383290e-01   0.0000
  2.99162420e-01   0.0000
 -5.71448883e-02   0.0000
 -4.45045127e-01   0.0000
  3.43509388e-01   0.0000
  3.42348580e-01   0.0000
  3.11428771e-02   0.0000
 -1.58975981e-01   0.0000
  3.05664404e-01   0.0000
  2.84679185e-01   0.0000
  2.38157992e-01   0.0000
 -2.31638472e-01   0.0000
  3.18905775e-01   0.0000
 -5.21601583e-02   0.0000
 -3.00519377e-01   0.0000
  9.15994359e-02   0.0000
 -4.78395074e-02   0.0000
  3.06049352e-02   0.0000
  2.09084285e-01   0.0000
  3.40353286e-01   0.0000
 -1.80300799e-01   0.0000
 -1.63013607e-01   0.0000
  6.55212752e-02   0.0000
  2.47080514e-01   0.0000
  2.97300215e-01   0.0000
 -2.12340539e-01   0.0000
  2.83102882e-01   0.0000
 -3.59716006e-01   0.0000
 -6.20199545e-02   0.0000
  4.49117182e-02   0.0000
 -4.47812961e-01   0.0000
  1.60219224e-01   0.0000
  3.24080909e-01   0.0000
 -1.89781451e-01   0.0000
  4.58773940e-01   0.0000
 -3.39429300e-01   0.0000
 -1.93248551e-01   0.0000
 -3.60498864e-01   0.0000
 -4.02557540e-01   0.0000
  3.40504778e-01   0.0000
 -1.95368180e-01   0.0000
 -4.47265448e-01   0.0000
  2.25214195e-01   0.0000
 -2.45865581e-01   0.0000
  2.03074494e-01   0.0000
  4.32657775e-01   0.0000
 -2.52489341e-01   0.0000
  4.50732230e-02   0.0000
 -4.36486057e-01   0.0000
  1.96664427e-01   0.0000
 -4.34589332e-01   0.0000
  3.61827308e-01   0.0000
 -1.01670757e-01   0.0000
  1.23713369e-01   0.0000
  3.04096295e-01   0.0000
  9.96280170e-03   0.0000
  4.67190060e-01   0.0000
  2.19668835e-01   0.0000
  1.18575501e-01   0.0000
 -2.93076005e-01   0.0000
 -3.88565957e-01   0.0000
 -1.76281001e-01   0.0000
 -4.39735006e-01   0.0000
 -4.41101541e-01   0.0000
  4.86025736e-01   0.0000
 -4.03688660e-01   0.0000
 -1.86023121e-01   0.0000
 -1.80668952e-01   0.0000
 -1.94471994e-02   0.0000
  3.08570734e-01   0.0000
  9.72868857e-02   0.0000
 -9.38422032e-02   0.0000
 -4.70822741e-03   0.0000
 -2.91977539e-01   0.0000
 -3.43975150e-01   0.0000
  4.70949662e-01   0.0000
 -4.56538176e-01   0.0000
 -4.32077799e-01   0.0000
  2.66266928e-01   0.0000
 -7.22235123e-02   0.0000
 -1.67662215e-01   0.0000
  2.59568123e-01   0.0000
  1.50579977e-01   0.0000
 -2.91934668e-01   0.0000
 -3.37923727e-01   0.0000
 -9.51661569e-02   0.0000
  2.60700044e-01   0.0000
  3.13279954e-01   0.0000
  4.42235049e-01   0.0000
 -4.31710506e-01   0.0000
  1.25636718e-01   0.0000
  2.82886873e-01   0.0000
  1.40018233e-01   0.0000
  1.12378773e-01   0.0000
 -1.43707167e-01   0.0000
 -4.75467409e-01   0.0000
  6.78079324e-02   0.0000
  6.83540326e-02   0.0000
 -2.36062721e-01   0.0000
 -6.30300949e-02   0.0000
 -1.04209302e-01   0.0000
 -4.05628649e-01   0.0000
  1.92100794e-01   0.0000
  4.82161923e-01   0.0000
 -8.91237415e-02   0.0000
  3.96674333e-01   0.0000
  1.22752239e-01   0.0000
  3.04723883e-01   0.0000
  3.96592442e-01   0.0000
  1.10061550e-01   0.0000
  4.39500856e-01   0.0000
  3.92809275e-01   0.0000
  4.95950241e-01   0.0000
 -4.95342662e-01   0.0000
  4.72657702e-01   0.0000
 -3.06100869e-01   0.0000
  2.30488717e-01   0.0000
  7.08550347e-02   0.0000
  3.01456480e-01   0.0000
  1.22405190e-01   0.0000
  2.34226777e-01   0.0000
  2.45311089e-01   0.0000
 -4.70426921e-02   0.0000
  4.92579981e-01   0.0000
  2.95402671e-01   0.0000
 -2.84409262e-01   0.0000
 -7.43332104e-02   0.0000
  2.66892451e-01   0.0000
 -1.13788514e-01   0.0000
 -1.82844717e-01   0.0000
 -2.63587852e-01   0.0000
  2.00139679e-01   0.0000
 -3.18171778e-01   0.0000
  8.26973498e-02   0.0000
  1.72872708e-01   0.0000
  8.95564529e-02   0.0000
 -3.22573175e-01   0.0000
  1.11226314e-01   0.0000
  4.81122641e-01   0.0000
  1.32728928e-01   0.0000
 -2.88226069e-02   0.0000
 -2.55163151e-01   0.0000
 -4.17482107e-01   0.0000
  5.36471042e-02   0.0000
 -3.91622335e-02   0.0000
 -4.05098372e-01   0.0000
  2.98351427e-01   0.0000
  5.81801555e-02   0.0000
 -9.52568773e-02   0.0000
 -4.36201445e-01   0.0000
 -2.32447286e-01   0.0000
 -1.76569169e-01   0.0000
 -4.30847869e-02   0.0000
 -2.24118275e-01   0.0000
  2.91161838e-01   0.0000
 -2.60666728e-01   0.0000
  4.23543042e-01   0.0000
  3.81193601e-01   0.0000
 -1.19724751e-01   0.0000
 -2.95136226e-01   0.0000
 -1.34070862e-01   0.0000
 -2.57158284e-01   0.0000
  2.40726672e-01   0.0000
  2.14189839e-01   0.0000
  4.30949600e-01   0.0000
  4.10064197e-01   0.0000
  1.40335488e-01   0.0000
  4.42111212e-01   0.0000
 -3.06972337e-01   0.0000
  4.33548471e-01   0.0000
 -1.49529177e-02   0.0000
 -3.47739141e-01   0.0000
 -2.22259432e-01   0.0000
 -1.79884092e-01   0.0000
 -4.76682303e-01   0.0000
  3.74453844e-01   0.0000
 -3.51123930e-01   0.0000
 -4.87649066e-01   0.0000
 -1.62581776e-02   0.0000
  2.06087186e-01   0.0000
  3.82491727e-01   0.0000
 -5.20937662e-03   0.0000
  3.10218077e-01   0.0000
 -2.92651163e-01   0.0000
 -2.41060940e-01   0.0000
 -1.23597931e-01   0.0000
  8.45626162e-03   0.0000
 -1.22769585e-01   0.0000
  8.88532412e-02   0.0000
  3.97307638e-01   0.0000
  4.57425113e-02   0.0000
  4.87527440e-02   0.0000
  2.61894778e-01   0.0000
  6.71192142e-02   0.0000
  8.97658528e-02   0.0000
 -2.89062068e-01   0.0000
 -2.15048748e-02   0.0000
  2.81601522e-01   0.0000
 -4.46909898e-01   0.0000
 -3.96730301e-01   0.0000
  4.99756552e-03   0.0000
  3.38299359e-01   0.0000
 -2.44507691e-01   0.0000
  3.75916147e-01   0.0000
  3.10529576e-01   0.0000
  1.38747311e-02   0.0000
 -1.49088349e-01   0.0000
 -5.42243294e-02   0.0000
  1.03986967e-02   0.0000
  2.73447824e-01   0.0000
 -2.93307302e-01   0.0000
  3.86951419e-03   0.0000
 -3.67949064e-01   0.0000
  3.13088093e-01   0.0000
  3.12778682e-01   0.0000
  1.35061526e-01   0.0000
 -4.70188488e-01   0.0000
 -2.07799414e-01   0.0000
  3.22888242e-01   0.0000
 -2.10248749e-01   0.0000
 -8.13844833e-02   0.0000
 -3.45128344e-01   0.0000
 -4.67709391e-01   0.0000
  2.99185286e-01   0.0000
  2.17667461e-01   0.0000
  6.44370516e-02   0.0000
 -7.36112984e-02   0.0000
  4.49279267e-02   0.0000
 -4.22427049e-01   0.0000
 -3.61807825e-01   0.0000
 -4.40696344e-01   0.0000
 -1.24507870e-01   0.0000
 -3.73460844e-01   0.0000
  1.76962706e-02   0.0000
 -3.69625412e-01   0.0000
  2.34529071e-02   0.0000
 -2.26844384e-01   0.0000
 -1.01429215e-01   0.0000
  1.12316922e-01   0.0000
 -2.79866366e-01   0.0000
  3.09984876e-01   0.0000
 -2.41073956e-01   0.0000
 -1.90677216e-01   0.0000
 -3.06526433e-01   0.0000
  2.39091289e-01   0.0000
 -4.59093630e-02   0.0000
 -4.85439036e-02   0.0000
 -3.97762962e-01   0.0000
 -2.22672912e-01   0.0000
 -9.28050541e-02   0.0000
  2.72847958e-01   0.0000
  3.04486513e-02   0.0000
 -2.66978677e-01   0.0000
  2.20825921e-01   0.0000
 -1.44896948e-01   0.0000
  1.81990214e-01   0.0000
  4.82903375e-01   0.0000
 -2.19843043e-01   0.0000
  2.89047217e-01   0.0000
 -2.05148853e-01   0.0000
  1.64235943e-01   0.0000
 -1.13996030e-01   0.0000
  2.82755181e-02   0.0000
 -4.32432637e-01   0.0000
 -2.48082504e-01   0.0000
 -3.40938229e-01   0.0000
 -3.47249438e-01   0.0000
  1.76988470e-01   0.0000
 -4.37779037e-01   0.0000
  3.27321396e-01   0.0000
 -2.18438426e-01   0.0000
 -3.69009609e-01   0.0000
  2.62380411e-01   0.0000
  2.73399972e-01   0.0000
 -3.20216329e-01   0.0000
  1.78904239e-01   0.0000
  2.86503694e-01   0.0000
 -8.54270372e-02   0.0000
  9.53009813e-02   0.0000
 -4.14759820e-01   0.0000
  2.53742325e-01   0.0000
  6.95437576e-02   0.0000
  4.16267396e-01   0.0000
 -1.84431496e-01   0.0000
  3.36183636e-02   0.0000
 -2.19030586e-01   0.0000
  1.62982625e-01   0.0000
 -3.90136836e-01   0.0000
 -3.76789504e-01   0.0000
 -4.16153680e-01   0.0000
 -1.31001089e-01   0.0000
  2.08000707e-01   0.0000
 -6.66720761e-02   0.0000
 -4.92416920e-01   0.0000
 -2.52393537e-01   0.0000
  2.27321685e-01   0.0000
  5.46534380e-02   0.0000
  2.17284422e-01   0.0000
  1.00586049e-01   0.0000
  4.39296176e-01   0.0000
  4.46928764e-02   0.0000
  9.40696205e-02   0.0000
  1.69730832e-01   0.0000
  1.28995710e-01   0.0000
  2.71585662e-01   0.0000
  4.10621941e-01   0.0000
 -1.86888775e-01   0.0000
 -3.18601105e-01   0.0000
  1.96449118e-01   0.0000
 -1.94315679e-01   0.0000
 -4.18103939e-01   0.0000
 -2.81956204e-02   0.0000
 -2.39518530e-01   0.0000
  2.10588812e-02   0.0000
  3.46324860e-01   0.0000
  4.73805532e-01   0.0000
 -1.97041150e-01   0.0000
 -3.76468006e-01   0.0000
 -3.52884993e-01   0.0000
  1.36344949e-01   0.0000
  2.35820328e-01   0.0000
 -1.01860009e-01   0.0000
 -2.99318584e-01   0.0000
 -4.29248075e-01   0.0000
  1.26739866e-01   0.0000
  4.88894771e-01   0.0000
  3.56959832e-01   0.0000
  2.47462713e-02   0.0000
  2.81234731e-02   0.0000
 -1.55906469e-01   0.0000
 -7.80523476e-02   0.0000
  1.70547239e-01   0.0000
 -1.66120365e-01   0.0000
  1.48680581e-01   0.0000
 -7.80381045e-02   0.0000
 -4.52681162e-01   0.0000
 -3.50082056e-01   0.0000
  3.05723043e-02   0.0000
 -2.83931602e-01   0.0000
  1.88931637e-01   0.0000
  4.14841004e-01   0.0000
 -1.50153897e-01   0.0000
  6.23016187e-02   0.0000
 -3.38155907e-02   0.0000
 -2.40232492e-01   0.0000
 -1.30316723e-01   0.0000
  2.66689078e-01   0.0000
 -4.26624446e-01   0.0000
 -1.83970309e-01   0.0000
 -4.88368560e-01   0.0000
  4.49857420e-01   0.0000
 -4.01756659e-02   0.0000
 -2.96641695e-01   0.0000
  4.07697578e-01   0.0000
 -5.45546571e-02   0.0000
 -6.31597212e-02   0.0000
 -5.43331318e-02   0.0000
 -3.92945388e-01   0.0000
 -4.49460407e-01   0.0000
 -4.10370979e-01   0.0000
  2.29879439e-01   0.0000
  4.61836148e-01   0.0000
 -3.97902013e-01   0.0000
 -2.06702514e-01   0.0000
  7.44331334e-02   0.0000
  4.94314044e-01   0.0000
  4.77719610e-02   0.0000
 -3.73078263e-01   0.0000
  1.18659825e-02   0.0000
 -3.44333846e-01   0.0000
  3.99813610e-01   0.0000
 -1.58987916e-01   0.0000
  4.06069849e-01   0.0000
  3.25999075e-01   0.0000
 -2.73952808e-01   0.0000
 -5.14860746e-02   0.0000
  5.42789482e-02   0.0000
  4.70156724e-01   0.0000
 -4.96126534e-02   0.0000
 -1.49608946e-01   0.0000
  7.84183378e-02   0.0000
  1.81075453e-01   0.0000
  3.97934892e-01   0.0000
 -2.20030917e-02   0.0000
  1.47554719e-01   0.0000
 -1.79967261e-01   0.0000
 -4.32976573e-02   0.0000
 -4.22054072e-01   0.0000
  2.43188536e-01   0.0000
  1.01393457e-01   0.0000
  2.69806928e-01   0.0000
  6.86525477e-02   0.0000
  3.53614460e-01   0.0000
 -2.35091107e-01   0.0000
 -1.14802859e-01   0.0000
  3.24732572e-01   0.0000
  3.42321286e-04   0.0000
 -2.56398325e-01   0.0000
  3.96975420e-01   0.0000
 -4.89920692e-01   0.0000
 -4.33481492e-01   0.0000
  1.25979506e-01   0.0000
 -3.40874493e-01   0.0000
 -3.64493496e-01   0.0000
 -1.21373512e-01   0.0000
  2.97194333e-01   0.0000
 -5.29907238e-03   0.0000
  4.77376117e-01   0.0000
  1.80378626e-01   0.0000
  9.03937317e-02   0.0000
 -2.46366601e-01   0.0000
  6.56985483e-02   0.0000
  4.83134023e-01   0.0000
 -1.98605641e-01   0.0000
  1.98105028e-01   0.0000
  1.63240065e-01   0.0000
 -3.31011606e-01   0.0000
 -6.68792578e-02   0.0000
 -3.92223435e-01   0.0000
 -3.79922165e-01   0.0000
  2.74972659e-01   0.0000
 -9.56679956e-02   0.0000
 -2.33495726e-01   0.0000
 -2.03550241e-01   0.0000
 -4.54519937e-01   0.0000
  2.04132646e-01   0.0000
  2.94392912e-01   0.0000
 -5.72557126e-02   0.0000
 -3.46668576e-02   0.0000
  3.42648664e-01   0.0000
  4.87401639e-02   0.0000
 -4.63647836e-01   0.0000
  1.39977016e-01   0.0000
  3.12428424e-02   0.0000
 -2.83331461e-01   0.0000
 -4.97671448e-01   0.0000
 -1.98653939e-01   0.0000
 -2.01170965e-01   0.0000
 -1.62293992e-01   0.0000
  1.94135110e-02   0.0000
  2.05247925e-01   0.0000
 -4.79026430e-01   0.0000
  4.55536927e-01   0.0000
 -6.67033039e-02   0.0000
  3.36501735e-01   0.0000
 -3.56922075e-01   0.0000
  3.35762681e-01   0.0000
 -1.76826728e-02   0.0000
  1.58763254e-01   0.0000
 -2.13332293e-01   0.0000
 -4.38089681e-01   0.0000
 -3.73124050e-01   0.0000
  3.61378196e-01   0.0000
  1.44524588e-02   0.0000
 -7.14700657e-02   0.0000
 -1.01103297e-01   0.0000
 -7.51352618e-03   0.0000
  3.61560627e-01   0.0000
  4.32081759e-01   0.0000
  1.88675463e-02   0.0000
 -1.37248592e-01   0.0000
 -2.01482229e-02   0.0000
 -2.79268854e-01   0.0000
 -2.00396186e-01   0.0000
 -1.37361825e-01   0.0000
 -2.93932726e-01   0.0000
  3.26427134e-01   0.0000
 -4.96115711e-01   0.0000
 -5.67586147e-02   0.0000
  3.98900887e-01   0.0000
 -7.18644345e-02   0.0000
 -6.50057921e-02   0.0000
 -1.51189603e-02   0.0000
 -1.17579357e-02   0.0000
  3.28221226e-01   0.0000
 -8.53338783e-02   0.0000
 -3.07911560e-02   0.0000
 -4.45890398e-01   0.0000
 -2.80018481e-01   0.0000
  1.23807691e-01   0.0000
  4.52380749e-01   0.0000
 -3.90715700e-01   0.0000
 -4.05413853e-02   0.0000
 -4.91985378e-01   0.0000
  4.91401536e-01   0.0000
 -3.98796107e-01   0.0000
  3.46446873e-01   0.0000
  3.89250464e-01   0.0000
 -7.25066987e-02   0.0000
  1.31400872e-01   0.0000
  3.23966246e-01   0.0000
 -2.74227809e-01   0.0000
  3.01793323e-01   0.0000
 -4.64909616e-01   0.0000
  3.89497116e-01   0.0000
  1.11149353e-01   0.0000
 -1.09066216e-01   0.0000
 -7.45460745e-02   0.0000
  3.03690373e-01   0.0000
  4.57952408e-01   0.0000
  7.74810164e-02   0.0000
 -2.60709094e-01   0.0000
  4.33684413e-01   0.0000
  1.63786790e-01   0.0000
 -1.00177170e-01   0.0000
 -1.47238636e-01   0.0000
 -3.08959183e-01   0.0000
 -3.73426027e-02   0.0000
  1.50324631e-01   0.0000
  2.22206981e-01   0.0000
 -3.99425544e-01   0.0000
 -3.99846205e-01   0.0000
  3.21621221e-02   0.0000
 -1.13666459e-01   0.0000
 -8.28497378e-02   0.0000
 -2.12383181e-01   0.0000
  2.95208025e-01   0.0000
 -2.06209819e-01   0.0000
  1.80866305e-01   0.0000
  4.09160994e-01   0.0000
 -5.50324278e-02   0.0000
  4.75451737e-01   0.0000
 -1.57254786e-02   0.0000
  3.46144357e-01   0.0000
 -4.61573010e-03   0.0000
  4.65027434e-01   0.0000
  1.91805366e-01   0.0000
 -2.97638524e-01   0.0000
 -2.96769720e-01   0.0000
  2.69489846e-01   0.0000
 -1.10239164e-01   0.0000
 -2.11620243e-01   0.0000
  1.04623280e-01   0.0000
  3.51603509e-01   0.0000
  2.29714067e-01   0.0000
  4.59340110e-02   0.0000
  1.87789002e-01   0.0000
  3.80852220e-01   0.0000
  3.76252848e-01   0.0000
  3.65182087e-01   0.0000
 -3.21275488e-01   0.0000
 -3.74714593e-01   0.0000
 -3.55289818e-01   0.0000
 -3.62034578e-01   0.0000
  2.08786715e-01   0.0000
 -4.76557625e-01   0.0000
 -4.74834870e-01   0.0000
 -1.05653999e-01   0.0000
 -2.82404588e-01   0.0000
  4.05253608e-01   0.0000
  6.64363870e-02   0.0000
  4.69762794e-01   0.0000
 -4.26607871e-01   0.0000
  4.15123856e-01   0.0000
 -1.26222529e-01   0.0000
 -1.64689196e-01   0.0000
  2.47316104e-01   0.0000
 -3.65937052e-01   0.0000
 -4.17491578e-01   0.0000
 -2.98161972e-01   0.0000
 -3.31881001e-01   0.0000
  3.05037560e-01   0.0000
  2.16658531e-01   0.0000
  3.47337777e-01   0.0000
 -4.45928685e-01   0.0000
 -4.62162363e-01   0.0000
  1.71104530e-01   0.0000
  1.41519575e-03   0.0000
  4.26213791e-01   0.0000
  4.97783931e-01   0.0000
 -4.66203049e-01   0.0000
 -4.59988318e-01   0.0000
  3.35065557e-01   0.0000
 -2.23728619e-01   0.0000
  1.68589525e-01   0.0000
 -1.12172617e-01   0.0000
 -2.11871188e-01   0.0000
  2.48208466e-01   0.0000
 -1.67042019e-01   0.0000
 -7.35174954e-02   0.0000
 -8.08194419e-02   0.0000
 -4.84093039e-01   0.0000
  4.03865777e-01   0.0000
 -3.99373156e-01   0.0000
  3.43338103e-02   0.0000
 -3.77010451e-01   0.0000
  2.67805470e-01   0.0000
 -5.44191435e-02   0.0000
  3.09943127e-01   0.0000
  2.38484300e-01   0.0000
  4.26837973e-01   0.0000
  3.20374958e-02   0.0000
  3.35584682e-01   0.0000
 -3.29280462e-01   0.0000
  4.29835826e-01   0.0000
 -1.08879396e-01   0.0000
  2.14852074e-01   0.0000
  1.68818991e-01   0.0000
  1.42510726e-01   0.0000
  2.90748056e-01   0.0000
  2.79452956e-01   0.0000
  2.01218785e-01   0.0000
 -2.41920378e-01   0.0000
 -3.60622061e-01   0.0000
 -1.92149364e-01   0.0000
 -3.49729180e-01   0.0000
 -1.06349766e-01   0.0000
  4.11347793e-01   0.0000
  2.26886250e-01   0.0000
  2.90709359e-01   0.0000
 -2.33366893e-01   0.0000
 -3.40984630e-01   0.0000
  4.13123528e-01   0.0000
 -4.36018581e-01   0.0000
 -3.42743794e-01   0.0000
 -1.77922629e-02   0.0000
 -2.44790948e-01   0.0000
 -4.78783300e-01   0.0000
  2.76098707e-01   0.0000
  2.65863892e-01   0.0000
 -2.63022497e-01   0.0000
  1.74847573e-02   0.0000
  4.02747727e-02   0.0000
 -2.41432096e-01   0.0000
  3.56041084e-01   0.0000
  1.87361653e-01   0.0000
 -3.39708367e-01   0.0000
 -4.51203445e-01   0.0000
 -3.25459713e-01   0.0000
 -4.90898985e-01   0.0000
 -4.37298480e-01   0.0000
 -1.69865522e-01   0.0000
 -1.70187294e-01   0.0000
  3.56366047e-01   0.0000
 -4.75214608e-01   0.0000
 -1.82903263e-01   0.0000
 -8.87791897e-02   0.0000
  3.45314029e-01   0.0000
 -1.72011809e-01   0.0000
  2.22145059e-01   0.0000
 -2.00581152e-01   0.0000
 -4.25318365e-01   0.0000
  8.39515364e-03   0.0000
 -3.72682769e-01   0.0000
  6.37023724e-02   0.0000
  4.61385517e-01   0.0000
 -4.39119798e-02   0.0000
 -4.15029471e-01   0.0000
 -2.78086690e-01   0.0000
  4.16510344e-01   0.0000
 -2.34437861e-01   0.0000
 -2.14250259e-01   0.0000
  3.62274651e-02   0.0000
 -4.80284818e-01   0.0000
 -3.98959190e-01   0.0000
 -1.57672759e-03   0.0000
  5.47279712e-02   0.0000
  9.12885000e-02   0.0000
 -4.89926629e-01   0.0000
 -1.84033558e-01   0.0000
 -4.91087756e-01   0.0000
  2.36638153e-01   0.0000
 -1.55790394e-01   0.0000
  3.85722293e-01   0.0000
  2.56549832e-01   0.0000
  1.27265513e-01   0.0000
 -1.16652575e-01   0.0000
 -7.87069588e-02   0.0000
  2.91780359e-02   0.0000
  4.54559163e-01   0.0000
 -3.31876310e-01   0.0000
  8.12391612e-02   0.0000
 -1.56241030e-01   0.0000
  4.40923809e-01   0.0000
 -2.00152930e-01   0.0000
  2.56220115e-01   0.0000
 -5.35234140e-02   0.0000
  3.04216845e-01   0.0000
  4.14469201e-01   0.0000
  4.83097493e-01   0.0000
  2.58201456e-01   0.0000
  7.93982025e-02   0.0000
  3.35488832e-01   0.0000
  4.19270264e-01   0.0000
  7.64743797e-02   0.0000
 -2.20448200e-01   0.0000
  1.00855174e-01   0.0000
 -1.45846368e-01   0.0000
  3.45712728e-03   0.0000
  1.19626609e-01   0.0000
 -2.72213340e-01   0.0000
  1.72460131e-01   0.0000
 -4.02743228e-01   0.0000
  1.50005257e-01   0.0000
 -2.09867538e-01   0.0000
 -1.67233262e-01   0.0000
 -4.27879657e-01   0.0000
  4.56586736e-01   0.0000
 -4.81120213e-01   0.0000
  3.82270307e-01   0.0000
  1.01783952e-02   0.0000
  2.07820095e-01   0.0000
  2.70553948e-01   0.0000
 -3.63620512e-01   0.0000
 -2.33468192e-01   0.0000
 -1.37225869e-01   0.0000
 -1.51691026e-01   0.0000
 -9.11781122e-02   0.0000
  1.04732828e-02   0.0000
 -3.40913214e-01   0.0000
 -4.26583826e-01   0.0000
 -1.93185973e-01   0.0000
 -2.09165465e-01   0.0000
 -4.21206159e-01   0.0000
  7.08793529e-02   0.0000
  1.66350048e-01   0.0000
 -2.92918326e-01   0.0000
 -4.35265740e-01   0.0000
 -7.81296316e-02   0.0000
 -4.65359346e-01   0.0000
  2.04870737e-01   0.0000
  4.39590233e-02   0.0000
  1.12141138e-01   0.0000
 -2.31258067e-01   0.0000
  4.13642955e-01   0.0000
  3.13263080e-02   0.0000
  4.11352652e-01   0.0000
  8.41451823e-05   0.0000
  1.68832122e-01   0.0000
 -3.41323622e-01   0.0000
 -3.17065058e-01   0.0000
 -1.81721934e-01   0.0000
 -7.05672024e-02   0.0000
  3.60170070e-01   0.0000
 -2.54829657e-01   0.0000
 -3.14600562e-01   0.0000
  9.38003252e-02   0.0000
  4.52202892e-01   0.0000
 -2.24173273e-01   0.0000
 -4.10933547e-01   0.0000
 -1.42529343e-01   0.0000
 -1.82934238e-01   0.0000
 -4.20641977e-01   0.0000
 -3.85157085e-01   0.0000
  1.39362176e-01   0.0000
  4.38951168e-01   0.0000
  7.53928274e-02   0.0000
 -2.38309866e-02   0.0000
 -1.99251706e-01   0.0000
  4.80192429e-01   0.0000
  4.28362358e-02   0.0000
  3.56839395e-01   0.0000
  5.43921180e-02   0.0000
 -3.81254561e-01   0.0000
 -8.32685791e-02   0.0000
  3.05198829e-01   0.0000
 -4.05098733e-01   0.0000
 -1.65739991e-01   0.0000
  2.64209833e-01   0.0000
 -4.95558018e-01   0.0000
 -4.43424615e-03   0.0000
  4.67924107e-02   0.0000
  2.97125536e-01   0.0000
  1.69697239e-02   0.0000
 -1.90796522e-01   0.0000
 -1.80767209e-01   0.0000
  3.49675746e-01   0.0000
  3.91085197e-02   0.0000
 -4.76310198e-01   0.0000
 -5.16318444e-02   0.0000
 -4.67290112e-01   0.0000
  6.36998857e-02   0.0000
  3.65834602e-01   0.0000
  1.22147456e-01   0.0000
  1.66180732e-01   0.0000
 -4.14121138e-01   0.0000
  4.88282607e-01   0.0000
 -2.53302666e-01   0.0000
  4.86319027e-01   0.0000
 -2.01988901e-01   0.0000
 -2.88484345e-01   0.0000
 -8.46407140e-02   0.0000
 -2.98540372e-01   0.0000
 -4.67518518e-01   0.0000
 -7.58365101e-02   0.0000
  4.17246039e-01   0.0000
  1.74034204e-01   0.0000
 -1.56540980e-01   0.0000
  4.70563539e-02   0.0000
 -4.34590189e-01   0.0000
  4.59116677e-01   0.0000
  1.39401058e-01   0.0000
  2.34826799e-01   0.0000
 -2.81495318e-01   0.0000
  4.53618077e-01   0.0000
 -3.29775479e-01   0.0000
 -1.00938797e-01   0.0000
 -4.51261969e-01   0.0000
  3.59280831e-01   0.0000
 -2.12425883e-01   0.0000
  1.77386574e-01   0.0000
  1.67996920e-01   0.0000
 -4.79560536e-01   0.0000
  2.00522120e-01   0.0000
 -1.44386050e-01   0.0000
  3.96611096e-01   0.0000
  2.02230106e-01   0.0000
 -3.50600327e-01   0.0000
 -3.80700636e-01   0.0000

