 5 0.000000 1
 1 
 Si 28.085500
 0 0.500000 4.500000 0.978124 1.000000 
 5 0 1 2 4 6
 8 2.25000 2.50000 2.75000 3.00000 3.25000 3.50000 3.75000 4.00000
 1 12.169200 6.172630 3.114710 0.755675 0.404939 0.036124 0.650018 0.572890
 3 40 32 1
 -1.67479903e-01   0.0000
  1.26181519e+00   0.0000
  2.40491390e+00   0.0000
 -9.05245125e-01   0.0000
 -4.30536121e-02   0.0000
  1.58148670e+00   0.0000
 -1.45834744e+00   0.0000
 -2.81996399e-01   0.0000
  8.81968379e-01   0.0000
 -2.55479544e-01   0.0000
  9.18173194e-01   0.0000
  7.08179832e-01   0.0000
 -1.37159121e+00   0.0000
 -9.68590438e-01   0.0000
 -1.35275590e+00   0.0000
 -1.94932663e+00   0.0000
 -1.51458609e+00   0.0000
 -6.59479976e-01   0.0000
  2.77322829e-01   0.0000
 -3.28449905e-01   0.0000
 -1.86217916e+00   0.0000
  2.52637506e+00   0.0000
 -1.61188173e+00   0.0000
  1.33622336e+00   0.0000
 -1.55057323e+00   0.0000
  1.05709994e+00   0.0000
 -4.85192627e-01   0.0000
 -1.43311620e+00   0.0000
  1.01680255e+00   0.0000
 -5.44226527e-01   0.0000
 -1.63880754e+00   0.0000
 -3.40740412e-01   0.0000
 -4.44471389e-01   0.0000
  1.00006533e+00   0.0000
 -6.20113984e-02   0.0000
 -1.67583987e-01   0.0000
 -9.67764795e-01   0.0000
  1.81379482e-01   0.0000
 -1.22961020e+00   0.0000
 -6.50109276e-02   0.0000
  1.46694505e+00   0.0000
 -1.96207866e-01   0.0000
  8.77835214e-01   0.0000
  1.14296305e+00   0.0000
  1.06216693e+00   0.0000
 -1.24147439e+00   0.0000
 -1.37717652e+00   0.0000
 -2.51646966e-01   0.0000
 -9.56572175e-01   0.0000
 -2.33946294e-01   0.0000
 -8.24075580e-01   0.0000
 -2.94623971e-01   0.0000
 -8.75034273e-01   0.0000
  2.61942387e-01   0.0000
 -7.80077100e-01   0.0000
  6.56652987e-01   0.0000
 -1.20504999e+00   0.0000
 -8.76437902e-01   0.0000
 -3.94944191e-01   0.0000
 -4.50260073e-01   0.0000
  7.07344353e-01   0.0000
 -9.01722491e-01   0.0000
 -8.39380443e-01   0.0000
 -8.02234650e-01   0.0000
 -5.25639713e-01   0.0000
 -1.19446985e-01   0.0000
 -1.54788092e-01   0.0000
 -7.99955726e-01   0.0000
 -2.79042929e-01   0.0000
  2.06938878e-01   0.0000
 -1.28547382e+00   0.0000
  1.88433230e-01   0.0000
  6.36685967e-01   0.0000
  3.35833013e-01   0.0000
  2.28961363e-01   0.0000
  4.29268330e-01   0.0000
  2.91105580e+00   0.0000
 -8.68903041e-01   0.0000
 -3.77522945e-01   0.0000
 -7.13781118e-01   0.0000
 -6.33619130e-01   0.0000
  7.04910398e-01   0.0000
  2.65339136e-01   0.0000
 -4.86538976e-01   0.0000
 -1.02662873e+00   0.0000
 -1.14056849e+00   0.0000
 -7.08440959e-01   0.0000
  7.89839864e-01   0.0000
 -1.70591998e+00   0.0000
 -1.08378696e+00   0.0000
 -6.66772842e-01   0.0000
 -6.83065116e-01   0.0000
  5.80036700e-01   0.0000
 -3.76777291e-01   0.0000
 -8.18075061e-01   0.0000
 -9.86349642e-01   0.0000
 -1.39501348e-01   0.0000
  6.18060790e-02   0.0000
  6.18710697e-01   0.0000
 -5.52480817e-01   0.0000
  4.10472989e-01   0.0000
  2.61274904e-01   0.0000
 -1.27466857e+00   0.0000
  4.94726628e-01   0.0000
  3.90054047e-01   0.0000
  4.53049451e-01   0.0000
  6.98177278e-01   0.0000
  8.99743080e-01   0.0000
  2.11418438e+00   0.0000
 -5.78935742e-01   0.0000
 -2.12823376e-01   0.0000
  9.61517319e-02   0.0000
  3.37635696e-01   0.0000
  2.12148845e-01   0.0000
 -5.98227799e-01   0.0000
 -7.25577593e-01   0.0000
 -1.40054882e+00   0.0000
 -7.70117223e-01   0.0000
 -3.09981257e-01   0.0000
  6.41134620e-01   0.0000
 -1.66294158e+00   0.0000
  4.62019891e-01   0.0000
 -3.38194132e-01   0.0000
  5.70948978e-05   0.0000
 -1.21916473e-01   0.0000
 -3.46394598e-01   0.0000
 -1.11330521e+00   0.0000
 -1.14134693e+00   0.0000
  1.06723201e+00   0.0000
 -3.64155143e-01   0.0000
  3.18543822e-01   0.0000
  3.09512079e-01   0.0000
 -1.02731906e-01   0.0000
 -3.63292783e-01   0.0000
 -1.27704227e+00   0.0000
  8.79109502e-02   0.0000
 -1.69810012e-01   0.0000
  8.17641616e-01   0.0000
  3.79228860e-01   0.0000
 -1.12021253e-01   0.0000
  4.08471197e-01   0.0000
 -3.91508222e-01   0.0000
  5.74290119e-02   0.0000
  2.74994701e-01   0.0000
  8.94653082e-01   0.0000
  8.10805023e-01   0.0000
  4.33640778e-02   0.0000
 -7.47730792e-01   0.0000
 -8.62673104e-01   0.0000
 -1.01612672e-01   0.0000
  5.27095437e-01   0.0000
 -1.69772550e-01   0.0000
 -1.29816675e+00   0.0000
  1.37598193e+00   0.0000
 -3.11567336e-01   0.0000
 -7.03418612e-01   0.0000
  1.59948722e-01   0.0000
 -2.76556015e-01   0.0000
 -9.80054140e-02   0.0000
 -9.04084682e-01   0.0000
  3.07899654e-01   0.0000
 -5.27553737e-01   0.0000
 -4.11210209e-01   0.0000
  1.90801942e-03   0.0000
 -9.66730341e-02   0.0000
 -8.47920597e-01   0.0000
 -1.19476187e+00   0.0000
  9.07648802e-02   0.0000
  4.13928211e-01   0.0000
 -2.39928976e-01   0.0000
  1.06751129e-01   0.0000
  3.96462500e-01   0.0000
 -4.74618375e-01   0.0000
  9.81582329e-02   0.0000
 -4.34877902e-01   0.0000
  6.71960056e-01   0.0000
  1.40883100e+00   0.0000
  9.78882313e-01   0.0000
  4.32980150e-01   0.0000
 -6.89786911e-01   0.0000
 -1.44504860e-01   0.0000
 -2.04523891e-01   0.0000
 -3.56010050e-01   0.0000
 -2.59252608e-01   0.0000
 -8.75522673e-01   0.0000
  1.17604828e+00   0.0000
  8.10781270e-02   0.0000
 -6.17738307e-01   0.0000
  3.80420744e-01   0.0000
  1.94268256e-01   0.0000
 -7.43725359e-01   0.0000
  5.37083685e-01   0.0000
  2.51973033e-01   0.0000
  8.42819177e-03   0.0000
 -1.15094379e-01   0.0000
 -4.11146790e-01   0.0000
 -5.88404715e-01   0.0000
 -1.22529280e+00   0.0000
 -5.49067557e-01   0.0000
 -7.81830102e-02   0.0000
  3.01961541e-01   0.0000
 -1.44023985e-01   0.0000
  2.87686318e-01   0.0000
  4.77644950e-01   0.0000
 -6.56164169e-01   0.0000
  5.76150894e-01   0.0000
  2.34433070e-01   0.0000
  2.55800813e-01   0.0000
  3.80399287e-01   0.0000
  9.98370647e-01   0.0000
 -4.29922104e-01   0.0000
 -1.65877789e-01   0.0000
 -7.70071924e-01   0.0000
  9.11378324e-01   0.0000
 -1.13170311e-01   0.0000
  1.29052550e-01   0.0000
 -9.10405636e-01   0.0000
 -2.55987287e-01   0.0000
 -4.12303329e-01   0.0000
 -3.75343114e-01   0.0000
  3.78066421e-01   0.0000
  1.77828610e-01   0.0000
 -6.94245696e-01   0.0000
  3.36315185e-01   0.0000
 -1.11441016e+00   0.0000
 -5.91140807e-01   0.0000
 -1.42961890e-01   0.0000
 -4.04834598e-01   0.0000
  2.70494032e+00   0.0000
  1.46807945e+00   0.0000
 -3.27460408e-01   0.0000
 -4.04669762e-01   0.0000
 -2.44652167e-01   0.0000
  7.88112402e-01   0.0000
  1.15365481e+00   0.0000
 -4.14681137e-02   0.0000
 -7.85305619e-01   0.0000
 -7.66964927e-02   0.0000
 -2.70893931e-01   0.0000
  1.82213522e-02   0.0000
 -6.03204872e-03   0.0000
  1.29536116e+00   0.0000
 -5.24280906e-01   0.0000
  2.44979247e-01   0.0000
 -3.70412886e-01   0.0000
  4.48349178e-01   0.0000
 -5.22706270e-01   0.0000
  5.24054110e-01   0.0000
 -4.21534330e-01   0.0000
 -5.23397148e-01   0.0000
 -1.03641033e-01   0.0000
  1.65402934e-01   0.0000
  5.13917983e-01   0.0000
 -2.35735893e-01   0.0000
 -3.59592527e-01   0.0000
 -2.59321183e-01   0.0000
 -3.71324778e-01   0.0000
  6.24573052e-01   0.0000
 -1.34669095e-01   0.0000
 -1.30924612e-01   0.0000
  4.51959848e-01   0.0000
  2.40189731e-01   0.0000
 -5.34811676e-01   0.0000
 -8.15995455e-01   0.0000
 -2.12178707e-01   0.0000
 -1.45966244e+00   0.0000
  4.73942727e-01   0.0000
  3.90057296e-01   0.0000
 -8.28185678e-01   0.0000
 -2.44124070e-01   0.0000
  9.75734442e-02   0.0000
  2.01442099e+00   0.0000
  2.07554623e-01   0.0000
 -1.11797035e+00   0.0000
  1.31808370e-01   0.0000
 -3.69429998e-02   0.0000
 -6.07839704e-01   0.0000
  1.33579195e+00   0.0000
  4.27730918e-01   0.0000
 -5.71511328e-01   0.0000
 -1.39442885e+00   0.0000
 -8.64856243e-01   0.0000
  1.52671576e-01   0.0000
  1.29553840e-01   0.0000
 -3.09647858e-01   0.0000
  2.54996806e-01   0.0000
 -8.17596495e-01   0.0000
  8.37428689e-01   0.0000
  1.84670731e-01   0.0000
  8.59172285e-01   0.0000
  1.46495831e+00   0.0000
  3.45723152e-01   0.0000
  1.15465212e+00   0.0000
 -3.47744763e-01   0.0000
 -5.86633980e-01   0.0000
 -9.32079017e-01   0.0000
 -4.25518394e-01   0.0000
  5.44346690e-01   0.0000
 -1.57943085e-01   0.0000
 -1.92293510e-01   0.0000
 -3.77549022e-01   0.0000
 -6.07828379e-01   0.0000
 -4.11133736e-01   0.0000
  1.14790261e+00   0.0000
  6.74742281e-01   0.0000
 -9.66405988e-01   0.0000
  6.90839648e-01   0.0000
  6.31286860e-01   0.0000
 -6.09561861e-01   0.0000
 -1.88835755e-01   0.0000
  5.28337657e-01   0.0000
 -9.39134359e-01   0.0000
 -1.03085589e+00   0.0000
  6.13314986e-01   0.0000
 -2.88513511e-01   0.0000
 -2.98730016e-01   0.0000
 -3.62243593e-01   0.0000
  1.99710712e-01   0.0000
 -6.54810846e-01   0.0000
  4.75326538e-01   0.0000
 -3.27290356e-01   0.0000
  2.36629948e-01   0.0000
  1.24538994e+00   0.0000
  1.41827941e-01   0.0000
  6.20505154e-01   0.0000
 -4.48605791e-02   0.0000
 -9.40532506e-01   0.0000
 -4.55942541e-01   0.0000
 -3.99294615e-01   0.0000
  8.40269625e-01   0.0000
 -4.94933687e-02   0.0000
  5.45789301e-03   0.0000
 -1.41481268e+00   0.0000
 -5.96245468e-01   0.0000
  3.19111258e-01   0.0000
  1.09513588e-01   0.0000
  7.59031355e-01   0.0000
 -1.11340463e+00   0.0000
  3.91195089e-01   0.0000
  4.46503669e-01   0.0000
 -8.02506089e-01   0.0000
  2.40163669e-01   0.0000
  8.99019778e-01   0.0000
 -8.07633936e-01   0.0000
 -5.80679715e-01   0.0000
  8.74015331e-01   0.0000
 -3.01500440e-01   0.0000
  2.17484400e-01   0.0000
  3.44467605e-03   0.0000
  5.24004757e-01   0.0000
 -5.59170783e-01   0.0000
  3.61806750e-01   0.0000
  7.79039025e-01   0.0000
  4.53485280e-01   0.0000
  8.31310153e-01   0.0000
  2.89944082e-01   0.0000
 -4.47329044e-01   0.0000
 -6.90595508e-02   0.0000
 -4.78182226e-01   0.0000
 -1.23513885e-01   0.0000
 -4.91163611e-01   0.0000
 -1.95882276e-01   0.0000
 -3.96046221e-01   0.0000
  6.32686242e-02   0.0000
 -1.73312449e+00   0.0000
  3.83894056e-01   0.0000
  2.63150185e-01   0.0000
  2.30007932e-01   0.0000
  7.21879900e-01   0.0000
 -1.99337348e-01   0.0000
 -5.73026896e-01   0.0000
  1.43882139e-02   0.0000
 -2.79552579e-01   0.0000
 -5.66703975e-01   0.0000
  1.19298518e+00   0.0000
 -2.34447211e-01   0.0000
 -6.44346952e-01   0.0000
  1.07335460e+00   0.0000
  1.26157224e-01   0.0000
  4.84002054e-01   0.0000
 -4.13153172e-01   0.0000
  5.46541691e-01   0.0000
 -7.66483605e-01   0.0000
  3.93113136e-01   0.0000
  9.47951198e-01   0.0000
 -1.21255703e-01   0.0000
 -3.16125363e-01   0.0000
  6.47722363e-01   0.0000
 -5.82856655e-01   0.0000
  1.62187624e+00   0.0000
 -6.97985649e-01   0.0000
 -3.91684473e-01   0.0000
  1.57669052e-01   0.0000
 -5.60361505e-01   0.0000
 -6.68669522e-01   0.0000
 -2.74040490e-01   0.0000
 -8.89001429e-01   0.0000
  7.48044485e-03   0.0000
  9.06738937e-02   0.0000
 -2.69676223e-02   0.0000
  1.10873795e+00   0.0000
 -3.89043510e-01   0.0000
 -5.07309496e-01   0.0000
 -3.72327119e-02   0.0000
 -9.76485848e-01   0.0000
 -4.02595758e-01   0.0000
  1.19785321e+00   0.0000
 -9.12668288e-01   0.0000
 -1.45120919e+00   0.0000
 -4.83415090e-02   0.0000
  1.11364953e-01   0.0000
 -2.51945585e-01   0.0000
  1.33638516e-01   0.0000
 -2.43714735e-01   0.0000
 -1.21011652e-01   0.0000
 -2.28208229e-01   0.0000
  1.06929266e+00   0.0000
  6.37018979e-02   0.0000
 -8.98035288e-01   0.0000
  3.82905900e-01   0.0000
 -7.34179139e-01   0.0000
  2.27104092e+00   0.0000
 -4.86326903e-01   0.0000
  1.75249472e-01   0.0000
  3.40288281e-01   0.0000
 -3.86165708e-01   0.0000
  2.04702839e-01   0.0000
  4.35110271e-01   0.0000
 -1.22236156e+00   0.0000
 -2.06408277e-01   0.0000
  5.65304637e-01   0.0000
 -1.05900675e-01   0.0000
  4.62293595e-01   0.0000
 -6.03858948e-01   0.0000
  4.81489629e-01   0.0000
 -3.16881478e-01   0.0000
 -5.28697550e-01   0.0000
 -5.54843210e-02   0.0000
  5.10857463e-01   0.0000
 -5.56995690e-01   0.0000
 -1.15767884e+00   0.0000
 -7.49315560e-01   0.0000
  4.80626710e-02   0.0000
  3.42907637e-01   0.0000
 -3.32991868e-01   0.0000
 -2.50520438e-01   0.0000
  2.62035429e-02   0.0000
  4.86612529e-01   0.0000
  2.22819746e-01   0.0000
  5.06473720e-01   0.0000
 -1.26978505e+00   0.0000
 -4.61142719e-01   0.0000
  1.84006289e-01   0.0000
  1.37807405e+00   0.0000
 -1.39046431e-01   0.0000
  3.24688926e-02   0.0000
 -2.02147022e-01   0.0000
  5.47179401e-01   0.0000
 -5.25752723e-01   0.0000
 -2.36413568e-01   0.0000
 -1.08110714e+00   0.0000
  4.37039277e-03   0.0000
 -3.01667958e-01   0.0000
 -7.14168489e-01   0.0000
  7.08121836e-01   0.0000
 -8.63675028e-02   0.0000
  1.36806941e+00   0.0000
 -2.37277746e-01   0.0000
  4.85984311e-02   0.0000
  1.96685612e-01   0.0000
  6.26584947e-01   0.0000
 -6.42872870e-01   0.0000
 -3.65022048e-02   0.0000
 -8.74807537e-02   0.0000
 -2.13084385e-01   0.0000
  1.03087611e-01   0.0000
  3.50596726e-01   0.0000
  4.56963569e-01   0.0000
  3.44306268e-02   0.0000
  2.21270353e-01   0.0000
  8.38208020e-01   0.0000
 -4.01479989e-01   0.0000
 -9.29324389e-01   0.0000
 -1.07483342e-01   0.0000
  4.44306046e-01   0.0000
  1.34965336e+00   0.0000
 -5.19649982e-01   0.0000
  5.68265729e-02   0.0000
  2.53413588e-01   0.0000
  9.71492290e-01   0.0000
 -2.80959696e-01   0.0000
  2.68947005e-01   0.0000
 -2.80437768e-01   0.0000
  2.77287811e-01   0.0000
 -4.47869450e-01   0.0000
 -1.25814700e+00   0.0000
 -1.28719792e-01   0.0000
  4.27912503e-01   0.0000
  1.29749012e+00   0.0000
  3.14178526e-01   0.0000
  1.67835653e-01   0.0000
  1.71215490e-01   0.0000
 -2.25299686e-01   0.0000
 -5.12553573e-01   0.0000
 -2.43379876e-01   0.0000
 -3.30633610e-01   0.0000
 -5.45853656e-03   0.0000
 -4.89171185e-02   0.0000
 -2.35466212e-01   0.0000
  3.14926445e-01   0.0000
 -1.40420079e-01   0.0000
  6.09806240e-01   0.0000
  1.51094675e+00   0.0000
 -1.00066543e-01   0.0000
 -8.99286509e-01   0.0000
  2.77403742e-02   0.0000
  8.18458378e-01   0.0000
  1.22910035e+00   0.0000
 -4.13054556e-01   0.0000
 -2.91116238e-01   0.0000
  1.44818619e-01   0.0000
  6.35120496e-02   0.0000
  7.28012085e-01   0.0000
  2.96316624e-01   0.0000
 -2.75109386e+00   0.0000
 -6.11699402e-01   0.0000
 -5.56471981e-02   0.0000
  1.27061975e+00   0.0000
  7.84899414e-01   0.0000
 -3.65072399e-01   0.0000
 -9.70708072e-01   0.0000
  9.16701567e-04   0.0000
 -1.32644147e-01   0.0000
  6.23213112e-01   0.0000
 -3.68541270e-01   0.0000
  6.84796751e-01   0.0000
 -1.27238363e-01   0.0000
 -1.36693752e+00   0.0000
 -3.65119338e-01   0.0000
  3.56890075e-02   0.0000
 -2.01474085e-01   0.0000
 -2.07560837e-01   0.0000
 -3.16369116e-01   0.0000
  2.41770789e-01   0.0000
  9.90075052e-01   0.0000
  4.35521990e-01   0.0000
  1.10161170e-01   0.0000
  2.57351696e-01   0.0000
  1.26180768e+00   0.0000
  6.22262597e-01   0.0000
  4.59422231e-01   0.0000
 -1.46293283e+00   0.0000
  3.72814655e-01   0.0000
  2.23905832e-01   0.0000
 -1.46197543e-01   0.0000
 -1.88838020e-01   0.0000
 -1.50720179e-01   0.0000
 -2.54429460e-01   0.0000
 -1.45277917e-01   0.0000
 -7.10910559e-01   0.0000
 -2.78221369e-01   0.0000
  1.16425507e-01   0.0000
 -4.49199229e-01   0.0000
  6.08119667e-01   0.0000
 -1.90236345e-01   0.0000
  7.37133205e-01   0.0000
 -1.43655941e-01   0.0000
 -3.19933176e-01   0.0000
  3.81821334e-01   0.0000
  2.42055029e-01   0.0000
 -9.14223194e-02   0.0000
  1.22991495e-01   0.0000
 -8.92571956e-02   0.0000
  2.39806592e-01   0.0000
 -5.53059280e-01   0.0000
 -7.27773070e-01   0.0000
  9.11503434e-01   0.0000
  3.89063746e-01   0.0000
 -5.68149984e-01   0.0000
  1.81958139e-01   0.0000
  1.79285669e+00   0.0000
  3.60976607e-01   0.0000
 -1.17667131e-01   0.0000
 -1.04185164e+00   0.0000
 -3.52540106e-01   0.0000
  1.05175591e+00   0.0000
  4.03229475e-01   0.0000
 -4.37176913e-01   0.0000
  1.43467829e-01   0.0000
  1.02971211e-01   0.0000
  4.44094062e-01   0.0000
 -1.33953285e+00   0.0000
  5.21465123e-01   0.0000
 -2.69594282e-01   0.0000
 -8.70716274e-01   0.0000
  6.21231437e-01   0.0000
 -6.13695323e-01   0.0000
  1.27238140e-01   0.0000
  6.63969576e-01   0.0000
 -4.07433778e-01   0.0000
  1.78199396e-01   0.0000
 -5.05673923e-02   0.0000
 -8.84093270e-02   0.0000
  3.83433461e-01   0.0000
  2.33965263e-01   0.0000
  2.52696455e-01   0.0000
  1.50015756e-01   0.0000
  1.10383764e-01   0.0000
 -4.02839631e-01   0.0000
  8.61813277e-02   0.0000
  3.42446864e-02   0.0000
 -3.35028589e-01   0.0000
  1.65876806e+00   0.0000
  7.28330672e-01   0.0000
 -2.53032565e-01   0.0000
 -1.21169853e+00   0.0000
  2.98405975e-01   0.0000
  7.59259760e-01   0.0000
  1.88376293e-01   0.0000
  2.37708226e-01   0.0000
 -5.76787889e-01   0.0000
 -1.57975554e-01   0.0000
 -3.51461351e-01   0.0000
 -5.26157498e-01   0.0000
  5.18002808e-01   0.0000
  2.72021562e-01   0.0000
 -8.49377453e-01   0.0000
  4.96111810e-01   0.0000
 -4.57097031e-02   0.0000
 -5.86343288e-01   0.0000
  1.41391486e-01   0.0000
  6.17372468e-02   0.0000
 -5.74573517e-01   0.0000
 -1.76100835e-01   0.0000
  2.49766335e-01   0.0000
 -4.21340108e-01   0.0000
 -2.15487465e-01   0.0000
  3.48643899e-01   0.0000
 -2.77785301e-01   0.0000
  9.30349231e-02   0.0000
 -2.11568952e-01   0.0000
 -7.86000937e-02   0.0000
  1.27995718e+00   0.0000
 -4.94691968e-01   0.0000
  6.09255016e-01   0.0000
  1.39479244e+00   0.0000
 -3.27158153e-01   0.0000
  1.30852442e-02   0.0000
 -6.35551587e-02   0.0000
  1.93247229e-01   0.0000
 -4.12623852e-01   0.0000
  4.55295175e-01   0.0000
 -1.78372467e+00   0.0000
 -2.87366956e-02   0.0000
 -3.26377600e-01   0.0000
 -1.38419852e-01   0.0000
  6.93946600e-01   0.0000
 -1.01005852e-01   0.0000
 -1.23900676e+00   0.0000
 -5.18528938e-01   0.0000
  9.71313845e-03   0.0000
 -3.12020957e-01   0.0000
 -8.52081552e-02   0.0000
 -3.42466295e-01   0.0000
  8.86550248e-02   0.0000
 -9.32057381e-01   0.0000
 -1.40604615e-01   0.0000
 -2.06887141e-01   0.0000
  1.13438979e-01   0.0000
 -4.28899735e-01   0.0000
 -4.73884493e-02   0.0000
  2.96946049e-01   0.0000
 -5.16128242e-01   0.0000
  1.36853248e-01   0.0000
  1.63042128e+00   0.0000
  9.21968929e-03   0.0000
  8.16063762e-01   0.0000
  2.68315029e+00   0.0000
 -8.42847675e-02   0.0000
  6.68164432e-01   0.0000
 -2.41110191e-01   0.0000
  2.60377496e-01   0.0000
 -5.34048915e-01   0.0000
 -3.17761719e-01   0.0000
 -2.04786777e+00   0.0000
  4.48666483e-01   0.0000
 -2.38792524e-01   0.0000
 -6.23000681e-01   0.0000
  8.79773676e-01   0.0000
 -7.77743012e-03   0.0000
 -2.15479210e-01   0.0000
 -1.94712564e-01   0.0000
  2.36644775e-01   0.0000
  2.51492739e-01   0.0000
 -2.52498358e-01   0.0000
  3.42395008e-01   0.0000
  8.97256061e-02   0.0000
 -1.09137547e+00   0.0000
 -2.49741882e-01   0.0000
 -1.38711736e-01   0.0000
 -1.38062745e-01   0.0000
 -4.26745325e-01   0.0000
  1.35367423e-01   0.0000
  1.57047838e-01   0.0000
  3.42358559e-01   0.0000
 -3.11950058e-01   0.0000
  2.51522684e+00   0.0000
  3.41154665e-01   0.0000
  1.89097837e-01   0.0000
  2.42361379e+00   0.0000
  3.75894785e-01   0.0000
  1.69144794e-02   0.0000
 -3.74362133e-02   0.0000
 -3.63126248e-01   0.0000
 -4.20992523e-01   0.0000
  3.13872039e-01   0.0000
 -1.62455320e+00   0.0000
 -3.54928970e-01   0.0000
  6.58148527e-02   0.0000
 -6.92683935e-01   0.0000
  7.40768492e-01   0.0000
  4.63480562e-01   0.0000
  5.36911845e-01   0.0000
 -6.21592343e-01   0.0000
 -4.05133456e-01   0.0000
 -7.91973099e-02   0.0000
  3.13980877e-01   0.0000
  3.66661876e-01   0.0000
 -1.26970023e-01   0.0000
 -2.88642317e-01   0.0000
 -1.13066979e-01   0.0000
 -2.62761474e-01   0.0000
 -3.16107631e-01   0.0000
 -1.33044915e-02   0.0000
  1.30191922e-01   0.0000
  3.89320374e-01   0.0000
  2.57116556e-01   0.0000
  4.23253089e-01   0.0000
  1.79299772e+00   0.0000
 -5.60072780e-01   0.0000
 -1.20961569e-01   0.0000
  1.60301733e+00   0.0000
  2.47905433e-01   0.0000
  4.73508328e-01   0.0000
 -1.45337582e-02   0.0000
  8.79186913e-02   0.0000
 -1.10867202e-01   0.0000
 -9.27616954e-02   0.0000
 -1.33957469e+00   0.0000
  3.96757990e-01   0.0000
 -5.89435771e-02   0.0000
 -5.22439957e-01   0.0000
  5.07546484e-01   0.0000
  3.20226073e-01   0.0000
  1.29153848e+00   0.0000
  1.73350066e-01   0.0000
  7.24353194e-02   0.0000
 -8.48391280e-02   0.0000
 -2.04445824e-01   0.0000
  1.20269619e-01   0.0000
  3.49527180e-01   0.0000
  3.28529239e-01   0.0000
 -5.50405920e-01   0.0000
  5.29742874e-02   0.0000
  2.35346153e-01   0.0000
 -2.64578849e-01   0.0000
 -4.01047051e-01   0.0000
  8.73484671e-01   0.0000
  9.27332044e-01   0.0000
  7.80874312e-01   0.0000
 -2.04560709e+00   0.0000
 -6.07195735e-01   0.0000
  2.04903293e+00   0.0000
 -2.74330091e+00   0.0000
 -5.52079380e-01   0.0000
  5.17859221e-01   0.0000
  1.24698333e-01   0.0000
 -9.66954678e-02   0.0000
  8.19204152e-02   0.0000
  6.74620509e-01   0.0000
  1.57287455e+00   0.0000
  2.50248741e-02   0.0000
 -4.63880450e-01   0.0000
 -2.16568208e+00   0.0000
 -1.35556984e+00   0.0000
 -1.51113376e-01   0.0000
 -2.90150094e+00   0.0000
  3.62830237e-02   0.0000
 -4.13335055e-01   0.0000
  2.26380482e-01   0.0000
 -1.25058389e+00   0.0000
  9.98113453e-01   0.0000
 -4.34149235e-01   0.0000
 -6.38925970e-01   0.0000
 -4.71836537e-01   0.0000
 -7.30059668e-02   0.0000
  4.52435464e-01   0.0000
 -4.30318385e-01   0.0000
 -5.78897417e-01   0.0000
  2.24081174e-01   0.0000
  5.09490669e-01   0.0000
  6.00703418e-01   0.0000
  6.30113296e-03   0.0000
 -2.81102419e-01   0.0000
  7.56208241e-01   0.0000
  2.84167111e-01   0.0000
 -5.53120732e-01   0.0000
  1.32270396e-01   0.0000
  2.68203139e-01   0.0000
  4.15381998e-01   0.0000
  4.12209004e-01   0.0000
  6.23815088e-03   0.0000
  3.33634645e-01   0.0000
 -3.93074572e-01   0.0000
 -6.38403833e-01   0.0000
 -1.56620514e+00   0.0000
 -6.58395410e-01   0.0000
  5.10142624e-01   0.0000
  3.19453925e-01   0.0000
 -1.35488078e-01   0.0000
 -4.76687014e-01   0.0000
  1.53509021e+00   0.0000
 -5.20967305e-01   0.0000
  6.95134997e-01   0.0000
  4.88928616e-01   0.0000
 -1.16298079e-01   0.0000
  1.22200407e-01   0.0000
 -5.19099176e-01   0.0000
  4.93131518e-01   0.0000
 -3.27884376e-01   0.0000
  2.19432145e-01   0.0000
  1.46103346e+00   0.0000
 -1.35050595e-01   0.0000
  7.47900069e-01   0.0000
  3.03956842e+00   0.0000
  6.88571297e-03   0.0000
  1.12586153e+00   0.0000
 -9.93219670e-04   0.0000
 -2.50904053e-01   0.0000
  1.75836131e-01   0.0000
  5.84142029e-01   0.0000
  1.27605760e+00   0.0000
  1.13216186e+00   0.0000
  6.17971495e-02   0.0000
 -5.53687751e-01   0.0000
 -5.74815512e-01   0.0000
 -4.85441118e-01   0.0000
  1.01843692e-01   0.0000
  2.14997128e-01   0.0000
  5.92463970e-01   0.0000
  2.61450946e-01   0.0000
 -8.09498191e-01   0.0000
  2.69332498e-01   0.0000
  1.33235848e+00   0.0000
 -9.66413915e-01   0.0000
  6.09817982e-01   0.0000
  2.40920678e-01   0.0000
 -7.06419706e-01   0.0000
 -8.73383939e-01   0.0000
 -2.66417742e-01   0.0000
  6.90691233e-01   0.0000
 -4.02000487e-01   0.0000
 -3.60663772e-01   0.0000
  1.09492242e+00   0.0000
 -5.01163363e-01   0.0000
  1.79677993e-01   0.0000
  7.34703720e-01   0.0000
  3.02093863e-01   0.0000
  4.96964395e-01   0.0000
 -1.44320965e+00   0.0000
  4.45480257e-01   0.0000
 -7.26309419e-01   0.0000
  1.16104044e-01   0.0000
  2.92056680e-01   0.0000
  1.28188074e+00   0.0000
 -2.24864557e-02   0.0000
  2.68144548e-01   0.0000
 -4.46607590e-01   0.0000
 -1.95251629e-01   0.0000
  6.10509276e-01   0.0000
 -6.73332393e-01   0.0000
  3.58559430e-01   0.0000
 -1.04050003e-01   0.0000
 -1.50333822e-01   0.0000
 -1.88917339e-01   0.0000
  1.16799569e+00   0.0000
 -8.28579307e-01   0.0000
  4.83455285e-02   0.0000
 -2.03935459e-01   0.0000
  9.90965068e-01   0.0000
  5.35804369e-02   0.0000
  1.43557683e-01   0.0000
 -8.85509253e-02   0.0000
  2.98178226e-01   0.0000
  2.75103658e-01   0.0000
  1.23689145e-01   0.0000
 -8.37488472e-01   0.0000
  9.00449634e-01   0.0000
 -1.20777512e+00   0.0000
 -1.16859348e-02   0.0000
 -4.94288236e-01   0.0000
 -9.91823316e-01   0.0000
 -2.69486159e-01   0.0000
 -3.73903811e-02   0.0000
  5.81282854e-01   0.0000
 -1.36184782e-01   0.0000
  6.36751890e-01   0.0000
  3.36067945e-01   0.0000
  8.14901114e-01   0.0000
 -5.18548965e-01   0.0000
 -5.02985455e-02   0.0000
  2.60662436e-01   0.0000
 -1.36965859e+00   0.0000
  7.60130107e-01   0.0000
 -9.55735326e-01   0.0000
 -2.52081335e-01   0.0000
 -7.02853426e-02   0.0000
  2.01541588e-01   0.0000
 -1.47891253e-01   0.0000
  1.50151044e-01   0.0000
 -4.36661541e-01   0.0000
  4.62046415e-01   0.0000
  1.13872632e-01   0.0000
  3.22706103e-01   0.0000
  3.30634639e-02   0.0000
  5.27271926e-01   0.0000
 -1.30140930e-02   0.0000
 -5.62096775e-01   0.0000
 -6.76865935e-01   0.0000
  8.45132023e-02   0.0000
 -4.36701804e-01   0.0000
 -5.42259403e-02   0.0000
 -7.03726709e-01   0.0000
 -2.62092590e-01   0.0000
 -5.62023461e-01   0.0000
 -3.26294512e-01   0.0000
  4.30653155e-01   0.0000
  1.09068803e-01   0.0000
  5.03814697e-01   0.0000
  8.35855603e-02   0.0000
  8.32317352e-01   0.0000
 -5.06148040e-01   0.0000
 -5.61431170e-01   0.0000
  7.06541777e-01   0.0000
 -1.17448890e+00   0.0000
  2.95237869e-01   0.0000
 -1.96820945e-01   0.0000
  6.05560243e-01   0.0000
  4.92744185e-02   0.0000
 -5.08611910e-02   0.0000
  5.02043366e-01   0.0000
 -1.90442801e-01   0.0000
 -3.12307656e-01   0.0000
  2.62382835e-01   0.0000
  1.53927103e-01   0.0000
 -4.00155038e-01   0.0000
 -1.29380892e-03   0.0000
  7.89163828e-01   0.0000
 -4.40623254e-01   0.0000
 -4.99643236e-01   0.0000
  1.83736965e-01   0.0000
 -6.57823235e-02   0.0000
  4.84901756e-01   0.0000
 -1.94007933e-01   0.0000
 -1.80505529e-01   0.0000
  4.71916199e-01   0.0000
  2.26005390e-01   0.0000
  4.47265208e-01   0.0000
 -2.98517704e-01   0.0000
  1.02650630e+00   0.0000
 -2.00034201e-01   0.0000
 -3.97655010e-01   0.0000
  3.58967304e-01   0.0000
 -3.34932297e-01   0.0000
 -1.82135522e-01   0.0000
  1.17701031e-01   0.0000
 -7.48029113e-01   0.0000
  9.53873172e-02   0.0000
  4.72757041e-01   0.0000
  2.75122970e-01   0.0000
  3.95235389e-01   0.0000
 -4.77555603e-01   0.0000
  2.74454743e-01   0.0000
  5.58749884e-02   0.0000
  8.49834383e-02   0.0000
  1.99341312e-01   0.0000
 -6.50148168e-02   0.0000
  2.36863177e-02   0.0000
  2.91889489e-01   0.0000
  3.33599627e-01   0.0000
  5.95145971e-02   0.0000
  9.18731913e-02   0.0000
  6.82928801e-01   0.0000
  7.30294595e-03   0.0000
 -1.13431059e-01   0.0000
  5.29585004e-01   0.0000
  3.52516770e-01   0.0000
 -1.17661402e-01   0.0000
 -3.42841595e-01   0.0000
  4.35253531e-01   0.0000
  4.09379065e-01   0.0000
  9.83990788e-01   0.0000
 -5.15807748e-01   0.0000
  4.52589005e-01   0.0000
  2.40520939e-01   0.0000
 -2.09826142e-01   0.0000
  4.36512858e-01   0.0000
  3.10522228e-01   0.0000
 -6.97572887e-01   0.0000
 -3.43421042e-01   0.0000
  4.51012760e-01   0.0000
 -1.27336919e-01   0.0000
 -3.81256938e-02   0.0000
 -3.09717685e-01   0.0000
 -4.25411969e-01   0.0000
 -1.72486082e-01   0.0000
 -2.26363122e-01   0.0000
 -2.68355042e-01   0.0000
  4.47262943e-01   0.0000
 -2.32797831e-01   0.0000
 -1.54631436e-01   0.0000
  4.13137197e-01   0.0000
  1.24149375e-01   0.0000
  4.73969467e-02   0.0000
 -1.77413201e+00   0.0000
  3.71321410e-01   0.0000
 -1.84776533e+00   0.0000
  1.54158935e-01   0.0000
  1.10435045e+00   0.0000
 -1.45160484e+00   0.0000
 -7.12487042e-01   0.0000
  1.11886907e+00   0.0000
  5.56551814e-01   0.0000
 -6.01177752e-01   0.0000
  1.21330880e-01   0.0000
  8.97355899e-02   0.0000
  1.41593683e+00   0.0000
 -1.16157651e+00   0.0000
 -2.73599118e-01   0.0000
  5.28658676e+00   0.0000
  1.46222100e-01   0.0000
 -9.64398563e-01   0.0000
  1.95191252e+00   0.0000
  4.65938210e-01   0.0000
 -6.26826227e-01   0.0000
 -4.93004620e-01   0.0000
 -2.74034798e-01   0.0000
  6.41212881e-01   0.0000
 -8.40421379e-01   0.0000
 -1.00681973e+00   0.0000
  2.96211034e-01   0.0000
 -5.22986352e-01   0.0000
  2.01814860e-01   0.0000
 -5.65591633e-01   0.0000
 -4.94581200e-02   0.0000
 -8.59878287e-02   0.0000
 -2.06027985e+00   0.0000
 -2.58838892e-01   0.0000
  1.32683837e+00   0.0000
 -2.17627868e-01   0.0000
  8.65051895e-02   0.0000
  4.67795420e+00   0.0000
 -4.26474065e-01   0.0000
  1.58196902e+00   0.0000
  5.79782784e-01   0.0000
 -3.02036762e-01   0.0000
  1.15782881e+00   0.0000
  6.42180562e-01   0.0000
  1.00239539e+00   0.0000
 -1.25188994e+00   0.0000
 -5.55301726e-01   0.0000
  1.15935194e+00   0.0000
  1.73940420e+00   0.0000
 -3.13213050e-01   0.0000
  3.01951575e+00   0.0000
  1.81021363e-01   0.0000
 -3.68598811e-02   0.0000
 -1.67398918e+00   0.0000
 -8.05517375e-01   0.0000
 -1.16816401e-01   0.0000
 -1.13810934e-01   0.0000
  9.92312253e-01   0.0000
 -3.03420693e-01   0.0000
 -1.75425366e-01   0.0000
 -9.76638645e-02   0.0000
 -4.04160470e-03   0.0000
 -5.60289681e-01   0.0000
  4.66966003e-01   0.0000
 -7.27160633e-01   0.0000
 -5.90619743e-01   0.0000
 -2.33154058e+00   0.0000
 -4.20656174e-01   0.0000
 -7.22188056e-01   0.0000
 -2.95836663e+00   0.0000
 -5.08196473e-01   0.0000
  1.35494423e+00   0.0000
  3.54224265e-01   0.0000
 -8.47592711e-01   0.0000
 -6.42679214e-01   0.0000
  3.55406880e-01   0.0000
 -8.56251597e-01   0.0000
 -5.35239637e-01   0.0000
 -5.69787502e-01   0.0000
  4.86602396e-01   0.0000
  1.25298917e+00   0.0000
 -1.83367372e-01   0.0000
 -2.11317897e+00   0.0000
  8.23821574e-02   0.0000
 -4.26782936e-01   0.0000
 -8.45695794e-01   0.0000
 -1.62266850e-01   0.0000
 -2.23651722e-01   0.0000
 -1.61499470e-01   0.0000
 -1.63360044e-01   0.0000
 -5.64694822e-01   0.0000
  8.27721134e-03   0.0000
 -5.54213077e-02   0.0000
 -5.18519521e-01   0.0000
 -4.33476090e-01   0.0000
  4.59318042e-01   0.0000
  6.03946857e-03   0.0000
 -6.73327208e-01   0.0000
  3.50175786e+00   0.0000
 -5.51253736e-01   0.0000
 -3.21404308e-01   0.0000
  1.62902129e+00   0.0000
 -4.61738080e-01   0.0000
  2.20638692e-01   0.0000
  6.23293631e-02   0.0000
  9.89554748e-02   0.0000
 -9.18740630e-02   0.0000
  3.25107247e-01   0.0000
 -1.77636206e+00   0.0000
 -5.34076214e-01   0.0000
  4.32729609e-02   0.0000
  4.05880302e-01   0.0000
  9.81067717e-01   0.0000
  3.02406847e-01   0.0000
  1.15393460e+00   0.0000
 -4.90464270e-01   0.0000
  2.88211495e-01   0.0000
 -1.57407120e-01   0.0000
  9.59856361e-02   0.0000
  1.60924587e-02   0.0000
  2.28543878e-01   0.0000
 -1.64514154e-01   0.0000
 -7.25532711e-01   0.0000
  1.85616493e-01   0.0000
  4.70652431e-01   0.0000
  2.14432403e-01   0.0000
 -2.80986130e-01   0.0000
  8.02889347e-01   0.0000
 -3.63950342e-01   0.0000
 -4.04946595e-01   0.0000
  6.94057047e-01   0.0000
 -2.88535088e-01   0.0000
 -1.76456118e+00   0.0000
  2.36134458e+00   0.0000
  2.49205321e-01   0.0000
  1.21151917e-01   0.0000
 -6.94958642e-02   0.0000
 -1.75330186e+00   0.0000
 -2.23882236e-02   0.0000
 -3.81196082e-01   0.0000
 -1.05396402e+00   0.0000
  1.09342262e-01   0.0000
 -1.81374043e-01   0.0000
 -6.39924049e-01   0.0000
 -3.66358876e-01   0.0000
 -2.32348114e-01   0.0000
  2.50553393e+00   0.0000
 -2.34994620e-01   0.0000
 -4.80423927e-01   0.0000
  7.45038450e-01   0.0000
 -2.01757491e-01   0.0000
  1.75377369e-01   0.0000
 -4.10671800e-01   0.0000
  9.44030523e-01   0.0000
 -6.98394403e-02   0.0000
 -4.02006418e-01   0.0000
  3.08280230e-01   0.0000
  4.87292320e-01   0.0000
 -1.91973504e-02   0.0000
  7.10605919e-01   0.0000
 -2.52147228e-01   0.0000
 -1.52179264e-02   0.0000
 -2.61178994e+00   0.0000
 -9.43444856e-03   0.0000
 -8.05194259e-01   0.0000
 -2.20120490e-01   0.0000
 -3.80903035e-01   0.0000
 -5.27079999e-02   0.0000
 -5.76650798e-01   0.0000
 -8.53116736e-02   0.0000
 -5.21329343e-01   0.0000
 -5.62224723e-03   0.0000
  6.36548400e-01   0.0000
 -1.84193388e-01   0.0000
  5.87290406e-01   0.0000
 -1.03473949e+00   0.0000
 -1.82881191e-01   0.0000
 -3.63084048e-01   0.0000
 -4.71653372e-01   0.0000
  4.13027436e-01   0.0000
 -3.51759791e-01   0.0000
 -8.09329212e-01   0.0000
  6.64785564e-01   0.0000
 -4.58393335e-01   0.0000
 -8.40768814e-02   0.0000
  6.92683697e-01   0.0000
  2.50952423e-01   0.0000
  4.33415979e-01   0.0000
 -3.31573695e-01   0.0000
  4.82896626e-01   0.0000
 -5.05824924e-01   0.0000
 -1.76354676e-01   0.0000
 -5.49376011e-01   0.0000
  4.28320736e-01   0.0000
 -1.47818840e+00   0.0000
  5.80004811e-01   0.0000
  2.92273283e-01   0.0000
 -1.12819743e+00   0.0000
 -1.85506731e-01   0.0000
  4.86739129e-01   0.0000
  1.93078473e-01   0.0000
  2.06786895e+00   0.0000
 -4.84893113e-01   0.0000
 -7.23004639e-02   0.0000
  1.78262794e+00   0.0000
  4.77861762e-01   0.0000
  4.08595912e-02   0.0000
 -1.05791676e+00   0.0000
 -5.60146868e-01   0.0000
  2.09104374e-01   0.0000
 -1.98953760e+00   0.0000
  4.90738362e-01   0.0000
 -4.99305576e-02   0.0000
 -1.18219912e-01   0.0000
  8.10093224e-01   0.0000
 -1.22899808e-01   0.0000
 -5.85225403e-01   0.0000
 -1.53407121e+00   0.0000
  4.08283800e-01   0.0000
 -3.69600177e-01   0.0000
 -2.35969529e-01   0.0000
  1.33223295e-01   0.0000
 -3.56964827e-01   0.0000
 -1.13314450e-01   0.0000
 -9.43103507e-02   0.0000
  1.43929124e-01   0.0000
  7.31697857e-01   0.0000
  3.41481984e-01   0.0000
  1.68562353e+00   0.0000
  1.21241316e-01   0.0000
  6.26555458e-02   0.0000
  9.40288246e-01   0.0000
  2.62574735e-03   0.0000
  1.73124135e+00   0.0000
  2.33979240e-01   0.0000
 -4.52207655e-01   0.0000
  1.00438929e+00   0.0000
 -2.46298745e-01   0.0000
  3.28498721e-01   0.0000
 -9.44262087e-01   0.0000
  2.53165402e-02   0.0000
 -1.64098546e-01   0.0000
 -1.77284944e+00   0.0000
  5.55580974e-01   0.0000
 -2.77631432e-01   0.0000
 -4.28470761e-01   0.0000
 -1.15964107e-01   0.0000
 -6.43191934e-01   0.0000
 -3.43665600e-01   0.0000
  5.63549288e-02   0.0000
 -2.47220099e-01   0.0000
 -4.50533688e-01   0.0000
 -6.15790546e-01   0.0000
 -1.80230632e-01   0.0000
  7.20554963e-02   0.0000
 -1.02210629e+00   0.0000
  5.60803223e+00   0.0000
 -1.64765984e-01   0.0000
 -1.10180254e+01   0.0000
 -7.63662219e-01   0.0000
  1.83212733e+00   0.0000
 -7.18300247e+00   0.0000
  2.47207791e-01   0.0000
 -2.33811641e+00   0.0000
  1.02235270e+00   0.0000
 -9.59748864e-01   0.0000
  2.24570131e+00   0.0000
  6.81334972e-01   0.0000
  2.92760789e-01   0.0000
 -2.21148920e+00   0.0000
 -5.16158342e-01   0.0000
 -1.04390943e+00   0.0000
 -2.20737147e+00   0.0000
  7.81279385e-01   0.0000
  1.13148764e-01   0.0000
 -5.25821686e-01   0.0000
 -1.68730408e-01   0.0000
 -4.37780134e-02   0.0000
 -7.11514354e-01   0.0000
  7.25722194e-01   0.0000
  6.66210294e-01   0.0000
 -4.99696445e+00   0.0000
 -1.03523576e+00   0.0000
 -7.32386112e-01   0.0000
  4.04245317e-01   0.0000
 -6.60688281e-01   0.0000
 -3.03659022e-01   0.0000
  1.22922802e+00   0.0000
  2.06437898e+00   0.0000
 -1.32829857e+00   0.0000
  9.64962673e+00   0.0000
 -1.22905779e+00   0.0000
  3.97905612e+00   0.0000
  4.23796034e+00   0.0000
  1.61621666e+00   0.0000
 -1.80564487e+00   0.0000
  1.20793271e+00   0.0000
  3.52943730e+00   0.0000
  2.11778975e+00   0.0000
  4.46934044e-01   0.0000
 -4.78578234e+00   0.0000
 -1.47274876e+00   0.0000
 -9.34421122e-01   0.0000
 -1.84304857e+00   0.0000
 -2.19509149e+00   0.0000
  1.11754107e+00   0.0000
  4.62981415e+00   0.0000
 -1.87420762e+00   0.0000
  1.27792931e+00   0.0000
 -2.11899829e+00   0.0000
 -2.72545457e+00   0.0000
  2.07292295e+00   0.0000
  2.55621815e+00   0.0000
  6.56436872e+00   0.0000
 -1.49933589e+00   0.0000
 -3.55196714e-01   0.0000
  1.14389610e+00   0.0000
 -1.09992588e+00   0.0000
  7.30844259e-01   0.0000
  3.05894470e+00   0.0000
  4.06816810e-01   0.0000

