 5 0.000000 1
 1 
 Si 28.085500
 0 0.500000 4.500000 0.978124 1.000000 
 5 0 1 2 4 6
 8 2.25000 2.50000 2.75000 3.00000 3.25000 3.50000 3.75000 4.00000
 1 12.169200 6.172630 3.114710 0.755675 0.404939 0.036124 0.650018 0.572890
 3 40 32 1
 -8.61223191e-02   0.0000
  1.24276781e+00   0.0000
  2.50990653e+00   0.0000
 -9.29067135e-01   0.0000
  1.86838627e-01   0.0000
  1.59220695e+00   0.0000
 -1.53250563e+00   0.0000
 -1.90369964e-01   0.0000
  8.03612173e-01   0.0000
 -3.84072572e-01   0.0000
  8.97462606e-01   0.0000
  7.03204334e-01   0.0000
 -1.34496737e+00   0.0000
 -9.67915595e-01   0.0000
 -1.30464721e+00   0.0000
 -1.89684165e+00   0.0000
 -1.60957837e+00   0.0000
 -6.13420248e-01   0.0000
  2.34611467e-01   0.0000
 -4.01962191e-01   0.0000
 -1.90226269e+00   0.0000
  2.60574937e+00   0.0000
 -1.45767450e+00   0.0000
  1.23773253e+00   0.0000
 -1.65423846e+00   0.0000
  8.65340531e-01   0.0000
 -4.87051308e-01   0.0000
 -1.43111324e+00   0.0000
  1.01758528e+00   0.0000
 -5.62024474e-01   0.0000
 -1.65443814e+00   0.0000
 -2.52011657e-01   0.0000
 -3.88487518e-01   0.0000
  9.44097340e-01   0.0000
  5.09671494e-02   0.0000
 -2.05652729e-01   0.0000
 -8.83929372e-01   0.0000
  1.98435888e-01   0.0000
 -1.28816128e+00   0.0000
 -1.07164890e-01   0.0000
  1.41093683e+00   0.0000
 -2.83717483e-01   0.0000
  8.71620059e-01   0.0000
  1.14274824e+00   0.0000
  7.99150288e-01   0.0000
 -1.24088025e+00   0.0000
 -1.33224165e+00   0.0000
 -1.59834802e-01   0.0000
 -1.03117168e+00   0.0000
 -2.83975184e-01   0.0000
 -8.27734590e-01   0.0000
 -3.02080035e-01   0.0000
 -9.09040630e-01   0.0000
  3.56408447e-01   0.0000
 -7.24365175e-01   0.0000
  6.37467206e-01   0.0000
 -1.30886674e+00   0.0000
 -8.67706597e-01   0.0000
 -4.23973411e-01   0.0000
 -4.45433974e-01   0.0000
  7.46824205e-01   0.0000
 -9.75735247e-01   0.0000
 -8.53777707e-01   0.0000
 -7.36735046e-01   0.0000
 -5.41229248e-01   0.0000
 -1.62977144e-01   0.0000
 -1.44091979e-01   0.0000
 -8.22569788e-01   0.0000
 -2.96591610e-01   0.0000
  2.40868405e-01   0.0000
 -1.31356156e+00   0.0000
  8.03199112e-02   0.0000
  5.96011996e-01   0.0000
  2.80592203e-01   0.0000
  2.34504163e-01   0.0000
  4.27812457e-01   0.0000
  2.75105524e+00   0.0000
 -8.67161155e-01   0.0000
 -3.27163875e-01   0.0000
 -5.85093856e-01   0.0000
 -6.64116263e-01   0.0000
  6.35078549e-01   0.0000
  2.39778578e-01   0.0000
 -3.54412645e-01   0.0000
 -1.04495358e+00   0.0000
 -1.03629541e+00   0.0000
 -7.04167664e-01   0.0000
  8.10257196e-01   0.0000
 -1.76908016e+00   0.0000
 -9.56880093e-01   0.0000
 -6.79588675e-01   0.0000
 -6.81215346e-01   0.0000
  6.16752028e-01   0.0000
 -4.45040166e-01   0.0000
 -8.24984372e-01   0.0000
 -9.48071957e-01   0.0000
 -1.95033610e-01   0.0000
  6.83719516e-02   0.0000
  5.37989914e-01   0.0000
 -5.50185084e-01   0.0000
  3.08294088e-01   0.0000
  3.01541567e-01   0.0000
 -1.27061570e+00   0.0000
  3.83042634e-01   0.0000
  3.65621984e-01   0.0000
  4.89258856e-01   0.0000
  7.15272546e-01   0.0000
  9.01327789e-01   0.0000
  2.20657730e+00   0.0000
 -5.77521205e-01   0.0000
 -1.60868362e-01   0.0000
  7.34843314e-02   0.0000
  3.47637892e-01   0.0000
  2.34198242e-01   0.0000
 -6.01928890e-01   0.0000
 -4.94675368e-01   0.0000
 -1.39864099e+00   0.0000
 -6.98800147e-01   0.0000
 -3.09714228e-01   0.0000
  6.68723702e-01   0.0000
 -1.66604340e+00   0.0000
  5.67240834e-01   0.0000
 -3.16724926e-01   0.0000
 -9.97203635e-04   0.0000
 -1.06369548e-01   0.0000
 -3.81026149e-01   0.0000
 -1.10848129e+00   0.0000
 -1.11360133e+00   0.0000
  9.96385276e-01   0.0000
 -2.75142998e-01   0.0000
  2.41916567e-01   0.0000
  3.23765248e-01   0.0000
 -2.31966689e-01   0.0000
 -3.43364269e-01   0.0000
 -1.25544417e+00   0.0000
  1.97232310e-02   0.0000
 -1.80675820e-01   0.0000
  9.08199787e-01   0.0000
  3.99106294e-01   0.0000
 -1.11443266e-01   0.0000
  4.58584458e-01   0.0000
 -3.90409052e-01   0.0000
  1.09629832e-01   0.0000
  7.52699673e-02   0.0000
  9.29895818e-01   0.0000
  9.35107708e-01   0.0000
  3.76367792e-02   0.0000
 -5.49718261e-01   0.0000
 -8.45827997e-01   0.0000
 -7.24161789e-02   0.0000
  5.54780543e-01   0.0000
 -1.49700060e-01   0.0000
 -1.26085651e+00   0.0000
  1.39800727e+00   0.0000
 -2.73317218e-01   0.0000
 -7.12782204e-01   0.0000
  1.69905454e-01   0.0000
 -2.74573624e-01   0.0000
 -8.13464746e-02   0.0000
 -8.68080020e-01   0.0000
  1.52804047e-01   0.0000
 -3.22693974e-01   0.0000
 -5.03554106e-01   0.0000
  2.66177300e-02   0.0000
 -1.42086759e-01   0.0000
 -8.84429812e-01   0.0000
 -1.17420554e+00   0.0000
  1.33276850e-01   0.0000
  4.08263087e-01   0.0000
 -1.81923851e-01   0.0000
  1.21878125e-01   0.0000
  3.98152500e-01   0.0000
 -5.51887095e-01   0.0000
  1.01088509e-01   0.0000
 -3.83818716e-01   0.0000
  5.38636148e-01   0.0000
  1.49807703e+00   0.0000
  1.07353199e+00   0.0000
  3.47460061e-01   0.0000
 -5.48998058e-01   0.0000
 -1.26444712e-01   0.0000
 -2.19504744e-01   0.0000
 -2.89047390e-01   0.0000
 -2.63813138e-01   0.0000
 -8.33865821e-01   0.0000
  1.14329243e+00   0.0000
  1.28771529e-01   0.0000
 -6.27003551e-01   0.0000
  3.79695147e-01   0.0000
  2.46075153e-01   0.0000
 -7.31026590e-01   0.0000
  4.96258318e-01   0.0000
  1.65033281e-01   0.0000
  2.95398325e-01   0.0000
 -1.75939634e-01   0.0000
 -3.76959801e-01   0.0000
 -5.03701687e-01   0.0000
 -1.29677582e+00   0.0000
 -5.36868989e-01   0.0000
  1.09070346e-01   0.0000
  2.92544276e-01   0.0000
 -5.82203679e-02   0.0000
  2.96362638e-01   0.0000
  4.77274776e-01   0.0000
 -7.49598980e-01   0.0000
  5.80832660e-01   0.0000
  2.82061547e-01   0.0000
  2.51032084e-01   0.0000
  5.00702500e-01   0.0000
  1.03080606e+00   0.0000
 -4.28423136e-01   0.0000
 -5.59357926e-02   0.0000
 -7.62466133e-01   0.0000
  7.74156034e-01   0.0000
 -2.54618023e-02   0.0000
  1.02469765e-01   0.0000
 -8.86131883e-01   0.0000
 -3.03929120e-01   0.0000
 -3.65131587e-01   0.0000
 -3.79773170e-01   0.0000
  3.62758666e-01   0.0000
  2.68310905e-01   0.0000
 -6.88413799e-01   0.0000
  2.71108598e-01   0.0000
 -9.52469647e-01   0.0000
 -3.31607193e-01   0.0000
  5.24835810e-02   0.0000
 -3.73801678e-01   0.0000
  2.71433830e+00   0.0000
  1.43480277e+00   0.0000
 -3.23591441e-01   0.0000
 -6.35013878e-02   0.0000
 -2.55477369e-01   0.0000
  8.50787818e-01   0.0000
  1.16020131e+00   0.0000
 -4.42646705e-02   0.0000
 -8.41677427e-01   0.0000
 -7.48850852e-02   0.0000
 -2.40168750e-01   0.0000
  1.42648384e-01   0.0000
  1.41734136e-02   0.0000
  1.30922318e+00   0.0000
 -3.67351502e-01   0.0000
  3.26358080e-01   0.0000
 -3.68291348e-01   0.0000
  2.15387389e-01   0.0000
 -4.55633014e-01   0.0000
  4.96954679e-01   0.0000
 -4.12211686e-01   0.0000
 -5.09870112e-01   0.0000
 -6.67955354e-02   0.0000
  1.65820405e-01   0.0000
  4.96508867e-01   0.0000
 -1.47670209e-01   0.0000
 -3.58049989e-01   0.0000
 -3.33968431e-01   0.0000
 -2.89795429e-01   0.0000
  6.63259089e-01   0.0000
 -2.05961093e-01   0.0000
 -1.26784846e-01   0.0000
  1.44608200e-01   0.0000
  1.63924992e-01   0.0000
 -5.37845433e-01   0.0000
 -7.36689329e-01   0.0000
 -2.34297007e-01   0.0000
 -1.39662004e+00   0.0000
  4.78283972e-01   0.0000
  3.86283517e-01   0.0000
 -8.64730477e-01   0.0000
 -2.47754335e-01   0.0000
  1.01529956e-01   0.0000
  1.92942250e+00   0.0000
  1.34911969e-01   0.0000
 -9.97974932e-01   0.0000
 -1.01739680e-02   0.0000
 -5.86598888e-02   0.0000
 -6.04509830e-01   0.0000
  1.40506601e+00   0.0000
  3.65935564e-01   0.0000
 -5.13761878e-01   0.0000
 -1.38249612e+00   0.0000
 -8.42037022e-01   0.0000
  2.01042235e-01   0.0000
  1.28781602e-01   0.0000
 -3.15704882e-01   0.0000
  2.50068307e-01   0.0000
 -8.21226656e-01   0.0000
  7.78647482e-01   0.0000
  2.30787694e-01   0.0000
  8.84737790e-01   0.0000
  1.45371413e+00   0.0000
  3.27635884e-01   0.0000
  9.30664659e-01   0.0000
 -3.05940747e-01   0.0000
 -5.90590537e-01   0.0000
 -9.83427584e-01   0.0000
 -4.26023602e-01   0.0000
  5.83045125e-01   0.0000
 -1.46062568e-01   0.0000
 -1.93571374e-01   0.0000
 -5.22207022e-01   0.0000
 -6.12891555e-01   0.0000
 -4.22384650e-01   0.0000
  1.05896342e+00   0.0000
  4.76422280e-01   0.0000
 -8.82355928e-01   0.0000
  6.16867721e-01   0.0000
  6.20734334e-01   0.0000
 -6.08087957e-01   0.0000
 -1.52163997e-01   0.0000
  3.58471602e-01   0.0000
 -8.02365422e-01   0.0000
 -1.03845263e+00   0.0000
  6.99738324e-01   0.0000
 -2.77906537e-01   0.0000
 -3.03360403e-01   0.0000
 -3.27605337e-01   0.0000
  1.67708486e-01   0.0000
 -6.59028053e-01   0.0000
  4.08829182e-01   0.0000
 -4.02366310e-01   0.0000
  2.46582612e-01   0.0000
  1.25009394e+00   0.0000
  1.21203274e-01   0.0000
  5.02104759e-01   0.0000
  3.16297077e-02   0.0000
 -9.36764240e-01   0.0000
 -5.43862760e-01   0.0000
 -3.87436181e-01   0.0000
  8.91711235e-01   0.0000
 -3.15816328e-02   0.0000
  7.31177954e-03   0.0000
 -1.42543173e+00   0.0000
 -6.02170110e-01   0.0000
  3.01046491e-01   0.0000
  9.45833847e-02   0.0000
  5.06402194e-01   0.0000
 -1.07131457e+00   0.0000
  3.87090474e-01   0.0000
  4.95308161e-01   0.0000
 -7.95865655e-01   0.0000
  2.66176760e-01   0.0000
  6.80126071e-01   0.0000
 -6.45704150e-01   0.0000
 -5.79559922e-01   0.0000
  9.81495976e-01   0.0000
 -3.02562892e-01   0.0000
  2.13980824e-01   0.0000
  4.44445536e-02   0.0000
  4.88318950e-01   0.0000
 -5.58150470e-01   0.0000
  2.50776798e-01   0.0000
  6.13892376e-01   0.0000
  4.52361792e-01   0.0000
  8.79648566e-01   0.0000
  2.78988838e-01   0.0000
 -4.45238739e-01   0.0000
 -2.09356174e-02   0.0000
 -4.61307824e-01   0.0000
 -2.03783855e-01   0.0000
 -4.76583987e-01   0.0000
 -1.11992724e-01   0.0000
 -3.78346980e-01   0.0000
  6.63279891e-02   0.0000
 -1.58461010e+00   0.0000
  3.80076855e-01   0.0000
  2.41502270e-01   0.0000
  2.93576002e-01   0.0000
  4.86771762e-01   0.0000
 -1.80525810e-01   0.0000
 -5.03817558e-01   0.0000
  1.03424348e-01   0.0000
 -2.62570471e-01   0.0000
 -5.67023158e-01   0.0000
  9.88428593e-01   0.0000
 -9.22491923e-02   0.0000
 -6.22305870e-01   0.0000
  1.12889564e+00   0.0000
  1.30160227e-01   0.0000
  4.81547326e-01   0.0000
 -3.88399273e-01   0.0000
  5.18751204e-01   0.0000
 -7.58840382e-01   0.0000
  2.67078251e-01   0.0000
  7.55906343e-01   0.0000
 -1.29428461e-01   0.0000
 -1.98940873e-01   0.0000
  6.45072579e-01   0.0000
 -4.90929157e-01   0.0000
  1.61895263e+00   0.0000
 -6.78008616e-01   0.0000
 -4.38532025e-01   0.0000
  1.72592312e-01   0.0000
 -4.52270746e-01   0.0000
 -6.55084193e-01   0.0000
 -2.71926701e-01   0.0000
 -7.30331361e-01   0.0000
  2.37749144e-03   0.0000
  7.07695112e-02   0.0000
  8.75375420e-02   0.0000
  9.37262654e-01   0.0000
 -3.80288422e-01   0.0000
 -3.57690305e-01   0.0000
  4.27681766e-02   0.0000
 -9.59011316e-01   0.0000
 -4.26395148e-01   0.0000
  1.04648149e+00   0.0000
 -8.13937664e-01   0.0000
 -1.42127979e+00   0.0000
 -1.27096727e-01   0.0000
  1.18758261e-01   0.0000
 -2.56573230e-01   0.0000
  1.46820486e-01   0.0000
 -2.65545368e-01   0.0000
 -1.07901670e-01   0.0000
 -3.37608755e-01   0.0000
  8.98418486e-01   0.0000
  6.17385805e-02   0.0000
 -6.88982606e-01   0.0000
  3.84642273e-01   0.0000
 -6.24361157e-01   0.0000
  2.22767663e+00   0.0000
 -4.71212864e-01   0.0000
  1.81699947e-01   0.0000
  3.50504607e-01   0.0000
 -2.90809900e-01   0.0000
  2.15479717e-01   0.0000
  4.38630670e-01   0.0000
 -1.10408008e+00   0.0000
 -2.10806280e-01   0.0000
  5.53676069e-01   0.0000
  3.22770774e-02   0.0000
  3.62885505e-01   0.0000
 -6.03346825e-01   0.0000
  6.57572210e-01   0.0000
 -2.59695113e-01   0.0000
 -5.14587104e-01   0.0000
 -7.42289871e-02   0.0000
  4.21263665e-01   0.0000
 -5.00673890e-01   0.0000
 -1.13371730e+00   0.0000
 -9.69014227e-01   0.0000
  5.67761771e-02   0.0000
  3.41478914e-01   0.0000
 -3.30913782e-01   0.0000
 -2.62950838e-01   0.0000
  3.72690596e-02   0.0000
  3.78773004e-01   0.0000
  9.99093652e-02   0.0000
  5.16022027e-01   0.0000
 -1.00754356e+00   0.0000
 -4.57664162e-01   0.0000
  2.61951089e-01   0.0000
  1.34186757e+00   0.0000
 -1.31719813e-01   0.0000
  8.05583596e-02   0.0000
 -2.00034648e-01   0.0000
  5.91149986e-01   0.0000
 -5.23072660e-01   0.0000
 -2.36776248e-01   0.0000
 -9.89108682e-01   0.0000
  2.56920233e-03   0.0000
 -3.08667183e-01   0.0000
 -5.71630120e-01   0.0000
  6.65412188e-01   0.0000
 -9.85065028e-02   0.0000
  1.47607553e+00   0.0000
 -1.94016278e-01   0.0000
  5.67893460e-02   0.0000
  2.05691874e-01   0.0000
  5.88648677e-01   0.0000
 -6.20750964e-01   0.0000
 -2.32369527e-02   0.0000
 -3.62678617e-01   0.0000
 -2.04014301e-01   0.0000
  1.02673531e-01   0.0000
  3.48104507e-01   0.0000
  4.56110656e-01   0.0000
  4.03523110e-02   0.0000
  9.60683748e-02   0.0000
  7.69551814e-01   0.0000
 -3.89591664e-01   0.0000
 -7.13541865e-01   0.0000
 -1.00611798e-01   0.0000
  4.76573050e-01   0.0000
  1.34601462e+00   0.0000
 -5.20025909e-01   0.0000
  1.20793097e-01   0.0000
  2.52953529e-01   0.0000
  9.54585791e-01   0.0000
 -2.81060487e-01   0.0000
  2.69107014e-01   0.0000
 -2.07407564e-01   0.0000
  2.77757704e-01   0.0000
 -4.50275421e-01   0.0000
 -1.12885821e+00   0.0000
 -1.44549921e-01   0.0000
  4.04768586e-01   0.0000
  1.29890311e+00   0.0000
  3.49850386e-01   0.0000
  1.70554265e-01   0.0000
  2.01566920e-01   0.0000
 -2.36739025e-01   0.0000
 -5.09242117e-01   0.0000
 -2.41674662e-01   0.0000
 -5.62344790e-01   0.0000
  4.12748847e-03   0.0000
 -4.85252514e-02   0.0000
 -2.43067130e-01   0.0000
  3.19330841e-01   0.0000
 -1.39183655e-01   0.0000
  4.84437197e-01   0.0000
  1.13019049e+00   0.0000
 -6.38715476e-02   0.0000
 -9.07345176e-01   0.0000
  2.92842463e-02   0.0000
  6.23945475e-01   0.0000
  1.19988585e+00   0.0000
 -4.45197940e-01   0.0000
 -8.27441961e-02   0.0000
  1.07876286e-01   0.0000
  8.38932842e-02   0.0000
  7.20550895e-01   0.0000
  2.86783934e-01   0.0000
 -2.44624400e+00   0.0000
 -6.14600182e-01   0.0000
 -3.29673924e-02   0.0000
  1.21481693e+00   0.0000
  8.42308164e-01   0.0000
 -1.96141228e-01   0.0000
 -1.00780654e+00   0.0000
 -1.27526090e-01   0.0000
 -1.50527254e-01   0.0000
  7.62499452e-01   0.0000
 -3.16262335e-01   0.0000
  6.51892424e-01   0.0000
 -1.84537590e-01   0.0000
 -1.48475826e+00   0.0000
 -3.38879436e-01   0.0000
  4.13866788e-02   0.0000
 -2.28457898e-01   0.0000
 -1.95271626e-01   0.0000
 -3.29969734e-01   0.0000
  4.19728935e-01   0.0000
  7.43562520e-01   0.0000
  4.66606349e-01   0.0000
  1.23432256e-01   0.0000
  2.44984284e-01   0.0000
  1.18319809e+00   0.0000
  7.49220610e-01   0.0000
  4.25797909e-01   0.0000
 -1.45873427e+00   0.0000
  3.53086174e-01   0.0000
  2.60135770e-01   0.0000
 -1.49947226e-01   0.0000
 -1.96845666e-01   0.0000
 -1.95917502e-01   0.0000
 -2.55631417e-01   0.0000
 -1.31267264e-01   0.0000
 -7.08199561e-01   0.0000
 -3.53179216e-01   0.0000
  2.12388009e-01   0.0000
 -4.37732428e-01   0.0000
  4.77670431e-01   0.0000
 -2.13438183e-01   0.0000
  7.74128854e-01   0.0000
 -1.60760954e-01   0.0000
 -3.07218015e-01   0.0000
  3.05596113e-01   0.0000
  1.89597934e-01   0.0000
 -9.08204168e-02   0.0000
  1.28193185e-01   0.0000
 -8.81196037e-02   0.0000
  2.36988232e-01   0.0000
 -5.70339918e-01   0.0000
 -4.79056895e-01   0.0000
  7.93342173e-01   0.0000
  4.16381031e-01   0.0000
 -5.75814128e-01   0.0000
  1.87346011e-01   0.0000
  1.71385574e+00   0.0000
  5.76651573e-01   0.0000
 -1.46175399e-01   0.0000
 -1.20048213e+00   0.0000
 -3.72536242e-01   0.0000
  1.07082903e+00   0.0000
  4.04118299e-01   0.0000
 -4.46451098e-01   0.0000
  1.63071901e-01   0.0000
  1.03373237e-01   0.0000
  4.56929862e-01   0.0000
 -1.25729334e+00   0.0000
  3.86254489e-01   0.0000
 -2.64324248e-01   0.0000
 -9.58120883e-01   0.0000
  5.77499509e-01   0.0000
 -6.34980202e-01   0.0000
  1.47062406e-01   0.0000
  6.28464639e-01   0.0000
 -3.87498558e-01   0.0000
  1.11750729e-01   0.0000
 -3.07847094e-02   0.0000
 -7.98673481e-02   0.0000
  3.91769439e-01   0.0000
  2.25526825e-01   0.0000
  2.64459580e-01   0.0000
  1.36742324e-01   0.0000
  2.52181709e-01   0.0000
 -4.30641741e-01   0.0000
  9.97003764e-02   0.0000
 -5.26173897e-02   0.0000
 -3.10096532e-01   0.0000
  1.50882030e+00   0.0000
  8.73142481e-01   0.0000
 -2.66741633e-01   0.0000
 -1.51321375e+00   0.0000
  2.79938757e-01   0.0000
  7.82152712e-01   0.0000
  1.90007344e-01   0.0000
  2.30809793e-01   0.0000
 -3.38668197e-01   0.0000
 -1.59058020e-01   0.0000
 -3.44279766e-01   0.0000
 -4.44426686e-01   0.0000
  4.04600710e-01   0.0000
  2.30232298e-01   0.0000
 -9.41503406e-01   0.0000
  5.43896675e-01   0.0000
 -5.45022488e-02   0.0000
 -5.36126554e-01   0.0000
  1.12598486e-01   0.0000
  7.07229972e-02   0.0000
 -6.11563683e-01   0.0000
 -9.02113095e-02   0.0000
  2.74797976e-01   0.0000
 -4.14840400e-01   0.0000
 -2.44528264e-01   0.0000
  3.79025817e-01   0.0000
 -2.85851747e-01   0.0000
  8.50868896e-02   0.0000
 -1.86502710e-01   0.0000
 -7.89152682e-02   0.0000
  1.16192257e+00   0.0000
 -4.62512851e-01   0.0000
  4.40909147e-01   0.0000
  1.36599004e+00   0.0000
 -3.28975350e-01   0.0000
 -3.68544906e-01   0.0000
 -8.12354833e-02   0.0000
  2.50304073e-01   0.0000
 -4.12353545e-01   0.0000
  4.50784266e-01   0.0000
 -1.41628408e+00   0.0000
 -3.00401300e-02   0.0000
 -3.22510898e-01   0.0000
 -1.42042354e-01   0.0000
  6.28456891e-01   0.0000
 -1.41569450e-01   0.0000
 -1.16970611e+00   0.0000
 -4.32649463e-01   0.0000
  1.01918504e-02   0.0000
 -2.58922845e-01   0.0000
 -9.88235325e-02   0.0000
 -3.47239345e-01   0.0000
  8.12003016e-02   0.0000
 -7.95506358e-01   0.0000
 -1.11171417e-01   0.0000
 -2.01042175e-01   0.0000
  7.81204328e-02   0.0000
 -3.94693613e-01   0.0000
 -4.84528020e-02   0.0000
  2.11895421e-01   0.0000
 -4.78363544e-01   0.0000
  1.35787785e-01   0.0000
  1.57923663e+00   0.0000
  4.07111496e-02   0.0000
  7.17488945e-01   0.0000
  2.51935768e+00   0.0000
 -8.16968530e-02   0.0000
  3.16353858e-01   0.0000
 -2.56655574e-01   0.0000
  3.33942235e-01   0.0000
 -5.34883559e-01   0.0000
 -3.23241889e-01   0.0000
 -1.67981768e+00   0.0000
  4.49103922e-01   0.0000
 -2.36116946e-01   0.0000
 -7.00003743e-01   0.0000
  8.41277301e-01   0.0000
 -2.64945570e-02   0.0000
  6.67915260e-03   0.0000
 -1.09707251e-01   0.0000
  2.40568832e-01   0.0000
  2.70232677e-01   0.0000
 -2.51819938e-01   0.0000
  3.32081020e-01   0.0000
  9.22458842e-02   0.0000
 -9.52717960e-01   0.0000
 -2.23133266e-01   0.0000
 -1.34311721e-01   0.0000
 -1.71442255e-01   0.0000
 -3.94810230e-01   0.0000
  1.37085333e-01   0.0000
  6.11066036e-02   0.0000
  3.74107450e-01   0.0000
 -3.07069153e-01   0.0000
  2.56400394e+00   0.0000
  3.68133843e-01   0.0000
  1.68171525e-01   0.0000
  2.23666573e+00   0.0000
  3.77975017e-01   0.0000
 -2.18009457e-01   0.0000
 -5.03005050e-02   0.0000
 -3.21275562e-01   0.0000
 -4.22975421e-01   0.0000
  3.11305135e-01   0.0000
 -1.32949984e+00   0.0000
 -3.56478363e-01   0.0000
  7.00389594e-02   0.0000
 -7.67830014e-01   0.0000
  7.09857941e-01   0.0000
  4.58889931e-01   0.0000
  7.53596842e-01   0.0000
 -5.56968689e-01   0.0000
 -4.05192912e-01   0.0000
 -9.26588103e-02   0.0000
  3.27220201e-01   0.0000
  3.52180749e-01   0.0000
 -1.27178520e-01   0.0000
 -2.02801004e-01   0.0000
 -9.10671726e-02   0.0000
 -2.59706110e-01   0.0000
 -3.44056368e-01   0.0000
  1.48303881e-02   0.0000
  1.30936444e-01   0.0000
  3.09103280e-01   0.0000
  2.74537206e-01   0.0000
  4.36019868e-01   0.0000
  1.88466704e+00   0.0000
 -5.42917728e-01   0.0000
 -1.07175075e-01   0.0000
  1.47512138e+00   0.0000
  2.47038350e-01   0.0000
  3.67565542e-01   0.0000
 -2.48811096e-02   0.0000
  8.63896087e-02   0.0000
 -1.12840615e-01   0.0000
 -9.60828215e-02   0.0000
 -1.14143276e+00   0.0000
  3.98315221e-01   0.0000
 -5.47453240e-02   0.0000
 -5.53915560e-01   0.0000
  4.82910931e-01   0.0000
  3.16597849e-01   0.0000
  1.40278769e+00   0.0000
  2.19220445e-01   0.0000
  7.17105046e-02   0.0000
 -1.03746459e-01   0.0000
 -1.89525723e-01   0.0000
  1.05106741e-01   0.0000
  3.47137123e-01   0.0000
  3.50892961e-01   0.0000
 -5.35852134e-01   0.0000
  5.63648082e-02   0.0000
  2.16286227e-01   0.0000
 -2.44230136e-01   0.0000
 -4.03424710e-01   0.0000
  8.16285968e-01   0.0000
  1.28998542e+00   0.0000
  8.03181231e-01   0.0000
 -2.13467503e+00   0.0000
 -6.27575457e-01   0.0000
  1.97462142e+00   0.0000
 -2.72785926e+00   0.0000
 -5.28383136e-01   0.0000
  5.53227186e-01   0.0000
  9.52297971e-02   0.0000
  8.43741298e-02   0.0000
  8.08220804e-02   0.0000
  6.81471586e-01   0.0000
  1.25304174e+00   0.0000
  2.08353642e-02   0.0000
 -4.57081497e-01   0.0000
 -2.06505752e+00   0.0000
 -1.41484439e+00   0.0000
 -2.00699419e-01   0.0000
 -3.02296734e+00   0.0000
 -3.25624198e-02   0.0000
 -3.92406762e-01   0.0000
  1.50223866e-01   0.0000
 -1.13310683e+00   0.0000
  9.18887913e-01   0.0000
 -3.78787667e-01   0.0000
 -7.39697993e-01   0.0000
 -5.42588830e-01   0.0000
 -6.55904114e-02   0.0000
  4.58345413e-01   0.0000
 -4.60895419e-01   0.0000
 -5.61365187e-01   0.0000
  2.50472367e-01   0.0000
  7.03616679e-01   0.0000
  6.20101452e-01   0.0000
 -1.61035154e-02   0.0000
 -2.50560999e-01   0.0000
  6.01565480e-01   0.0000
  1.57813832e-01   0.0000
 -5.67417979e-01   0.0000
  1.26371115e-01   0.0000
  2.01999411e-01   0.0000
  2.67519087e-01   0.0000
  4.01795775e-01   0.0000
 -3.88363632e-03   0.0000
  3.61087590e-01   0.0000
 -3.92319858e-01   0.0000
 -6.07024014e-01   0.0000
 -1.62083280e+00   0.0000
 -6.51492059e-01   0.0000
  3.57564062e-01   0.0000
  1.47844791e-01   0.0000
 -9.86836255e-02   0.0000
 -4.88802940e-01   0.0000
  1.24736726e+00   0.0000
 -3.60224247e-01   0.0000
  5.80431223e-01   0.0000
  4.64873284e-01   0.0000
 -2.96862245e-01   0.0000
  1.06046736e-01   0.0000
 -4.98601258e-01   0.0000
  4.49007988e-01   0.0000
 -3.63090634e-01   0.0000
  2.14122802e-01   0.0000
  1.29392862e+00   0.0000
 -6.39768988e-02   0.0000
  7.05739081e-01   0.0000
  3.17952251e+00   0.0000
  3.64988036e-02   0.0000
  1.14616132e+00   0.0000
  8.66191834e-02   0.0000
 -2.79484749e-01   0.0000
  2.04422325e-01   0.0000
  5.19184351e-01   0.0000
  1.19541967e+00   0.0000
  1.12318575e+00   0.0000
  4.83173579e-02   0.0000
 -5.13554990e-01   0.0000
 -5.71242273e-01   0.0000
 -4.45447475e-01   0.0000
 -7.44474903e-02   0.0000
  2.26651296e-01   0.0000
  4.37471151e-01   0.0000
  2.53697485e-01   0.0000
 -7.74630725e-01   0.0000
  2.46073842e-01   0.0000
  1.11396623e+00   0.0000
 -8.22962821e-01   0.0000
  5.12553036e-01   0.0000
  1.83681175e-01   0.0000
 -5.75803280e-01   0.0000
 -8.73309672e-01   0.0000
 -2.45556757e-01   0.0000
  6.45959318e-01   0.0000
 -4.80817139e-01   0.0000
 -3.78402919e-01   0.0000
  1.03685880e+00   0.0000
 -4.32342082e-01   0.0000
  7.34195933e-02   0.0000
  7.65891314e-01   0.0000
  2.96071917e-01   0.0000
  5.28069496e-01   0.0000
 -1.44231677e+00   0.0000
  4.28597063e-01   0.0000
 -6.62515342e-01   0.0000
  7.94675872e-02   0.0000
  2.65761316e-01   0.0000
  1.28088665e+00   0.0000
 -2.95954533e-02   0.0000
  1.28868699e-01   0.0000
 -4.43290681e-01   0.0000
 -1.63112134e-01   0.0000
  5.78396678e-01   0.0000
 -6.21747613e-01   0.0000
  2.70685047e-01   0.0000
 -1.54088229e-01   0.0000
 -1.74277976e-01   0.0000
 -2.06059277e-01   0.0000
  1.12812865e+00   0.0000
 -7.38234520e-01   0.0000
 -1.35224580e-03   0.0000
 -2.43470490e-01   0.0000
  8.85887265e-01   0.0000
  4.46159467e-02   0.0000
  1.53999239e-01   0.0000
 -1.01610467e-01   0.0000
  1.72871545e-01   0.0000
  2.65484899e-01   0.0000
  2.37999886e-01   0.0000
 -7.26804376e-01   0.0000
  7.84846604e-01   0.0000
 -1.13290954e+00   0.0000
 -4.72938269e-02   0.0000
 -5.45653522e-01   0.0000
 -1.00734341e+00   0.0000
 -2.72738338e-01   0.0000
 -4.85645235e-02   0.0000
  5.75744867e-01   0.0000
 -7.47464225e-02   0.0000
  6.41362548e-01   0.0000
  3.37908268e-01   0.0000
  5.81781089e-01   0.0000
 -5.17756283e-01   0.0000
 -3.09154056e-02   0.0000
  2.79107720e-01   0.0000
 -1.30182612e+00   0.0000
  7.32837796e-01   0.0000
 -8.54650140e-01   0.0000
 -3.13442439e-01   0.0000
 -7.33049959e-02   0.0000
  1.89217865e-01   0.0000
 -1.03449173e-01   0.0000
  1.41143620e-01   0.0000
 -4.44028527e-01   0.0000
  3.72764140e-01   0.0000
  9.16683897e-02   0.0000
  3.22493225e-01   0.0000
  4.94762212e-02   0.0000
  3.86245459e-01   0.0000
 -1.32606896e-02   0.0000
 -4.41405922e-01   0.0000
 -6.29578769e-01   0.0000
  2.95258150e-03   0.0000
 -3.73813480e-01   0.0000
 -9.10079628e-02   0.0000
 -8.31254542e-01   0.0000
 -2.18333423e-01   0.0000
 -5.57663977e-01   0.0000
 -3.73878509e-01   0.0000
  4.37108040e-01   0.0000
  6.27309680e-02   0.0000
  5.10779619e-01   0.0000
  8.75551626e-02   0.0000
  6.57866836e-01   0.0000
 -5.06937146e-01   0.0000
 -5.52562773e-01   0.0000
  6.70660555e-01   0.0000
 -1.10587990e+00   0.0000
  2.77915865e-01   0.0000
 -4.11851108e-02   0.0000
  5.59730232e-01   0.0000
  5.42570651e-02   0.0000
 -1.17188759e-01   0.0000
  5.24861217e-01   0.0000
 -1.86145604e-01   0.0000
 -3.01423460e-01   0.0000
  1.89224809e-01   0.0000
  1.34212583e-01   0.0000
 -4.06965047e-01   0.0000
  1.98947862e-02   0.0000
  6.74880564e-01   0.0000
 -4.37065661e-01   0.0000
 -5.14971793e-01   0.0000
  1.53037146e-01   0.0000
 -9.99645665e-02   0.0000
  5.87661266e-01   0.0000
 -2.15526432e-01   0.0000
 -2.62500674e-01   0.0000
  5.68467855e-01   0.0000
  2.33106419e-01   0.0000
  4.22635376e-01   0.0000
 -2.94859976e-01   0.0000
  8.21605444e-01   0.0000
 -1.96702063e-01   0.0000
 -3.96261096e-01   0.0000
  2.87592411e-01   0.0000
 -3.35742444e-01   0.0000
 -1.76184639e-01   0.0000
  8.75098854e-02   0.0000
 -6.83270633e-01   0.0000
  6.32533059e-02   0.0000
  4.46639001e-01   0.0000
  2.60436833e-01   0.0000
  4.01771486e-01   0.0000
 -5.80492258e-01   0.0000
  2.88825929e-01   0.0000
  5.92094436e-02   0.0000
  9.78610367e-02   0.0000
  1.92650393e-01   0.0000
 -7.38587081e-02   0.0000
  1.95108783e-02   0.0000
  3.04532826e-01   0.0000
  2.66692072e-01   0.0000
  6.44196570e-02   0.0000
 -5.11243381e-03   0.0000
  6.28318727e-01   0.0000
  4.02688142e-03   0.0000
  8.52495134e-02   0.0000
  5.25306940e-01   0.0000
  3.28965902e-01   0.0000
  9.98811098e-04   0.0000
 -3.40720952e-01   0.0000
  4.63010639e-01   0.0000
  4.11974043e-01   0.0000
  7.25675285e-01   0.0000
 -5.15744984e-01   0.0000
  4.55065966e-01   0.0000
  2.33182579e-01   0.0000
 -2.10324913e-01   0.0000
  4.42200571e-01   0.0000
  3.26831073e-01   0.0000
 -6.48822904e-01   0.0000
 -3.83998752e-01   0.0000
  2.50651121e-01   0.0000
 -1.22132845e-01   0.0000
 -3.54552455e-02   0.0000
 -3.92693311e-01   0.0000
 -4.16959941e-01   0.0000
 -1.74136326e-01   0.0000
 -2.20378041e-01   0.0000
 -1.75914243e-01   0.0000
  4.49119180e-01   0.0000
 -2.35408843e-01   0.0000
 -1.52672902e-01   0.0000
  3.88183832e-01   0.0000
  1.27021760e-01   0.0000
 -7.52404779e-02   0.0000
 -1.86685920e+00   0.0000
  3.96786004e-01   0.0000
 -1.85647118e+00   0.0000
  7.42075741e-02   0.0000
  9.96080041e-01   0.0000
 -1.45391786e+00   0.0000
 -7.32702911e-01   0.0000
  1.26760817e+00   0.0000
  5.73333323e-01   0.0000
 -7.76834607e-01   0.0000
  1.25719175e-01   0.0000
  9.91782844e-02   0.0000
  1.41442811e+00   0.0000
 -1.16973019e+00   0.0000
 -2.80001819e-01   0.0000
  5.38796186e+00   0.0000
  1.95017308e-01   0.0000
 -8.80875230e-01   0.0000
  1.85806561e+00   0.0000
  2.96715975e-01   0.0000
 -6.26712859e-01   0.0000
 -5.94069719e-01   0.0000
 -3.40927839e-01   0.0000
  7.20117629e-01   0.0000
 -8.57842863e-01   0.0000
 -7.99283504e-01   0.0000
  2.60292709e-01   0.0000
 -5.38708329e-01   0.0000
  2.74348676e-01   0.0000
 -6.30921662e-01   0.0000
 -3.89223211e-02   0.0000
 -3.51039708e-01   0.0000
 -2.05894780e+00   0.0000
 -2.63065338e-01   0.0000
  1.21075356e+00   0.0000
 -2.89681733e-01   0.0000
 -1.27979033e-02   0.0000
  4.60096788e+00   0.0000
 -4.56262082e-01   0.0000
  1.52227533e+00   0.0000
  5.94347298e-01   0.0000
  1.10555319e-02   0.0000
  1.16772819e+00   0.0000
  6.48771048e-01   0.0000
  9.45294082e-01   0.0000
 -1.25783801e+00   0.0000
 -5.64790964e-01   0.0000
  1.19698608e+00   0.0000
  1.71724248e+00   0.0000
 -2.98750579e-01   0.0000
  3.11091042e+00   0.0000
  5.61337397e-02   0.0000
 -4.97311391e-02   0.0000
 -1.73820722e+00   0.0000
 -9.47929800e-01   0.0000
  4.03141091e-03   0.0000
 -1.73272714e-01   0.0000
  6.36101604e-01   0.0000
 -3.44155908e-01   0.0000
 -1.81666881e-01   0.0000
 -2.17085946e-02   0.0000
 -9.33420584e-02   0.0000
 -5.66413283e-01   0.0000
  4.16583896e-01   0.0000
 -8.25603783e-01   0.0000
 -6.10662401e-01   0.0000
 -2.33502936e+00   0.0000
 -4.53746080e-01   0.0000
 -6.87372983e-01   0.0000
 -2.76831579e+00   0.0000
 -5.39360404e-01   0.0000
  1.48206043e+00   0.0000
  3.53000045e-01   0.0000
 -6.57009840e-01   0.0000
 -6.41136765e-01   0.0000
  3.52728695e-01   0.0000
 -6.46939158e-01   0.0000
 -5.36605775e-01   0.0000
 -5.72662652e-01   0.0000
  4.85370964e-01   0.0000
  1.33425391e+00   0.0000
 -2.41004139e-01   0.0000
 -1.74009681e+00   0.0000
  7.77600557e-02   0.0000
 -4.48167384e-01   0.0000
 -1.00554955e+00   0.0000
 -3.06126326e-01   0.0000
 -1.16674796e-01   0.0000
 -2.35653281e-01   0.0000
  1.86657775e-02   0.0000
 -5.73865056e-01   0.0000
  1.22927744e-02   0.0000
 -1.70743465e-02   0.0000
 -5.92878640e-01   0.0000
 -4.48979139e-01   0.0000
  4.30968642e-01   0.0000
 -5.95046356e-02   0.0000
 -6.91226125e-01   0.0000
  3.52789736e+00   0.0000
 -5.56390047e-01   0.0000
 -1.98733196e-01   0.0000
  1.46059430e+00   0.0000
 -4.81294930e-01   0.0000
  4.59729552e-01   0.0000
  5.42975999e-02   0.0000
 -1.02387026e-01   0.0000
 -8.85479450e-02   0.0000
  3.19070637e-01   0.0000
 -1.36801004e+00   0.0000
 -5.35414338e-01   0.0000
  4.70812060e-02   0.0000
  4.29936558e-01   0.0000
  1.14309764e+00   0.0000
  2.52727658e-01   0.0000
  1.08840179e+00   0.0000
 -4.11181271e-01   0.0000
  2.75226325e-01   0.0000
 -3.18328917e-01   0.0000
 -1.25615420e-02   0.0000
  8.88506472e-02   0.0000
  1.76956862e-01   0.0000
 -3.60990584e-01   0.0000
 -7.10730374e-01   0.0000
  1.92698196e-01   0.0000
  4.77705151e-01   0.0000
  1.71521083e-01   0.0000
 -2.93696046e-01   0.0000
  6.76014900e-01   0.0000
 -2.87970930e-01   0.0000
 -4.07412797e-01   0.0000
  9.32470620e-01   0.0000
 -2.93416142e-01   0.0000
 -1.81615698e+00   0.0000
  2.33665299e+00   0.0000
  2.47229472e-01   0.0000
  1.63246229e-01   0.0000
 -6.86266348e-02   0.0000
 -1.84174347e+00   0.0000
 -1.59554221e-02   0.0000
 -3.85949016e-01   0.0000
 -7.49461234e-01   0.0000
  1.08919412e-01   0.0000
 -1.79977834e-01   0.0000
 -5.72998941e-01   0.0000
 -3.58624429e-01   0.0000
 -2.05130011e-01   0.0000
  2.23569226e+00   0.0000
 -1.62178412e-01   0.0000
 -4.84007090e-01   0.0000
  7.89407969e-01   0.0000
 -2.76760995e-01   0.0000
  2.25800723e-01   0.0000
 -4.30027723e-01   0.0000
  1.03681552e+00   0.0000
 -5.78403324e-02   0.0000
 -4.01923507e-01   0.0000
  3.12723696e-01   0.0000
  4.63732898e-01   0.0000
 -2.16342285e-02   0.0000
  5.35859823e-01   0.0000
 -1.88405037e-01   0.0000
  1.23964492e-02   0.0000
 -2.53196144e+00   0.0000
 -2.71258205e-02   0.0000
 -8.15405905e-01   0.0000
 -2.18795482e-02   0.0000
 -3.75285536e-01   0.0000
 -1.93050638e-01   0.0000
 -5.65108895e-01   0.0000
 -1.09523155e-01   0.0000
 -5.14292836e-01   0.0000
 -3.60499904e-03   0.0000
  6.96591794e-01   0.0000
 -1.86541349e-01   0.0000
  5.87216914e-01   0.0000
 -9.66649413e-01   0.0000
 -2.56466299e-01   0.0000
 -2.62463987e-01   0.0000
 -4.49682742e-01   0.0000
  4.29627031e-01   0.0000
 -3.46348196e-01   0.0000
 -7.31439173e-01   0.0000
  6.15731418e-01   0.0000
 -4.19651896e-01   0.0000
 -7.79078081e-02   0.0000
  9.00657535e-01   0.0000
  2.44442880e-01   0.0000
  4.30171967e-01   0.0000
 -3.15002084e-01   0.0000
  4.69280422e-01   0.0000
 -5.02101064e-01   0.0000
 -2.82688379e-01   0.0000
 -5.70638955e-01   0.0000
  4.73041236e-01   0.0000
 -1.73032272e+00   0.0000
  5.56209743e-01   0.0000
  3.04514617e-01   0.0000
 -1.06256115e+00   0.0000
 -1.77071154e-01   0.0000
  2.75063217e-01   0.0000
  2.12159142e-01   0.0000
  2.08174038e+00   0.0000
 -4.78132010e-01   0.0000
 -6.75283596e-02   0.0000
  1.66814113e+00   0.0000
  4.77669805e-01   0.0000
  3.64315324e-02   0.0000
 -1.04750943e+00   0.0000
 -5.20077407e-01   0.0000
  3.43652487e-01   0.0000
 -1.79257846e+00   0.0000
  4.59962308e-01   0.0000
 -4.13656346e-02   0.0000
 -1.01378568e-01   0.0000
  7.76616395e-01   0.0000
 -8.97643790e-02   0.0000
 -5.72447658e-01   0.0000
 -1.49799800e+00   0.0000
  3.88826698e-01   0.0000
 -3.78131509e-01   0.0000
 -2.09798589e-01   0.0000
  1.23395465e-01   0.0000
 -3.50266695e-01   0.0000
 -1.01351053e-01   0.0000
 -1.17795549e-01   0.0000
  1.73830271e-01   0.0000
  4.87219512e-01   0.0000
  3.19021761e-01   0.0000
  1.70130932e+00   0.0000
  6.39148131e-02   0.0000
  6.97011352e-02   0.0000
  7.23281443e-01   0.0000
  1.82239208e-02   0.0000
  1.75491679e+00   0.0000
  2.40868062e-01   0.0000
 -4.48823333e-01   0.0000
  8.42978597e-01   0.0000
 -2.48399407e-01   0.0000
  3.24857891e-01   0.0000
 -1.00192332e+00   0.0000
  1.48666680e-01   0.0000
 -4.25861180e-02   0.0000
 -1.63203740e+00   0.0000
  5.10684371e-01   0.0000
 -2.71807939e-01   0.0000
 -4.46777821e-01   0.0000
 -1.40776664e-01   0.0000
 -6.20606005e-01   0.0000
 -3.32156688e-01   0.0000
 -3.67198139e-01   0.0000
 -2.70130903e-01   0.0000
 -4.58383054e-01   0.0000
 -5.92837453e-01   0.0000
 -1.89481795e-01   0.0000
  7.87466317e-02   0.0000
 -9.34904277e-01   0.0000
  5.53068352e+00   0.0000
 -9.33532715e-02   0.0000
 -1.12593060e+01   0.0000
 -7.50434697e-01   0.0000
  1.84653270e+00   0.0000
 -7.26697683e+00   0.0000
  2.58020669e-01   0.0000
 -2.46002340e+00   0.0000
  9.55627143e-01   0.0000
 -1.02973843e+00   0.0000
  2.28118563e+00   0.0000
  6.63556278e-01   0.0000
  4.06332731e-01   0.0000
 -2.22422600e+00   0.0000
 -4.62640166e-01   0.0000
 -1.18172157e+00   0.0000
 -2.41082597e+00   0.0000
  6.39185131e-01   0.0000
  4.02389079e-01   0.0000
 -6.45494998e-01   0.0000
 -1.49476692e-01   0.0000
  1.35906965e-01   0.0000
 -7.37430811e-01   0.0000
  7.44368017e-01   0.0000
  6.71842873e-01   0.0000
 -4.80501842e+00   0.0000
 -1.03175521e+00   0.0000
 -7.11609781e-01   0.0000
  3.59506816e-01   0.0000
 -6.26366973e-01   0.0000
 -2.86862880e-01   0.0000
  1.26410198e+00   0.0000
  1.90728581e+00   0.0000
 -1.24494231e+00   0.0000
  9.33545494e+00   0.0000
 -1.18126714e+00   0.0000
  4.08966875e+00   0.0000
  4.03613710e+00   0.0000
  1.67083943e+00   0.0000
 -1.57068145e+00   0.0000
  1.19540060e+00   0.0000
  3.31118679e+00   0.0000
  2.05015349e+00   0.0000
  4.33096319e-01   0.0000
 -4.45002413e+00   0.0000
 -1.41592515e+00   0.0000
 -8.87029707e-01   0.0000
 -1.93493235e+00   0.0000
 -2.15349293e+00   0.0000
  9.65927839e-01   0.0000
  4.41776085e+00   0.0000
 -1.66961718e+00   0.0000
  1.34219301e+00   0.0000
 -2.20692825e+00   0.0000
 -2.55828667e+00   0.0000
  1.92086136e+00   0.0000
  2.60591531e+00   0.0000
  6.11996651e+00   0.0000
 -1.45420706e+00   0.0000
 -3.58011812e-01   0.0000
  1.11461389e+00   0.0000
 -1.06878829e+00   0.0000
  8.01561415e-01   0.0000
  2.74288797e+00   0.0000
  2.92749524e-01   0.0000

