 5 0.000000 1
 1 
 Si 28.085500
 0 0.500000 4.500000 0.978124 1.000000 
 5 0 1 2 4 6
 8 2.25000 2.50000 2.75000 3.00000 3.25000 3.50000 3.75000 4.00000
 1 12.169200 6.172630 3.114710 0.755675 0.404939 0.036124 0.650018 0.572890
 3 40 32 1
 -2.58945405e-01   0.0000
  5.91128290e-01   0.0000
  2.24568081e+00   0.0000
 -7.63945401e-01   0.0000
 -5.21250725e-01   0.0000
  1.29270756e+00   0.0000
 -1.51657522e+00   0.0000
 -5.04977286e-01   0.0000
  9.55351651e-01   0.0000
  3.53113897e-02   0.0000
  9.27147686e-01   0.0000
  6.64434195e-01   0.0000
 -1.61036694e+00   0.0000
 -9.56962407e-01   0.0000
 -1.33928430e+00   0.0000
 -1.34000337e+00   0.0000
 -9.75168824e-01   0.0000
 -6.94595814e-01   0.0000
 -1.23096712e-01   0.0000
 -7.87377357e-01   0.0000
 -1.91019440e+00   0.0000
  2.25420523e+00   0.0000
 -2.18256235e+00   0.0000
  1.79003513e+00   0.0000
 -1.85300159e+00   0.0000
  1.19063735e+00   0.0000
 -4.19286311e-01   0.0000
 -1.38458037e+00   0.0000
  9.94239509e-01   0.0000
 -1.62836701e-01   0.0000
 -1.66670060e+00   0.0000
 -2.74773657e-01   0.0000
 -5.44676542e-01   0.0000
  1.00779343e+00   0.0000
 -2.31532559e-01   0.0000
 -3.05150673e-02   0.0000
 -1.08325183e+00   0.0000
  3.95464838e-01   0.0000
 -1.16142082e+00   0.0000
  3.47065181e-02   0.0000
  1.55196345e+00   0.0000
 -1.01777524e-01   0.0000
  8.79007459e-01   0.0000
  1.11717880e+00   0.0000
  1.30276799e+00   0.0000
 -1.24941409e+00   0.0000
 -1.42627788e+00   0.0000
 -2.18299910e-01   0.0000
 -9.36453521e-01   0.0000
  8.65179300e-02   0.0000
 -7.28257179e-01   0.0000
 -6.39422655e-01   0.0000
 -8.22385788e-01   0.0000
 -2.16492657e-02   0.0000
 -1.18003225e+00   0.0000
  1.01893294e+00   0.0000
 -1.17559171e+00   0.0000
 -7.69189060e-01   0.0000
 -3.23366076e-01   0.0000
 -4.33261782e-01   0.0000
  6.28916323e-01   0.0000
 -4.50661719e-01   0.0000
 -8.07069659e-01   0.0000
 -9.56911087e-01   0.0000
 -4.26694483e-01   0.0000
  3.31990540e-01   0.0000
 -1.71157606e-02   0.0000
 -7.12835431e-01   0.0000
 -1.75150573e-01   0.0000
  5.23316860e-01   0.0000
 -1.14742649e+00   0.0000
  3.18024278e-01   0.0000
  7.41501629e-01   0.0000
  4.54264460e-03   0.0000
  2.20425516e-01   0.0000
  4.39616919e-01   0.0000
  3.35551023e+00   0.0000
 -8.98666441e-01   0.0000
 -5.07284939e-01   0.0000
 -9.78128374e-01   0.0000
 -9.14011955e-01   0.0000
  1.05905902e+00   0.0000
  3.12949538e-01   0.0000
 -9.80768442e-01   0.0000
 -9.01366234e-01   0.0000
 -1.26461482e+00   0.0000
 -9.58680570e-01   0.0000
  1.08714163e+00   0.0000
 -1.46844733e+00   0.0000
 -1.14393663e+00   0.0000
 -6.59057021e-01   0.0000
 -6.75739646e-01   0.0000
  5.30381501e-01   0.0000
 -7.66599104e-02   0.0000
 -7.40928173e-01   0.0000
 -1.25832272e+00   0.0000
 -5.51366061e-02   0.0000
  6.22561991e-01   0.0000
  8.52664351e-01   0.0000
 -5.53674877e-01   0.0000
  6.81457698e-01   0.0000
  4.02975589e-01   0.0000
 -1.14434278e+00   0.0000
  2.82953531e-01   0.0000
  4.82326984e-01   0.0000
  1.22096233e-01   0.0000
  6.62237942e-01   0.0000
  9.16144431e-01   0.0000
  2.16683102e+00   0.0000
 -6.15391195e-01   0.0000
 -3.80578399e-01   0.0000
 -2.20766831e-02   0.0000
 -8.72885212e-02   0.0000
  3.88240635e-01   0.0000
 -3.08836311e-01   0.0000
 -1.59185719e+00   0.0000
 -1.26521301e+00   0.0000
 -7.36022532e-01   0.0000
 -4.75333124e-01   0.0000
  8.91915619e-01   0.0000
 -1.41118634e+00   0.0000
  2.94607699e-01   0.0000
 -4.29066092e-01   0.0000
 -5.43566234e-03   0.0000
 -9.10758376e-02   0.0000
 -2.84750670e-01   0.0000
 -1.02820539e+00   0.0000
 -1.29037428e+00   0.0000
  9.46662545e-01   0.0000
  1.44961034e-03   0.0000
  2.56319851e-01   0.0000
  2.51553744e-01   0.0000
  1.67818084e-01   0.0000
 -4.85306710e-01   0.0000
 -1.18434036e+00   0.0000
 -2.25601405e-01   0.0000
 -9.65933725e-02   0.0000
  7.43554652e-01   0.0000
  3.41775864e-01   0.0000
 -7.92566240e-02   0.0000
  6.47210419e-01   0.0000
 -4.25269336e-01   0.0000
 -1.23305142e-01   0.0000
  4.47617859e-01   0.0000
  5.96418977e-01   0.0000
  7.35420942e-01   0.0000
  4.86384660e-01   0.0000
 -1.65408957e+00   0.0000
 -7.62944639e-01   0.0000
 -2.83919144e-02   0.0000
  3.63469273e-01   0.0000
  2.76553240e-02   0.0000
 -1.12467861e+00   0.0000
  1.13695848e+00   0.0000
 -4.54486579e-01   0.0000
 -6.93755567e-01   0.0000
  2.15372652e-01   0.0000
 -4.08809721e-01   0.0000
 -4.48951237e-02   0.0000
 -1.29955602e+00   0.0000
  6.00285411e-01   0.0000
 -5.76085210e-01   0.0000
 -4.64747220e-01   0.0000
 -9.53546464e-02   0.0000
 -4.65316363e-02   0.0000
 -8.77393126e-01   0.0000
 -1.12748981e+00   0.0000
 -5.43986112e-02   0.0000
  4.68071550e-01   0.0000
 -8.68338868e-02   0.0000
  8.65018144e-02   0.0000
  4.22200531e-01   0.0000
  1.97172508e-01   0.0000
  6.44453019e-02   0.0000
 -6.03654563e-01   0.0000
  7.31215775e-01   0.0000
  1.26268864e+00   0.0000
  1.01894140e+00   0.0000
  6.95388138e-01   0.0000
 -1.41864765e+00   0.0000
 -7.88536146e-02   0.0000
 -2.39440203e-01   0.0000
 -5.62770784e-01   0.0000
 -8.14339221e-02   0.0000
 -7.65169799e-01   0.0000
  8.24096262e-01   0.0000
 -9.81504098e-02   0.0000
 -6.12589419e-01   0.0000
  4.67651427e-01   0.0000
 -1.12355620e-01   0.0000
 -6.93112552e-01   0.0000
  2.78084129e-01   0.0000
  4.76376206e-01   0.0000
 -4.11755800e-01   0.0000
 -6.64403737e-02   0.0000
 -5.38051486e-01   0.0000
 -9.80019033e-01   0.0000
 -1.16763008e+00   0.0000
 -5.00279367e-01   0.0000
  7.41288066e-02   0.0000
  3.55332553e-01   0.0000
 -1.89945072e-01   0.0000
  2.82778293e-01   0.0000
  5.01623750e-01   0.0000
 -3.01440414e-02   0.0000
  5.43987572e-01   0.0000
  8.41379315e-02   0.0000
  7.79210031e-02   0.0000
  3.73845547e-01   0.0000
  1.29200268e+00   0.0000
 -7.72056222e-01   0.0000
 -7.72252560e-01   0.0000
 -7.10074902e-01   0.0000
  1.13221645e+00   0.0000
 -3.51269752e-01   0.0000
  3.00577074e-01   0.0000
 -8.23531508e-01   0.0000
 -4.04055685e-01   0.0000
 -5.92431664e-01   0.0000
 -3.81564677e-01   0.0000
  5.01320243e-01   0.0000
 -2.09161952e-01   0.0000
 -6.51894629e-01   0.0000
  4.34522629e-01   0.0000
 -1.67412782e+00   0.0000
 -1.03008139e+00   0.0000
 -2.79683560e-01   0.0000
 -5.17477870e-01   0.0000
  2.41649032e+00   0.0000
  1.01478171e+00   0.0000
 -2.89457440e-01   0.0000
 -2.59683747e-02   0.0000
 -1.95354223e-01   0.0000
  7.05215454e-01   0.0000
  1.14484465e+00   0.0000
 -1.65295899e-02   0.0000
 -4.79643673e-01   0.0000
 -8.98168162e-02   0.0000
 -3.62588823e-01   0.0000
 -4.28312302e-01   0.0000
  1.77118868e-01   0.0000
  1.65927482e+00   0.0000
 -1.23286438e+00   0.0000
 -2.39915505e-01   0.0000
 -3.30896199e-01   0.0000
  9.86054242e-01   0.0000
 -7.00692296e-01   0.0000
  6.54157639e-01   0.0000
 -3.58294070e-01   0.0000
  1.76077813e-01   0.0000
 -2.52628505e-01   0.0000
  1.49032772e-01   0.0000
  6.25162959e-01   0.0000
 -5.45595825e-01   0.0000
 -3.31265330e-01   0.0000
  1.44175753e-01   0.0000
 -3.92794549e-01   0.0000
  9.40002203e-01   0.0000
  3.46427947e-01   0.0000
 -1.67461380e-01   0.0000
  5.29432178e-01   0.0000
  6.30536914e-01   0.0000
 -6.41339242e-01   0.0000
 -1.48958671e+00   0.0000
 -2.21101671e-01   0.0000
 -1.28918839e+00   0.0000
  4.08367813e-01   0.0000
  3.63897055e-01   0.0000
 -1.22948432e+00   0.0000
 -2.22352698e-01   0.0000
  1.56020150e-01   0.0000
  2.35301733e+00   0.0000
  1.33663878e-01   0.0000
 -1.67528200e+00   0.0000
  1.85033530e-01   0.0000
  3.33892137e-01   0.0000
 -6.91110551e-01   0.0000
  1.48713195e+00   0.0000
  2.56784976e-01   0.0000
 -4.05474663e-01   0.0000
 -1.64524388e+00   0.0000
 -1.05744910e+00   0.0000
  1.53130665e-01   0.0000
  1.53755426e-01   0.0000
 -2.61548221e-01   0.0000
  1.88757718e-01   0.0000
 -8.47491324e-01   0.0000
  8.03917944e-01   0.0000
 -1.00896187e-01   0.0000
  1.13464165e+00   0.0000
  1.31181097e+00   0.0000
  3.72204363e-01   0.0000
  9.96286511e-01   0.0000
 -7.12534726e-01   0.0000
 -5.72054684e-01   0.0000
 -6.06018364e-01   0.0000
 -4.58895147e-01   0.0000
  2.54696339e-01   0.0000
 -2.22954318e-01   0.0000
 -2.04529926e-01   0.0000
 -1.50356412e-01   0.0000
 -5.92111945e-01   0.0000
 -3.37927550e-01   0.0000
  1.05605805e+00   0.0000
  9.06115055e-01   0.0000
 -1.33971429e+00   0.0000
  4.53061193e-01   0.0000
  9.44851756e-01   0.0000
 -6.06766462e-01   0.0000
  1.69159129e-01   0.0000
  7.74030268e-01   0.0000
 -1.03612900e+00   0.0000
 -1.00466073e+00   0.0000
  5.21300375e-01   0.0000
 -2.38557547e-01   0.0000
 -2.71599501e-01   0.0000
 -4.09669191e-01   0.0000
  2.04607308e-01   0.0000
 -6.40169144e-01   0.0000
  6.14141524e-01   0.0000
 -4.48725253e-01   0.0000
  4.43230152e-01   0.0000
  1.01500869e+00   0.0000
  1.82776511e-01   0.0000
  5.05203545e-01   0.0000
 -4.26309764e-01   0.0000
 -8.54222655e-01   0.0000
  2.27713421e-01   0.0000
 -4.46935475e-01   0.0000
  4.41162348e-01   0.0000
 -1.19061977e-01   0.0000
 -2.45906971e-03   0.0000
 -1.02976608e+00   0.0000
 -5.86790621e-01   0.0000
  3.83780003e-01   0.0000
 -5.42198241e-01   0.0000
  1.11251819e+00   0.0000
 -1.24766326e+00   0.0000
  4.41565037e-01   0.0000
  3.80106330e-01   0.0000
 -7.48761237e-01   0.0000
  5.01224756e-01   0.0000
  1.45864344e+00   0.0000
 -1.07680786e+00   0.0000
 -4.00568455e-01   0.0000
  8.39228630e-01   0.0000
 -2.65948325e-01   0.0000
  2.28950918e-01   0.0000
 -5.73414378e-02   0.0000
  5.41664302e-01   0.0000
 -5.22769988e-01   0.0000
  7.84259617e-01   0.0000
  8.20256650e-01   0.0000
  5.76144636e-01   0.0000
  7.90949047e-01   0.0000
  3.07629198e-01   0.0000
 -3.87832016e-01   0.0000
  3.29037718e-02   0.0000
 -3.97197813e-01   0.0000
  4.03718412e-01   0.0000
 -5.40758312e-01   0.0000
 -4.53758150e-01   0.0000
 -4.56758767e-01   0.0000
  5.86963557e-02   0.0000
 -1.46375489e+00   0.0000
  3.79635364e-01   0.0000
  3.28158349e-01   0.0000
 -7.90350199e-01   0.0000
  1.05395854e+00   0.0000
 -1.67533651e-01   0.0000
 -2.22480908e-01   0.0000
 -4.24065948e-01   0.0000
 -2.32303396e-01   0.0000
 -4.61648822e-01   0.0000
  1.87017739e+00   0.0000
 -5.66995919e-01   0.0000
 -4.48720902e-01   0.0000
  9.79947329e-01   0.0000
  1.18615657e-01   0.0000
  4.85274643e-01   0.0000
 -4.30576235e-01   0.0000
  5.53958297e-01   0.0000
 -7.30441451e-01   0.0000
  9.45011020e-01   0.0000
  1.10999048e+00   0.0000
 -6.39442876e-02   0.0000
 -2.35560596e-01   0.0000
  6.47745013e-01   0.0000
 -4.57632422e-01   0.0000
  2.11457849e+00   0.0000
 -6.34199619e-01   0.0000
 -2.78845012e-01   0.0000
  1.04984149e-01   0.0000
 -8.75973821e-01   0.0000
 -7.11896479e-01   0.0000
 -2.71850914e-01   0.0000
 -5.50780654e-01   0.0000
  1.08304527e-02   0.0000
  1.47870928e-01   0.0000
 -1.02349496e+00   0.0000
  1.35957384e+00   0.0000
 -3.29748988e-01   0.0000
 -5.88838995e-01   0.0000
 -5.78711331e-01   0.0000
 -9.32465613e-01   0.0000
 -4.11096603e-01   0.0000
  1.79763794e+00   0.0000
 -1.20279741e+00   0.0000
 -1.28848648e+00   0.0000
 -8.46299008e-02   0.0000
  8.33670944e-02   0.0000
 -2.42908686e-01   0.0000
  1.32456839e-01   0.0000
 -2.22010568e-01   0.0000
 -1.05115324e-01   0.0000
  2.26480901e-01   0.0000
  1.26972377e+00   0.0000
  4.04676460e-02   0.0000
 -1.06961441e+00   0.0000
  3.69366586e-01   0.0000
 -6.87660158e-01   0.0000
  2.72814465e+00   0.0000
 -4.36743528e-01   0.0000
 -9.14061219e-02   0.0000
  3.05173129e-01   0.0000
 -8.73682022e-01   0.0000
  1.70520991e-01   0.0000
  4.30779427e-01   0.0000
 -8.88239682e-01   0.0000
 -2.01297939e-01   0.0000
  5.91518104e-01   0.0000
 -8.77160788e-01   0.0000
  6.31908834e-01   0.0000
 -5.71291745e-01   0.0000
 -2.59730756e-01   0.0000
 -8.06995451e-01   0.0000
 -4.97001737e-01   0.0000
 -1.44434512e-01   0.0000
  9.15161133e-01   0.0000
 -7.51188934e-01   0.0000
 -1.03439033e+00   0.0000
 -5.02745807e-01   0.0000
  5.21858875e-03   0.0000
  3.37768704e-01   0.0000
 -3.04219365e-01   0.0000
 -2.32922524e-01   0.0000
  3.69947217e-02   0.0000
  8.31094444e-01   0.0000
  4.09598380e-01   0.0000
  4.12942082e-01   0.0000
 -1.79308736e+00   0.0000
 -4.94889110e-01   0.0000
  1.40358821e-01   0.0000
  1.50876880e+00   0.0000
 -9.66054797e-02   0.0000
 -3.92532319e-01   0.0000
 -2.03431085e-01   0.0000
  1.47648096e-01   0.0000
 -5.26192307e-01   0.0000
 -2.24014431e-01   0.0000
 -9.80327308e-01   0.0000
  2.93609779e-03   0.0000
 -2.89407015e-01   0.0000
 -1.30790281e+00   0.0000
  7.86392391e-01   0.0000
 -1.79947726e-02   0.0000
  6.10591412e-01   0.0000
 -6.65358841e-01   0.0000
  7.31996968e-02   0.0000
  2.52988692e-02   0.0000
  8.12011719e-01   0.0000
 -7.16199100e-01   0.0000
  5.23220971e-02   0.0000
  4.63079482e-01   0.0000
 -2.72027016e-01   0.0000
  9.49356705e-02   0.0000
  3.99373829e-01   0.0000
  4.35047954e-01   0.0000
  4.78790440e-02   0.0000
  6.29397750e-01   0.0000
  9.76569891e-01   0.0000
 -5.01643419e-01   0.0000
 -1.48373735e+00   0.0000
 -1.70555532e-01   0.0000
  4.08234119e-01   0.0000
  1.22215307e+00   0.0000
 -4.76100564e-01   0.0000
 -3.46900851e-01   0.0000
  2.61937827e-01   0.0000
  8.88597786e-01   0.0000
 -2.71286905e-01   0.0000
  2.77248859e-01   0.0000
 -4.34644759e-01   0.0000
  2.69620985e-01   0.0000
 -4.50452119e-01   0.0000
 -1.74306881e+00   0.0000
 -1.06789961e-01   0.0000
  5.63340306e-01   0.0000
  1.06016636e+00   0.0000
 -4.78356928e-02   0.0000
  1.89608544e-01   0.0000
 -4.62519601e-02   0.0000
 -1.71220213e-01   0.0000
 -5.05690575e-01   0.0000
 -1.69368654e-01   0.0000
  2.85145342e-01   0.0000
 -7.63666630e-02   0.0000
 -5.84726781e-02   0.0000
 -1.60522565e-01   0.0000
  2.66089588e-01   0.0000
 -1.23430274e-01   0.0000
  1.10148406e+00   0.0000
  2.01518273e+00   0.0000
 -9.09305364e-02   0.0000
 -1.28357697e+00   0.0000
  1.60093784e-01   0.0000
  1.33244729e+00   0.0000
  1.14747882e+00   0.0000
 -5.13843477e-01   0.0000
 -1.63794255e+00   0.0000
  1.45395949e-01   0.0000
 -6.10955358e-01   0.0000
  7.03323901e-01   0.0000
  2.74853408e-01   0.0000
 -2.97904396e+00   0.0000
 -5.85385025e-01   0.0000
 -3.10870446e-02   0.0000
  2.07208252e+00   0.0000
  1.51388824e-01   0.0000
 -7.90876865e-01   0.0000
 -1.38718748e+00   0.0000
  4.97611105e-01   0.0000
 -2.12300718e-01   0.0000
 -1.52330413e-01   0.0000
 -4.92660522e-01   0.0000
  7.39482164e-01   0.0000
 -3.54264349e-01   0.0000
 -7.42707670e-01   0.0000
 -2.92590082e-01   0.0000
  5.34567498e-02   0.0000
 -2.26374298e-01   0.0000
 -1.14421792e-01   0.0000
 -3.52526098e-01   0.0000
  4.85701025e-01   0.0000
  8.25730324e-01   0.0000
  2.99108148e-01   0.0000
 -2.11586431e-01   0.0000
  3.06341082e-01   0.0000
  1.43883193e+00   0.0000
  2.55031765e-01   0.0000
  4.87265974e-01   0.0000
 -1.83133161e+00   0.0000
  3.93551379e-01   0.0000
  6.94086701e-02   0.0000
 -1.40611246e-01   0.0000
 -1.79684386e-01   0.0000
 -2.86173224e-02   0.0000
 -2.51006246e-01   0.0000
 -1.57600641e-01   0.0000
 -2.99388140e-01   0.0000
 -4.37505841e-01   0.0000
 -1.79740451e-02   0.0000
 -4.16569710e-01   0.0000
  1.10192525e+00   0.0000
 -1.66500643e-01   0.0000
  2.76903510e-01   0.0000
 -1.79697022e-01   0.0000
 -2.80162841e-01   0.0000
  4.43098426e-01   0.0000
  1.29406765e-01   0.0000
 -7.37721622e-02   0.0000
  1.19664118e-01   0.0000
 -7.77066723e-02   0.0000
  2.49285281e-01   0.0000
 -5.27650416e-01   0.0000
 -5.78173757e-01   0.0000
  3.81255060e-01   0.0000
  1.96369544e-01   0.0000
 -5.30779183e-01   0.0000
  1.52191550e-01   0.0000
  2.08479023e+00   0.0000
 -2.53641486e-01   0.0000
 -4.76935320e-03   0.0000
 -6.23789787e-01   0.0000
 -2.96860069e-01   0.0000
  1.07451689e+00   0.0000
  4.07127917e-01   0.0000
 -4.05543417e-01   0.0000
  1.99866846e-01   0.0000
  9.02044550e-02   0.0000
  3.97470295e-01   0.0000
 -1.16841197e+00   0.0000
  7.31209755e-01   0.0000
 -2.67014414e-01   0.0000
 -5.65524459e-01   0.0000
  8.77747893e-01   0.0000
 -5.27215123e-01   0.0000
 -9.99364182e-02   0.0000
  7.06339300e-01   0.0000
 -3.85592282e-01   0.0000
  4.03926432e-01   0.0000
 -3.95489663e-01   0.0000
 -1.34338319e-01   0.0000
  3.58673006e-01   0.0000
  2.96319187e-01   0.0000
  1.74549565e-01   0.0000
  1.96547911e-01   0.0000
  3.43573660e-01   0.0000
 -8.82758081e-01   0.0000
 -3.66598070e-02   0.0000
  3.45866174e-01   0.0000
 -3.80797178e-01   0.0000
  2.25660348e+00   0.0000
  8.32714662e-02   0.0000
 -1.45901412e-01   0.0000
 -3.01969767e-01   0.0000
  3.41059357e-01   0.0000
  6.91096485e-01   0.0000
  1.85973063e-01   0.0000
  2.60066837e-01   0.0000
 -6.29346073e-01   0.0000
 -1.65603057e-01   0.0000
 -3.79578233e-01   0.0000
 -2.96857357e-01   0.0000
  8.25330973e-01   0.0000
  2.17078015e-01   0.0000
 -7.17708409e-01   0.0000
  5.01245797e-01   0.0000
  2.69870497e-02   0.0000
 -7.32906342e-01   0.0000
  2.77891487e-01   0.0000
  4.15653475e-02   0.0000
 -3.44187111e-01   0.0000
 -4.42190528e-01   0.0000
  1.78767756e-01   0.0000
 -4.36739415e-01   0.0000
 -1.31572038e-01   0.0000
  2.35206798e-01   0.0000
 -2.29392737e-01   0.0000
  4.68455940e-01   0.0000
 -3.94047230e-01   0.0000
 -1.01070948e-01   0.0000
  1.46911466e+00   0.0000
 -5.25647104e-01   0.0000
  1.25265825e+00   0.0000
  9.91331220e-01   0.0000
 -2.56328821e-01   0.0000
  1.03535736e+00   0.0000
 -3.31721604e-02   0.0000
  1.31660467e-02   0.0000
 -4.16547745e-01   0.0000
  4.65807647e-01   0.0000
 -1.84304023e+00   0.0000
 -3.29072289e-02   0.0000
 -3.35819185e-01   0.0000
  3.77327710e-01   0.0000
  8.89524996e-01   0.0000
 -2.62460142e-01   0.0000
 -1.57947099e+00   0.0000
 -6.39616311e-01   0.0000
  5.44102490e-02   0.0000
 -4.08833563e-01   0.0000
  9.41438377e-02   0.0000
 -3.85354459e-01   0.0000
  2.38442525e-01   0.0000
 -9.88516688e-01   0.0000
 -1.94048688e-01   0.0000
 -2.19495773e-01   0.0000
  1.74835041e-01   0.0000
 -5.17856002e-01   0.0000
 -1.99759528e-02   0.0000
  6.93584561e-01   0.0000
 -3.81561875e-01   0.0000
  1.42567262e-01   0.0000
  1.46833801e+00   0.0000
 -3.16726193e-02   0.0000
  1.18883061e+00   0.0000
  2.63613009e+00   0.0000
 -3.95899266e-02   0.0000
  1.46531188e+00   0.0000
 -2.16074482e-01   0.0000
  1.61544487e-01   0.0000
 -5.34680843e-01   0.0000
 -2.99913257e-01   0.0000
 -2.18742800e+00   0.0000
  4.39658433e-01   0.0000
 -2.42557824e-01   0.0000
  6.47720993e-02   0.0000
  9.38030779e-01   0.0000
 -1.95245773e-01   0.0000
 -7.99071610e-01   0.0000
 -4.00615096e-01   0.0000
  2.62086004e-01   0.0000
  2.21313506e-01   0.0000
 -1.08276166e-01   0.0000
  3.01842928e-01   0.0000
  1.91223696e-01   0.0000
 -8.76204848e-01   0.0000
 -2.99591571e-01   0.0000
 -1.48933500e-01   0.0000
 -7.73338005e-02   0.0000
 -5.05442202e-01   0.0000
  1.50536045e-01   0.0000
  5.27730107e-01   0.0000
  5.92282236e-01   0.0000
 -3.32990974e-01   0.0000
  2.10100675e+00   0.0000
  2.71475345e-01   0.0000
  3.07242453e-01   0.0000
  2.63001943e+00   0.0000
  4.08464104e-01   0.0000
  4.36850935e-01   0.0000
 -1.08458735e-02   0.0000
 -2.10856691e-01   0.0000
 -4.12917107e-01   0.0000
  3.23882580e-01   0.0000
 -1.94637978e+00   0.0000
 -3.52610976e-01   0.0000
  5.08387275e-02   0.0000
 -1.56840056e-01   0.0000
  7.29742944e-01   0.0000
  3.59821409e-01   0.0000
  2.04642341e-01   0.0000
 -8.77515912e-01   0.0000
 -3.72523606e-01   0.0000
 -7.45841786e-02   0.0000
  3.65263551e-01   0.0000
  3.71364713e-01   0.0000
 -4.04468589e-02   0.0000
  1.39370531e-01   0.0000
 -1.78909898e-01   0.0000
 -2.72540957e-01   0.0000
 -2.36172959e-01   0.0000
 -1.04780473e-01   0.0000
  1.44869059e-01   0.0000
  7.52633214e-01   0.0000
  4.57140625e-01   0.0000
  3.57123971e-01   0.0000
  1.38127732e+00   0.0000
 -6.29795849e-01   0.0000
 -1.05861321e-01   0.0000
  1.84189951e+00   0.0000
  2.78647363e-01   0.0000
  5.68068624e-01   0.0000
  1.51539436e-02   0.0000
  4.06484991e-01   0.0000
 -9.93160456e-02   0.0000
 -7.54248798e-02   0.0000
 -1.77028310e+00   0.0000
  3.86658281e-01   0.0000
 -7.81410262e-02   0.0000
 -2.91164398e-01   0.0000
  4.82843786e-01   0.0000
  3.30309510e-01   0.0000
  1.35652041e+00   0.0000
 -9.61907879e-02   0.0000
  9.61404145e-02   0.0000
 -1.00385539e-01   0.0000
 -2.14117140e-01   0.0000
  1.64709672e-01   0.0000
  4.14408833e-01   0.0000
  7.74014890e-01   0.0000
 -6.14876986e-01   0.0000
  3.76137756e-02   0.0000
  3.15237284e-01   0.0000
 -3.51925075e-01   0.0000
 -3.78537953e-01   0.0000
  1.20792031e+00   0.0000
  8.43305409e-01   0.0000
  5.36303341e-01   0.0000
 -2.21807671e+00   0.0000
 -5.49234211e-01   0.0000
  2.64556193e+00   0.0000
 -3.06352472e+00   0.0000
 -7.31585503e-01   0.0000
  3.26047331e-01   0.0000
  2.02901050e-01   0.0000
  3.59728098e-01   0.0000
  9.80548188e-02   0.0000
  6.62317812e-01   0.0000
  1.76792097e+00   0.0000
  3.11990492e-02   0.0000
 -4.68865454e-01   0.0000
 -2.85113144e+00   0.0000
 -1.10648417e+00   0.0000
 -2.77242243e-01   0.0000
 -2.67684364e+00   0.0000
  1.95416287e-01   0.0000
 -5.25440931e-01   0.0000
  5.20765424e-01   0.0000
 -1.42528760e+00   0.0000
  1.19378173e+00   0.0000
 -8.58951986e-01   0.0000
 -8.61112177e-01   0.0000
 -3.39953005e-01   0.0000
 -9.99308079e-02   0.0000
  4.14988339e-01   0.0000
 -2.89739162e-01   0.0000
 -6.33880675e-01   0.0000
 -5.85958183e-01   0.0000
  4.13057119e-01   0.0000
  6.12183452e-01   0.0000
  5.23616731e-01   0.0000
 -3.89686793e-01   0.0000
  1.30577564e+00   0.0000
  4.45284158e-01   0.0000
 -5.40517330e-01   0.0000
  2.52073646e-01   0.0000
  4.57189471e-01   0.0000
  4.10617858e-01   0.0000
  4.71645355e-01   0.0000
  5.35005033e-02   0.0000
 -5.43773472e-01   0.0000
 -4.08942282e-01   0.0000
 -7.43267000e-01   0.0000
 -1.45481515e+00   0.0000
 -8.55531931e-01   0.0000
  6.39911175e-01   0.0000
  2.40591869e-01   0.0000
 -1.28884912e-01   0.0000
 -4.44464117e-01   0.0000
  2.46266794e+00   0.0000
 -9.40550625e-01   0.0000
  1.07767916e+00   0.0000
  4.32816863e-01   0.0000
  1.19686387e-01   0.0000
  8.78252536e-02   0.0000
 -5.77605426e-01   0.0000
  6.00365877e-01   0.0000
 -2.99792260e-01   0.0000
  2.42479444e-01   0.0000
  1.76330531e+00   0.0000
 -3.98021698e-01   0.0000
  1.26850581e+00   0.0000
  2.89002323e+00   0.0000
 -4.99214716e-02   0.0000
  1.16115856e+00   0.0000
  6.27652626e-04   0.0000
 -1.50488302e-01   0.0000
  2.67895222e-01   0.0000
  7.66597807e-01   0.0000
  1.06928682e+00   0.0000
  1.17732847e+00   0.0000
  1.12718642e-01   0.0000
 -6.32477999e-01   0.0000
 -6.00274801e-01   0.0000
 -6.24124467e-01   0.0000
  7.19941437e-01   0.0000
  5.24029601e-03   0.0000
  7.77234495e-01   0.0000
 -1.07458375e-01   0.0000
 -5.13730705e-01   0.0000
  3.57811958e-01   0.0000
  1.76800442e+00   0.0000
 -1.38161016e+00   0.0000
  9.54846740e-01   0.0000
  3.81699979e-01   0.0000
 -1.25554156e+00   0.0000
 -8.83809984e-01   0.0000
 -3.21209729e-01   0.0000
  7.35711753e-01   0.0000
 -3.36531490e-01   0.0000
 -2.91076690e-01   0.0000
  1.76168895e+00   0.0000
 -7.85417378e-01   0.0000
  1.06749177e+00   0.0000
  3.56948376e-01   0.0000
  3.86058092e-01   0.0000
  6.30217910e-01   0.0000
 -1.29669154e+00   0.0000
  5.14707148e-01   0.0000
 -7.98078954e-01   0.0000
  2.19789281e-01   0.0000
  3.83352995e-01   0.0000
  1.28510988e+00   0.0000
  1.39648968e-03   0.0000
  1.44504356e+00   0.0000
 -4.67575461e-01   0.0000
 -3.04408729e-01   0.0000
  5.66063643e-01   0.0000
 -7.45392442e-01   0.0000
  4.31046039e-01   0.0000
  8.76230374e-02   0.0000
  4.62281078e-01   0.0000
 -1.12004347e-01   0.0000
  8.49537790e-01   0.0000
 -1.10271204e+00   0.0000
  2.45178476e-01   0.0000
 -7.95443803e-02   0.0000
  9.13978875e-01   0.0000
  1.26132891e-01   0.0000
  1.18821740e-01   0.0000
 -1.72666147e-01   0.0000
  4.31577802e-01   0.0000
  3.17243785e-01   0.0000
  7.62793005e-01   0.0000
 -8.34038794e-01   0.0000
  1.72855997e+00   0.0000
 -1.18237424e+00   0.0000
  1.49269387e-01   0.0000
 -1.35067120e-01   0.0000
 -9.73521471e-01   0.0000
 -2.44916320e-01   0.0000
 -4.71838377e-02   0.0000
  5.94969690e-01   0.0000
 -2.15783641e-01   0.0000
  6.14425302e-01   0.0000
  3.27943593e-01   0.0000
  2.43956876e+00   0.0000
 -5.25997281e-01   0.0000
 -1.13035664e-01   0.0000
 -4.80731338e-01   0.0000
 -1.36283374e+00   0.0000
  6.18529618e-01   0.0000
 -9.57387388e-01   0.0000
  4.07797664e-01   0.0000
 -4.09764722e-02   0.0000
 -1.72911450e-01   0.0000
 -2.91505158e-01   0.0000
  2.16294214e-01   0.0000
 -4.02695686e-01   0.0000
  5.92206001e-01   0.0000
  2.38175660e-01   0.0000
  3.25217336e-01   0.0000
 -1.21414728e-01   0.0000
  6.65374994e-01   0.0000
  1.17642141e-03   0.0000
 -1.87785715e-01   0.0000
 -3.95626932e-01   0.0000
  5.84732711e-01   0.0000
  2.38426458e-02   0.0000
  7.09447339e-02   0.0000
 -3.28598678e-01   0.0000
 -4.14520442e-01   0.0000
 -5.62422693e-01   0.0000
 -2.14107677e-01   0.0000
  4.12531018e-01   0.0000
 -1.99894220e-01   0.0000
  4.73369569e-01   0.0000
  7.19698519e-02   0.0000
  2.06264210e+00   0.0000
 -5.05442679e-01   0.0000
 -5.86677670e-01   0.0000
 -7.02910125e-02   0.0000
 -1.22004128e+00   0.0000
  4.12811898e-02   0.0000
 -8.65090132e-01   0.0000
  1.03509605e+00   0.0000
  5.03329784e-02   0.0000
 -9.02811959e-02   0.0000
  4.22856838e-01   0.0000
 -1.68884337e-01   0.0000
 -3.29670846e-01   0.0000
  3.76866490e-01   0.0000
  2.46714681e-01   0.0000
 -3.78766954e-01   0.0000
 -1.20091662e-01   0.0000
  8.49408388e-01   0.0000
 -4.36560959e-01   0.0000
 -4.06719953e-01   0.0000
  5.28764665e-01   0.0000
  8.73041078e-02   0.0000
  7.51401782e-01   0.0000
 -1.44641846e-01   0.0000
 -1.14027053e-01   0.0000
  1.29188806e-01   0.0000
  2.14317933e-01   0.0000
  5.22422135e-01   0.0000
 -3.03173900e-01   0.0000
  8.26868594e-01   0.0000
 -2.11793795e-01   0.0000
 -3.96429569e-01   0.0000
  9.58335638e-01   0.0000
 -3.33586693e-01   0.0000
 -2.01537102e-01   0.0000
 -4.18667972e-01   0.0000
 -8.89709651e-01   0.0000
 -1.10674553e-01   0.0000
 -1.38050970e-02   0.0000
  4.37415242e-01   0.0000
  3.87738109e-01   0.0000
 -2.15547413e-01   0.0000
  2.24541754e-01   0.0000
  7.20437020e-02   0.0000
  6.53659850e-02   0.0000
 -1.34519994e-01   0.0000
 -3.26305330e-02   0.0000
  3.22717726e-02   0.0000
  2.41532937e-01   0.0000
  3.12629372e-01   0.0000
  5.55403307e-02   0.0000
  6.58721179e-02   0.0000
  9.53345716e-01   0.0000
 -2.66387556e-02   0.0000
 -3.22859913e-01   0.0000
  5.15251040e-01   0.0000
  2.00731248e-01   0.0000
 -5.70746303e-01   0.0000
 -3.36888939e-01   0.0000
  2.84432113e-01   0.0000
  4.04242516e-01   0.0000
  1.07023335e+00   0.0000
 -5.12255609e-01   0.0000
  4.47061419e-01   0.0000
  3.96311164e-01   0.0000
 -2.09298521e-01   0.0000
  4.13531870e-01   0.0000
 -2.67789159e-02   0.0000
 -8.68575633e-01   0.0000
 -4.23589647e-01   0.0000
  5.68185568e-01   0.0000
 -1.29701793e-01   0.0000
 -3.49294022e-02   0.0000
 -8.07876326e-03   0.0000
 -4.53476995e-01   0.0000
 -1.47701219e-01   0.0000
 -2.23533556e-01   0.0000
 -9.64971960e-01   0.0000
  4.29722041e-01   0.0000
 -2.27847487e-01   0.0000
 -1.49030030e-01   0.0000
  3.51806849e-01   0.0000
  1.23183362e-01   0.0000
  1.21864364e-01   0.0000
 -1.64879954e+00   0.0000
 -7.87379965e-02   0.0000
 -1.90669203e+00   0.0000
  4.95453179e-01   0.0000
  1.39827144e+00   0.0000
 -1.97679305e+00   0.0000
 -9.69374120e-01   0.0000
  6.94352686e-01   0.0000
  4.00741011e-01   0.0000
 -2.42883638e-01   0.0000
  4.48152237e-02   0.0000
 -1.00041097e-02   0.0000
  1.80916119e+00   0.0000
 -1.11438298e+00   0.0000
 -1.20283231e-01   0.0000
  5.32890844e+00   0.0000
  8.74083936e-01   0.0000
 -1.31080735e+00   0.0000
  1.93326724e+00   0.0000
  1.48885298e+00   0.0000
 -8.30762625e-01   0.0000
 -8.30626041e-02   0.0000
 -7.10996147e-03   0.0000
  2.96276093e-01   0.0000
 -1.45682073e+00   0.0000
 -1.02567697e+00   0.0000
  5.59357703e-01   0.0000
 -4.20043290e-01   0.0000
 -1.74688935e-01   0.0000
 -2.01851666e-01   0.0000
 -1.87689215e-01   0.0000
  1.30461419e+00   0.0000
 -1.75847566e+00   0.0000
 -4.38178152e-01   0.0000
  1.55084789e+00   0.0000
 -1.88017488e-02   0.0000
  4.11033221e-02   0.0000
  4.90442467e+00   0.0000
 -4.97874886e-01   0.0000
  1.84600317e+00   0.0000
  5.04942536e-01   0.0000
 -4.47611481e-01   0.0000
  1.10651755e+00   0.0000
  5.89265883e-01   0.0000
  6.83170199e-01   0.0000
 -1.22974539e+00   0.0000
 -4.72218007e-01   0.0000
  9.33675647e-01   0.0000
  1.79618955e+00   0.0000
 -2.74605751e-01   0.0000
  3.22578239e+00   0.0000
  1.11204886e+00   0.0000
 -1.02725171e-01   0.0000
 -1.84888291e+00   0.0000
 -4.46295381e-01   0.0000
 -4.45617855e-01   0.0000
 -3.11092913e-01   0.0000
  1.30744493e+00   0.0000
 -1.61924064e-01   0.0000
 -1.24772586e-01   0.0000
 -3.69338483e-01   0.0000
  3.12846154e-01   0.0000
 -5.93624592e-01   0.0000
  7.29297400e-01   0.0000
 -4.28849518e-01   0.0000
 -4.86622244e-01   0.0000
 -2.66895223e+00   0.0000
 -3.52502376e-01   0.0000
 -6.92709923e-01   0.0000
 -3.07791615e+00   0.0000
 -4.37449604e-01   0.0000
  1.23159790e+00   0.0000
  3.62351894e-01   0.0000
 -7.47050822e-01   0.0000
 -6.35757267e-01   0.0000
  3.57691556e-01   0.0000
 -1.74667227e+00   0.0000
 -5.42945147e-01   0.0000
 -5.59481025e-01   0.0000
  5.58878839e-01   0.0000
  8.73346090e-01   0.0000
  7.24462196e-02   0.0000
 -3.07597446e+00   0.0000
  6.81975067e-01   0.0000
 -3.74569923e-01   0.0000
 -9.89307404e-01   0.0000
  1.95359290e-01   0.0000
 -4.72886980e-01   0.0000
 -3.54674235e-02   0.0000
 -4.19807613e-01   0.0000
 -5.52837253e-01   0.0000
  1.26505159e-02   0.0000
 -1.91410348e-01   0.0000
 -2.69615054e-01   0.0000
 -3.93707871e-01   0.0000
 -6.63843304e-02   0.0000
  3.55930813e-02   0.0000
 -4.83731061e-01   0.0000
  3.59355378e+00   0.0000
 -5.59208691e-01   0.0000
 -1.76844910e-01   0.0000
  1.76990962e+00   0.0000
 -3.53595018e-01   0.0000
  2.30290107e-02   0.0000
  1.02486566e-01   0.0000
  3.70452881e-01   0.0000
 -8.76555368e-02   0.0000
  3.48907888e-01   0.0000
 -2.99053836e+00   0.0000
 -5.44795573e-01   0.0000
  1.03349863e-02   0.0000
  3.69307309e-01   0.0000
  1.04352415e+00   0.0000
  5.48021674e-01   0.0000
  1.15831399e+00   0.0000
 -3.56313616e-01   0.0000
  3.62293571e-01   0.0000
  7.99308717e-01   0.0000
  3.81171584e-01   0.0000
 -1.30304515e-01   0.0000
  4.47676390e-01   0.0000
  7.01899767e-01   0.0000
 -7.79837430e-01   0.0000
  1.69071481e-01   0.0000
  4.37911421e-01   0.0000
  3.57990295e-01   0.0000
 -2.22385526e-01   0.0000
  5.44045806e-01   0.0000
 -6.62326872e-01   0.0000
 -3.56471360e-01   0.0000
  2.32374191e-01   0.0000
 -3.08312714e-01   0.0000
 -1.82921112e+00   0.0000
  2.12928128e+00   0.0000
  3.16504568e-01   0.0000
 -3.37599248e-01   0.0000
 -4.94205132e-02   0.0000
 -1.45343113e+00   0.0000
 -2.91323904e-02   0.0000
 -3.54173005e-01   0.0000
 -1.96156287e+00   0.0000
  9.54397321e-02   0.0000
 -2.07164168e-01   0.0000
 -8.38857412e-01   0.0000
  6.58800378e-02   0.0000
 -1.85559839e-01   0.0000
  2.97068262e+00   0.0000
 -3.65395188e-01   0.0000
 -4.16839421e-01   0.0000
  1.06819010e+00   0.0000
 -6.61011040e-03   0.0000
  9.38874036e-02   0.0000
 -2.37820715e-01   0.0000
  6.42713130e-01   0.0000
 -1.23226322e-01   0.0000
 -4.03464794e-01   0.0000
  3.12947929e-01   0.0000
  5.39490402e-01   0.0000
  1.80905778e-02   0.0000
  1.11288071e+00   0.0000
 -4.00719613e-01   0.0000
 -1.43930495e-01   0.0000
 -2.44965816e+00   0.0000
  3.16873845e-03   0.0000
 -1.02558482e+00   0.0000
 -6.54915154e-01   0.0000
 -3.45586896e-01   0.0000
 -9.49516445e-02   0.0000
 -5.82215667e-01   0.0000
  2.03885436e-01   0.0000
 -5.29778421e-01   0.0000
 -1.41241984e-03   0.0000
  3.94381821e-01   0.0000
 -1.86369464e-01   0.0000
  5.67329407e-01   0.0000
 -1.22830987e+00   0.0000
  1.61891595e-01   0.0000
 -5.06401539e-01   0.0000
 -5.89827180e-01   0.0000
  2.96756148e-01   0.0000
 -3.23082954e-01   0.0000
 -1.26746476e+00   0.0000
  7.71381855e-01   0.0000
 -5.08963645e-01   0.0000
 -6.86454587e-03   0.0000
  4.38002050e-01   0.0000
  2.43197575e-01   0.0000
  4.32762831e-01   0.0000
 -3.39650333e-01   0.0000
  4.94335651e-01   0.0000
 -4.85843360e-01   0.0000
  4.98199314e-01   0.0000
 -2.69990295e-01   0.0000
  2.52980143e-01   0.0000
 -1.00529730e+00   0.0000
  6.15104377e-01   0.0000
  3.31683844e-01   0.0000
 -1.20013964e+00   0.0000
 -1.78295612e-01   0.0000
  9.75259483e-01   0.0000
  1.59194648e-01   0.0000
  2.12857628e+00   0.0000
 -4.95270133e-01   0.0000
 -7.84821808e-02   0.0000
  2.04923987e+00   0.0000
  4.69720989e-01   0.0000
  4.27128263e-02   0.0000
 -1.12324548e+00   0.0000
 -6.87843680e-01   0.0000
 -8.82117171e-03   0.0000
 -2.24289870e+00   0.0000
  4.88620281e-01   0.0000
 -4.64524962e-02   0.0000
 -5.40731966e-01   0.0000
  8.71059120e-01   0.0000
 -1.75630853e-01   0.0000
 -5.60761690e-01   0.0000
 -1.57876348e+00   0.0000
  4.35777903e-01   0.0000
 -3.50579470e-01   0.0000
 -2.73376077e-01   0.0000
  1.46217406e-01   0.0000
 -3.54172856e-01   0.0000
  4.26067472e-01   0.0000
  2.08510891e-01   0.0000
  2.82328911e-02   0.0000
  8.67963195e-01   0.0000
  3.86866361e-01   0.0000
  1.68526530e+00   0.0000
  1.65857553e-01   0.0000
  5.74808940e-02   0.0000
  1.65102792e+00   0.0000
 -2.63733510e-02   0.0000
  1.62363601e+00   0.0000
  2.16943815e-01   0.0000
 -4.55248088e-01   0.0000
  1.44273603e+00   0.0000
 -2.42103174e-01   0.0000
  3.31203997e-01   0.0000
 -8.14948618e-01   0.0000
 -3.59022290e-01   0.0000
 -3.51532608e-01   0.0000
 -1.80964613e+00   0.0000
  6.22529328e-01   0.0000
 -2.77867436e-01   0.0000
 -6.09226882e-01   0.0000
 -6.40784651e-02   0.0000
 -6.82395041e-01   0.0000
 -3.46756577e-01   0.0000
  8.26125026e-01   0.0000
 -2.00427994e-01   0.0000
 -4.30737078e-01   0.0000
 -6.54764712e-01   0.0000
 -1.55727729e-01   0.0000
  6.40871823e-02   0.0000
 -7.40092874e-01   0.0000
  5.32158470e+00   0.0000
 -6.56259293e-03   0.0000
 -1.04014788e+01   0.0000
 -7.22284138e-01   0.0000
  1.68559027e+00   0.0000
 -6.79674244e+00   0.0000
  2.03731477e-01   0.0000
 -1.61517751e+00   0.0000
  1.26915610e+00   0.0000
 -1.15292609e+00   0.0000
  2.23164368e+00   0.0000
  7.62273014e-01   0.0000
  2.75347605e-02   0.0000
 -2.27686286e+00   0.0000
 -7.57924020e-01   0.0000
 -1.01319420e+00   0.0000
 -2.18030381e+00   0.0000
  7.66870737e-01   0.0000
  4.47012663e-01   0.0000
 -3.90922576e-01   0.0000
 -1.17767796e-01   0.0000
 -3.43571484e-01   0.0000
 -5.49044549e-01   0.0000
  8.53109181e-01   0.0000
  4.18531597e-01   0.0000
 -4.50042439e+00   0.0000
 -1.00106239e+00   0.0000
 -8.01429391e-01   0.0000
  4.54683334e-01   0.0000
 -7.13202357e-01   0.0000
 -2.45920122e-01   0.0000
  6.15253270e-01   0.0000
  2.21541262e+00   0.0000
 -2.04827142e+00   0.0000
  1.03769960e+01   0.0000
 -1.40283835e+00   0.0000
  4.21691990e+00   0.0000
  4.48909426e+00   0.0000
  1.52056694e+00   0.0000
 -2.67407131e+00   0.0000
  1.10376573e+00   0.0000
  4.34478951e+00   0.0000
  2.20646453e+00   0.0000
  3.17300647e-01   0.0000
 -5.70052814e+00   0.0000
 -1.50725722e+00   0.0000
 -7.97304213e-01   0.0000
 -1.51416802e+00   0.0000
 -2.63955355e+00   0.0000
  1.42660666e+00   0.0000
  5.19905615e+00   0.0000
 -3.02912474e+00   0.0000
  1.24965358e+00   0.0000
 -1.53335333e+00   0.0000
 -3.25144243e+00   0.0000
  2.38949561e+00   0.0000
  2.41655517e+00   0.0000
  7.24381018e+00   0.0000
 -1.63687408e+00   0.0000
 -2.11454228e-01   0.0000
  1.27837384e+00   0.0000
 -9.13147390e-01   0.0000
  7.51848042e-01   0.0000
  3.69606495e+00   0.0000
  6.55156612e-01   0.0000

