 5 0.000000 1
 1 
 Si 28.085500
 0 0.250001 4.500000 0.978124 1.000000 
 5 0 1 2 4 6
 8 2.25000 2.50000 2.75000 3.00000 3.25000 3.50000 3.75000 4.00000
 1 12.169200 6.172630 3.114710 0.755675 0.404939 0.036124 0.650018 0.572890
 5 40 24 24 16 1
 -2.66106248e-01   0.0000
 -6.04613423e-01   0.0000
  7.23711789e-01   0.0000
 -1.06972551e+00   0.0000
  4.01392281e-01   0.0000
  9.63621587e-02   0.0000
  7.99351037e-01   0.0000
 -1.21666992e+00   0.0000
 -1.25633550e+00   0.0000
  4.31323387e-02   0.0000
  8.34602237e-01   0.0000
  2.18546772e+00   0.0000
 -7.41423428e-01   0.0000
 -6.84848368e-01   0.0000
  4.95340228e-02   0.0000
  6.14641607e-01   0.0000
  1.31478560e+00   0.0000
  1.02128792e+00   0.0000
  1.05584145e-01   0.0000
 -2.50349760e-01   0.0000
  1.39584708e+00   0.0000
  8.42374742e-01   0.0000
  8.66440654e-01   0.0000
 -1.68422423e-02   0.0000
 -3.63813005e-02   0.0000
 -5.45696318e-01   0.0000
  1.13274062e+00   0.0000
 -7.67647982e-01   0.0000
  4.70037106e-03   0.0000
  8.12138736e-01   0.0000
  5.14779985e-01   0.0000
 -7.46129751e-01   0.0000
 -6.68848634e-01   0.0000
  2.22241700e-01   0.0000
  1.06630099e+00   0.0000
  7.24195480e-01   0.0000
  2.35076517e-01   0.0000
 -2.08330199e-01   0.0000
  1.07798837e-01   0.0000
 -2.45322790e-02   0.0000
  1.21090186e+00   0.0000
  6.41210377e-01   0.0000
 -8.53990205e-03   0.0000
  7.21827894e-02   0.0000
  1.21890163e+00   0.0000
  2.34369755e-01   0.0000
  6.80030525e-01   0.0000
 -2.24960029e-01   0.0000
 -2.87246525e-01   0.0000
 -8.69396448e-01   0.0000
  1.04934859e+00   0.0000
 -7.43588746e-01   0.0000
  6.29386827e-02   0.0000
  8.27824175e-01   0.0000
  4.46431637e-01   0.0000
 -7.19650030e-01   0.0000
 -6.26424491e-01   0.0000
  3.69395614e-01   0.0000
  1.08391297e+00   0.0000
 -2.20410854e-01   0.0000
 -3.51410270e-01   0.0000
 -2.49296620e-01   0.0000
 -1.30731344e-01   0.0000
 -2.28061736e-01   0.0000
  7.25364149e-01   0.0000
  5.42198718e-01   0.0000
  3.02848607e-01   0.0000
  3.00978899e-01   0.0000
  1.33492279e+00   0.0000
 -3.20852309e-01   0.0000
  2.09211353e-02   0.0000
 -3.47877532e-01   0.0000
 -2.37950146e-01   0.0000
  5.65735176e-02   0.0000
  6.95054829e-01   0.0000
 -5.98982334e-01   0.0000
 -4.16542776e-02   0.0000
  5.09016812e-01   0.0000
  1.97624844e-02   0.0000
 -5.43214977e-01   0.0000
 -7.35434473e-01   0.0000
  5.61218739e-01   0.0000
  1.04089558e+00   0.0000
 -3.84397745e-01   0.0000
 -5.09675145e-01   0.0000
 -1.82662562e-01   0.0000
  8.16344097e-02   0.0000
 -3.58187258e-01   0.0000
  5.03291249e-01   0.0000
  3.74142915e-01   0.0000
  1.32693678e-01   0.0000
  4.33400244e-01   0.0000
  1.17953455e+00   0.0000
 -7.97532573e-02   0.0000
  5.92330277e-01   0.0000
 -1.11602761e-01   0.0000
 -4.49365765e-01   0.0000
  1.80463001e-01   0.0000
  6.31147563e-01   0.0000
 -7.58273780e-01   0.0000
  4.74817771e-03   0.0000
  6.64347470e-01   0.0000
  2.97515154e-01   0.0000
 -5.42249262e-01   0.0000
 -4.67285633e-01   0.0000
  3.69418710e-01   0.0000
  6.08944893e-01   0.0000
 -7.34621823e-01   0.0000
 -2.05648854e-01   0.0000
 -1.42423123e-01   0.0000
  5.75237691e-01   0.0000
 -2.49107331e-01   0.0000
  5.41399896e-01   0.0000
  3.04314673e-01   0.0000
  1.52089551e-01   0.0000
  2.91782141e-01   0.0000
  7.81100333e-01   0.0000
 -2.27557197e-01   0.0000
  4.30936992e-01   0.0000
  1.18215874e-01   0.0000
  1.00290589e-01   0.0000
  5.40027857e-01   0.0000
  8.47701907e-01   0.0000
 -8.42061117e-02   0.0000
  6.38368607e-01   0.0000
  5.77835977e-01   0.0000
  1.31695578e-02   0.0000
 -1.70830086e-01   0.0000
 -7.59611726e-01   0.0000
  2.56272823e-01   0.0000
  6.73969388e-01   0.0000
 -7.76827693e-01   0.0000
 -5.77363856e-02   0.0000
 -3.69189501e-01   0.0000
  2.43523255e-01   0.0000
 -7.29167759e-02   0.0000
  4.30057310e-02   0.0000
  2.09095344e-01   0.0000
  8.44833031e-02   0.0000
  1.56976968e-01   0.0000
  9.16776240e-01   0.0000
  1.18220538e-01   0.0000
  3.42203110e-01   0.0000
  1.92723386e-02   0.0000
  2.69509792e-01   0.0000
  2.88026065e-01   0.0000
  1.89782977e-01   0.0000
 -1.84674755e-01   0.0000
  4.29909527e-01   0.0000
  7.10786164e-01   0.0000
  6.46177173e-01   0.0000
 -3.22223514e-01   0.0000
 -4.57842350e-01   0.0000
  3.03234369e-01   0.0000
  6.36410594e-01   0.0000
  3.82056475e-01   0.0000
 -5.90152033e-02   0.0000
 -3.42676908e-01   0.0000
 -1.26490548e-01   0.0000
  2.22496241e-01   0.0000
 -7.38956127e-03   0.0000
  3.92561436e-01   0.0000
  2.20267832e-01   0.0000
 -8.88377726e-02   0.0000
  2.63111234e-01   0.0000
  7.82212913e-01   0.0000
 -4.42779809e-02   0.0000
  4.62336659e-01   0.0000
 -5.33102095e-01   0.0000
  6.48805082e-01   0.0000
 -3.83972526e-01   0.0000
  1.25558913e-01   0.0000
  1.60029337e-01   0.0000
  4.57855046e-01   0.0000
  2.20144451e-01   0.0000
 -3.86258960e-02   0.0000
 -4.18682307e-01   0.0000
  5.18606007e-01   0.0000
  2.46225238e-01   0.0000
  1.60428917e+00   0.0000
 -2.05503590e-03   0.0000
 -2.15834573e-01   0.0000
  2.65028179e-01   0.0000
 -7.20575511e-01   0.0000
  3.88394117e-01   0.0000
  3.22733015e-01   0.0000
  8.51948112e-02   0.0000
 -1.97023690e-01   0.0000
  4.25332598e-02   0.0000
  1.33377290e+00   0.0000
  2.96158522e-01   0.0000
  5.07432342e-01   0.0000
 -4.91729863e-02   0.0000
 -2.50520855e-01   0.0000
 -7.39450753e-02   0.0000
 -4.95832006e-04   0.0000
  6.07009768e-01   0.0000
  1.41495779e-01   0.0000
 -8.03907812e-01   0.0000
 -3.74415129e-01   0.0000
 -1.82142824e-01   0.0000
 -2.01336801e-01   0.0000
  5.74772537e-01   0.0000
 -6.38823211e-02   0.0000
  1.19826913e-01   0.0000
  3.85600716e-01   0.0000
  1.06801232e-02   0.0000
 -3.65676790e-01   0.0000
 -1.67552531e-01   0.0000
  4.01827067e-01   0.0000
  2.40563154e-01   0.0000
  3.18326205e-01   0.0000
 -4.62799102e-01   0.0000
  1.73977166e-01   0.0000
 -2.05393821e-01   0.0000
 -4.93474185e-01   0.0000
 -5.49187005e-01   0.0000
  2.90570557e-01   0.0000
 -9.85367522e-02   0.0000
  1.32949620e-01   0.0000
 -2.65768655e-02   0.0000
 -8.60932991e-02   0.0000
 -3.68322551e-01   0.0000
 -1.25874251e-01   0.0000
  2.40222782e-01   0.0000
 -2.70271879e-02   0.0000
  1.41033679e-01   0.0000
 -8.90030563e-02   0.0000
 -4.97495383e-02   0.0000
 -2.19742194e-01   0.0000
  2.66995132e-01   0.0000
 -9.39003974e-02   0.0000
  1.30590245e-01   0.0000
  1.59227818e-01   0.0000
  6.03146255e-02   0.0000
  4.82063562e-01   0.0000
 -6.79148361e-02   0.0000
  1.21466340e-02   0.0000
 -3.52607131e-01   0.0000
 -4.39061701e-01   0.0000
 -3.66396576e-01   0.0000
  4.89899546e-01   0.0000
  2.49747172e-01   0.0000
  2.22492665e-01   0.0000
 -7.26139871e-03   0.0000
  2.76277095e-01   0.0000
  1.62310809e-01   0.0000
 -2.82231092e-01   0.0000
 -3.16991448e-01   0.0000
 -2.48792827e-01   0.0000
  1.53292730e-01   0.0000
 -5.83578758e-02   0.0000
  2.35057712e-01   0.0000
  2.09623188e-01   0.0000
  1.00931920e-01   0.0000
  5.34240045e-02   0.0000
 -2.36005217e-01   0.0000
 -5.08856058e-01   0.0000
  3.88978183e-01   0.0000
 -1.40258133e-01   0.0000
 -2.16619626e-01   0.0000
  4.97093983e-02   0.0000
  3.45904708e-01   0.0000
 -2.80918449e-01   0.0000
 -3.89978856e-01   0.0000
  1.18242137e-01   0.0000
 -3.07723247e-02   0.0000
 -6.15482070e-02   0.0000
 -1.12044819e-01   0.0000
 -1.39973491e-01   0.0000
  6.18665777e-02   0.0000
 -2.58129805e-01   0.0000
 -1.75318986e-01   0.0000
  1.84504896e-01   0.0000
  2.63883770e-01   0.0000
 -7.55772233e-01   0.0000
  2.47786447e-01   0.0000
 -6.76816821e-01   0.0000
 -7.67531991e-02   0.0000
  1.37591943e-01   0.0000
  1.98381826e-01   0.0000
  3.06620300e-01   0.0000
 -8.27405825e-02   0.0000
  3.22922692e-02   0.0000
 -3.16579118e-02   0.0000
 -2.16253802e-01   0.0000
 -3.59192453e-02   0.0000
 -2.47288821e-03   0.0000
  4.31670189e-01   0.0000
  6.14647195e-02   0.0000
 -4.99736108e-02   0.0000
 -2.31668189e-01   0.0000
  7.55622685e-02   0.0000
  8.97732228e-02   0.0000
  3.47830392e-02   0.0000
  8.52573290e-02   0.0000
 -2.52175272e-01   0.0000
 -2.32235014e-01   0.0000
  1.62088260e-01   0.0000
  2.17270106e-02   0.0000
 -1.98090952e-02   0.0000
 -4.40808952e-01   0.0000
 -1.12375841e-01   0.0000
  2.58553237e-01   0.0000
 -1.59203708e-01   0.0000
  2.20064204e-02   0.0000
  5.37848532e-01   0.0000
  3.50089483e-02   0.0000
 -2.44626299e-01   0.0000
  1.92799885e-02   0.0000
 -2.67889619e-01   0.0000
 -8.88204500e-02   0.0000
 -6.58087432e-02   0.0000
  1.62472725e-02   0.0000
  1.82263970e-01   0.0000
 -2.93804795e-01   0.0000
 -1.39309913e-02   0.0000
 -3.65561396e-02   0.0000
  4.35732864e-02   0.0000
 -7.45695904e-02   0.0000
  3.59626293e-01   0.0000
 -3.71012181e-01   0.0000
  1.42024815e-01   0.0000
 -3.26407284e-01   0.0000
  2.37414092e-02   0.0000
 -1.58474803e-01   0.0000
 -8.16276148e-02   0.0000
  1.54166475e-01   0.0000
 -1.07959300e-01   0.0000
  3.66512865e-01   0.0000
  1.38477311e-01   0.0000
 -3.14420313e-01   0.0000
 -1.41224355e-01   0.0000
  3.21135968e-01   0.0000
 -6.45822659e-02   0.0000
 -1.51651660e-02   0.0000
  5.88247441e-02   0.0000
  3.70302647e-01   0.0000
 -2.99986392e-01   0.0000
 -5.70916831e-01   0.0000
  1.88238919e-01   0.0000
 -1.07222117e-01   0.0000
 -7.76821822e-02   0.0000
 -1.81050420e-01   0.0000
  1.64463878e-01   0.0000
  3.77853870e-01   0.0000
 -1.76543728e-01   0.0000
  3.19563568e-01   0.0000
  2.93254137e-01   0.0000
 -1.32096305e-01   0.0000
  2.46558279e-01   0.0000
 -4.38686274e-02   0.0000
 -4.90662038e-01   0.0000
  2.23643288e-01   0.0000
 -3.22563082e-01   0.0000
  5.16725965e-02   0.0000
  4.40990776e-01   0.0000
 -2.21679822e-01   0.0000
  1.31024823e-01   0.0000
  9.42166820e-02   0.0000
  1.70290694e-01   0.0000
 -8.45264941e-02   0.0000
  3.08597572e-02   0.0000
 -1.08812051e-02   0.0000
 -3.18390101e-01   0.0000
  4.08820771e-02   0.0000
  4.61838037e-01   0.0000
 -6.02788091e-01   0.0000
  4.20814425e-01   0.0000
 -5.70833743e-01   0.0000
 -2.01078895e-02   0.0000
  1.56355813e-01   0.0000
  3.56149048e-01   0.0000
  5.49926877e-01   0.0000
  2.46900037e-01   0.0000
  3.84863734e-01   0.0000
 -2.62825698e-01   0.0000
  1.41733944e-01   0.0000
 -1.20917268e-01   0.0000
  1.85253814e-01   0.0000
  3.42386127e-01   0.0000
  1.21215381e-01   0.0000
  1.38898939e-01   0.0000
 -2.81408250e-01   0.0000
 -4.36380729e-02   0.0000
  3.02045017e-01   0.0000
 -6.46575317e-02   0.0000
  4.42367755e-02   0.0000
 -3.62000912e-02   0.0000
  4.54718739e-01   0.0000
  4.08630520e-01   0.0000
 -2.22210959e-01   0.0000
 -1.96989164e-01   0.0000
 -5.87609828e-01   0.0000
  4.92464930e-01   0.0000
  2.08401993e-01   0.0000
  6.15229964e-01   0.0000
  5.57240367e-01   0.0000
  6.89627752e-02   0.0000
 -2.03538448e-01   0.0000
 -2.95450598e-01   0.0000
  3.37148339e-01   0.0000
  1.08560540e-01   0.0000
  8.80099058e-01   0.0000
  1.72742233e-01   0.0000
  2.18804017e-01   0.0000
  1.66862547e-01   0.0000
  1.30234346e-01   0.0000
  2.60113738e-03   0.0000
  2.42745146e-01   0.0000
  4.84222695e-02   0.0000
  3.94131660e-01   0.0000
  4.29293886e-02   0.0000
 -5.88373374e-03   0.0000
 -2.56418884e-01   0.0000
 -7.60727674e-02   0.0000
  3.13958526e-02   0.0000
 -2.45157540e-01   0.0000
  8.97537097e-02   0.0000
 -4.19368863e-01   0.0000
  3.70252989e-02   0.0000
  5.29654473e-02   0.0000
  3.47333699e-02   0.0000
 -1.82457864e-01   0.0000
  3.72363925e-01   0.0000
 -6.82602748e-02   0.0000
 -3.55499983e-03   0.0000
  8.53675783e-01   0.0000
 -6.13957122e-02   0.0000
  1.47383511e-01   0.0000
  6.21850276e-03   0.0000
  7.62899369e-02   0.0000
  4.62878048e-01   0.0000
  2.38271877e-01   0.0000
 -5.25414467e-01   0.0000
  2.24986225e-02   0.0000
 -1.35767935e-02   0.0000
  3.22984934e-01   0.0000
 -1.81194067e-01   0.0000
  1.02656648e-01   0.0000
  3.91274951e-02   0.0000
  2.17348278e-01   0.0000
 -1.09687746e-01   0.0000
  2.73169965e-01   0.0000
 -7.18265772e-02   0.0000
 -1.22629084e-01   0.0000
 -1.37308806e-01   0.0000
 -9.54618305e-02   0.0000
  1.23195142e-01   0.0000
  4.45353501e-02   0.0000
  4.80412245e-01   0.0000
  3.39476943e-01   0.0000
  5.91279566e-02   0.0000
  3.09528373e-02   0.0000
 -1.81164190e-01   0.0000
 -5.89523241e-02   0.0000
  3.55944633e-01   0.0000
  2.69916922e-01   0.0000
  3.55638355e-01   0.0000
  7.79342353e-02   0.0000
  1.15158767e-01   0.0000
  3.67566943e-01   0.0000
 -2.47478724e-01   0.0000
  2.90087610e-01   0.0000
 -4.42592978e-01   0.0000
 -3.42595488e-01   0.0000
 -2.51512732e-02   0.0000
  2.37253755e-01   0.0000
 -3.54987264e-01   0.0000
 -2.82363500e-03   0.0000
  5.66012822e-02   0.0000
 -7.57127851e-02   0.0000
 -1.46518081e-01   0.0000
  6.30222782e-02   0.0000
  2.95111462e-02   0.0000
  1.41104147e-01   0.0000
 -8.92353356e-02   0.0000
 -1.71846867e-01   0.0000
  2.84426212e-01   0.0000
 -2.55474359e-01   0.0000
 -1.30074352e-01   0.0000
 -4.34255034e-01   0.0000
  1.26558512e-01   0.0000
 -2.64690500e-02   0.0000
  3.03595467e-03   0.0000
  2.44144388e-02   0.0000
 -1.57280177e-01   0.0000
 -9.75701259e-04   0.0000
 -1.88629940e-01   0.0000
  2.45380625e-01   0.0000
  1.24583781e-01   0.0000
 -4.26445723e-01   0.0000
  6.62288889e-02   0.0000
  5.81315421e-02   0.0000
 -8.53505731e-02   0.0000
 -1.86151639e-01   0.0000
 -8.14934820e-03   0.0000
 -4.09544818e-02   0.0000
  1.08866014e-01   0.0000
  2.75400788e-01   0.0000
 -1.97193116e-01   0.0000
 -1.46115676e-01   0.0000
  3.71411592e-02   0.0000
 -9.06303898e-02   0.0000
  6.74250871e-02   0.0000
  1.34112537e-01   0.0000
  4.19366285e-02   0.0000
  2.90375557e-02   0.0000
 -1.10852174e-01   0.0000
  1.52812481e-01   0.0000
  3.70936841e-01   0.0000
  8.55707228e-02   0.0000
 -4.43314649e-02   0.0000
  8.33873376e-02   0.0000
  1.03082307e-01   0.0000
  2.28480473e-01   0.0000
  3.77646267e-01   0.0000
  1.88839599e-01   0.0000
  3.28498065e-01   0.0000
 -4.07350808e-01   0.0000
  4.06265408e-01   0.0000
  9.53738019e-02   0.0000
  1.58133566e-01   0.0000
  6.41039789e-01   0.0000
 -1.29654571e-01   0.0000
 -5.76100722e-02   0.0000
  1.58265382e-01   0.0000
 -2.05225289e-01   0.0000
 -4.47194241e-02   0.0000
  6.54026046e-02   0.0000
  4.90928859e-01   0.0000
 -3.04957569e-01   0.0000
  3.49791765e-01   0.0000
  2.27932155e-01   0.0000
 -2.56287396e-01   0.0000
 -2.11228490e-01   0.0000
  4.55065697e-01   0.0000
 -3.04589003e-01   0.0000
 -1.48672372e-01   0.0000
  1.11910306e-01   0.0000
  1.86523750e-01   0.0000
  1.27133980e-01   0.0000
  4.33541834e-01   0.0000
 -1.02217376e-01   0.0000
 -1.60510451e-01   0.0000
 -3.32420647e-01   0.0000
  1.76464438e-01   0.0000
  4.21554316e-03   0.0000
  3.02514017e-01   0.0000
 -1.32619202e-01   0.0000
 -1.87364995e-01   0.0000
  9.07101110e-02   0.0000
  2.45191023e-01   0.0000
 -1.38009682e-01   0.0000
  1.16922468e-01   0.0000
  5.03449142e-01   0.0000
 -1.71577707e-01   0.0000
  4.02145982e-01   0.0000
 -1.74924716e-01   0.0000
 -5.43987863e-02   0.0000
  5.22370994e-01   0.0000
 -5.45200586e-01   0.0000
 -4.37617078e-02   0.0000
 -3.06805551e-01   0.0000
  6.93897307e-02   0.0000
  2.08839178e-02   0.0000
 -1.82344303e-01   0.0000
 -1.43115655e-01   0.0000
  2.97049791e-01   0.0000
 -6.68906808e-01   0.0000
 -3.76729906e-01   0.0000
 -3.77504170e-01   0.0000
  2.52080321e-01   0.0000
  1.80783391e-01   0.0000
 -2.84928113e-01   0.0000
  2.68980712e-02   0.0000
  6.52237386e-02   0.0000
 -1.24952054e+00   0.0000
 -1.30033046e-01   0.0000
 -1.13914654e-01   0.0000
 -9.07817304e-01   0.0000
  2.84227699e-01   0.0000
 -1.05069757e-01   0.0000
 -5.70711911e-01   0.0000
 -2.87341595e-01   0.0000
  5.24518669e-01   0.0000
  5.18002570e-01   0.0000
 -2.24192452e+00   0.0000
 -1.75726056e-01   0.0000
 -4.80971664e-01   0.0000
 -4.71804738e-01   0.0000
  1.28459764e+00   0.0000
  3.25787038e-01   0.0000
  8.44373330e-02   0.0000
 -2.68295217e+00   0.0000
 -9.64183092e-01   0.0000
  3.12398583e-01   0.0000
  6.59628034e-01   0.0000
  3.04478765e-01   0.0000
  1.02423227e+00   0.0000
 -2.29564622e-01   0.0000
 -6.84279621e-01   0.0000
 -9.73160118e-02   0.0000
 -1.21634863e-01   0.0000
 -1.06955278e+00   0.0000
 -1.99393570e-01   0.0000
  5.17793112e-02   0.0000
 -5.16298115e-01   0.0000
 -6.06686532e-01   0.0000
  4.50095423e-02   0.0000
  3.30455989e-01   0.0000
 -1.25593722e+00   0.0000
 -1.89243183e-01   0.0000
 -2.01014876e-01   0.0000
 -1.52192339e-01   0.0000
  3.67955625e-01   0.0000
  5.42668760e-01   0.0000
  3.05180281e-01   0.0000
 -1.69876802e+00   0.0000
  2.81565338e-01   0.0000
  5.89727998e-01   0.0000
  1.21857250e+00   0.0000
  5.40412784e-01   0.0000
 -9.42100398e-03   0.0000
 -9.24463332e-01   0.0000
 -1.03491390e+00   0.0000
  1.04578204e-01   0.0000
 -4.28464562e-01   0.0000
 -3.25248450e-01   0.0000
 -5.16781926e-01   0.0000
  6.60442561e-02   0.0000
 -3.91097993e-01   0.0000
 -1.66469842e-01   0.0000
  8.10442194e-02   0.0000
 -5.40956948e-03   0.0000
  8.05109918e-01   0.0000
 -2.30300710e-01   0.0000
  1.04516022e-01   0.0000
 -3.11972350e-01   0.0000
 -4.06838953e-01   0.0000
  1.80143371e-01   0.0000
  4.57219779e-01   0.0000
 -5.24294794e-01   0.0000
  1.10483479e+00   0.0000
  5.43583572e-01   0.0000
  1.33455968e+00   0.0000
 -4.27428156e-01   0.0000
 -4.86165971e-01   0.0000
 -6.61305428e-01   0.0000
 -5.51002324e-01   0.0000
  3.31803471e-01   0.0000
 -1.19233631e-01   0.0000
 -2.46859998e-01   0.0000
 -2.03300476e-01   0.0000
 -2.78156906e-01   0.0000
  6.73887953e-02   0.0000
 -7.37617314e-01   0.0000
 -1.55531093e-01   0.0000
 -9.69787780e-03   0.0000
 -4.41914827e-01   0.0000
 -1.33747518e-01   0.0000
  3.16703200e-01   0.0000
 -1.35445237e-01   0.0000
 -7.37649560e-01   0.0000
  4.26147990e-02   0.0000
 -3.82049149e-03   0.0000
 -3.61523569e-01   0.0000
  6.25549614e-01   0.0000
  3.31520110e-01   0.0000
  1.15520477e+00   0.0000
 -5.59173077e-02   0.0000
 -9.26053047e-01   0.0000
  3.70614976e-01   0.0000
 -1.44211352e-01   0.0000
  1.33115739e-01   0.0000
  2.57167041e-01   0.0000
 -2.40190744e-01   0.0000
  5.31895719e-02   0.0000
 -2.65957266e-01   0.0000
  1.86558127e-01   0.0000
  1.59716189e-01   0.0000
  1.25341013e-01   0.0000
  1.71250179e-01   0.0000
 -1.33070207e+00   0.0000
 -3.36731941e-01   0.0000
  5.19889295e-02   0.0000
  3.49005073e-01   0.0000
 -4.95049626e-01   0.0000
  3.60259295e-01   0.0000
 -2.02984139e-01   0.0000
  2.19862878e-01   0.0000
  4.33608234e-01   0.0000
  4.03006941e-01   0.0000
  9.14273679e-01   0.0000
  4.80087370e-01   0.0000
  3.71375620e-01   0.0000
 -2.33415067e-02   0.0000
  1.22282416e-01   0.0000
  1.71764642e-01   0.0000
 -2.53936797e-01   0.0000
 -1.31313920e-01   0.0000
  2.25037914e-02   0.0000
 -3.62768799e-01   0.0000
  2.10258842e-01   0.0000
  9.92036611e-03   0.0000
 -3.00669037e-02   0.0000
  9.74527895e-02   0.0000
 -1.63211203e+00   0.0000
 -3.32839072e-01   0.0000
 -3.58867645e-02   0.0000
 -3.28685403e-01   0.0000
  1.58198759e-01   0.0000
  3.67224544e-01   0.0000
  9.82218459e-02   0.0000
 -3.30849558e-01   0.0000
 -3.01961899e-01   0.0000
 -4.38377261e-02   0.0000
  2.45830774e-01   0.0000
  3.17686610e-02   0.0000
  1.46364486e-02   0.0000
 -1.52386814e-01   0.0000
 -9.38210860e-02   0.0000
  1.09641716e-01   0.0000
 -2.47538075e-01   0.0000
 -1.86868176e-01   0.0000
  3.16939056e-01   0.0000
 -5.97840846e-01   0.0000
  3.58431935e-02   0.0000
  2.69659221e-01   0.0000
  1.02455631e-01   0.0000
  2.32483655e-01   0.0000
 -1.38056874e+00   0.0000
  4.72507812e-02   0.0000
 -3.44100118e-01   0.0000
 -3.81177902e-01   0.0000
 -1.21537179e-01   0.0000
 -4.66579199e-02   0.0000
 -3.50650735e-02   0.0000
 -2.70055532e-01   0.0000
 -2.09308729e-01   0.0000
 -3.91231596e-01   0.0000
  2.09130630e-01   0.0000
 -3.97744983e-01   0.0000
  1.32609352e-01   0.0000
  1.41584024e-01   0.0000
  1.42982125e-01   0.0000
  5.10823056e-02   0.0000
 -9.89751145e-02   0.0000
  2.40809381e-01   0.0000
  1.80868983e-01   0.0000
  1.35287777e-01   0.0000
  1.82693914e-01   0.0000
 -5.33676326e-01   0.0000
 -4.68466571e-03   0.0000
  5.52784204e-01   0.0000
 -8.49799633e-01   0.0000
 -2.95769513e-01   0.0000
 -4.63447273e-01   0.0000
  8.62366036e-02   0.0000
 -1.52041182e-01   0.0000
  2.23017573e-01   0.0000
  1.10007413e-01   0.0000
 -4.34488893e-01   0.0000
  1.76682994e-01   0.0000
 -2.41051286e-01   0.0000
 -3.37251335e-01   0.0000
  2.43073795e-04   0.0000
 -6.59081697e-01   0.0000
 -2.54337698e-01   0.0000
 -8.26238036e-01   0.0000
  8.97661865e-01   0.0000
 -1.20846309e-01   0.0000
 -1.24129581e+00   0.0000
  3.84454131e-01   0.0000
 -3.17354575e-02   0.0000
 -6.20980799e-01   0.0000
 -1.78215533e-01   0.0000
  4.46586937e-01   0.0000
  2.47041374e-01   0.0000
 -1.86610436e+00   0.0000
 -1.97859164e-02   0.0000
 -1.40712142e+00   0.0000
 -7.02528656e-01   0.0000
  1.12628496e+00   0.0000
  1.81444436e-01   0.0000
  7.51980662e-01   0.0000
 -1.28179693e+00   0.0000
 -7.01202333e-01   0.0000
  7.65642226e-01   0.0000
 -1.32827640e+00   0.0000
  5.61299801e-01   0.0000
  3.90523583e-01   0.0000
 -5.72060287e-01   0.0000
 -1.22911489e+00   0.0000
  6.99674070e-01   0.0000
 -1.66192159e-01   0.0000
 -8.64399016e-01   0.0000
 -1.93844035e-01   0.0000
  3.03991020e-01   0.0000
 -7.10111558e-02   0.0000
 -4.37139332e-01   0.0000
  3.82106811e-01   0.0000
  2.26261392e-01   0.0000
  9.42140162e-01   0.0000
 -2.28222176e-01   0.0000
 -1.32389646e-02   0.0000
 -4.41863507e-01   0.0000
 -6.55068099e-01   0.0000
  1.22145094e-01   0.0000
  6.08170964e-02   0.0000
 -1.42557073e+00   0.0000
 -2.44300991e-01   0.0000
  6.56340778e-01   0.0000
 -6.85792863e-01   0.0000
  4.41363543e-01   0.0000
 -8.60420465e-01   0.0000
 -1.91668719e-01   0.0000
 -4.34523046e-01   0.0000
  2.11323813e-01   0.0000
 -1.95355996e-01   0.0000
 -3.84500206e-01   0.0000
 -2.54676938e-02   0.0000
  1.32152632e-01   0.0000
 -3.08512300e-01   0.0000
 -1.56952098e-01   0.0000
  3.08347464e-01   0.0000
  1.67498067e-01   0.0000
  1.08038478e-01   0.0000
  3.39312516e-02   0.0000
 -1.21802658e-01   0.0000
  2.25076988e-01   0.0000
 -3.66093963e-01   0.0000
  2.12456331e-01   0.0000
  5.87607145e-01   0.0000
 -1.34025896e+00   0.0000
  1.00445986e+00   0.0000
  2.22442478e-01   0.0000
 -6.31351948e-01   0.0000
 -2.40938142e-01   0.0000
 -2.46221244e-01   0.0000
 -4.18757737e-01   0.0000
 -9.89632383e-02   0.0000
 -4.18232009e-02   0.0000
 -3.00577521e-01   0.0000
 -8.52288119e-03   0.0000
 -3.29213366e-02   0.0000
 -1.22419283e-01   0.0000
  1.84924930e-01   0.0000
 -4.62029397e-01   0.0000
  7.67352641e-01   0.0000
  3.51534784e-01   0.0000
 -1.51505265e-02   0.0000
  9.72461551e-02   0.0000
  5.97927831e-02   0.0000
  6.93674162e-02   0.0000
 -4.89369929e-01   0.0000
  6.08070016e-01   0.0000
  2.07949832e-01   0.0000
 -4.59107876e-01   0.0000
  6.99425936e-01   0.0000
  1.59076050e-01   0.0000
 -4.94368494e-01   0.0000
  8.72735158e-02   0.0000
 -6.64725244e-01   0.0000
 -4.28084105e-01   0.0000
 -1.04302078e-01   0.0000
 -5.50792031e-02   0.0000
  3.67537409e-01   0.0000
  6.32534847e-02   0.0000
  5.77198625e-01   0.0000
 -1.84716098e-03   0.0000
 -3.22031707e-01   0.0000
 -1.24094360e-01   0.0000
  6.86087549e-01   0.0000
 -9.33237150e-02   0.0000
  1.05532944e-01   0.0000
  2.05520406e-01   0.0000
 -1.94622606e-01   0.0000
  3.11214238e-01   0.0000
 -9.51898396e-01   0.0000
 -1.06582880e-01   0.0000
  5.46424925e-01   0.0000
 -4.47686553e-01   0.0000
  9.06192124e-01   0.0000
  2.62164444e-01   0.0000
 -3.05825561e-01   0.0000
 -2.49825209e-01   0.0000
 -2.76358128e-01   0.0000
 -3.99248511e-01   0.0000
 -4.45349395e-01   0.0000
 -7.14769512e-02   0.0000
  4.34229940e-01   0.0000
  2.29167491e-01   0.0000
 -1.06380647e-02   0.0000
  7.27118328e-02   0.0000
  1.72054678e-01   0.0000
  7.54446909e-02   0.0000
  4.28022951e-01   0.0000
 -3.24920267e-01   0.0000
 -2.77011395e-01   0.0000
 -1.88817471e-01   0.0000
  2.77944595e-01   0.0000
 -5.32636903e-02   0.0000
 -7.45736718e-01   0.0000
  2.62159050e-01   0.0000
  1.03835605e-01   0.0000
 -6.87559068e-01   0.0000
  1.07608294e+00   0.0000
 -1.79516766e-02   0.0000
 -5.03256142e-01   0.0000
  1.87415645e-01   0.0000
 -3.29782873e-01   0.0000
  3.33359718e-01   0.0000
 -2.98220932e-01   0.0000
 -2.79358566e-01   0.0000
  9.09723788e-02   0.0000
 -1.75609551e-02   0.0000
  4.61432964e-01   0.0000
 -3.17470133e-01   0.0000
 -2.36088172e-01   0.0000
  3.21259350e-01   0.0000
 -7.39638656e-02   0.0000
 -4.47206385e-02   0.0000
 -4.73830581e-01   0.0000
  7.09707383e-03   0.0000
 -7.22271949e-02   0.0000
 -1.42435163e-01   0.0000
 -2.00248048e-01   0.0000
 -1.85391326e-02   0.0000
  3.40621442e-01   0.0000
 -3.49670500e-01   0.0000
  5.06146401e-02   0.0000
  1.70890227e-01   0.0000
  1.13793761e-01   0.0000
 -3.21039677e-01   0.0000
 -2.72580981e-02   0.0000
 -2.53039837e-01   0.0000
  2.37486154e-01   0.0000
 -1.54427528e-01   0.0000
  1.13847114e-01   0.0000
  2.54551947e-01   0.0000
 -1.01267084e-01   0.0000
 -1.39950484e-01   0.0000
  4.94459540e-01   0.0000
 -8.93201157e-02   0.0000
  2.15217277e-01   0.0000
  4.08742242e-02   0.0000
 -1.22612500e+00   0.0000
  1.20994307e-01   0.0000
  4.59144115e-01   0.0000
 -1.68672442e-01   0.0000
 -6.74322713e-03   0.0000
  1.35264724e-01   0.0000
 -3.56006205e-01   0.0000
 -4.85128552e-01   0.0000
 -2.33984768e-01   0.0000
  1.70797780e-02   0.0000
 -9.15719792e-02   0.0000
  2.81011671e-01   0.0000
  1.82410888e-02   0.0000
 -1.80594280e-01   0.0000
 -8.94079745e-01   0.0000
  5.80055714e-01   0.0000
 -9.72615004e-01   0.0000
 -1.21106863e+00   0.0000
  5.86886764e-01   0.0000
 -1.29595733e+00   0.0000
 -3.83140743e-01   0.0000
 -6.62478447e-01   0.0000
 -8.81698191e-01   0.0000
  3.40721577e-01   0.0000
 -3.79543996e+00   0.0000
  7.92315245e-01   0.0000
 -4.48158294e-01   0.0000
 -6.26564264e-01   0.0000
  2.46385127e-01   0.0000
  5.87340117e-01   0.0000
  1.07568228e+00   0.0000
 -1.65923798e+00   0.0000
  4.96221036e-02   0.0000
  9.49289441e-01   0.0000
  1.96980223e-01   0.0000
  2.36879047e-02   0.0000
  4.48149949e-01   0.0000
  3.63372900e-02   0.0000
  8.69577453e-02   0.0000
 -5.59032977e-01   0.0000
  1.15069941e-01   0.0000
 -2.36561492e-01   0.0000
 -1.76038146e-01   0.0000
  1.87062785e-01   0.0000
 -3.91148567e-01   0.0000
 -3.92554075e-01   0.0000
  7.29603052e-01   0.0000
 -5.98423004e-01   0.0000
 -5.12547672e-01   0.0000
  1.04447067e-01   0.0000
 -8.82284865e-02   0.0000
 -3.56817544e-01   0.0000
 -8.20757374e-02   0.0000
  3.57133806e-01   0.0000
  2.48775259e-01   0.0000
 -1.99446931e-01   0.0000
  2.35296696e-01   0.0000
  4.64403816e-02   0.0000
  2.96104759e-01   0.0000
 -1.46027565e-01   0.0000
  9.53453314e-03   0.0000
 -1.42230725e+00   0.0000
  3.23205501e-01   0.0000
  1.39482403e+00   0.0000
  6.23088121e-01   0.0000
  1.79985881e+00   0.0000
  1.85782421e+00   0.0000
 -8.81928027e-01   0.0000
  6.64753616e-02   0.0000
  4.30760503e-01   0.0000
 -1.33568332e-01   0.0000
  4.07219291e-01   0.0000
  1.46515083e+00   0.0000
 -7.43469656e-01   0.0000
 -5.92833281e-01   0.0000
  8.55891645e-01   0.0000
  5.74548185e-01   0.0000
 -4.02997047e-01   0.0000
 -1.10774302e+00   0.0000
 -6.41283840e-02   0.0000
 -8.89936745e-01   0.0000
  1.88653871e-01   0.0000
 -9.61971283e-02   0.0000
  2.45833248e-01   0.0000
 -4.20130134e-01   0.0000
  1.30208014e-02   0.0000
 -1.80111915e-01   0.0000
 -3.32341753e-02   0.0000
 -2.51963019e-01   0.0000
  2.01935723e-01   0.0000
  1.49120837e-01   0.0000
 -2.78742045e-01   0.0000
  4.29021299e-01   0.0000
  2.38836110e-01   0.0000
  3.37531716e-01   0.0000
 -2.70346791e-01   0.0000
 -2.59877652e-01   0.0000
  3.39213796e-02   0.0000
  6.39138579e-01   0.0000
 -5.36777020e-01   0.0000
  5.54455101e-01   0.0000
 -4.94948417e-01   0.0000
  1.70907840e-01   0.0000
  2.73566186e-01   0.0000
  1.27683029e-01   0.0000
  1.59773409e-01   0.0000
 -7.06112608e-02   0.0000
  5.86905718e-01   0.0000
  1.02616414e-01   0.0000
 -2.01764911e-01   0.0000
 -1.11557372e-01   0.0000
 -4.32211250e-01   0.0000
  1.80225745e-02   0.0000
  1.15833450e-02   0.0000
  7.70485401e-02   0.0000
  2.30081156e-01   0.0000
 -3.08286488e-01   0.0000
 -9.38705876e-02   0.0000
 -5.73094003e-02   0.0000
 -8.03934410e-02   0.0000
 -1.55046761e-01   0.0000
  6.50457591e-02   0.0000
 -4.38075781e-01   0.0000
  2.98671573e-02   0.0000
 -3.07169348e-01   0.0000
 -1.46461233e-01   0.0000
 -2.58361816e-01   0.0000
 -2.68926680e-01   0.0000
 -2.01550812e-01   0.0000
  8.36079493e-02   0.0000
  3.60401198e-02   0.0000
 -4.55521166e-01   0.0000
  1.18553221e-01   0.0000
 -2.74592400e-01   0.0000
 -7.57714882e-02   0.0000
  7.35056624e-02   0.0000
 -1.04024410e-01   0.0000
  9.55434859e-01   0.0000
  7.32071340e-01   0.0000
 -5.43841004e-01   0.0000
  8.76284987e-02   0.0000
  9.22591165e-02   0.0000
  1.73697948e-01   0.0000
 -2.85486188e-02   0.0000
  1.59224510e-01   0.0000
 -2.52616376e-01   0.0000
 -2.86037534e-01   0.0000
 -2.45268419e-02   0.0000
  1.56803921e-01   0.0000
  1.55078797e-02   0.0000
 -7.09534645e-01   0.0000
 -3.89699936e-01   0.0000
 -8.92267048e-01   0.0000
  5.44693656e-02   0.0000
 -4.71290350e-02   0.0000
  3.07532281e-01   0.0000
 -8.78281593e-02   0.0000
 -2.33475879e-01   0.0000
  1.10079966e-01   0.0000
 -2.19605044e-02   0.0000
 -1.86818317e-01   0.0000
 -2.92990923e-01   0.0000
  6.88209459e-02   0.0000
  2.56297350e-01   0.0000
 -3.62684578e-01   0.0000
 -2.55630851e-01   0.0000
  3.84965569e-01   0.0000
 -4.44373995e-01   0.0000
 -1.96296304e-01   0.0000
 -3.46889883e-01   0.0000
 -4.51353751e-02   0.0000
 -6.32241905e-01   0.0000
  3.20377439e-01   0.0000
 -1.36718899e-01   0.0000
 -3.00173998e-01   0.0000
  2.25866303e-01   0.0000
  2.86047608e-01   0.0000
 -4.36307460e-01   0.0000
  2.53015786e-01   0.0000
  1.78839341e-01   0.0000
 -1.80284679e-01   0.0000
  8.22799921e-01   0.0000
  1.89967215e-01   0.0000
  1.88759580e-01   0.0000
  7.56676435e-01   0.0000
 -6.14386380e-01   0.0000
  1.24850050e-01   0.0000
  3.43491673e-01   0.0000
 -6.13878429e-01   0.0000
 -8.67794216e-01   0.0000
  6.77388906e-01   0.0000
 -1.06932592e+00   0.0000
 -3.69327784e-01   0.0000
  2.70273298e-01   0.0000
 -5.42851448e-01   0.0000
 -4.72812951e-01   0.0000
  6.62022680e-02   0.0000
  2.62906820e-01   0.0000
  1.84421092e-01   0.0000
  2.94522464e-01   0.0000
  3.76833111e-01   0.0000
 -4.37869221e-01   0.0000
  3.05809021e-01   0.0000
  2.93552965e-01   0.0000
  1.62309989e-01   0.0000
  4.35149223e-02   0.0000
 -1.03089139e-01   0.0000
  1.02234920e-02   0.0000
 -2.52431154e-01   0.0000
 -3.47393721e-01   0.0000
  1.43471658e-02   0.0000
 -2.06005111e-01   0.0000
  5.22400159e-03   0.0000
  9.07698348e-02   0.0000
  4.48052496e-01   0.0000
 -9.45954919e-02   0.0000
 -1.73629597e-01   0.0000
 -1.34683058e-01   0.0000
  3.65857109e-02   0.0000
  3.85021180e-01   0.0000
  1.02004878e-01   0.0000
  6.05406566e-03   0.0000
 -6.09390080e-01   0.0000
 -3.35629314e-01   0.0000
 -2.55965471e-01   0.0000
  5.92618622e-02   0.0000
  1.42900646e-01   0.0000
  5.28592587e-01   0.0000
  1.84778154e-01   0.0000
 -2.68626045e-02   0.0000
 -3.54464620e-01   0.0000
 -2.06675321e-01   0.0000
  5.67954779e-02   0.0000
 -4.00148816e-02   0.0000
  2.81254262e-01   0.0000
 -3.68359208e-01   0.0000
  1.66520141e-02   0.0000
 -1.81393266e-01   0.0000
  1.61669463e-01   0.0000
 -1.03533737e-01   0.0000
  4.73900884e-02   0.0000
 -2.83619791e-01   0.0000
  2.67259091e-01   0.0000
  8.97331014e-02   0.0000
  2.10672796e-01   0.0000
  3.18161935e-01   0.0000
 -3.84774089e-01   0.0000
  3.22432727e-01   0.0000
  2.50385702e-01   0.0000
 -5.33568203e-01   0.0000
  6.37834668e-02   0.0000
  2.00575814e-02   0.0000
  9.93206725e-02   0.0000
  8.76581013e-01   0.0000
  9.25246030e-02   0.0000
 -4.61396337e-01   0.0000
 -2.57324249e-01   0.0000
 -9.96607602e-01   0.0000
 -9.09236670e-01   0.0000
  9.11944985e-01   0.0000
 -4.03496742e-01   0.0000
 -9.31944370e-01   0.0000
  4.25720185e-01   0.0000
 -8.65551829e-01   0.0000
 -8.99403632e-01   0.0000
  4.59503561e-01   0.0000
 -4.71830070e-02   0.0000
 -6.44100130e-01   0.0000
 -4.79124486e-02   0.0000
 -3.33930142e-02   0.0000
  4.65258956e-01   0.0000
  2.71901131e-01   0.0000
  2.09675729e-01   0.0000
 -6.91470027e-01   0.0000
  3.94439816e-01   0.0000
 -2.76096970e-01   0.0000
  4.48070884e-01   0.0000
  4.34407443e-01   0.0000
  2.37924755e-01   0.0000
  8.23197514e-02   0.0000
  1.65531054e-01   0.0000
 -2.17749044e-01   0.0000
  2.68472787e-02   0.0000
 -7.13228166e-01   0.0000
 -2.93097794e-01   0.0000
 -3.55932891e-01   0.0000
  1.69513673e-01   0.0000
 -3.59769613e-01   0.0000
  4.70894098e-01   0.0000
 -5.01425385e-01   0.0000
 -3.10110271e-01   0.0000
  1.19397193e-01   0.0000
  5.61058760e-01   0.0000
 -5.65823577e-02   0.0000
 -4.97677058e-01   0.0000
  1.72131807e-01   0.0000
  1.30882710e-01   0.0000
 -7.54068121e-02   0.0000
  4.99401465e-02   0.0000
  4.20068026e-01   0.0000
 -1.10742569e-01   0.0000
 -8.67883623e-01   0.0000
 -9.26392153e-02   0.0000
  5.64343631e-01   0.0000
  4.58009429e-02   0.0000
  1.77910137e+00   0.0000
  2.58191347e+00   0.0000
 -1.03206611e+00   0.0000
  5.49845278e-01   0.0000
  1.12606931e+00   0.0000
 -1.83809087e-01   0.0000
  1.00009751e+00   0.0000
  1.49837756e+00   0.0000
 -7.42565155e-01   0.0000
  1.35993764e-01   0.0000
  8.50157678e-01   0.0000
  2.13299096e-01   0.0000
 -4.30873126e-01   0.0000
 -3.86145890e-01   0.0000
  1.77360252e-01   0.0000
 -1.44370568e+00   0.0000
  6.24707937e-01   0.0000
 -4.94901359e-01   0.0000
 -7.08758608e-02   0.0000
 -5.05839944e-01   0.0000
 -7.69627273e-01   0.0000
  3.45769495e-01   0.0000
  4.88222450e-01   0.0000
 -1.28608979e-02   0.0000
  1.74184367e-01   0.0000
  2.07464993e-01   0.0000
 -5.69569945e-01   0.0000
  2.79473960e-01   0.0000
  1.72652766e-01   0.0000
 -4.28869687e-02   0.0000
  9.87400413e-01   0.0000
  6.23446226e-01   0.0000
 -1.25712693e-01   0.0000
  3.57616484e-01   0.0000
  9.56626516e-03   0.0000
  1.08241163e-01   0.0000
 -2.36189932e-01   0.0000
 -3.86438996e-01   0.0000
 -2.22644359e-01   0.0000
  1.47759393e-01   0.0000
  5.82648993e-01   0.0000
 -7.24348724e-02   0.0000
  1.14713192e-01   0.0000
 -3.24345589e-01   0.0000
 -2.45111249e-03   0.0000
  1.97344229e-01   0.0000
  3.60308081e-01   0.0000
  5.00918448e-01   0.0000
 -6.78411126e-02   0.0000
  4.13992763e-01   0.0000
 -4.06672359e-01   0.0000
 -1.53235376e-01   0.0000
 -5.61407059e-02   0.0000
 -1.41242310e-01   0.0000
  2.63454437e-01   0.0000
  5.56465149e-01   0.0000
  9.20443758e-02   0.0000
 -4.16630924e-01   0.0000
  7.14280754e-02   0.0000
 -9.86870900e-02   0.0000
 -8.67181420e-02   0.0000
 -4.16866213e-01   0.0000
  6.48658991e-01   0.0000
 -3.11383098e-01   0.0000
  1.86590225e-01   0.0000
 -4.08771873e-01   0.0000
  3.18463802e-01   0.0000
 -1.03070691e-01   0.0000
 -2.47705374e-02   0.0000
 -1.40909195e-01   0.0000
  9.84257683e-02   0.0000
  1.58352196e-01   0.0000
  7.14599490e-01   0.0000
  1.27833998e+00   0.0000
 -3.50062847e-01   0.0000
 -6.61917254e-02   0.0000
  2.94345796e-01   0.0000
  1.37661666e-01   0.0000
  1.90562531e-01   0.0000
  3.89453292e-01   0.0000
 -4.93209720e-01   0.0000
 -1.56064689e-01   0.0000
  1.67399049e-01   0.0000
  3.26529920e-01   0.0000
  1.88643768e-01   0.0000
 -3.51117074e-01   0.0000
 -1.84178457e-01   0.0000
  4.30814922e-02   0.0000
  2.96860725e-01   0.0000
 -1.23870999e-01   0.0000
 -3.41501199e-02   0.0000
 -3.61360013e-01   0.0000
  6.46295547e-01   0.0000
 -6.32086545e-02   0.0000
 -3.27695131e-01   0.0000
 -4.24519539e-01   0.0000
 -8.99326265e-01   0.0000
 -1.19053102e+00   0.0000
  6.97654486e-01   0.0000
 -2.98429012e-01   0.0000
 -5.36506772e-01   0.0000
  3.84163946e-01   0.0000
 -8.37977231e-02   0.0000
 -6.56396866e-01   0.0000
  3.76716584e-01   0.0000
 -4.28581387e-01   0.0000
 -4.41636711e-01   0.0000
 -2.02115923e-01   0.0000
  4.15073007e-01   0.0000
 -6.00897055e-03   0.0000
  2.36621514e-01   0.0000
  5.74176550e-01   0.0000
 -5.54336011e-01   0.0000
  2.11097486e-02   0.0000
 -1.45708844e-01   0.0000
  2.09895089e-01   0.0000
  1.63011014e-01   0.0000
  7.40551725e-02   0.0000
 -2.27469996e-01   0.0000
 -1.26541138e-01   0.0000
 -7.90795833e-02   0.0000
 -1.58212304e-01   0.0000
  1.88636810e-01   0.0000
  1.57321766e-01   0.0000
  1.53023094e-01   0.0000
  2.93063372e-01   0.0000
  2.62621552e-01   0.0000
  2.73208827e-01   0.0000
 -1.51534677e-01   0.0000
 -2.15797424e-01   0.0000
  2.94051766e-01   0.0000
 -1.34119894e-02   0.0000
 -4.11705792e-01   0.0000
  2.60430723e-02   0.0000
  2.28866786e-01   0.0000
  1.20403260e-01   0.0000
  5.25955200e-01   0.0000
  2.40557805e-01   0.0000
 -1.36442617e-01   0.0000
 -4.66821529e-02   0.0000
 -1.83988705e-01   0.0000
  2.54636735e-01   0.0000
  2.93017983e-01   0.0000
  1.86955050e-01   0.0000
 -3.59393060e-02   0.0000
  9.58675966e-02   0.0000
  1.89622659e-02   0.0000
 -1.24601997e-01   0.0000
 -1.81440543e-02   0.0000
  4.96755056e-02   0.0000
  5.79491436e-01   0.0000
  2.93117523e-01   0.0000
  3.64155173e-02   0.0000
 -4.04752582e-01   0.0000
 -1.25721619e-01   0.0000
 -3.39275867e-01   0.0000
 -5.55688620e-01   0.0000
 -1.91993993e-02   0.0000
 -1.74648330e-01   0.0000
  2.94795871e-01   0.0000
 -1.02761336e-01   0.0000
  5.66576310e-02   0.0000
 -1.26574740e-01   0.0000
 -3.33833337e-01   0.0000
 -1.21810746e+00   0.0000
 -2.22564965e-01   0.0000
  7.88905084e-01   0.0000
  1.30624264e-01   0.0000
  1.21268678e+00   0.0000
  1.69664848e+00   0.0000
 -8.18519175e-01   0.0000
  8.48744437e-03   0.0000
  9.60680783e-01   0.0000
 -4.28714961e-01   0.0000
  5.30759156e-01   0.0000
  9.86897409e-01   0.0000
 -6.82792246e-01   0.0000
 -1.15021542e-01   0.0000
  6.53992414e-01   0.0000
  1.12041123e-01   0.0000
 -3.26943904e-01   0.0000
 -3.13484043e-01   0.0000
  5.49298786e-02   0.0000
 -6.70090318e-01   0.0000
  8.79819036e-01   0.0000
 -2.24523649e-01   0.0000
  2.71784872e-01   0.0000
 -5.30920506e-01   0.0000
 -8.45585346e-01   0.0000
 -1.02970600e-01   0.0000
  3.50981839e-02   0.0000
 -4.03292120e-01   0.0000
  5.83385050e-01   0.0000
  1.09352171e+00   0.0000
 -6.09095216e-01   0.0000
  9.07191098e-01   0.0000
  3.03258061e-01   0.0000
 -4.88152415e-01   0.0000
  2.29764193e-01   0.0000
  3.92101139e-01   0.0000
 -5.16430065e-02   0.0000
  1.15422532e-03   0.0000
  1.26426611e-02   0.0000
  4.03222814e-02   0.0000
 -3.15694839e-01   0.0000
  2.04134852e-01   0.0000
 -8.43843743e-02   0.0000
 -4.52901304e-01   0.0000
  6.15504920e-01   0.0000
  2.98457712e-01   0.0000
 -1.62768215e-02   0.0000
 -1.33343816e-01   0.0000
 -3.57434392e-01   0.0000
  2.03996897e-01   0.0000
  5.58710508e-02   0.0000
  1.62751064e-01   0.0000
  1.31434813e-01   0.0000
 -5.25102973e-01   0.0000
 -8.29442516e-02   0.0000
  5.25961161e-01   0.0000
 -2.50065088e-01   0.0000
 -1.54470205e-01   0.0000
  5.78513682e-01   0.0000
 -2.43546650e-01   0.0000
 -3.46237987e-01   0.0000
  1.54585406e-01   0.0000
  4.55483228e-01   0.0000
  1.08961880e-01   0.0000
 -5.44780195e-01   0.0000
  9.38558280e-02   0.0000
  5.24411798e-02   0.0000
  9.22631323e-02   0.0000
  3.84308547e-01   0.0000
 -2.02000458e-02   0.0000
 -1.63102746e-01   0.0000
  1.17964379e-01   0.0000
 -5.44317484e-01   0.0000
  3.86729045e-03   0.0000
  8.50263953e-01   0.0000
 -6.32353574e-02   0.0000
  9.02854681e-01   0.0000
  1.81479692e+00   0.0000
 -5.56679606e-01   0.0000
 -7.71593451e-02   0.0000
  5.00902951e-01   0.0000
  1.51307415e-03   0.0000
  1.72561496e-01   0.0000
  6.69166803e-01   0.0000
 -4.13618207e-01   0.0000
  1.92917019e-01   0.0000
  7.31564701e-01   0.0000
 -3.34674180e-01   0.0000
 -9.82177481e-02   0.0000
 -3.15116227e-01   0.0000
  1.73648559e-02   0.0000
 -5.81110775e-01   0.0000
  3.35471511e-01   0.0000
 -4.33569521e-01   0.0000
  1.53881758e-01   0.0000
 -7.40019009e-02   0.0000
  3.45710725e-01   0.0000
 -2.75778234e-01   0.0000
  6.54218197e-02   0.0000
  1.03598744e-01   0.0000
 -3.28766078e-01   0.0000
 -7.64546216e-01   0.0000
  3.60120028e-01   0.0000
  1.55510470e-01   0.0000
 -4.86851782e-01   0.0000
  6.75100267e-01   0.0000
 -2.76952118e-01   0.0000
 -6.28837943e-02   0.0000
  9.10424739e-02   0.0000
 -3.01995397e-01   0.0000
 -1.26603186e-01   0.0000
  6.34387955e-02   0.0000
 -4.15545285e-01   0.0000
  7.17400253e-01   0.0000
  7.54765570e-01   0.0000
  2.30257988e-01   0.0000
  1.53672263e-01   0.0000
 -4.72132057e-01   0.0000
  7.21198022e-02   0.0000
 -8.94439518e-02   0.0000
  5.32410026e-01   0.0000
 -4.79213089e-01   0.0000
 -3.91616434e-01   0.0000
  9.31011885e-02   0.0000
 -8.53863537e-01   0.0000
 -8.80202770e-01   0.0000
  1.01100230e+00   0.0000
  5.53711224e-03   0.0000
 -1.36265099e-01   0.0000
  3.30633432e-01   0.0000
 -9.14544404e-01   0.0000
 -6.34430230e-01   0.0000
  4.70765382e-01   0.0000
 -9.13729444e-02   0.0000
  1.89214826e-01   0.0000
 -2.04903986e-02   0.0000
  2.65443236e-01   0.0000
 -3.27149034e-02   0.0000
  3.52031052e-01   0.0000
  3.06920260e-01   0.0000
  1.91039383e-01   0.0000
  2.42781654e-01   0.0000
 -2.36883819e-01   0.0000
  7.26565719e-01   0.0000
 -6.07380450e-01   0.0000
  4.57016230e-01   0.0000
  8.39959383e-02   0.0000
 -8.46890986e-01   0.0000
  8.73304158e-03   0.0000
 -2.03662694e-01   0.0000
  1.23484708e-01   0.0000
  6.20154738e-01   0.0000
  4.04551208e-01   0.0000
 -1.08430278e+00   0.0000
  7.97310948e-01   0.0000
  1.44584462e-01   0.0000
  2.37284005e-01   0.0000
  6.83354855e-01   0.0000
  5.87759495e-01   0.0000
  4.48397063e-02   0.0000
 -9.66832280e-01   0.0000
  3.45271766e-01   0.0000
  1.34143353e-01   0.0000
  2.34543040e-01   0.0000
  1.78482428e-01   0.0000
 -2.50811309e-01   0.0000
 -5.43917894e-01   0.0000
 -6.06179284e-03   0.0000
  2.39294007e-01   0.0000
  4.31080133e-01   0.0000
  2.63099372e-01   0.0000
  3.73711854e-01   0.0000
  2.44421199e-01   0.0000
 -7.06131577e-01   0.0000
 -3.23726147e-01   0.0000
 -1.01003623e+00   0.0000
  3.33076209e-01   0.0000
  4.25153732e-01   0.0000
  1.00529417e-01   0.0000
  8.38557363e-01   0.0000
  4.74421710e-01   0.0000
 -1.36681497e-01   0.0000
  5.24012983e-01   0.0000
 -8.07286441e-01   0.0000
 -3.96771133e-01   0.0000
 -6.47524148e-02   0.0000
  9.44125932e-03   0.0000
 -7.62028322e-02   0.0000
  3.08524519e-01   0.0000
  2.25162134e-01   0.0000
  3.39970112e-01   0.0000
  1.15359508e-01   0.0000
  4.03719723e-01   0.0000
 -8.56772736e-02   0.0000
  2.72694081e-01   0.0000
 -7.75720477e-02   0.0000
 -3.44083160e-01   0.0000
  7.91249350e-02   0.0000
  9.68308821e-02   0.0000
 -2.09758040e-02   0.0000
  4.62843508e-01   0.0000
 -9.39135969e-01   0.0000
  6.02750592e-02   0.0000
 -4.22577672e-02   0.0000
  2.96175152e-01   0.0000
  5.09690166e-01   0.0000
  8.46256912e-02   0.0000
  1.65224403e-01   0.0000
  3.32390219e-01   0.0000
  1.51135847e-01   0.0000
 -3.41129005e-01   0.0000
 -3.82037252e-01   0.0000
 -4.34029043e-01   0.0000
  1.15869902e-01   0.0000
 -4.66372460e-01   0.0000
  2.89839860e-02   0.0000
  3.31838369e-01   0.0000
  8.49273279e-02   0.0000
  5.23550510e-01   0.0000
  2.18174309e-01   0.0000
 -2.61823442e-02   0.0000
 -5.73092580e-01   0.0000
 -4.82615493e-02   0.0000
 -1.96397766e-01   0.0000
  6.63507581e-01   0.0000
  3.94832194e-01   0.0000
  1.95621829e-02   0.0000
  1.80491820e-01   0.0000
  1.72040358e-01   0.0000
  4.90837581e-02   0.0000
  7.37223849e-02   0.0000
 -9.58294515e-03   0.0000
 -2.51393463e-03   0.0000
 -5.05191445e-01   0.0000
 -7.92828277e-02   0.0000
 -4.68549341e-01   0.0000
  4.58102942e-01   0.0000
  1.43448424e+00   0.0000
  5.88424206e-01   0.0000
  1.35401809e+00   0.0000
  3.88850942e-02   0.0000
 -6.34857714e-01   0.0000
  5.19609042e-02   0.0000
 -1.14908278e+00   0.0000
 -6.89763904e-01   0.0000
 -3.08523744e-01   0.0000
 -4.52613920e-01   0.0000
  1.24184835e+00   0.0000
 -5.56056261e-01   0.0000
 -6.67593122e-01   0.0000
 -3.59415323e-01   0.0000
 -5.26424587e-01   0.0000
  2.89558358e-02   0.0000
  1.81870604e+00   0.0000
  5.18432915e-01   0.0000
  1.78725302e+00   0.0000
 -2.91492909e-01   0.0000
 -5.49470305e-01   0.0000
  1.21827543e-01   0.0000
 -1.48453486e+00   0.0000
 -7.24792242e-01   0.0000
  5.93448400e-01   0.0000
 -1.04153144e+00   0.0000
  6.77471757e-01   0.0000
 -9.19511095e-02   0.0000
  1.68768540e-01   0.0000
  1.60431918e-02   0.0000
  8.10296774e-01   0.0000
  3.32585350e-02   0.0000
 -1.16727960e+00   0.0000
 -4.13295686e-01   0.0000
 -1.04807353e+00   0.0000
  3.32238197e-01   0.0000
  1.94683537e-01   0.0000
 -1.59683928e-01   0.0000
  8.91369700e-01   0.0000
  2.37535924e-01   0.0000
  1.31558120e-01   0.0000
  3.86587083e-02   0.0000
 -4.10173029e-01   0.0000
 -2.78934151e-01   0.0000
 -3.13429326e-01   0.0000
  2.44032368e-02   0.0000
  7.95037299e-02   0.0000
  2.90456891e-01   0.0000
  5.77670395e-01   0.0000
  6.68289185e-01   0.0000
  4.58318084e-01   0.0000
 -8.17681789e-01   0.0000
 -4.53250974e-01   0.0000
 -2.23669205e-02   0.0000
 -5.53613067e-01   0.0000
 -3.13225299e-01   0.0000
  4.70473543e-02   0.0000
 -5.70102811e-01   0.0000
  3.56556922e-01   0.0000
  7.47563392e-02   0.0000
 -5.12712263e-02   0.0000
 -7.31824040e-01   0.0000
  1.37052014e-01   0.0000
 -2.06358120e-01   0.0000
  1.31967568e+00   0.0000
  3.27851057e-01   0.0000
  1.13409185e+00   0.0000
 -1.95038110e-01   0.0000
 -7.62538552e-01   0.0000
 -1.59108527e-02   0.0000
 -6.15195990e-01   0.0000
 -2.04547301e-01   0.0000
 -3.41191173e-01   0.0000
 -3.79948646e-01   0.0000
  9.08608496e-01   0.0000
  7.89098218e-02   0.0000
  7.40469322e-02   0.0000
  3.67823876e-02   0.0000
 -1.28107205e-01   0.0000
  2.40211189e-01   0.0000
 -7.68391252e-01   0.0000
 -6.72204792e-01   0.0000
 -7.80476570e-01   0.0000
  4.60040659e-01   0.0000
  6.28880143e-01   0.0000
 -2.27170661e-01   0.0000
  4.69075471e-01   0.0000
  4.27193999e-01   0.0000
  3.47321182e-01   0.0000
  7.92270064e-01   0.0000
 -6.01256192e-01   0.0000
  6.37178645e-02   0.0000
 -4.17732060e-01   0.0000
 -3.51032823e-01   0.0000
 -3.56079817e-01   0.0000
  5.51581800e-01   0.0000
  1.02901232e+00   0.0000
  4.10030007e-01   0.0000
  1.13190997e+00   0.0000
 -4.63202387e-01   0.0000
 -7.40680099e-01   0.0000
 -1.08653553e-01   0.0000
 -6.00032568e-01   0.0000
 -6.21190012e-01   0.0000
  2.00721607e-01   0.0000
 -5.37912190e-01   0.0000
  8.00785005e-01   0.0000
 -5.84731717e-03   0.0000
 -4.42523301e-01   0.0000
 -2.63061542e-02   0.0000
 -1.78257167e-01   0.0000
  5.71446598e-01   0.0000
  5.80810487e-01   0.0000
  4.54840176e-02   0.0000
  5.22773087e-01   0.0000
  5.21771014e-02   0.0000
 -3.82955253e-01   0.0000
 -1.72549754e-01   0.0000
 -1.04207945e+00   0.0000
  2.05076784e-02   0.0000
  2.25671500e-01   0.0000
 -3.40236276e-01   0.0000
  4.90986347e-01   0.0000
 -4.57750671e-02   0.0000
  7.05962852e-02   0.0000
 -2.78885633e-01   0.0000
 -6.30546883e-02   0.0000
 -4.53671962e-02   0.0000
 -3.41722161e-01   0.0000
 -2.94990480e-01   0.0000
  2.37375632e-01   0.0000
 -2.12562189e-01   0.0000
  2.83400446e-01   0.0000
 -5.14381409e-01   0.0000
  2.46416017e-01   0.0000
 -4.99268323e-01   0.0000
  2.47227117e-01   0.0000
  1.29544914e-01   0.0000
 -3.64431709e-01   0.0000
 -3.25062603e-01   0.0000
  3.48239511e-01   0.0000
 -2.79808789e-01   0.0000
 -2.53072560e-01   0.0000
  1.42220026e-02   0.0000
  4.74674970e-01   0.0000
 -3.02791595e-01   0.0000
  3.97314966e-01   0.0000
 -4.48599756e-01   0.0000
 -3.86444539e-01   0.0000
 -9.44381356e-02   0.0000
 -2.08528653e-01   0.0000
 -6.59420252e-01   0.0000
  2.76012659e-01   0.0000
 -6.76802754e-01   0.0000
  2.68080711e-01   0.0000
 -1.06427521e-01   0.0000
  1.93095189e-02   0.0000
  5.89849241e-02   0.0000
 -3.24836701e-01   0.0000
  4.38688658e-02   0.0000
  1.13573968e+00   0.0000
  5.94516158e-01   0.0000
  5.57077944e-01   0.0000
  2.65728328e-02   0.0000
 -2.58362085e-01   0.0000
  2.06080914e-01   0.0000
 -5.48734128e-01   0.0000
 -3.70596766e-01   0.0000
 -3.20028394e-01   0.0000
 -4.62757766e-01   0.0000
  3.46352905e-01   0.0000
 -4.35506970e-01   0.0000
 -2.10452065e-01   0.0000
 -9.45937410e-02   0.0000
  3.43229115e-01   0.0000
 -1.85944259e-01   0.0000
 -2.09631234e-01   0.0000
 -3.69006366e-01   0.0000
 -3.39878738e-01   0.0000
  1.55471489e-01   0.0000
  6.99688271e-02   0.0000
 -3.00934970e-01   0.0000
 -5.19487143e-01   0.0000
  2.39645932e-02   0.0000
  7.66452327e-02   0.0000
  1.25468776e-01   0.0000
 -6.22232817e-02   0.0000
  2.62081563e-01   0.0000
  8.03611428e-02   0.0000
  3.31006795e-01   0.0000
 -1.18369830e-03   0.0000
 -5.20543568e-02   0.0000
 -4.37747061e-01   0.0000
 -9.41284895e-01   0.0000
 -4.03143227e-01   0.0000
  5.81183553e-01   0.0000
  4.13130432e-01   0.0000
  2.81358182e-01   0.0000
  4.64920670e-01   0.0000
  1.22052588e-01   0.0000
 -2.47571155e-01   0.0000
  2.79029787e-01   0.0000
 -4.09809500e-01   0.0000
 -6.96906209e-01   0.0000
  3.61959008e-03   0.0000
 -9.74635184e-02   0.0000
  2.10073754e-01   0.0000
 -1.51122943e-01   0.0000
 -2.27402553e-01   0.0000
 -5.42377941e-02   0.0000
 -1.06378146e-01   0.0000
 -6.61547959e-01   0.0000
 -1.31895810e-01   0.0000
 -1.49487898e-01   0.0000
 -9.69223902e-02   0.0000
 -2.12349266e-01   0.0000
  1.12632252e-01   0.0000
 -3.14631946e-02   0.0000
 -1.14033269e-02   0.0000
  2.44861811e-01   0.0000
 -2.49100983e-01   0.0000
 -1.44979864e-01   0.0000
 -1.63271889e-01   0.0000
 -2.15627715e-01   0.0000
 -5.78362107e-01   0.0000
  1.85971498e-01   0.0000
 -4.17374611e-01   0.0000
 -2.01353565e-01   0.0000
  1.30212680e-01   0.0000
  4.26875800e-01   0.0000
  1.40110359e-01   0.0000
  4.90302622e-01   0.0000
  1.63762644e-01   0.0000
 -1.00725688e-01   0.0000
 -7.35089406e-02   0.0000
  1.96869418e-01   0.0000
  3.99211943e-01   0.0000
  2.03455538e-02   0.0000
 -1.09108929e-02   0.0000
 -2.10963845e-01   0.0000
 -8.93431485e-01   0.0000
 -1.12279929e-01   0.0000
 -5.45414686e-01   0.0000
 -2.31914848e-01   0.0000
  3.54531735e-01   0.0000
  4.35051024e-01   0.0000
  7.42192984e-01   0.0000
  4.25134599e-01   0.0000
 -1.00710437e-01   0.0000
  5.18373787e-01   0.0000
 -3.92573029e-01   0.0000
 -6.32194802e-02   0.0000
  1.75415635e-01   0.0000
 -4.77684289e-01   0.0000
  2.44704094e-02   0.0000
  4.00621980e-01   0.0000
  3.65682691e-01   0.0000
  6.45726442e-01   0.0000
  5.58958411e-01   0.0000
 -4.57955420e-01   0.0000
 -4.17323589e-01   0.0000
  2.79476792e-01   0.0000
 -7.13780761e-01   0.0000
  4.73882109e-02   0.0000
 -1.99751750e-01   0.0000
 -5.95750511e-01   0.0000
  1.85267091e-01   0.0000
  2.64679044e-01   0.0000
 -4.59835865e-02   0.0000
  3.70288759e-01   0.0000
  1.52452648e-01   0.0000
 -1.97739586e-01   0.0000
  4.11892906e-02   0.0000
  2.28180006e-01   0.0000
 -6.47480369e-01   0.0000
 -8.96956921e-02   0.0000
  1.92625716e-01   0.0000
 -3.66085954e-02   0.0000
  2.01181635e-01   0.0000
  6.72761351e-02   0.0000
 -3.04476589e-01   0.0000
  1.48526177e-01   0.0000
 -1.37881950e-01   0.0000
 -9.21157077e-02   0.0000
  1.92207228e-02   0.0000
  3.33905697e-01   0.0000
 -2.67209440e-01   0.0000
  2.55314946e-01   0.0000
  1.11891050e-02   0.0000
 -3.66354361e-02   0.0000
 -3.28034937e-01   0.0000
  1.44118577e-01   0.0000
  3.01757246e-01   0.0000
 -3.51246506e-01   0.0000
 -4.46804792e-01   0.0000
  9.36146230e-02   0.0000
  1.82368029e-02   0.0000
  3.07541192e-01   0.0000
 -1.14446282e-01   0.0000
 -2.73460716e-01   0.0000
  4.65385139e-01   0.0000
  1.25867665e-01   0.0000
  1.97247460e-01   0.0000
 -2.94647156e-03   0.0000
 -5.13112605e-01   0.0000
 -3.75672400e-01   0.0000
  1.93904969e-04   0.0000
 -4.19227719e-01   0.0000
  5.74675679e-01   0.0000
  2.83342123e-01   0.0000
  3.26739252e-01   0.0000
 -2.63263807e-02   0.0000
 -6.21737480e-01   0.0000
  5.76737039e-02   0.0000
 -3.94088835e-01   0.0000
 -4.41276997e-01   0.0000
  6.64606154e-01   0.0000
 -7.46554911e-01   0.0000
 -2.02826977e-01   0.0000
  1.39754862e-01   0.0000
  7.16431113e-03   0.0000
 -1.09015472e-01   0.0000
  3.52587998e-01   0.0000
 -1.10492611e+00   0.0000
 -6.48428261e-01   0.0000
  1.67813208e-02   0.0000
  1.54915266e-02   0.0000
 -8.37051153e-01   0.0000
  1.98103371e-03   0.0000
 -5.26365757e-01   0.0000
  2.77296126e-01   0.0000
 -9.44031358e-01   0.0000
  3.06931436e-01   0.0000
 -9.60945189e-01   0.0000
 -2.45573834e-01   0.0000
  1.08676866e-01   0.0000
  3.06830907e+00   0.0000
  4.49402869e-01   0.0000
  3.15605450e+00   0.0000
 -1.86969721e+00   0.0000
 -1.48634624e+00   0.0000
  1.03726245e-01   0.0000
 -1.57285345e+00   0.0000
 -1.37051404e+00   0.0000
  7.46091306e-02   0.0000
 -1.38416564e+00   0.0000
  1.12223029e+00   0.0000
 -6.34547889e-01   0.0000

