 5 0.000000 1
 1 
 Si 28.085500
 0 0.250001 4.500000 0.978124 1.000000 
 5 0 1 2 4 6
 8 2.25000 2.50000 2.75000 3.00000 3.25000 3.50000 3.75000 4.00000
 1 12.169200 6.172630 3.114710 0.755675 0.404939 0.036124 0.650018 0.572890
 5 40 24 24 16 1
 -1.36186942e-01   0.0000
 -1.82271707e+00   0.0000
  1.38632476e+00   0.0000
 -1.61052907e+00   0.0000
  1.63741004e+00   0.0000
  6.89987361e-01   0.0000
  6.98298573e-01   0.0000
 -1.74104667e+00   0.0000
 -1.88944173e+00   0.0000
  6.80851340e-01   0.0000
  1.57101202e+00   0.0000
  3.71127653e+00   0.0000
 -1.38534498e+00   0.0000
 -1.05598533e+00   0.0000
 -1.89255252e-01   0.0000
  2.62753725e-01   0.0000
  1.98613656e+00   0.0000
  1.51719582e+00   0.0000
 -1.42102015e+00   0.0000
 -2.08659029e+00   0.0000
  2.45616674e+00   0.0000
  2.31971335e+00   0.0000
  1.22669005e+00   0.0000
  2.71291465e-01   0.0000
  4.27364483e-02   0.0000
 -1.83696544e+00   0.0000
  1.75447917e+00   0.0000
 -1.27022123e+00   0.0000
 -1.98337615e-01   0.0000
  1.32986808e+00   0.0000
  9.26127017e-01   0.0000
 -1.23101580e+00   0.0000
 -1.24304116e+00   0.0000
  1.07937229e+00   0.0000
  1.76776111e+00   0.0000
  3.53523523e-01   0.0000
 -3.06831002e-01   0.0000
 -5.98923326e-01   0.0000
 -1.87213719e-02   0.0000
  1.17944069e-01   0.0000
  1.82721484e+00   0.0000
  1.08949721e+00   0.0000
 -1.13899505e+00   0.0000
 -9.76473033e-01   0.0000
  2.19643950e+00   0.0000
  3.18211764e-01   0.0000
  1.07682455e+00   0.0000
 -2.12661698e-01   0.0000
 -4.00518686e-01   0.0000
 -2.01176214e+00   0.0000
  1.57995343e+00   0.0000
 -1.16020286e+00   0.0000
 -7.80329049e-01   0.0000
  1.35213995e+00   0.0000
  1.06525886e+00   0.0000
 -1.11708248e+00   0.0000
 -1.08761561e+00   0.0000
  1.16627407e+00   0.0000
  1.74858236e+00   0.0000
 -1.02744806e+00   0.0000
 -8.16190302e-01   0.0000
 -6.15753353e-01   0.0000
  1.60971984e-01   0.0000
 -2.37004131e-01   0.0000
  1.22130227e+00   0.0000
  8.93136203e-01   0.0000
 -1.76181704e-01   0.0000
  4.33081478e-01   0.0000
  2.13639116e+00   0.0000
 -1.10112560e+00   0.0000
  4.28978026e-01   0.0000
 -9.35386062e-01   0.0000
 -5.95373809e-01   0.0000
 -7.44981587e-01   0.0000
  1.10693705e+00   0.0000
 -9.08171654e-01   0.0000
 -7.91457891e-01   0.0000
  1.09621608e+00   0.0000
  2.96442389e-01   0.0000
 -8.34734678e-01   0.0000
 -1.06728113e+00   0.0000
  1.07937443e+00   0.0000
  1.64527476e+00   0.0000
 -8.72945130e-01   0.0000
 -1.02362096e+00   0.0000
 -5.12287974e-01   0.0000
  6.50416017e-01   0.0000
 -7.32940793e-01   0.0000
  8.52660656e-01   0.0000
  6.16248250e-01   0.0000
  2.66325593e-01   0.0000
  1.66835570e+00   0.0000
  1.76605427e+00   0.0000
 -1.16649818e+00   0.0000
  9.62272584e-01   0.0000
 -1.00870728e+00   0.0000
 -9.36641812e-01   0.0000
 -2.37842262e-01   0.0000
  9.26720440e-01   0.0000
 -9.67176378e-01   0.0000
  6.41735867e-02   0.0000
  1.29619503e+00   0.0000
 -2.05296144e-01   0.0000
 -7.37749696e-01   0.0000
 -6.90182567e-01   0.0000
  6.28636599e-01   0.0000
  1.12431324e+00   0.0000
 -8.99767399e-01   0.0000
 -5.66614032e-01   0.0000
 -4.59075898e-01   0.0000
  1.09098089e+00   0.0000
 -6.55687928e-01   0.0000
  7.62136281e-01   0.0000
  4.55270499e-01   0.0000
  5.68230271e-01   0.0000
  1.81957352e+00   0.0000
  1.17622495e+00   0.0000
 -1.24954629e+00   0.0000
  7.21284330e-01   0.0000
 -5.45473874e-01   0.0000
 -3.27627450e-01   0.0000
  4.09117103e-01   0.0000
  1.05164123e+00   0.0000
 -2.17378393e-01   0.0000
  1.25948799e+00   0.0000
  1.18450284e+00   0.0000
 -9.04706717e-01   0.0000
 -2.95025885e-01   0.0000
 -9.09984827e-01   0.0000
  3.62195224e-01   0.0000
  1.09562767e+00   0.0000
 -1.10937297e+00   0.0000
 -4.34667915e-02   0.0000
 -6.88949645e-01   0.0000
  3.67124736e-01   0.0000
  1.81816250e-01   0.0000
  1.76377192e-01   0.0000
  2.96383083e-01   0.0000
  3.81692111e-01   0.0000
  8.34056079e-01   0.0000
  1.17858231e+00   0.0000
 -5.75769663e-01   0.0000
  5.38901150e-01   0.0000
 -3.65329646e-02   0.0000
 -1.05371485e-02   0.0000
  3.33591193e-01   0.0000
  3.27238888e-01   0.0000
 -2.64882654e-01   0.0000
  7.61155963e-01   0.0000
  1.23439646e+00   0.0000
  1.99580982e-01   0.0000
 -3.98124903e-01   0.0000
 -5.62334001e-01   0.0000
  2.62760580e-01   0.0000
  9.81919825e-01   0.0000
  1.87089115e-01   0.0000
  1.73969060e-01   0.0000
 -6.09463871e-01   0.0000
 -5.01572967e-01   0.0000
  1.15715098e+00   0.0000
  7.15512931e-02   0.0000
  4.39691633e-01   0.0000
  1.78442091e-01   0.0000
 -7.54357159e-01   0.0000
  4.38569069e-01   0.0000
  1.02737582e+00   0.0000
  7.05944151e-02   0.0000
  1.01566529e+00   0.0000
 -6.51297033e-01   0.0000
  7.90317714e-01   0.0000
 -2.97181785e-01   0.0000
  8.32106471e-02   0.0000
  6.72625229e-02   0.0000
  8.66741121e-01   0.0000
  6.56051755e-01   0.0000
 -8.18522945e-02   0.0000
 -4.88537520e-01   0.0000
  3.32747966e-01   0.0000
  5.26449859e-01   0.0000
  2.61809444e+00   0.0000
  2.19920412e-01   0.0000
 -3.51201385e-01   0.0000
 -6.67358875e-01   0.0000
  2.24325299e-01   0.0000
  4.30210054e-01   0.0000
  3.46136481e-01   0.0000
 -3.15239727e-01   0.0000
 -2.08313513e+00   0.0000
  1.54628843e-01   0.0000
  2.75589895e+00   0.0000
  3.54589283e-01   0.0000
  1.56260574e+00   0.0000
  1.55154079e-01   0.0000
 -3.91475588e-01   0.0000
 -6.43603578e-02   0.0000
  2.41139345e-03   0.0000
  4.62338120e-01   0.0000
  9.48429525e-01   0.0000
 -4.72980857e-01   0.0000
 -4.01907772e-01   0.0000
 -1.56545937e-01   0.0000
  1.18590307e+00   0.0000
  8.13639760e-01   0.0000
 -7.43464708e-01   0.0000
 -8.67761225e-02   0.0000
  4.24448669e-01   0.0000
  1.02280721e-01   0.0000
  4.30198282e-01   0.0000
 -2.06354678e-01   0.0000
  4.51830059e-01   0.0000
  2.22688928e-01   0.0000
  6.83105290e-01   0.0000
 -4.79617059e-01   0.0000
  3.71465266e-01   0.0000
  3.07596028e-01   0.0000
 -1.51953351e+00   0.0000
 -4.13161129e-01   0.0000
  3.09396610e-02   0.0000
 -9.51293185e-02   0.0000
  1.40086755e-01   0.0000
  3.43266010e-01   0.0000
  5.16209841e-01   0.0000
 -1.29851669e-01   0.0000
 -1.43034950e-01   0.0000
  2.69816339e-01   0.0000
  1.06310821e+00   0.0000
  3.42658132e-01   0.0000
  2.36452036e-02   0.0000
  1.58965394e-01   0.0000
 -2.03523353e-01   0.0000
  7.62756288e-01   0.0000
  1.77052557e-01   0.0000
  9.17430222e-02   0.0000
  1.90116554e-01   0.0000
  2.40914822e-02   0.0000
  1.66537964e+00   0.0000
 -9.29777324e-02   0.0000
  3.06169450e-01   0.0000
  1.08755931e-01   0.0000
 -1.30812025e+00   0.0000
 -2.90074259e-01   0.0000
  1.63751945e-01   0.0000
  2.50788748e-01   0.0000
  2.32658044e-01   0.0000
  5.46411455e-01   0.0000
  6.79184854e-01   0.0000
  3.19472700e-01   0.0000
 -2.87137866e-01   0.0000
 -2.81889826e-01   0.0000
  4.32921588e-01   0.0000
  3.23299199e-01   0.0000
  2.59481281e-01   0.0000
  6.09575510e-01   0.0000
  1.94857508e-01   0.0000
  6.27745271e-01   0.0000
  8.27882588e-02   0.0000
 -2.76256204e-01   0.0000
 -5.02253830e-01   0.0000
  3.16586614e-01   0.0000
  1.46805573e+00   0.0000
 -2.53872603e-01   0.0000
  3.27915549e-01   0.0000
  7.27107763e-01   0.0000
 -7.56212890e-01   0.0000
 -3.63751382e-01   0.0000
 -1.85293093e-01   0.0000
 -2.91507635e-02   0.0000
 -5.14706858e-02   0.0000
  2.42085487e-01   0.0000
  1.17051393e-01   0.0000
  3.88633907e-02   0.0000
 -2.55065471e-01   0.0000
 -1.39443755e-01   0.0000
  4.99250650e-01   0.0000
  4.02073741e-01   0.0000
 -8.58626306e-01   0.0000
  5.16591072e-01   0.0000
 -7.08742678e-01   0.0000
  3.98666300e-02   0.0000
  2.05760896e-01   0.0000
  1.59739777e-01   0.0000
  2.97009349e-01   0.0000
 -1.77512258e-01   0.0000
  1.48382306e+00   0.0000
 -7.54331872e-02   0.0000
 -4.35627624e-02   0.0000
  2.51602769e-01   0.0000
 -4.80377413e-02   0.0000
  4.03160036e-01   0.0000
 -1.53896526e-01   0.0000
 -4.75234501e-02   0.0000
 -2.24558488e-01   0.0000
  2.69084394e-01   0.0000
  2.43443668e-01   0.0000
 -4.33157563e-01   0.0000
  8.99469405e-02   0.0000
 -2.23479241e-01   0.0000
 -1.99950248e-01   0.0000
  2.61477530e-01   0.0000
 -5.43040097e-01   0.0000
  2.16127619e-01   0.0000
 -4.69211608e-01   0.0000
 -4.14602965e-01   0.0000
  3.65923613e-01   0.0000
 -1.89953864e-01   0.0000
  9.27623268e-03   0.0000
  4.52514857e-01   0.0000
  1.04574895e+00   0.0000
 -2.83470660e-01   0.0000
  7.11008683e-02   0.0000
 -8.10688958e-02   0.0000
  7.16605261e-02   0.0000
 -1.43742189e-01   0.0000
 -9.84849930e-02   0.0000
  1.84509903e-01   0.0000
 -2.90630311e-01   0.0000
  1.95905358e-01   0.0000
  3.94764319e-02   0.0000
 -7.56699681e-01   0.0000
 -7.22008720e-02   0.0000
  3.76635373e-01   0.0000
 -5.26568711e-01   0.0000
  2.01130062e-01   0.0000
 -8.95342410e-01   0.0000
  3.29100937e-01   0.0000
 -1.71194658e-01   0.0000
 -4.39869136e-01   0.0000
  1.61406741e-01   0.0000
 -1.26936257e-01   0.0000
  3.59062076e-01   0.0000
  8.87995213e-02   0.0000
  3.36932093e-01   0.0000
 -1.67263478e-01   0.0000
  3.21061492e-01   0.0000
  2.95069665e-02   0.0000
  8.82684737e-02   0.0000
 -3.57985012e-02   0.0000
  3.28033060e-01   0.0000
 -2.98608363e-01   0.0000
 -5.70581794e-01   0.0000
  4.81184065e-01   0.0000
 -8.20587724e-02   0.0000
 -8.59672844e-01   0.0000
 -1.81255579e-01   0.0000
  1.71359450e-01   0.0000
  1.55204341e-01   0.0000
 -1.48929745e-01   0.0000
  9.43330005e-02   0.0000
  6.12413764e-01   0.0000
 -1.31122068e-01   0.0000
  1.12202451e-01   0.0000
 -1.90726906e-01   0.0000
 -4.99286979e-01   0.0000
  2.22241327e-01   0.0000
 -3.35666358e-01   0.0000
  5.06936908e-01   0.0000
  4.27802354e-01   0.0000
 -2.04658449e-01   0.0000
  1.61074370e-01   0.0000
  5.53533733e-02   0.0000
  9.50046033e-02   0.0000
 -9.17045474e-02   0.0000
  3.14406529e-02   0.0000
 -1.16435364e-02   0.0000
 -1.64904241e-02   0.0000
  4.25989702e-02   0.0000
 -8.13624337e-02   0.0000
 -6.04035378e-01   0.0000
  4.22175497e-01   0.0000
 -7.56381989e-01   0.0000
 -1.06334575e-02   0.0000
  2.18071520e-01   0.0000
  5.95512390e-01   0.0000
  5.55808544e-01   0.0000
  3.13765258e-01   0.0000
  1.75087884e-01   0.0000
 -2.65401423e-01   0.0000
  1.43258587e-01   0.0000
 -1.15079217e-01   0.0000
  5.04888713e-01   0.0000
  3.37478757e-01   0.0000
  1.60660565e-01   0.0000
  1.39406219e-01   0.0000
 -3.90108109e-01   0.0000
 -1.00730821e-01   0.0000
  3.27621579e-01   0.0000
 -7.66739845e-02   0.0000
  3.81492488e-02   0.0000
  5.17795265e-01   0.0000
  5.30336797e-01   0.0000
  1.14830983e+00   0.0000
 -2.67160416e-01   0.0000
 -2.24859521e-01   0.0000
 -2.97122955e-01   0.0000
  4.89214033e-01   0.0000
 -2.46002376e-01   0.0000
  4.63888526e-01   0.0000
  6.41583920e-01   0.0000
  1.94454446e-01   0.0000
  5.14454067e-01   0.0000
 -2.90819228e-01   0.0000
  4.14421946e-01   0.0000
  2.25452647e-01   0.0000
  1.20363164e+00   0.0000
  1.77508593e-01   0.0000
  6.74028933e-01   0.0000
  1.67283610e-01   0.0000
  1.24403767e-01   0.0000
  2.89871953e-02   0.0000
  1.48257822e-01   0.0000
  3.39079462e-02   0.0000
  3.94184172e-01   0.0000
  2.03689918e-01   0.0000
  9.93197784e-03   0.0000
  5.18282533e-01   0.0000
 -1.06252372e-01   0.0000
  1.49591444e-02   0.0000
  2.17423648e-01   0.0000
  7.25027546e-02   0.0000
 -2.48261631e-01   0.0000
  1.89773086e-02   0.0000
  1.01103880e-01   0.0000
  2.18931641e-02   0.0000
  5.53398013e-01   0.0000
  3.72262299e-01   0.0000
 -1.51695078e-02   0.0000
  1.34890210e-02   0.0000
  1.08824766e+00   0.0000
 -6.24006987e-02   0.0000
  7.06724107e-01   0.0000
  5.15763462e-02   0.0000
  2.94777721e-01   0.0000
  5.19536197e-01   0.0000
  5.50368764e-02   0.0000
 -5.37310779e-01   0.0000
  2.81601846e-02   0.0000
 -1.76122308e-01   0.0000
  3.24685842e-01   0.0000
  2.46816397e-01   0.0000
  8.96251574e-02   0.0000
  3.95116210e-02   0.0000
  6.96106315e-01   0.0000
 -1.11358203e-01   0.0000
  7.98383176e-01   0.0000
  1.04919434e-01   0.0000
 -1.18120626e-01   0.0000
 -5.17756462e-01   0.0000
  4.15812671e-01   0.0000
  1.13685288e-01   0.0000
  6.66061714e-02   0.0000
  5.16954243e-01   0.0000
  5.90224504e-01   0.0000
  4.55758423e-02   0.0000
  5.50982237e-01   0.0000
 -8.93012136e-02   0.0000
  1.86422858e-02   0.0000
  3.72541130e-01   0.0000
  7.30585307e-02   0.0000
  3.49130124e-01   0.0000
  8.56447741e-02   0.0000
 -1.71172276e-01   0.0000
  3.85177404e-01   0.0000
 -3.36109072e-01   0.0000
  2.88740307e-01   0.0000
 -4.30028439e-01   0.0000
 -3.26733571e-03   0.0000
 -2.04788684e-03   0.0000
  9.08635378e-01   0.0000
 -2.51933299e-02   0.0000
 -2.57671531e-02   0.0000
 -4.22618806e-01   0.0000
 -7.05240071e-02   0.0000
 -1.63205251e-01   0.0000
  6.26905188e-02   0.0000
  2.67888427e-01   0.0000
  6.87371671e-01   0.0000
 -1.12512410e-01   0.0000
  1.11431882e-01   0.0000
  3.95800292e-01   0.0000
 -6.34588718e-01   0.0000
 -1.90738633e-01   0.0000
 -5.82685113e-01   0.0000
  1.24593161e-01   0.0000
 -2.03278009e-02   0.0000
 -1.33624256e-01   0.0000
  5.08778915e-02   0.0000
 -6.64956689e-01   0.0000
  1.68580667e-03   0.0000
 -1.73662812e-01   0.0000
  3.63463461e-01   0.0000
  1.59146681e-01   0.0000
  3.87550056e-01   0.0000
  4.84669119e-01   0.0000
  3.36362682e-02   0.0000
 -1.72851995e-01   0.0000
 -8.10094535e-01   0.0000
 -2.51542646e-02   0.0000
 -4.91960794e-02   0.0000
  5.59317470e-01   0.0000
  1.26665235e+00   0.0000
 -2.21143067e-01   0.0000
 -1.31005809e-01   0.0000
  1.29389629e-01   0.0000
 -9.18672979e-01   0.0000
 -5.01162894e-02   0.0000
  5.23526557e-02   0.0000
  4.21590544e-02   0.0000
  3.21142897e-02   0.0000
  2.45959181e-02   0.0000
  1.68790981e-01   0.0000
 -3.22462082e-01   0.0000
  8.74052718e-02   0.0000
 -3.39696296e-02   0.0000
  5.85555565e-03   0.0000
  1.32253751e-01   0.0000
  1.14846456e+00   0.0000
  8.23532403e-01   0.0000
  1.78340554e-01   0.0000
  7.96627581e-01   0.0000
 -1.43762875e+00   0.0000
  3.94323617e-01   0.0000
  8.90890434e-02   0.0000
  6.49060845e-01   0.0000
  1.87684453e+00   0.0000
 -1.47130057e-01   0.0000
 -1.71513155e-01   0.0000
  2.09310651e-01   0.0000
 -1.19825256e+00   0.0000
 -1.66241378e-01   0.0000
  3.41099985e-02   0.0000
  4.91576016e-01   0.0000
 -3.04329187e-01   0.0000
  6.23813272e-01   0.0000
  2.27818564e-01   0.0000
 -8.97350132e-01   0.0000
 -2.11229801e-01   0.0000
  4.59560305e-01   0.0000
 -4.72974747e-01   0.0000
 -1.31874219e-01   0.0000
  9.32085097e-01   0.0000
  5.80364347e-01   0.0000
  1.29531875e-01   0.0000
  1.16509748e+00   0.0000
 -1.10150945e+00   0.0000
 -1.66418299e-01   0.0000
 -3.34356666e-01   0.0000
  5.38904071e-01   0.0000
  1.09282088e+00   0.0000
  2.93056011e-01   0.0000
 -2.34521657e-01   0.0000
 -1.72823846e-01   0.0000
 -7.46193171e-01   0.0000
  1.58557057e-01   0.0000
 -1.44103572e-01   0.0000
  1.17328972e-01   0.0000
  5.03002107e-01   0.0000
  4.33710478e-02   0.0000
  3.93824607e-01   0.0000
 -6.23171329e-01   0.0000
 -5.52936457e-02   0.0000
  5.23204923e-01   0.0000
 -7.00359523e-01   0.0000
 -3.70705947e-02   0.0000
  2.22181633e-01   0.0000
  3.45708251e-01   0.0000
  2.76685059e-02   0.0000
  4.29987133e-01   0.0000
 -8.08954597e-01   0.0000
  2.95173645e-01   0.0000
 -6.68271124e-01   0.0000
 -1.83143452e-01   0.0000
  3.20848227e-01   0.0000
  2.48338118e-01   0.0000
  1.35261983e-01   0.0000
 -2.88553208e-01   0.0000
 -4.99353051e-01   0.0000
  3.40525150e-01   0.0000
 -2.02545691e+00   0.0000
  1.24745838e-01   0.0000
 -3.46339196e-01   0.0000
 -1.23728311e+00   0.0000
  1.02593854e-01   0.0000
 -1.04930782e+00   0.0000
 -7.91629672e-01   0.0000
 -5.50665617e-01   0.0000
  1.08343673e+00   0.0000
  4.63990897e-01   0.0000
  5.48744619e-01   0.0000
 -1.33089280e+00   0.0000
 -7.69830346e-01   0.0000
 -2.57555127e+00   0.0000
 -9.11377296e-02   0.0000
  6.40814006e-01   0.0000
  3.32541853e-01   0.0000
 -4.12813473e+00   0.0000
 -7.73492217e-01   0.0000
  7.54786015e-01   0.0000
  2.58943844e+00   0.0000
  3.70225549e-01   0.0000
  2.13816547e+00   0.0000
 -2.02291369e-01   0.0000
 -1.39085329e+00   0.0000
  1.20779805e-01   0.0000
 -3.24368387e-01   0.0000
 -1.16666460e+00   0.0000
 -4.87530410e-01   0.0000
 -2.71210581e-01   0.0000
 -7.11040139e-01   0.0000
 -8.37482154e-01   0.0000
  6.11712635e-01   0.0000
  2.42586643e-01   0.0000
 -9.31009829e-01   0.0000
 -1.01553714e+00   0.0000
 -3.02646309e-01   0.0000
 -7.05488995e-02   0.0000
 -4.48007017e-01   0.0000
  8.22824359e-01   0.0000
  5.28115690e-01   0.0000
 -2.35249805e+00   0.0000
  5.19207120e-01   0.0000
  9.80293512e-01   0.0000
  2.03093004e+00   0.0000
  5.66094041e-01   0.0000
  1.95120901e-01   0.0000
 -1.05985153e+00   0.0000
 -1.51262808e+00   0.0000
  2.59018183e-01   0.0000
 -5.71677566e-01   0.0000
  2.95536816e-01   0.0000
 -7.56824136e-01   0.0000
  1.76333159e-01   0.0000
 -5.32044053e-01   0.0000
 -3.29419434e-01   0.0000
  4.80142325e-01   0.0000
 -5.96115813e-02   0.0000
  6.45849705e-01   0.0000
 -5.95801592e-01   0.0000
  1.89527184e-01   0.0000
  4.24093246e-01   0.0000
 -6.51579916e-01   0.0000
  3.77609134e-01   0.0000
  6.20366991e-01   0.0000
 -4.86551315e-01   0.0000
  1.23200858e+00   0.0000
  8.19203556e-01   0.0000
  2.10797143e+00   0.0000
 -4.20099735e-01   0.0000
 -1.00269806e+00   0.0000
 -6.98311508e-01   0.0000
 -7.95204997e-01   0.0000
  4.23013896e-01   0.0000
 -2.01907307e-01   0.0000
 -1.60589978e-01   0.0000
 -3.21316361e-01   0.0000
  2.25503176e-01   0.0000
 -1.73477791e-02   0.0000
 -8.29261243e-01   0.0000
  9.43574607e-02   0.0000
 -1.60342008e-02   0.0000
 -3.10375124e-01   0.0000
 -1.92057952e-01   0.0000
  4.13828701e-01   0.0000
 -8.45151782e-01   0.0000
 -4.27799165e-01   0.0000
  1.52629495e-01   0.0000
  9.47083756e-02   0.0000
 -4.15617555e-01   0.0000
 -2.22392380e-02   0.0000
  4.86281306e-01   0.0000
  2.44483066e+00   0.0000
 -3.83732766e-02   0.0000
 -8.26232433e-01   0.0000
  4.41681415e-01   0.0000
 -2.39609897e-01   0.0000
  1.80053324e-01   0.0000
  2.16507852e-01   0.0000
 -3.72889638e-01   0.0000
  3.58512253e-02   0.0000
  6.17039442e-01   0.0000
  1.42862156e-01   0.0000
  1.18485868e-01   0.0000
  3.19838911e-01   0.0000
  1.90760165e-01   0.0000
 -5.31817913e-01   0.0000
 -2.86331773e-01   0.0000
  6.77267984e-02   0.0000
 -1.29732656e+00   0.0000
 -5.08441448e-01   0.0000
  4.09475416e-01   0.0000
 -1.52474687e-01   0.0000
 -1.79063752e-02   0.0000
 -1.64520100e-01   0.0000
  4.73492324e-01   0.0000
  2.60339379e+00   0.0000
  5.16133249e-01   0.0000
  9.96476829e-01   0.0000
  3.92783247e-02   0.0000
  9.35923010e-02   0.0000
  1.94576353e-01   0.0000
 -2.72525460e-01   0.0000
  1.91270541e-02   0.0000
  4.73796315e-02   0.0000
  4.29520309e-01   0.0000
  1.89889818e-01   0.0000
 -5.49484696e-03   0.0000
  1.32687226e-01   0.0000
  1.19138777e-01   0.0000
 -4.18236285e-01   0.0000
 -2.55267769e-01   0.0000
 -8.23083967e-02   0.0000
 -1.44473946e+00   0.0000
 -5.55749118e-01   0.0000
  3.85986507e-01   0.0000
  1.21173665e-01   0.0000
 -4.17753816e-01   0.0000
  2.69366831e-01   0.0000
 -1.61259770e-02   0.0000
  1.83578420e+00   0.0000
  7.22837076e-02   0.0000
  1.96103305e-01   0.0000
 -1.50332540e-01   0.0000
 -1.01117000e-01   0.0000
  1.21010505e-01   0.0000
 -2.56412625e-01   0.0000
 -1.41936941e-02   0.0000
  3.42080265e-01   0.0000
 -3.34457904e-01   0.0000
  2.66272537e-02   0.0000
  2.64041781e-01   0.0000
  2.05501720e-01   0.0000
  2.46312901e-01   0.0000
 -6.10733688e-01   0.0000
  1.30341843e-01   0.0000
 -3.99162799e-01   0.0000
 -8.22518587e-01   0.0000
 -1.13447642e+00   0.0000
 -3.93554270e-02   0.0000
 -2.52195112e-02   0.0000
 -9.23377275e-02   0.0000
  1.04416895e+00   0.0000
 -3.80149841e-01   0.0000
  1.30843258e+00   0.0000
 -3.68303180e-01   0.0000
 -2.40480706e-01   0.0000
  1.09871298e-01   0.0000
  1.40833601e-01   0.0000
  5.69489710e-02   0.0000
 -1.03575364e-01   0.0000
  2.62670428e-01   0.0000
  1.94106132e-01   0.0000
  3.41972448e-02   0.0000
  1.78417817e-01   0.0000
 -5.36344171e-01   0.0000
  3.70666645e-02   0.0000
  5.59244096e-01   0.0000
 -7.64873981e-01   0.0000
 -2.27676228e-01   0.0000
 -4.97424245e-01   0.0000
 -9.26017240e-02   0.0000
 -9.10103559e-01   0.0000
  2.26658702e-01   0.0000
  1.14287876e-01   0.0000
 -1.65254623e-01   0.0000
  1.20645595e+00   0.0000
 -2.35567227e-01   0.0000
  2.26458639e-01   0.0000
  1.51633518e-02   0.0000
 -1.10315943e+00   0.0000
 -5.29969990e-01   0.0000
 -1.30315983e+00   0.0000
  1.22567344e+00   0.0000
 -4.14469838e-01   0.0000
 -9.98410225e-01   0.0000
  3.86792690e-01   0.0000
  3.73274565e-01   0.0000
 -9.05487239e-01   0.0000
 -5.22217214e-01   0.0000
  8.34743902e-02   0.0000
  4.87135738e-01   0.0000
 -6.53702617e-01   0.0000
  4.07595426e-01   0.0000
 -1.80541170e+00   0.0000
 -9.37939346e-01   0.0000
 -4.47432578e-01   0.0000
  5.45712233e-01   0.0000
  1.04057896e+00   0.0000
 -2.39273405e+00   0.0000
 -8.81217718e-01   0.0000
  1.33254659e+00   0.0000
  3.81603569e-01   0.0000
  5.35589039e-01   0.0000
  1.83757976e-01   0.0000
 -8.09411228e-01   0.0000
 -1.85141051e+00   0.0000
  9.57974553e-01   0.0000
 -4.09925997e-01   0.0000
 -4.84171569e-01   0.0000
 -3.41031343e-01   0.0000
  2.73879468e-01   0.0000
 -3.05829674e-01   0.0000
 -7.13652730e-01   0.0000
  3.86070430e-01   0.0000
  3.42435420e-01   0.0000
  1.79054689e+00   0.0000
  2.54581958e-01   0.0000
 -1.58440903e-01   0.0000
 -9.62345243e-01   0.0000
 -3.07052076e-01   0.0000
  4.27470088e-01   0.0000
  2.95146853e-01   0.0000
 -2.62051773e+00   0.0000
  1.03619412e-01   0.0000
  1.11770475e+00   0.0000
  5.80485985e-02   0.0000
  4.19424832e-01   0.0000
 -5.36486089e-01   0.0000
 -2.35169649e-01   0.0000
 -1.09247148e+00   0.0000
  3.64013642e-01   0.0000
 -3.53369296e-01   0.0000
  5.71781576e-01   0.0000
 -2.12551102e-01   0.0000
 -7.67675117e-02   0.0000
 -4.61314440e-01   0.0000
 -3.21753472e-01   0.0000
  5.72138667e-01   0.0000
  1.74696550e-01   0.0000
  1.33753493e-01   0.0000
  5.00341594e-01   0.0000
 -1.81830540e-01   0.0000
  4.12922621e-01   0.0000
  1.03789592e+00   0.0000
  4.06472862e-01   0.0000
  7.35767365e-01   0.0000
 -2.17167306e+00   0.0000
  1.61133814e+00   0.0000
  5.00840187e-01   0.0000
 -1.28637373e+00   0.0000
 -2.46098667e-01   0.0000
  7.65311480e-01   0.0000
 -4.18951780e-01   0.0000
 -5.94713867e-01   0.0000
  1.91658475e-02   0.0000
 -3.73979956e-01   0.0000
 -4.38727856e-01   0.0000
 -1.12677708e-01   0.0000
 -3.08551997e-01   0.0000
  1.09753877e-01   0.0000
 -5.24319470e-01   0.0000
  1.06319702e+00   0.0000
  3.36658061e-01   0.0000
 -3.39037448e-01   0.0000
  4.00998890e-01   0.0000
  2.66253427e-02   0.0000
  1.06099653e+00   0.0000
  2.13528335e-01   0.0000
  6.87605441e-01   0.0000
  2.76520371e-01   0.0000
 -3.71091902e-01   0.0000
  5.75181484e-01   0.0000
  2.64988482e-01   0.0000
 -1.67630076e+00   0.0000
  1.10821329e-01   0.0000
 -1.28948498e+00   0.0000
 -4.75089967e-01   0.0000
 -4.07860339e-01   0.0000
 -3.86185907e-02   0.0000
  3.43866557e-01   0.0000
 -4.91239339e-01   0.0000
  6.23264909e-01   0.0000
  4.78851087e-02   0.0000
 -3.50489229e-01   0.0000
 -1.31859198e-01   0.0000
  9.46107984e-01   0.0000
 -8.33724365e-02   0.0000
  8.97708461e-02   0.0000
  2.83700675e-01   0.0000
 -2.46981204e-01   0.0000
  8.23488533e-01   0.0000
 -1.03716791e+00   0.0000
 -9.42128971e-02   0.0000
  5.67618847e-01   0.0000
 -3.11935484e-01   0.0000
  4.62066025e-01   0.0000
  2.76474625e-01   0.0000
 -1.89228430e-01   0.0000
 -1.96339235e-01   0.0000
 -1.36954415e+00   0.0000
 -4.26776290e-01   0.0000
 -6.29962623e-01   0.0000
 -6.13418892e-02   0.0000
  4.25341278e-01   0.0000
  2.17196330e-01   0.0000
  8.50872621e-02   0.0000
  4.80578333e-01   0.0000
  1.60809517e-01   0.0000
  7.90345073e-02   0.0000
  6.50146425e-01   0.0000
 -2.96383500e-01   0.0000
 -3.50737959e-01   0.0000
 -2.73629278e-01   0.0000
  1.69683620e-01   0.0000
 -1.59579083e-01   0.0000
 -1.35931849e+00   0.0000
  2.58268386e-01   0.0000
  1.08189441e-01   0.0000
 -9.88018274e-01   0.0000
  1.25071180e+00   0.0000
 -2.08286773e-02   0.0000
  1.01152635e+00   0.0000
  2.53287613e-01   0.0000
 -8.04341495e-01   0.0000
  3.58756840e-01   0.0000
 -4.22745228e-01   0.0000
 -2.62910753e-01   0.0000
  8.09142292e-02   0.0000
 -3.03268701e-01   0.0000
  5.37846029e-01   0.0000
  3.44898999e-01   0.0000
 -2.44654983e-01   0.0000
  3.18261832e-01   0.0000
  9.61951241e-02   0.0000
 -1.69233829e-02   0.0000
 -4.57717061e-01   0.0000
 -1.39174581e-01   0.0000
 -2.14871094e-01   0.0000
 -1.02041554e+00   0.0000
 -8.75612795e-01   0.0000
 -1.49092861e-02   0.0000
  3.43575567e-01   0.0000
 -9.58598495e-01   0.0000
  7.06980169e-01   0.0000
  1.80960223e-01   0.0000
  1.83929789e+00   0.0000
 -2.63823897e-01   0.0000
  2.99629271e-01   0.0000
 -2.13445842e-01   0.0000
  1.51484296e-01   0.0000
 -1.35935634e-01   0.0000
  1.02032922e-01   0.0000
 -4.46269453e-01   0.0000
 -6.39591590e-02   0.0000
  4.40638810e-01   0.0000
  4.86101687e-01   0.0000
 -9.80043486e-02   0.0000
  3.26843619e-01   0.0000
  5.77331744e-02   0.0000
 -7.83157289e-01   0.0000
 -1.00644678e-02   0.0000
  3.43642086e-01   0.0000
 -1.02175927e+00   0.0000
 -5.41399717e-01   0.0000
  1.46465495e-01   0.0000
 -3.51577491e-01   0.0000
 -1.07488894e+00   0.0000
  5.42200029e-01   0.0000
  3.68890017e-02   0.0000
  9.26652968e-01   0.0000
  3.19504648e-01   0.0000
  4.27197754e-01   0.0000
 -6.79301560e-01   0.0000
 -2.14070725e+00   0.0000
  8.68005216e-01   0.0000
 -1.27490366e+00   0.0000
 -2.46820545e+00   0.0000
  2.07307562e-01   0.0000
 -3.82375956e+00   0.0000
 -7.71301806e-01   0.0000
 -1.07339966e+00   0.0000
 -3.54356796e-01   0.0000
  2.86495686e-01   0.0000
 -9.30365849e+00   0.0000
  2.09020233e+00   0.0000
 -5.29901266e-01   0.0000
 -3.56516147e+00   0.0000
  2.12599659e+00   0.0000
  9.91487324e-01   0.0000
  1.57756662e+00   0.0000
 -3.73753691e+00   0.0000
  9.32552397e-01   0.0000
  1.57498693e+00   0.0000
  5.55186808e-01   0.0000
  1.99301794e-01   0.0000
  2.31607962e+00   0.0000
  2.45473720e-02   0.0000
  8.79760906e-02   0.0000
 -6.38585925e-01   0.0000
  8.08179379e-02   0.0000
 -6.22693121e-01   0.0000
 -2.93621421e-01   0.0000
  3.33522052e-01   0.0000
 -3.84577125e-01   0.0000
 -2.09259287e-01   0.0000
  7.82167792e-01   0.0000
 -5.02708435e-01   0.0000
 -5.71355939e-01   0.0000
  1.87040105e-01   0.0000
 -1.00962922e-01   0.0000
 -2.46635437e-01   0.0000
 -1.73663095e-01   0.0000
  4.58818197e-01   0.0000
  1.85103014e-01   0.0000
 -2.09024042e-01   0.0000
  5.42406857e-01   0.0000
  1.40321814e-03   0.0000
  2.83383489e-01   0.0000
 -1.93665028e-01   0.0000
 -2.12926548e-02   0.0000
 -1.95038736e+00   0.0000
  3.31076205e-01   0.0000
  2.06693363e+00   0.0000
  1.09630966e+00   0.0000
  2.60135746e+00   0.0000
  3.30217814e+00   0.0000
 -1.56264687e+00   0.0000
 -1.04625612e-01   0.0000
  7.52647340e-01   0.0000
  2.94854820e-01   0.0000
  5.69080114e-01   0.0000
  2.48222351e+00   0.0000
 -1.46589696e+00   0.0000
 -1.02525008e+00   0.0000
  1.23913038e+00   0.0000
  8.52666795e-01   0.0000
 -2.75225908e-01   0.0000
 -1.95737755e+00   0.0000
  3.84544209e-02   0.0000
 -1.25574279e+00   0.0000
  2.86992282e-01   0.0000
 -1.50066078e-01   0.0000
  5.67480028e-01   0.0000
 -8.32765520e-01   0.0000
  5.18727750e-02   0.0000
 -1.95847273e-01   0.0000
  6.22600727e-02   0.0000
 -1.88487560e-01   0.0000
  4.03992832e-01   0.0000
  2.27074586e-02   0.0000
 -3.48873794e-01   0.0000
  4.78973001e-01   0.0000
  8.60765800e-02   0.0000
  2.16051623e-01   0.0000
 -2.99945951e-01   0.0000
 -2.56996095e-01   0.0000
 -8.69251415e-02   0.0000
  6.47694170e-01   0.0000
 -6.43266737e-01   0.0000
  6.62147105e-01   0.0000
 -7.45803475e-01   0.0000
  2.01444641e-01   0.0000
  3.05804402e-01   0.0000
 -8.70662332e-02   0.0000
  2.42506236e-01   0.0000
 -6.65674135e-02   0.0000
  6.67916298e-01   0.0000
  1.16291463e-01   0.0000
 -1.97564840e-01   0.0000
 -1.07381567e-01   0.0000
 -5.30842483e-01   0.0000
 -3.59459743e-02   0.0000
 -2.11910561e-01   0.0000
  1.79215521e-01   0.0000
  3.20087165e-01   0.0000
 -3.79316300e-01   0.0000
  4.09270823e-03   0.0000
  7.97733814e-02   0.0000
 -1.13919839e-01   0.0000
 -1.70364693e-01   0.0000
  1.87606722e-01   0.0000
 -4.61461902e-01   0.0000
  1.00667611e-01   0.0000
 -4.11521643e-01   0.0000
  1.08751938e-01   0.0000
 -2.81091720e-01   0.0000
 -2.79834777e-01   0.0000
  2.75438875e-02   0.0000
 -3.66037674e-02   0.0000
  5.16220555e-02   0.0000
 -5.17946124e-01   0.0000
  1.14403322e-01   0.0000
 -1.36703706e+00   0.0000
  2.33919367e-01   0.0000
  1.96480438e-01   0.0000
 -8.93160522e-01   0.0000
  2.29150295e+00   0.0000
  2.53273726e+00   0.0000
 -1.41493189e+00   0.0000
  1.43530369e+00   0.0000
  1.39350665e+00   0.0000
 -1.31085777e+00   0.0000
  1.53450310e+00   0.0000
  6.25393510e-01   0.0000
 -1.76502660e-01   0.0000
  8.26778650e-01   0.0000
  1.11851394e+00   0.0000
 -2.07286738e-02   0.0000
 -1.43816769e-01   0.0000
 -8.26006234e-01   0.0000
 -8.37273836e-01   0.0000
 -1.37746835e+00   0.0000
  1.15885437e+00   0.0000
 -6.99384689e-01   0.0000
 -2.46798888e-01   0.0000
 -4.65619475e-01   0.0000
  2.50209361e-01   0.0000
  1.43535004e-03   0.0000
 -3.39968018e-02   0.0000
  2.77367588e-02   0.0000
 -3.54556173e-01   0.0000
 -1.67068586e-01   0.0000
  4.22104180e-01   0.0000
 -6.12753987e-01   0.0000
 -8.07167530e-01   0.0000
  6.05460644e-01   0.0000
 -1.01719177e+00   0.0000
 -3.88308138e-01   0.0000
 -4.85659987e-01   0.0000
 -2.37352014e-01   0.0000
 -1.07254171e+00   0.0000
  4.87299055e-01   0.0000
 -1.14033788e-01   0.0000
 -3.16048294e-01   0.0000
  3.28348935e-01   0.0000
  2.68923968e-01   0.0000
 -6.70947254e-01   0.0000
  4.55216259e-01   0.0000
  3.76568437e-01   0.0000
 -5.88134048e-04   0.0000
  1.04785812e+00   0.0000
  1.23881899e-01   0.0000
  1.21816561e-01   0.0000
  8.13738286e-01   0.0000
  2.82823622e-01   0.0000
  4.36334431e-01   0.0000
  1.20696351e-01   0.0000
 -1.00453043e+00   0.0000
 -9.42961156e-01   0.0000
  1.09013343e+00   0.0000
 -1.58708227e+00   0.0000
 -5.65495789e-01   0.0000
  1.97222263e-01   0.0000
 -8.15407872e-01   0.0000
 -6.66853130e-01   0.0000
  1.18004307e-01   0.0000
  5.35575151e-01   0.0000
  2.41853178e-01   0.0000
  2.26221368e-01   0.0000
  3.79635334e-01   0.0000
 -6.78470016e-01   0.0000
  4.46930081e-01   0.0000
  4.14323926e-01   0.0000
  3.48488480e-01   0.0000
 -3.87820303e-02   0.0000
 -7.86795095e-02   0.0000
 -4.24732678e-02   0.0000
 -3.00903559e-01   0.0000
 -4.90333200e-01   0.0000
  2.14481354e-01   0.0000
 -1.79273680e-01   0.0000
 -1.15092015e-02   0.0000
  2.68246084e-01   0.0000
  5.45725465e-01   0.0000
 -1.99198220e-02   0.0000
 -1.17560282e-01   0.0000
 -5.15058227e-02   0.0000
  2.48463657e-02   0.0000
  5.30045986e-01   0.0000
  1.08193178e-02   0.0000
  2.12548584e-01   0.0000
 -7.02013910e-01   0.0000
 -3.52174193e-01   0.0000
 -8.42250958e-02   0.0000
  2.53856392e-03   0.0000
  1.22418009e-01   0.0000
  4.56709206e-01   0.0000
  1.32379606e-01   0.0000
 -6.54279143e-02   0.0000
 -3.46219540e-01   0.0000
 -2.58219540e-01   0.0000
  4.03009951e-02   0.0000
 -1.84346497e-01   0.0000
  4.78357643e-01   0.0000
 -3.38245094e-01   0.0000
 -6.50136620e-02   0.0000
 -4.39495407e-02   0.0000
  3.24144840e-01   0.0000
 -1.00097969e-01   0.0000
  9.79746506e-02   0.0000
 -2.22485840e-01   0.0000
  2.17413053e-01   0.0000
  1.92662656e-01   0.0000
  1.31755665e-01   0.0000
  5.82060516e-01   0.0000
 -4.86874253e-01   0.0000
  3.04949880e-01   0.0000
  4.37921941e-01   0.0000
 -6.32379532e-01   0.0000
  7.90119767e-02   0.0000
 -2.20436081e-02   0.0000
  6.09288514e-02   0.0000
  1.40666139e+00   0.0000
  6.50605261e-02   0.0000
 -8.68950248e-01   0.0000
 -4.64439094e-01   0.0000
 -1.17062366e+00   0.0000
 -1.42436159e+00   0.0000
  1.15282595e+00   0.0000
 -5.03316283e-01   0.0000
 -1.27171123e+00   0.0000
  4.40193504e-01   0.0000
 -1.13817918e+00   0.0000
 -1.60029781e+00   0.0000
  8.20246160e-01   0.0000
  1.14370264e-01   0.0000
 -1.02604246e+00   0.0000
 -1.35861322e-01   0.0000
  1.42680451e-01   0.0000
  8.19321036e-01   0.0000
  1.86593309e-01   0.0000
  3.05153340e-01   0.0000
 -8.89696062e-01   0.0000
  5.84469855e-01   0.0000
 -4.49185312e-01   0.0000
  7.11391270e-01   0.0000
  6.35445356e-01   0.0000
  1.57119676e-01   0.0000
  2.08127037e-01   0.0000
  4.05645847e-01   0.0000
 -1.93725177e-03   0.0000
  1.62120447e-01   0.0000
 -7.83122241e-01   0.0000
 -4.74246085e-01   0.0000
 -6.68059647e-01   0.0000
  3.41753840e-01   0.0000
 -6.93876147e-01   0.0000
  4.94229704e-01   0.0000
 -7.85852551e-01   0.0000
 -4.86654311e-01   0.0000
 -1.18620545e-01   0.0000
  7.58120537e-01   0.0000
 -1.48020998e-01   0.0000
 -6.55302465e-01   0.0000
  2.58384645e-01   0.0000
 -7.00597316e-02   0.0000
 -1.68659061e-01   0.0000
  1.82607234e-01   0.0000
  6.51742220e-01   0.0000
 -8.29028189e-02   0.0000
 -1.34951723e+00   0.0000
  9.66307670e-02   0.0000
  7.79278994e-01   0.0000
 -1.99787900e-01   0.0000
  2.20206332e+00   0.0000
  2.42283106e+00   0.0000
 -1.52126098e+00   0.0000
  8.01951051e-01   0.0000
  1.29470062e+00   0.0000
 -3.65619570e-01   0.0000
  9.60138381e-01   0.0000
  2.11941028e+00   0.0000
 -8.38055551e-01   0.0000
  3.42415571e-01   0.0000
  1.13131356e+00   0.0000
  4.13570195e-01   0.0000
 -2.27044016e-01   0.0000
 -8.51668537e-01   0.0000
  2.44456157e-01   0.0000
 -1.79600966e+00   0.0000
  9.18284655e-01   0.0000
 -5.86821616e-01   0.0000
 -3.57863039e-01   0.0000
 -7.30511844e-01   0.0000
 -1.14404082e+00   0.0000
  3.79564583e-01   0.0000
  5.18940985e-01   0.0000
 -7.14392588e-02   0.0000
  4.07816410e-01   0.0000
  3.98631871e-01   0.0000
 -6.11523211e-01   0.0000
  6.53569996e-01   0.0000
  6.03722155e-01   0.0000
 -3.29267174e-01   0.0000
  1.75591278e+00   0.0000
  8.06968033e-01   0.0000
 -8.06545317e-02   0.0000
  5.22614121e-01   0.0000
  3.85536402e-01   0.0000
  2.22178139e-02   0.0000
 -3.49966288e-01   0.0000
 -5.58042109e-01   0.0000
 -2.46307820e-01   0.0000
  4.08500731e-02   0.0000
  8.88138413e-01   0.0000
 -2.47528896e-01   0.0000
  3.51054221e-02   0.0000
 -5.34633219e-01   0.0000
 -2.40341827e-01   0.0000
  2.20086336e-01   0.0000
  6.40999377e-01   0.0000
  6.32798493e-01   0.0000
 -2.29033634e-01   0.0000
  2.90374607e-01   0.0000
 -4.16787297e-01   0.0000
 -7.07638636e-02   0.0000
  1.74473114e-02   0.0000
 -7.77345002e-02   0.0000
  4.16650444e-01   0.0000
  1.06038821e+00   0.0000
 -1.22861512e-01   0.0000
 -5.49279213e-01   0.0000
  2.57614523e-01   0.0000
 -5.48402667e-02   0.0000
 -8.15083012e-02   0.0000
 -7.11024225e-01   0.0000
  6.94200873e-01   0.0000
 -1.87196165e-01   0.0000
  2.63600618e-01   0.0000
 -5.28592765e-01   0.0000
  3.59239399e-01   0.0000
 -2.25791693e-01   0.0000
 -7.65543282e-01   0.0000
 -1.41099542e-01   0.0000
  6.89543068e-01   0.0000
  2.54211515e-01   0.0000
  1.92193854e+00   0.0000
  3.92715478e+00   0.0000
 -1.48483086e+00   0.0000
 -4.16737497e-01   0.0000
  9.96942401e-01   0.0000
  2.91240871e-01   0.0000
  4.67186034e-01   0.0000
  1.15680945e+00   0.0000
 -9.53184307e-01   0.0000
 -5.36806464e-01   0.0000
  7.38046765e-01   0.0000
  3.41845036e-01   0.0000
  2.22503483e-01   0.0000
 -5.87518930e-01   0.0000
 -3.85607421e-01   0.0000
 -3.45821917e-01   0.0000
  3.13713968e-01   0.0000
 -2.03614384e-01   0.0000
  4.07736868e-01   0.0000
 -6.24589860e-01   0.0000
  5.83456337e-01   0.0000
 -9.12421718e-02   0.0000
 -5.86851656e-01   0.0000
 -2.72167593e-01   0.0000
 -1.63772738e+00   0.0000
 -2.39075541e+00   0.0000
  1.27441418e+00   0.0000
 -3.83585513e-01   0.0000
 -4.55517083e-01   0.0000
  5.08691669e-01   0.0000
 -5.38307309e-01   0.0000
 -9.73957419e-01   0.0000
  4.76534158e-01   0.0000
 -7.77713776e-01   0.0000
 -4.21168596e-01   0.0000
 -3.18101853e-01   0.0000
  5.39070249e-01   0.0000
  1.49301887e-01   0.0000
  2.91426390e-01   0.0000
  8.55211377e-01   0.0000
 -3.98772091e-01   0.0000
  9.81969833e-02   0.0000
 -9.75535363e-02   0.0000
  3.12015504e-01   0.0000
  1.25358060e-01   0.0000
  7.65493289e-02   0.0000
 -1.18722573e-01   0.0000
 -8.80280435e-02   0.0000
  1.66477993e-01   0.0000
 -2.56184191e-01   0.0000
  7.90709108e-02   0.0000
  2.57441968e-01   0.0000
  8.20937529e-02   0.0000
  1.21184245e-01   0.0000
  3.37949514e-01   0.0000
  3.05979759e-01   0.0000
 -2.70562440e-01   0.0000
 -1.72352418e-01   0.0000
  2.48735011e-01   0.0000
  8.41001496e-02   0.0000
 -6.96261823e-01   0.0000
  5.07515855e-02   0.0000
  2.37525478e-01   0.0000
 -1.25393435e-01   0.0000
  6.68267429e-01   0.0000
  2.10422397e-01   0.0000
 -8.22302625e-02   0.0000
 -5.68849146e-02   0.0000
 -2.32104331e-01   0.0000
  2.52044737e-01   0.0000
  4.26251978e-01   0.0000
  2.62305588e-01   0.0000
  2.20353112e-01   0.0000
  5.79890460e-02   0.0000
 -9.88825113e-02   0.0000
 -4.33384851e-02   0.0000
 -7.17871413e-02   0.0000
 -9.20094103e-02   0.0000
  6.36897981e-01   0.0000
  3.51376921e-01   0.0000
 -1.33379012e-01   0.0000
 -3.89529318e-01   0.0000
 -1.59814835e-01   0.0000
 -2.18795314e-01   0.0000
 -8.29164088e-01   0.0000
 -3.77021581e-02   0.0000
 -1.69555441e-01   0.0000
  4.49463017e-02   0.0000
  4.33249883e-02   0.0000
  3.01442128e-02   0.0000
 -4.57957871e-02   0.0000
 -3.50784063e-01   0.0000
 -1.44091451e+00   0.0000
 -2.20944792e-01   0.0000
  1.16095436e+00   0.0000
  3.92366529e-01   0.0000
  1.41257036e+00   0.0000
  2.43515873e+00   0.0000
 -1.02357411e+00   0.0000
 -1.44905865e-01   0.0000
  9.53167975e-01   0.0000
 -1.13919474e-01   0.0000
  4.38941181e-01   0.0000
  1.57883751e+00   0.0000
 -9.88372028e-01   0.0000
 -4.22613949e-01   0.0000
  7.64629602e-01   0.0000
  2.50786126e-01   0.0000
 -2.01155603e-01   0.0000
 -6.52360737e-01   0.0000
  2.01630190e-01   0.0000
 -6.54727876e-01   0.0000
  8.59059036e-01   0.0000
 -2.84062028e-01   0.0000
  4.26833838e-01   0.0000
 -6.65837109e-01   0.0000
 -8.20266128e-01   0.0000
 -1.10848859e-01   0.0000
  3.80922049e-01   0.0000
 -2.27924243e-01   0.0000
  1.67324567e+00   0.0000
  3.40141201e+00   0.0000
 -1.31717896e+00   0.0000
  6.57886505e-01   0.0000
  5.94838679e-01   0.0000
 -5.33300221e-01   0.0000
  6.24652982e-01   0.0000
  6.97429836e-01   0.0000
 -3.87017697e-01   0.0000
 -1.48358926e-01   0.0000
  2.21572235e-01   0.0000
  1.19809203e-01   0.0000
 -3.53927255e-01   0.0000
  1.85885981e-01   0.0000
 -1.55747443e-01   0.0000
 -1.07756662e+00   0.0000
  5.38354814e-01   0.0000
  3.00551236e-01   0.0000
  3.03389817e-01   0.0000
 -1.99398294e-01   0.0000
 -4.99155045e-01   0.0000
  2.21878678e-01   0.0000
  1.96987510e-01   0.0000
  1.82715043e-01   0.0000
  4.00654286e-01   0.0000
 -6.02446377e-01   0.0000
 -2.26621687e-01   0.0000
  7.04934955e-01   0.0000
 -2.18265429e-01   0.0000
 -4.23440337e-01   0.0000
  7.51776040e-01   0.0000
 -1.63429126e-01   0.0000
 -4.82373357e-01   0.0000
  2.44789541e-01   0.0000
  5.02724230e-01   0.0000
  2.02298060e-01   0.0000
 -9.17777002e-01   0.0000
  1.01653941e-01   0.0000
  5.61665893e-02   0.0000
 -1.83622539e-01   0.0000
  5.96476793e-01   0.0000
 -9.86988693e-02   0.0000
 -1.13052927e-01   0.0000
  6.57434613e-02   0.0000
 -9.38133955e-01   0.0000
 -1.01082221e-01   0.0000
  1.28988993e+00   0.0000
  9.34596360e-01   0.0000
  2.20136023e+00   0.0000
  3.42761874e+00   0.0000
 -1.29469681e+00   0.0000
 -6.82033181e-01   0.0000
  9.94329989e-01   0.0000
  5.22672474e-01   0.0000
  6.42436028e-01   0.0000
  1.26973271e+00   0.0000
 -1.11190891e+00   0.0000
 -2.80927986e-01   0.0000
  8.92655969e-01   0.0000
 -5.44483028e-02   0.0000
 -3.85566652e-02   0.0000
 -6.10484898e-01   0.0000
 -5.61064575e-03   0.0000
 -1.18845439e+00   0.0000
  2.86812216e-01   0.0000
 -3.54746461e-01   0.0000
  7.56956160e-01   0.0000
 -1.96317315e-01   0.0000
  5.46727836e-01   0.0000
 -3.21481854e-01   0.0000
  4.81591709e-02   0.0000
  1.60758674e-01   0.0000
 -2.03222245e-01   0.0000
 -1.02915418e+00   0.0000
  3.57371628e-01   0.0000
  3.85963880e-02   0.0000
 -7.40805447e-01   0.0000
  7.04763412e-01   0.0000
 -4.90755260e-01   0.0000
 -2.09022567e-01   0.0000
  6.85793310e-02   0.0000
 -3.40916544e-01   0.0000
 -3.77196252e-01   0.0000
  1.36260241e-01   0.0000
 -4.78911459e-01   0.0000
  8.88223767e-01   0.0000
  7.56246865e-01   0.0000
  1.23325273e-01   0.0000
  1.09112211e-01   0.0000
 -3.89214516e-01   0.0000
  1.44364610e-01   0.0000
  3.19007970e-02   0.0000
  8.24423432e-01   0.0000
 -3.38222891e-01   0.0000
 -7.32219994e-01   0.0000
 -1.52406648e-01   0.0000
 -2.11380696e+00   0.0000
 -2.91271520e+00   0.0000
  1.88613403e+00   0.0000
  7.70424306e-01   0.0000
 -5.04519761e-01   0.0000
 -1.78007230e-01   0.0000
 -1.27599001e+00   0.0000
 -1.19160998e+00   0.0000
  7.55678296e-01   0.0000
  6.47092521e-01   0.0000
 -3.38704884e-02   0.0000
 -1.15686901e-01   0.0000
  6.44835085e-02   0.0000
  1.53965294e-01   0.0000
  3.54797781e-01   0.0000
  1.08254683e+00   0.0000
  1.73772082e-01   0.0000
  1.28305718e-01   0.0000
 -6.18041098e-01   0.0000
  8.65954816e-01   0.0000
 -9.51584458e-01   0.0000
  5.48509717e-01   0.0000
  1.22495912e-01   0.0000
 -1.09528768e+00   0.0000
  2.38799915e-01   0.0000
 -7.28852749e-01   0.0000
  3.73827852e-02   0.0000
  1.23693204e+00   0.0000
  6.05222821e-01   0.0000
 -1.97390962e+00   0.0000
  1.35669518e+00   0.0000
  1.07060652e-02   0.0000
  3.35241526e-01   0.0000
  1.14710295e+00   0.0000
  7.40029275e-01   0.0000
  5.12617268e-02   0.0000
 -1.86218023e+00   0.0000
  7.90291131e-01   0.0000
  7.08178729e-02   0.0000
 -1.66421607e-01   0.0000
  7.53143907e-01   0.0000
 -5.73013246e-01   0.0000
 -6.95295393e-01   0.0000
  1.34898648e-02   0.0000
  2.30973080e-01   0.0000
  7.04589546e-01   0.0000
  3.05472165e-01   0.0000
  4.96487677e-01   0.0000
  1.58911631e-01   0.0000
 -1.30919802e+00   0.0000
 -5.64794540e-01   0.0000
 -1.24432528e+00   0.0000
  2.81087309e-01   0.0000
  4.46575284e-01   0.0000
  1.61188066e-01   0.0000
  1.22356725e+00   0.0000
  5.86141825e-01   0.0000
 -1.42241463e-01   0.0000
  5.68679452e-01   0.0000
 -1.15795267e+00   0.0000
 -3.69237334e-01   0.0000
 -1.20294623e-01   0.0000
  3.22813494e-03   0.0000
 -1.31290063e-01   0.0000
  3.48876655e-01   0.0000
  2.57521391e-01   0.0000
  4.37360823e-01   0.0000
  7.28021786e-02   0.0000
  2.85503656e-01   0.0000
 -1.21800251e-01   0.0000
  2.57438958e-01   0.0000
 -1.89831153e-01   0.0000
 -3.13210279e-01   0.0000
  7.88588673e-02   0.0000
  7.10027367e-02   0.0000
  4.37431224e-02   0.0000
  6.55065954e-01   0.0000
 -1.07410479e+00   0.0000
  2.69282609e-01   0.0000
 -7.26579353e-02   0.0000
  3.18794817e-01   0.0000
  8.40829611e-01   0.0000
  1.19097382e-01   0.0000
  1.70132190e-01   0.0000
  6.30254269e-01   0.0000
  4.67821300e-01   0.0000
 -4.09242034e-01   0.0000
 -6.12271845e-01   0.0000
 -1.77899197e-01   0.0000
  8.72223228e-02   0.0000
 -2.52485901e-01   0.0000
  1.35174245e-01   0.0000
  5.11824965e-01   0.0000
  1.30679533e-01   0.0000
  7.64749646e-01   0.0000
  3.30402136e-01   0.0000
 -9.62500796e-02   0.0000
 -7.55508840e-01   0.0000
 -2.67961204e-01   0.0000
 -3.51581991e-01   0.0000
  1.02216041e+00   0.0000
  7.98170626e-01   0.0000
 -4.01454186e-03   0.0000
  3.80607903e-01   0.0000
  4.64904189e-01   0.0000
  3.35595896e-03   0.0000
  3.89287204e-01   0.0000
 -2.02594548e-01   0.0000
 -1.02775998e-01   0.0000
 -7.34069943e-01   0.0000
 -2.48327211e-01   0.0000
 -6.54849470e-01   0.0000
  5.73036671e-01   0.0000
  2.81997323e+00   0.0000
  9.35470879e-01   0.0000
  2.49510837e+00   0.0000
  4.73427363e-02   0.0000
 -8.59266877e-01   0.0000
  6.21836539e-03   0.0000
 -2.12735534e+00   0.0000
 -9.61012781e-01   0.0000
 -2.84370780e-01   0.0000
 -6.65835440e-01   0.0000
  1.70953214e+00   0.0000
 -7.94364691e-01   0.0000
 -8.36015224e-01   0.0000
 -6.43394768e-01   0.0000
 -7.34789550e-01   0.0000
  1.40553400e-01   0.0000
  3.71293068e+00   0.0000
  9.79531825e-01   0.0000
  3.33898640e+00   0.0000
 -3.75340283e-01   0.0000
 -9.57148969e-01   0.0000
  1.15585841e-01   0.0000
 -2.65489483e+00   0.0000
 -1.17687392e+00   0.0000
  6.33754969e-01   0.0000
 -1.59353077e+00   0.0000
  1.56155324e+00   0.0000
 -6.31933510e-02   0.0000
  3.06714356e-01   0.0000
  7.70415366e-02   0.0000
  9.08592582e-01   0.0000
 -2.40025502e-02   0.0000
 -2.03036642e+00   0.0000
 -6.04841948e-01   0.0000
 -1.64207768e+00   0.0000
  2.45232344e-01   0.0000
  2.51215041e-01   0.0000
 -1.31168082e-01   0.0000
  1.44459438e+00   0.0000
  3.72170359e-01   0.0000
  1.18214533e-01   0.0000
  1.64227888e-01   0.0000
 -7.83159196e-01   0.0000
 -4.99162734e-01   0.0000
 -4.51874644e-01   0.0000
 -3.23579043e-01   0.0000
 -8.99727643e-02   0.0000
  3.94983798e-01   0.0000
  9.03660595e-01   0.0000
  9.55189168e-01   0.0000
  5.40728807e-01   0.0000
 -1.11101317e+00   0.0000
 -9.28609371e-01   0.0000
 -2.02772003e-02   0.0000
 -9.08408284e-01   0.0000
 -7.50894487e-01   0.0000
  9.49171409e-02   0.0000
 -8.66611838e-01   0.0000
  5.77978969e-01   0.0000
  3.34480740e-02   0.0000
 -2.74331182e-01   0.0000
 -8.11443210e-01   0.0000
  2.08687671e-02   0.0000
 -1.26846269e-01   0.0000
  1.82832980e+00   0.0000
  5.85882068e-01   0.0000
  1.51278794e+00   0.0000
 -1.84381112e-01   0.0000
 -8.98615301e-01   0.0000
 -5.58561385e-02   0.0000
 -9.82480288e-01   0.0000
 -3.85598719e-01   0.0000
 -3.21454257e-01   0.0000
 -5.47218859e-01   0.0000
  1.29315865e+00   0.0000
  9.87588465e-02   0.0000
  2.98143029e-01   0.0000
  1.56654149e-01   0.0000
  1.60100479e-02   0.0000
  1.40036464e-01   0.0000
 -1.23438096e+00   0.0000
 -9.36083019e-01   0.0000
 -1.11960602e+00   0.0000
  5.84961772e-01   0.0000
  8.85656834e-01   0.0000
 -1.83712259e-01   0.0000
  8.74528408e-01   0.0000
  5.99469960e-01   0.0000
  3.24268073e-01   0.0000
  9.31389451e-01   0.0000
 -7.83272624e-01   0.0000
 -3.56914178e-02   0.0000
 -6.68204427e-01   0.0000
 -5.36835313e-01   0.0000
 -5.22635281e-01   0.0000
  6.61880732e-01   0.0000
  1.56550074e+00   0.0000
  7.24661350e-01   0.0000
  1.40668154e+00   0.0000
 -5.76867521e-01   0.0000
 -1.07241821e+00   0.0000
 -1.60221457e-01   0.0000
 -9.34659004e-01   0.0000
 -9.15134072e-01   0.0000
  2.17242017e-01   0.0000
 -7.98497438e-01   0.0000
  1.19942248e+00   0.0000
  6.09190017e-02   0.0000
 -5.92906654e-01   0.0000
  3.23592760e-02   0.0000
 -2.30220810e-01   0.0000
  6.04393303e-01   0.0000
  1.16257250e+00   0.0000
  1.22412257e-01   0.0000
  6.20393634e-01   0.0000
  2.62193888e-01   0.0000
 -1.99276939e-01   0.0000
 -2.19077751e-01   0.0000
 -1.31429243e+00   0.0000
  6.52911812e-02   0.0000
  2.14609832e-01   0.0000
 -2.20174715e-01   0.0000
  6.95654392e-01   0.0000
 -1.51443258e-01   0.0000
  2.23163404e-02   0.0000
 -4.29660171e-01   0.0000
 -1.11188963e-01   0.0000
 -7.16264360e-03   0.0000
 -5.84611893e-01   0.0000
 -1.79060668e-01   0.0000
  2.38471791e-01   0.0000
 -4.46237922e-01   0.0000
 -8.23490322e-03   0.0000
 -5.07391870e-01   0.0000
  3.48036885e-01   0.0000
 -7.04919696e-01   0.0000
  2.62419015e-01   0.0000
 -1.01024598e-01   0.0000
 -2.29329437e-01   0.0000
 -4.50389057e-01   0.0000
  2.90421277e-01   0.0000
 -4.80948716e-01   0.0000
 -3.49306971e-01   0.0000
  7.33155236e-02   0.0000
  5.96071720e-01   0.0000
 -1.29515707e-01   0.0000
  5.29709220e-01   0.0000
 -6.97448432e-01   0.0000
 -7.25568712e-01   0.0000
 -8.11761618e-02   0.0000
 -4.28694725e-01   0.0000
 -8.98602068e-01   0.0000
  3.14744145e-01   0.0000
 -8.89135659e-01   0.0000
  3.89682859e-01   0.0000
 -1.53888747e-01   0.0000
 -1.67957783e-01   0.0000
 -1.01336632e-02   0.0000
 -4.24474835e-01   0.0000
  1.12024933e-01   0.0000
  1.42043507e+00   0.0000
  8.14030290e-01   0.0000
  7.23175347e-01   0.0000
  4.16539460e-02   0.0000
 -3.53963792e-01   0.0000
  1.73512250e-01   0.0000
 -8.14073801e-01   0.0000
 -5.16068518e-01   0.0000
 -3.03164572e-01   0.0000
 -5.88789165e-01   0.0000
  7.02184975e-01   0.0000
 -4.27626312e-01   0.0000
 -1.53082266e-01   0.0000
 -1.09908789e-01   0.0000
  3.56225550e-01   0.0000
 -1.99071720e-01   0.0000
 -2.48717487e-01   0.0000
 -4.35551286e-01   0.0000
 -4.91582066e-01   0.0000
  1.32812724e-01   0.0000
  1.21884495e-01   0.0000
 -2.90495127e-01   0.0000
 -5.01125336e-01   0.0000
  4.45415676e-02   0.0000
  7.33620971e-02   0.0000
  2.09430277e-01   0.0000
 -1.97892398e-01   0.0000
  2.83613175e-01   0.0000
  2.50939429e-01   0.0000
  4.52206165e-01   0.0000
  1.57409310e-01   0.0000
 -1.59853950e-01   0.0000
 -5.85562229e-01   0.0000
 -1.22264135e+00   0.0000
 -3.19473892e-01   0.0000
  7.10705101e-01   0.0000
  6.70621097e-01   0.0000
  3.16972136e-01   0.0000
  8.29425573e-01   0.0000
  2.61346906e-01   0.0000
 -2.65742064e-01   0.0000
  4.81093079e-01   0.0000
 -5.78467965e-01   0.0000
 -8.19993198e-01   0.0000
 -3.12654814e-03   0.0000
 -2.94475704e-01   0.0000
  1.05188511e-01   0.0000
 -8.61929879e-02   0.0000
 -1.95275515e-01   0.0000
  1.23226784e-01   0.0000
 -7.64713585e-02   0.0000
 -1.01251805e+00   0.0000
 -4.60559577e-01   0.0000
 -1.32190242e-01   0.0000
 -2.72914231e-01   0.0000
 -4.14951891e-01   0.0000
  1.46802127e-01   0.0000
 -2.66221821e-01   0.0000
  7.48341829e-02   0.0000
  3.11444849e-01   0.0000
 -2.00625747e-01   0.0000
 -6.51963800e-02   0.0000
 -1.13290735e-01   0.0000
 -2.37151936e-01   0.0000
 -1.02645469e+00   0.0000
  1.13949627e-01   0.0000
 -8.62986743e-01   0.0000
 -1.63155779e-01   0.0000
  2.51852870e-01   0.0000
  4.41303849e-01   0.0000
  2.94880688e-01   0.0000
  6.58443630e-01   0.0000
  1.64085791e-01   0.0000
  2.78228782e-02   0.0000
 -2.83748657e-01   0.0000
  2.96879023e-01   0.0000
  5.01437426e-01   0.0000
  1.28347009e-01   0.0000
  8.27833340e-02   0.0000
 -2.60515749e-01   0.0000
 -1.57076609e+00   0.0000
 -3.04080427e-01   0.0000
 -1.03381014e+00   0.0000
 -3.13733548e-01   0.0000
  4.77188528e-01   0.0000
  4.41508442e-01   0.0000
  1.26895559e+00   0.0000
  6.52041316e-01   0.0000
 -1.23289347e-01   0.0000
  7.28192091e-01   0.0000
 -7.47437656e-01   0.0000
 -3.05828564e-02   0.0000
  1.44294081e-02   0.0000
 -4.90372658e-01   0.0000
 -5.23071513e-02   0.0000
  4.52304214e-01   0.0000
  6.81921601e-01   0.0000
  7.51629055e-01   0.0000
  6.63099229e-01   0.0000
 -4.60694611e-01   0.0000
 -3.37905735e-01   0.0000
  2.23150089e-01   0.0000
 -9.76769865e-01   0.0000
  9.07236338e-02   0.0000
 -2.10176274e-01   0.0000
 -4.47175086e-01   0.0000
  3.38469803e-01   0.0000
  2.33139262e-01   0.0000
  6.29640743e-02   0.0000
  3.59997123e-01   0.0000
  2.05808491e-01   0.0000
 -2.36110970e-01   0.0000
 -5.07630035e-02   0.0000
  1.35073707e-01   0.0000
 -5.82019389e-01   0.0000
 -1.97741374e-01   0.0000
  1.95670247e-01   0.0000
  2.11338722e-03   0.0000
  3.37751180e-01   0.0000
  6.72679618e-02   0.0000
 -2.95949697e-01   0.0000
  1.53615981e-01   0.0000
 -2.97295898e-01   0.0000
  4.73748073e-02   0.0000
  4.74227183e-02   0.0000
  5.19210160e-01   0.0000
 -2.26022393e-01   0.0000
  2.26119563e-01   0.0000
  9.39373374e-02   0.0000
 -1.24967553e-01   0.0000
 -2.55260974e-01   0.0000
  3.36729705e-01   0.0000
  5.55505633e-01   0.0000
 -3.69852066e-01   0.0000
 -4.99753654e-01   0.0000
  3.12961668e-01   0.0000
 -4.88197850e-03   0.0000
  4.57718074e-01   0.0000
 -1.98055685e-01   0.0000
 -3.20361793e-01   0.0000
  5.67479908e-01   0.0000
  8.58951062e-02   0.0000
  2.39954516e-01   0.0000
 -3.82234193e-02   0.0000
 -8.19823146e-01   0.0000
 -4.77332354e-01   0.0000
 -5.76624796e-02   0.0000
 -4.52717125e-01   0.0000
  4.61444169e-01   0.0000
  3.04519922e-01   0.0000
  5.44758797e-01   0.0000
 -8.66306499e-02   0.0000
 -6.26526415e-01   0.0000
 -4.66092536e-03   0.0000
 -5.42587042e-01   0.0000
 -1.04511595e+00   0.0000
  9.26012099e-01   0.0000
 -1.36851680e+00   0.0000
 -3.12300175e-01   0.0000
  1.88215554e-01   0.0000
 -2.47036219e-01   0.0000
  2.19090357e-01   0.0000
  4.12843555e-01   0.0000
 -2.32314730e+00   0.0000
 -1.57524228e+00   0.0000
  2.48942673e-01   0.0000
 -2.30710372e-01   0.0000
 -1.45173383e+00   0.0000
  1.79891765e-01   0.0000
 -1.27411699e+00   0.0000
  4.48308498e-01   0.0000
 -1.90073144e+00   0.0000
  8.25702786e-01   0.0000
 -1.64593661e+00   0.0000
 -3.58099163e-01   0.0000
  8.77891332e-02   0.0000
  5.20621824e+00   0.0000
  5.29491246e-01   0.0000
  5.31855583e+00   0.0000
 -3.31155682e+00   0.0000
 -2.34380937e+00   0.0000
  2.41416380e-01   0.0000
 -2.76224995e+00   0.0000
 -2.29595089e+00   0.0000
  2.65558928e-01   0.0000
 -2.22723293e+00   0.0000
  1.64845967e+00   0.0000
  7.36403167e-01   0.0000

