 5 0.000000 10
 1 
 Si 28.085500
 0 0.500000 4.500000 0.978124 1.000000 
 5 0 1 2 4 6
 8 2.25000 2.50000 2.75000 3.00000 3.25000 3.50000 3.75000 4.00000
 1 12.169200 6.172630 3.114710 0.755675 0.404939 0.036124 0.650018 0.572890
 3 40 32 1
  3.68994892e-01   0.0000
  1.93552271e-01   0.0000
 -1.83805406e-01   0.0000
  4.75656427e-03   0.0000
  9.91810933e-02   0.0000
 -4.07987595e-01   0.0000
  1.28967524e-01   0.0000
 -4.68929172e-01   0.0000
  2.38913178e-01   0.0000
 -2.47805014e-01   0.0000
 -4.12953645e-02   0.0000
 -4.52045649e-01   0.0000
  2.22556502e-01   0.0000
  6.13798141e-01   0.0000
 -8.88059959e-02   0.0000
  4.21773493e-01   0.0000
  1.06539279e-02   0.0000
 -1.56338274e-01   0.0000
  5.08874118e-01   0.0000
  2.42332205e-01   0.0000
 -2.03544363e-01   0.0000
 -1.80647895e-01   0.0000
  5.87995909e-02   0.0000
  6.38650954e-01   0.0000
 -2.31389567e-01   0.0000
 -3.11014783e-02   0.0000
 -2.72270560e-01   0.0000
 -7.67314574e-04   0.0000
 -1.95327178e-01   0.0000
  3.26320112e-01   0.0000
  1.75704658e-01   0.0000
  4.55402166e-01   0.0000
 -1.72037691e-01   0.0000
  6.78715343e-03   0.0000
  3.35939340e-02   0.0000
 -3.80271941e-01   0.0000
 -4.31000799e-01   0.0000
 -2.86011070e-01   0.0000
  7.49218017e-02   0.0000
  4.25281942e-01   0.0000
  4.69208717e-01   0.0000
 -1.19429551e-01   0.0000
  5.18036008e-01   0.0000
  3.52280557e-01   0.0000
  5.02031267e-01   0.0000
 -2.08228633e-01   0.0000
  4.45877850e-01   0.0000
  3.94112229e-01   0.0000
 -3.25743407e-01   0.0000
  6.31873831e-02   0.0000
 -2.41088986e-01   0.0000
  1.80547833e-01   0.0000
 -3.74853820e-01   0.0000
 -2.01659217e-01   0.0000
 -4.06115443e-01   0.0000
 -1.12592563e-01   0.0000
  3.63278717e-01   0.0000
 -3.12818736e-01   0.0000
 -6.51626363e-02   0.0000
  2.13207901e-01   0.0000
  1.48929492e-01   0.0000
 -2.59982515e-03   0.0000
  5.50484598e-01   0.0000
 -3.54108304e-01   0.0000
 -3.36153805e-01   0.0000
 -1.86739638e-01   0.0000
  4.31252122e-01   0.0000
  4.32392776e-01   0.0000
  3.40545267e-01   0.0000
 -9.31799710e-02   0.0000
  3.82779300e-01   0.0000
  2.22715139e-01   0.0000
 -1.71792507e-03   0.0000
 -9.28051993e-02   0.0000
  2.15209182e-02   0.0000
 -4.87851262e-01   0.0000
  3.89819294e-01   0.0000
 -8.35115910e-02   0.0000
  3.39649945e-01   0.0000
  3.52037072e-01   0.0000
  4.13789421e-01   0.0000
  6.44769251e-01   0.0000
 -2.81290822e-02   0.0000
  2.96681523e-01   0.0000
  2.48632938e-01   0.0000
 -1.77853957e-01   0.0000
  4.29579139e-01   0.0000
  5.81788570e-02   0.0000
 -8.85142386e-02   0.0000
  6.46087825e-02   0.0000
  3.34402204e-01   0.0000
  1.17843956e-01   0.0000
  5.66617846e-01   0.0000
  8.51038918e-02   0.0000
 -4.76155011e-03   0.0000
  4.24308181e-01   0.0000
 -1.60730675e-01   0.0000
  1.00719362e-01   0.0000
  3.90422344e-01   0.0000
 -1.82893202e-01   0.0000
 -3.41022074e-01   0.0000
  6.70506582e-02   0.0000
  6.85501620e-02   0.0000
  3.49674940e-01   0.0000
 -1.42490312e-01   0.0000
 -4.50154960e-01   0.0000
 -2.40271151e-01   0.0000
 -4.43597376e-01   0.0000
  5.64563870e-01   0.0000
  3.00709069e-01   0.0000
 -2.09465045e-02   0.0000
  2.50857532e-01   0.0000
  1.62728965e-01   0.0000
  8.60849470e-02   0.0000
 -1.87311232e-01   0.0000
  1.17292851e-01   0.0000
  4.32342350e-01   0.0000
 -1.24824993e-01   0.0000
 -1.51374549e-01   0.0000
  2.68772066e-01   0.0000
  1.66291088e-01   0.0000
  5.27201951e-01   0.0000
  2.72895079e-02   0.0000
 -2.29661644e-01   0.0000
 -5.55141233e-02   0.0000
  2.25906208e-01   0.0000
  1.87248439e-01   0.0000
 -2.13713646e-01   0.0000
 -4.01106387e-01   0.0000
  4.39487576e-01   0.0000
  1.24879526e-02   0.0000
 -2.61258662e-01   0.0000
  3.95643771e-01   0.0000
 -2.83442378e-01   0.0000
 -9.78657529e-02   0.0000
 -4.22185659e-01   0.0000
  3.03268999e-01   0.0000
 -2.29172297e-02   0.0000
 -1.72501445e-01   0.0000
  3.17411870e-01   0.0000
 -1.20213151e-01   0.0000
  2.84895480e-01   0.0000
  2.69794255e-01   0.0000
 -1.59112439e-01   0.0000
  1.05552889e-01   0.0000
  4.90147859e-01   0.0000
  4.23010498e-01   0.0000
  2.19201148e-01   0.0000
 -3.81739847e-02   0.0000
  5.88818610e-01   0.0000
 -1.06790155e-01   0.0000
  3.26127380e-01   0.0000
 -9.05189291e-02   0.0000
  2.16353357e-01   0.0000
  2.43204236e-01   0.0000
  1.84376568e-01   0.0000
 -2.64105648e-01   0.0000
 -2.57365227e-01   0.0000
 -2.92902261e-01   0.0000
  8.77726600e-02   0.0000
  4.63781089e-01   0.0000
  1.64628729e-01   0.0000
 -4.73959416e-01   0.0000
  3.92685294e-01   0.0000
  1.72626767e-02   0.0000
 -1.98429659e-01   0.0000
 -2.60032475e-01   0.0000
 -2.50789195e-01   0.0000
  5.18307209e-01   0.0000
 -2.39969224e-01   0.0000
 -3.43288720e-01   0.0000
 -2.71496147e-01   0.0000
 -6.82535395e-02   0.0000
 -3.23242426e-01   0.0000
 -6.26568347e-02   0.0000
 -2.47488499e-01   0.0000
 -4.33015704e-01   0.0000
 -2.93074101e-01   0.0000
  4.44668412e-01   0.0000
  6.29288033e-02   0.0000
  4.72744480e-02   0.0000
  4.28880781e-01   0.0000
  2.95417666e-01   0.0000
  1.00978769e-01   0.0000
 -1.65019810e-01   0.0000
 -5.48499450e-02   0.0000
 -1.84570253e-01   0.0000
  2.00911522e-01   0.0000
  4.29356992e-01   0.0000
  1.83927089e-01   0.0000
 -2.84650087e-01   0.0000
  2.30655625e-01   0.0000
 -3.44206393e-01   0.0000
 -2.90163338e-01   0.0000
 -4.55348730e-01   0.0000
 -2.04047918e-01   0.0000
 -2.88735062e-01   0.0000
 -2.20106512e-01   0.0000
  3.87029885e-03   0.0000
  1.36304498e-01   0.0000
 -3.46950293e-01   0.0000
 -2.13408679e-01   0.0000
 -3.16729039e-01   0.0000
  2.22841144e-01   0.0000
 -2.56423652e-01   0.0000
  4.85153079e-01   0.0000
 -2.68672168e-01   0.0000
 -1.86904535e-01   0.0000
  1.84673339e-01   0.0000
 -2.88502067e-01   0.0000
  1.83714852e-01   0.0000
  2.64107406e-01   0.0000
  2.45411754e-01   0.0000
 -3.49990219e-01   0.0000
 -2.07544938e-01   0.0000
 -7.56933540e-02   0.0000
  4.45305049e-01   0.0000
 -3.28214228e-01   0.0000
  3.02088410e-01   0.0000
 -2.97135770e-01   0.0000
  9.46738347e-02   0.0000
 -2.16584817e-01   0.0000
 -3.73805389e-02   0.0000
 -6.80948868e-02   0.0000
  3.58252585e-01   0.0000
 -3.21377426e-01   0.0000
  1.73134491e-01   0.0000
  2.31928378e-01   0.0000
  5.46478808e-01   0.0000
  3.69775563e-01   0.0000
  1.70938760e-01   0.0000
  1.66479379e-01   0.0000
  4.80476499e-01   0.0000
  1.51127160e-01   0.0000
  4.35160697e-02   0.0000
  1.62210744e-02   0.0000
  4.90285993e-01   0.0000
  5.09107709e-02   0.0000
 -1.14952087e-01   0.0000
  7.80426562e-02   0.0000
 -1.34782031e-01   0.0000
  4.67252553e-01   0.0000
 -2.61501133e-01   0.0000
 -3.15068327e-02   0.0000
  4.72076535e-01   0.0000
  1.90811694e-01   0.0000
 -2.46437162e-01   0.0000
 -3.33596766e-01   0.0000
  3.82706255e-01   0.0000
 -1.31789550e-01   0.0000
  8.37479979e-02   0.0000
 -8.41713548e-02   0.0000
  1.98398158e-01   0.0000
  2.26977602e-01   0.0000
  3.55097175e-01   0.0000
 -1.67556554e-01   0.0000
  1.98527977e-01   0.0000
  3.11849952e-01   0.0000
  3.05022359e-01   0.0000
  4.62901294e-01   0.0000
  3.89887601e-01   0.0000
  3.52908760e-01   0.0000
  3.64193171e-01   0.0000
 -3.46229166e-01   0.0000
 -3.52233142e-01   0.0000
  2.76255488e-01   0.0000
 -4.27458972e-01   0.0000
  2.88384944e-01   0.0000
  4.33192134e-01   0.0000
 -4.73818839e-01   0.0000
  2.39526138e-01   0.0000
 -2.19377056e-01   0.0000
 -3.76031876e-01   0.0000
  3.13285708e-01   0.0000
  3.90756309e-01   0.0000
  4.46513951e-01   0.0000
  1.70963541e-01   0.0000
 -5.19287944e-01   0.0000
 -2.85243630e-01   0.0000
 -2.05118671e-01   0.0000
 -3.00541848e-01   0.0000
 -4.46037382e-01   0.0000
 -1.95343629e-01   0.0000
  1.69249594e-01   0.0000
  1.45680353e-01   0.0000
  2.41558447e-01   0.0000
 -6.30689263e-02   0.0000
 -3.95498097e-01   0.0000
  3.42650026e-01   0.0000
  1.86834052e-01   0.0000
  8.32922384e-02   0.0000
  3.63561064e-02   0.0000
 -5.25448740e-01   0.0000
  2.27714151e-01   0.0000
 -3.29496026e-01   0.0000
  4.94493484e-01   0.0000
 -2.00045202e-02   0.0000
 -5.65711021e-01   0.0000
 -1.15702495e-01   0.0000
 -1.80151597e-01   0.0000
  9.72638652e-02   0.0000
 -1.98415965e-01   0.0000
  3.20380747e-01   0.0000
 -4.07470644e-01   0.0000
 -1.76600814e-01   0.0000
  2.06325427e-01   0.0000
  3.01996112e-01   0.0000
 -4.78733689e-01   0.0000
  4.65128481e-01   0.0000
  2.41741121e-01   0.0000
 -9.73484479e-03   0.0000
  3.23844582e-01   0.0000
  2.85296708e-01   0.0000
  1.26195818e-01   0.0000
  1.20102786e-01   0.0000
  4.65040177e-01   0.0000
 -1.79648682e-01   0.0000
 -1.68342233e-01   0.0000
 -1.82479322e-01   0.0000
  1.96996018e-01   0.0000
 -1.76183552e-01   0.0000
 -2.12404594e-01   0.0000
  4.15316075e-02   0.0000
  2.26067409e-01   0.0000
  3.36274266e-01   0.0000
  4.32992548e-01   0.0000
  4.09639686e-01   0.0000
 -6.66263252e-02   0.0000
  2.06188224e-02   0.0000
  3.17954391e-01   0.0000
 -2.94057012e-01   0.0000
 -6.09008074e-01   0.0000
 -3.43166560e-01   0.0000
 -1.98513672e-01   0.0000
 -5.18188141e-02   0.0000
  3.40673029e-01   0.0000
  4.66112904e-02   0.0000
  2.77261585e-01   0.0000
 -4.61951755e-02   0.0000
 -4.01707023e-01   0.0000
 -2.05438897e-01   0.0000
 -1.36585072e-01   0.0000
  1.21276498e-01   0.0000
  3.83238345e-01   0.0000
  4.38143879e-01   0.0000
 -1.59714147e-01   0.0000
 -2.64964551e-01   0.0000
  1.79634616e-01   0.0000
  2.46412158e-01   0.0000
  2.12769672e-01   0.0000
  3.30527097e-01   0.0000
  4.78003293e-01   0.0000
 -2.26888627e-01   0.0000
 -4.05799538e-01   0.0000
 -1.23366490e-01   0.0000
 -1.91486359e-01   0.0000
  2.88103282e-01   0.0000
  2.32638642e-01   0.0000
  1.78982213e-01   0.0000
 -1.55351996e-01   0.0000
  3.69918197e-01   0.0000
 -8.20097253e-02   0.0000
  3.70618612e-01   0.0000
  2.30433390e-01   0.0000
  4.12004530e-01   0.0000
  6.06176928e-02   0.0000
  2.09444821e-01   0.0000
  1.03024475e-01   0.0000
  2.08796769e-01   0.0000
  2.86074966e-01   0.0000
 -4.38087322e-02   0.0000
 -2.03209862e-01   0.0000
  2.73397237e-01   0.0000
  2.82380104e-01   0.0000
 -4.12132740e-02   0.0000
  6.22642897e-02   0.0000
 -2.59743154e-01   0.0000
 -2.94723570e-01   0.0000
  3.37557234e-02   0.0000
 -4.55078274e-01   0.0000
 -1.53966308e-01   0.0000
 -3.81945997e-01   0.0000
 -2.41732612e-01   0.0000
 -1.81382969e-01   0.0000
  9.97030959e-02   0.0000
  3.84690493e-01   0.0000
 -2.27834284e-01   0.0000
  3.54236931e-01   0.0000
 -2.62149870e-01   0.0000
 -3.82391065e-01   0.0000
  4.61134702e-01   0.0000
 -3.83011937e-01   0.0000
  7.31057823e-02   0.0000
 -3.66025269e-01   0.0000
 -3.58977556e-01   0.0000
  3.51206958e-01   0.0000
 -3.74431498e-02   0.0000
  2.04627961e-01   0.0000
  5.53589284e-01   0.0000
  2.32158706e-01   0.0000
  2.36775070e-01   0.0000
 -1.00549191e-01   0.0000
  3.45829949e-02   0.0000
 -1.22143626e-01   0.0000
 -1.60466041e-02   0.0000
 -1.14186928e-01   0.0000
 -4.58474696e-01   0.0000
  3.71145219e-01   0.0000
  3.19997132e-01   0.0000
  3.92798871e-01   0.0000
  9.38351080e-02   0.0000
  2.77377695e-01   0.0000
  1.94447652e-01   0.0000
  3.18563879e-01   0.0000
 -3.33070159e-01   0.0000
  1.45564750e-01   0.0000
  1.31346494e-01   0.0000
  3.00425440e-01   0.0000
  3.85553002e-01   0.0000
 -4.72592324e-01   0.0000
 -2.89335847e-01   0.0000
 -7.56305903e-02   0.0000
  3.45450938e-01   0.0000
 -2.00637937e-01   0.0000
  8.78012404e-02   0.0000
  4.32848781e-02   0.0000
 -2.96137512e-01   0.0000
  1.14196196e-01   0.0000
  4.78170842e-01   0.0000
  2.70973414e-01   0.0000
 -9.12034214e-02   0.0000
 -2.12780401e-01   0.0000
  1.05130062e-01   0.0000
  4.35178608e-01   0.0000
  4.27935958e-01   0.0000
  1.12366714e-01   0.0000
  3.00490558e-01   0.0000
 -6.60354793e-02   0.0000
  3.05539429e-01   0.0000
 -7.70205855e-02   0.0000
  6.52333023e-03   0.0000
 -4.44556922e-01   0.0000
  4.04354006e-01   0.0000
 -4.08986509e-01   0.0000
  2.53896922e-01   0.0000
 -1.67142317e-01   0.0000
 -5.09672575e-02   0.0000
  4.95127365e-02   0.0000
  5.99281304e-02   0.0000
 -4.11740631e-01   0.0000
 -1.45447686e-01   0.0000
  3.36730391e-01   0.0000
 -4.05388147e-01   0.0000
  2.78295994e-01   0.0000
 -2.83623844e-01   0.0000
 -4.44143146e-01   0.0000
 -5.25866151e-02   0.0000
 -2.78779238e-01   0.0000
  4.77995753e-01   0.0000
 -1.06934169e-02   0.0000
  2.13792399e-01   0.0000
 -1.68482214e-01   0.0000
 -4.98481005e-01   0.0000
 -2.49793947e-01   0.0000
 -1.36891186e-01   0.0000
  1.12526976e-01   0.0000
 -2.48929739e-01   0.0000
 -6.78644553e-02   0.0000
  4.33295488e-01   0.0000
  3.40463400e-01   0.0000
 -4.74299610e-01   0.0000
 -9.73412767e-02   0.0000
  2.65119702e-01   0.0000
  4.37573576e-03   0.0000
 -4.77625519e-01   0.0000
 -3.46857667e-01   0.0000
 -3.43209743e-01   0.0000
  3.96596611e-01   0.0000
 -1.76400304e-01   0.0000
  1.37163311e-01   0.0000
  2.52556324e-01   0.0000
  1.55082345e-01   0.0000
 -3.13942075e-01   0.0000
 -8.88485312e-02   0.0000
 -9.07000154e-02   0.0000
  7.64622316e-02   0.0000
 -4.06483382e-01   0.0000
 -2.79679537e-01   0.0000
 -3.35795164e-01   0.0000
 -5.76003455e-02   0.0000
  1.05520807e-01   0.0000
 -2.49418825e-01   0.0000
 -6.02809340e-02   0.0000
  8.41867328e-02   0.0000
  9.14043486e-02   0.0000
 -5.42060994e-02   0.0000
 -2.96117127e-01   0.0000
 -6.14068620e-02   0.0000
 -8.08651224e-02   0.0000
 -2.37806693e-01   0.0000
 -5.39386980e-02   0.0000
 -4.35249925e-01   0.0000
  3.01855475e-01   0.0000
 -3.63135189e-01   0.0000
  4.52779755e-02   0.0000
 -3.33530903e-01   0.0000
 -2.64256477e-01   0.0000
  1.89165235e-01   0.0000
  4.93175499e-02   0.0000
 -4.92737919e-01   0.0000
  4.34093662e-02   0.0000
 -6.60980940e-02   0.0000
  3.67855243e-02   0.0000
 -2.57146388e-01   0.0000
  1.80727914e-02   0.0000
  1.65431425e-01   0.0000
  9.14840326e-02   0.0000
 -8.62093046e-02   0.0000
  4.20752354e-03   0.0000
  1.99181870e-01   0.0000
 -1.52205676e-01   0.0000
  2.76112586e-01   0.0000
  1.01777241e-01   0.0000
 -2.80813515e-01   0.0000
  1.05674505e-01   0.0000
 -2.09730864e-02   0.0000
 -3.22230160e-01   0.0000
 -3.77641730e-02   0.0000
 -4.06486571e-01   0.0000
  1.53619245e-01   0.0000
 -1.52048230e-01   0.0000
 -1.33505970e-01   0.0000
 -1.56031623e-01   0.0000
  2.70453542e-01   0.0000
  3.07373554e-01   0.0000
  2.13733941e-01   0.0000
  7.31466487e-02   0.0000
 -7.46303424e-02   0.0000
  1.77711815e-01   0.0000
 -2.83271402e-01   0.0000
  5.20756185e-01   0.0000
  3.96752328e-01   0.0000
 -4.68400985e-01   0.0000
 -2.98991144e-01   0.0000
 -3.37651372e-02   0.0000
  8.77295136e-02   0.0000
 -3.75836283e-01   0.0000
  5.66351824e-02   0.0000
 -8.20627064e-02   0.0000
  7.50238299e-02   0.0000
  3.22369397e-01   0.0000
 -2.17136487e-01   0.0000
 -1.25004828e-01   0.0000
  1.11041345e-01   0.0000
 -4.77146655e-01   0.0000
  1.23716421e-01   0.0000
 -4.39990997e-01   0.0000
  2.47616962e-01   0.0000
 -3.18534940e-01   0.0000
  1.80262804e-01   0.0000
  1.82645932e-01   0.0000
 -5.33922203e-02   0.0000
 -2.85966575e-01   0.0000
  1.21946149e-01   0.0000
  5.08810163e-01   0.0000
  2.02420563e-01   0.0000
 -3.42181087e-01   0.0000
 -9.00012925e-02   0.0000
  2.41906211e-01   0.0000
  1.02594145e-01   0.0000
  2.22267151e-01   0.0000
  1.67092383e-01   0.0000
  8.16945434e-02   0.0000
 -9.80221331e-02   0.0000
  1.84038654e-01   0.0000
 -2.65264623e-02   0.0000
 -2.11028054e-01   0.0000
  3.38966101e-01   0.0000
 -3.48001480e-01   0.0000
  3.74862462e-01   0.0000
 -2.13380605e-01   0.0000
 -4.35399532e-01   0.0000
 -4.14292216e-02   0.0000
  4.41106945e-01   0.0000
  3.37086201e-01   0.0000
 -4.31478113e-01   0.0000
 -1.73712030e-01   0.0000
 -3.73609900e-01   0.0000
  3.70014697e-01   0.0000
 -1.53663248e-01   0.0000
  1.45888761e-01   0.0000
 -3.09999436e-01   0.0000
  3.26452017e-01   0.0000
  2.56467342e-01   0.0000
  2.25345582e-01   0.0000
  1.34041891e-01   0.0000
  1.56945840e-01   0.0000
  2.81574279e-01   0.0000
  2.04538718e-01   0.0000
 -5.19759860e-03   0.0000
 -1.32407263e-01   0.0000
  3.63074481e-01   0.0000
  1.47221580e-01   0.0000
 -3.99548113e-02   0.0000
 -2.23353088e-01   0.0000
  2.34812140e-01   0.0000
  3.71078938e-01   0.0000
 -9.17200372e-02   0.0000
  6.25736192e-02   0.0000
 -2.05277219e-01   0.0000
 -1.21618509e-01   0.0000
 -2.08432004e-01   0.0000
 -1.40260249e-01   0.0000
 -1.91513881e-01   0.0000
 -2.09215462e-01   0.0000
 -7.14136362e-02   0.0000
 -4.14168715e-01   0.0000
  1.26035795e-01   0.0000
  2.37081036e-01   0.0000
 -2.60655135e-01   0.0000
 -3.09176385e-01   0.0000
  2.16977000e-01   0.0000
 -2.54405707e-01   0.0000
 -1.33133948e-01   0.0000
 -5.01576841e-01   0.0000
  6.42458722e-02   0.0000
  3.19667965e-01   0.0000
 -3.99768054e-01   0.0000
 -9.21036899e-02   0.0000
  3.64142060e-01   0.0000
  2.13684201e-01   0.0000
 -4.21032310e-01   0.0000
 -1.88433025e-02   0.0000
 -7.09886402e-02   0.0000
  4.43435103e-01   0.0000
  2.61576772e-01   0.0000
 -2.55732089e-01   0.0000
  3.86200279e-01   0.0000
 -4.30844456e-01   0.0000
  3.68844628e-01   0.0000
 -2.93527041e-02   0.0000
 -8.97461474e-02   0.0000
 -2.25426748e-01   0.0000
 -3.30289185e-01   0.0000
 -3.71769130e-01   0.0000
  5.00485122e-01   0.0000
  3.30909342e-01   0.0000
  3.73802632e-01   0.0000
  4.75336283e-01   0.0000
 -5.29054940e-01   0.0000
  2.76879698e-01   0.0000
 -5.31461835e-03   0.0000
 -3.63236398e-01   0.0000
 -1.39786020e-01   0.0000
 -4.76737797e-01   0.0000
  4.54894394e-01   0.0000
 -5.46228923e-02   0.0000
 -6.43309504e-02   0.0000
  4.40064490e-01   0.0000
 -7.27242976e-03   0.0000
  2.02851281e-01   0.0000
  1.71420082e-01   0.0000
  8.60980079e-02   0.0000
  4.70996618e-01   0.0000
 -2.23083332e-01   0.0000
  1.34492636e-01   0.0000
  3.67038578e-01   0.0000
 -5.17830193e-01   0.0000
 -3.52739207e-02   0.0000
  3.01913232e-01   0.0000
 -2.20656946e-01   0.0000
 -1.20154150e-01   0.0000
  7.25993961e-02   0.0000
  4.96201128e-01   0.0000
  4.62797992e-02   0.0000
  2.02261135e-02   0.0000
  4.57814217e-01   0.0000
 -3.50923955e-01   0.0000
 -4.76300210e-01   0.0000
  3.80400568e-01   0.0000
 -1.49618432e-01   0.0000
  4.45992649e-01   0.0000
 -2.67847091e-01   0.0000
 -4.79662508e-01   0.0000
  4.78901327e-01   0.0000
  4.63158607e-01   0.0000
  8.29038322e-02   0.0000
  2.66043901e-01   0.0000
  1.63908169e-01   0.0000
 -2.44521961e-01   0.0000
 -2.21347764e-01   0.0000
  2.36103684e-02   0.0000
 -4.15805727e-01   0.0000
 -3.53662610e-01   0.0000
 -7.71920942e-03   0.0000
  3.72261345e-01   0.0000
 -3.36469889e-01   0.0000
 -2.24715844e-01   0.0000
 -2.76642263e-01   0.0000
 -4.74475950e-01   0.0000
  3.43757778e-01   0.0000
  2.99906522e-01   0.0000
 -2.85326332e-01   0.0000
 -4.53446478e-01   0.0000
  6.57663569e-02   0.0000
  3.02606851e-01   0.0000
  1.27216592e-01   0.0000
  4.04624015e-01   0.0000
  4.90692079e-01   0.0000
 -4.75437552e-01   0.0000
 -3.44285131e-01   0.0000
 -4.52098548e-01   0.0000
 -2.79395044e-01   0.0000
 -2.93125957e-01   0.0000
  2.59237021e-01   0.0000
 -1.77280605e-01   0.0000
  1.57437459e-01   0.0000
  4.32248741e-01   0.0000
  6.56612515e-02   0.0000
  1.16778649e-01   0.0000
 -3.50470752e-01   0.0000
 -2.60403026e-02   0.0000
 -3.62711251e-01   0.0000
 -1.40388384e-01   0.0000
 -1.08993843e-01   0.0000
  3.00139397e-01   0.0000
  8.28518867e-02   0.0000
 -1.41832799e-01   0.0000
  1.08647592e-01   0.0000
 -1.73456386e-01   0.0000
 -1.05764970e-01   0.0000
  2.83807844e-01   0.0000
 -9.65304449e-02   0.0000
  3.75597179e-01   0.0000
 -4.86306310e-01   0.0000
 -4.65578228e-01   0.0000
 -3.05048287e-01   0.0000
 -3.86990428e-01   0.0000
  1.74653798e-01   0.0000
 -2.55822599e-01   0.0000
  2.87248828e-02   0.0000
  5.28183579e-02   0.0000
  4.54766512e-01   0.0000
 -2.58995950e-01   0.0000
  3.73873353e-01   0.0000
 -1.49568841e-01   0.0000
 -5.05212396e-02   0.0000
  7.72817954e-02   0.0000
  2.43319139e-01   0.0000
 -4.20335114e-01   0.0000
  7.11265132e-02   0.0000
  2.56573379e-01   0.0000
 -3.01354289e-01   0.0000
  1.32321671e-01   0.0000
  7.95018077e-02   0.0000
  2.92821284e-02   0.0000
  2.40059704e-01   0.0000
  2.44578466e-01   0.0000
 -1.51773781e-01   0.0000
 -3.83283228e-01   0.0000
 -1.39444053e-01   0.0000
 -3.98670316e-01   0.0000
 -4.77782488e-01   0.0000
 -1.19041242e-01   0.0000
  2.59423763e-01   0.0000
 -3.57747912e-01   0.0000
  1.64043963e-01   0.0000
  2.69831061e-01   0.0000
 -4.25385356e-01   0.0000
 -3.34260821e-01   0.0000
  1.84747379e-03   0.0000
  4.51106012e-01   0.0000
  5.86212836e-02   0.0000
  5.07529974e-01   0.0000
 -5.48862107e-03   0.0000
  2.21445456e-01   0.0000
  1.55050829e-01   0.0000
 -8.08892474e-02   0.0000
  2.57580101e-01   0.0000
  4.53258723e-01   0.0000
 -9.65238586e-02   0.0000
  6.28738925e-02   0.0000
 -3.98527741e-01   0.0000
  1.76477030e-01   0.0000
  1.09339012e-02   0.0000
 -1.68819651e-01   0.0000
 -6.67380989e-02   0.0000
  9.54432487e-02   0.0000
 -2.68028397e-02   0.0000
 -1.91328555e-01   0.0000
  2.49999166e-01   0.0000
  3.99434119e-01   0.0000
 -4.34679180e-01   0.0000
  1.65991187e-01   0.0000
 -3.37230086e-01   0.0000
  1.18353419e-01   0.0000
  4.32968915e-01   0.0000
 -1.08449936e-01   0.0000
 -2.58155942e-01   0.0000
  5.37491083e-01   0.0000
 -4.16505247e-01   0.0000
 -4.42712493e-02   0.0000
 -1.53153479e-01   0.0000
 -2.40925044e-01   0.0000
  2.03029886e-01   0.0000
  3.35927993e-01   0.0000
 -1.57849658e-02   0.0000
  3.01186472e-01   0.0000
 -2.08728820e-01   0.0000
 -3.89878042e-02   0.0000
 -5.42520583e-02   0.0000
 -6.29576296e-02   0.0000
  1.51622713e-01   0.0000
  2.90772647e-01   0.0000
  3.50807488e-01   0.0000
  5.03665984e-01   0.0000
  3.64750654e-01   0.0000
 -1.62310511e-01   0.0000
  4.57194090e-01   0.0000
  4.18905795e-01   0.0000
 -2.77124703e-01   0.0000
  4.33769614e-01   0.0000
  2.44669870e-01   0.0000
  2.08289877e-01   0.0000
 -2.54191309e-01   0.0000
 -3.77134562e-01   0.0000
 -3.82187754e-01   0.0000
 -2.70490289e-01   0.0000
  3.89430612e-01   0.0000
 -4.40926462e-01   0.0000
 -2.86363512e-01   0.0000
 -4.23650116e-01   0.0000
  3.17070633e-01   0.0000
 -4.60661948e-02   0.0000
  1.67283580e-01   0.0000
  1.36327334e-02   0.0000
  2.35942736e-01   0.0000
 -6.66839927e-02   0.0000
  2.59235829e-01   0.0000
 -3.05573829e-02   0.0000
  3.42574000e-01   0.0000
 -4.84750830e-02   0.0000
 -1.04733638e-01   0.0000
  1.48931861e-01   0.0000
 -4.00128067e-01   0.0000
  4.82655436e-01   0.0000
 -2.77668566e-01   0.0000
 -4.30047559e-03   0.0000
  2.64199466e-01   0.0000
  6.23380356e-02   0.0000
  2.47973293e-01   0.0000
 -3.20699245e-01   0.0000
 -9.45651829e-02   0.0000
  1.02799915e-01   0.0000
  8.34464654e-02   0.0000
 -3.69193465e-01   0.0000
  2.89996743e-01   0.0000
 -4.65567827e-01   0.0000
  2.68424034e-01   0.0000
 -1.48577839e-01   0.0000
  4.50638741e-01   0.0000
  4.54351818e-03   0.0000
  9.77976695e-02   0.0000
  5.04057705e-01   0.0000
  3.92462581e-01   0.0000
  2.20992297e-01   0.0000
 -3.50850597e-02   0.0000
  1.82858575e-02   0.0000
  9.85335708e-02   0.0000
 -2.50107139e-01   0.0000
  4.19269651e-01   0.0000
  2.19301790e-01   0.0000
  2.32775249e-02   0.0000
 -4.98338044e-01   0.0000
  9.50660929e-02   0.0000
 -4.04542714e-01   0.0000
 -4.63519573e-01   0.0000
 -2.72376120e-01   0.0000
  3.00662011e-01   0.0000
  1.44560868e-02   0.0000
  8.56290385e-02   0.0000
  3.45339864e-01   0.0000
 -3.04181397e-01   0.0000
 -1.86340034e-01   0.0000
 -1.04262598e-01   0.0000
 -3.39972526e-01   0.0000
  1.25912130e-01   0.0000
  8.29597786e-02   0.0000
  3.13946575e-01   0.0000
 -4.47388381e-01   0.0000
  2.81499207e-01   0.0000
  1.04977801e-01   0.0000
 -3.45446408e-01   0.0000
 -7.25681242e-03   0.0000
 -3.50298375e-01   0.0000
 -2.07920268e-01   0.0000
  7.81176239e-02   0.0000
  2.30138883e-01   0.0000
 -1.56064536e-02   0.0000
 -5.01458824e-01   0.0000
  5.56631386e-01   0.0000
 -5.24090305e-02   0.0000
  3.75404865e-01   0.0000
 -7.49004632e-02   0.0000
 -1.19587863e-02   0.0000
  2.39379972e-01   0.0000
  3.01593572e-01   0.0000
  2.95248032e-01   0.0000
  1.89963862e-01   0.0000
  2.86863029e-01   0.0000
  3.05093359e-02   0.0000
  2.12247646e-03   0.0000
 -3.04679006e-01   0.0000
  1.96043570e-02   0.0000
  2.20508635e-01   0.0000
  1.32905155e-01   0.0000
 -1.19447708e-01   0.0000
 -3.85030150e-01   0.0000
  6.27791658e-02   0.0000
 -4.01209146e-01   0.0000
 -1.45424932e-01   0.0000
 -3.68865669e-01   0.0000
  3.78748290e-02   0.0000
 -7.12962896e-02   0.0000
 -2.24775791e-01   0.0000
  4.92542714e-01   0.0000
  2.59603530e-01   0.0000
  3.95264983e-01   0.0000
  5.65598190e-01   0.0000
 -5.69304936e-02   0.0000
 -2.81347502e-02   0.0000
 -2.25868300e-01   0.0000
 -1.26194917e-02   0.0000
 -2.07617491e-01   0.0000
 -5.89573905e-02   0.0000
 -2.38813534e-01   0.0000
 -3.96792948e-01   0.0000
  2.41644606e-01   0.0000
 -3.57162565e-01   0.0000
  4.48339552e-01   0.0000
  1.32317841e-01   0.0000
 -4.34719503e-01   0.0000
 -4.24029589e-01   0.0000
 -3.47569101e-02   0.0000
  6.20250870e-03   0.0000
 -4.01692688e-01   0.0000
  4.34416622e-01   0.0000
  4.26010609e-01   0.0000
 -1.40888646e-01   0.0000
  1.15325838e-01   0.0000
  4.39641833e-01   0.0000
 -1.62812665e-01   0.0000
 -2.55561262e-01   0.0000
 -1.08973525e-01   0.0000
 -3.75127047e-01   0.0000
 -3.10914338e-01   0.0000
 -5.44488505e-02   0.0000
  2.10302472e-01   0.0000
  5.05197525e-01   0.0000
  9.29775462e-02   0.0000
  7.99219757e-02   0.0000
 -7.52776787e-02   0.0000
  3.45913500e-01   0.0000
 -2.43770421e-01   0.0000
  2.48888493e-01   0.0000
 -2.04428405e-01   0.0000
  8.06773454e-02   0.0000
 -2.69963473e-01   0.0000
 -2.44595304e-01   0.0000
  2.51243114e-01   0.0000
  3.74375552e-01   0.0000
 -5.21226585e-01   0.0000
  3.03191453e-01   0.0000
 -1.61496267e-01   0.0000
 -3.63039404e-01   0.0000
 -2.62433559e-01   0.0000
 -6.81735249e-03   0.0000
 -6.71403483e-02   0.0000
 -7.78635591e-02   0.0000
 -7.23102987e-02   0.0000
 -5.05735278e-01   0.0000
  2.36243412e-01   0.0000
 -7.38352314e-02   0.0000
 -1.66057304e-01   0.0000
  3.51340353e-01   0.0000
  2.95765877e-01   0.0000
 -1.76929191e-01   0.0000
 -5.73465899e-02   0.0000
 -2.78718352e-01   0.0000
 -4.39775676e-01   0.0000
  4.31073993e-01   0.0000
  1.01357117e-01   0.0000
  5.45998633e-01   0.0000
 -1.16930291e-01   0.0000
  3.50292087e-01   0.0000
  2.95257151e-01   0.0000
  1.77941576e-01   0.0000
 -8.17587301e-02   0.0000
 -7.70488381e-02   0.0000
  4.83427823e-01   0.0000
 -3.85725975e-01   0.0000
  3.77884179e-01   0.0000
 -2.48768821e-01   0.0000
  4.25128907e-01   0.0000
 -4.63814378e-01   0.0000
  2.70323724e-01   0.0000
  4.60788876e-01   0.0000
 -3.40851933e-01   0.0000
  4.93252724e-01   0.0000
 -3.21575284e-01   0.0000
 -3.10083270e-01   0.0000
  4.14683670e-01   0.0000
 -1.78042427e-01   0.0000
  1.87248349e-01   0.0000
  3.22347373e-01   0.0000
 -1.57413468e-01   0.0000
  1.37462318e-01   0.0000
 -2.14084357e-01   0.0000
  2.14233343e-02   0.0000
 -4.19385433e-01   0.0000
  3.27070326e-01   0.0000
 -4.53673542e-01   0.0000
  2.10647747e-01   0.0000
 -1.11197509e-01   0.0000
 -1.98625438e-02   0.0000
 -2.87538171e-01   0.0000
 -1.54789940e-01   0.0000
 -3.13946754e-02   0.0000
 -6.15758710e-02   0.0000
  3.57346714e-01   0.0000
 -4.45380032e-01   0.0000
 -2.63327062e-01   0.0000
  1.55841112e-01   0.0000
  1.77374750e-01   0.0000
 -1.55813009e-01   0.0000
  3.93333882e-01   0.0000
 -1.51000708e-01   0.0000
  6.65096715e-02   0.0000
  7.07931399e-01   0.0000
  3.64668310e-01   0.0000
  2.15087235e-01   0.0000
  4.96522635e-01   0.0000
 -2.88160563e-01   0.0000
  2.26893798e-01   0.0000
 -2.43961036e-01   0.0000
  2.68402964e-01   0.0000
 -5.01196325e-01   0.0000
  1.19236276e-01   0.0000
 -2.47848317e-01   0.0000
  2.70996153e-01   0.0000
 -9.68865305e-02   0.0000
 -5.02121627e-01   0.0000
 -2.93760151e-01   0.0000
  9.42983180e-02   0.0000
 -8.89862850e-02   0.0000
  3.60214770e-01   0.0000
  2.60180920e-01   0.0000
  5.25180623e-02   0.0000
  1.88084200e-01   0.0000
 -3.76050293e-01   0.0000
 -8.76123011e-02   0.0000
  4.45984215e-01   0.0000
  2.40247875e-01   0.0000
  4.66195792e-01   0.0000
 -1.08298033e-01   0.0000
 -1.61934346e-01   0.0000
  3.43686074e-01   0.0000
  2.87328511e-01   0.0000
 -2.90321618e-01   0.0000
  6.09592259e-01   0.0000
 -1.16100967e-01   0.0000
 -2.07541645e-01   0.0000
 -1.27086788e-01   0.0000
  4.17778827e-02   0.0000
  4.22938019e-01   0.0000
 -3.49975318e-01   0.0000
 -1.46547677e-02   0.0000
  1.96670890e-01   0.0000
  2.88553774e-01   0.0000
 -1.44960031e-01   0.0000
 -4.73393425e-02   0.0000
  1.15849368e-01   0.0000
  8.98000225e-02   0.0000
 -2.05697149e-01   0.0000
 -2.77374268e-01   0.0000
 -8.46008509e-02   0.0000
 -2.16066435e-01   0.0000
  2.89828330e-01   0.0000
 -1.50251850e-01   0.0000
  1.47901520e-01   0.0000
 -2.61211097e-01   0.0000
  3.51507336e-01   0.0000
 -2.63168514e-01   0.0000
  2.46128201e-01   0.0000
 -5.80949411e-02   0.0000
 -1.64130226e-01   0.0000
  4.21957791e-01   0.0000
 -2.00437903e-01   0.0000
  3.49841896e-03   0.0000
 -3.65292221e-01   0.0000
 -4.23054919e-02   0.0000
  1.15465922e-02   0.0000
  3.86636821e-03   0.0000
 -2.35860184e-01   0.0000
 -1.48895770e-01   0.0000
  9.78382528e-02   0.0000
  1.02047935e-01   0.0000
  4.99139786e-01   0.0000
  2.07783729e-01   0.0000
  5.27242720e-01   0.0000
  1.03048421e-01   0.0000
  1.94878176e-01   0.0000
  8.23803060e-03   0.0000
 -1.95563316e-01   0.0000
  1.51476651e-01   0.0000
 -2.51795381e-01   0.0000
  9.79373083e-02   0.0000
 -4.42646027e-01   0.0000
 -5.09680398e-02   0.0000
 -1.96997955e-01   0.0000
 -1.18163139e-01   0.0000
 -5.23023844e-01   0.0000
  1.35370582e-01   0.0000
 -1.64919913e-01   0.0000
  3.36088270e-01   0.0000
  3.73523831e-01   0.0000
  3.33565652e-01   0.0000
 -2.32649699e-01   0.0000
 -2.42315456e-01   0.0000
 -2.70628124e-01   0.0000
  4.55855280e-02   0.0000
  3.28435242e-01   0.0000
 -7.55381286e-02   0.0000
  4.78269756e-01   0.0000
 -2.82090336e-01   0.0000
 -2.05328137e-01   0.0000
  1.09090075e-01   0.0000
  1.39018357e-01   0.0000
  4.57535446e-01   0.0000
 -4.80468988e-01   0.0000
  1.17498443e-01   0.0000
 -1.11380979e-01   0.0000
  4.43866730e-01   0.0000
  8.12799782e-02   0.0000
  1.43619582e-01   0.0000
  5.80392592e-02   0.0000
 -3.78523409e-01   0.0000
  1.65685132e-01   0.0000
  3.79495360e-02   0.0000
  2.04295546e-01   0.0000
  1.61612909e-02   0.0000
  3.91344011e-01   0.0000
  3.21764976e-01   0.0000
 -4.24166918e-01   0.0000
  9.13973972e-02   0.0000
  3.84892598e-02   0.0000
 -2.23934427e-01   0.0000
  4.57532346e-01   0.0000
 -3.31539303e-01   0.0000
 -1.74512833e-01   0.0000
  2.92557836e-01   0.0000
  6.65619895e-02   0.0000
 -4.33467269e-01   0.0000
  3.39936554e-01   0.0000
  3.06645364e-01   0.0000
 -2.11889267e-01   0.0000
  3.56469721e-01   0.0000
 -1.15122989e-01   0.0000
 -2.04825774e-01   0.0000
 -3.35635126e-01   0.0000
  3.82922031e-03   0.0000
 -3.28720927e-01   0.0000
  2.81355053e-01   0.0000
 -2.93758422e-01   0.0000
 -1.44649088e-01   0.0000
  4.01736200e-01   0.0000
 -7.63614103e-02   0.0000
  2.99158722e-01   0.0000
 -1.98816895e-01   0.0000
  1.17328137e-01   0.0000
  3.25418636e-02   0.0000
 -1.33854419e-01   0.0000
  2.33676806e-01   0.0000
  8.01184624e-02   0.0000
  1.93529189e-01   0.0000
  3.08212250e-01   0.0000
  2.30966970e-01   0.0000
  4.20602590e-01   0.0000
  5.16911507e-01   0.0000
 -1.82691485e-01   0.0000
  1.13628440e-01   0.0000
  2.99374819e-01   0.0000
 -1.00614481e-01   0.0000
  1.38551295e-01   0.0000
 -2.95771182e-01   0.0000
 -4.01238173e-01   0.0000
 -4.65993494e-01   0.0000
 -2.51039770e-02   0.0000
 -9.84049141e-02   0.0000
 -2.13069901e-01   0.0000
  1.58961087e-01   0.0000
 -1.00226097e-01   0.0000
  4.08214062e-01   0.0000
 -3.38873923e-01   0.0000
 -2.00118214e-01   0.0000
 -4.47928220e-01   0.0000
 -3.56787741e-01   0.0000
  1.40122816e-01   0.0000
 -6.14293329e-02   0.0000
  4.71049666e-01   0.0000
 -3.57543170e-01   0.0000
  9.44753438e-02   0.0000
 -2.75584191e-01   0.0000
  2.04064012e-01   0.0000
 -2.63692141e-01   0.0000
 -4.35198128e-01   0.0000
 -7.53682256e-02   0.0000
  3.97720575e-01   0.0000
  1.21196583e-02   0.0000
  4.75473493e-01   0.0000
  1.55446470e-01   0.0000
 -2.64610589e-01   0.0000
  2.66480625e-01   0.0000
 -6.17038831e-02   0.0000
  6.65013045e-02   0.0000
  7.33045489e-02   0.0000
  4.10179049e-01   0.0000
  9.48207006e-02   0.0000
 -3.00056785e-01   0.0000
  3.49762857e-01   0.0000
 -2.00082853e-01   0.0000
 -3.52441460e-01   0.0000
 -4.64032531e-01   0.0000
 -5.63436784e-02   0.0000
  2.06028521e-02   0.0000
  3.64159822e-01   0.0000
 -3.29215497e-01   0.0000
  3.50162029e-01   0.0000
  1.67733580e-01   0.0000
  2.76887715e-01   0.0000
 -3.04849654e-01   0.0000
 -4.63719100e-01   0.0000
 -2.93309480e-01   0.0000
  1.82113469e-01   0.0000
 -4.18823063e-01   0.0000
 -4.55397367e-01   0.0000
  2.38972977e-01   0.0000
 -2.97964126e-01   0.0000
  9.25890431e-02   0.0000
 -1.35218263e-01   0.0000
 -2.68197149e-01   0.0000
  4.41588461e-03   0.0000
 -3.84788424e-01   0.0000
  1.84554547e-01   0.0000
 -1.46053225e-01   0.0000
  1.87040821e-01   0.0000
 -1.51155725e-01   0.0000
  4.38963324e-01   0.0000
  3.88586730e-01   0.0000
 -1.94095671e-01   0.0000
 -2.55151242e-01   0.0000
 -2.76528031e-01   0.0000
  2.50615273e-02   0.0000
  1.82669029e-01   0.0000
 -2.04900041e-01   0.0000
 -3.19802850e-01   0.0000
 -4.63072628e-01   0.0000
  4.00101155e-01   0.0000
 -3.56416732e-01   0.0000
  4.63982224e-01   0.0000
 -4.49727744e-01   0.0000
  1.48626119e-01   0.0000
 -1.09356344e-01   0.0000
 -3.99758458e-01   0.0000
  4.22187358e-01   0.0000
 -2.45835289e-01   0.0000
 -5.63629344e-02   0.0000
  4.29405838e-01   0.0000
  4.89257991e-01   0.0000
  3.62104446e-01   0.0000
 -1.69615149e-01   0.0000
  2.51985103e-01   0.0000
 -1.48165569e-01   0.0000
  1.43956915e-01   0.0000
  8.84138048e-01   0.0000
  4.28833991e-01   0.0000
 -6.10349298e-01   0.0000
  1.41847283e-01   0.0000
  2.52170324e-01   0.0000
  8.88070464e-01   0.0000
 -4.27520394e-01   0.0000
  9.30025101e-01   0.0000
  9.00927186e-02   0.0000
 -2.54891634e-01   0.0000
 -1.77102655e-01   0.0000
 -2.02630028e-01   0.0000
 -1.21778019e-01   0.0000
  2.19575271e-01   0.0000
  3.99000525e-01   0.0000
 -2.31993958e-01   0.0000
 -5.34745455e-01   0.0000
  1.78543955e-01   0.0000
  5.87663174e-01   0.0000
  4.59285706e-01   0.0000
  7.25756943e-01   0.0000
  4.89420891e-01   0.0000
  2.05088347e-01   0.0000
  1.79821834e-01   0.0000
  7.06244886e-01   0.0000
 -5.15181541e-01   0.0000
 -4.13736701e-01   0.0000
  2.04086564e-02   0.0000
 -2.09235642e-02   0.0000
  6.68529332e-01   0.0000
 -1.64388306e-02   0.0000
  9.02767777e-02   0.0000
  8.86096835e-01   0.0000
 -4.48830333e-03   0.0000
  5.27894139e-01   0.0000
  4.77700680e-02   0.0000
 -7.03575671e-01   0.0000
  1.96146997e-04   0.0000
  1.47061907e-02   0.0000
  2.93405145e-01   0.0000
 -1.84574425e-01   0.0000
 -7.83512414e-01   0.0000
  3.72044891e-01   0.0000
 -2.50086010e-01   0.0000
  7.23255351e-02   0.0000
 -1.59115270e-01   0.0000
 -2.16109321e-01   0.0000
 -8.03703785e-01   0.0000
 -1.07195742e-01   0.0000
  2.71162927e-01   0.0000
  2.99504578e-01   0.0000
 -3.02414775e-01   0.0000
  5.39077222e-01   0.0000
  9.22285616e-02   0.0000
  1.57075569e-01   0.0000
  2.54829943e-01   0.0000
  1.55331582e-01   0.0000
  6.75491154e-01   0.0000
  5.69963336e-01   0.0000
 -3.54761451e-01   0.0000
 -5.75263679e-01   0.0000

