 5 0.000000 1
 1 
 Si 28.085500
 0 0.250001 4.500000 0.978124 1.000000 
 5 0 1 2 4 6
 8 2.25000 2.50000 2.75000 3.00000 3.25000 3.50000 3.75000 4.00000
 1 12.169200 6.172630 3.114710 0.755675 0.404939 0.036124 0.650018 0.572890
 5 40 24 24 16 1
 -8.26990604e-02   0.0000
 -1.67806339e+00   0.0000
  1.27613282e+00   0.0000
 -1.50783622e+00   0.0000
  1.86871779e+00   0.0000
  8.46015394e-01   0.0000
  9.48465586e-01   0.0000
 -1.63719964e+00   0.0000
 -1.76024127e+00   0.0000
  7.92440593e-01   0.0000
  1.45602620e+00   0.0000
  3.32768750e+00   0.0000
 -1.47018957e+00   0.0000
 -9.39520359e-01   0.0000
 -4.66803372e-01   0.0000
  1.42624572e-01   0.0000
  1.85327435e+00   0.0000
  1.41221666e+00   0.0000
 -1.21681297e+00   0.0000
 -1.76330364e+00   0.0000
  2.25690150e+00   0.0000
  2.30222559e+00   0.0000
  1.24687159e+00   0.0000
  1.07711136e-01   0.0000
  8.88369456e-02   0.0000
 -1.68001950e+00   0.0000
  1.64807022e+00   0.0000
 -1.17593133e+00   0.0000
 -3.28141004e-01   0.0000
  1.27873957e+00   0.0000
  7.87596285e-01   0.0000
 -1.13448608e+00   0.0000
 -1.12848496e+00   0.0000
  1.06205130e+00   0.0000
  1.61639643e+00   0.0000
  2.78412342e-01   0.0000
 -3.26809913e-01   0.0000
 -4.84917283e-01   0.0000
 -2.72477474e-02   0.0000
 -1.60445511e-01   0.0000
  1.70695031e+00   0.0000
  9.94827271e-01   0.0000
 -9.92045045e-01   0.0000
 -8.22626233e-01   0.0000
  2.01839972e+00   0.0000
  3.33064258e-01   0.0000
  1.03445601e+00   0.0000
 -1.88196078e-01   0.0000
 -3.34125727e-01   0.0000
 -1.87445533e+00   0.0000
  1.49059844e+00   0.0000
 -1.08118463e+00   0.0000
 -1.11417949e+00   0.0000
  1.23745155e+00   0.0000
  9.97869730e-01   0.0000
 -1.03612924e+00   0.0000
 -9.88730550e-01   0.0000
  1.14166307e+00   0.0000
  1.62354779e+00   0.0000
 -9.39972281e-01   0.0000
 -8.40115905e-01   0.0000
 -5.18785596e-01   0.0000
  2.44191572e-01   0.0000
 -4.47109610e-01   0.0000
  1.11643529e+00   0.0000
  8.14079523e-01   0.0000
 -1.23251140e-01   0.0000
  3.20771664e-01   0.0000
  1.98642814e+00   0.0000
 -1.07235789e+00   0.0000
  3.87581378e-01   0.0000
 -6.55953228e-01   0.0000
 -4.92693514e-01   0.0000
 -6.55925095e-01   0.0000
  1.04116404e+00   0.0000
 -8.47445726e-01   0.0000
 -9.38859403e-01   0.0000
  1.03863013e+00   0.0000
  5.22005141e-01   0.0000
 -7.73035288e-01   0.0000
 -9.84907746e-01   0.0000
  1.12583590e+00   0.0000
  1.57850742e+00   0.0000
 -6.74280882e-01   0.0000
 -1.19466436e+00   0.0000
 -4.31444585e-01   0.0000
  7.10862339e-01   0.0000
 -7.11329281e-01   0.0000
  7.66398609e-01   0.0000
  5.54418743e-01   0.0000
  2.37907961e-01   0.0000
  1.32629120e+00   0.0000
  1.64745140e+00   0.0000
 -1.12521756e+00   0.0000
  9.65141535e-01   0.0000
 -5.46566665e-01   0.0000
 -8.22247267e-01   0.0000
 -2.01993123e-01   0.0000
  8.82283628e-01   0.0000
 -9.24422085e-01   0.0000
  2.08409861e-01   0.0000
  1.30737722e+00   0.0000
  7.39683062e-02   0.0000
 -6.94846511e-01   0.0000
 -6.26692712e-01   0.0000
  7.16016233e-01   0.0000
  1.09974599e+00   0.0000
 -6.89137042e-01   0.0000
 -7.25454032e-01   0.0000
 -3.80873442e-01   0.0000
  1.09504700e+00   0.0000
 -4.18714046e-01   0.0000
  6.98146105e-01   0.0000
  4.11293119e-01   0.0000
  5.17714262e-01   0.0000
  1.39722395e+00   0.0000
  1.08952808e+00   0.0000
 -1.16230178e+00   0.0000
  7.58799791e-01   0.0000
 -1.50463805e-01   0.0000
 -2.46015087e-01   0.0000
  4.07994390e-01   0.0000
  1.02176464e+00   0.0000
 -1.89745441e-01   0.0000
  1.40478206e+00   0.0000
  1.20660186e+00   0.0000
 -1.02222764e+00   0.0000
 -2.67699718e-01   0.0000
 -8.65777850e-01   0.0000
  4.27572817e-01   0.0000
  1.07911813e+00   0.0000
 -1.03007579e+00   0.0000
  9.27213728e-02   0.0000
 -6.05161726e-01   0.0000
  3.45270514e-01   0.0000
  3.58530074e-01   0.0000
  1.34638503e-01   0.0000
  2.69297391e-01   0.0000
  3.74487460e-01   0.0000
  5.85097313e-01   0.0000
  1.11954665e+00   0.0000
 -4.16950762e-01   0.0000
  5.75903058e-01   0.0000
  2.62778420e-02   0.0000
  2.84296535e-02   0.0000
  3.11990887e-01   0.0000
  3.06635916e-01   0.0000
 -2.48714343e-01   0.0000
  7.11028039e-01   0.0000
  1.22904587e+00   0.0000
 -1.03392877e-01   0.0000
 -3.82130116e-01   0.0000
 -5.34474492e-01   0.0000
  3.00416559e-01   0.0000
  9.54296887e-01   0.0000
  9.41226780e-02   0.0000
  5.20577967e-01   0.0000
 -5.35349607e-01   0.0000
 -5.31046748e-01   0.0000
  1.10274935e+00   0.0000
  4.80125658e-02   0.0000
  4.25813884e-01   0.0000
  2.40842998e-01   0.0000
 -6.32688344e-01   0.0000
  4.00815815e-01   0.0000
  1.18361580e+00   0.0000
  9.01557580e-02   0.0000
  6.60276592e-01   0.0000
 -6.38251781e-01   0.0000
  7.58559883e-01   0.0000
 -3.10778290e-01   0.0000
  9.13017094e-02   0.0000
  3.85949463e-02   0.0000
  8.38167369e-01   0.0000
  5.83866417e-01   0.0000
 -7.33378604e-02   0.0000
 -4.72612500e-01   0.0000
  3.68611693e-01   0.0000
  4.89758760e-01   0.0000
  2.54188681e+00   0.0000
  5.26249409e-01   0.0000
 -3.10842305e-01   0.0000
 -8.04049075e-01   0.0000
 -1.08428262e-01   0.0000
  4.19220537e-01   0.0000
  3.40383023e-01   0.0000
 -1.95016801e-01   0.0000
 -1.60280252e+00   0.0000
  1.32451504e-01   0.0000
  2.76730871e+00   0.0000
  3.60497713e-01   0.0000
  7.82553971e-01   0.0000
  2.69304007e-01   0.0000
 -3.82888615e-01   0.0000
 -5.88089414e-02   0.0000
  7.18087330e-03   0.0000
  8.04182470e-01   0.0000
  1.08393335e+00   0.0000
 -4.85437989e-01   0.0000
 -3.86041224e-01   0.0000
 -1.37592852e-01   0.0000
  1.41056502e+00   0.0000
  8.22253406e-01   0.0000
 -1.15210211e+00   0.0000
 -4.38829996e-02   0.0000
  4.24049348e-01   0.0000
  3.74403417e-01   0.0000
  5.92770934e-01   0.0000
 -2.22915575e-01   0.0000
  4.25134540e-01   0.0000
  2.22158611e-01   0.0000
 -4.08687800e-01   0.0000
 -4.93163556e-01   0.0000
  5.21295965e-01   0.0000
  3.88268232e-01   0.0000
 -1.48866189e+00   0.0000
 -3.25507492e-01   0.0000
  5.98174594e-02   0.0000
 -9.33773369e-02   0.0000
  1.42861560e-01   0.0000
  4.52149481e-01   0.0000
  5.04580736e-01   0.0000
 -5.88724352e-02   0.0000
 -1.29462823e-01   0.0000
  2.80456662e-01   0.0000
  1.17828965e+00   0.0000
  3.07148039e-01   0.0000
 -3.66363376e-01   0.0000
  2.29823992e-01   0.0000
 -2.01755837e-01   0.0000
  9.20143247e-01   0.0000
  1.00987598e-01   0.0000
  8.19175839e-02   0.0000
  1.70786113e-01   0.0000
  2.31496803e-02   0.0000
  8.02916408e-01   0.0000
 -9.55997854e-02   0.0000
  3.68981451e-01   0.0000
  1.36890709e-01   0.0000
 -1.19712865e+00   0.0000
 -2.21450225e-01   0.0000
  2.04940915e-01   0.0000
  2.52423733e-01   0.0000
  2.35201955e-01   0.0000
  4.95472640e-01   0.0000
  6.38357043e-01   0.0000
  5.23363829e-01   0.0000
 -2.76105255e-01   0.0000
 -2.71804392e-01   0.0000
  5.31863451e-01   0.0000
  2.98377365e-01   0.0000
 -4.46873084e-02   0.0000
  6.24077082e-01   0.0000
  1.98925793e-01   0.0000
  6.05319858e-01   0.0000
 -1.53928965e-01   0.0000
 -2.87145406e-01   0.0000
 -5.17082512e-01   0.0000
  3.21008146e-01   0.0000
  9.52730715e-01   0.0000
 -2.54402131e-01   0.0000
  3.07601094e-01   0.0000
  7.49915719e-01   0.0000
 -6.27924085e-01   0.0000
 -3.07076514e-01   0.0000
 -1.46423832e-01   0.0000
 -2.58651637e-02   0.0000
 -4.81254384e-02   0.0000
  1.29690588e-01   0.0000
  1.24915630e-01   0.0000
  4.10402000e-01   0.0000
 -2.46354818e-01   0.0000
 -1.26081035e-01   0.0000
  6.31849349e-01   0.0000
  4.14335251e-01   0.0000
 -1.01270533e+00   0.0000
  3.76952142e-01   0.0000
 -7.05165565e-01   0.0000
 -1.22330949e-01   0.0000
 -4.65629473e-02   0.0000
  1.44764155e-01   0.0000
  2.84014195e-01   0.0000
 -1.68056756e-01   0.0000
  1.32314515e+00   0.0000
 -7.96185285e-02   0.0000
 -1.22833498e-01   0.0000
  2.95864582e-01   0.0000
  4.68981452e-02   0.0000
  4.43075776e-01   0.0000
 -1.27392098e-01   0.0000
 -4.35156301e-02   0.0000
 -2.20905274e-01   0.0000
  2.46539846e-01   0.0000
  2.95300961e-01   0.0000
 -7.92906433e-02   0.0000
  9.64420587e-02   0.0000
 -2.09320053e-01   0.0000
 -5.21699600e-02   0.0000
  2.97560185e-01   0.0000
 -5.40942967e-01   0.0000
  4.65069637e-02   0.0000
 -4.68254745e-01   0.0000
 -6.09751880e-01   0.0000
  1.70182198e-01   0.0000
 -2.05607787e-01   0.0000
 -1.85211981e-03   0.0000
  4.62559551e-01   0.0000
  1.12357283e+00   0.0000
 -2.90367246e-01   0.0000
 -2.36225333e-02   0.0000
 -2.50726454e-02   0.0000
  1.29800230e-01   0.0000
 -1.27108067e-01   0.0000
 -8.56994465e-02   0.0000
  1.87679604e-01   0.0000
 -2.87680119e-01   0.0000
  3.49714905e-01   0.0000
  9.48713347e-02   0.0000
 -5.87334156e-01   0.0000
 -6.78487048e-02   0.0000
  3.87582302e-01   0.0000
 -4.02819991e-01   0.0000
  2.36079305e-01   0.0000
 -8.05007994e-01   0.0000
  2.87631154e-01   0.0000
 -1.72901943e-01   0.0000
 -5.91037154e-01   0.0000
  2.28277035e-02   0.0000
 -1.38802782e-01   0.0000
  3.50951880e-01   0.0000
  9.48053822e-02   0.0000
  5.02964973e-01   0.0000
 -1.73470616e-01   0.0000
  2.45637119e-01   0.0000
  7.55068436e-02   0.0000
  1.38182074e-01   0.0000
 -3.81904542e-02   0.0000
  3.31600577e-01   0.0000
 -2.96860367e-01   0.0000
 -5.68802357e-01   0.0000
  6.94110155e-01   0.0000
 -4.74324040e-02   0.0000
 -8.44386220e-01   0.0000
 -1.78730384e-01   0.0000
  1.77624241e-01   0.0000
  2.35412568e-01   0.0000
 -1.27615154e-01   0.0000
  1.83819726e-01   0.0000
  6.79296315e-01   0.0000
 -1.33933678e-01   0.0000
  1.47554325e-02   0.0000
 -2.71816969e-01   0.0000
 -5.05928755e-01   0.0000
  2.17446655e-01   0.0000
 -3.34598839e-01   0.0000
  6.55855715e-01   0.0000
  4.24089074e-01   0.0000
 -2.52423584e-01   0.0000
  1.87408552e-01   0.0000
  1.12023175e-01   0.0000
  8.51216763e-02   0.0000
 -9.20117423e-02   0.0000
  3.21076773e-02   0.0000
 -1.08313598e-02   0.0000
  1.40044972e-01   0.0000
  5.69598712e-02   0.0000
 -1.30934343e-01   0.0000
 -6.02788031e-01   0.0000
  4.24827099e-01   0.0000
 -7.15220213e-01   0.0000
 -1.73905795e-03   0.0000
  2.66074091e-01   0.0000
  6.81159079e-01   0.0000
  5.53508520e-01   0.0000
  2.54935384e-01   0.0000
  1.35091573e-01   0.0000
 -2.68125206e-01   0.0000
  1.40987888e-01   0.0000
 -1.16574630e-01   0.0000
  5.98038375e-01   0.0000
  3.35978180e-01   0.0000
  1.35097995e-01   0.0000
  1.50060743e-01   0.0000
 -3.38268906e-01   0.0000
  3.47381234e-02   0.0000
  3.13434988e-01   0.0000
 -7.39072487e-02   0.0000
  4.28275876e-02   0.0000
  7.91235805e-01   0.0000
  5.57404995e-01   0.0000
  1.23645198e+00   0.0000
 -2.53556788e-01   0.0000
 -2.11703852e-01   0.0000
 -2.80481964e-01   0.0000
  4.88618433e-01   0.0000
 -4.97774541e-01   0.0000
  1.59818918e-01   0.0000
  6.45072162e-01   0.0000
  2.61545815e-02   0.0000
  6.62067056e-01   0.0000
 -3.01062971e-01   0.0000
  3.92682046e-01   0.0000
  1.96976691e-01   0.0000
  1.08829987e+00   0.0000
  1.67968616e-01   0.0000
  4.52831894e-01   0.0000
  1.88062578e-01   0.0000
  8.66437331e-02   0.0000
  1.20474890e-01   0.0000
  1.55876741e-01   0.0000
  3.22289020e-02   0.0000
  3.95645410e-01   0.0000
 -1.15002707e-01   0.0000
 -1.07362710e-01   0.0000
  5.59133291e-01   0.0000
 -9.59211141e-02   0.0000
  1.68986768e-02   0.0000
  1.14912130e-01   0.0000
  1.70924403e-02   0.0000
 -6.82164848e-01   0.0000
 -1.04140088e-01   0.0000
  1.08219802e-01   0.0000
 -1.49420410e-01   0.0000
  4.36980814e-01   0.0000
  3.71908695e-01   0.0000
 -2.75761448e-02   0.0000
  2.31338548e-04   0.0000
  9.90761697e-01   0.0000
 -5.87497540e-02   0.0000
  4.83277172e-01   0.0000
  1.53659657e-02   0.0000
  2.16938213e-01   0.0000
  5.42366385e-01   0.0000
  7.92139843e-02   0.0000
 -5.39367855e-01   0.0000
  2.78523527e-02   0.0000
 -5.46143889e-01   0.0000
  1.70804992e-01   0.0000
  1.80403352e-01   0.0000
  9.64459702e-02   0.0000
  3.82778645e-02   0.0000
  5.77204585e-01   0.0000
 -1.67850226e-01   0.0000
  4.36399937e-01   0.0000
  2.50893176e-01   0.0000
 -1.10915631e-01   0.0000
 -5.25669873e-01   0.0000
  1.20514356e-01   0.0000
  1.14885755e-01   0.0000
  6.03506863e-02   0.0000
  5.04757226e-01   0.0000
  6.37866199e-01   0.0000
  5.29774018e-02   0.0000
  3.42787117e-01   0.0000
 -1.38658032e-01   0.0000
 -5.03626391e-02   0.0000
  3.49424690e-01   0.0000
  1.00359730e-01   0.0000
  3.49037498e-01   0.0000
  8.53673518e-02   0.0000
 -4.20701474e-01   0.0000
  2.81025887e-01   0.0000
 -4.38135833e-01   0.0000
  2.93065161e-01   0.0000
 -4.28363532e-01   0.0000
 -6.21021912e-02   0.0000
 -2.63538361e-02   0.0000
  7.64515400e-01   0.0000
  3.11270058e-01   0.0000
 -2.12447122e-02   0.0000
 -2.68187940e-01   0.0000
 -2.15592310e-01   0.0000
 -1.65917441e-01   0.0000
  5.83711602e-02   0.0000
  2.29531169e-01   0.0000
  8.24082017e-01   0.0000
 -1.08881727e-01   0.0000
 -7.02014193e-02   0.0000
  3.68049800e-01   0.0000
 -5.86069882e-01   0.0000
 -2.29728892e-01   0.0000
 -5.62720001e-01   0.0000
  1.26065999e-01   0.0000
 -1.99529976e-02   0.0000
 -3.69114816e-01   0.0000
  8.84705130e-03   0.0000
 -7.28245258e-01   0.0000
  4.56208736e-03   0.0000
 -1.68971539e-01   0.0000
  3.69491100e-01   0.0000
  1.63427830e-01   0.0000
  4.21748728e-01   0.0000
  8.92819345e-01   0.0000
  3.41975726e-02   0.0000
 -1.25640193e-02   0.0000
 -6.52548492e-01   0.0000
 -3.10524888e-02   0.0000
 -5.32954559e-02   0.0000
  4.89936262e-01   0.0000
  1.35784411e+00   0.0000
 -2.22062275e-01   0.0000
 -2.78841853e-01   0.0000
  1.26154259e-01   0.0000
 -7.32820988e-01   0.0000
 -9.19166058e-02   0.0000
  6.23828955e-02   0.0000
  4.38177846e-02   0.0000
  3.27485017e-02   0.0000
 -2.38309905e-01   0.0000
  1.58220634e-01   0.0000
 -3.61827016e-01   0.0000
  8.93240124e-02   0.0000
 -2.90824063e-02   0.0000
  4.12161089e-02   0.0000
  1.45922780e-01   0.0000
  1.23832881e+00   0.0000
  1.22056592e+00   0.0000
  1.75462812e-01   0.0000
  8.42246890e-01   0.0000
 -1.14531541e+00   0.0000
  3.88575196e-01   0.0000
  8.55889991e-02   0.0000
  5.72043717e-01   0.0000
  1.87383497e+00   0.0000
 -1.49788529e-01   0.0000
 -2.80656338e-01   0.0000
  2.15409338e-01   0.0000
 -9.70389068e-01   0.0000
 -2.06396073e-01   0.0000
  3.71270590e-02   0.0000
  4.92623091e-01   0.0000
 -3.03912133e-01   0.0000
  4.11710203e-01   0.0000
  2.22359002e-01   0.0000
 -9.56999063e-01   0.0000
 -2.10095435e-01   0.0000
  4.62688774e-01   0.0000
 -4.40149218e-01   0.0000
 -1.21860377e-01   0.0000
  9.86092687e-01   0.0000
  9.08589244e-01   0.0000
  1.25302210e-01   0.0000
  1.10740066e+00   0.0000
 -8.96874368e-01   0.0000
 -1.69990703e-01   0.0000
 -3.36636543e-01   0.0000
  4.80349243e-01   0.0000
  1.03990889e+00   0.0000
  2.90956080e-01   0.0000
 -3.04530054e-01   0.0000
 -1.69227958e-01   0.0000
 -5.74449539e-01   0.0000
  1.25963911e-01   0.0000
 -1.44135758e-01   0.0000
  1.17747977e-01   0.0000
  5.03111541e-01   0.0000
 -6.26770258e-02   0.0000
  3.86368930e-01   0.0000
 -7.03508914e-01   0.0000
 -5.47496602e-02   0.0000
  5.24500906e-01   0.0000
 -6.81561887e-01   0.0000
 -3.31254639e-02   0.0000
  2.25029334e-01   0.0000
  5.69778502e-01   0.0000
  2.41602864e-02   0.0000
  3.47403884e-01   0.0000
 -7.49908388e-01   0.0000
  2.93711364e-01   0.0000
 -6.69363618e-01   0.0000
 -2.15462819e-01   0.0000
  2.71458834e-01   0.0000
  2.47371122e-01   0.0000
  9.78956521e-02   0.0000
 -2.89352357e-01   0.0000
 -4.09332454e-01   0.0000
  5.32563627e-01   0.0000
 -1.91760516e+00   0.0000
  8.08447301e-02   0.0000
 -2.99509555e-01   0.0000
 -1.33223689e+00   0.0000
  2.64964283e-01   0.0000
 -9.43609118e-01   0.0000
 -7.45072007e-01   0.0000
 -4.95421737e-01   0.0000
  1.15179408e+00   0.0000
  4.67824042e-01   0.0000
  2.51676947e-01   0.0000
 -2.17834139e+00   0.0000
 -6.92945600e-01   0.0000
 -2.11595941e+00   0.0000
 -3.08226883e-01   0.0000
  5.78612268e-01   0.0000
  2.79733598e-01   0.0000
 -3.82344222e+00   0.0000
 -5.49242914e-01   0.0000
  6.73189282e-01   0.0000
  2.16421509e+00   0.0000
  4.10373330e-01   0.0000
  1.58564961e+00   0.0000
 -6.96600825e-02   0.0000
 -1.29090869e+00   0.0000
  7.67432228e-02   0.0000
 -2.87555903e-01   0.0000
 -1.27981579e+00   0.0000
 -5.60130298e-01   0.0000
 -3.49513143e-01   0.0000
 -6.72352850e-01   0.0000
 -8.04137766e-01   0.0000
  4.79739487e-01   0.0000
  1.69332206e-01   0.0000
 -1.25921857e+00   0.0000
 -1.33982694e+00   0.0000
 -2.81461626e-01   0.0000
  5.75617626e-02   0.0000
 -1.62899002e-01   0.0000
  7.82424688e-01   0.0000
  4.88721758e-01   0.0000
 -2.19881606e+00   0.0000
  5.00800848e-01   0.0000
  9.23682213e-01   0.0000
  1.46561360e+00   0.0000
  5.09652257e-01   0.0000
  6.54971078e-02   0.0000
 -9.88982201e-01   0.0000
 -1.44635975e+00   0.0000
  2.24935681e-01   0.0000
 -5.47747314e-01   0.0000
  4.28009987e-01   0.0000
 -9.23501909e-01   0.0000
 -6.87962249e-02   0.0000
 -5.04981041e-01   0.0000
 -3.12806100e-01   0.0000
  2.98318148e-01   0.0000
 -1.52193069e-01   0.0000
  6.14153564e-01   0.0000
 -4.89549458e-01   0.0000
  1.56935170e-01   0.0000
  5.33600926e-01   0.0000
 -4.52758491e-01   0.0000
  3.55764180e-01   0.0000
  5.94750047e-01   0.0000
 -4.96306002e-01   0.0000
  1.12152541e+00   0.0000
  7.86612570e-01   0.0000
  1.37167859e+00   0.0000
 -5.09311557e-01   0.0000
 -1.01911008e+00   0.0000
 -6.79946184e-01   0.0000
 -7.64273643e-01   0.0000
  4.02699262e-01   0.0000
 -1.88201740e-01   0.0000
 -1.32654116e-01   0.0000
 -4.42160785e-01   0.0000
  1.26398161e-01   0.0000
 -6.89667533e-04   0.0000
 -8.20170760e-01   0.0000
 -2.77029723e-02   0.0000
 -7.81121552e-02   0.0000
 -2.23055966e-02   0.0000
  1.58900674e-02   0.0000
  3.80097181e-01   0.0000
 -5.09947956e-01   0.0000
 -5.10175005e-02   0.0000
  1.40537813e-01   0.0000
  7.84123093e-02   0.0000
 -4.28947747e-01   0.0000
  5.88451363e-02   0.0000
  4.69005078e-01   0.0000
  1.66046584e+00   0.0000
 -1.00236163e-01   0.0000
 -9.02514398e-01   0.0000
  4.46983159e-01   0.0000
 -2.30690166e-01   0.0000
  1.70628995e-01   0.0000
  2.24267408e-01   0.0000
 -5.09821773e-01   0.0000
  2.03339546e-03   0.0000
  8.48388731e-01   0.0000
  1.52545482e-01   0.0000
  1.25654563e-01   0.0000
  2.71165341e-01   0.0000
  1.69345453e-01   0.0000
 -2.75572836e-01   0.0000
 -1.83479249e-01   0.0000
  6.05636165e-02   0.0000
 -8.73078525e-01   0.0000
  6.42938390e-02   0.0000
  4.00841057e-01   0.0000
 -1.63470834e-01   0.0000
  7.62738148e-03   0.0000
 -2.40317546e-02   0.0000
  4.63590920e-01   0.0000
  1.95925283e+00   0.0000
  4.97392058e-01   0.0000
  8.65605474e-01   0.0000
  5.14352918e-02   0.0000
  9.38120857e-02   0.0000
  1.91052973e-01   0.0000
 -2.67885029e-01   0.0000
 -7.29720742e-02   0.0000
  6.56777620e-02   0.0000
  7.09813118e-01   0.0000
  1.95431322e-01   0.0000
  6.86276646e-04   0.0000
  1.24234162e-01   0.0000
  1.21854208e-01   0.0000
 -3.66102457e-01   0.0000
 -2.45423898e-01   0.0000
 -6.92695230e-02   0.0000
 -1.21186340e+00   0.0000
 -1.57590643e-01   0.0000
  3.79080474e-01   0.0000
  1.13751218e-01   0.0000
 -4.03292477e-01   0.0000
  2.76858628e-01   0.0000
 -2.25304235e-02   0.0000
  1.43166065e+00   0.0000
  7.91979954e-02   0.0000
  1.14064865e-01   0.0000
 -1.35183036e-01   0.0000
 -1.02437578e-01   0.0000
  1.19791582e-01   0.0000
 -2.53662318e-01   0.0000
  1.20267138e-01   0.0000
  3.69504005e-01   0.0000
 -2.59350598e-01   0.0000
  2.96690334e-02   0.0000
  2.68469036e-01   0.0000
  2.09628776e-01   0.0000
  2.54960358e-01   0.0000
 -6.07937932e-01   0.0000
  1.20639771e-01   0.0000
 -3.82747561e-01   0.0000
 -7.75351822e-01   0.0000
 -1.05380070e+00   0.0000
 -4.41925786e-02   0.0000
 -2.96849236e-02   0.0000
 -1.14528462e-01   0.0000
  9.97503579e-01   0.0000
 -3.84245783e-01   0.0000
  1.11445510e+00   0.0000
 -3.56330693e-01   0.0000
 -2.17044681e-01   0.0000
  1.20647177e-01   0.0000
  1.40045032e-01   0.0000
  5.64178675e-02   0.0000
 -1.02115043e-01   0.0000
  5.20226419e-01   0.0000
  2.11700201e-01   0.0000
 -7.33916163e-02   0.0000
  1.79933220e-01   0.0000
 -5.33878982e-01   0.0000
  4.19144891e-02   0.0000
  5.65247655e-01   0.0000
 -7.63514340e-01   0.0000
 -2.26169959e-01   0.0000
 -4.87108827e-01   0.0000
 -1.07935853e-01   0.0000
 -1.01573396e+00   0.0000
  2.23958284e-01   0.0000
  1.12053581e-01   0.0000
 -2.02932298e-01   0.0000
  1.17957354e+00   0.0000
 -2.37856850e-01   0.0000
  1.53570339e-01   0.0000
  2.28915866e-02   0.0000
 -1.02715254e+00   0.0000
 -5.25478661e-01   0.0000
 -1.24802995e+00   0.0000
  1.17120063e+00   0.0000
 -3.57747227e-01   0.0000
 -1.07472622e+00   0.0000
  5.49493730e-01   0.0000
  4.50671017e-01   0.0000
 -8.48413646e-01   0.0000
 -4.50254977e-01   0.0000
  2.20729128e-01   0.0000
  4.51202691e-01   0.0000
 -6.18656039e-01   0.0000
  4.16559756e-01   0.0000
 -1.66255164e+00   0.0000
 -5.20528972e-01   0.0000
  4.04635305e-03   0.0000
  4.70901251e-01   0.0000
  9.79931176e-01   0.0000
 -2.14610171e+00   0.0000
 -7.17020452e-01   0.0000
  1.22434711e+00   0.0000
  3.94360542e-01   0.0000
  5.83640993e-01   0.0000
  1.14948228e-02   0.0000
 -9.20485020e-01   0.0000
 -1.76805019e+00   0.0000
  9.10365343e-01   0.0000
 -3.66006941e-01   0.0000
 -4.24116373e-01   0.0000
 -4.32967484e-01   0.0000
  1.00347109e-01   0.0000
 -2.59904981e-01   0.0000
 -6.65359080e-01   0.0000
  3.12272668e-01   0.0000
  2.59922057e-01   0.0000
  1.71109402e+00   0.0000
  5.99543214e-01   0.0000
 -1.09158061e-01   0.0000
 -1.29855895e+00   0.0000
 -5.73629960e-02   0.0000
  3.73735785e-01   0.0000
  2.50434160e-01   0.0000
 -2.37999034e+00   0.0000
  2.64254123e-01   0.0000
  1.03990316e+00   0.0000
  1.99883170e-02   0.0000
  3.75442088e-01   0.0000
 -8.46463084e-01   0.0000
 -4.47704107e-01   0.0000
 -9.97431874e-01   0.0000
  3.34252715e-01   0.0000
 -3.26438546e-01   0.0000
  4.04671997e-01   0.0000
 -4.21104342e-01   0.0000
 -1.43558130e-01   0.0000
 -4.31347340e-01   0.0000
 -2.95111746e-01   0.0000
  4.05069560e-01   0.0000
  1.06979690e-01   0.0000
  2.95970291e-02   0.0000
  1.02399015e+00   0.0000
 -1.78805485e-01   0.0000
  1.39198765e-01   0.0000
  5.39285421e-01   0.0000
  3.73197556e-01   0.0000
  7.07591116e-01   0.0000
 -2.01881409e+00   0.0000
  1.50691676e+00   0.0000
  4.56365258e-01   0.0000
 -1.16576803e+00   0.0000
 -3.22138280e-01   0.0000
  5.66845357e-01   0.0000
 -5.86100578e-01   0.0000
 -5.22443593e-01   0.0000
  7.83997774e-03   0.0000
 -3.61152411e-01   0.0000
 -5.66103041e-01   0.0000
 -2.87014604e-01   0.0000
 -7.06271678e-02   0.0000
  1.25912189e-01   0.0000
 -5.10352910e-01   0.0000
  9.44618464e-01   0.0000
  3.11924011e-01   0.0000
 -1.71226159e-01   0.0000
  7.15214789e-01   0.0000
  1.43637024e-02   0.0000
  9.32403982e-01   0.0000
  1.04634561e-01   0.0000
  6.68680310e-01   0.0000
  2.59821683e-01   0.0000
 -3.85910153e-01   0.0000
  2.69895643e-01   0.0000
  2.44988456e-01   0.0000
 -1.46104741e+00   0.0000
  6.47390038e-02   0.0000
 -8.59751821e-01   0.0000
 -5.01872361e-01   0.0000
 -3.64774048e-01   0.0000
 -3.99150848e-02   0.0000
  3.49691004e-01   0.0000
 -2.78394014e-01   0.0000
  5.51797986e-01   0.0000
  3.54661852e-01   0.0000
 -3.42174321e-01   0.0000
 -1.22183323e-01   0.0000
  9.14270401e-01   0.0000
 -7.38569051e-02   0.0000
  3.63568038e-01   0.0000
  2.17316672e-01   0.0000
 -2.52359092e-01   0.0000
  6.55286193e-01   0.0000
 -5.85069001e-01   0.0000
 -1.06250226e-01   0.0000
  5.56961119e-01   0.0000
 -3.33758652e-01   0.0000
  3.42829794e-01   0.0000
  2.67702311e-01   0.0000
 -2.64772683e-01   0.0000
 -1.94427103e-01   0.0000
 -1.08863378e+00   0.0000
 -3.55839610e-01   0.0000
 -6.04251027e-01   0.0000
 -6.08755760e-02   0.0000
  4.29494232e-01   0.0000
  1.55528963e-01   0.0000
  9.76331830e-02   0.0000
  5.21719635e-01   0.0000
  1.65991709e-01   0.0000
  8.78132433e-02   0.0000
  6.69898212e-01   0.0000
 -2.74564952e-01   0.0000
 -3.85103375e-01   0.0000
 -5.67639947e-01   0.0000
  1.85298502e-01   0.0000
 -1.92768827e-01   0.0000
 -9.20010388e-01   0.0000
  2.48697862e-01   0.0000
  1.00659288e-01   0.0000
 -9.32666123e-01   0.0000
  1.06134045e+00   0.0000
 -2.71649752e-02   0.0000
  7.32216299e-01   0.0000
  2.83744067e-01   0.0000
 -7.49382079e-01   0.0000
  4.47085053e-01   0.0000
 -4.04916227e-01   0.0000
 -2.64044195e-01   0.0000
  8.50152597e-02   0.0000
 -5.06860912e-01   0.0000
  5.84576428e-01   0.0000
  2.77893156e-01   0.0000
 -2.40695775e-01   0.0000
  3.25916320e-01   0.0000
  1.27031460e-01   0.0000
  1.72324455e-03   0.0000
 -3.48866522e-01   0.0000
 -4.65340316e-01   0.0000
 -1.83061197e-01   0.0000
 -6.30113423e-01   0.0000
 -8.58931839e-01   0.0000
 -2.29408871e-02   0.0000
  3.38264108e-01   0.0000
 -8.49668384e-01   0.0000
  4.92175609e-01   0.0000
  1.74506903e-01   0.0000
  1.59083784e+00   0.0000
 -2.30202824e-01   0.0000
  2.16431201e-01   0.0000
 -1.48598224e-01   0.0000
  1.64404243e-01   0.0000
 -1.38193786e-01   0.0000
  1.05613768e-01   0.0000
 -8.99808943e-01   0.0000
 -1.99292060e-02   0.0000
  4.32221651e-01   0.0000
  4.89058673e-01   0.0000
 -9.24397856e-02   0.0000
  3.48897725e-01   0.0000
  6.87875673e-02   0.0000
 -4.66210514e-01   0.0000
 -2.56535023e-01   0.0000
  3.72837782e-01   0.0000
 -5.27408242e-01   0.0000
 -6.77618742e-01   0.0000
  1.40480042e-01   0.0000
 -3.54948997e-01   0.0000
 -9.69691455e-01   0.0000
  3.40673894e-01   0.0000
  3.11365593e-02   0.0000
  7.92774558e-01   0.0000
  3.43029529e-01   0.0000
  3.91937107e-01   0.0000
 -1.85858876e-01   0.0000
 -1.97438276e+00   0.0000
  8.14290822e-01   0.0000
 -1.19639957e+00   0.0000
 -1.40774632e+00   0.0000
  1.74016729e-01   0.0000
 -4.20350742e+00   0.0000
 -6.52597785e-01   0.0000
 -9.50393140e-01   0.0000
 -2.07651611e-02   0.0000
  1.90190151e-01   0.0000
 -8.98339939e+00   0.0000
  1.95448673e+00   0.0000
 -4.66106117e-01   0.0000
 -2.86272049e+00   0.0000
  2.06426430e+00   0.0000
  8.60717773e-01   0.0000
  1.44232738e+00   0.0000
 -3.39568901e+00   0.0000
  1.15198660e+00   0.0000
  1.46179688e+00   0.0000
 -1.59811750e-01   0.0000
  3.24439645e-01   0.0000
  2.28717637e+00   0.0000
  3.99442539e-02   0.0000
  5.88541757e-03   0.0000
 -6.21466279e-01   0.0000
  2.39405066e-01   0.0000
 -4.93748486e-01   0.0000
 -2.82088816e-01   0.0000
  2.65451938e-01   0.0000
 -6.62268758e-01   0.0000
 -2.79642314e-01   0.0000
  1.00034642e+00   0.0000
 -8.36516678e-01   0.0000
 -5.83196104e-01   0.0000
  1.20711505e-01   0.0000
 -2.72752404e-01   0.0000
 -3.19824755e-01   0.0000
 -1.34335682e-01   0.0000
  4.47907120e-01   0.0000
  1.96229488e-01   0.0000
 -1.41533494e-01   0.0000
  5.55444539e-01   0.0000
 -9.25955698e-02   0.0000
  3.83234262e-01   0.0000
  7.13609718e-03   0.0000
  3.59913963e-03   0.0000
 -1.83840299e+00   0.0000
  3.18861455e-01   0.0000
  1.93384683e+00   0.0000
  1.01156354e+00   0.0000
  2.49725842e+00   0.0000
  3.05097246e+00   0.0000
 -1.48480439e+00   0.0000
 -6.93013147e-02   0.0000
  6.63330019e-01   0.0000
  2.15580732e-01   0.0000
  5.43900192e-01   0.0000
  2.28110170e+00   0.0000
 -1.33816206e+00   0.0000
 -9.33538795e-01   0.0000
  1.13662565e+00   0.0000
  8.00609946e-01   0.0000
 -3.11249614e-01   0.0000
 -1.80814850e+00   0.0000
  1.39098018e-02   0.0000
 -1.15454924e+00   0.0000
  2.97216088e-01   0.0000
 -1.27434954e-01   0.0000
  5.28075695e-01   0.0000
 -7.56523550e-01   0.0000
  2.62934696e-02   0.0000
 -1.79620340e-01   0.0000
  6.78365678e-02   0.0000
 -1.98352337e-01   0.0000
  3.47679824e-01   0.0000
  6.50967807e-02   0.0000
 -3.06887239e-01   0.0000
  4.86548781e-01   0.0000
  1.37769476e-01   0.0000
  2.21376598e-01   0.0000
 -2.73176759e-01   0.0000
 -2.23116294e-01   0.0000
 -6.86537176e-02   0.0000
  6.38252139e-01   0.0000
 -5.94579875e-01   0.0000
  6.49147093e-01   0.0000
 -6.94441319e-01   0.0000
  1.87939689e-01   0.0000
  3.07347357e-01   0.0000
 -9.26684067e-02   0.0000
  2.10021406e-01   0.0000
 -8.66457000e-02   0.0000
  6.28568053e-01   0.0000
  1.03619426e-01   0.0000
 -1.64609700e-01   0.0000
 -1.27896756e-01   0.0000
 -5.35541475e-01   0.0000
 -1.70657262e-02   0.0000
 -1.56214237e-01   0.0000
  1.39990568e-01   0.0000
  2.79038966e-01   0.0000
 -3.99159163e-01   0.0000
 -5.12820370e-02   0.0000
  8.48285407e-02   0.0000
 -1.60346419e-01   0.0000
 -2.04733148e-01   0.0000
  1.64774969e-01   0.0000
 -4.63187903e-01   0.0000
  4.74426039e-02   0.0000
 -3.94933701e-01   0.0000
  6.03145510e-02   0.0000
 -2.70182818e-01   0.0000
 -2.76167214e-01   0.0000
  4.21807244e-02   0.0000
 -1.28233870e-02   0.0000
  7.75248110e-02   0.0000
 -4.69099373e-01   0.0000
  1.29424095e-01   0.0000
 -1.03415287e+00   0.0000
  2.30938986e-01   0.0000
  7.72141963e-02   0.0000
 -9.07642126e-01   0.0000
  1.66947818e+00   0.0000
  2.07658315e+00   0.0000
 -8.78117442e-01   0.0000
  1.38157713e+00   0.0000
  9.66030419e-01   0.0000
 -1.22171319e+00   0.0000
  1.03401315e+00   0.0000
  4.92520064e-01   0.0000
 -1.50687486e-01   0.0000
  7.60791540e-01   0.0000
  8.06903660e-01   0.0000
  2.32444070e-02   0.0000
 -1.51958853e-01   0.0000
 -7.98072219e-01   0.0000
 -7.07376897e-01   0.0000
 -1.01271129e+00   0.0000
  9.16233659e-01   0.0000
 -5.85056722e-01   0.0000
 -2.80146331e-01   0.0000
 -3.41297537e-01   0.0000
  2.06521854e-01   0.0000
  1.04644531e-02   0.0000
  5.57059096e-03   0.0000
  3.14337313e-02   0.0000
 -3.77643675e-01   0.0000
 -9.35761556e-02   0.0000
  4.27360594e-01   0.0000
 -5.74036896e-01   0.0000
 -7.51746833e-01   0.0000
  5.53408861e-01   0.0000
 -1.01858580e+00   0.0000
 -3.12560916e-01   0.0000
 -4.89702761e-01   0.0000
 -2.53183872e-01   0.0000
 -1.01411247e+00   0.0000
  4.83058125e-01   0.0000
 -1.18312716e-01   0.0000
 -3.32219183e-01   0.0000
  3.58314782e-01   0.0000
  2.91061908e-01   0.0000
 -7.04908788e-01   0.0000
  4.27388847e-01   0.0000
  3.64790589e-01   0.0000
 -3.47685330e-02   0.0000
  1.06824863e+00   0.0000
  1.49155468e-01   0.0000
  2.26121604e-01   0.0000
  8.29377174e-01   0.0000
  1.74875185e-01   0.0000
  3.45575124e-01   0.0000
  1.84820920e-01   0.0000
 -8.42846811e-01   0.0000
 -1.08794737e+00   0.0000
  9.10703540e-01   0.0000
 -1.68545139e+00   0.0000
 -4.91101056e-01   0.0000
  6.64892271e-02   0.0000
 -8.45466673e-01   0.0000
 -7.25223005e-01   0.0000
  1.12644479e-01   0.0000
  4.55796897e-01   0.0000
  2.26914361e-01   0.0000
  2.46800393e-01   0.0000
  8.45245063e-01   0.0000
 -6.55053198e-01   0.0000
  3.96173328e-01   0.0000
  4.33805317e-01   0.0000
  2.96513140e-01   0.0000
  1.21464180e-02   0.0000
 -1.01637885e-01   0.0000
 -5.63748106e-02   0.0000
 -2.84777611e-01   0.0000
 -4.52756017e-01   0.0000
  1.56800419e-01   0.0000
 -2.05886751e-01   0.0000
 -3.98327187e-02   0.0000
  1.99067459e-01   0.0000
  5.61062157e-01   0.0000
 -9.11429524e-02   0.0000
 -1.65622473e-01   0.0000
 -6.67682588e-02   0.0000
  1.87078062e-02   0.0000
  4.65289593e-01   0.0000
  2.49019321e-02   0.0000
  1.73214912e-01   0.0000
 -6.78315580e-01   0.0000
 -3.47425669e-01   0.0000
 -5.16647846e-02   0.0000
  1.37532121e-02   0.0000
  1.55890554e-01   0.0000
  5.06693006e-01   0.0000
  1.57605782e-01   0.0000
 -2.83785239e-02   0.0000
 -3.65239710e-01   0.0000
 -2.70314217e-01   0.0000
  5.01508750e-02   0.0000
 -1.40065327e-01   0.0000
  4.24696058e-01   0.0000
 -3.71565878e-01   0.0000
 -7.42136016e-02   0.0000
 -1.05278075e-01   0.0000
  3.17300797e-01   0.0000
 -1.44077241e-01   0.0000
  5.43910451e-02   0.0000
 -2.33123317e-01   0.0000
  2.25308254e-01   0.0000
  1.34445667e-01   0.0000
  1.42903388e-01   0.0000
  5.29426157e-01   0.0000
 -4.62333709e-01   0.0000
  3.07909608e-01   0.0000
  4.58526880e-01   0.0000
 -6.07122123e-01   0.0000
  1.01749077e-01   0.0000
  1.80498697e-02   0.0000
  7.98932761e-02   0.0000
  1.26815248e+00   0.0000
  1.10164553e-01   0.0000
 -7.83621907e-01   0.0000
 -4.90220964e-01   0.0000
 -1.15819097e+00   0.0000
 -1.32602274e+00   0.0000
  1.13649750e+00   0.0000
 -3.64826798e-01   0.0000
 -1.17552161e+00   0.0000
  3.29472393e-01   0.0000
 -9.09337461e-01   0.0000
 -1.43681145e+00   0.0000
  7.82055974e-01   0.0000
  1.57501489e-01   0.0000
 -9.15720224e-01   0.0000
 -1.29921541e-01   0.0000
  1.12677686e-01   0.0000
  7.52434075e-01   0.0000
  1.73609376e-01   0.0000
  2.10725009e-01   0.0000
 -8.16254497e-01   0.0000
  4.90207374e-01   0.0000
 -5.18707097e-01   0.0000
  6.44350588e-01   0.0000
  6.05316937e-01   0.0000
  1.67921856e-01   0.0000
  2.18311056e-01   0.0000
  3.97379041e-01   0.0000
 -6.13809526e-02   0.0000
  1.63327694e-01   0.0000
 -7.40541220e-01   0.0000
 -4.61747974e-01   0.0000
 -6.14906311e-01   0.0000
  3.18144977e-01   0.0000
 -6.94358468e-01   0.0000
  5.29641330e-01   0.0000
 -7.56930947e-01   0.0000
 -4.98260558e-01   0.0000
 -6.76058084e-02   0.0000
  7.41575062e-01   0.0000
 -1.29196212e-01   0.0000
 -6.43114567e-01   0.0000
  2.76256531e-01   0.0000
 -5.03302440e-02   0.0000
 -2.05509990e-01   0.0000
  1.59171566e-01   0.0000
  6.24176860e-01   0.0000
 -9.45229083e-02   0.0000
 -1.24051559e+00   0.0000
  6.51905984e-02   0.0000
  7.84848452e-01   0.0000
 -9.75061879e-02   0.0000
  2.14970899e+00   0.0000
  2.85582209e+00   0.0000
 -1.55759442e+00   0.0000
  6.23131692e-01   0.0000
  1.17804825e+00   0.0000
 -2.48113140e-01   0.0000
  8.56323123e-01   0.0000
  2.04005623e+00   0.0000
 -8.61698627e-01   0.0000
  2.35900789e-01   0.0000
  9.99179244e-01   0.0000
  3.82983983e-01   0.0000
 -2.44093180e-01   0.0000
 -7.85514355e-01   0.0000
  1.94509387e-01   0.0000
 -1.73800170e+00   0.0000
  9.23182070e-01   0.0000
 -5.46430647e-01   0.0000
 -2.74398327e-01   0.0000
 -7.27617145e-01   0.0000
 -1.05077231e+00   0.0000
  2.88916647e-01   0.0000
  4.66835797e-01   0.0000
 -1.57843232e-02   0.0000
  5.57652831e-01   0.0000
  3.48519534e-01   0.0000
 -6.22094214e-01   0.0000
  3.69137615e-01   0.0000
  5.84435880e-01   0.0000
 -1.30093828e-01   0.0000
  1.90210128e+00   0.0000
  7.27472484e-01   0.0000
 -8.14961120e-02   0.0000
  3.59279037e-01   0.0000
  3.46174031e-01   0.0000
  6.26129135e-02   0.0000
 -3.02415162e-01   0.0000
 -5.26368022e-01   0.0000
 -1.89834550e-01   0.0000
 -1.10949114e-01   0.0000
  7.62188613e-01   0.0000
 -1.38178438e-01   0.0000
  2.05023453e-01   0.0000
 -4.62186009e-01   0.0000
 -2.01237962e-01   0.0000
  1.91947520e-01   0.0000
  5.75759649e-01   0.0000
  6.27308190e-01   0.0000
 -1.40743092e-01   0.0000
  3.26179504e-01   0.0000
 -4.68621641e-01   0.0000
 -1.52925804e-01   0.0000
  1.27478186e-02   0.0000
 -2.77658924e-02   0.0000
  3.33534479e-01   0.0000
  9.48817790e-01   0.0000
 -9.68646109e-02   0.0000
 -5.51269829e-01   0.0000
  2.21737325e-01   0.0000
 -6.18266128e-02   0.0000
 -8.95390958e-02   0.0000
 -6.56163335e-01   0.0000
  6.91531003e-01   0.0000
 -1.89235628e-01   0.0000
  2.50341892e-01   0.0000
 -4.77375865e-01   0.0000
  4.15464729e-01   0.0000
 -1.99346125e-01   0.0000
 -6.56795323e-01   0.0000
 -1.03693105e-01   0.0000
  5.32824695e-01   0.0000
 -1.21073410e-01   0.0000
  1.58358443e+00   0.0000
  3.61139154e+00   0.0000
 -1.33602059e+00   0.0000
 -1.72368795e-01   0.0000
  8.95562828e-01   0.0000
  8.51654336e-02   0.0000
  3.50187987e-01   0.0000
  1.06074071e+00   0.0000
 -7.97806740e-01   0.0000
 -3.87318671e-01   0.0000
  6.57636464e-01   0.0000
  3.22752625e-01   0.0000
  2.05537140e-01   0.0000
 -5.43631256e-01   0.0000
 -3.72768432e-01   0.0000
 -3.59341800e-01   0.0000
  3.84394765e-01   0.0000
 -1.89631090e-01   0.0000
  2.39398599e-01   0.0000
 -5.89960456e-01   0.0000
  6.39880955e-01   0.0000
 -1.58755854e-01   0.0000
 -5.47308981e-01   0.0000
 -1.25498965e-01   0.0000
 -2.18309855e+00   0.0000
 -2.12580562e+00   0.0000
  1.45172322e+00   0.0000
 -6.14308536e-01   0.0000
 -5.08157670e-01   0.0000
  8.22185636e-01   0.0000
 -9.43590283e-01   0.0000
 -9.69194233e-01   0.0000
  3.77846420e-01   0.0000
 -1.16281509e+00   0.0000
 -4.45738971e-01   0.0000
 -2.78235376e-01   0.0000
  5.43313384e-01   0.0000
  1.06424168e-01   0.0000
  3.58063281e-01   0.0000
  7.94097900e-01   0.0000
 -5.94915092e-01   0.0000
  1.70674592e-01   0.0000
  1.87467020e-02   0.0000
  3.82426053e-01   0.0000
  9.18403417e-02   0.0000
  9.97881517e-02   0.0000
 -1.18226923e-01   0.0000
 -1.12456553e-01   0.0000
  1.08915232e-01   0.0000
 -2.19130412e-01   0.0000
  1.23207062e-01   0.0000
  2.80401081e-01   0.0000
  1.39917225e-01   0.0000
  1.15693524e-01   0.0000
  4.03999358e-01   0.0000
  3.35961878e-01   0.0000
 -2.44080216e-01   0.0000
 -1.65235087e-01   0.0000
  3.03262889e-01   0.0000
  6.60040677e-02   0.0000
 -6.41344905e-01   0.0000
  4.07479927e-02   0.0000
  2.27829322e-01   0.0000
 -1.47841379e-01   0.0000
  6.50749564e-01   0.0000
  1.81715831e-01   0.0000
 -1.39210582e-01   0.0000
 -7.06458688e-02   0.0000
 -2.62243956e-01   0.0000
  2.69265413e-01   0.0000
  4.27774101e-01   0.0000
  2.45583534e-01   0.0000
  1.60800770e-01   0.0000
  8.80595669e-02   0.0000
 -5.49346879e-02   0.0000
 -3.81342918e-02   0.0000
 -1.77792180e-02   0.0000
 -8.71494189e-02   0.0000
  6.62249863e-01   0.0000
  3.80703121e-01   0.0000
 -1.07767925e-01   0.0000
 -3.94126773e-01   0.0000
 -1.07798278e-01   0.0000
 -2.36700326e-01   0.0000
 -7.79515982e-01   0.0000
 -4.23346870e-02   0.0000
 -1.68985799e-01   0.0000
  3.37741300e-02   0.0000
  9.78072081e-03   0.0000
  8.92839674e-03   0.0000
 -8.72610435e-02   0.0000
 -3.62260491e-01   0.0000
 -1.35930240e+00   0.0000
 -2.34901980e-01   0.0000
  1.06813753e+00   0.0000
  3.41679096e-01   0.0000
  1.39913440e+00   0.0000
  2.28113413e+00   0.0000
 -1.01784790e+00   0.0000
 -1.19151630e-01   0.0000
  9.03694570e-01   0.0000
 -1.63759559e-01   0.0000
  4.46546257e-01   0.0000
  1.43432069e+00   0.0000
 -9.23668087e-01   0.0000
 -3.53483260e-01   0.0000
  6.94499075e-01   0.0000
  2.19655573e-01   0.0000
 -2.23653316e-01   0.0000
 -5.85175574e-01   0.0000
  1.67983145e-01   0.0000
 -6.13670886e-01   0.0000
  8.78203452e-01   0.0000
 -2.52315223e-01   0.0000
  4.13266808e-01   0.0000
 -6.32315397e-01   0.0000
 -9.13163900e-01   0.0000
 -1.30426019e-01   0.0000
  3.98865372e-01   0.0000
 -5.64250425e-02   0.0000
  1.54662669e+00   0.0000
  2.93558216e+00   0.0000
 -1.25226951e+00   0.0000
  3.24317545e-01   0.0000
  6.92448974e-01   0.0000
 -3.13464403e-01   0.0000
  1.13589144e+00   0.0000
  6.61517560e-01   0.0000
 -3.80119056e-01   0.0000
 -4.92157698e-01   0.0000
  3.12223583e-01   0.0000
  8.39288756e-02   0.0000
 -3.20228279e-01   0.0000
  1.95101216e-01   0.0000
 -1.10090256e-01   0.0000
 -9.08951044e-01   0.0000
  5.15553236e-01   0.0000
  2.83029795e-01   0.0000
  4.09934729e-01   0.0000
 -2.02638477e-01   0.0000
 -4.89871562e-01   0.0000
  2.26734683e-01   0.0000
  1.94149926e-01   0.0000
  1.90456003e-01   0.0000
  3.25775683e-01   0.0000
 -5.72493792e-01   0.0000
 -1.66031361e-01   0.0000
  6.62524998e-01   0.0000
 -1.96688563e-01   0.0000
 -3.66436929e-01   0.0000
  7.05588758e-01   0.0000
 -1.46609500e-01   0.0000
 -4.67697442e-01   0.0000
  2.04139888e-01   0.0000
  5.25888562e-01   0.0000
  1.94347844e-01   0.0000
 -8.39776039e-01   0.0000
  9.26548913e-02   0.0000
  6.77734464e-02   0.0000
 -1.71148062e-01   0.0000
  5.26945591e-01   0.0000
 -9.50119346e-02   0.0000
 -1.30505770e-01   0.0000
  6.98400587e-02   0.0000
 -1.05295813e+00   0.0000
 -6.12436049e-02   0.0000
  1.27922976e+00   0.0000
  1.06318116e+00   0.0000
  1.60675681e+00   0.0000
  3.12347674e+00   0.0000
 -1.09870946e+00   0.0000
 -6.37817323e-01   0.0000
  1.07544792e+00   0.0000
  5.50706089e-01   0.0000
  1.10608792e+00   0.0000
  1.19861257e+00   0.0000
 -1.05594730e+00   0.0000
 -2.56621510e-01   0.0000
  9.78794098e-01   0.0000
 -1.38487533e-01   0.0000
 -6.46707639e-02   0.0000
 -5.55435777e-01   0.0000
 -7.85709172e-02   0.0000
 -9.73900080e-01   0.0000
  3.56484532e-01   0.0000
 -4.44789559e-01   0.0000
  6.67265832e-01   0.0000
 -2.00517356e-01   0.0000
  4.75597739e-01   0.0000
 -2.85702676e-01   0.0000
  7.48027414e-02   0.0000
  1.27050057e-01   0.0000
 -2.39250377e-01   0.0000
 -9.58176434e-01   0.0000
  3.75046402e-01   0.0000
  1.37343854e-01   0.0000
 -6.69454992e-01   0.0000
  6.22989357e-01   0.0000
 -3.54275852e-01   0.0000
 -1.41229138e-01   0.0000
  8.14635009e-02   0.0000
 -2.99964786e-01   0.0000
 -3.01410556e-01   0.0000
  1.20589204e-01   0.0000
 -4.71310109e-01   0.0000
  8.51895273e-01   0.0000
  7.45073080e-01   0.0000
  8.40954259e-02   0.0000
  1.34051457e-01   0.0000
 -4.47781473e-01   0.0000
  6.83500096e-02   0.0000
 -1.05725648e-02   0.0000
  6.08272254e-01   0.0000
 -2.87590802e-01   0.0000
 -6.45751536e-01   0.0000
 -1.95376247e-01   0.0000
 -2.20574927e+00   0.0000
 -2.65797377e+00   0.0000
  1.72820890e+00   0.0000
  8.94689977e-01   0.0000
 -2.43580610e-01   0.0000
 -2.77013302e-01   0.0000
 -1.70621789e+00   0.0000
 -1.09043336e+00   0.0000
  6.91495359e-01   0.0000
  8.08019578e-01   0.0000
  1.30806178e-01   0.0000
 -1.22620203e-01   0.0000
  3.29221413e-02   0.0000
  1.36936262e-01   0.0000
  2.75486022e-01   0.0000
  8.22706699e-01   0.0000
  2.44133726e-01   0.0000
  5.07300459e-02   0.0000
 -7.27117836e-01   0.0000
  8.24440420e-01   0.0000
 -9.29668784e-01   0.0000
  5.47815204e-01   0.0000
  1.57555759e-01   0.0000
 -1.03086412e+00   0.0000
  1.35446608e-01   0.0000
 -6.12833738e-01   0.0000
  1.28067419e-01   0.0000
  1.09460306e+00   0.0000
  6.37299657e-01   0.0000
 -1.78537369e+00   0.0000
  1.21179223e+00   0.0000
  9.21526924e-02   0.0000
  2.98670024e-01   0.0000
  1.01334620e+00   0.0000
  7.85953701e-01   0.0000
  6.48046210e-02   0.0000
 -1.67580307e+00   0.0000
  7.00490832e-01   0.0000
  1.00914851e-01   0.0000
 -1.66249529e-01   0.0000
  5.84327698e-01   0.0000
 -5.34043074e-01   0.0000
 -6.80793941e-01   0.0000
  3.01331608e-03   0.0000
  2.69177258e-01   0.0000
  6.63539052e-01   0.0000
  3.51795584e-01   0.0000
  4.73953485e-01   0.0000
  1.71965703e-01   0.0000
 -1.20058119e+00   0.0000
 -5.23434222e-01   0.0000
 -1.20994401e+00   0.0000
  3.39850217e-01   0.0000
  4.51219112e-01   0.0000
  1.47049055e-01   0.0000
  1.10813713e+00   0.0000
  6.07195258e-01   0.0000
 -1.45159215e-01   0.0000
  6.02493465e-01   0.0000
 -1.07662952e+00   0.0000
 -3.34546447e-01   0.0000
 -1.14413254e-01   0.0000
  5.33982478e-02   0.0000
 -1.15426376e-01   0.0000
  3.39591920e-01   0.0000
  2.58454770e-01   0.0000
  4.10742998e-01   0.0000
  4.83216569e-02   0.0000
  3.23543429e-01   0.0000
 -6.57900125e-02   0.0000
  2.49967903e-01   0.0000
 -1.73890710e-01   0.0000
 -2.47737274e-01   0.0000
  6.85524568e-02   0.0000
  1.40730932e-01   0.0000
  2.10537296e-02   0.0000
  6.10123396e-01   0.0000
 -1.04832363e+00   0.0000
  2.31294289e-01   0.0000
 -7.05242231e-02   0.0000
  3.15771997e-01   0.0000
  8.13813984e-01   0.0000
  1.23746909e-01   0.0000
  1.84181690e-01   0.0000
  5.61197460e-01   0.0000
  4.65618968e-01   0.0000
 -3.95426244e-01   0.0000
 -5.70966959e-01   0.0000
 -2.08328113e-01   0.0000
  9.44792703e-02   0.0000
 -3.14262152e-01   0.0000
  1.21103331e-01   0.0000
  4.94771302e-01   0.0000
  1.18313380e-01   0.0000
  7.37024188e-01   0.0000
  3.13386947e-01   0.0000
 -8.44200924e-02   0.0000
 -7.09148169e-01   0.0000
 -2.28805944e-01   0.0000
 -2.56275415e-01   0.0000
  9.43532825e-01   0.0000
  7.98270881e-01   0.0000
 -3.09445709e-03   0.0000
  3.29674393e-01   0.0000
  4.61469561e-01   0.0000
  7.27894483e-03   0.0000
  3.41672152e-01   0.0000
 -1.57712266e-01   0.0000
 -7.55707473e-02   0.0000
 -6.96100056e-01   0.0000
 -2.23093674e-01   0.0000
 -6.09879673e-01   0.0000
  5.49396157e-01   0.0000
  2.59229279e+00   0.0000
  8.43179345e-01   0.0000
  2.16816759e+00   0.0000
  1.68672241e-02   0.0000
 -7.00944185e-01   0.0000
  7.99147133e-03   0.0000
 -1.91695142e+00   0.0000
 -8.06173563e-01   0.0000
 -2.94057459e-01   0.0000
 -4.90222931e-01   0.0000
  1.57710814e+00   0.0000
 -7.61753142e-01   0.0000
 -8.10098290e-01   0.0000
 -6.21781409e-01   0.0000
 -6.90632045e-01   0.0000
  1.20730981e-01   0.0000
  3.48555994e+00   0.0000
  8.80295396e-01   0.0000
  3.13371491e+00   0.0000
 -3.99791926e-01   0.0000
 -8.31539273e-01   0.0000
  1.15151525e-01   0.0000
 -2.40826726e+00   0.0000
 -1.07577431e+00   0.0000
  6.25584126e-01   0.0000
 -1.47318947e+00   0.0000
  1.37242043e+00   0.0000
 -1.24780275e-02   0.0000
  2.77474701e-01   0.0000
  1.49717778e-01   0.0000
  8.94550204e-01   0.0000
 -1.57712027e-02   0.0000
 -1.92213404e+00   0.0000
 -5.73562026e-01   0.0000
 -1.47918999e+00   0.0000
  3.20120633e-01   0.0000
  2.90210128e-01   0.0000
 -1.44684777e-01   0.0000
  1.28701413e+00   0.0000
  4.12972569e-01   0.0000
  1.11625835e-01   0.0000
  2.05915466e-01   0.0000
 -6.98787689e-01   0.0000
 -5.10827839e-01   0.0000
 -4.14184958e-01   0.0000
 -3.07110190e-01   0.0000
 -7.09927827e-02   0.0000
  3.79541904e-01   0.0000
  8.30766857e-01   0.0000
  9.19593215e-01   0.0000
  5.11107802e-01   0.0000
 -1.06781971e+00   0.0000
 -8.72534037e-01   0.0000
 -8.42501223e-03   0.0000
 -8.71832967e-01   0.0000
 -7.09970772e-01   0.0000
  9.98849943e-02   0.0000
 -7.73829758e-01   0.0000
  5.78083217e-01   0.0000
 -4.13367525e-03   0.0000
 -2.37880498e-01   0.0000
 -8.56010795e-01   0.0000
  3.83790545e-02   0.0000
 -1.37866616e-01   0.0000
  1.74071252e+00   0.0000
  5.46881318e-01   0.0000
  1.45197380e+00   0.0000
 -2.29163155e-01   0.0000
 -8.80496144e-01   0.0000
 -4.26696725e-02   0.0000
 -8.74902368e-01   0.0000
 -4.03413713e-01   0.0000
 -3.18143666e-01   0.0000
 -5.67435801e-01   0.0000
  1.21322083e+00   0.0000
  1.52475312e-01   0.0000
  2.40961552e-01   0.0000
  1.82111099e-01   0.0000
  7.31668388e-03   0.0000
  1.53535113e-01   0.0000
 -1.12874067e+00   0.0000
 -9.14881349e-01   0.0000
 -1.02031898e+00   0.0000
  5.71102679e-01   0.0000
  9.24713373e-01   0.0000
 -2.03471527e-01   0.0000
  8.31493556e-01   0.0000
  6.46084666e-01   0.0000
  3.15043151e-01   0.0000
  9.45327938e-01   0.0000
 -7.96135187e-01   0.0000
 -1.43013567e-01   0.0000
 -6.12352312e-01   0.0000
 -6.28526270e-01   0.0000
 -5.19644678e-01   0.0000
  6.53556645e-01   0.0000
  1.44064426e+00   0.0000
  7.27590680e-01   0.0000
  1.24145687e+00   0.0000
 -6.07172430e-01   0.0000
 -1.13989544e+00   0.0000
 -1.30052820e-01   0.0000
 -7.91972697e-01   0.0000
 -1.05523765e+00   0.0000
  2.36419961e-01   0.0000
 -9.52523053e-01   0.0000
  1.14720488e+00   0.0000
  2.24817973e-02   0.0000
 -5.71778178e-01   0.0000
 -2.59430781e-02   0.0000
 -2.17781112e-01   0.0000
  5.99211276e-01   0.0000
  1.08046818e+00   0.0000
  1.03785463e-01   0.0000
  6.41998649e-01   0.0000
  1.77779332e-01   0.0000
 -2.20953137e-01   0.0000
 -2.08222061e-01   0.0000
 -1.24158728e+00   0.0000
  4.05678637e-02   0.0000
  2.19426721e-01   0.0000
 -2.63877481e-01   0.0000
  6.43783748e-01   0.0000
 -1.14383876e-01   0.0000
  2.67365314e-02   0.0000
 -3.80040139e-01   0.0000
 -1.03403553e-01   0.0000
 -1.30620366e-02   0.0000
 -5.83101213e-01   0.0000
 -1.99626803e-01   0.0000
  2.28952795e-01   0.0000
 -3.84679407e-01   0.0000
  3.32192853e-02   0.0000
 -5.13586760e-01   0.0000
  3.20933163e-01   0.0000
 -6.50372267e-01   0.0000
  2.55975634e-01   0.0000
 -2.59645544e-02   0.0000
 -2.26154417e-01   0.0000
 -5.09153485e-01   0.0000
  3.24635684e-01   0.0000
 -5.23172617e-01   0.0000
 -3.53414685e-01   0.0000
  6.79689720e-02   0.0000
  5.56032956e-01   0.0000
 -1.32740170e-01   0.0000
  5.09790599e-01   0.0000
 -6.61479533e-01   0.0000
 -7.88999140e-01   0.0000
 -6.55375719e-02   0.0000
 -4.49912906e-01   0.0000
 -9.64160800e-01   0.0000
  3.27026486e-01   0.0000
 -9.00854170e-01   0.0000
  4.32220101e-01   0.0000
 -1.92053601e-01   0.0000
 -1.36202186e-01   0.0000
 -5.50835803e-02   0.0000
 -4.12147075e-01   0.0000
  1.03585854e-01   0.0000
  1.37490201e+00   0.0000
  7.86089838e-01   0.0000
  7.26927400e-01   0.0000
 -5.48799848e-03   0.0000
 -3.34963828e-01   0.0000
  1.86173037e-01   0.0000
 -7.45895624e-01   0.0000
 -5.32587647e-01   0.0000
 -2.98703164e-01   0.0000
 -6.08020127e-01   0.0000
  6.43854380e-01   0.0000
 -4.32386667e-01   0.0000
 -1.61545157e-01   0.0000
 -1.24828435e-01   0.0000
  3.54666352e-01   0.0000
 -1.97542563e-01   0.0000
 -2.17074364e-01   0.0000
 -4.29262131e-01   0.0000
 -4.77634102e-01   0.0000
  1.34776264e-01   0.0000
  6.62499964e-02   0.0000
 -2.89859116e-01   0.0000
 -5.22301614e-01   0.0000
  1.12272995e-02   0.0000
  7.67413303e-02   0.0000
  1.78620040e-01   0.0000
 -1.82171643e-01   0.0000
  2.64006376e-01   0.0000
  2.10208401e-01   0.0000
  3.92826885e-01   0.0000
  1.37287334e-01   0.0000
 -1.41368598e-01   0.0000
 -5.89633286e-01   0.0000
 -1.18442774e+00   0.0000
 -3.25611770e-01   0.0000
  6.46103203e-01   0.0000
  6.37492001e-01   0.0000
  3.09590071e-01   0.0000
  8.08654845e-01   0.0000
  2.25907475e-01   0.0000
 -2.64131963e-01   0.0000
  4.29526329e-01   0.0000
 -5.78231752e-01   0.0000
 -7.80338526e-01   0.0000
  1.00854635e-02   0.0000
 -2.19070151e-01   0.0000
  1.17605381e-01   0.0000
 -9.82096940e-02   0.0000
 -1.79782793e-01   0.0000
  1.00608185e-01   0.0000
 -9.99015719e-02   0.0000
 -9.00840759e-01   0.0000
 -4.19743925e-01   0.0000
 -1.34595066e-01   0.0000
 -2.79555172e-01   0.0000
 -3.71466517e-01   0.0000
  1.41944051e-01   0.0000
 -2.14175910e-01   0.0000
  8.25944096e-02   0.0000
  3.22661340e-01   0.0000
 -2.03448251e-01   0.0000
 -4.84363809e-02   0.0000
 -1.28828377e-01   0.0000
 -2.31690750e-01   0.0000
 -8.98686349e-01   0.0000
  1.36440396e-01   0.0000
 -7.06425965e-01   0.0000
 -1.32911056e-01   0.0000
  2.36663431e-01   0.0000
  4.37317550e-01   0.0000
  2.02253535e-01   0.0000
  6.44007146e-01   0.0000
  1.64299503e-01   0.0000
  8.37936252e-03   0.0000
 -2.18035296e-01   0.0000
  2.49794394e-01   0.0000
  4.80593503e-01   0.0000
  6.45569786e-02   0.0000
  6.20472617e-02   0.0000
 -2.49516129e-01   0.0000
 -1.45763624e+00   0.0000
 -2.68646479e-01   0.0000
 -8.90571356e-01   0.0000
 -2.92592704e-01   0.0000
  3.13452065e-01   0.0000
  4.44802821e-01   0.0000
  1.17002964e+00   0.0000
  5.15924513e-01   0.0000
 -1.14720874e-01   0.0000
  6.15932703e-01   0.0000
 -7.03448713e-01   0.0000
 -6.97339401e-02   0.0000
  5.05715460e-02   0.0000
 -5.04192710e-01   0.0000
 -4.61933613e-02   0.0000
  4.46526825e-01   0.0000
  6.16207182e-01   0.0000
  7.53673017e-01   0.0000
  6.27973855e-01   0.0000
 -4.87481147e-01   0.0000
 -2.71779090e-01   0.0000
  2.38871068e-01   0.0000
 -9.20604527e-01   0.0000
  1.10645674e-01   0.0000
 -2.04133525e-01   0.0000
 -4.27706093e-01   0.0000
  3.45661819e-01   0.0000
  2.81960547e-01   0.0000
  4.59886752e-02   0.0000
  4.16310906e-01   0.0000
  2.01713935e-01   0.0000
 -2.32568696e-01   0.0000
 -3.84536050e-02   0.0000
  1.43444374e-01   0.0000
 -5.73267937e-01   0.0000
 -1.52370080e-01   0.0000
  2.28225380e-01   0.0000
 -1.18919415e-02   0.0000
  2.99170464e-01   0.0000
  1.11916259e-01   0.0000
 -3.04285288e-01   0.0000
  1.59999534e-01   0.0000
 -2.75871724e-01   0.0000
  5.70033975e-02   0.0000
  3.95502560e-02   0.0000
  5.40696263e-01   0.0000
 -2.29950801e-01   0.0000
  2.29132950e-01   0.0000
  9.15911049e-02   0.0000
 -1.08064875e-01   0.0000
 -2.85402328e-01   0.0000
  3.16721618e-01   0.0000
  5.64293206e-01   0.0000
 -3.72375876e-01   0.0000
 -4.69372004e-01   0.0000
  3.07248354e-01   0.0000
 -6.72758743e-03   0.0000
  3.94001245e-01   0.0000
 -2.10320458e-01   0.0000
 -3.05334479e-01   0.0000
  5.58465719e-01   0.0000
  1.21437229e-01   0.0000
  2.24401295e-01   0.0000
 -3.08466014e-02   0.0000
 -8.00283551e-01   0.0000
 -4.46406424e-01   0.0000
 -4.46805917e-02   0.0000
 -4.05461490e-01   0.0000
  4.78080690e-01   0.0000
  3.04108500e-01   0.0000
  4.68345821e-01   0.0000
 -7.64160678e-02   0.0000
 -6.21735096e-01   0.0000
 -2.58999551e-03   0.0000
 -4.75760043e-01   0.0000
 -8.88480425e-01   0.0000
  9.13630784e-01   0.0000
 -1.16228330e+00   0.0000
 -2.99736410e-01   0.0000
  1.74976170e-01   0.0000
 -1.57670796e-01   0.0000
  1.62652731e-01   0.0000
  3.48893464e-01   0.0000
 -1.99071336e+00   0.0000
 -1.41886508e+00   0.0000
  2.04908103e-01   0.0000
 -2.51485050e-01   0.0000
 -1.29969347e+00   0.0000
  1.45057917e-01   0.0000
 -1.07981801e+00   0.0000
  4.50299323e-01   0.0000
 -1.77627170e+00   0.0000
  6.88159764e-01   0.0000
 -1.66479313e+00   0.0000
 -4.24323559e-01   0.0000
  1.57652780e-01   0.0000
  4.90354586e+00   0.0000
  6.94713831e-01   0.0000
  4.98240423e+00   0.0000
 -3.09140539e+00   0.0000
 -2.40340400e+00   0.0000
  2.32030869e-01   0.0000
 -2.62560797e+00   0.0000
 -2.29560161e+00   0.0000
  2.49816239e-01   0.0000
 -2.24769521e+00   0.0000
  1.62526464e+00   0.0000
  4.45037603e-01   0.0000

