 5 0.000000 1
 1 
 Si 28.085500
 0 0.500000 4.500000 0.978124 1.000000 
 5 0 1 2 4 6
 8 2.25000 2.50000 2.75000 3.00000 3.25000 3.50000 3.75000 4.00000
 1 12.169200 6.172630 3.114710 0.755675 0.404939 0.036124 0.650018 0.572890
 3 40 32 1
  7.22310916e-02   0.0000
  1.08150935e+00   0.0000
  2.26240134e+00   0.0000
 -8.12282681e-01   0.0000
  7.41328359e-01   0.0000
  1.16623724e+00   0.0000
 -1.61850166e+00   0.0000
  1.25461191e-01   0.0000
  5.10835469e-01   0.0000
 -7.29069829e-01   0.0000
  8.85476947e-01   0.0000
  6.94303513e-01   0.0000
 -1.66235548e-02   0.0000
 -9.95416820e-01   0.0000
 -1.21393120e+00   0.0000
 -2.24817944e+00   0.0000
 -1.26603031e+00   0.0000
 -3.94113183e-01   0.0000
 -9.29163210e-03   0.0000
 -5.30532002e-01   0.0000
 -1.93877602e+00   0.0000
  1.30231273e+00   0.0000
 -8.68935823e-01   0.0000
  8.28916132e-01   0.0000
 -1.73866928e+00   0.0000
  4.90119904e-01   0.0000
 -3.12745839e-01   0.0000
 -1.41879261e+00   0.0000
  9.11038458e-01   0.0000
 -4.36765373e-01   0.0000
 -1.63868582e+00   0.0000
 -4.39568907e-01   0.0000
  1.51053984e-02   0.0000
  1.05441999e+00   0.0000
  2.62124270e-01   0.0000
 -1.90487042e-01   0.0000
 -4.22250688e-01   0.0000
  9.88549814e-02   0.0000
 -1.32491422e+00   0.0000
  1.37540907e-01   0.0000
  1.23096347e+00   0.0000
 -6.89275503e-01   0.0000
  8.99048090e-01   0.0000
  1.15214753e+00   0.0000
  3.63982677e-01   0.0000
 -1.27801013e+00   0.0000
 -1.24675763e+00   0.0000
 -1.02203049e-01   0.0000
 -8.32243204e-01   0.0000
 -2.03212053e-01   0.0000
 -8.22834373e-01   0.0000
 -5.74848354e-01   0.0000
 -9.25273418e-01   0.0000
  7.75419474e-02   0.0000
 -4.98812675e-01   0.0000
  5.30168474e-01   0.0000
 -1.37156737e+00   0.0000
 -9.09564614e-01   0.0000
 -4.32975322e-01   0.0000
 -4.23397154e-01   0.0000
  7.84943938e-01   0.0000
 -9.92837131e-01   0.0000
 -8.45047772e-01   0.0000
 -4.48184162e-01   0.0000
 -1.25798568e-01   0.0000
  8.48729685e-02   0.0000
  9.64497402e-02   0.0000
 -8.68455827e-01   0.0000
 -2.06189409e-01   0.0000
  3.91973674e-01   0.0000
 -1.21220934e+00   0.0000
  2.58990884e-01   0.0000
  5.23192883e-01   0.0000
 -1.81129366e-01   0.0000
  3.06258917e-01   0.0000
  4.52546299e-01   0.0000
  1.78165054e+00   0.0000
 -9.13796842e-01   0.0000
 -2.52003849e-01   0.0000
 -4.25071269e-02   0.0000
 -5.32870293e-01   0.0000
  6.83172524e-01   0.0000
  6.58769608e-02   0.0000
 -6.15630746e-01   0.0000
 -9.70601976e-01   0.0000
 -5.00608146e-01   0.0000
 -7.75065601e-01   0.0000
  9.53148365e-01   0.0000
 -1.60525763e+00   0.0000
 -8.72666657e-01   0.0000
 -7.68169224e-01   0.0000
 -6.81255102e-01   0.0000
  7.35158622e-01   0.0000
 -4.87557948e-01   0.0000
 -7.71571696e-01   0.0000
 -4.20805335e-01   0.0000
 -5.31496964e-02   0.0000
  3.01834106e-01   0.0000
  6.48842454e-01   0.0000
 -6.03123367e-01   0.0000
 -1.88099593e-02   0.0000
  5.33108711e-01   0.0000
 -1.03299606e+00   0.0000
  4.68145281e-01   0.0000
  3.75111192e-01   0.0000
  4.24889177e-01   0.0000
  8.28815162e-01   0.0000
  9.49360371e-01   0.0000
  1.82302248e+00   0.0000
 -6.32853925e-01   0.0000
 -1.08609639e-01   0.0000
  3.26939017e-01   0.0000
  3.74343634e-01   0.0000
  3.92467886e-01   0.0000
 -9.38932955e-01   0.0000
 -6.49845421e-01   0.0000
 -1.22399330e+00   0.0000
  3.34150605e-02   0.0000
 -5.12133658e-01   0.0000
  9.29705083e-01   0.0000
 -1.24110675e+00   0.0000
  5.72382927e-01   0.0000
 -3.77569407e-01   0.0000
 -2.44800411e-02   0.0000
  1.56107303e-02   0.0000
 -3.78835917e-01   0.0000
 -9.94466722e-01   0.0000
 -6.94630206e-01   0.0000
  8.95799041e-01   0.0000
 -9.47434530e-02   0.0000
  2.58090138e-01   0.0000
  2.82255679e-01   0.0000
 -7.86477089e-01   0.0000
 -4.71281447e-03   0.0000
 -9.78281438e-01   0.0000
  2.74050236e-02   0.0000
 -1.35156378e-01   0.0000
  1.40707779e+00   0.0000
  5.17933071e-01   0.0000
 -6.52720854e-02   0.0000
  5.00190437e-01   0.0000
 -4.43442732e-01   0.0000
  1.51641175e-01   0.0000
 -4.23155040e-01   0.0000
  8.16069007e-01   0.0000
  1.23986900e+00   0.0000
 -2.71684557e-01   0.0000
 -6.42298281e-01   0.0000
 -6.31534517e-01   0.0000
  3.35081339e-01   0.0000
  3.72469723e-01   0.0000
  1.16009958e-01   0.0000
 -7.41586089e-01   0.0000
  1.27376473e+00   0.0000
 -2.81446546e-01   0.0000
 -7.63494372e-01   0.0000
  2.80680865e-01   0.0000
 -2.14596525e-01   0.0000
  6.66357800e-02   0.0000
 -7.19532549e-01   0.0000
 -2.21977994e-01   0.0000
 -1.16446130e-01   0.0000
 -7.08146513e-01   0.0000
  1.06035965e-02   0.0000
 -6.18997395e-01   0.0000
 -5.67116022e-01   0.0000
 -9.56532061e-01   0.0000
  2.14196116e-01   0.0000
  4.47553098e-01   0.0000
  4.42639261e-01   0.0000
  2.15086535e-01   0.0000
  4.38722551e-01   0.0000
 -4.46314156e-01   0.0000
  6.49817660e-02   0.0000
 -3.39893758e-01   0.0000
  1.25352323e-01   0.0000
  1.38276374e+00   0.0000
  1.33439112e+00   0.0000
  1.15015775e-01   0.0000
 -5.98210514e-01   0.0000
  4.91075665e-02   0.0000
 -6.04133159e-02   0.0000
 -3.61401498e-01   0.0000
 -8.06789398e-02   0.0000
 -4.11984473e-01   0.0000
  1.11383033e+00   0.0000
  1.71862707e-01   0.0000
 -6.73719049e-01   0.0000
  4.50772554e-01   0.0000
  3.75435472e-01   0.0000
 -6.18131638e-01   0.0000
  3.46255720e-01   0.0000
 -2.45931193e-01   0.0000
  5.00038028e-01   0.0000
 -3.40362221e-01   0.0000
 -3.64273399e-01   0.0000
 -4.31251228e-01   0.0000
 -1.44684684e+00   0.0000
 -4.08580810e-01   0.0000
  2.26734012e-01   0.0000
  3.00624579e-01   0.0000
  4.89630431e-01   0.0000
  3.55005234e-01   0.0000
  5.01350880e-01   0.0000
 -6.07455194e-01   0.0000
  5.64458132e-01   0.0000
  3.35811168e-01   0.0000
  2.25766078e-01   0.0000
  4.66441244e-01   0.0000
  1.17575729e+00   0.0000
 -9.30484012e-02   0.0000
 -5.51240705e-02   0.0000
 -6.66804492e-01   0.0000
  6.74496949e-01   0.0000
  1.39983529e-02   0.0000
  1.81514248e-01   0.0000
 -6.38548970e-01   0.0000
  1.51644528e-01   0.0000
 -3.00740391e-01   0.0000
 -4.07172173e-01   0.0000
  3.84718478e-01   0.0000
  4.35368627e-01   0.0000
 -6.25665545e-01   0.0000
  7.13193715e-02   0.0000
 -9.20999169e-01   0.0000
 -1.92479551e-01   0.0000
  1.03120290e-01   0.0000
 -3.49881619e-01   0.0000
  2.94223213e+00   0.0000
  6.46859944e-01   0.0000
 -2.67626941e-01   0.0000
  1.60907015e-01   0.0000
 -2.67657191e-01   0.0000
  8.61758113e-01   0.0000
  1.19806683e+00   0.0000
 -3.70287895e-02   0.0000
 -7.26845205e-01   0.0000
 -8.57484564e-02   0.0000
 -2.03297868e-01   0.0000
  5.62091291e-01   0.0000
  6.57037050e-02   0.0000
  1.41010845e+00   0.0000
  3.38510245e-01   0.0000
  3.49109858e-01   0.0000
 -3.26718718e-01   0.0000
 -4.71843109e-02   0.0000
 -3.90087456e-01   0.0000
  5.15732348e-01   0.0000
 -2.99746990e-01   0.0000
 -4.20291454e-01   0.0000
 -6.91293133e-03   0.0000
  1.57504812e-01   0.0000
  4.96213883e-01   0.0000
 -2.46813358e-03   0.0000
 -3.31125051e-01   0.0000
 -4.51802254e-01   0.0000
 -2.89616168e-01   0.0000
  8.68070483e-01   0.0000
  7.18230903e-02   0.0000
 -6.75185025e-02   0.0000
 -7.63664901e-01   0.0000
  1.20659195e-01   0.0000
 -5.19886732e-01   0.0000
 -5.58129072e-01   0.0000
 -2.86995471e-01   0.0000
 -6.89940691e-01   0.0000
  4.81480002e-01   0.0000
  3.72751474e-01   0.0000
 -1.68796635e+00   0.0000
 -2.63389736e-01   0.0000
  1.27321139e-01   0.0000
  1.31790745e+00   0.0000
 -6.99587911e-02   0.0000
 -7.02150285e-01   0.0000
 -3.77024114e-01   0.0000
 -8.71840417e-02   0.0000
 -5.71794689e-01   0.0000
  1.68029881e+00   0.0000
  4.23890233e-01   0.0000
 -5.27405858e-01   0.0000
 -1.31832135e+00   0.0000
 -5.79461217e-01   0.0000
  4.81060386e-01   0.0000
  1.20428115e-01   0.0000
 -3.73472124e-01   0.0000
  1.97404951e-01   0.0000
 -8.18913221e-01   0.0000
  6.37154818e-01   0.0000
  3.16291124e-01   0.0000
  1.09544337e+00   0.0000
  1.30943203e+00   0.0000
  3.30128044e-01   0.0000
  2.37169698e-01   0.0000
 -3.31765354e-01   0.0000
 -5.72122872e-01   0.0000
 -9.02749598e-01   0.0000
 -4.28295106e-01   0.0000
  7.24947274e-01   0.0000
 -1.21036686e-01   0.0000
 -2.00068891e-01   0.0000
 -1.03959608e+00   0.0000
 -6.35723352e-01   0.0000
 -4.36579347e-01   0.0000
  5.44957101e-01   0.0000
  1.33201256e-01   0.0000
 -5.68474174e-01   0.0000
  8.05107951e-02   0.0000
  4.86607820e-01   0.0000
 -5.76574087e-01   0.0000
  3.11819822e-01   0.0000
  1.82564214e-01   0.0000
 -6.29604757e-01   0.0000
 -1.00235844e+00   0.0000
  5.77080369e-01   0.0000
 -1.52030319e-01   0.0000
 -3.17919344e-01   0.0000
 -2.72338361e-01   0.0000
  5.34441657e-02   0.0000
 -6.60228133e-01   0.0000
  5.92875838e-01   0.0000
 -5.68802595e-01   0.0000
  3.46142769e-01   0.0000
  8.46461952e-01   0.0000
  8.01682845e-02   0.0000
  3.04970384e-01   0.0000
 -1.44476995e-01   0.0000
 -8.40853691e-01   0.0000
 -5.34399271e-01   0.0000
 -3.36304277e-01   0.0000
  9.23439145e-01   0.0000
  2.37001311e-02   0.0000
  2.13105045e-02   0.0000
 -1.11405241e+00   0.0000
 -6.34769738e-01   0.0000
  2.48997673e-01   0.0000
 -3.05174977e-01   0.0000
  9.85622704e-02   0.0000
 -7.74741888e-01   0.0000
  1.01574697e-01   0.0000
  3.73193920e-01   0.0000
 -7.02735722e-01   0.0000
  7.72944391e-01   0.0000
  3.38404477e-01   0.0000
 -3.68555516e-01   0.0000
 -3.94282728e-01   0.0000
  5.27969301e-01   0.0000
 -2.84231305e-01   0.0000
  1.92861527e-01   0.0000
  1.54947788e-01   0.0000
  3.48968118e-01   0.0000
 -5.13367057e-01   0.0000
  5.00492573e-01   0.0000
  2.35101655e-01   0.0000
  4.21376109e-01   0.0000
  8.08993638e-01   0.0000
  2.27606878e-01   0.0000
  1.24242306e-02   0.0000
 -2.56961673e-01   0.0000
 -2.71094024e-01   0.0000
 -3.46895576e-01   0.0000
 -3.94552916e-01   0.0000
  1.55152366e-01   0.0000
 -3.08261842e-01   0.0000
  9.59093198e-02   0.0000
 -5.90070665e-01   0.0000
  3.46603304e-01   0.0000
  1.58434212e-01   0.0000
 -5.38765527e-02   0.0000
  5.03210686e-02   0.0000
  7.28442967e-02   0.0000
 -2.94187218e-01   0.0000
  5.20632453e-02   0.0000
 -9.30916816e-02   0.0000
 -2.10133076e-01   0.0000
  6.00488424e-01   0.0000
  1.94793135e-01   0.0000
 -2.61443973e-01   0.0000
  8.63964140e-01   0.0000
  1.08136304e-01   0.0000
  4.51890767e-01   0.0000
 -2.88344026e-01   0.0000
  3.87413561e-01   0.0000
 -6.61320508e-01   0.0000
  3.86813581e-01   0.0000
  4.21080112e-01   0.0000
 -2.32183695e-01   0.0000
  3.26780140e-01   0.0000
  6.11460328e-01   0.0000
  3.25817078e-01   0.0000
  1.48220599e+00   0.0000
 -4.67188358e-01   0.0000
 -7.46737957e-01   0.0000
  2.56598294e-01   0.0000
 -6.74648955e-02   0.0000
 -5.90951622e-01   0.0000
 -2.42136776e-01   0.0000
  3.40147972e-01   0.0000
 -3.44680548e-02   0.0000
 -1.49004012e-02   0.0000
 -3.10552996e-02   0.0000
  5.20767272e-01   0.0000
 -2.24959120e-01   0.0000
  6.05005547e-02   0.0000
  4.44897898e-02   0.0000
 -7.79284775e-01   0.0000
 -2.36646771e-01   0.0000
  7.25701630e-01   0.0000
 -5.93443632e-01   0.0000
 -1.01860273e+00   0.0000
  1.13700978e-01   0.0000
  9.79320481e-02   0.0000
 -2.93981969e-01   0.0000
  2.18294263e-01   0.0000
 -3.69832397e-01   0.0000
  1.23799993e-02   0.0000
 -4.12425637e-01   0.0000
  7.07756758e-01   0.0000
 -2.17914805e-02   0.0000
  2.62686253e-01   0.0000
  3.79804581e-01   0.0000
  3.71636599e-02   0.0000
  2.11315084e+00   0.0000
 -3.06594819e-01   0.0000
 -1.29353911e-01   0.0000
  4.02955502e-01   0.0000
 -1.04492538e-01   0.0000
  2.66869813e-01   0.0000
  4.66643900e-01   0.0000
 -2.30860531e-01   0.0000
 -2.40061104e-01   0.0000
  4.95937705e-01   0.0000
  3.00517827e-01   0.0000
  4.09292392e-02   0.0000
 -5.64388096e-01   0.0000
  7.94145823e-01   0.0000
 -2.30033353e-01   0.0000
 -3.73035014e-01   0.0000
  6.98359385e-02   0.0000
  2.27030933e-01   0.0000
 -3.69534999e-01   0.0000
 -8.16658974e-01   0.0000
 -4.51579779e-01   0.0000
  5.79101108e-02   0.0000
  3.19250733e-01   0.0000
 -3.05545211e-01   0.0000
 -3.16673338e-01   0.0000
  1.33914739e-01   0.0000
  1.00040101e-01   0.0000
 -4.97466128e-04   0.0000
  4.88032639e-01   0.0000
  3.39901540e-03   0.0000
 -4.43611562e-01   0.0000
  5.81851423e-01   0.0000
  1.23646200e+00   0.0000
 -3.57795320e-02   0.0000
 -9.50678065e-02   0.0000
 -1.88868642e-01   0.0000
  4.87081945e-01   0.0000
 -5.01771510e-01   0.0000
 -2.26351678e-01   0.0000
 -3.41218978e-01   0.0000
 -1.26863401e-02   0.0000
 -3.44212800e-01   0.0000
 -2.64617484e-02   0.0000
  4.82776582e-01   0.0000
 -1.34826466e-01   0.0000
  1.16550422e+00   0.0000
 -1.48593560e-01   0.0000
  1.41605616e-01   0.0000
  3.75059575e-01   0.0000
  5.17947495e-01   0.0000
 -5.73677838e-01   0.0000
  1.67789578e-01   0.0000
  2.04080045e-02   0.0000
 -1.85005218e-01   0.0000
  9.16504562e-02   0.0000
  3.46357614e-01   0.0000
  4.52639580e-01   0.0000
  9.67031494e-02   0.0000
 -2.92094529e-01   0.0000
  7.09644675e-01   0.0000
 -3.88984889e-01   0.0000
  6.53313799e-03   0.0000
 -7.53936321e-02   0.0000
  5.43840826e-01   0.0000
  1.29629624e+00   0.0000
 -4.83123600e-01   0.0000
  9.85583365e-02   0.0000
  2.48222336e-01   0.0000
  6.88230038e-01   0.0000
 -2.74024844e-01   0.0000
  2.75561124e-01   0.0000
  2.15352103e-01   0.0000
  2.73937225e-01   0.0000
 -4.65943545e-01   0.0000
 -5.52587390e-01   0.0000
 -2.24456400e-01   0.0000
  3.46360147e-01   0.0000
  7.50094712e-01   0.0000
  3.97845328e-01   0.0000
  2.08406419e-01   0.0000
  3.70768994e-01   0.0000
 -2.46353969e-01   0.0000
 -5.08371890e-01   0.0000
 -1.59480318e-01   0.0000
 -4.78854746e-01   0.0000
  3.00609209e-02   0.0000
 -5.17442152e-02   0.0000
 -2.63287604e-01   0.0000
  3.35587382e-01   0.0000
 -1.16305232e-01   0.0000
  1.39332801e-01   0.0000
  3.39384943e-01   0.0000
  3.02432515e-02   0.0000
 -8.97135794e-01   0.0000
  1.25557676e-01   0.0000
 -1.81904435e-01   0.0000
  1.01968610e+00   0.0000
 -5.58736801e-01   0.0000
 -3.44397902e-01   0.0000
 -6.54716939e-02   0.0000
  1.96589440e-01   0.0000
  6.98881805e-01   0.0000
  2.52051950e-01   0.0000
 -8.56663764e-01   0.0000
 -6.22467577e-01   0.0000
  2.25221310e-02   0.0000
  9.39507425e-01   0.0000
  6.44778013e-01   0.0000
  8.15447420e-02   0.0000
 -1.37260687e+00   0.0000
 -1.35414824e-01   0.0000
 -2.25089461e-01   0.0000
  4.36197877e-01   0.0000
 -9.72848106e-03   0.0000
  4.12118495e-01   0.0000
 -3.81195962e-01   0.0000
 -1.11137998e+00   0.0000
 -1.71801999e-01   0.0000
  7.38395825e-02   0.0000
 -3.78783137e-01   0.0000
 -9.24332738e-02   0.0000
 -3.82625252e-01   0.0000
  4.92260426e-01   0.0000
  2.81386793e-01   0.0000
  6.51350796e-01   0.0000
 -3.32983822e-01   0.0000
  2.35503271e-01   0.0000
  5.18343508e-01   0.0000
  8.28773916e-01   0.0000
  2.95135617e-01   0.0000
 -1.53502071e+00   0.0000
  2.77255058e-01   0.0000
  2.65671611e-01   0.0000
 -1.57422647e-01   0.0000
 -2.21332416e-01   0.0000
 -3.76447260e-01   0.0000
 -2.60886133e-01   0.0000
 -1.03460871e-01   0.0000
 -2.79709280e-01   0.0000
 -6.03323638e-01   0.0000
  4.34626937e-01   0.0000
 -5.14106214e-01   0.0000
  3.07042480e-01   0.0000
 -3.12314093e-01   0.0000
  7.52651572e-01   0.0000
 -1.17808633e-01   0.0000
 -3.58499795e-01   0.0000
  4.15480882e-02   0.0000
  3.03160608e-01   0.0000
 -6.65978789e-02   0.0000
  1.51425540e-01   0.0000
 -1.03949927e-01   0.0000
  2.39465237e-01   0.0000
 -6.43280923e-01   0.0000
  1.22585408e-01   0.0000
  7.68165290e-01   0.0000
  6.09885156e-01   0.0000
 -9.12432432e-01   0.0000
  1.73942819e-01   0.0000
  1.15452945e+00   0.0000
  8.77412140e-01   0.0000
 -2.22635493e-01   0.0000
 -1.11349666e+00   0.0000
 -4.09727544e-01   0.0000
  9.26049709e-01   0.0000
  4.19446319e-01   0.0000
 -4.62413222e-01   0.0000
 -2.28040367e-01   0.0000
  9.72163826e-02   0.0000
  4.68532115e-01   0.0000
 -5.10257185e-01   0.0000
  1.20513216e-01   0.0000
 -1.77414402e-01   0.0000
 -8.28626871e-01   0.0000
  4.52776819e-01   0.0000
 -6.94854915e-01   0.0000
  4.44627285e-01   0.0000
  5.60328364e-01   0.0000
 -3.55323732e-01   0.0000
 -4.28743213e-02   0.0000
  7.14984164e-02   0.0000
 -9.00632143e-02   0.0000
  4.10274059e-01   0.0000
  2.36655697e-01   0.0000
  2.61593759e-01   0.0000
  9.42517072e-02   0.0000
  7.22466111e-01   0.0000
 -5.25496900e-02   0.0000
  2.13598356e-01   0.0000
 -1.45203605e-01   0.0000
 -2.87112832e-01   0.0000
  9.94769454e-01   0.0000
  1.06945264e+00   0.0000
 -2.49526009e-01   0.0000
 -1.55928338e+00   0.0000
  2.60581166e-01   0.0000
  6.89426959e-01   0.0000
  2.15549320e-01   0.0000
  2.29557157e-01   0.0000
 -8.74022543e-02   0.0000
 -1.74112350e-01   0.0000
 -3.56172383e-01   0.0000
  1.24551922e-01   0.0000
  1.14972703e-01   0.0000
  2.16068149e-01   0.0000
 -5.01861155e-01   0.0000
  5.44158161e-01   0.0000
 -3.59344073e-02   0.0000
 -9.45828035e-02   0.0000
  3.58274058e-02   0.0000
  1.10446289e-01   0.0000
 -5.85358739e-01   0.0000
  3.18436474e-01   0.0000
  2.90903509e-01   0.0000
 -4.10683066e-01   0.0000
 -2.67332613e-01   0.0000
  4.12703723e-01   0.0000
 -2.85214424e-01   0.0000
  1.42700598e-01   0.0000
  3.64149928e-01   0.0000
 -5.12324870e-02   0.0000
  1.13943660e+00   0.0000
 -4.01482821e-01   0.0000
  3.05587165e-02   0.0000
  1.21759522e+00   0.0000
 -2.54822463e-01   0.0000
 -6.67168438e-01   0.0000
 -1.11557014e-01   0.0000
  2.34090656e-01   0.0000
 -3.90627086e-01   0.0000
  4.55720752e-01   0.0000
 -5.19231498e-01   0.0000
 -4.65899780e-02   0.0000
 -3.40037465e-01   0.0000
  1.60397187e-01   0.0000
  3.27800244e-01   0.0000
 -2.08371326e-01   0.0000
 -6.27438962e-01   0.0000
 -3.45675468e-01   0.0000
  7.45321736e-02   0.0000
  1.22432746e-01   0.0000
 -1.23468697e-01   0.0000
 -3.44624490e-01   0.0000
  2.29284585e-01   0.0000
 -1.81729943e-02   0.0000
 -6.50775507e-02   0.0000
 -1.98929191e-01   0.0000
  2.30728537e-02   0.0000
 -3.33205879e-01   0.0000
 -1.48417074e-02   0.0000
 -6.81181699e-02   0.0000
 -7.12677762e-02   0.0000
  1.30665109e-01   0.0000
  1.52407062e+00   0.0000
  1.26938239e-01   0.0000
  5.10326326e-01   0.0000
  2.07957745e+00   0.0000
 -3.73942452e-03   0.0000
 -7.59693012e-02   0.0000
 -3.02972525e-01   0.0000
  2.09878758e-01   0.0000
 -5.21832645e-01   0.0000
 -3.25907856e-01   0.0000
 -5.12986004e-01   0.0000
  4.39884841e-01   0.0000
 -2.47804537e-01   0.0000
 -4.44345653e-01   0.0000
  5.83170414e-01   0.0000
 -1.05691969e-01   0.0000
  2.16631040e-01   0.0000
  1.69919971e-02   0.0000
  3.07501495e-01   0.0000
  4.99372035e-01   0.0000
 -2.15632826e-01   0.0000
  3.02534670e-01   0.0000
  2.46732563e-01   0.0000
 -1.28198937e-01   0.0000
 -1.57295629e-01   0.0000
 -1.30728722e-01   0.0000
 -2.48695210e-01   0.0000
 -3.13923925e-01   0.0000
  1.74580455e-01   0.0000
 -3.80655110e-01   0.0000
  5.23995101e-01   0.0000
 -3.09682280e-01   0.0000
  2.52304840e+00   0.0000
  4.55315530e-01   0.0000
  1.29151002e-01   0.0000
  1.72648740e+00   0.0000
  4.31685388e-01   0.0000
 -4.99728262e-01   0.0000
 -1.01605646e-01   0.0000
 -6.58349395e-01   0.0000
 -4.18972373e-01   0.0000
  3.11513484e-01   0.0000
 -2.75990844e-01   0.0000
 -3.67135346e-01   0.0000
  7.00151995e-02   0.0000
 -4.17242587e-01   0.0000
  5.41125119e-01   0.0000
  3.90000612e-01   0.0000
  4.47869152e-01   0.0000
 -4.42450732e-01   0.0000
 -3.67675483e-01   0.0000
  4.12686169e-03   0.0000
  4.04296219e-01   0.0000
  3.00793201e-01   0.0000
 -2.77784541e-02   0.0000
  3.02169561e-01   0.0000
 -2.33587287e-02   0.0000
 -2.54744262e-01   0.0000
 -4.22765583e-01   0.0000
  9.89233106e-02   0.0000
  1.54508784e-01   0.0000
 -1.23773888e-01   0.0000
  2.51577616e-01   0.0000
  4.52454716e-01   0.0000
  1.89152479e+00   0.0000
 -4.84082669e-01   0.0000
 -7.61753991e-02   0.0000
  1.09352410e+00   0.0000
  2.70975739e-01   0.0000
  2.60422736e-01   0.0000
 -6.87266514e-02   0.0000
 -3.31367910e-01   0.0000
 -1.12959422e-01   0.0000
 -1.00865535e-01   0.0000
 -4.17483538e-01   0.0000
  3.98996443e-01   0.0000
 -5.03062792e-02   0.0000
 -1.84163988e-01   0.0000
  4.01226521e-01   0.0000
  2.65783191e-01   0.0000
  8.42503965e-01   0.0000
  3.07622313e-01   0.0000
  8.97064283e-02   0.0000
 -7.40933716e-02   0.0000
 -1.18029065e-01   0.0000
  5.30863181e-02   0.0000
  3.95555377e-01   0.0000
  4.81797963e-01   0.0000
 -4.88158494e-01   0.0000
  6.45383671e-02   0.0000
  1.59540474e-01   0.0000
 -1.81044921e-01   0.0000
 -3.98592919e-01   0.0000
  5.06465316e-01   0.0000
  1.07435858e+00   0.0000
  6.94234788e-01   0.0000
 -2.18051839e+00   0.0000
 -6.11347258e-01   0.0000
  2.30734015e+00   0.0000
 -2.36876225e+00   0.0000
 -5.28112173e-01   0.0000
 -2.74016839e-02   0.0000
  1.88322011e-02   0.0000
  9.86173928e-01   0.0000
  9.09557864e-02   0.0000
  6.94420934e-01   0.0000
  5.04667461e-01   0.0000
  1.18288107e-03   0.0000
 -4.36109334e-01   0.0000
 -1.39227951e+00   0.0000
 -1.52526176e+00   0.0000
 -4.74692225e-01   0.0000
 -2.99083328e+00   0.0000
 -1.40834346e-01   0.0000
 -3.74088645e-01   0.0000
  7.07846999e-01   0.0000
 -8.33759964e-01   0.0000
  7.28961110e-01   0.0000
 -3.84331673e-01   0.0000
 -6.21348381e-01   0.0000
 -7.04869628e-01   0.0000
 -3.88228707e-02   0.0000
  4.65172559e-01   0.0000
 -5.07247984e-01   0.0000
 -5.21479785e-01   0.0000
 -3.29126149e-01   0.0000
  6.99851871e-01   0.0000
  6.28487229e-01   0.0000
 -6.45048678e-01   0.0000
 -4.70142439e-02   0.0000
  3.27216983e-02   0.0000
 -3.51841492e-03   0.0000
 -7.03996062e-01   0.0000
 -1.28082428e-02   0.0000
 -4.58628088e-02   0.0000
 -5.90635240e-02   0.0000
  3.84003520e-01   0.0000
 -3.95271666e-02   0.0000
  9.13612068e-01   0.0000
 -3.97207677e-01   0.0000
 -5.23982167e-01   0.0000
 -9.85357642e-01   0.0000
 -6.77116990e-01   0.0000
 -1.86837807e-01   0.0000
 -6.35205507e-01   0.0000
  5.66283725e-02   0.0000
 -5.97872257e-01   0.0000
  1.01338732e+00   0.0000
  1.27477154e-01   0.0000
  2.29703978e-01   0.0000
  1.91028371e-01   0.0000
 -1.02087855e+00   0.0000
  1.15693271e-01   0.0000
 -4.17136580e-01   0.0000
  2.63081580e-01   0.0000
 -3.36508155e-01   0.0000
  1.53762266e-01   0.0000
  2.81939834e-01   0.0000
 -1.51957065e-01   0.0000
  6.64112449e-01   0.0000
  3.34220839e+00   0.0000
  2.43659824e-01   0.0000
  1.08310962e+00   0.0000
  8.57576668e-01   0.0000
 -4.34469998e-01   0.0000
  4.18112338e-01   0.0000
  2.61927307e-01   0.0000
  1.20334065e+00   0.0000
  1.10683346e+00   0.0000
  4.84619103e-03   0.0000
  3.58169317e-01   0.0000
 -5.69406450e-01   0.0000
 -3.49251479e-01   0.0000
 -6.52550280e-01   0.0000
  4.98092622e-01   0.0000
 -1.00707315e-01   0.0000
  2.25945249e-01   0.0000
 -5.59706807e-01   0.0000
  1.16671942e-01   0.0000
  4.97397929e-01   0.0000
 -3.84600699e-01   0.0000
  1.85520172e-01   0.0000
 -1.27695605e-01   0.0000
 -2.50835679e-02   0.0000
 -8.10302556e-01   0.0000
 -1.60549551e-01   0.0000
  4.30023879e-01   0.0000
 -5.14377236e-01   0.0000
 -4.73283738e-01   0.0000
  4.17277843e-01   0.0000
 -5.31855106e-01   0.0000
 -1.14319600e-01   0.0000
  7.85492361e-01   0.0000
  3.60763222e-01   0.0000
  1.27920210e+00   0.0000
 -1.47807217e+00   0.0000
  3.52492094e-01   0.0000
 -4.80793148e-01   0.0000
 -5.70645928e-02   0.0000
  7.34842896e-01   0.0000
  1.28564048e+00   0.0000
 -5.13374172e-02   0.0000
  3.35783631e-01   0.0000
 -4.44701970e-01   0.0000
 -9.92121994e-02   0.0000
  1.22929268e-01   0.0000
 -1.16340376e-01   0.0000
 -4.57245596e-02   0.0000
 -2.48543739e-01   0.0000
 -8.28974992e-02   0.0000
 -2.81211853e-01   0.0000
  8.62071276e-01   0.0000
 -5.23423076e-01   0.0000
 -1.58585414e-01   0.0000
 -4.10164028e-01   0.0000
  4.79076028e-01   0.0000
  6.02775663e-02   0.0000
  1.98963612e-01   0.0000
 -2.08235890e-01   0.0000
  1.06020477e-02   0.0000
  2.16542125e-01   0.0000
  3.81461293e-01   0.0000
 -4.95829791e-01   0.0000
  5.29079735e-01   0.0000
 -8.29185903e-01   0.0000
 -1.15821682e-01   0.0000
  3.66563231e-01   0.0000
 -1.86779678e+00   0.0000
 -2.74402738e-01   0.0000
 -2.54682362e-01   0.0000
  5.70224822e-01   0.0000
  7.28372216e-01   0.0000
  6.62026465e-01   0.0000
  3.44469965e-01   0.0000
  1.65486857e-01   0.0000
 -5.27020752e-01   0.0000
 -6.88966224e-03   0.0000
  1.16555467e-01   0.0000
 -1.07959676e+00   0.0000
  6.22459471e-01   0.0000
 -5.26749313e-01   0.0000
 -3.61346751e-01   0.0000
 -7.78453872e-02   0.0000
  4.24370259e-01   0.0000
 -8.68759081e-02   0.0000
  1.49037376e-01   0.0000
 -4.51075166e-01   0.0000
 -5.26089408e-03   0.0000
  4.04981002e-02   0.0000
  3.25499952e-01   0.0000
  6.55348599e-02   0.0000
  1.45250365e-01   0.0000
 -1.32700196e-02   0.0000
  4.98354016e-03   0.0000
 -4.66732264e-01   0.0000
 -2.09886506e-01   0.0000
 -3.00378650e-01   0.0000
 -1.92636445e-01   0.0000
 -4.14939672e-01   0.0000
 -8.48704517e-01   0.0000
 -5.22754848e-01   0.0000
 -6.79974198e-01   0.0000
  4.82107759e-01   0.0000
  3.88173878e-01   0.0000
  5.38062930e-01   0.0000
  1.02359563e-01   0.0000
  1.79861039e-01   0.0000
 -5.19026339e-01   0.0000
 -5.55216014e-01   0.0000
  5.38889706e-01   0.0000
 -1.33126748e+00   0.0000
  2.26046428e-01   0.0000
  3.59941840e-01   0.0000
  4.80796665e-01   0.0000
  8.61344337e-02   0.0000
  4.41708565e-01   0.0000
  4.67941672e-01   0.0000
 -1.17176779e-01   0.0000
 -2.28553474e-01   0.0000
  7.51859844e-02   0.0000
  7.12175742e-02   0.0000
 -4.28716838e-01   0.0000
  7.93792978e-02   0.0000
  4.63595957e-01   0.0000
 -4.15323704e-01   0.0000
 -3.27924252e-01   0.0000
  8.73223543e-02   0.0000
 -2.11579159e-01   0.0000
  4.67387646e-01   0.0000
 -2.84863919e-01   0.0000
 -3.06798249e-01   0.0000
  5.33481777e-01   0.0000
  2.75276244e-01   0.0000
  2.43675157e-01   0.0000
 -2.62050450e-01   0.0000
  4.11566973e-01   0.0000
 -1.80197671e-01   0.0000
 -3.87706816e-01   0.0000
  4.73484732e-02   0.0000
 -3.44947249e-01   0.0000
 -1.80322543e-01   0.0000
  4.59555462e-02   0.0000
 -1.08725381e+00   0.0000
 -1.82842370e-03   0.0000
  3.74069512e-01   0.0000
  2.09133327e-01   0.0000
  4.38447028e-01   0.0000
 -2.42486317e-02   0.0000
  2.40679488e-01   0.0000
  1.18417062e-01   0.0000
  1.76481768e-01   0.0000
  1.81907967e-01   0.0000
 -1.12554505e-01   0.0000
  3.29966308e-03   0.0000
  3.52081209e-01   0.0000
  1.41285583e-01   0.0000
  9.06598568e-02   0.0000
 -9.10633355e-02   0.0000
  5.24238050e-01   0.0000
 -2.93536186e-02   0.0000
  3.99943829e-01   0.0000
  5.03541827e-01   0.0000
  1.74778342e-01   0.0000
  3.40071440e-01   0.0000
 -3.19136888e-01   0.0000
  4.75765705e-01   0.0000
  4.31037784e-01   0.0000
  5.00372835e-02   0.0000
 -5.10272741e-01   0.0000
  4.65482891e-01   0.0000
  1.88017949e-01   0.0000
 -2.15650111e-01   0.0000
  4.45077926e-01   0.0000
  3.43689084e-01   0.0000
 -9.71293092e-01   0.0000
 -4.56224173e-01   0.0000
 -9.56844315e-02   0.0000
 -1.40344247e-01   0.0000
 -1.51032759e-02   0.0000
 -4.81995717e-02   0.0000
 -4.40113008e-01   0.0000
 -1.48203850e-01   0.0000
 -1.73803151e-01   0.0000
  1.18045591e-01   0.0000
  4.41519022e-01   0.0000
 -2.46107981e-01   0.0000
 -1.34985417e-01   0.0000
  3.43486249e-01   0.0000
  1.43787548e-01   0.0000
 -2.69564986e-01   0.0000
 -2.13885856e+00   0.0000
  1.50775746e-01   0.0000
 -1.61531687e+00   0.0000
 -7.87338465e-02   0.0000
  8.12204540e-01   0.0000
 -1.06511712e+00   0.0000
 -7.58613765e-01   0.0000
  1.35421777e+00   0.0000
  5.88498354e-01   0.0000
 -1.24043703e+00   0.0000
  1.68507785e-01   0.0000
  1.27039194e-01   0.0000
  7.29136407e-01   0.0000
 -1.20106328e+00   0.0000
 -2.90369481e-01   0.0000
  5.25230026e+00   0.0000
  1.46917865e-01   0.0000
 -5.67233026e-01   0.0000
  2.74135065e+00   0.0000
 -7.20701069e-02   0.0000
 -6.04619205e-01   0.0000
 -6.94359839e-01   0.0000
 -2.60032445e-01   0.0000
  7.10474133e-01   0.0000
 -8.69509757e-01   0.0000
 -5.50569296e-01   0.0000
  2.03418925e-01   0.0000
 -5.71267366e-01   0.0000
  3.86647433e-01   0.0000
 -6.68884993e-01   0.0000
  3.08126546e-02   0.0000
 -6.45231605e-01   0.0000
 -2.11907434e+00   0.0000
 -2.86043555e-01   0.0000
  3.94314408e-01   0.0000
 -3.45197648e-01   0.0000
 -3.54537666e-01   0.0000
  4.59743166e+00   0.0000
 -5.43199122e-01   0.0000
  1.20098007e+00   0.0000
  5.59040308e-01   0.0000
  8.36097896e-01   0.0000
  1.20666814e+00   0.0000
  6.56083822e-01   0.0000
  6.29650295e-01   0.0000
 -1.27836943e+00   0.0000
 -5.58374584e-01   0.0000
  1.43158317e+00   0.0000
  9.17231560e-01   0.0000
 -2.99403578e-01   0.0000
  3.43362999e+00   0.0000
 -1.75238356e-01   0.0000
 -9.65649486e-02   0.0000
 -1.53248298e+00   0.0000
 -9.83067572e-01   0.0000
  4.82277684e-02   0.0000
 -3.52300137e-01   0.0000
  7.81561732e-01   0.0000
 -3.83125663e-01   0.0000
 -1.66417032e-01   0.0000
  2.82560717e-02   0.0000
 -1.22603729e-01   0.0000
 -5.81378937e-01   0.0000
  2.03087460e-02   0.0000
 -9.63735342e-01   0.0000
 -5.12577057e-01   0.0000
 -1.76231408e+00   0.0000
 -3.98119748e-01   0.0000
 -1.00599384e+00   0.0000
 -2.04518461e+00   0.0000
 -6.04603767e-01   0.0000
  1.30138063e+00   0.0000
  2.76627481e-01   0.0000
 -4.10463065e-01   0.0000
 -6.28449857e-01   0.0000
  3.39012265e-01   0.0000
  1.05400845e-01   0.0000
 -5.49833417e-01   0.0000
 -5.55173695e-01   0.0000
  8.84011030e-01   0.0000
  4.22260821e-01   0.0000
 -4.34273392e-01   0.0000
 -7.80865490e-01   0.0000
  9.49961543e-02   0.0000
 -5.00677288e-01   0.0000
 -1.13111329e+00   0.0000
 -3.75450730e-01   0.0000
 -7.80947879e-02   0.0000
 -3.92273724e-01   0.0000
 -3.74224484e-01   0.0000
 -5.36442220e-01   0.0000
  5.48161007e-02   0.0000
 -6.74462244e-02   0.0000
 -5.77451706e-01   0.0000
 -4.91275281e-01   0.0000
 -1.91931844e-01   0.0000
 -2.39266843e-01   0.0000
 -6.61522150e-01   0.0000
  2.75001001e+00   0.0000
 -4.98564720e-01   0.0000
 -1.82662115e-01   0.0000
  5.94254494e-01   0.0000
 -4.65284109e-01   0.0000
  3.16689193e-01   0.0000
  1.50184650e-02   0.0000
 -1.37769616e+00   0.0000
 -5.74531071e-02   0.0000
  3.10569942e-01   0.0000
 -1.96703419e-01   0.0000
 -5.56938767e-01   0.0000
  5.38762175e-02   0.0000
  6.15437150e-01   0.0000
  8.75206649e-01   0.0000
  1.60521507e-01   0.0000
  1.61632943e+00   0.0000
 -2.87285537e-01   0.0000
  2.87284106e-01   0.0000
 -6.06137514e-01   0.0000
 -1.45615399e-01   0.0000
  1.59858570e-01   0.0000
  1.81175485e-01   0.0000
 -7.33904839e-01   0.0000
 -6.60023510e-01   0.0000
  2.23205313e-01   0.0000
  4.19970840e-01   0.0000
  1.89370498e-01   0.0000
 -3.04126024e-01   0.0000
  1.12411678e-01   0.0000
  8.70921612e-02   0.0000
 -5.30859709e-01   0.0000
  1.27374470e+00   0.0000
 -3.28453839e-01   0.0000
 -1.52619553e+00   0.0000
  2.06626463e+00   0.0000
  3.36352646e-01   0.0000
  4.87744957e-02   0.0000
 -1.68492496e-02   0.0000
 -2.19156432e+00   0.0000
  3.63729708e-02   0.0000
 -3.79631490e-01   0.0000
 -2.42364481e-01   0.0000
  8.51967931e-02   0.0000
 -2.05628991e-01   0.0000
 -6.28073514e-01   0.0000
 -1.56590953e-01   0.0000
 -6.32323325e-02   0.0000
  2.21603298e+00   0.0000
 -1.26185387e-01   0.0000
 -4.20491248e-01   0.0000
  5.48313558e-01   0.0000
 -5.09369552e-01   0.0000
  3.80286753e-01   0.0000
 -2.91939318e-01   0.0000
  1.51243997e+00   0.0000
 -7.13863969e-02   0.0000
 -4.12494630e-01   0.0000
  3.41780514e-01   0.0000
  4.27855223e-01   0.0000
  1.66659411e-02   0.0000
  3.35955560e-01   0.0000
  1.49944305e-01   0.0000
 -2.05091670e-01   0.0000
 -1.92474115e+00   0.0000
 -1.50556892e-01   0.0000
 -5.40334046e-01   0.0000
  5.71703672e-01   0.0000
 -2.74812847e-01   0.0000
 -1.73569277e-01   0.0000
 -4.49214280e-01   0.0000
 -2.58166999e-01   0.0000
 -4.59717572e-01   0.0000
  2.28352807e-02   0.0000
  3.10242832e-01   0.0000
 -2.14232087e-01   0.0000
  5.48175216e-01   0.0000
 -9.86240089e-01   0.0000
  4.14876997e-01   0.0000
  2.75134817e-02   0.0000
 -6.76371992e-01   0.0000
  3.26307595e-01   0.0000
 -2.61417806e-01   0.0000
 -6.59650922e-01   0.0000
  3.39857012e-01   0.0000
 -2.12145969e-01   0.0000
  1.06807292e-01   0.0000
  1.22913790e+00   0.0000
  1.54935837e-01   0.0000
  3.99615794e-01   0.0000
 -1.99502558e-01   0.0000
  3.83996874e-01   0.0000
 -4.44051623e-01   0.0000
 -1.19105853e-01   0.0000
 -7.86598504e-01   0.0000
  2.57195383e-01   0.0000
 -1.62022734e+00   0.0000
  4.13093656e-01   0.0000
  4.34120536e-01   0.0000
 -7.20373690e-01   0.0000
 -9.63861793e-02   0.0000
  3.56356204e-01   0.0000
  3.43511820e-01   0.0000
  1.84695685e+00   0.0000
 -4.33311224e-01   0.0000
 -3.86467762e-02   0.0000
  8.61144900e-01   0.0000
  4.60961968e-01   0.0000
 -7.95090571e-03   0.0000
 -1.00235629e+00   0.0000
  1.01802967e-01   0.0000
  6.51337504e-01   0.0000
 -2.07504320e+00   0.0000
  2.87264526e-01   0.0000
  3.18991840e-02   0.0000
  3.63121890e-02   0.0000
  5.32775939e-01   0.0000
  1.09969251e-01   0.0000
 -4.25477386e-01   0.0000
 -1.17780960e+00   0.0000
  2.72139162e-01   0.0000
 -4.21597451e-01   0.0000
 -6.49141669e-02   0.0000
  2.53139623e-02   0.0000
 -2.95136929e-01   0.0000
  2.61607915e-01   0.0000
 -5.55369973e-01   0.0000
  1.21812969e-02   0.0000
  3.35137606e-01   0.0000
  2.04122737e-01   0.0000
  1.62620306e+00   0.0000
 -1.09491281e-01   0.0000
  1.19605772e-01   0.0000
  7.49311626e-01   0.0000
  1.14257000e-01   0.0000
  1.55182791e+00   0.0000
  2.75333583e-01   0.0000
 -4.30454254e-01   0.0000
  9.64710340e-02   0.0000
 -2.63440728e-01   0.0000
  2.95267969e-01   0.0000
 -9.18552816e-01   0.0000
  6.66722059e-01   0.0000
  1.92684323e-01   0.0000
 -1.90268493e+00   0.0000
  3.56815636e-01   0.0000
 -2.28029743e-01   0.0000
 -3.31355244e-01   0.0000
 -3.13236564e-01   0.0000
 -4.84484404e-01   0.0000
 -2.41886809e-01   0.0000
 -1.24845850e+00   0.0000
 -3.72668296e-01   0.0000
 -4.93035287e-01   0.0000
 -4.80188280e-01   0.0000
 -2.68899024e-01   0.0000
  1.18930884e-01   0.0000
 -5.66454351e-01   0.0000
  4.22500420e+00   0.0000
  7.70661160e-02   0.0000
 -1.11343288e+01   0.0000
 -7.54630506e-01   0.0000
  2.50701141e+00   0.0000
 -7.35021544e+00   0.0000
  1.79432869e-01   0.0000
 -3.03044558e+00   0.0000
  8.39978576e-01   0.0000
 -7.85539150e-01   0.0000
  2.50706506e+00   0.0000
  6.86365545e-01   0.0000
 -6.90046370e-01   0.0000
 -2.30936527e+00   0.0000
 -4.91326988e-01   0.0000
 -9.79223251e-01   0.0000
 -2.26423430e+00   0.0000
  4.19833690e-01   0.0000
  5.68235993e-01   0.0000
 -1.02258766e+00   0.0000
 -1.13278657e-01   0.0000
  4.98355627e-01   0.0000
 -8.74900103e-01   0.0000
  8.11120450e-01   0.0000
  6.14017904e-01   0.0000
 -4.51072454e+00   0.0000
 -1.15081382e+00   0.0000
 -6.71556234e-01   0.0000
  3.44344378e-01   0.0000
 -4.92024094e-01   0.0000
 -1.75501302e-01   0.0000
  8.73666584e-01   0.0000
  1.76706862e+00   0.0000
 -1.29806554e+00   0.0000
  8.89274597e+00   0.0000
 -1.05698049e+00   0.0000
  3.46670485e+00   0.0000
  3.62131929e+00   0.0000
  1.39432192e+00   0.0000
 -1.59434390e+00   0.0000
  1.15430677e+00   0.0000
  2.54737854e+00   0.0000
  1.84385836e+00   0.0000
  2.97401696e-01   0.0000
 -2.98583150e+00   0.0000
 -1.27943492e+00   0.0000
 -5.03227413e-01   0.0000
 -2.64993334e+00   0.0000
 -1.46469879e+00   0.0000
  3.53749156e-01   0.0000
  4.03008270e+00   0.0000
 -1.30759943e+00   0.0000
  1.25689816e+00   0.0000
 -1.62542176e+00   0.0000
 -2.11876726e+00   0.0000
  1.62703371e+00   0.0000
  2.11205149e+00   0.0000
  5.26045513e+00   0.0000
 -1.28495479e+00   0.0000
 -3.80365163e-01   0.0000
  9.79290426e-01   0.0000
 -9.43733931e-01   0.0000
  8.71833146e-01   0.0000
  1.52301872e+00   0.0000
  1.14242651e-01   0.0000

