 5 0.000000 1
 1 
 Si 28.085500
 0 0.500000 4.500000 0.978124 1.000000 
 5 0 1 2 4 6
 8 2.25000 2.50000 2.75000 3.00000 3.25000 3.50000 3.75000 4.00000
 1 12.169200 6.172630 3.114710 0.755675 0.404939 0.036124 0.650018 0.572890
 3 40 32 1
 -1.90084979e-01   0.0000
  9.23511982e-01   0.0000
  2.20236325e+00   0.0000
 -7.26141155e-01   0.0000
 -4.67523783e-01   0.0000
  1.48260808e+00   0.0000
 -1.42816901e+00   0.0000
 -6.04633152e-01   0.0000
  9.55489635e-01   0.0000
 -1.84944138e-01   0.0000
  9.37455714e-01   0.0000
  6.89551115e-01   0.0000
 -1.47757339e+00   0.0000
 -9.67072308e-01   0.0000
 -1.37093818e+00   0.0000
 -1.59657252e+00   0.0000
 -1.17114580e+00   0.0000
 -6.32014334e-01   0.0000
  7.39235729e-02   0.0000
 -5.20367861e-01   0.0000
 -1.84686446e+00   0.0000
  2.32698798e+00   0.0000
 -1.89125180e+00   0.0000
  1.56609809e+00   0.0000
 -1.63469672e+00   0.0000
  1.21954048e+00   0.0000
 -4.06425536e-01   0.0000
 -1.41109836e+00   0.0000
  9.16803718e-01   0.0000
 -2.38611102e-01   0.0000
 -1.63349748e+00   0.0000
 -3.91495943e-01   0.0000
 -4.94539291e-01   0.0000
  1.08560419e+00   0.0000
 -1.64420366e-01   0.0000
  6.00096304e-03   0.0000
 -1.02999890e+00   0.0000
  3.44387949e-01   0.0000
 -1.18245852e+00   0.0000
 -3.62409912e-02   0.0000
  1.53047836e+00   0.0000
 -1.73296243e-01   0.0000
  8.79569113e-01   0.0000
  1.12850058e+00   0.0000
  1.24496758e+00   0.0000
 -1.24401879e+00   0.0000
 -1.41591823e+00   0.0000
 -2.55917430e-01   0.0000
 -9.14836168e-01   0.0000
 -2.12753415e-02   0.0000
 -8.53219450e-01   0.0000
 -4.56147045e-01   0.0000
 -8.39157701e-01   0.0000
  7.00149313e-02   0.0000
 -9.36419904e-01   0.0000
  8.03617120e-01   0.0000
 -1.18323803e+00   0.0000
 -8.12253118e-01   0.0000
 -2.95282394e-01   0.0000
 -4.42348450e-01   0.0000
  5.67718506e-01   0.0000
 -5.50781906e-01   0.0000
 -8.18204105e-01   0.0000
 -9.40776110e-01   0.0000
 -4.72162336e-01   0.0000
  2.08302230e-01   0.0000
 -1.72974728e-02   0.0000
 -6.81400299e-01   0.0000
 -1.50893822e-01   0.0000
  4.24436569e-01   0.0000
 -1.22957230e+00   0.0000
  3.54802668e-01   0.0000
  7.02076256e-01   0.0000
  1.49692476e-01   0.0000
  2.18322873e-01   0.0000
  4.31935936e-01   0.0000
  3.07160687e+00   0.0000
 -8.80308747e-01   0.0000
 -4.55417514e-01   0.0000
 -9.42339480e-01   0.0000
 -8.08492064e-01   0.0000
  9.07257378e-01   0.0000
  2.47823030e-01   0.0000
 -7.96186507e-01   0.0000
 -9.71833706e-01   0.0000
 -1.25252938e+00   0.0000
 -8.01928341e-01   0.0000
  9.07983780e-01   0.0000
 -1.61105180e+00   0.0000
 -1.16703153e+00   0.0000
 -6.07921779e-01   0.0000
 -6.78924322e-01   0.0000
  4.73844469e-01   0.0000
 -1.31263033e-01   0.0000
 -7.83395946e-01   0.0000
 -1.16732073e+00   0.0000
 -1.21644750e-01   0.0000
  4.03537869e-01   0.0000
  8.30523252e-01   0.0000
 -5.08998692e-01   0.0000
  6.28015339e-01   0.0000
  3.73004526e-01   0.0000
 -1.23235297e+00   0.0000
  5.00380754e-01   0.0000
  4.43097919e-01   0.0000
  2.65396029e-01   0.0000
  6.69992864e-01   0.0000
  9.04612601e-01   0.0000
  1.98953211e+00   0.0000
 -5.93513668e-01   0.0000
 -3.10602129e-01   0.0000
 -5.08359261e-02   0.0000
  6.19811304e-02   0.0000
  2.44578496e-01   0.0000
 -4.19733793e-01   0.0000
 -1.25668693e+00   0.0000
 -1.34842670e+00   0.0000
 -7.93680608e-01   0.0000
 -3.93064141e-01   0.0000
  7.55370080e-01   0.0000
 -1.57268429e+00   0.0000
  3.01863581e-01   0.0000
 -3.48217219e-01   0.0000
 -9.73059854e-04   0.0000
 -1.61832571e-01   0.0000
 -2.52936065e-01   0.0000
 -1.07975328e+00   0.0000
 -1.28428793e+00   0.0000
  9.72119987e-01   0.0000
 -1.99391216e-01   0.0000
  3.16146404e-01   0.0000
  3.09875399e-01   0.0000
  6.66227415e-02   0.0000
 -4.16586608e-01   0.0000
 -1.25381792e+00   0.0000
 -1.90831963e-02   0.0000
 -1.32656425e-01   0.0000
  8.13944519e-01   0.0000
  3.49053711e-01   0.0000
 -9.96517763e-02   0.0000
  4.93029207e-01   0.0000
 -4.05259997e-01   0.0000
 -4.67524901e-02   0.0000
  3.29307705e-01   0.0000
  7.03535855e-01   0.0000
  6.64665282e-01   0.0000
  3.99082214e-01   0.0000
 -1.25821221e+00   0.0000
 -8.30274582e-01   0.0000
 -7.76480138e-02   0.0000
  4.20336753e-01   0.0000
 -7.22366720e-02   0.0000
 -1.24794829e+00   0.0000
  1.18373823e+00   0.0000
 -3.60232115e-01   0.0000
 -6.94009900e-01   0.0000
  1.43398240e-01   0.0000
 -3.04524541e-01   0.0000
 -8.31627026e-02   0.0000
 -1.16787803e+00   0.0000
  4.94854629e-01   0.0000
 -6.67966485e-01   0.0000
 -5.07111073e-01   0.0000
 -2.50138268e-02   0.0000
 -1.16802834e-01   0.0000
 -8.79629672e-01   0.0000
 -1.17929363e+00   0.0000
  2.27997676e-02   0.0000
  4.38626409e-01   0.0000
 -1.35642126e-01   0.0000
  8.65319446e-02   0.0000
  4.04960722e-01   0.0000
 -4.90420014e-02   0.0000
  8.33193585e-02   0.0000
 -5.32758474e-01   0.0000
  7.09392011e-01   0.0000
  1.29577029e+00   0.0000
  9.47500229e-01   0.0000
  6.76302552e-01   0.0000
 -1.07784152e+00   0.0000
 -1.26451924e-01   0.0000
 -1.83605418e-01   0.0000
 -4.96105850e-01   0.0000
 -1.65872753e-01   0.0000
 -8.49532783e-01   0.0000
  9.61398065e-01   0.0000
  5.41836908e-03   0.0000
 -6.09955192e-01   0.0000
  3.87019455e-01   0.0000
  5.15667498e-02   0.0000
 -7.28398860e-01   0.0000
  4.18201894e-01   0.0000
  4.03528392e-01   0.0000
 -3.93029571e-01   0.0000
 -1.70172051e-01   0.0000
 -4.62515503e-01   0.0000
 -8.42630267e-01   0.0000
 -1.26000607e+00   0.0000
 -5.36272764e-01   0.0000
 -1.94650162e-02   0.0000
  3.27498615e-01   0.0000
 -2.33227938e-01   0.0000
  2.78228968e-01   0.0000
  4.86613899e-01   0.0000
 -2.28781298e-01   0.0000
  5.60918570e-01   0.0000
  1.46814838e-01   0.0000
  2.51091093e-01   0.0000
  3.03636938e-01   0.0000
  1.15624595e+00   0.0000
 -6.69519365e-01   0.0000
 -4.86584425e-01   0.0000
 -7.49240816e-01   0.0000
  1.08419907e+00   0.0000
 -2.67247945e-01   0.0000
  2.23484337e-01   0.0000
 -8.84860158e-01   0.0000
 -2.70628363e-01   0.0000
 -4.95947868e-01   0.0000
 -3.74846458e-01   0.0000
  4.15368944e-01   0.0000
 -3.74301076e-02   0.0000
 -6.79584861e-01   0.0000
  4.38948154e-01   0.0000
 -1.44948542e+00   0.0000
 -9.88688827e-01   0.0000
 -1.80001795e-01   0.0000
 -4.58143890e-01   0.0000
  2.57212806e+00   0.0000
  1.14011776e+00   0.0000
 -3.14324081e-01   0.0000
 -2.77428240e-01   0.0000
 -2.19648555e-01   0.0000
  6.85034037e-01   0.0000
  1.14497530e+00   0.0000
 -3.02788578e-02   0.0000
 -5.48813105e-01   0.0000
 -8.26850533e-02   0.0000
 -3.24935168e-01   0.0000
 -4.76943552e-02   0.0000
  1.98715162e-02   0.0000
  1.49947393e+00   0.0000
 -1.06745958e+00   0.0000
 -1.32214073e-02   0.0000
 -3.55392218e-01   0.0000
  7.54827082e-01   0.0000
 -6.34052813e-01   0.0000
  5.96816778e-01   0.0000
 -3.98552626e-01   0.0000
 -7.39698708e-02   0.0000
 -1.76976264e-01   0.0000
  1.58767238e-01   0.0000
  5.57766616e-01   0.0000
 -4.29232448e-01   0.0000
 -3.48854750e-01   0.0000
  1.12676546e-02   0.0000
 -5.04271686e-01   0.0000
  7.12702334e-01   0.0000
  6.96560591e-02   0.0000
 -1.10164486e-01   0.0000
  4.73918259e-01   0.0000
  3.49864125e-01   0.0000
 -5.64102054e-01   0.0000
 -1.12463820e+00   0.0000
 -1.88195482e-01   0.0000
 -1.43981123e+00   0.0000
  4.55549270e-01   0.0000
  3.85445893e-01   0.0000
 -1.12549710e+00   0.0000
 -2.37937063e-01   0.0000
  1.06496662e-01   0.0000
  2.21923423e+00   0.0000
  3.13732065e-02   0.0000
 -1.50027013e+00   0.0000
  1.25033289e-01   0.0000
  2.63242155e-01   0.0000
 -6.32130265e-01   0.0000
  1.32430601e+00   0.0000
  3.62935632e-01   0.0000
 -4.95788872e-01   0.0000
 -1.51002133e+00   0.0000
 -8.90436888e-01   0.0000
  1.36465847e-01   0.0000
  1.36030570e-01   0.0000
 -3.01766604e-01   0.0000
  2.34606579e-01   0.0000
 -8.20066690e-01   0.0000
  7.40276992e-01   0.0000
 -3.89795713e-02   0.0000
  9.67332244e-01   0.0000
  1.32960248e+00   0.0000
  4.04824704e-01   0.0000
  1.06243634e+00   0.0000
 -5.60467184e-01   0.0000
 -5.96593916e-01   0.0000
 -7.12335646e-01   0.0000
 -4.36826110e-01   0.0000
  4.47097361e-01   0.0000
 -1.90258384e-01   0.0000
 -1.97153717e-01   0.0000
 -2.83520848e-01   0.0000
 -5.97786069e-01   0.0000
 -3.75100881e-01   0.0000
  1.10664713e+00   0.0000
  6.74633563e-01   0.0000
 -1.21630573e+00   0.0000
  5.36759257e-01   0.0000
  8.87663066e-01   0.0000
 -6.18596375e-01   0.0000
 -5.76006025e-02   0.0000
  7.39463627e-01   0.0000
 -1.05204749e+00   0.0000
 -1.06299806e+00   0.0000
  5.66348910e-01   0.0000
 -2.52073795e-01   0.0000
 -2.85399973e-01   0.0000
 -4.25390184e-01   0.0000
  2.19204351e-01   0.0000
 -6.49849296e-01   0.0000
  6.07084513e-01   0.0000
 -4.17012215e-01   0.0000
  3.32239151e-01   0.0000
  1.11351180e+00   0.0000
  1.98578283e-01   0.0000
  5.75560212e-01   0.0000
 -1.99609846e-01   0.0000
 -9.29551423e-01   0.0000
 -5.04882671e-02   0.0000
 -4.27995652e-01   0.0000
  7.34264791e-01   0.0000
 -9.06564668e-02   0.0000
 -3.28375143e-04   0.0000
 -1.27175736e+00   0.0000
 -5.86545587e-01   0.0000
  3.59354764e-01   0.0000
 -2.80734181e-01   0.0000
  8.41870308e-01   0.0000
 -1.21185350e+00   0.0000
  3.76443505e-01   0.0000
  4.68481421e-01   0.0000
 -7.96835065e-01   0.0000
  3.36063743e-01   0.0000
  1.27488387e+00   0.0000
 -1.01413655e+00   0.0000
 -5.50164104e-01   0.0000
  8.06538045e-01   0.0000
 -2.63827741e-01   0.0000
  2.24325567e-01   0.0000
 -6.47698566e-02   0.0000
  5.47537446e-01   0.0000
 -5.50143957e-01   0.0000
  7.25658000e-01   0.0000
  8.00262928e-01   0.0000
  5.15525162e-01   0.0000
  8.22265327e-01   0.0000
  3.23197961e-01   0.0000
 -4.05587077e-01   0.0000
  3.39779668e-02   0.0000
 -4.67660844e-01   0.0000
  2.09869996e-01   0.0000
 -5.22443473e-01   0.0000
 -2.62531698e-01   0.0000
 -4.33512479e-01   0.0000
  5.86523525e-02   0.0000
 -1.66078734e+00   0.0000
  3.86382520e-01   0.0000
  3.05253416e-01   0.0000
 -3.95283401e-01   0.0000
  8.27998877e-01   0.0000
 -2.05655962e-01   0.0000
 -4.65173304e-01   0.0000
 -1.73184991e-01   0.0000
 -2.76878566e-01   0.0000
 -5.32126486e-01   0.0000
  1.59852242e+00   0.0000
 -4.51408207e-01   0.0000
 -5.96196830e-01   0.0000
  9.90171373e-01   0.0000
  1.39990166e-01   0.0000
  4.85564739e-01   0.0000
 -4.48345691e-01   0.0000
  5.66485465e-01   0.0000
 -7.58776426e-01   0.0000
  8.01329970e-01   0.0000
  1.04453456e+00   0.0000
 -8.70447457e-02   0.0000
 -2.86619544e-01   0.0000
  6.67549372e-01   0.0000
 -5.36020041e-01   0.0000
  1.90193331e+00   0.0000
 -6.87889099e-01   0.0000
 -2.65119851e-01   0.0000
  1.24817096e-01   0.0000
 -7.22498238e-01   0.0000
 -6.96364045e-01   0.0000
 -2.75380373e-01   0.0000
 -7.22748280e-01   0.0000
  1.31192664e-02   0.0000
  1.28274575e-01   0.0000
 -6.41460299e-01   0.0000
  1.20917523e+00   0.0000
 -3.88070196e-01   0.0000
 -6.59819722e-01   0.0000
 -2.61612028e-01   0.0000
 -9.70462620e-01   0.0000
 -4.04450029e-01   0.0000
  1.53296852e+00   0.0000
 -1.08630681e+00   0.0000
 -1.40365422e+00   0.0000
 -2.50430722e-02   0.0000
  1.13703743e-01   0.0000
 -2.45922983e-01   0.0000
  1.12123124e-01   0.0000
 -2.11069867e-01   0.0000
 -1.22542627e-01   0.0000
  3.66371572e-02   0.0000
  1.20204520e+00   0.0000
  5.96623905e-02   0.0000
 -1.04705405e+00   0.0000
  3.95036906e-01   0.0000
 -7.48610497e-01   0.0000
  2.52509546e+00   0.0000
 -4.75683749e-01   0.0000
  8.93915221e-02   0.0000
  3.16918284e-01   0.0000
 -6.77682757e-01   0.0000
  1.82302818e-01   0.0000
  4.29948986e-01   0.0000
 -1.00557613e+00   0.0000
 -2.00888932e-01   0.0000
  5.85556030e-01   0.0000
 -5.73044062e-01   0.0000
  5.38335860e-01   0.0000
 -6.22804880e-01   0.0000
 -1.91001091e-02   0.0000
 -4.99144912e-01   0.0000
 -5.23983896e-01   0.0000
 -8.99161100e-02   0.0000
  7.30085969e-01   0.0000
 -6.70165181e-01   0.0000
 -1.11656725e+00   0.0000
 -5.06020308e-01   0.0000
  4.28340249e-02   0.0000
  3.41777891e-01   0.0000
 -3.37121069e-01   0.0000
 -2.20002219e-01   0.0000
  2.42604353e-02   0.0000
  6.30994976e-01   0.0000
  3.52531403e-01   0.0000
  4.65864539e-01   0.0000
 -1.63526773e+00   0.0000
 -4.60810512e-01   0.0000
  1.21785909e-01   0.0000
  1.46336520e+00   0.0000
 -1.26018405e-01   0.0000
 -1.63867712e-01   0.0000
 -2.06619814e-01   0.0000
  2.99881041e-01   0.0000
 -5.29392183e-01   0.0000
 -2.32401013e-01   0.0000
 -9.66166973e-01   0.0000
  5.41226938e-03   0.0000
 -2.90336937e-01   0.0000
 -1.05853176e+00   0.0000
  7.42940962e-01   0.0000
 -8.40797052e-02   0.0000
  8.89760315e-01   0.0000
 -3.90417427e-01   0.0000
  5.39888330e-02   0.0000
  1.16680562e-01   0.0000
  7.28475094e-01   0.0000
 -6.89139605e-01   0.0000
 -3.12720239e-03   0.0000
  3.26241463e-01   0.0000
 -2.28410915e-01   0.0000
  1.00349829e-01   0.0000
  3.58812928e-01   0.0000
  4.62826312e-01   0.0000
  3.63931358e-02   0.0000
  3.89608502e-01   0.0000
  9.32803810e-01   0.0000
 -4.47904110e-01   0.0000
 -1.30432642e+00   0.0000
 -1.26299188e-01   0.0000
  3.98741454e-01   0.0000
  1.29616725e+00   0.0000
 -5.01591563e-01   0.0000
 -1.50450781e-01   0.0000
  2.55603999e-01   0.0000
  9.07239556e-01   0.0000
 -2.78139949e-01   0.0000
  2.71529227e-01   0.0000
 -3.05727482e-01   0.0000
  2.74201423e-01   0.0000
 -4.46328908e-01   0.0000
 -1.53048122e+00   0.0000
 -1.19152911e-01   0.0000
  4.75382745e-01   0.0000
  1.13235962e+00   0.0000
  1.77342832e-01   0.0000
  1.75162867e-01   0.0000
  6.11019172e-02   0.0000
 -1.92792624e-01   0.0000
 -5.14461398e-01   0.0000
 -2.10792452e-01   0.0000
  8.20015967e-02   0.0000
 -3.11986450e-02   0.0000
 -5.28586954e-02   0.0000
 -2.09359556e-01   0.0000
  3.01865548e-01   0.0000
 -1.34363815e-01   0.0000
  8.38087559e-01   0.0000
  1.83360946e+00   0.0000
 -1.35101274e-01   0.0000
 -1.01060808e+00   0.0000
  9.24053267e-02   0.0000
  1.17403078e+00   0.0000
  1.26890898e+00   0.0000
 -4.40706015e-01   0.0000
 -9.38556373e-01   0.0000
  1.65344656e-01   0.0000
 -1.74889833e-01   0.0000
  7.26753592e-01   0.0000
  2.91513205e-01   0.0000
 -3.09303260e+00   0.0000
 -6.01837099e-01   0.0000
 -5.89495637e-02   0.0000
  1.57978487e+00   0.0000
  4.46954787e-01   0.0000
 -5.91248333e-01   0.0000
 -1.03604138e+00   0.0000
  2.32675254e-01   0.0000
 -1.55937508e-01   0.0000
  2.19256580e-01   0.0000
 -4.48166490e-01   0.0000
  7.16392815e-01   0.0000
 -2.24735796e-01   0.0000
 -1.01475930e+00   0.0000
 -3.54231626e-01   0.0000
  4.16238941e-02   0.0000
 -2.16809720e-01   0.0000
 -1.47468477e-01   0.0000
 -3.23798537e-01   0.0000
  3.82265180e-01   0.0000
  9.62853134e-01   0.0000
  3.91903043e-01   0.0000
 -1.38547653e-02   0.0000
  3.01052272e-01   0.0000
  1.35227561e+00   0.0000
  4.04617667e-01   0.0000
  4.57841009e-01   0.0000
 -1.52431262e+00   0.0000
  3.85675281e-01   0.0000
  8.45901892e-02   0.0000
 -1.44578591e-01   0.0000
 -1.84407681e-01   0.0000
 -1.18092731e-01   0.0000
 -2.50064969e-01   0.0000
 -1.51506260e-01   0.0000
 -5.36512136e-01   0.0000
 -3.28345269e-01   0.0000
  4.10490185e-02   0.0000
 -4.62043464e-01   0.0000
  8.83094966e-01   0.0000
 -1.87108219e-01   0.0000
  5.98894954e-01   0.0000
 -1.27209991e-01   0.0000
 -3.36164832e-01   0.0000
  3.76340866e-01   0.0000
  2.62573123e-01   0.0000
 -7.85192400e-02   0.0000
  1.22049987e-01   0.0000
 -1.09607451e-01   0.0000
  2.71294951e-01   0.0000
 -5.42958200e-01   0.0000
 -7.44553745e-01   0.0000
  6.71914577e-01   0.0000
  3.31430852e-01   0.0000
 -6.11038446e-01   0.0000
  1.72049865e-01   0.0000
  1.93269813e+00   0.0000
 -8.05351511e-02   0.0000
 -8.65239054e-02   0.0000
 -6.74757004e-01   0.0000
 -3.23466510e-01   0.0000
  9.46368396e-01   0.0000
  4.01140064e-01   0.0000
 -4.21088994e-01   0.0000
  1.10821553e-01   0.0000
  1.00600153e-01   0.0000
  4.22685534e-01   0.0000
 -1.27302170e+00   0.0000
  6.69846058e-01   0.0000
 -2.30187446e-01   0.0000
 -7.39366949e-01   0.0000
  7.48453975e-01   0.0000
 -5.85837722e-01   0.0000
  9.33440253e-02   0.0000
  7.13009953e-01   0.0000
 -4.25160646e-01   0.0000
  2.46223196e-01   0.0000
 -1.71671331e-01   0.0000
 -1.09650053e-01   0.0000
  3.70211154e-01   0.0000
  2.53507137e-01   0.0000
  2.24863499e-01   0.0000
  1.66796893e-01   0.0000
  1.78515032e-01   0.0000
 -6.26903296e-01   0.0000
  3.94236110e-02   0.0000
  1.19941272e-01   0.0000
 -3.77478808e-01   0.0000
  2.03435636e+00   0.0000
  2.59312809e-01   0.0000
 -2.18942508e-01   0.0000
 -6.05707407e-01   0.0000
  3.25116009e-01   0.0000
  6.71813548e-01   0.0000
  1.85856149e-01   0.0000
  2.51260310e-01   0.0000
 -7.91501343e-01   0.0000
 -1.58576995e-01   0.0000
 -3.66431892e-01   0.0000
 -4.40612018e-01   0.0000
  7.00283468e-01   0.0000
  3.25791419e-01   0.0000
 -7.28233039e-01   0.0000
  4.42239314e-01   0.0000
 -2.16678195e-02   0.0000
 -6.55478239e-01   0.0000
  2.05045581e-01   0.0000
  5.19190319e-02   0.0000
 -4.91006970e-01   0.0000
 -3.20840418e-01   0.0000
  2.01041982e-01   0.0000
 -4.32018697e-01   0.0000
 -1.58089116e-01   0.0000
  2.80306548e-01   0.0000
 -2.58344918e-01   0.0000
  3.41279358e-01   0.0000
 -2.83534676e-01   0.0000
 -1.03880137e-01   0.0000
  1.38417912e+00   0.0000
 -5.40903747e-01   0.0000
  1.08054292e+00   0.0000
  1.10785425e+00   0.0000
 -3.03006589e-01   0.0000
  6.58774197e-01   0.0000
 -4.07327376e-02   0.0000
  1.19891055e-01   0.0000
 -4.13407952e-01   0.0000
  4.63730752e-01   0.0000
 -2.06579757e+00   0.0000
 -2.89262477e-02   0.0000
 -3.33830446e-01   0.0000
  8.77115056e-02   0.0000
  8.06193948e-01   0.0000
 -9.34314728e-02   0.0000
 -1.35890758e+00   0.0000
 -6.60205305e-01   0.0000
  2.45728623e-02   0.0000
 -3.98766220e-01   0.0000
 -2.16056760e-02   0.0000
 -3.44046712e-01   0.0000
  1.45816326e-01   0.0000
 -1.05444849e+00   0.0000
 -1.87606648e-01   0.0000
 -2.17031643e-01   0.0000
  1.72766656e-01   0.0000
 -4.94389653e-01   0.0000
 -3.66282314e-02   0.0000
  6.13912106e-01   0.0000
 -4.35916603e-01   0.0000
  1.13596611e-01   0.0000
  1.60930467e+00   0.0000
 -3.69215272e-02   0.0000
  1.14176130e+00   0.0000
  2.63564587e+00   0.0000
 -6.79785982e-02   0.0000
  1.18087697e+00   0.0000
 -2.22052187e-01   0.0000
  2.31920913e-01   0.0000
 -5.32865942e-01   0.0000
 -3.06012452e-01   0.0000
 -2.33478045e+00   0.0000
  4.44997042e-01   0.0000
 -2.43011013e-01   0.0000
 -3.05029243e-01   0.0000
  9.24817979e-01   0.0000
 -3.69055048e-02   0.0000
 -5.41065335e-01   0.0000
 -3.62732679e-01   0.0000
  2.44923174e-01   0.0000
  2.11104557e-01   0.0000
 -2.07130671e-01   0.0000
  3.43212247e-01   0.0000
  1.31940067e-01   0.0000
 -1.14742351e+00   0.0000
 -2.91442633e-01   0.0000
 -1.46822646e-01   0.0000
 -8.26472268e-02   0.0000
 -4.82539237e-01   0.0000
  1.41012847e-01   0.0000
  4.45236564e-01   0.0000
  4.62306350e-01   0.0000
 -3.44616443e-01   0.0000
  2.34072065e+00   0.0000
  2.91702390e-01   0.0000
  3.24579358e-01   0.0000
  2.52514887e+00   0.0000
  3.88889283e-01   0.0000
  3.08739781e-01   0.0000
 -1.96156800e-02   0.0000
 -2.94887841e-01   0.0000
 -4.16049570e-01   0.0000
  3.20286691e-01   0.0000
 -1.92335272e+00   0.0000
 -3.52995098e-01   0.0000
  5.66649511e-02   0.0000
 -4.46501553e-01   0.0000
  7.57956743e-01   0.0000
  4.47040379e-01   0.0000
  2.75028765e-01   0.0000
 -7.82809436e-01   0.0000
 -3.91014904e-01   0.0000
 -7.52663910e-02   0.0000
  3.21609318e-01   0.0000
  3.83246213e-01   0.0000
 -8.68366435e-02   0.0000
 -2.52402455e-01   0.0000
 -1.55675545e-01   0.0000
 -2.69449323e-01   0.0000
 -2.61252582e-01   0.0000
 -6.69435784e-02   0.0000
  1.36313230e-01   0.0000
  6.30883873e-01   0.0000
  3.40985894e-01   0.0000
  3.76503646e-01   0.0000
  1.57527483e+00   0.0000
 -6.00385010e-01   0.0000
 -8.99992511e-02   0.0000
  1.72057307e+00   0.0000
  2.61826009e-01   0.0000
  5.64709723e-01   0.0000
  3.35363625e-03   0.0000
  2.26354375e-01   0.0000
 -1.04744859e-01   0.0000
 -8.31696391e-02   0.0000
 -1.62351179e+00   0.0000
  3.91759306e-01   0.0000
 -6.96784183e-02   0.0000
 -4.26206231e-01   0.0000
  5.17175257e-01   0.0000
  3.41145664e-01   0.0000
  1.23376155e+00   0.0000
  2.83072181e-02   0.0000
  8.31257105e-02   0.0000
 -8.13517272e-02   0.0000
 -2.18597934e-01   0.0000
  1.50264621e-01   0.0000
  3.81420106e-01   0.0000
  4.20735091e-01   0.0000
 -5.86623609e-01   0.0000
  4.41096723e-02   0.0000
  2.81632632e-01   0.0000
 -3.10192257e-01   0.0000
 -3.90131593e-01   0.0000
  1.06797981e+00   0.0000
  6.66967809e-01   0.0000
  6.94749415e-01   0.0000
 -1.95151114e+00   0.0000
 -5.70005357e-01   0.0000
  2.43127513e+00   0.0000
 -3.00711942e+00   0.0000
 -6.38366044e-01   0.0000
  4.16209459e-01   0.0000
  1.82247818e-01   0.0000
  1.35567844e-01   0.0000
  9.52859968e-02   0.0000
  6.68261170e-01   0.0000
  1.67981493e+00   0.0000
  2.70536430e-02   0.0000
 -4.75010335e-01   0.0000
 -2.34190178e+00   0.0000
 -1.16358757e+00   0.0000
 -2.08920285e-01   0.0000
 -2.59583616e+00   0.0000
  3.19225006e-02   0.0000
 -4.66708034e-01   0.0000
  4.49343383e-01   0.0000
 -1.42107821e+00   0.0000
  1.16230834e+00   0.0000
 -6.64053977e-01   0.0000
 -7.05001712e-01   0.0000
 -3.73888671e-01   0.0000
 -9.27119404e-02   0.0000
  4.50050682e-01   0.0000
 -3.62824857e-01   0.0000
 -6.07284844e-01   0.0000
 -2.52285898e-01   0.0000
  4.46308464e-01   0.0000
  6.72150552e-01   0.0000
  2.75690377e-01   0.0000
 -3.35852861e-01   0.0000
  9.99026656e-01   0.0000
  3.66694987e-01   0.0000
 -5.70183277e-01   0.0000
  2.19715908e-01   0.0000
  3.77408475e-01   0.0000
  5.34022987e-01   0.0000
  4.38629538e-01   0.0000
  2.94245165e-02   0.0000
 -7.39370212e-02   0.0000
 -3.97709787e-01   0.0000
 -6.93491697e-01   0.0000
 -1.38619637e+00   0.0000
 -5.93684912e-01   0.0000
  6.06912374e-01   0.0000
  3.11918616e-01   0.0000
 -1.81185439e-01   0.0000
 -4.74136621e-01   0.0000
  2.14603209e+00   0.0000
 -7.68667281e-01   0.0000
  9.17384982e-01   0.0000
  4.10669088e-01   0.0000
  2.86602695e-02   0.0000
  1.32701024e-01   0.0000
 -5.54592192e-01   0.0000
  5.59648395e-01   0.0000
 -3.09105605e-01   0.0000
  2.23895937e-01   0.0000
  1.61838973e+00   0.0000
 -2.39321128e-01   0.0000
  1.09444535e+00   0.0000
  2.85497117e+00   0.0000
 -3.19137760e-02   0.0000
  1.10756290e+00   0.0000
  6.30768985e-02   0.0000
 -2.27173105e-01   0.0000
  2.35451296e-01   0.0000
  6.85853004e-01   0.0000
  1.21337950e+00   0.0000
  1.14883900e+00   0.0000
  8.70892704e-02   0.0000
 -5.51253915e-01   0.0000
 -5.83771348e-01   0.0000
 -5.57429016e-01   0.0000
  3.97129148e-01   0.0000
  2.64116138e-01   0.0000
  7.13890851e-01   0.0000
 -1.08829640e-01   0.0000
 -6.84499383e-01   0.0000
  2.98195451e-01   0.0000
  1.52957034e+00   0.0000
 -1.19253755e+00   0.0000
  7.92582095e-01   0.0000
  2.64015228e-01   0.0000
 -9.91968811e-01   0.0000
 -8.60580742e-01   0.0000
 -2.98734725e-01   0.0000
  7.24357009e-01   0.0000
 -3.63278866e-01   0.0000
 -3.32079232e-01   0.0000
  1.47128975e+00   0.0000
 -6.61691844e-01   0.0000
  7.20055878e-01   0.0000
  5.43464482e-01   0.0000
  3.31027627e-01   0.0000
  6.32042468e-01   0.0000
 -1.30418372e+00   0.0000
  4.61321443e-01   0.0000
 -8.47643316e-01   0.0000
  1.72640830e-01   0.0000
  3.00249517e-01   0.0000
  1.27831578e+00   0.0000
 -1.10614235e-02   0.0000
  8.99541438e-01   0.0000
 -4.54584211e-01   0.0000
 -2.53968239e-01   0.0000
  4.91094887e-01   0.0000
 -6.82107091e-01   0.0000
  3.98740292e-01   0.0000
 -1.63785368e-01   0.0000
  1.43715933e-01   0.0000
 -1.60940737e-01   0.0000
  9.10174131e-01   0.0000
 -9.83436882e-01   0.0000
  1.51203007e-01   0.0000
 -1.73723549e-01   0.0000
  9.80163813e-01   0.0000
  1.00320078e-01   0.0000
  1.29088417e-01   0.0000
 -1.23155043e-01   0.0000
  3.68144780e-01   0.0000
  2.91559100e-01   0.0000
  5.16434729e-01   0.0000
 -8.36576998e-01   0.0000
  1.41133380e+00   0.0000
 -1.21527314e+00   0.0000
  5.99066168e-02   0.0000
 -2.28215218e-01   0.0000
 -1.00586951e+00   0.0000
 -2.67857969e-01   0.0000
 -1.30575195e-01   0.0000
  5.87329566e-01   0.0000
 -1.90911442e-01   0.0000
  6.21780634e-01   0.0000
  3.30512822e-01   0.0000
  1.66565299e+00   0.0000
 -5.20779252e-01   0.0000
 -8.60724896e-02   0.0000
 -1.74063012e-01   0.0000
 -1.48809242e+00   0.0000
  6.74740851e-01   0.0000
 -9.36158597e-01   0.0000
  7.07671642e-02   0.0000
 -6.21540844e-02   0.0000
  1.23702753e-02   0.0000
 -2.39340141e-01   0.0000
  1.87490657e-01   0.0000
 -4.39485669e-01   0.0000
  5.63711822e-01   0.0000
  1.83621883e-01   0.0000
  3.24469537e-01   0.0000
 -4.27978113e-02   0.0000
  5.94054997e-01   0.0000
 -9.34630446e-03   0.0000
 -2.80452192e-01   0.0000
 -5.29643416e-01   0.0000
  4.26245391e-01   0.0000
 -1.91925764e-01   0.0000
  4.35416121e-03   0.0000
 -4.67031032e-01   0.0000
 -3.98149073e-01   0.0000
 -5.68351567e-01   0.0000
 -2.04052135e-01   0.0000
  4.18787986e-01   0.0000
 -7.30067268e-02   0.0000
  4.85554129e-01   0.0000
  7.61554912e-02   0.0000
  1.47847509e+00   0.0000
 -5.04835427e-01   0.0000
 -5.77268839e-01   0.0000
  3.53397429e-01   0.0000
 -1.35540819e+00   0.0000
  1.55610219e-01   0.0000
 -5.44253588e-01   0.0000
  8.17784190e-01   0.0000
  4.53801826e-02   0.0000
  5.17608412e-02   0.0000
  4.46003884e-01   0.0000
 -1.75617993e-01   0.0000
 -3.33687603e-01   0.0000
  4.07008618e-01   0.0000
  2.06066981e-01   0.0000
 -3.87514174e-01   0.0000
 -6.35692254e-02   0.0000
  8.09782207e-01   0.0000
 -4.41253304e-01   0.0000
 -3.63566279e-01   0.0000
  3.43178332e-01   0.0000
  8.68700370e-02   0.0000
  6.31431341e-01   0.0000
 -1.70244321e-01   0.0000
 -1.90112218e-01   0.0000
  2.57389814e-01   0.0000
  2.16063693e-01   0.0000
  6.27645195e-01   0.0000
 -3.02802294e-01   0.0000
  8.34184408e-01   0.0000
 -2.07835898e-01   0.0000
 -3.98024023e-01   0.0000
  6.81531131e-01   0.0000
 -3.33646387e-01   0.0000
 -1.94016650e-01   0.0000
 -6.41218647e-02   0.0000
 -9.23566163e-01   0.0000
 -8.06039013e-03   0.0000
  1.43431827e-01   0.0000
  3.57536614e-01   0.0000
  3.88281226e-01   0.0000
 -1.73443884e-01   0.0000
  2.39563391e-01   0.0000
  6.63549826e-02   0.0000
  6.72569126e-02   0.0000
  1.43481493e-01   0.0000
 -4.51579019e-02   0.0000
  2.93970611e-02   0.0000
  2.62648612e-01   0.0000
  3.11546952e-01   0.0000
  5.53216897e-02   0.0000
  1.44607052e-01   0.0000
  7.82787681e-01   0.0000
  4.20677960e-02   0.0000
 -2.83951849e-01   0.0000
  5.22446156e-01   0.0000
  1.83373675e-01   0.0000
 -3.66803259e-01   0.0000
 -3.41886044e-01   0.0000
  4.80545044e-01   0.0000
  4.05651152e-01   0.0000
  9.09333110e-01   0.0000
 -5.14951169e-01   0.0000
  4.48965341e-01   0.0000
  3.32571805e-01   0.0000
 -2.09199652e-01   0.0000
  4.23531175e-01   0.0000
  2.14174464e-01   0.0000
 -8.22683275e-01   0.0000
 -3.74731123e-01   0.0000
  4.16920602e-01   0.0000
 -1.26426473e-01   0.0000
 -3.82590257e-02   0.0000
 -2.01977324e-02   0.0000
 -4.43859249e-01   0.0000
 -1.58870503e-01   0.0000
 -2.28843361e-01   0.0000
 -5.44908345e-01   0.0000
  4.39949900e-01   0.0000
 -2.29468495e-01   0.0000
 -1.54627830e-01   0.0000
  3.75668824e-01   0.0000
  1.22305378e-01   0.0000
  1.30834028e-01   0.0000
 -1.57804537e+00   0.0000
  3.76344137e-02   0.0000
 -1.86292160e+00   0.0000
  3.78289849e-01   0.0000
  1.28469968e+00   0.0000
 -1.86533928e+00   0.0000
 -8.05757582e-01   0.0000
  9.71392274e-01   0.0000
  4.83516783e-01   0.0000
 -1.71987072e-01   0.0000
  9.12791491e-02   0.0000
  4.16566618e-02   0.0000
  1.69281650e+00   0.0000
 -1.14070690e+00   0.0000
 -2.04156846e-01   0.0000
  5.30914354e+00   0.0000
  5.32704771e-01   0.0000
 -1.02590680e+00   0.0000
  2.04298973e+00   0.0000
  9.08301771e-01   0.0000
 -7.06518114e-01   0.0000
 -2.22533524e-01   0.0000
 -6.18745051e-02   0.0000
  4.06403631e-01   0.0000
 -1.13204300e+00   0.0000
 -1.18670952e+00   0.0000
  4.21072304e-01   0.0000
 -4.67939347e-01   0.0000
 -4.05573025e-02   0.0000
 -3.34475547e-01   0.0000
 -1.08194351e-01   0.0000
  7.99276412e-01   0.0000
 -1.89060926e+00   0.0000
 -3.92475903e-01   0.0000
  1.61339569e+00   0.0000
 -6.17591366e-02   0.0000
  1.07214980e-01   0.0000
  4.76249313e+00   0.0000
 -4.64637637e-01   0.0000
  1.77920949e+00   0.0000
  5.35700977e-01   0.0000
 -4.27510947e-01   0.0000
  1.12817991e+00   0.0000
  6.13717496e-01   0.0000
  9.36344743e-01   0.0000
 -1.23834312e+00   0.0000
 -5.07429123e-01   0.0000
  9.54934180e-01   0.0000
  1.83277559e+00   0.0000
 -2.10907638e-01   0.0000
  2.90675807e+00   0.0000
  6.03333890e-01   0.0000
 -7.13710710e-02   0.0000
 -1.68244433e+00   0.0000
 -4.86293405e-01   0.0000
 -3.90642554e-01   0.0000
 -2.39132464e-01   0.0000
  1.37748718e+00   0.0000
 -2.20836103e-01   0.0000
 -1.45820737e-01   0.0000
 -3.01495939e-01   0.0000
  2.10332230e-01   0.0000
 -5.76393127e-01   0.0000
  6.71915770e-01   0.0000
 -5.86098850e-01   0.0000
 -5.40760159e-01   0.0000
 -2.72311640e+00   0.0000
 -3.50351602e-01   0.0000
 -6.65628016e-01   0.0000
 -3.12627435e+00   0.0000
 -4.87868905e-01   0.0000
  1.27938545e+00   0.0000
  3.53229642e-01   0.0000
 -8.34457815e-01   0.0000
 -6.45476580e-01   0.0000
  3.55636418e-01   0.0000
 -1.33556044e+00   0.0000
 -5.35714328e-01   0.0000
 -5.56891382e-01   0.0000
  5.20924866e-01   0.0000
  1.06357777e+00   0.0000
  1.72057226e-02   0.0000
 -2.81633997e+00   0.0000
  3.30162436e-01   0.0000
 -4.09653306e-01   0.0000
 -7.93076634e-01   0.0000
  1.46435648e-01   0.0000
 -4.50713456e-01   0.0000
 -1.29339665e-01   0.0000
 -3.81583571e-01   0.0000
 -5.50410271e-01   0.0000
  1.22952107e-02   0.0000
 -1.75311491e-01   0.0000
 -3.50539744e-01   0.0000
 -4.15620178e-01   0.0000
  2.57719815e-01   0.0000
  8.70815292e-03   0.0000
 -5.75423598e-01   0.0000
  3.55882907e+00   0.0000
 -5.33369482e-01   0.0000
 -2.51363486e-01   0.0000
  1.73995781e+00   0.0000
 -4.21846390e-01   0.0000
 -7.68069699e-02   0.0000
  8.03713575e-02   0.0000
  4.32583898e-01   0.0000
 -9.61725488e-02   0.0000
  3.36830258e-01   0.0000
 -2.46668148e+00   0.0000
 -5.36444128e-01   0.0000
  3.15733328e-02   0.0000
  4.39801186e-01   0.0000
  1.01645565e+00   0.0000
  4.79296058e-01   0.0000
  1.24374151e+00   0.0000
 -4.66472954e-01   0.0000
  3.15967172e-01   0.0000
  4.56263036e-01   0.0000
  3.25404257e-01   0.0000
 -1.27402991e-01   0.0000
  3.17059934e-01   0.0000
  3.77871543e-01   0.0000
 -7.49042451e-01   0.0000
  1.77843228e-01   0.0000
  4.19433981e-01   0.0000
  3.13776672e-01   0.0000
 -2.54267275e-01   0.0000
  7.83107877e-01   0.0000
 -5.35140991e-01   0.0000
 -3.99302006e-01   0.0000
  5.15558243e-01   0.0000
 -2.72807360e-01   0.0000
 -1.78767264e+00   0.0000
  2.19515324e+00   0.0000
  2.71194011e-01   0.0000
 -2.76070625e-01   0.0000
 -6.37128949e-02   0.0000
 -1.51461661e+00   0.0000
 -3.24887857e-02   0.0000
 -3.69119078e-01   0.0000
 -1.49226534e+00   0.0000
  1.04644574e-01   0.0000
 -1.90070182e-01   0.0000
 -7.28925705e-01   0.0000
 -5.91082014e-02   0.0000
 -1.96970448e-01   0.0000
  2.87643027e+00   0.0000
 -3.03769976e-01   0.0000
 -4.56739396e-01   0.0000
  9.06672478e-01   0.0000
 -5.34766689e-02   0.0000
  9.00483429e-02   0.0000
 -3.38693321e-01   0.0000
  7.87291348e-01   0.0000
 -8.65166262e-02   0.0000
 -4.00494963e-01   0.0000
  2.78306127e-01   0.0000
  5.36862016e-01   0.0000
 -4.63407906e-03   0.0000
  1.00849867e+00   0.0000
 -2.84434915e-01   0.0000
 -1.25153586e-01   0.0000
 -2.56275105e+00   0.0000
  2.94244029e-02   0.0000
 -9.18672264e-01   0.0000
 -5.48586249e-01   0.0000
 -3.72714460e-01   0.0000
 -5.30832373e-02   0.0000
 -5.87538779e-01   0.0000
  9.62807462e-02   0.0000
 -5.32354116e-01   0.0000
 -7.28506967e-03   0.0000
  6.51072621e-01   0.0000
 -1.83117822e-01   0.0000
  5.81961572e-01   0.0000
 -1.14474368e+00   0.0000
  3.51709984e-02   0.0000
 -4.62058574e-01   0.0000
 -6.15778148e-01   0.0000
  3.88674617e-01   0.0000
 -3.45117629e-01   0.0000
 -1.12295640e+00   0.0000
  7.50044346e-01   0.0000
 -5.14923394e-01   0.0000
 -5.86136021e-02   0.0000
  4.34937835e-01   0.0000
  2.66699255e-01   0.0000
  4.36859310e-01   0.0000
 -3.69815618e-01   0.0000
  5.06839633e-01   0.0000
 -5.00879467e-01   0.0000
  1.81095898e-01   0.0000
 -3.65979642e-01   0.0000
  2.74671376e-01   0.0000
 -1.15405607e+00   0.0000
  6.27734780e-01   0.0000
  2.48118341e-01   0.0000
 -1.22480559e+00   0.0000
 -1.89404815e-01   0.0000
  8.61707985e-01   0.0000
  1.66388631e-01   0.0000
  2.08446980e+00   0.0000
 -4.95944887e-01   0.0000
 -7.96826780e-02   0.0000
  2.09134436e+00   0.0000
  4.75180298e-01   0.0000
  4.68439423e-02   0.0000
 -1.10608351e+00   0.0000
 -6.94890678e-01   0.0000
  5.31169474e-02   0.0000
 -2.23472118e+00   0.0000
  5.34912586e-01   0.0000
 -5.46799824e-02   0.0000
 -4.30296957e-01   0.0000
  8.63512635e-01   0.0000
 -1.72906518e-01   0.0000
 -5.84273934e-01   0.0000
 -1.66041148e+00   0.0000
  4.43975627e-01   0.0000
 -3.55438560e-01   0.0000
 -2.84794122e-01   0.0000
  1.48686856e-01   0.0000
 -3.60422015e-01   0.0000
  1.09717585e-01   0.0000
  5.48450127e-02   0.0000
  2.73643956e-02   0.0000
  9.25871491e-01   0.0000
  3.85055691e-01   0.0000
  1.63480520e+00   0.0000
  1.61501810e-01   0.0000
  5.51116653e-02   0.0000
  1.45813131e+00   0.0000
 -1.94206163e-02   0.0000
  1.68426478e+00   0.0000
  2.21234113e-01   0.0000
 -4.56809193e-01   0.0000
  1.36148870e+00   0.0000
 -2.43017524e-01   0.0000
  3.33588362e-01   0.0000
 -8.92686367e-01   0.0000
 -2.90253997e-01   0.0000
 -3.04532617e-01   0.0000
 -1.79899120e+00   0.0000
  6.23732746e-01   0.0000
 -2.81897694e-01   0.0000
 -6.04686022e-01   0.0000
 -7.43173659e-02   0.0000
 -6.78394139e-01   0.0000
 -3.53262484e-01   0.0000
  5.43008983e-01   0.0000
 -2.06606731e-01   0.0000
 -4.36999321e-01   0.0000
 -6.55356467e-01   0.0000
 -1.64027631e-01   0.0000
  6.44848496e-02   0.0000
 -9.53705668e-01   0.0000
  5.41944408e+00   0.0000
  8.06214213e-02   0.0000
 -1.06383009e+01   0.0000
 -7.21310556e-01   0.0000
  1.69893980e+00   0.0000
 -6.96458244e+00   0.0000
  2.25133732e-01   0.0000
 -2.00064278e+00   0.0000
  1.20027852e+00   0.0000
 -1.09137273e+00   0.0000
  2.24906540e+00   0.0000
  7.34894216e-01   0.0000
  2.44279474e-01   0.0000
 -2.25335836e+00   0.0000
 -6.80438995e-01   0.0000
 -9.45596933e-01   0.0000
 -2.09690380e+00   0.0000
  8.68528545e-01   0.0000
  5.09260535e-01   0.0000
 -2.78282881e-01   0.0000
 -1.39908686e-01   0.0000
 -2.76668876e-01   0.0000
 -7.19929159e-01   0.0000
  8.10768783e-01   0.0000
  4.36953485e-01   0.0000
 -4.69840145e+00   0.0000
 -1.03778970e+00   0.0000
 -7.82666802e-01   0.0000
  4.30920184e-01   0.0000
 -6.70794308e-01   0.0000
 -2.73374945e-01   0.0000
  7.99932837e-01   0.0000
  2.08625317e+00   0.0000
 -1.66247165e+00   0.0000
  1.01474228e+01   0.0000
 -1.36767113e+00   0.0000
  4.09518003e+00   0.0000
  4.48240089e+00   0.0000
  1.57951355e+00   0.0000
 -2.40692449e+00   0.0000
  1.15691471e+00   0.0000
  4.08276653e+00   0.0000
  2.20459270e+00   0.0000
  3.96679759e-01   0.0000
 -5.34024000e+00   0.0000
 -1.52990401e+00   0.0000
 -8.71427536e-01   0.0000
 -1.58654559e+00   0.0000
 -2.32694745e+00   0.0000
  1.44082439e+00   0.0000
  4.99960518e+00   0.0000
 -2.42198730e+00   0.0000
  1.24963403e+00   0.0000
 -1.66931593e+00   0.0000
 -3.01827431e+00   0.0000
  2.30356550e+00   0.0000
  2.44591498e+00   0.0000
  7.07270622e+00   0.0000
 -1.58163714e+00   0.0000
 -2.84750640e-01   0.0000
  1.22737777e+00   0.0000
 -1.03135991e+00   0.0000
  7.18864918e-01   0.0000
  3.49577498e+00   0.0000
  6.28342450e-01   0.0000

