 5 0.000000 10
 1 
 Si 28.085500
 0 0.250001 4.500000 0.978124 1.000000 
 5 0 1 2 4 6
 8 2.25000 2.50000 2.75000 3.00000 3.25000 3.50000 3.75000 4.00000
 1 12.169200 6.172630 3.114710 0.755675 0.404939 0.036124 0.650018 0.572890
 4 40 24 24 1
 -8.92376423e-01   0.0000
 -5.09838521e-01   0.0000
 -4.31974709e-01   0.0000
 -4.33796942e-01   0.0000
 -5.24171054e-01   0.0000
 -2.12759469e-02   0.0000
 -6.36514604e-01   0.0000
  3.05173602e-02   0.0000
 -4.19070333e-01   0.0000
  1.43319845e+00   0.0000
 -5.53237557e-01   0.0000
  6.56823039e-01   0.0000
  6.10965379e-02   0.0000
 -7.68856406e-01   0.0000
  7.31635466e-02   0.0000
 -5.58879256e-01   0.0000
 -6.97611809e-01   0.0000
  1.78676561e-01   0.0000
 -8.33734870e-02   0.0000
 -1.17411578e+00   0.0000
 -3.50511998e-01   0.0000
 -1.57525297e-02   0.0000
  2.17537016e-01   0.0000
  1.34455040e-01   0.0000
  7.80201852e-02   0.0000
  5.31594932e-01   0.0000
 -2.09610566e-01   0.0000
 -3.35913002e-01   0.0000
 -3.86191785e-01   0.0000
  1.31248459e-01   0.0000
 -5.27122915e-01   0.0000
 -2.34737158e-01   0.0000
 -1.71137899e-01   0.0000
 -4.97625284e-02   0.0000
 -4.98888403e-01   0.0000
  6.18632495e-01   0.0000
 -3.60274613e-01   0.0000
 -2.50942916e-01   0.0000
 -8.66938889e-01   0.0000
  2.42811292e-01   0.0000
 -5.44855058e-01   0.0000
 -2.93079972e-01   0.0000
  1.42831057e-01   0.0000
 -1.97855204e-01   0.0000
  4.71593551e-02   0.0000
  4.23562765e-01   0.0000
  2.48889998e-01   0.0000
  1.83456820e-02   0.0000
  1.72360808e-01   0.0000
  6.04220867e-01   0.0000
 -1.55979320e-01   0.0000
 -1.53744638e-01   0.0000
 -3.97303671e-01   0.0000
 -2.13782042e-02   0.0000
 -4.92994696e-01   0.0000
  6.39700964e-02   0.0000
 -6.43349439e-03   0.0000
 -4.29037601e-01   0.0000
 -2.25460723e-01   0.0000
  2.38219559e-01   0.0000
  6.68943301e-02   0.0000
  1.11846894e-01   0.0000
 -1.28243196e+00   0.0000
  6.18801005e-02   0.0000
 -7.20704615e-01   0.0000
 -1.00832157e-01   0.0000
  2.03351062e-02   0.0000
  2.72866398e-01   0.0000
 -8.04407299e-02   0.0000
  3.15065354e-01   0.0000
  1.57930572e-02   0.0000
 -2.25518703e-01   0.0000
  2.19057081e-03   0.0000
 -1.43487558e-01   0.0000
 -1.33495450e-01   0.0000
 -1.06126063e-01   0.0000
 -2.22366542e-01   0.0000
  1.71559691e-01   0.0000
 -4.07131702e-01   0.0000
  3.71677369e-01   0.0000
 -3.81422967e-01   0.0000
 -3.49761724e-01   0.0000
 -2.18789220e-01   0.0000
 -1.64094225e-01   0.0000
  7.31325567e-01   0.0000
  8.36153999e-02   0.0000
 -7.04696059e-01   0.0000
 -3.61514091e-01   0.0000
 -9.17727947e-01   0.0000
  4.36830282e-01   0.0000
 -1.35045975e-01   0.0000
  1.48328155e-01   0.0000
 -4.05989587e-01   0.0000
  3.08690760e-02   0.0000
 -2.86317438e-01   0.0000
 -3.57526243e-01   0.0000
  2.50859797e-01   0.0000
 -1.98630959e-01   0.0000
 -3.01806331e-01   0.0000
 -1.25834629e-01   0.0000
 -1.48516729e-01   0.0000
 -5.08961715e-02   0.0000
 -5.28923154e-01   0.0000
  1.31241515e-01   0.0000
 -4.44971472e-01   0.0000
 -1.26706496e-01   0.0000
 -8.31682980e-01   0.0000
  1.24336645e-01   0.0000
  3.19064200e-01   0.0000
 -2.29972377e-01   0.0000
 -2.44545117e-01   0.0000
 -2.88322680e-02   0.0000
 -8.37630510e-01   0.0000
  3.36323500e-01   0.0000
 -1.05314218e-01   0.0000
  1.71710297e-01   0.0000
 -4.95046854e-01   0.0000
 -2.71763280e-02   0.0000
 -1.96674541e-01   0.0000
 -7.23432899e-02   0.0000
  2.72375852e-01   0.0000
 -8.78208727e-02   0.0000
 -1.29712075e-01   0.0000
 -1.81807458e-01   0.0000
 -2.43477881e-01   0.0000
  3.02942214e-03   0.0000
 -4.51475441e-01   0.0000
  2.71154106e-01   0.0000
 -2.13900387e-01   0.0000
 -3.30985725e-01   0.0000
 -1.09666157e+00   0.0000
  1.44278005e-01   0.0000
  3.14119488e-01   0.0000
 -9.04057920e-02   0.0000
 -1.87438857e-02   0.0000
  1.99410826e-01   0.0000
 -7.94991136e-01   0.0000
  1.02317678e-02   0.0000
  4.02410626e-02   0.0000
 -3.43674831e-02   0.0000
 -2.05584139e-01   0.0000
 -1.14954554e-01   0.0000
 -1.79683566e-01   0.0000
  1.67399198e-01   0.0000
  6.02890411e-03   0.0000
  5.45103513e-02   0.0000
 -2.04877615e-01   0.0000
  9.38671455e-02   0.0000
 -2.40893327e-02   0.0000
 -5.63465245e-03   0.0000
 -4.19548512e-01   0.0000
 -1.25487745e-01   0.0000
 -2.17767768e-02   0.0000
 -2.50176108e-03   0.0000
 -6.35155559e-01   0.0000
  2.37934217e-01   0.0000
  2.47387305e-01   0.0000
 -8.56848583e-02   0.0000
  1.45738140e-01   0.0000
  3.37678283e-01   0.0000
 -3.88186842e-01   0.0000
 -9.49641541e-02   0.0000
 -2.89557967e-02   0.0000
 -8.22417662e-02   0.0000
  8.74619409e-02   0.0000
 -4.51963544e-01   0.0000
  1.21037699e-02   0.0000
  1.19362824e-01   0.0000
 -4.52626169e-01   0.0000
  2.12074772e-01   0.0000
 -9.34107080e-02   0.0000
  7.74298459e-02   0.0000
 -1.02086753e-01   0.0000
  1.06796190e-01   0.0000
 -3.34952086e-01   0.0000
 -8.83176327e-02   0.0000
 -6.64201155e-02   0.0000
  6.00102007e-01   0.0000
 -2.58873224e-01   0.0000
  1.97126016e-01   0.0000
  5.10309860e-02   0.0000
 -1.51692435e-01   0.0000
  1.98577926e-01   0.0000
  1.55474663e-01   0.0000
 -3.15564990e-01   0.0000
 -6.46609440e-02   0.0000
 -5.68198413e-02   0.0000
 -4.61794853e-01   0.0000
  1.19073831e-01   0.0000
 -2.97575831e-01   0.0000
  3.49645406e-01   0.0000
  1.54947221e-01   0.0000
 -8.35301727e-02   0.0000
  9.46462229e-02   0.0000
 -1.29532993e-01   0.0000
 -2.96582151e-02   0.0000
  3.56356919e-01   0.0000
 -1.13203399e-01   0.0000
 -1.10043362e-01   0.0000
 -1.02760971e-01   0.0000
 -1.60009786e-01   0.0000
  4.52635705e-01   0.0000
 -7.82633945e-02   0.0000
  3.11276078e-01   0.0000
 -2.53994986e-02   0.0000
 -1.49799585e-01   0.0000
  2.58382976e-01   0.0000
 -2.51012743e-01   0.0000
  4.12289537e-02   0.0000
  1.75377175e-01   0.0000
 -2.60633349e-01   0.0000
 -3.11707079e-01   0.0000
  1.06799141e-01   0.0000
  3.34831297e-01   0.0000
  7.57787898e-02   0.0000
 -1.31874904e-01   0.0000
 -5.88129312e-02   0.0000
  5.27483486e-02   0.0000
 -1.51397381e-02   0.0000
  1.84997186e-01   0.0000
  1.89612061e-01   0.0000
 -8.34994987e-02   0.0000
  4.39459383e-01   0.0000
 -4.70120251e-01   0.0000
  1.56285651e-02   0.0000
 -2.93648448e-02   0.0000
  6.35047674e-01   0.0000
  1.81562200e-01   0.0000
  2.34881276e-03   0.0000
  3.85070927e-02   0.0000
  4.35761511e-01   0.0000
 -1.58716425e-01   0.0000
  1.09535903e-01   0.0000
 -9.33475494e-02   0.0000
  3.06556281e-02   0.0000
 -2.99481273e-01   0.0000
 -1.76395655e-01   0.0000
  5.43684721e-01   0.0000
  3.99201512e-02   0.0000
 -7.47383311e-02   0.0000
 -2.28772670e-01   0.0000
 -2.46658713e-01   0.0000
 -6.27802126e-03   0.0000
  2.13235617e-01   0.0000
  4.98180389e-01   0.0000
  2.78608724e-02   0.0000
  4.96078044e-01   0.0000
 -3.87275010e-01   0.0000
  1.19520642e-01   0.0000
 -2.40142029e-02   0.0000
  7.71623909e-01   0.0000
  2.12885693e-01   0.0000
  4.30728734e-01   0.0000
  2.70410955e-01   0.0000
  3.74177665e-01   0.0000
 -8.11554417e-02   0.0000
 -5.53977676e-02   0.0000
 -6.11717142e-02   0.0000
  8.57721493e-02   0.0000
 -2.91390605e-02   0.0000
 -1.96792677e-01   0.0000
  5.36422610e-01   0.0000
 -2.71697907e-04   0.0000
  7.82815441e-02   0.0000
 -8.54624882e-02   0.0000
  1.64588809e-01   0.0000
 -3.62998880e-02   0.0000
  2.33830512e-01   0.0000
  4.78620194e-02   0.0000
  5.70046976e-02   0.0000
  5.66448331e-01   0.0000
  8.24979618e-02   0.0000
  4.16216115e-03   0.0000
 -3.38191986e-02   0.0000
  2.36390278e-01   0.0000
  2.48551413e-01   0.0000
  2.18695268e-01   0.0000
  3.35382111e-02   0.0000
  2.71018237e-01   0.0000
  7.63003305e-02   0.0000
 -1.43693760e-01   0.0000
  1.52270794e-01   0.0000
 -1.06959373e-01   0.0000
  8.91226679e-02   0.0000
 -2.54218400e-01   0.0000
  2.90049255e-01   0.0000
  2.03335583e-02   0.0000
  1.26602724e-01   0.0000
 -2.05795646e-01   0.0000
  1.75023809e-01   0.0000
  6.78787660e-03   0.0000
  1.17319025e-01   0.0000
  1.21896818e-01   0.0000
  1.05710611e-01   0.0000
  2.66021818e-01   0.0000
  3.58820796e-01   0.0000
 -1.10145537e-02   0.0000
 -1.26430556e-01   0.0000
  5.43788336e-02   0.0000
 -6.35091774e-03   0.0000
  3.23690385e-01   0.0000
 -7.66745806e-02   0.0000
  6.07599178e-03   0.0000
  1.25755951e-01   0.0000
 -4.63910341e-01   0.0000
 -6.73554540e-02   0.0000
 -2.70915240e-01   0.0000
  7.24996403e-02   0.0000
 -1.61912546e-01   0.0000
 -1.82616562e-01   0.0000
  1.92809626e-01   0.0000
  7.31940642e-02   0.0000
 -9.11583006e-02   0.0000
  6.94085583e-02   0.0000
 -1.10554546e-01   0.0000
  6.23448230e-02   0.0000
 -1.31599354e-02   0.0000
  2.46142417e-01   0.0000
  3.75440598e-01   0.0000
  6.23430133e-01   0.0000
 -3.50314118e-02   0.0000
  9.14831553e-03   0.0000
  1.01988398e-01   0.0000
 -2.06709966e-01   0.0000
  5.50000548e-01   0.0000
  1.84829980e-01   0.0000
  8.69335420e-03   0.0000
 -4.05525602e-02   0.0000
 -2.11798087e-01   0.0000
 -4.13996428e-02   0.0000
 -3.23751628e-01   0.0000
  9.58403498e-02   0.0000
 -2.60706782e-01   0.0000
 -5.42137623e-01   0.0000
 -1.10824360e-02   0.0000
 -1.02142207e-01   0.0000
  5.45971878e-02   0.0000
 -1.09508581e-01   0.0000
  1.29067106e-02   0.0000
  1.49790525e-01   0.0000
  7.27063715e-02   0.0000
  3.32146958e-02   0.0000
  2.19048962e-01   0.0000
  5.19639611e-01   0.0000
  3.58714983e-02   0.0000
 -1.08302705e-01   0.0000
  1.86488822e-01   0.0000
 -3.36376190e-01   0.0000
  6.82361662e-01   0.0000
  9.86169800e-02   0.0000
  2.87129492e-01   0.0000
 -4.08015773e-02   0.0000
 -1.80012316e-01   0.0000
  6.10630959e-02   0.0000
 -1.61312327e-01   0.0000
  5.11849020e-03   0.0000
 -7.59675652e-02   0.0000
 -5.38245559e-01   0.0000
  5.72472028e-02   0.0000
  1.39835462e-01   0.0000
 -2.60086656e-02   0.0000
 -7.00176209e-02   0.0000
  1.08571248e-02   0.0000
  5.93477450e-02   0.0000
 -5.48457392e-02   0.0000
  2.15403363e-01   0.0000
  2.50046283e-01   0.0000
  2.02516362e-01   0.0000
  1.61027014e-01   0.0000
 -2.20116466e-01   0.0000
  2.36910865e-01   0.0000
 -3.59642565e-01   0.0000
  3.44942570e-01   0.0000
  1.03161037e-01   0.0000
  2.42425472e-01   0.0000
 -2.15822399e-01   0.0000
 -1.15025088e-01   0.0000
 -7.38566518e-02   0.0000
 -9.44121629e-02   0.0000
 -7.19229728e-02   0.0000
 -1.14776455e-01   0.0000
 -2.98815429e-01   0.0000
 -1.32528499e-01   0.0000
 -6.36132360e-02   0.0000
  1.12424605e-01   0.0000
 -3.47882628e-01   0.0000
 -1.22322887e-02   0.0000
 -7.62177631e-02   0.0000
 -1.80624053e-01   0.0000
 -3.12307626e-01   0.0000
 -1.68095559e-01   0.0000
 -4.67229754e-01   0.0000
  1.55348526e-02   0.0000
  1.47757679e-01   0.0000
 -6.76247254e-02   0.0000
 -3.16586584e-01   0.0000
  3.20742168e-02   0.0000
 -4.25946236e-01   0.0000
  6.56126916e-01   0.0000
 -1.97502777e-01   0.0000
 -8.19570661e-01   0.0000
 -1.48968235e-01   0.0000
  2.59941369e-01   0.0000
 -2.06490070e-01   0.0000
 -3.24440002e-01   0.0000
  3.91610950e-01   0.0000
 -3.57901841e-01   0.0000
  3.18296701e-01   0.0000
  1.34699687e-01   0.0000
  2.92123139e-01   0.0000
  9.49263722e-02   0.0000
  6.82686642e-02   0.0000
  1.24943759e-02   0.0000
  6.41131774e-02   0.0000
 -3.25988173e-01   0.0000
 -3.94884348e-02   0.0000
  1.18492529e-01   0.0000
  4.04132456e-02   0.0000
 -5.65151609e-02   0.0000
 -1.80037647e-01   0.0000
  1.38264829e-02   0.0000
 -2.57355005e-01   0.0000
 -3.28708380e-01   0.0000
 -1.74067050e-01   0.0000
 -3.41293514e-01   0.0000
  7.63807669e-02   0.0000
  7.51687272e-04   0.0000
 -4.13135961e-02   0.0000
  3.28658879e-01   0.0000
  1.69842213e-01   0.0000
  8.84406175e-03   0.0000
 -1.89072043e-01   0.0000
  2.49443464e-02   0.0000
  2.02555701e-01   0.0000
  1.73391387e-01   0.0000
  5.11330031e-02   0.0000
  3.85734364e-02   0.0000
  5.52445315e-02   0.0000
 -3.39244545e-01   0.0000
  3.97326916e-01   0.0000
  1.16645306e-01   0.0000
 -1.12034410e-01   0.0000
 -1.47701742e-03   0.0000
 -2.59173453e-01   0.0000
  2.15682223e-01   0.0000
 -4.13308963e-02   0.0000
 -4.30715173e-01   0.0000
 -8.47133622e-02   0.0000
  8.55760872e-02   0.0000
  2.90065646e-01   0.0000
 -2.80353904e-01   0.0000
 -2.19846904e-01   0.0000
  3.02119672e-01   0.0000
 -3.00111622e-01   0.0000
  2.55083144e-01   0.0000
 -3.50666881e-01   0.0000
  5.38352504e-02   0.0000
  1.86482087e-01   0.0000
  3.05297598e-02   0.0000
  4.70491722e-02   0.0000
  1.10130999e-02   0.0000
  6.77556098e-02   0.0000
 -1.44235626e-01   0.0000
  3.74497741e-01   0.0000
 -9.99238435e-03   0.0000
 -2.28134558e-01   0.0000
 -1.46632120e-01   0.0000
 -4.93525751e-02   0.0000
  3.15341681e-01   0.0000
 -7.14432895e-02   0.0000
 -3.18077058e-01   0.0000
 -1.97661873e-02   0.0000
  6.83209300e-02   0.0000
  1.52647812e-02   0.0000
 -3.59536827e-01   0.0000
 -5.18643744e-02   0.0000
  1.79086085e-02   0.0000
 -4.91663069e-01   0.0000
  1.43532366e-01   0.0000
 -4.06373799e-01   0.0000
  4.54448044e-01   0.0000
 -2.08507001e-01   0.0000
  2.88449917e-02   0.0000
  1.23470090e-01   0.0000
  9.35938396e-03   0.0000
  5.28227650e-02   0.0000
 -1.95220724e-01   0.0000
  5.40111065e-01   0.0000
 -2.76575666e-02   0.0000
 -2.29246646e-01   0.0000
 -1.22596011e-01   0.0000
  1.03642732e-01   0.0000
  3.81915212e-01   0.0000
 -2.31882989e-01   0.0000
 -4.02861416e-01   0.0000
  6.57717958e-02   0.0000
  1.37167647e-01   0.0000
 -1.42099202e-01   0.0000
 -4.05577779e-01   0.0000
 -1.98787764e-01   0.0000
  1.69730812e-01   0.0000
 -3.11871678e-01   0.0000
  7.70691708e-02   0.0000
 -3.40900570e-01   0.0000
  3.89576256e-01   0.0000
 -1.25571564e-01   0.0000
  8.07772875e-02   0.0000
  1.02582075e-01   0.0000
 -3.12529020e-02   0.0000
  1.01321153e-01   0.0000
 -1.48301932e-03   0.0000
  4.75623161e-01   0.0000
  3.68537777e-03   0.0000
 -2.63730705e-01   0.0000
 -1.76696584e-01   0.0000
  1.89619228e-01   0.0000
  1.29121453e-01   0.0000
 -7.12272525e-02   0.0000
 -1.78577527e-01   0.0000
  5.98151535e-02   0.0000
  8.89797136e-02   0.0000
 -1.44617587e-01   0.0000
 -2.81369656e-01   0.0000
 -3.04521788e-02   0.0000
 -5.83332684e-03   0.0000
 -2.05765411e-01   0.0000
  7.57733062e-02   0.0000
 -9.16951001e-02   0.0000
  1.95055366e-01   0.0000
 -1.64481878e-01   0.0000
  7.62228072e-02   0.0000
  4.64407764e-02   0.0000
  4.43614349e-02   0.0000
  2.62752380e-02   0.0000
 -4.60977107e-02   0.0000
  1.82535335e-01   0.0000
 -1.15100719e-01   0.0000
 -1.42116368e-01   0.0000
 -2.53171593e-01   0.0000
  6.76500890e-03   0.0000
  1.09843150e-01   0.0000
  7.23461360e-02   0.0000
 -8.47035497e-02   0.0000
  9.41404775e-02   0.0000
  1.31228462e-01   0.0000
 -2.16781706e-01   0.0000
 -3.67898569e-02   0.0000
 -5.37466779e-02   0.0000
  1.50671929e-01   0.0000
  4.09314930e-02   0.0000
  1.28193498e-01   0.0000
  3.14161330e-02   0.0000
  1.71179250e-01   0.0000
 -3.60592216e-01   0.0000
 -1.62504297e-02   0.0000
  1.67292163e-01   0.0000
  1.15506597e-01   0.0000
  9.67452452e-02   0.0000
  2.57214997e-02   0.0000
  1.16234846e-01   0.0000
 -6.70335367e-02   0.0000
  8.00173432e-02   0.0000
  1.40892863e-02   0.0000
 -6.97661266e-02   0.0000
  5.66496365e-02   0.0000
  4.33687530e-02   0.0000
 -2.32506730e-02   0.0000
  1.45042911e-01   0.0000
  7.90735930e-02   0.0000
  4.90776189e-02   0.0000
 -6.74603228e-03   0.0000
  2.82733631e-03   0.0000
  1.69193372e-01   0.0000
 -1.04234917e-02   0.0000
 -1.15453778e-02   0.0000
  1.00477375e-01   0.0000
  6.81040645e-01   0.0000
  1.56610027e-01   0.0000
  3.04612312e-02   0.0000
  2.09158048e-01   0.0000
 -7.49354661e-02   0.0000
 -8.53568912e-02   0.0000
 -5.45170158e-02   0.0000
  8.94438028e-01   0.0000
 -1.36743248e-01   0.0000
 -7.88466454e-01   0.0000
 -1.77192554e-01   0.0000
  1.56254673e+00   0.0000
 -1.77169994e-01   0.0000
  6.77890033e-02   0.0000
 -3.10651004e-01   0.0000
  8.26780424e-02   0.0000
 -5.62484413e-02   0.0000
 -1.39102590e+00   0.0000
 -2.17844650e-01   0.0000
  3.13244879e-01   0.0000
 -1.43254057e-01   0.0000
 -1.21184516e+00   0.0000
 -4.37895834e-01   0.0000
  5.51054955e-01   0.0000
  8.35748613e-02   0.0000
  3.20434868e-01   0.0000
  4.80525196e-03   0.0000
  5.77646419e-02   0.0000
  2.24887654e-02   0.0000
  2.20246941e-01   0.0000
  4.53448564e-01   0.0000
  7.96896756e-01   0.0000
  1.38802141e-01   0.0000
 -2.35946506e-01   0.0000
  3.93948466e-01   0.0000
  1.00046062e+00   0.0000
 -1.49378315e-01   0.0000
  3.82155210e-01   0.0000
  1.72679484e-01   0.0000
  1.98379323e-01   0.0000
 -1.56090427e-02   0.0000
 -1.81764126e-01   0.0000
 -5.73199987e-01   0.0000
  3.86152595e-01   0.0000
  1.60166159e-01   0.0000
 -1.37981319e+00   0.0000
  7.59038776e-02   0.0000
 -4.71232414e-01   0.0000
 -2.99971968e-01   0.0000
  2.58943081e-01   0.0000
 -2.20599007e-02   0.0000
 -1.74371675e-01   0.0000
  3.02122653e-01   0.0000
  3.14817756e-01   0.0000
  4.38173294e-01   0.0000
  1.45638943e-01   0.0000
  3.85459848e-02   0.0000
 -8.93444419e-02   0.0000
  6.71107173e-01   0.0000
  5.57318151e-01   0.0000
 -1.04007877e-01   0.0000
  2.95434356e-01   0.0000
  4.26235497e-01   0.0000
  6.92806989e-02   0.0000
 -2.10531250e-01   0.0000
  5.10942079e-02   0.0000
  1.79795042e-01   0.0000
  5.26491515e-02   0.0000
  5.62413819e-02   0.0000
 -7.60388136e-01   0.0000
 -7.33841732e-02   0.0000
 -3.19632232e-01   0.0000
 -1.02874130e-01   0.0000
  2.21294641e-01   0.0000
 -5.87122105e-02   0.0000
 -3.57384592e-01   0.0000
  6.96953833e-02   0.0000
  6.38813525e-02   0.0000
  2.29777902e-01   0.0000
 -4.12691176e-01   0.0000
  4.73216586e-02   0.0000
  1.18407823e-01   0.0000
  1.98911965e-01   0.0000
  4.79390740e-01   0.0000
 -4.38020945e-01   0.0000
 -2.40451526e-02   0.0000
  3.90151858e-01   0.0000
 -2.03343913e-01   0.0000
 -2.07330838e-01   0.0000
  2.49605812e-02   0.0000
  4.30026889e-01   0.0000
 -2.04497557e-02   0.0000
 -2.60528531e-02   0.0000
 -1.14199720e-01   0.0000
 -2.59680133e-02   0.0000
  1.08199812e-01   0.0000
 -1.08882248e-01   0.0000
  7.15920180e-02   0.0000
 -1.70809180e-01   0.0000
 -2.31694743e-01   0.0000
 -6.85337111e-02   0.0000
  1.92762981e-03   0.0000
 -1.89497754e-01   0.0000
 -1.52466029e-01   0.0000
 -7.46466070e-02   0.0000
  4.76660013e-01   0.0000
 -7.12519661e-02   0.0000
  2.39319861e-01   0.0000
 -7.12944150e-01   0.0000
 -8.99750143e-02   0.0000
  3.36720169e-01   0.0000
 -3.89269590e-01   0.0000
 -5.40959872e-02   0.0000
 -4.27873880e-01   0.0000
  6.70531914e-02   0.0000
 -2.62431026e-01   0.0000
 -3.76582816e-02   0.0000
  8.73485804e-02   0.0000
  6.61642253e-02   0.0000
  3.00687343e-01   0.0000
 -6.18911237e-02   0.0000
  1.72578707e-01   0.0000
 -1.26767427e-01   0.0000
 -2.60511041e-01   0.0000
 -4.46372926e-02   0.0000
 -5.30762486e-02   0.0000
 -1.22883238e-01   0.0000
  2.71484166e-01   0.0000
 -8.46751779e-02   0.0000
  3.59111786e-01   0.0000
 -1.72092110e-01   0.0000
  1.49728224e-01   0.0000
 -5.28330505e-01   0.0000
 -2.60365456e-01   0.0000
  1.88102841e-01   0.0000
 -5.30892611e-02   0.0000
 -8.55542049e-02   0.0000
 -6.80787504e-01   0.0000
 -1.98939517e-01   0.0000
 -4.19267863e-02   0.0000
 -1.12713397e-01   0.0000
 -1.95897013e-01   0.0000
  3.31080079e-01   0.0000
  1.24520451e-01   0.0000
 -5.92752639e-03   0.0000
  1.28771126e-01   0.0000
 -2.21368577e-02   0.0000
 -1.40684918e-01   0.0000
 -4.27784286e-02   0.0000
  6.11738749e-02   0.0000
  9.18036476e-02   0.0000
  5.38665295e-01   0.0000
 -1.70251593e-01   0.0000
  4.84395996e-02   0.0000
 -2.43476629e-01   0.0000
  9.61822420e-02   0.0000
 -2.56825686e-01   0.0000
  7.53175467e-03   0.0000
  6.84374571e-02   0.0000
  1.27641946e-01   0.0000
  1.14189992e-02   0.0000
 -2.52119035e-01   0.0000
 -1.77025974e-01   0.0000
 -1.09018050e-01   0.0000
  2.13934537e-02   0.0000
 -1.10999346e-01   0.0000
  2.56207854e-01   0.0000
 -3.59921977e-02   0.0000
  6.00460395e-02   0.0000
  2.26198122e-01   0.0000
  4.29577474e-03   0.0000
  1.06419779e-01   0.0000
 -1.57783218e-02   0.0000
  7.86883906e-02   0.0000
  1.86188873e-02   0.0000
  4.03349578e-01   0.0000
 -1.45822018e-01   0.0000
  1.56800002e-01   0.0000
 -2.21844003e-01   0.0000
  1.25460709e-02   0.0000
  2.20581722e-02   0.0000
  7.32915998e-02   0.0000
  5.04782461e-02   0.0000
 -2.99695078e-02   0.0000
  1.08771928e-01   0.0000
 -1.05888978e-01   0.0000
 -9.13983583e-02   0.0000
  9.05264094e-02   0.0000
 -1.77528813e-01   0.0000
 -4.27722260e-02   0.0000
  2.30786413e-01   0.0000
  1.09946676e-01   0.0000
 -3.33961546e-01   0.0000
  4.81685281e-01   0.0000
 -2.83240050e-01   0.0000
  1.14357345e-01   0.0000
 -3.36211741e-01   0.0000
  1.50165364e-01   0.0000
 -4.00461495e-01   0.0000
 -2.81395882e-01   0.0000
 -4.53474164e-01   0.0000
 -7.31172189e-02   0.0000
 -5.13005257e-01   0.0000
 -1.61881059e-01   0.0000
  8.41296792e-01   0.0000
 -6.16909703e-04   0.0000
 -4.70874786e-01   0.0000
  1.69167250e-01   0.0000
  9.14559722e-01   0.0000
  3.65302205e-01   0.0000
  1.54089674e-01   0.0000
  1.32915288e-01   0.0000
 -5.67073748e-02   0.0000
  7.95504808e-01   0.0000
  1.63529605e-01   0.0000
  2.64339782e-02   0.0000
 -1.25493407e-01   0.0000
  9.39030111e-01   0.0000
 -1.34058401e-01   0.0000
  3.07364110e-02   0.0000
 -7.40459487e-02   0.0000
  1.68461818e-02   0.0000
 -4.00041938e-01   0.0000
  7.71304220e-02   0.0000
 -2.88261741e-01   0.0000
 -4.99896824e-01   0.0000
  6.88699186e-02   0.0000
 -5.83369076e-01   0.0000
  5.56692421e-01   0.0000
  1.65283635e-01   0.0000
 -1.35467991e-01   0.0000
  1.58921108e-01   0.0000
  2.19415486e-01   0.0000
 -1.34569868e-01   0.0000
 -2.40963753e-02   0.0000
  3.13524932e-01   0.0000
 -3.59299630e-01   0.0000
 -4.14953172e-01   0.0000
  3.10506284e-01   0.0000
 -3.52483869e-01   0.0000
 -1.97075214e-02   0.0000
  4.64048564e-01   0.0000
 -5.23204431e-02   0.0000
 -2.38388136e-01   0.0000
 -7.77888522e-02   0.0000
 -6.69193417e-02   0.0000
 -1.78695887e-01   0.0000
 -2.33592521e-02   0.0000
 -1.43654436e-01   0.0000
  6.42666817e-02   0.0000
  8.70911777e-02   0.0000
 -7.06021070e-01   0.0000
  9.31231603e-02   0.0000
  1.99986577e-01   0.0000
  1.20261244e-01   0.0000
 -1.66857541e-01   0.0000
 -5.38579464e-01   0.0000
  1.67352244e-01   0.0000
  3.42718884e-02   0.0000
  3.66303593e-01   0.0000
 -3.59701604e-01   0.0000
 -5.24313688e-01   0.0000
  3.78273249e-01   0.0000
 -3.28843445e-01   0.0000
  1.88671097e-01   0.0000
  8.18920583e-02   0.0000
 -1.35472566e-01   0.0000
 -2.59296119e-01   0.0000
 -1.06261566e-01   0.0000
 -9.52101499e-02   0.0000
 -5.41612864e-01   0.0000
 -5.00597715e-01   0.0000
 -1.11109130e-01   0.0000
  3.58116210e-01   0.0000
 -3.24530602e-02   0.0000
 -4.91109729e-01   0.0000
 -2.16977626e-01   0.0000
  4.59823990e-03   0.0000
  1.07862353e-01   0.0000
 -2.58166268e-02   0.0000
 -7.35867381e-01   0.0000
  4.20848608e-01   0.0000
  2.27924764e-01   0.0000
 -5.54302000e-02   0.0000
 -2.36651093e-01   0.0000
 -5.10975569e-02   0.0000
  1.23952471e-01   0.0000
 -1.04061753e-01   0.0000
  2.16706634e-01   0.0000
  1.30809382e-01   0.0000
 -1.27786636e-01   0.0000
 -1.98501647e-01   0.0000
 -8.17933530e-02   0.0000
 -1.49133384e-01   0.0000
 -3.87919664e-01   0.0000
  3.95530723e-02   0.0000
 -3.71134467e-02   0.0000
  2.77126670e-01   0.0000
 -2.48945177e-01   0.0000
 -3.32318753e-01   0.0000
 -4.33373272e-01   0.0000
 -1.09000511e-01   0.0000
  1.15734011e-01   0.0000
 -1.24257915e-01   0.0000
 -4.59431022e-01   0.0000
  3.53205681e-01   0.0000
  4.59086925e-01   0.0000
 -5.21018729e-02   0.0000
 -2.88873762e-01   0.0000
 -1.23193741e-01   0.0000
  1.40865564e-01   0.0000
 -1.26958981e-01   0.0000
  1.46181986e-01   0.0000
  1.00026214e-02   0.0000
  6.32044440e-03   0.0000
 -3.58971320e-02   0.0000
 -4.48320135e-02   0.0000
 -1.85524262e-02   0.0000
  8.16024840e-02   0.0000
  3.15297216e-01   0.0000
 -1.08408518e-01   0.0000
  2.03748167e-01   0.0000
 -1.00593671e-01   0.0000
 -2.14453563e-01   0.0000
 -2.97231376e-01   0.0000
 -8.24276060e-02   0.0000
  6.61650524e-02   0.0000
  1.14234053e-02   0.0000
 -1.82890426e-02   0.0000
  4.57581520e-01   0.0000
  1.77980736e-01   0.0000
  2.40083203e-01   0.0000
 -2.00178191e-01   0.0000
  3.03647786e-01   0.0000
  1.78056553e-01   0.0000
 -9.66691375e-02   0.0000
  1.06037542e-01   0.0000
  8.10246393e-02   0.0000
  1.34673610e-01   0.0000
  2.95822900e-02   0.0000
 -1.29190892e-01   0.0000
  2.28482820e-02   0.0000
 -1.30766541e-01   0.0000
  6.79677725e-02   0.0000
  1.06095307e-01   0.0000
 -2.00743109e-01   0.0000
 -9.89970472e-03   0.0000
 -4.90926020e-02   0.0000
  1.26899742e-02   0.0000
  2.74605937e-02   0.0000
 -4.43217680e-02   0.0000
 -7.97812715e-02   0.0000
 -4.64428682e-03   0.0000
  7.88209438e-02   0.0000
  1.33551523e-01   0.0000
  1.54347971e-01   0.0000
  1.21018514e-02   0.0000
  1.70293450e-01   0.0000
  6.43965080e-02   0.0000
 -1.00290075e-01   0.0000
  2.41706207e-01   0.0000
  4.52196240e-01   0.0000
 -1.81619711e-02   0.0000
  3.17863114e-02   0.0000
  2.82723792e-02   0.0000
 -2.92375907e-02   0.0000
 -1.06409729e-01   0.0000
  2.06018239e-02   0.0000
 -1.09331468e-02   0.0000
 -1.87903121e-01   0.0000
 -2.02812534e-02   0.0000
 -8.40293393e-02   0.0000
 -1.73762590e-01   0.0000
 -8.68118405e-02   0.0000
  4.35529798e-02   0.0000
  1.78263113e-01   0.0000
  5.78615591e-02   0.0000
 -1.70048967e-01   0.0000
  1.58304930e-01   0.0000
  1.84059083e-01   0.0000
 -5.40308934e-03   0.0000
  1.06882118e-01   0.0000
  1.34261161e-01   0.0000
  1.54594844e-02   0.0000
  8.69854450e-01   0.0000
  4.78553437e-02   0.0000
 -8.36893991e-02   0.0000
  2.38421094e-02   0.0000
 -4.80186827e-02   0.0000
 -1.31150350e-01   0.0000
 -1.26288816e-01   0.0000
 -5.90997875e-01   0.0000
  8.81621428e-03   0.0000
 -3.27146351e-01   0.0000
  5.41168332e-01   0.0000
  5.79618514e-01   0.0000
 -8.52358639e-02   0.0000
 -3.64543982e-02   0.0000
  4.14444834e-01   0.0000
  6.40767906e-03   0.0000
 -3.59831542e-01   0.0000
 -1.05720676e-01   0.0000
  6.81328177e-01   0.0000
  3.84863496e-01   0.0000
 -1.55651838e-01   0.0000
  7.24751711e-01   0.0000
 -1.23082735e-01   0.0000
  5.18605649e-01   0.0000
  9.75442901e-02   0.0000
 -1.42733172e-01   0.0000
 -2.31418163e-01   0.0000
  4.78756167e-02   0.0000
 -1.35725830e-02   0.0000
  1.77768350e-01   0.0000
  2.66550004e-01   0.0000
  7.87794441e-02   0.0000
 -1.78671256e-02   0.0000
  1.40938652e+00   0.0000
 -1.61991194e-02   0.0000
  4.82260436e-03   0.0000
  1.66381732e-01   0.0000
 -1.63434278e-02   0.0000
  6.77401125e-02   0.0000
 -4.07977551e-01   0.0000
  1.43042296e-01   0.0000
 -3.96238044e-02   0.0000
 -2.33408526e-01   0.0000
 -3.97157483e-03   0.0000
  1.63303800e-02   0.0000
  3.54033798e-01   0.0000
  1.06402740e-01   0.0000
  9.73821282e-02   0.0000
  1.32460475e-01   0.0000
  3.52433510e-02   0.0000
  2.53764868e-01   0.0000
 -7.40868598e-02   0.0000
  2.45368504e-03   0.0000
 -3.43195885e-01   0.0000
 -2.29348987e-01   0.0000
  1.93499774e-02   0.0000
  6.93788975e-02   0.0000
  4.60963190e-01   0.0000
 -1.31540289e-02   0.0000
 -3.18379025e-03   0.0000
  2.29545102e-01   0.0000
 -5.76767385e-01   0.0000
  1.68335855e-01   0.0000
  3.04771274e-01   0.0000
 -3.85530926e-02   0.0000
  9.35470939e-01   0.0000
  2.04471409e-01   0.0000
  9.28705409e-02   0.0000
  4.13317531e-02   0.0000
  1.24152645e-01   0.0000
 -1.28775805e-01   0.0000
 -1.96318161e-02   0.0000
 -2.73452513e-03   0.0000
 -1.03520565e-01   0.0000
 -9.81033370e-02   0.0000
 -4.28045765e-02   0.0000
 -5.27603261e-04   0.0000
  3.93489808e-01   0.0000
  1.80286989e-01   0.0000
 -1.51590511e-01   0.0000
 -1.18951872e-01   0.0000
  3.71332541e-02   0.0000
 -1.61669686e-01   0.0000
  1.92702646e-04   0.0000
 -2.52983809e-01   0.0000
 -8.69935602e-02   0.0000
  3.84177343e-04   0.0000
 -2.64968425e-01   0.0000
  1.64235175e-01   0.0000
 -1.78404953e-02   0.0000
 -2.11181238e-01   0.0000
  4.08453792e-02   0.0000
  1.55563325e-01   0.0000
  1.57060862e-01   0.0000
 -1.17351867e-01   0.0000
  8.66762251e-02   0.0000
 -3.68310027e-02   0.0000
 -7.85154551e-02   0.0000
  3.45772386e-01   0.0000
  3.05030320e-04   0.0000
  6.53226003e-02   0.0000
 -1.36402936e-03   0.0000
  1.08819731e-01   0.0000
 -2.36269265e-01   0.0000
 -1.09954134e-01   0.0000
  3.72249812e-01   0.0000
 -2.08620671e-02   0.0000
 -5.25143854e-02   0.0000
  1.40736938e-01   0.0000
  4.91421521e-01   0.0000
  5.88378571e-02   0.0000
 -1.28649980e-01   0.0000
  1.66628674e-01   0.0000
  4.65238482e-01   0.0000
  1.22100739e-02   0.0000
  3.43632028e-02   0.0000
  1.05763882e-01   0.0000
  1.78327143e-01   0.0000
 -5.38426451e-02   0.0000
 -7.68748745e-02   0.0000
 -9.44696739e-02   0.0000
  3.01213637e-02   0.0000
  1.55639350e-01   0.0000
  8.84691030e-02   0.0000
 -2.06063330e-01   0.0000
  3.91897857e-01   0.0000
  9.18481350e-02   0.0000
 -1.85648903e-01   0.0000
 -1.37375295e-01   0.0000
 -4.56656128e-01   0.0000
 -1.17803715e-01   0.0000
 -4.31892608e-04   0.0000
 -2.08806276e-01   0.0000
  1.67391915e-02   0.0000
  5.41569702e-02   0.0000
 -6.63894117e-01   0.0000
  1.69912539e-02   0.0000
  1.68895602e-01   0.0000
 -2.47880712e-01   0.0000
 -2.16285232e-02   0.0000
 -9.87788588e-02   0.0000
  2.57158671e-02   0.0000
  1.14990436e-01   0.0000
 -4.05709967e-02   0.0000
 -3.59945884e-03   0.0000
  1.54928118e-01   0.0000
  4.07758951e-01   0.0000
  4.90617715e-02   0.0000
  1.69990420e-01   0.0000
 -1.59857422e-01   0.0000
 -2.39424095e-01   0.0000
  6.56120554e-02   0.0000
  2.45411089e-03   0.0000
 -5.38886309e-01   0.0000
 -5.25391020e-04   0.0000
 -1.33426964e-01   0.0000
  1.23067116e-02   0.0000
 -2.83288918e-02   0.0000
  1.32012680e-01   0.0000
 -2.10859906e-02   0.0000
  1.86399482e-02   0.0000
  2.78599799e-01   0.0000
  1.30541921e-01   0.0000
 -1.23394907e-01   0.0000
  3.68673056e-02   0.0000
 -2.17483542e-03   0.0000
  1.04908012e-01   0.0000
 -1.06210784e-04   0.0000
  7.57194534e-02   0.0000
 -7.11610168e-02   0.0000
  5.20752847e-01   0.0000
 -1.57124326e-01   0.0000
 -1.01333626e-01   0.0000
  6.96773171e-01   0.0000
 -1.93670675e-01   0.0000
 -1.93394378e-01   0.0000
 -7.25248232e-02   0.0000
 -2.42308244e-01   0.0000
 -1.35000199e-01   0.0000
  3.69628571e-04   0.0000
 -3.36415201e-01   0.0000
  2.21327156e-01   0.0000
 -2.77571172e-01   0.0000
 -5.02470136e-01   0.0000
  3.66743952e-02   0.0000
  3.24777007e-01   0.0000
  2.92602610e-02   0.0000
 -5.20569272e-03   0.0000
  2.89396882e-01   0.0000
 -1.01075828e-01   0.0000
 -1.23535156e-01   0.0000
 -1.57636717e-01   0.0000
 -1.22841060e-01   0.0000
  6.22898620e-03   0.0000
  7.56815016e-01   0.0000
  1.05226226e-02   0.0000
 -6.00833539e-03   0.0000
  7.20396563e-02   0.0000
  3.41248810e-02   0.0000
  1.06650535e-02   0.0000
  3.28307189e-02   0.0000
 -1.40892172e+00   0.0000
  3.83817293e-02   0.0000
  6.39565736e-02   0.0000
  2.95474958e-02   0.0000
 -4.86730635e-01   0.0000
  8.46944824e-02   0.0000
  4.74055171e-01   0.0000
 -5.21983728e-02   0.0000
  4.92447138e-01   0.0000
  1.76769383e-02   0.0000
 -1.28944576e-01   0.0000
  7.29157552e-02   0.0000
  2.26908270e-02   0.0000
 -3.70111084e-03   0.0000
  6.01210585e-03   0.0000
  6.19611703e-02   0.0000
 -1.20789155e-01   0.0000
 -3.52850646e-01   0.0000
  1.18145093e-01   0.0000
 -1.51312858e-01   0.0000
  4.03583199e-01   0.0000
  1.03371345e-01   0.0000
 -3.88040580e-02   0.0000
 -1.46988913e-01   0.0000
 -2.29237288e-01   0.0000
 -3.45554985e-02   0.0000
 -7.05681443e-02   0.0000
 -5.40422082e-01   0.0000
 -4.67606075e-02   0.0000
 -8.88946205e-02   0.0000
 -4.74832237e-01   0.0000
 -7.10380971e-02   0.0000
  3.56279463e-02   0.0000
 -1.03646908e-02   0.0000
 -8.98638275e-03   0.0000
  2.55038261e-01   0.0000
  1.47642523e-01   0.0000
 -1.13822304e-01   0.0000
  4.07383341e-04   0.0000
  7.92563036e-02   0.0000
 -6.21155947e-02   0.0000
 -7.81259120e-01   0.0000
 -2.24544495e-01   0.0000
 -1.72189146e-01   0.0000
 -3.83753389e-01   0.0000
  1.03309117e-01   0.0000
 -1.84955195e-01   0.0000
 -5.71142435e-02   0.0000
 -1.46886337e+00   0.0000
  3.55784357e-01   0.0000
  3.00209671e-02   0.0000
  8.59022141e-04   0.0000
  3.41677099e-01   0.0000
  3.00611947e-02   0.0000
  3.32195103e-01   0.0000
  2.87984367e-02   0.0000
 -9.06452477e-01   0.0000
  1.01476796e-01   0.0000
  8.79369825e-02   0.0000
 -2.59053648e-01   0.0000
 -2.08138242e-01   0.0000
 -1.11924228e-03   0.0000
  1.41656950e-01   0.0000
 -7.10343942e-02   0.0000
 -6.06741793e-02   0.0000
  4.53131795e-01   0.0000
  3.30354348e-02   0.0000
 -5.01624309e-03   0.0000
  9.32909548e-01   0.0000
 -6.11260384e-02   0.0000
 -1.73335541e-02   0.0000
 -1.51871638e-02   0.0000
 -4.16157454e-01   0.0000
 -5.99666946e-02   0.0000
 -2.18716348e-04   0.0000
 -3.12079310e-01   0.0000
 -1.59024000e-01   0.0000
 -2.40693182e-01   0.0000
 -1.14989662e+00   0.0000
  1.53758994e-03   0.0000
  1.57223672e-01   0.0000
 -1.64761886e-01   0.0000
 -5.38991531e-03   0.0000
 -5.42720023e-04   0.0000
 -1.11448988e-01   0.0000
 -7.66859427e-02   0.0000
 -1.16240140e-02   0.0000
 -4.89888806e-03   0.0000
 -1.21983074e-01   0.0000
 -9.06068504e-01   0.0000
 -2.14660773e-03   0.0000
 -9.13423765e-03   0.0000
 -5.29171973e-02   0.0000
 -2.96771765e-01   0.0000
 -4.98457300e-03   0.0000
  1.46841339e-04   0.0000
 -2.16973737e-01   0.0000
  1.91409606e-02   0.0000
  3.76777090e-02   0.0000
  4.09875870e-01   0.0000
  1.47832036e-02   0.0000
  6.00909395e-03   0.0000
 -1.52114257e-02   0.0000
 -2.03671306e-01   0.0000
  7.62358606e-01   0.0000
 -2.55207978e-02   0.0000
  1.78630482e-02   0.0000
 -1.97137818e-01   0.0000
 -1.48042947e-01   0.0000
  7.31244858e-04   0.0000
 -1.04523785e-01   0.0000
 -2.25015357e-02   0.0000
 -1.39056193e-03   0.0000
  1.30043888e+00   0.0000
 -4.95377854e-02   0.0000
  9.03292522e-02   0.0000
  5.49287558e-01   0.0000
  1.11300401e-01   0.0000
 -4.66878247e-03   0.0000
  1.22989312e-01   0.0000
 -5.20426571e-01   0.0000
  2.01186404e-01   0.0000
  6.89426763e-03   0.0000
 -1.15208782e-01   0.0000
  3.82424980e-01   0.0000
  9.21286494e-02   0.0000
  5.10976166e-02   0.0000
 -1.77839264e-01   0.0000
  2.04774827e-01   0.0000
 -5.55607602e-02   0.0000
 -3.05783033e-04   0.0000
 -2.27307200e-01   0.0000
 -1.46529779e-01   0.0000
 -4.79583889e-02   0.0000
 -6.19147606e-02   0.0000
  1.94983467e-01   0.0000
 -1.06814630e-01   0.0000
  3.30079764e-01   0.0000
 -2.51520518e-02   0.0000
  3.56670432e-02   0.0000
 -2.09813327e-01   0.0000
 -3.41748923e-01   0.0000
 -2.95441058e-02   0.0000
  3.41146551e-02   0.0000
  3.84592086e-01   0.0000
 -6.25874624e-02   0.0000
 -1.27230491e-02   0.0000
 -4.48857725e-01   0.0000
 -2.23437890e-01   0.0000
 -1.56997606e-01   0.0000
 -5.00409245e-01   0.0000
  6.46023676e-02   0.0000
  3.05782527e-01   0.0000
  7.16303438e-02   0.0000
  1.27093331e-03   0.0000
  7.12628439e-02   0.0000
 -1.78379547e-02   0.0000
  1.49541971e-04   0.0000
  9.98200104e-02   0.0000
  1.85442786e-03   0.0000
  2.94894520e-02   0.0000
  4.70479339e-01   0.0000
  9.18175578e-02   0.0000
 -5.70711854e-04   0.0000
  7.37322032e-01   0.0000
  2.91211400e-02   0.0000
 -8.34684372e-02   0.0000
  1.94337368e-02   0.0000
 -2.78677046e-01   0.0000
 -2.36527342e-02   0.0000
  1.24027260e-01   0.0000
 -2.75784940e-01   0.0000
 -2.66350746e-01   0.0000
 -4.99617755e-02   0.0000
 -7.72310913e-01   0.0000
  1.24449991e-01   0.0000
 -7.45507121e-01   0.0000
  1.21381572e-02   0.0000
 -2.32534460e-03   0.0000
  8.50217417e-02   0.0000
 -1.60465706e-02   0.0000
 -4.26390618e-02   0.0000
 -1.40395552e-01   0.0000
  1.77009553e-02   0.0000
  7.85137117e-02   0.0000
 -9.02546644e-02   0.0000
  2.78909109e-03   0.0000
  1.50401343e-03   0.0000
 -1.23587281e-01   0.0000
  5.98865598e-02   0.0000
 -9.48218338e-04   0.0000
  9.12252888e-02   0.0000
  3.23249012e-01   0.0000
 -1.89344361e-02   0.0000
 -9.23837579e-05   0.0000
  4.65663038e-02   0.0000
  4.12093222e-01   0.0000
  1.71057686e-01   0.0000
  1.07534183e-02   0.0000
  1.27290443e-01   0.0000
  5.52090704e-01   0.0000
 -1.20753394e-02   0.0000
 -2.28110533e-02   0.0000
  1.92827627e-01   0.0000
  2.29414269e-01   0.0000
  1.33469969e-01   0.0000
  1.34087905e-01   0.0000
 -1.58307850e-01   0.0000
  5.65583035e-02   0.0000
 -7.29712009e-01   0.0000
  1.15845352e-01   0.0000
 -1.19591467e-01   0.0000
 -4.91785109e-01   0.0000
  1.52975738e-01   0.0000
  6.54542446e-03   0.0000
 -2.08561093e-01   0.0000
  4.49496448e-01   0.0000
 -5.68991266e-02   0.0000
 -4.99430224e-02   0.0000
  1.01060428e-01   0.0000
 -1.87524661e-01   0.0000
  3.39731500e-02   0.0000
 -6.24792695e-01   0.0000
 -2.45471969e-02   0.0000
  5.79270601e-01   0.0000
 -1.42320231e-01   0.0000
 -1.23728327e-01   0.0000
  8.11326802e-02   0.0000
  8.64809379e-02   0.0000
 -1.24882102e-01   0.0000
  1.47390574e-01   0.0000
  1.69091877e-02   0.0000
  1.47727411e-03   0.0000
 -2.26271406e-01   0.0000
  7.00516477e-02   0.0000
 -1.29672989e-01   0.0000
  1.70441523e-01   0.0000
  5.66634052e-02   0.0000
  1.52548207e-02   0.0000
  2.48566773e-02   0.0000
 -1.17997730e+00   0.0000
 -1.15804143e-01   0.0000
  1.71511635e-01   0.0000
 -2.12905332e-01   0.0000
 -1.39442593e-01   0.0000
 -2.14535698e-01   0.0000
  1.40731394e-01   0.0000
  1.26714766e-01   0.0000
 -5.59577167e-01   0.0000
  1.26308650e-01   0.0000
  1.49078637e-01   0.0000
 -1.92110315e-01   0.0000
 -6.45668283e-02   0.0000
 -7.53260255e-02   0.0000
  8.55126008e-02   0.0000
 -8.91008452e-02   0.0000
 -9.31055658e-03   0.0000
 -4.33402836e-01   0.0000
 -6.40875660e-03   0.0000
 -1.79675311e-01   0.0000
  1.58216357e-01   0.0000
 -1.50635213e-01   0.0000
  1.39329374e-01   0.0000
  1.41487960e-02   0.0000
  1.05252981e+00   0.0000
 -1.57898501e-01   0.0000
  1.18647754e-01   0.0000
 -1.00916438e-01   0.0000
 -3.81005891e-02   0.0000
 -2.14034140e-01   0.0000
 -2.61405200e-01   0.0000
 -1.26398534e-01   0.0000
 -1.51426926e-01   0.0000
  1.00011956e-02   0.0000
  1.03899576e-01   0.0000
 -1.78320128e-02   0.0000
  2.98695844e-02   0.0000
 -1.98450834e-02   0.0000
 -9.64460000e-02   0.0000
 -7.33914003e-02   0.0000
 -4.20686863e-02   0.0000
  2.00758696e-01   0.0000
  1.20554715e-01   0.0000
  3.94614926e-03   0.0000
 -1.00512967e-01   0.0000
 -4.27076697e-01   0.0000
  2.22616136e-01   0.0000
  1.19386934e-01   0.0000
  1.01962984e+00   0.0000
 -2.78763324e-01   0.0000
 -3.12205888e-02   0.0000
 -1.63678318e-01   0.0000
 -2.51277953e-01   0.0000
  5.58391120e-03   0.0000
 -7.47297108e-02   0.0000
  1.14205636e-01   0.0000
  7.74511039e-01   0.0000
  7.47299194e-02   0.0000
  1.26995087e-01   0.0000
  3.17787588e-01   0.0000
  1.55043751e-01   0.0000
  5.34997657e-02   0.0000
  5.40387444e-02   0.0000
 -1.09173253e-01   0.0000
  1.37174830e-01   0.0000
 -4.90188271e-01   0.0000
 -4.43335027e-02   0.0000
  1.83640269e-03   0.0000
  4.95950967e-01   0.0000
 -1.19930007e-01   0.0000
  3.20199225e-03   0.0000
 -6.33015260e-02   0.0000
  3.83195162e-01   0.0000
 -4.00326960e-02   0.0000
  1.02700420e-01   0.0000
  1.87539577e-01   0.0000
 -4.69939351e-01   0.0000
  1.03837281e-01   0.0000
 -5.40021181e-01   0.0000
 -1.12320825e-01   0.0000
  5.45257181e-02   0.0000
 -2.71319994e-03   0.0000
 -2.47822665e-02   0.0000
  2.31374968e-02   0.0000
  1.01417810e-01   0.0000
 -4.83234525e-02   0.0000
  3.92221287e-02   0.0000
 -1.23715833e-01   0.0000
  1.38585955e-01   0.0000
 -1.02408111e+00   0.0000
 -7.49062793e-03   0.0000
 -2.11690236e-02   0.0000
  4.56617177e-01   0.0000
  1.17695592e-01   0.0000
 -2.49815479e-01   0.0000
  2.04513688e-02   0.0000
  9.89737391e-01   0.0000
  2.76755035e-01   0.0000
  4.60566320e-02   0.0000
  2.40544304e-01   0.0000
  6.86943471e-01   0.0000
  8.41821954e-02   0.0000
  4.09276299e-02   0.0000
 -8.10892042e-03   0.0000
 -6.44845597e-04   0.0000
  3.69447842e-02   0.0000
 -2.13813204e-02   0.0000
  2.38605100e-03   0.0000
 -6.32412359e-02   0.0000
 -8.82905275e-02   0.0000
 -2.51779146e-03   0.0000
 -3.59074213e-02   0.0000
  7.43814185e-03   0.0000
 -1.27528280e-01   0.0000
 -7.62347952e-02   0.0000
 -2.23091431e-02   0.0000
 -6.06222868e-01   0.0000
 -1.01851016e-01   0.0000
  1.31163657e-01   0.0000
 -3.28658372e-02   0.0000
 -5.18112957e-01   0.0000
  4.16350774e-02   0.0000
 -1.40766859e-01   0.0000
 -8.38953108e-02   0.0000
 -2.06595540e-01   0.0000
 -4.58896160e-02   0.0000
  6.57194555e-02   0.0000
 -8.68962407e-02   0.0000
  1.38236001e-01   0.0000
 -7.53733097e-03   0.0000
  7.19826743e-02   0.0000
  2.74738550e-01   0.0000
  7.04372600e-02   0.0000
 -7.30448446e-05   0.0000
 -8.64561573e-02   0.0000
  1.30941242e-01   0.0000
  9.35184136e-02   0.0000
 -5.28259389e-02   0.0000
 -1.87061280e-01   0.0000
 -3.67528051e-02   0.0000
  2.88854599e-01   0.0000
  1.31617263e-02   0.0000
  1.11274607e-02   0.0000
 -1.53676346e-01   0.0000
  1.03471053e+00   0.0000
  2.57996231e-01   0.0000
  4.44747135e-02   0.0000
 -4.83881570e-02   0.0000
  8.52350712e-01   0.0000
  7.52517730e-02   0.0000
  2.98237316e-02   0.0000
 -1.18303865e-01   0.0000
 -3.42686057e-01   0.0000
  1.46762565e-01   0.0000
 -1.09904759e-01   0.0000
 -8.69886279e-02   0.0000
 -2.09397301e-01   0.0000
  3.79629023e-06   0.0000
  1.60453934e-02   0.0000
  1.16430916e-01   0.0000
  1.95810929e-01   0.0000
 -3.98467332e-01   0.0000
  3.32298060e-03   0.0000
  1.24653786e-01   0.0000
  3.27300996e-01   0.0000
 -3.79262626e-01   0.0000
  3.55354130e-01   0.0000
  7.32788593e-02   0.0000
  1.17874539e+00   0.0000
 -2.78101981e-01   0.0000
  1.23410812e-03   0.0000
  4.30816323e-01   0.0000
 -6.89590454e-01   0.0000
  2.27030545e-01   0.0000
 -9.23098326e-01   0.0000
 -2.25841664e-02   0.0000
 -7.39875555e-01   0.0000
  1.01232544e-01   0.0000
  5.11184707e-02   0.0000
  5.82903251e-02   0.0000
 -4.02719192e-02   0.0000
  1.82619020e-02   0.0000
 -4.00604549e-05   0.0000
  1.94978803e-01   0.0000
 -1.97063833e-01   0.0000
 -8.17747056e-01   0.0000
  1.78827614e-01   0.0000
  1.18438959e-01   0.0000
 -3.09857786e-01   0.0000
  4.65739220e-01   0.0000
  3.56968254e-01   0.0000
  3.03732246e-01   0.0000
  5.90544283e-01   0.0000
  4.20621604e-01   0.0000
  9.74578857e-02   0.0000
 -8.83174956e-01   0.0000
  5.45991480e-01   0.0000
 -3.45073432e-01   0.0000
  3.75721276e-01   0.0000
  2.05206335e-01   0.0000
  9.22407210e-01   0.0000
  3.32406431e-01   0.0000
  1.73458129e-01   0.0000
  4.79002118e-01   0.0000
  2.08548248e-01   0.0000
 -3.91006321e-02   0.0000
  1.56348688e-03   0.0000
  0.00000000e+00   0.0000

