 5 0.000000 10
 1 
 Si 28.085500
 0 0.250001 4.500000 0.978124 1.000000 
 5 0 1 2 4 6
 8 2.25000 2.50000 2.75000 3.00000 3.25000 3.50000 3.75000 4.00000
 1 12.169200 6.172630 3.114710 0.755675 0.404939 0.036124 0.650018 0.572890
 4 40 24 24 1
 -8.83968532e-01   0.0000
 -5.05861044e-01   0.0000
 -4.24452484e-01   0.0000
 -4.10351336e-01   0.0000
 -5.12373030e-01   0.0000
 -3.82729732e-02   0.0000
 -6.01104379e-01   0.0000
  3.02594844e-02   0.0000
 -4.00045365e-01   0.0000
  1.41720974e+00   0.0000
 -5.30551851e-01   0.0000
  6.77634835e-01   0.0000
  5.98443747e-02   0.0000
 -7.75561333e-01   0.0000
  4.57396731e-02   0.0000
 -5.71969032e-01   0.0000
 -7.00110495e-01   0.0000
  1.75067246e-01   0.0000
 -7.84630030e-02   0.0000
 -1.17937994e+00   0.0000
 -3.35196257e-01   0.0000
 -1.44543340e-02   0.0000
  2.17945382e-01   0.0000
  1.26649097e-01   0.0000
  7.72268474e-02   0.0000
  5.29996276e-01   0.0000
 -2.05902278e-01   0.0000
 -3.20346415e-01   0.0000
 -3.80513221e-01   0.0000
  1.18089303e-01   0.0000
 -5.04954278e-01   0.0000
 -2.45813042e-01   0.0000
 -1.62068099e-01   0.0000
 -4.33461703e-02   0.0000
 -4.75134075e-01   0.0000
  6.20424628e-01   0.0000
 -3.63846689e-01   0.0000
 -2.54517466e-01   0.0000
 -8.62148583e-01   0.0000
  2.27259487e-01   0.0000
 -5.39022386e-01   0.0000
 -2.94021428e-01   0.0000
  1.46940872e-01   0.0000
 -2.01616675e-01   0.0000
  5.03930002e-02   0.0000
  4.09340322e-01   0.0000
  2.58790344e-01   0.0000
  7.49011431e-03   0.0000
  1.63289338e-01   0.0000
  6.00649238e-01   0.0000
 -1.56473488e-01   0.0000
 -1.40751019e-01   0.0000
 -3.97845566e-01   0.0000
 -3.11121903e-02   0.0000
 -4.81427491e-01   0.0000
  4.70333323e-02   0.0000
 -4.77695651e-03   0.0000
 -4.10055220e-01   0.0000
 -2.04047769e-01   0.0000
  2.31946364e-01   0.0000
  5.65274842e-02   0.0000
  1.10138953e-01   0.0000
 -1.25104487e+00   0.0000
  5.25168777e-02   0.0000
 -7.15961874e-01   0.0000
 -1.03786401e-01   0.0000
  2.14839149e-02   0.0000
  2.70945370e-01   0.0000
 -8.92886594e-02   0.0000
  3.03890079e-01   0.0000
  3.79356109e-02   0.0000
 -2.34124824e-01   0.0000
 -8.46133754e-03   0.0000
 -1.39274895e-01   0.0000
 -1.36097446e-01   0.0000
 -9.04041082e-02   0.0000
 -2.27594927e-01   0.0000
  1.68575376e-01   0.0000
 -4.01866406e-01   0.0000
  3.64204824e-01   0.0000
 -3.82671237e-01   0.0000
 -3.46990258e-01   0.0000
 -1.97602779e-01   0.0000
 -1.68052495e-01   0.0000
  7.17942834e-01   0.0000
  7.93525800e-02   0.0000
 -6.77491486e-01   0.0000
 -3.63323927e-01   0.0000
 -9.16809201e-01   0.0000
  4.31194186e-01   0.0000
 -1.39230818e-01   0.0000
  1.53276607e-01   0.0000
 -4.18728679e-01   0.0000
  3.69244628e-02   0.0000
 -2.64610827e-01   0.0000
 -3.63335758e-01   0.0000
  2.48244628e-01   0.0000
 -1.86404407e-01   0.0000
 -3.05979520e-01   0.0000
 -1.09016396e-01   0.0000
 -1.56361461e-01   0.0000
 -5.54817058e-02   0.0000
 -5.25852323e-01   0.0000
  1.38529271e-01   0.0000
 -4.48249847e-01   0.0000
 -1.48980767e-01   0.0000
 -8.08373809e-01   0.0000
  1.27031520e-01   0.0000
  3.17931354e-01   0.0000
 -2.40286484e-01   0.0000
 -2.37913698e-01   0.0000
 -3.11870277e-02   0.0000
 -8.35976362e-01   0.0000
  3.30656797e-01   0.0000
 -1.12100266e-01   0.0000
  1.77191705e-01   0.0000
 -5.10675788e-01   0.0000
 -1.25988480e-02   0.0000
 -1.92905769e-01   0.0000
 -7.23100752e-02   0.0000
  2.72584021e-01   0.0000
 -7.85050020e-02   0.0000
 -1.37822405e-01   0.0000
 -1.70825660e-01   0.0000
 -2.54228711e-01   0.0000
 -5.05634118e-03   0.0000
 -4.51729983e-01   0.0000
  2.79854774e-01   0.0000
 -2.22341418e-01   0.0000
 -3.44821125e-01   0.0000
 -1.08662629e+00   0.0000
  1.45937145e-01   0.0000
  3.12931210e-01   0.0000
 -1.02827385e-01   0.0000
 -2.34128721e-02   0.0000
  1.94524407e-01   0.0000
 -7.89840817e-01   0.0000
  1.27109932e-02   0.0000
  3.76951694e-02   0.0000
 -4.83560227e-02   0.0000
 -2.24996567e-01   0.0000
 -1.02693357e-01   0.0000
 -1.96573704e-01   0.0000
  1.76648453e-01   0.0000
  6.80794241e-03   0.0000
  5.83127253e-02   0.0000
 -2.14839771e-01   0.0000
  9.86980498e-02   0.0000
 -3.36530320e-02   0.0000
 -1.41107189e-02   0.0000
 -4.22980875e-01   0.0000
 -1.19410694e-01   0.0000
 -3.34889926e-02   0.0000
 -2.32542004e-03   0.0000
 -6.33384883e-01   0.0000
  2.39098698e-01   0.0000
  2.52410561e-01   0.0000
 -9.25738066e-02   0.0000
  1.46212816e-01   0.0000
  3.35632175e-01   0.0000
 -3.80642086e-01   0.0000
 -8.34541321e-02   0.0000
 -2.78161839e-02   0.0000
 -9.73440781e-02   0.0000
  6.80072382e-02   0.0000
 -4.58552331e-01   0.0000
 -1.75150968e-02   0.0000
  1.28111467e-01   0.0000
 -4.40092266e-01   0.0000
  2.12597102e-01   0.0000
 -1.01065956e-01   0.0000
  8.01727176e-02   0.0000
 -1.08717926e-01   0.0000
  9.67826322e-02   0.0000
 -3.38849753e-01   0.0000
 -8.77272487e-02   0.0000
 -7.63491616e-02   0.0000
  5.96418560e-01   0.0000
 -2.55026281e-01   0.0000
  2.04718709e-01   0.0000
  6.06615022e-02   0.0000
 -1.51015177e-01   0.0000
  2.02351838e-01   0.0000
  1.69403598e-01   0.0000
 -3.09535921e-01   0.0000
 -5.70856147e-02   0.0000
 -4.32234928e-02   0.0000
 -4.53747988e-01   0.0000
  1.03901900e-01   0.0000
 -3.10056597e-01   0.0000
  3.22253704e-01   0.0000
  1.65090308e-01   0.0000
 -7.12393001e-02   0.0000
  1.03177167e-01   0.0000
 -1.29235759e-01   0.0000
 -3.26018073e-02   0.0000
  3.53581786e-01   0.0000
 -1.20821282e-01   0.0000
 -1.17659479e-01   0.0000
 -1.01906866e-01   0.0000
 -1.56055331e-01   0.0000
  4.45302725e-01   0.0000
 -1.08294986e-01   0.0000
  3.14095199e-01   0.0000
 -2.23703757e-02   0.0000
 -1.66325271e-01   0.0000
  2.60918558e-01   0.0000
 -2.46760011e-01   0.0000
  1.26029793e-02   0.0000
  1.74609065e-01   0.0000
 -2.48200521e-01   0.0000
 -3.34540248e-01   0.0000
  1.13955952e-01   0.0000
  3.66658241e-01   0.0000
  5.81957512e-02   0.0000
 -1.30523518e-01   0.0000
 -4.37935404e-02   0.0000
  6.06386699e-02   0.0000
 -1.38181923e-02   0.0000
  1.78225711e-01   0.0000
  1.86086208e-01   0.0000
 -9.05200765e-02   0.0000
  4.35263067e-01   0.0000
 -4.69828010e-01   0.0000
  1.93972494e-02   0.0000
 -3.59020010e-02   0.0000
  6.03873491e-01   0.0000
  1.88002631e-01   0.0000
  1.69136021e-02   0.0000
  3.00637446e-02   0.0000
  4.35020387e-01   0.0000
 -1.64540112e-01   0.0000
  1.01977624e-01   0.0000
 -8.96245614e-02   0.0000
  4.75392789e-02   0.0000
 -3.15256715e-01   0.0000
 -1.68942243e-01   0.0000
  5.43620288e-01   0.0000
  2.10236274e-02   0.0000
 -7.96514750e-02   0.0000
 -2.15661019e-01   0.0000
 -2.43970215e-01   0.0000
 -5.42055210e-03   0.0000
  2.05880314e-01   0.0000
  4.94689882e-01   0.0000
  2.30365470e-02   0.0000
  4.92535263e-01   0.0000
 -3.92403483e-01   0.0000
  1.20547429e-01   0.0000
 -2.31068227e-02   0.0000
  7.41457760e-01   0.0000
  2.16322169e-01   0.0000
  4.48091120e-01   0.0000
  2.67131329e-01   0.0000
  3.80643606e-01   0.0000
 -8.69553164e-02   0.0000
 -5.85013516e-02   0.0000
 -5.92018850e-02   0.0000
  1.03077956e-01   0.0000
 -3.81185412e-02   0.0000
 -1.93668216e-01   0.0000
  5.20278037e-01   0.0000
 -1.03953071e-02   0.0000
  7.14728758e-02   0.0000
 -7.77109936e-02   0.0000
  1.66963220e-01   0.0000
 -3.83534841e-02   0.0000
  2.30588824e-01   0.0000
  4.06717137e-02   0.0000
  5.38671538e-02   0.0000
  5.61485291e-01   0.0000
  7.74245113e-02   0.0000
 -9.29480157e-05   0.0000
 -2.74603534e-02   0.0000
  2.03765646e-01   0.0000
  2.48084128e-01   0.0000
  2.31882170e-01   0.0000
  2.81072892e-02   0.0000
  2.81282485e-01   0.0000
  7.97055513e-02   0.0000
 -1.51171982e-01   0.0000
  1.48963392e-01   0.0000
 -9.70923305e-02   0.0000
  8.57649446e-02   0.0000
 -2.59910941e-01   0.0000
  2.78173536e-01   0.0000
  2.32103057e-02   0.0000
  1.18731380e-01   0.0000
 -2.07081378e-01   0.0000
  1.79145515e-01   0.0000
  4.36875410e-03   0.0000
  1.18034311e-01   0.0000
  1.14518240e-01   0.0000
  1.06595784e-01   0.0000
  2.59602517e-01   0.0000
  3.59453499e-01   0.0000
 -1.63808018e-02   0.0000
 -1.22906111e-01   0.0000
  2.02588569e-02   0.0000
 -6.25539152e-03   0.0000
  3.30278486e-01   0.0000
 -8.59632194e-02   0.0000
  9.34987236e-03   0.0000
  1.34738684e-01   0.0000
 -4.73846287e-01   0.0000
 -7.54553527e-02   0.0000
 -2.70042598e-01   0.0000
  7.20798448e-02   0.0000
 -1.69883549e-01   0.0000
 -1.83093399e-01   0.0000
  2.01139301e-01   0.0000
  6.58657178e-02   0.0000
 -9.95971337e-02   0.0000
  7.51514733e-02   0.0000
 -1.13145635e-01   0.0000
  6.42878041e-02   0.0000
 -2.08022390e-02   0.0000
  2.51136810e-01   0.0000
  3.70713353e-01   0.0000
  6.31445050e-01   0.0000
 -3.90941724e-02   0.0000
  1.09187774e-02   0.0000
  7.38560408e-02   0.0000
 -2.03112781e-01   0.0000
  5.52593172e-01   0.0000
  1.76958397e-01   0.0000
  3.80830606e-03   0.0000
 -3.38119566e-02   0.0000
 -2.18347654e-01   0.0000
 -4.61320020e-02   0.0000
 -3.30251098e-01   0.0000
  9.55757573e-02   0.0000
 -2.65382737e-01   0.0000
 -5.35068333e-01   0.0000
 -6.35937741e-03   0.0000
 -1.08228989e-01   0.0000
  4.56421375e-02   0.0000
 -1.06052749e-01   0.0000
  1.26311071e-02   0.0000
  1.51595891e-01   0.0000
  6.87879026e-02   0.0000
  3.84482220e-02   0.0000
  2.15979472e-01   0.0000
  5.28691590e-01   0.0000
  3.50026488e-02   0.0000
 -1.07996203e-01   0.0000
  1.66417316e-01   0.0000
 -3.30115527e-01   0.0000
  6.82017267e-01   0.0000
  9.20158252e-02   0.0000
  2.80327290e-01   0.0000
 -3.66216227e-02   0.0000
 -1.82958990e-01   0.0000
  6.16007894e-02   0.0000
 -1.69633538e-01   0.0000
  3.11732036e-03   0.0000
 -7.67985359e-02   0.0000
 -5.28786302e-01   0.0000
  5.88249937e-02   0.0000
  1.39760271e-01   0.0000
 -3.32805254e-02   0.0000
 -6.82751983e-02   0.0000
  1.04201939e-02   0.0000
  6.04962483e-02   0.0000
 -5.87387159e-02   0.0000
  2.19389334e-01   0.0000
  2.48487562e-01   0.0000
  2.07359135e-01   0.0000
  1.61445245e-01   0.0000
 -2.18480334e-01   0.0000
  2.23672912e-01   0.0000
 -3.53696764e-01   0.0000
  3.41291994e-01   0.0000
  9.88778770e-02   0.0000
  2.36253574e-01   0.0000
 -2.13243991e-01   0.0000
 -1.15980431e-01   0.0000
 -7.37695321e-02   0.0000
 -1.00308403e-01   0.0000
 -7.48268440e-02   0.0000
 -1.14539020e-01   0.0000
 -2.89504170e-01   0.0000
 -1.34006307e-01   0.0000
 -6.23873621e-02   0.0000
  1.00404032e-01   0.0000
 -3.60251904e-01   0.0000
 -2.40077320e-02   0.0000
 -7.82813132e-02   0.0000
 -1.93292618e-01   0.0000
 -3.08845103e-01   0.0000
 -1.73474655e-01   0.0000
 -4.64290082e-01   0.0000
 -8.41871928e-03   0.0000
  1.42777979e-01   0.0000
 -8.05670843e-02   0.0000
 -2.83232659e-01   0.0000
  6.11096509e-02   0.0000
 -4.26093131e-01   0.0000
  6.76412880e-01   0.0000
 -2.06633493e-01   0.0000
 -8.19902360e-01   0.0000
 -1.59906402e-01   0.0000
  2.55454153e-01   0.0000
 -2.02962369e-01   0.0000
 -3.47847492e-01   0.0000
  3.46803635e-01   0.0000
 -3.64427596e-01   0.0000
  3.24749708e-01   0.0000
  1.38140187e-01   0.0000
  2.97130466e-01   0.0000
  8.78740326e-02   0.0000
  6.55966252e-02   0.0000
  3.26130190e-03   0.0000
  6.37709573e-02   0.0000
 -3.33238095e-01   0.0000
 -5.08013070e-02   0.0000
  1.05112046e-01   0.0000
  2.45051980e-02   0.0000
 -7.15287849e-02   0.0000
 -1.47429273e-01   0.0000
  5.86524652e-03   0.0000
 -2.52644539e-01   0.0000
 -3.16443920e-01   0.0000
 -1.70257047e-01   0.0000
 -3.32563192e-01   0.0000
  5.69631048e-02   0.0000
  1.26916151e-02   0.0000
 -2.96298619e-02   0.0000
  3.25671524e-01   0.0000
  1.38901457e-01   0.0000
  1.38669694e-02   0.0000
 -1.94497421e-01   0.0000
  3.73156182e-02   0.0000
  2.05548555e-01   0.0000
  1.69806108e-01   0.0000
  4.39547934e-02   0.0000
  3.45738456e-02   0.0000
  5.24573587e-02   0.0000
 -3.45202386e-01   0.0000
  3.81318897e-01   0.0000
  1.08992778e-01   0.0000
 -1.28211036e-01   0.0000
 -6.84307097e-03   0.0000
 -2.43568867e-01   0.0000
  2.00487196e-01   0.0000
 -3.40051688e-02   0.0000
 -4.10004437e-01   0.0000
 -8.10904801e-02   0.0000
  9.39622894e-02   0.0000
  2.77647763e-01   0.0000
 -2.64169097e-01   0.0000
 -2.10004047e-01   0.0000
  3.04903328e-01   0.0000
 -3.19421977e-01   0.0000
  2.60422230e-01   0.0000
 -3.56976807e-01   0.0000
  6.39166757e-02   0.0000
  1.79623351e-01   0.0000
  2.83849109e-02   0.0000
  3.51832323e-02   0.0000
  7.00586475e-03   0.0000
  6.55546039e-02   0.0000
 -1.49457172e-01   0.0000
  3.62623483e-01   0.0000
 -1.80426445e-02   0.0000
 -2.33894020e-01   0.0000
 -1.46613628e-01   0.0000
 -5.04545718e-02   0.0000
  3.10115635e-01   0.0000
 -6.86045885e-02   0.0000
 -2.91096270e-01   0.0000
 -2.58627906e-02   0.0000
  6.82186410e-02   0.0000
  1.98093988e-02   0.0000
 -3.49954277e-01   0.0000
 -4.87887077e-02   0.0000
  1.59581192e-02   0.0000
 -5.00031173e-01   0.0000
  1.41611397e-01   0.0000
 -4.10813242e-01   0.0000
  4.56896603e-01   0.0000
 -2.22072408e-01   0.0000
  2.80388538e-02   0.0000
  1.12594686e-01   0.0000
  4.80519934e-03   0.0000
  5.21016754e-02   0.0000
 -2.00956106e-01   0.0000
  5.35407424e-01   0.0000
 -3.48265544e-02   0.0000
 -2.26118222e-01   0.0000
 -1.25089541e-01   0.0000
  9.77775306e-02   0.0000
  3.85543644e-01   0.0000
 -2.35323250e-01   0.0000
 -3.82817626e-01   0.0000
  5.51739410e-02   0.0000
  1.32285789e-01   0.0000
 -1.24958009e-01   0.0000
 -4.05128986e-01   0.0000
 -2.01389968e-01   0.0000
  1.65688470e-01   0.0000
 -3.11462075e-01   0.0000
  6.95269480e-02   0.0000
 -3.45371544e-01   0.0000
  3.86677325e-01   0.0000
 -1.35598123e-01   0.0000
  8.10135677e-02   0.0000
  9.55079272e-02   0.0000
 -3.61374356e-02   0.0000
  1.01256453e-01   0.0000
 -6.47058059e-03   0.0000
  4.72688258e-01   0.0000
 -1.22217753e-03   0.0000
 -2.60865927e-01   0.0000
 -1.84667021e-01   0.0000
  1.86512187e-01   0.0000
  1.32973433e-01   0.0000
 -7.77207762e-02   0.0000
 -1.71185225e-01   0.0000
  5.37565984e-02   0.0000
  8.48429054e-02   0.0000
 -1.26452804e-01   0.0000
 -2.83736348e-01   0.0000
 -3.40496823e-02   0.0000
 -1.01597439e-02   0.0000
 -2.00349167e-01   0.0000
  6.73415586e-02   0.0000
 -9.50415730e-02   0.0000
  1.92873076e-01   0.0000
 -1.69315323e-01   0.0000
  7.69389197e-02   0.0000
  4.35302444e-02   0.0000
  4.18303460e-02   0.0000
  2.54645273e-02   0.0000
 -5.02194464e-02   0.0000
  1.77454695e-01   0.0000
 -1.18020572e-01   0.0000
 -1.43518150e-01   0.0000
 -2.63845295e-01   0.0000
  7.11355591e-03   0.0000
  1.10606655e-01   0.0000
  6.73561394e-02   0.0000
 -8.67403597e-02   0.0000
  9.70483273e-02   0.0000
  1.30069301e-01   0.0000
 -2.07112953e-01   0.0000
 -3.65545489e-02   0.0000
 -5.67629114e-02   0.0000
  1.50755569e-01   0.0000
  5.02289869e-02   0.0000
  1.22401565e-01   0.0000
  3.28634977e-02   0.0000
  1.72027722e-01   0.0000
 -3.62835050e-01   0.0000
 -1.70294084e-02   0.0000
  1.67080626e-01   0.0000
  1.14204764e-01   0.0000
  9.57558006e-02   0.0000
  2.43500136e-02   0.0000
  1.11576885e-01   0.0000
 -6.85136244e-02   0.0000
  7.88801089e-02   0.0000
  5.28894179e-03   0.0000
 -6.84311613e-02   0.0000
  5.47153652e-02   0.0000
  3.98574434e-02   0.0000
 -2.83660907e-02   0.0000
  1.51150241e-01   0.0000
  7.98074007e-02   0.0000
  5.35097234e-02   0.0000
 -4.49845474e-03   0.0000
  7.96099543e-04   0.0000
  1.70763865e-01   0.0000
 -1.82879076e-03   0.0000
 -1.66436918e-02   0.0000
  1.04647994e-01   0.0000
  6.74322248e-01   0.0000
  1.65684506e-01   0.0000
  3.03843990e-02   0.0000
  2.12995529e-01   0.0000
 -7.84967691e-02   0.0000
 -8.97437111e-02   0.0000
 -4.91473712e-02   0.0000
  8.75622809e-01   0.0000
 -1.36042401e-01   0.0000
 -7.84251153e-01   0.0000
 -2.00536385e-01   0.0000
  1.52556610e+00   0.0000
 -1.87741116e-01   0.0000
  4.90200855e-02   0.0000
 -3.50653499e-01   0.0000
  8.07824880e-02   0.0000
 -6.02044724e-02   0.0000
 -1.39777517e+00   0.0000
 -2.31207833e-01   0.0000
  2.95091838e-01   0.0000
 -1.52123898e-01   0.0000
 -1.18732238e+00   0.0000
 -4.25542653e-01   0.0000
  5.27698696e-01   0.0000
  7.28214979e-02   0.0000
  3.16252559e-01   0.0000
  5.47920214e-03   0.0000
  5.52000366e-02   0.0000
  2.19214875e-02   0.0000
  2.12685198e-01   0.0000
  4.59011495e-01   0.0000
  7.80078888e-01   0.0000
  1.41909555e-01   0.0000
 -2.34753594e-01   0.0000
  3.79512012e-01   0.0000
  9.71396863e-01   0.0000
 -1.54152289e-01   0.0000
  3.73513520e-01   0.0000
  1.49232760e-01   0.0000
  1.84205279e-01   0.0000
 -8.39703716e-03   0.0000
 -1.86022565e-01   0.0000
 -5.71067512e-01   0.0000
  3.71823221e-01   0.0000
  1.56770706e-01   0.0000
 -1.36629665e+00   0.0000
  7.62000382e-02   0.0000
 -4.79995549e-01   0.0000
 -3.06632251e-01   0.0000
  2.49250904e-01   0.0000
 -2.04505846e-02   0.0000
 -1.81304529e-01   0.0000
  3.04908574e-01   0.0000
  3.08941603e-01   0.0000
  4.43995327e-01   0.0000
  1.27843380e-01   0.0000
  4.38329242e-02   0.0000
 -9.02829096e-02   0.0000
  6.70297980e-01   0.0000
  5.41918814e-01   0.0000
 -1.03550419e-01   0.0000
  2.96673089e-01   0.0000
  4.25917596e-01   0.0000
  5.96603192e-02   0.0000
 -2.00539961e-01   0.0000
  6.71790317e-02   0.0000
  1.91071346e-01   0.0000
  4.67327014e-02   0.0000
  5.91454022e-02   0.0000
 -7.58710206e-01   0.0000
 -7.30254650e-02   0.0000
 -3.26953322e-01   0.0000
 -1.05696723e-01   0.0000
  2.11399972e-01   0.0000
 -5.57893179e-02   0.0000
 -3.65294576e-01   0.0000
  7.23974705e-02   0.0000
  6.21474497e-02   0.0000
  2.34447017e-01   0.0000
 -4.36600804e-01   0.0000
  5.32543287e-02   0.0000
  1.23031072e-01   0.0000
  2.07694605e-01   0.0000
  4.75101620e-01   0.0000
 -4.34221476e-01   0.0000
 -2.13133339e-02   0.0000
  4.07139271e-01   0.0000
 -2.08068848e-01   0.0000
 -2.01759398e-01   0.0000
  5.21962978e-02   0.0000
  4.38712031e-01   0.0000
 -2.36731376e-02   0.0000
 -1.93943009e-02   0.0000
 -1.16544925e-01   0.0000
 -1.44159952e-02   0.0000
  9.61262211e-02   0.0000
 -1.10935420e-01   0.0000
  6.52770922e-02   0.0000
 -1.68180898e-01   0.0000
 -2.38982230e-01   0.0000
 -6.91640526e-02   0.0000
  2.69791437e-03   0.0000
 -1.88530952e-01   0.0000
 -1.80373400e-01   0.0000
 -7.18764141e-02   0.0000
  4.79662508e-01   0.0000
 -6.14845939e-02   0.0000
  2.42195249e-01   0.0000
 -7.11273551e-01   0.0000
 -8.96514729e-02   0.0000
  3.57229531e-01   0.0000
 -3.91434789e-01   0.0000
 -5.33630028e-02   0.0000
 -4.08371270e-01   0.0000
  7.43192062e-02   0.0000
 -2.69243598e-01   0.0000
 -3.04979645e-02   0.0000
  8.73556063e-02   0.0000
  8.03176910e-02   0.0000
  2.89726853e-01   0.0000
 -6.44939467e-02   0.0000
  1.71780899e-01   0.0000
 -1.25894293e-01   0.0000
 -2.66228259e-01   0.0000
 -4.70016003e-02   0.0000
 -5.25547229e-02   0.0000
 -1.23144522e-01   0.0000
  2.55200684e-01   0.0000
 -8.46963227e-02   0.0000
  3.62364352e-01   0.0000
 -1.66699678e-01   0.0000
  1.56388745e-01   0.0000
 -5.31484425e-01   0.0000
 -2.63369530e-01   0.0000
  2.03001812e-01   0.0000
 -5.80858476e-02   0.0000
 -8.66839290e-02   0.0000
 -6.73538029e-01   0.0000
 -1.96536079e-01   0.0000
 -5.56004569e-02   0.0000
 -1.08953334e-01   0.0000
 -1.98700011e-01   0.0000
  3.39475870e-01   0.0000
  1.23261109e-01   0.0000
 -4.08870727e-03   0.0000
  1.32071421e-01   0.0000
 -2.30064355e-02   0.0000
 -1.44153401e-01   0.0000
 -4.57245670e-02   0.0000
  6.30331412e-02   0.0000
  9.23464745e-02   0.0000
  5.30897915e-01   0.0000
 -1.72334671e-01   0.0000
  4.97973710e-02   0.0000
 -2.44408727e-01   0.0000
  1.03990927e-01   0.0000
 -2.63792127e-01   0.0000
  6.06993679e-03   0.0000
  7.64746666e-02   0.0000
  1.25707999e-01   0.0000
  1.22985607e-02   0.0000
 -2.58889556e-01   0.0000
 -1.74442142e-01   0.0000
 -1.23963162e-01   0.0000
  2.41265409e-02   0.0000
 -1.09420359e-01   0.0000
  2.58776367e-01   0.0000
 -2.93804649e-02   0.0000
  6.47177696e-02   0.0000
  2.31044009e-01   0.0000
  3.13326390e-03   0.0000
  1.06316507e-01   0.0000
 -1.82390437e-02   0.0000
  7.96324685e-02   0.0000
  1.86545700e-02   0.0000
  3.98562700e-01   0.0000
 -1.48153126e-01   0.0000
  1.55942082e-01   0.0000
 -2.25562766e-01   0.0000
  1.95968896e-02   0.0000
  1.47591820e-02   0.0000
  7.29402006e-02   0.0000
  5.36578931e-02   0.0000
 -2.96326578e-02   0.0000
  1.10291943e-01   0.0000
 -1.16879530e-01   0.0000
 -8.76203030e-02   0.0000
  8.26408118e-02   0.0000
 -1.77981943e-01   0.0000
 -3.60979214e-02   0.0000
  2.30757460e-01   0.0000
  1.19345769e-01   0.0000
 -3.36486489e-01   0.0000
  4.31806326e-01   0.0000
 -2.82275438e-01   0.0000
  1.09884873e-01   0.0000
 -3.40669006e-01   0.0000
  1.45484075e-01   0.0000
 -4.09075320e-01   0.0000
 -2.69373685e-01   0.0000
 -4.47881132e-01   0.0000
 -6.04110025e-02   0.0000
 -5.24726570e-01   0.0000
 -1.54131517e-01   0.0000
  8.31889570e-01   0.0000
 -1.16265155e-02   0.0000
 -4.77793545e-01   0.0000
  1.77591309e-01   0.0000
  8.69628251e-01   0.0000
  3.60277236e-01   0.0000
  1.52960137e-01   0.0000
  1.23881415e-01   0.0000
 -5.79787120e-02   0.0000
  7.95736313e-01   0.0000
  1.72211275e-01   0.0000
  1.58799123e-02   0.0000
 -1.14925146e-01   0.0000
  9.24324155e-01   0.0000
 -1.27292186e-01   0.0000
  2.96124443e-02   0.0000
 -6.92943111e-02   0.0000
  2.22903024e-02   0.0000
 -4.03642297e-01   0.0000
  1.03305221e-01   0.0000
 -2.75660634e-01   0.0000
 -5.03176570e-01   0.0000
  6.32764474e-02   0.0000
 -5.78893185e-01   0.0000
  5.52685916e-01   0.0000
  1.68092191e-01   0.0000
 -1.64485633e-01   0.0000
  1.93604797e-01   0.0000
  2.00469524e-01   0.0000
 -1.28556833e-01   0.0000
 -3.57223414e-02   0.0000
  3.22276920e-01   0.0000
 -3.46773922e-01   0.0000
 -4.00262356e-01   0.0000
  3.18134338e-01   0.0000
 -3.74449283e-01   0.0000
 -1.73598956e-02   0.0000
  4.59458679e-01   0.0000
 -4.39577550e-02   0.0000
 -2.32680380e-01   0.0000
 -6.86276704e-02   0.0000
 -6.52195364e-02   0.0000
 -1.79116368e-01   0.0000
 -2.83402838e-02   0.0000
 -1.33513421e-01   0.0000
  5.34908585e-02   0.0000
  8.49120840e-02   0.0000
 -7.14179456e-01   0.0000
  9.93873626e-02   0.0000
  2.08263397e-01   0.0000
  1.00464396e-01   0.0000
 -1.59735247e-01   0.0000
 -5.47269344e-01   0.0000
  1.44813418e-01   0.0000
  3.17455083e-02   0.0000
  3.84667009e-01   0.0000
 -3.51555049e-01   0.0000
 -5.08621097e-01   0.0000
  3.79179984e-01   0.0000
 -3.48596424e-01   0.0000
  1.82294130e-01   0.0000
  7.79194459e-02   0.0000
 -1.31619006e-01   0.0000
 -2.43351027e-01   0.0000
 -1.00855403e-01   0.0000
 -9.56760272e-02   0.0000
 -5.46708763e-01   0.0000
 -4.94477302e-01   0.0000
 -1.09443702e-01   0.0000
  3.77590299e-01   0.0000
 -4.15535048e-02   0.0000
 -5.10259151e-01   0.0000
 -2.08861634e-01   0.0000
  7.47568579e-03   0.0000
  1.03527859e-01   0.0000
 -3.61227989e-02   0.0000
 -7.43319333e-01   0.0000
  4.03946608e-01   0.0000
  2.20161930e-01   0.0000
 -4.53994647e-02   0.0000
 -2.43228406e-01   0.0000
 -5.38196042e-02   0.0000
  1.15865439e-01   0.0000
 -9.00605023e-02   0.0000
  2.21935526e-01   0.0000
  1.32633105e-01   0.0000
 -1.27839029e-01   0.0000
 -1.77846655e-01   0.0000
 -8.18229765e-02   0.0000
 -1.46453813e-01   0.0000
 -3.96690309e-01   0.0000
  4.27537039e-02   0.0000
 -4.05556969e-02   0.0000
  2.92618126e-01   0.0000
 -2.65508175e-01   0.0000
 -3.52040887e-01   0.0000
 -4.28840995e-01   0.0000
 -1.13756135e-01   0.0000
  1.15122534e-01   0.0000
 -8.84538367e-02   0.0000
 -4.65460390e-01   0.0000
  3.51251572e-01   0.0000
  4.55482423e-01   0.0000
 -2.71784570e-02   0.0000
 -3.02111059e-01   0.0000
 -1.16729297e-01   0.0000
  1.34571597e-01   0.0000
 -1.17128603e-01   0.0000
  1.45144433e-01   0.0000
  1.21894153e-02   0.0000
  5.05296001e-03   0.0000
 -2.03399695e-02   0.0000
 -4.80688624e-02   0.0000
 -1.86680928e-02   0.0000
  7.40076751e-02   0.0000
  3.27098817e-01   0.0000
 -1.12749927e-01   0.0000
  2.21517906e-01   0.0000
 -1.18427612e-01   0.0000
 -2.32235551e-01   0.0000
 -3.00482482e-01   0.0000
 -9.15285274e-02   0.0000
  6.16654269e-02   0.0000
  4.39360738e-02   0.0000
 -1.98821146e-02   0.0000
  4.57988143e-01   0.0000
  1.79629937e-01   0.0000
  2.35418200e-01   0.0000
 -2.10163936e-01   0.0000
  2.97274977e-01   0.0000
  1.63194776e-01   0.0000
 -8.73227939e-02   0.0000
  1.01074629e-01   0.0000
  8.45840797e-02   0.0000
  1.34267449e-01   0.0000
  3.76943871e-02   0.0000
 -1.32885113e-01   0.0000
  2.81936638e-02   0.0000
 -1.38114989e-01   0.0000
  8.53395164e-02   0.0000
  1.05316885e-01   0.0000
 -1.85590506e-01   0.0000
 -2.14548074e-02   0.0000
 -4.34729978e-02   0.0000
  7.66702462e-03   0.0000
  2.09316164e-02   0.0000
 -5.28041422e-02   0.0000
 -4.98737842e-02   0.0000
 -3.22900852e-03   0.0000
  8.18744153e-02   0.0000
  1.33184686e-01   0.0000
  1.42025650e-01   0.0000
  1.01948334e-02   0.0000
  1.61979049e-01   0.0000
  4.74646129e-02   0.0000
 -9.61653143e-02   0.0000
  2.45292023e-01   0.0000
  4.56129670e-01   0.0000
 -1.89062245e-02   0.0000
  3.28908451e-02   0.0000
  2.74524614e-02   0.0000
 -2.66692583e-02   0.0000
 -1.10750936e-01   0.0000
  3.53791267e-02   0.0000
 -1.12263737e-02   0.0000
 -1.90001905e-01   0.0000
 -2.31497344e-02   0.0000
 -7.29565397e-02   0.0000
 -1.73079073e-01   0.0000
 -9.07063186e-02   0.0000
  3.70380096e-02   0.0000
  1.94924042e-01   0.0000
  6.14816584e-02   0.0000
 -1.63527057e-01   0.0000
  1.59154952e-01   0.0000
  1.80720881e-01   0.0000
 -2.72393343e-03   0.0000
  1.05299555e-01   0.0000
  1.16725773e-01   0.0000
  1.61419064e-02   0.0000
  8.66512775e-01   0.0000
  5.11643030e-02   0.0000
 -8.49504620e-02   0.0000
  2.27635466e-02   0.0000
 -4.88264449e-02   0.0000
 -1.29041448e-01   0.0000
 -1.22911863e-01   0.0000
 -5.90331435e-01   0.0000
  9.29215178e-03   0.0000
 -3.35643768e-01   0.0000
  5.39348245e-01   0.0000
  5.52006662e-01   0.0000
 -9.14916471e-02   0.0000
 -3.78347896e-02   0.0000
  4.05873328e-01   0.0000
 -3.35701345e-03   0.0000
 -3.63435477e-01   0.0000
 -1.11992784e-01   0.0000
  6.74504578e-01   0.0000
  3.84334385e-01   0.0000
 -1.51683658e-01   0.0000
  7.18760848e-01   0.0000
 -1.24930620e-01   0.0000
  5.06475747e-01   0.0000
  9.98018086e-02   0.0000
 -1.44643769e-01   0.0000
 -2.30042368e-01   0.0000
  4.79657762e-02   0.0000
 -1.32538565e-02   0.0000
  2.10392743e-01   0.0000
  2.50360250e-01   0.0000
  8.23860243e-02   0.0000
 -1.60591416e-02   0.0000
  1.38644063e+00   0.0000
 -1.26186507e-02   0.0000
  5.02609322e-03   0.0000
  1.61178842e-01   0.0000
 -6.41432637e-03   0.0000
  6.58727735e-02   0.0000
 -3.92852634e-01   0.0000
  1.40917122e-01   0.0000
 -3.47362868e-02   0.0000
 -2.33024180e-01   0.0000
 -3.56133352e-03   0.0000
  1.06113618e-02   0.0000
  3.56906325e-01   0.0000
  1.07060261e-01   0.0000
  9.83315855e-02   0.0000
  1.33083925e-01   0.0000
  3.67007293e-02   0.0000
  2.37463921e-01   0.0000
 -7.43555352e-02   0.0000
  2.88290903e-03   0.0000
 -3.51044148e-01   0.0000
 -2.22215846e-01   0.0000
  1.92356165e-02   0.0000
  6.93170875e-02   0.0000
  4.58596319e-01   0.0000
 -1.69827100e-02   0.0000
 -3.87188909e-03   0.0000
  2.31178150e-01   0.0000
 -5.73308289e-01   0.0000
  1.70625627e-01   0.0000
  3.04197997e-01   0.0000
 -3.55148986e-02   0.0000
  9.39754546e-01   0.0000
  2.03999385e-01   0.0000
  9.31023881e-02   0.0000
  5.62573895e-02   0.0000
  1.27946466e-01   0.0000
 -1.29669771e-01   0.0000
 -2.03645322e-02   0.0000
 -3.41177452e-03   0.0000
 -1.04621895e-01   0.0000
 -9.63841826e-02   0.0000
 -4.36125807e-02   0.0000
 -4.56127455e-04   0.0000
  3.93508613e-01   0.0000
  1.75932124e-01   0.0000
 -1.52838975e-01   0.0000
 -1.19942605e-01   0.0000
  4.03741784e-02   0.0000
 -1.60790384e-01   0.0000
  7.27617007e-04   0.0000
 -2.53381640e-01   0.0000
 -9.43538323e-02   0.0000
  2.22529736e-04   0.0000
 -2.76039392e-01   0.0000
  1.64029926e-01   0.0000
 -1.50120482e-02   0.0000
 -2.11633474e-01   0.0000
  4.24375869e-02   0.0000
  1.52540579e-01   0.0000
  1.56718642e-01   0.0000
 -1.18218012e-01   0.0000
  8.75489786e-02   0.0000
 -3.74832116e-02   0.0000
 -7.98244253e-02   0.0000
  3.33217382e-01   0.0000
 -5.46023133e-04   0.0000
  6.63236603e-02   0.0000
  1.76218152e-02   0.0000
  1.08978815e-01   0.0000
 -2.36924574e-01   0.0000
 -1.10019334e-01   0.0000
  3.75834107e-01   0.0000
 -1.81058310e-02   0.0000
 -5.30954413e-02   0.0000
  1.41897604e-01   0.0000
  4.76323932e-01   0.0000
  5.89012876e-02   0.0000
 -1.15954861e-01   0.0000
  1.63831860e-01   0.0000
  4.68046337e-01   0.0000
  1.41495829e-02   0.0000
  3.55979875e-02   0.0000
  8.06205198e-02   0.0000
  1.76223427e-01   0.0000
 -5.46735190e-02   0.0000
 -7.77164325e-02   0.0000
 -9.52184796e-02   0.0000
  3.04419585e-02   0.0000
  1.45159423e-01   0.0000
  8.93745720e-02   0.0000
 -2.07162634e-01   0.0000
  3.87707233e-01   0.0000
  8.23113546e-02   0.0000
 -1.86249331e-01   0.0000
 -1.37911469e-01   0.0000
 -4.54971522e-01   0.0000
 -1.18165441e-01   0.0000
 -7.28762127e-04   0.0000
 -2.10874870e-01   0.0000
 -2.16097524e-03   0.0000
  5.45348339e-02   0.0000
 -6.79332554e-01   0.0000
  1.60768833e-02   0.0000
  1.68685675e-01   0.0000
 -2.48147488e-01   0.0000
 -2.15827040e-02   0.0000
 -1.03258811e-01   0.0000
  2.51270887e-02   0.0000
  1.15944937e-01   0.0000
 -4.13355492e-02   0.0000
 -4.37180558e-03   0.0000
  1.56250015e-01   0.0000
  3.94959033e-01   0.0000
  4.98343259e-02   0.0000
  1.70956939e-01   0.0000
 -1.62352130e-01   0.0000
 -2.41086915e-01   0.0000
  6.60778731e-02   0.0000
  1.71937642e-03   0.0000
 -5.38085639e-01   0.0000
 -1.72809919e-03   0.0000
 -1.34445563e-01   0.0000
  1.30539248e-02   0.0000
 -4.42238636e-02   0.0000
  1.33275539e-01   0.0000
 -2.15141848e-02   0.0000
  2.03420464e-02   0.0000
  2.79454917e-01   0.0000
  1.31027728e-01   0.0000
 -1.24625616e-01   0.0000
  4.46979329e-02   0.0000
 -1.36792508e-03   0.0000
  1.05841309e-01   0.0000
 -9.14834236e-05   0.0000
  7.72079900e-02   0.0000
 -7.28624091e-02   0.0000
  4.92236257e-01   0.0000
 -1.58247352e-01   0.0000
 -1.01888999e-01   0.0000
  7.02661872e-01   0.0000
 -2.08371937e-01   0.0000
 -1.93079233e-01   0.0000
 -7.23274425e-02   0.0000
 -2.39716545e-01   0.0000
 -1.36941493e-01   0.0000
 -2.59849563e-04   0.0000
 -3.41446102e-01   0.0000
  1.91243321e-01   0.0000
 -2.80560195e-01   0.0000
 -5.16615391e-01   0.0000
  3.57689448e-02   0.0000
  3.37934047e-01   0.0000
  3.14410590e-02   0.0000
 -4.08970658e-03   0.0000
  2.90815651e-01   0.0000
 -1.02859676e-01   0.0000
 -1.24579802e-01   0.0000
 -1.58665955e-01   0.0000
 -1.23455271e-01   0.0000
  6.51802262e-03   0.0000
  7.39414334e-01   0.0000
  1.08104097e-02   0.0000
 -6.25268091e-03   0.0000
  6.33178726e-02   0.0000
  3.42951305e-02   0.0000
  1.14249652e-02   0.0000
  3.38519141e-02   0.0000
 -1.41438413e+00   0.0000
  4.10273410e-02   0.0000
  6.43471628e-02   0.0000
  3.06620374e-02   0.0000
 -4.50580180e-01   0.0000
  8.47246349e-02   0.0000
  5.08234084e-01   0.0000
 -5.34527935e-02   0.0000
  4.93277371e-01   0.0000
  1.87539272e-02   0.0000
 -1.30494967e-01   0.0000
  8.37326646e-02   0.0000
  2.38011237e-02   0.0000
 -4.49845567e-03   0.0000
  6.73342124e-03   0.0000
  6.29560947e-02   0.0000
 -1.22113764e-01   0.0000
 -3.46073121e-01   0.0000
  1.19036049e-01   0.0000
 -1.52322367e-01   0.0000
  4.03825670e-01   0.0000
  9.51808393e-02   0.0000
 -3.91461551e-02   0.0000
 -1.47611901e-01   0.0000
 -2.27457821e-01   0.0000
 -3.43700685e-02   0.0000
 -7.13400170e-02   0.0000
 -5.43049872e-01   0.0000
 -5.88281229e-02   0.0000
 -9.01258960e-02   0.0000
 -4.92292255e-01   0.0000
 -7.34041855e-02   0.0000
  4.00735177e-02   0.0000
 -1.00022871e-02   0.0000
 -8.80922470e-03   0.0000
  2.51924068e-01   0.0000
  1.47221342e-01   0.0000
 -1.14734478e-01   0.0000
  8.23816576e-04   0.0000
  7.95459151e-02   0.0000
 -6.29628897e-02   0.0000
 -7.64855385e-01   0.0000
 -2.25158319e-01   0.0000
 -1.73665151e-01   0.0000
 -3.80283266e-01   0.0000
  1.11366622e-01   0.0000
 -1.86904326e-01   0.0000
 -5.89305386e-02   0.0000
 -1.44783759e+00   0.0000
  3.53057981e-01   0.0000
  3.05714067e-02   0.0000
  3.03543895e-03   0.0000
  3.50566834e-01   0.0000
  3.19453776e-02   0.0000
  3.16669434e-01   0.0000
  3.09066642e-02   0.0000
 -9.21323597e-01   0.0000
  1.01867378e-01   0.0000
  8.87941793e-02   0.0000
 -2.53306061e-01   0.0000
 -2.10054010e-01   0.0000
 -8.77220009e-04   0.0000
  1.42655030e-01   0.0000
 -7.17775896e-02   0.0000
 -6.18395656e-02   0.0000
  4.89447594e-01   0.0000
  3.44658196e-02   0.0000
 -5.65072894e-03   0.0000
  9.03969288e-01   0.0000
 -6.78597540e-02   0.0000
 -1.70501545e-02   0.0000
 -1.53360469e-02   0.0000
 -4.16572124e-01   0.0000
 -6.46779165e-02   0.0000
 -6.75578951e-04   0.0000
 -3.17764640e-01   0.0000
 -1.77943930e-01   0.0000
 -2.41661265e-01   0.0000
 -1.19038141e+00   0.0000
  3.20711685e-03   0.0000
  1.21808462e-01   0.0000
 -1.65695593e-01   0.0000
 -4.25419398e-03   0.0000
  4.51844279e-03   0.0000
 -1.12806581e-01   0.0000
 -7.74088800e-02   0.0000
 -1.23306904e-02   0.0000
 -3.89313791e-03   0.0000
 -1.22977689e-01   0.0000
 -9.26478386e-01   0.0000
 -1.97174610e-03   0.0000
 -9.21733305e-03   0.0000
 -7.25457817e-02   0.0000
 -3.00850958e-01   0.0000
 -2.64916965e-03   0.0000
  1.82406954e-03   0.0000
 -2.24482402e-01   0.0000
  1.15770856e-02   0.0000
  3.85098010e-02   0.0000
  4.04758394e-01   0.0000
 -1.67484395e-03   0.0000
  5.18038124e-03   0.0000
  9.16037150e-03   0.0000
 -2.01843679e-01   0.0000
  7.20518529e-01   0.0000
 -2.65398920e-02   0.0000
  1.78825408e-02   0.0000
 -1.93242267e-01   0.0000
 -1.46161467e-01   0.0000
  9.07123787e-04   0.0000
 -1.05437338e-01   0.0000
 -2.32503060e-02   0.0000
 -1.66777219e-03   0.0000
  1.30771971e+00   0.0000
 -4.98914570e-02   0.0000
  9.14579332e-02   0.0000
  5.24941862e-01   0.0000
  1.12085223e-01   0.0000
 -4.68825456e-03   0.0000
  1.24677770e-01   0.0000
 -5.24741650e-01   0.0000
  1.99367970e-01   0.0000
  7.54877040e-03   0.0000
 -1.18511721e-01   0.0000
  3.50570470e-01   0.0000
  9.23236758e-02   0.0000
  8.94818604e-02   0.0000
 -1.76346451e-01   0.0000
  1.86852679e-01   0.0000
 -5.63747846e-02   0.0000
 -2.74270715e-04   0.0000
 -2.19057947e-01   0.0000
 -1.46206096e-01   0.0000
 -4.88142185e-02   0.0000
 -6.27283454e-02   0.0000
  1.95025176e-01   0.0000
 -1.06625877e-01   0.0000
  3.12893599e-01   0.0000
 -2.57008802e-02   0.0000
  3.54924276e-02   0.0000
 -1.99021056e-01   0.0000
 -3.41930270e-01   0.0000
 -3.34144309e-02   0.0000
  3.26979421e-02   0.0000
  3.82867038e-01   0.0000
 -6.00101016e-02   0.0000
 -1.33741042e-02   0.0000
 -4.43291426e-01   0.0000
 -2.22281039e-01   0.0000
 -1.55222535e-01   0.0000
 -5.21479011e-01   0.0000
  6.58045635e-02   0.0000
  3.08424175e-01   0.0000
  7.11555183e-02   0.0000
  1.90437760e-03   0.0000
  7.81594142e-02   0.0000
 -1.88500546e-02   0.0000
 -3.24201275e-04   0.0000
  1.00695662e-01   0.0000
  1.29872665e-03   0.0000
  3.02417930e-02   0.0000
  4.70596850e-01   0.0000
  9.26419422e-02   0.0000
 -1.01785210e-03   0.0000
  7.32141197e-01   0.0000
  2.52706707e-02   0.0000
 -8.54811296e-02   0.0000
  1.99794788e-02   0.0000
 -2.76661187e-01   0.0000
 -1.91986114e-02   0.0000
  1.25025600e-01   0.0000
 -2.72744477e-01   0.0000
 -2.79370874e-01   0.0000
 -5.01201227e-02   0.0000
 -7.81984150e-01   0.0000
  1.23767376e-01   0.0000
 -7.19850242e-01   0.0000
  1.36448024e-02   0.0000
 -1.53592415e-03   0.0000
  7.99600556e-02   0.0000
 -1.82299521e-02   0.0000
 -4.33556587e-02   0.0000
 -1.41401067e-01   0.0000
  1.79688595e-02   0.0000
  7.93129206e-02   0.0000
 -8.20297748e-02   0.0000
  4.27092938e-03   0.0000
  1.37259963e-03   0.0000
 -1.55360475e-01   0.0000
  6.96962103e-02   0.0000
 -2.27374653e-03   0.0000
  9.22098532e-02   0.0000
  3.27754468e-01   0.0000
 -1.64470058e-02   0.0000
  2.07209450e-05   0.0000
  5.10968268e-02   0.0000
  4.09670621e-01   0.0000
  1.72156885e-01   0.0000
  1.75530035e-02   0.0000
  1.28499672e-01   0.0000
  5.59970498e-01   0.0000
 -1.22910803e-02   0.0000
 -2.30882727e-02   0.0000
  1.87506020e-01   0.0000
  2.31277213e-01   0.0000
  1.34444237e-01   0.0000
  1.35064498e-01   0.0000
 -1.60445049e-01   0.0000
  5.74741960e-02   0.0000
 -6.98352635e-01   0.0000
  1.16758525e-01   0.0000
 -1.21472202e-01   0.0000
 -4.93279129e-01   0.0000
  1.65101916e-01   0.0000
  3.65080102e-03   0.0000
 -2.11760566e-01   0.0000
  4.51619238e-01   0.0000
 -5.47158383e-02   0.0000
 -5.05528301e-02   0.0000
  1.11003362e-01   0.0000
 -1.61402181e-01   0.0000
  3.66403572e-02   0.0000
 -6.69078350e-01   0.0000
 -2.49334853e-02   0.0000
  5.45058548e-01   0.0000
 -1.43038273e-01   0.0000
 -1.24270767e-01   0.0000
  8.44109356e-02   0.0000
  8.61871094e-02   0.0000
 -1.25653908e-01   0.0000
  1.48372889e-01   0.0000
  1.64695214e-02   0.0000
  2.53864774e-03   0.0000
 -2.21596405e-01   0.0000
  7.19734877e-02   0.0000
 -1.31391063e-01   0.0000
  1.69591546e-01   0.0000
  5.04851229e-02   0.0000
  1.36558535e-02   0.0000
  2.37310454e-02   0.0000
 -1.18017995e+00   0.0000
 -1.18548095e-01   0.0000
  1.72397479e-01   0.0000
 -2.09986463e-01   0.0000
 -1.46536887e-01   0.0000
 -2.13571385e-01   0.0000
  1.24732062e-01   0.0000
  1.31841004e-01   0.0000
 -5.20852387e-01   0.0000
  1.25639185e-01   0.0000
  1.50408536e-01   0.0000
 -1.55654669e-01   0.0000
 -6.18495159e-02   0.0000
 -7.59616643e-02   0.0000
  8.63806307e-02   0.0000
 -9.09800231e-02   0.0000
 -8.59704334e-03   0.0000
 -4.27635610e-01   0.0000
 -6.02500234e-03   0.0000
 -1.81622952e-01   0.0000
  1.34967014e-01   0.0000
 -1.46517128e-01   0.0000
  1.37417659e-01   0.0000
  1.28300441e-02   0.0000
  1.04952002e+00   0.0000
 -1.58967435e-01   0.0000
  1.19720988e-01   0.0000
 -9.58802551e-02   0.0000
 -3.60573418e-02   0.0000
 -2.12110668e-01   0.0000
 -2.80340701e-01   0.0000
 -1.23743817e-01   0.0000
 -1.71425134e-01   0.0000
  8.39984789e-03   0.0000
  1.04387969e-01   0.0000
 -6.48818631e-03   0.0000
  3.37627567e-02   0.0000
 -2.03875769e-02   0.0000
 -9.73652974e-02   0.0000
 -7.50067532e-02   0.0000
 -4.19341475e-02   0.0000
  2.09232122e-01   0.0000
  1.21662907e-01   0.0000
  3.96412937e-03   0.0000
 -7.16977268e-02   0.0000
 -4.34975535e-01   0.0000
  2.21239537e-01   0.0000
  1.19045973e-01   0.0000
  1.01279068e+00   0.0000
 -2.74021715e-01   0.0000
 -3.16758528e-02   0.0000
 -1.58489734e-01   0.0000
 -2.62277842e-01   0.0000
  8.36273190e-03   0.0000
 -8.08954462e-02   0.0000
  1.15474135e-01   0.0000
  7.65909255e-01   0.0000
  7.49420151e-02   0.0000
  1.28411263e-01   0.0000
  3.19012880e-01   0.0000
  1.56677261e-01   0.0000
  5.44446036e-02   0.0000
  5.48169911e-02   0.0000
 -1.10470302e-01   0.0000
  1.38225943e-01   0.0000
 -5.08039534e-01   0.0000
 -4.46581915e-02   0.0000
  2.16323091e-03   0.0000
  4.90258753e-01   0.0000
 -1.24378897e-01   0.0000
  2.14333483e-03   0.0000
 -6.46976829e-02   0.0000
  3.85628939e-01   0.0000
 -4.03331518e-02   0.0000
  1.03759982e-01   0.0000
  1.91261008e-01   0.0000
 -4.72479403e-01   0.0000
  1.05590113e-01   0.0000
 -5.59872270e-01   0.0000
 -1.13358803e-01   0.0000
  7.66929537e-02   0.0000
 -2.00124225e-03   0.0000
 -2.47535352e-02   0.0000
  2.20465735e-02   0.0000
  1.01518542e-01   0.0000
 -4.89992984e-02   0.0000
  3.99673283e-02   0.0000
 -1.24903172e-01   0.0000
  1.38928965e-01   0.0000
 -9.95962381e-01   0.0000
 -9.17009730e-03   0.0000
 -2.17111688e-02   0.0000
  4.87248868e-01   0.0000
  1.22025102e-01   0.0000
 -2.50125736e-01   0.0000
  2.19150148e-02   0.0000
  9.79869664e-01   0.0000
  2.80631274e-01   0.0000
  4.66849618e-02   0.0000
  2.40266219e-01   0.0000
  7.07702994e-01   0.0000
  8.46214592e-02   0.0000
  2.68719308e-02   0.0000
 -1.15418145e-02   0.0000
  5.10344701e-03   0.0000
  3.82375605e-02   0.0000
 -2.17277128e-02   0.0000
 -1.89430863e-02   0.0000
 -6.87752068e-02   0.0000
 -8.90692547e-02   0.0000
 -3.18366266e-03   0.0000
 -3.68762948e-02   0.0000
  8.03142413e-03   0.0000
 -1.33600131e-01   0.0000
 -7.69193769e-02   0.0000
 -2.31682565e-02   0.0000
 -5.95745385e-01   0.0000
 -9.87221226e-02   0.0000
  1.31913632e-01   0.0000
 -3.39438133e-02   0.0000
 -5.32903433e-01   0.0000
  3.96362022e-02   0.0000
 -1.41746104e-01   0.0000
 -8.50348845e-02   0.0000
 -2.01185331e-01   0.0000
 -4.60702330e-02   0.0000
  5.45785986e-02   0.0000
 -8.65448192e-02   0.0000
  1.31850004e-01   0.0000
 -8.70054495e-03   0.0000
  7.27621838e-02   0.0000
  2.73500383e-01   0.0000
  6.99574649e-02   0.0000
  8.13602855e-06   0.0000
 -8.73416588e-02   0.0000
  1.31678864e-01   0.0000
  9.46207121e-02   0.0000
 -4.68520783e-02   0.0000
 -1.88045099e-01   0.0000
 -3.75815742e-02   0.0000
  2.76226342e-01   0.0000
  1.79351941e-02   0.0000
  1.10208131e-02   0.0000
 -1.54693604e-01   0.0000
  1.03955007e+00   0.0000
  2.64808863e-01   0.0000
  4.51996773e-02   0.0000
 -4.53282371e-02   0.0000
  8.49907994e-01   0.0000
  7.63648897e-02   0.0000
  4.20654006e-02   0.0000
 -1.21222377e-01   0.0000
 -3.26592177e-01   0.0000
  1.48312137e-01   0.0000
 -1.10880248e-01   0.0000
 -9.38066244e-02   0.0000
 -2.10673138e-01   0.0000
 -1.52871678e-06   0.0000
  1.67702436e-02   0.0000
  1.17857531e-01   0.0000
  1.98069558e-01   0.0000
 -3.89534563e-01   0.0000
  3.24237952e-03   0.0000
  1.26163378e-01   0.0000
  3.36781681e-01   0.0000
 -3.76423538e-01   0.0000
  3.57269257e-01   0.0000
  7.55442679e-02   0.0000
  1.17879033e+00   0.0000
 -2.72468477e-01   0.0000
  1.28987723e-03   0.0000
  4.28133607e-01   0.0000
 -6.91233397e-01   0.0000
  2.28611365e-01   0.0000
 -9.13842201e-01   0.0000
 -2.36332659e-02   0.0000
 -7.14145303e-01   0.0000
  1.00453220e-01   0.0000
  5.06787337e-02   0.0000
  5.01477495e-02   0.0000
 -4.06611413e-02   0.0000
  1.89043973e-02   0.0000
 -7.15326576e-04   0.0000
  1.92884117e-01   0.0000
 -2.03536093e-01   0.0000
 -8.08881521e-01   0.0000
  1.75330922e-01   0.0000
  1.17692314e-01   0.0000
 -2.83683181e-01   0.0000
  4.63696808e-01   0.0000
  3.52602392e-01   0.0000
  3.01291317e-01   0.0000
  5.93267679e-01   0.0000
  4.16983962e-01   0.0000
  9.38172787e-02   0.0000
 -8.84711444e-01   0.0000
  5.52995503e-01   0.0000
 -3.48501295e-01   0.0000
  3.99427682e-01   0.0000
  1.98947027e-01   0.0000
  9.01425242e-01   0.0000
  3.27067614e-01   0.0000
  1.70679718e-01   0.0000
  4.74056035e-01   0.0000
  2.03563154e-01   0.0000
 -4.26852033e-02   0.0000
 -2.43951823e-03   0.0000
  0.00000000e+00   0.0000

