 5 0.000000 10
 1 
 Si 28.085500
 0 0.250001 4.500000 0.978124 1.000000 
 5 0 1 2 4 6
 8 2.25000 2.50000 2.75000 3.00000 3.25000 3.50000 3.75000 4.00000
 1 12.169200 6.172630 3.114710 0.755675 0.404939 0.036124 0.650018 0.572890
 4 40 24 24 1
 -8.72480094e-01   0.0000
 -4.88977671e-01   0.0000
 -4.02778596e-01   0.0000
 -3.55542660e-01   0.0000
 -4.94329721e-01   0.0000
 -6.17206246e-02   0.0000
 -4.91988242e-01   0.0000
  4.58062477e-02   0.0000
 -3.60123932e-01   0.0000
  1.37573528e+00   0.0000
 -5.00053108e-01   0.0000
  6.99674487e-01   0.0000
  7.79441223e-02   0.0000
 -7.95407832e-01   0.0000
 -4.05043736e-02   0.0000
 -5.84855556e-01   0.0000
 -7.68707216e-01   0.0000
  1.65063858e-01   0.0000
 -9.87622514e-02   0.0000
 -1.19986141e+00   0.0000
 -2.88352340e-01   0.0000
  9.81546193e-03   0.0000
  2.23537028e-01   0.0000
  8.62205327e-02   0.0000
  7.16780499e-02   0.0000
  5.18711329e-01   0.0000
 -1.95761427e-01   0.0000
 -2.78875023e-01   0.0000
 -3.73916328e-01   0.0000
  9.24525410e-02   0.0000
 -4.36259359e-01   0.0000
 -2.68619120e-01   0.0000
 -1.54476792e-01   0.0000
 -3.25891078e-02   0.0000
 -4.27995741e-01   0.0000
  5.94981194e-01   0.0000
 -3.58563811e-01   0.0000
 -2.66659945e-01   0.0000
 -8.56258750e-01   0.0000
  1.93132028e-01   0.0000
 -5.80734849e-01   0.0000
 -3.00318629e-01   0.0000
  1.40798196e-01   0.0000
 -2.34501898e-01   0.0000
  6.26668409e-02   0.0000
  3.61564428e-01   0.0000
  2.74105072e-01   0.0000
 -2.96769105e-02   0.0000
  1.45585671e-01   0.0000
  5.84877908e-01   0.0000
 -1.54966176e-01   0.0000
 -9.81627703e-02   0.0000
 -4.00314510e-01   0.0000
 -5.83421960e-02   0.0000
 -4.45770383e-01   0.0000
 -6.64744293e-03   0.0000
 -1.09641142e-02   0.0000
 -3.71392936e-01   0.0000
 -1.49315760e-01   0.0000
  1.99983001e-01   0.0000
  2.13262159e-02   0.0000
  1.05137974e-01   0.0000
 -1.18575859e+00   0.0000
  3.51879671e-02   0.0000
 -7.40463972e-01   0.0000
 -1.15854368e-01   0.0000
  2.97105089e-02   0.0000
  2.40049511e-01   0.0000
 -9.60916206e-02   0.0000
  2.60339111e-01   0.0000
  7.75153935e-02   0.0000
 -2.54015505e-01   0.0000
 -2.72977427e-02   0.0000
 -1.26956731e-01   0.0000
 -1.38847113e-01   0.0000
 -3.58410366e-02   0.0000
 -2.38032132e-01   0.0000
  1.56327575e-01   0.0000
 -3.85934114e-01   0.0000
  3.28872472e-01   0.0000
 -3.90726000e-01   0.0000
 -3.47965300e-01   0.0000
 -1.27289087e-01   0.0000
 -1.79904595e-01   0.0000
  6.67734385e-01   0.0000
  7.21493363e-02   0.0000
 -6.25262976e-01   0.0000
 -3.61193508e-01   0.0000
 -9.29379523e-01   0.0000
  4.16787177e-01   0.0000
 -1.33461863e-01   0.0000
  1.47165939e-01   0.0000
 -4.27780747e-01   0.0000
  4.10895161e-02   0.0000
 -2.23509774e-01   0.0000
 -3.63341868e-01   0.0000
  2.48823747e-01   0.0000
 -1.41045913e-01   0.0000
 -3.12889129e-01   0.0000
 -4.82808314e-02   0.0000
 -1.72868222e-01   0.0000
 -6.61524460e-02   0.0000
 -5.16712368e-01   0.0000
  1.51067898e-01   0.0000
 -4.57767218e-01   0.0000
 -2.13116616e-01   0.0000
 -7.25528300e-01   0.0000
  1.49835348e-01   0.0000
  3.18627894e-01   0.0000
 -2.57859677e-01   0.0000
 -2.33011618e-01   0.0000
 -3.07094604e-02   0.0000
 -8.37446749e-01   0.0000
  3.14157009e-01   0.0000
 -1.16868883e-01   0.0000
  1.92382529e-01   0.0000
 -5.31063259e-01   0.0000
  9.20957979e-03   0.0000
 -1.82654500e-01   0.0000
 -5.46055771e-02   0.0000
  2.78539181e-01   0.0000
 -2.60359515e-02   0.0000
 -1.56265646e-01   0.0000
 -1.23264730e-01   0.0000
 -2.80384004e-01   0.0000
 -2.21830513e-02   0.0000
 -4.53398615e-01   0.0000
  3.03745151e-01   0.0000
 -2.39788070e-01   0.0000
 -3.74750465e-01   0.0000
 -1.05201662e+00   0.0000
  1.69362202e-01   0.0000
  3.09339970e-01   0.0000
 -1.26745492e-01   0.0000
 -5.52651212e-02   0.0000
  1.92145079e-01   0.0000
 -7.80517280e-01   0.0000
  5.97948907e-03   0.0000
  3.83433513e-02   0.0000
 -7.50198141e-02   0.0000
 -2.57773399e-01   0.0000
 -7.96432495e-02   0.0000
 -2.16484025e-01   0.0000
  2.11926267e-01   0.0000
  1.20821912e-02   0.0000
  1.02937371e-01   0.0000
 -2.40650907e-01   0.0000
  1.28669262e-01   0.0000
 -5.93256354e-02   0.0000
 -3.50991413e-02   0.0000
 -4.34656233e-01   0.0000
 -9.92909074e-02   0.0000
 -5.79529591e-02   0.0000
  1.68219060e-02   0.0000
 -6.32055342e-01   0.0000
  2.45682329e-01   0.0000
  2.53081888e-01   0.0000
 -1.07694909e-01   0.0000
  1.23258978e-01   0.0000
  3.31236213e-01   0.0000
 -3.64832520e-01   0.0000
 -6.87219128e-02   0.0000
 -1.97923258e-02   0.0000
 -1.36179358e-01   0.0000
  3.13429385e-02   0.0000
 -4.79174018e-01   0.0000
 -6.33556545e-02   0.0000
  1.54024810e-01   0.0000
 -4.09746647e-01   0.0000
  2.48740882e-01   0.0000
 -1.22047000e-01   0.0000
  1.01637118e-01   0.0000
 -1.27574876e-01   0.0000
  6.97588921e-02   0.0000
 -3.51500720e-01   0.0000
 -8.32112804e-02   0.0000
 -9.74575952e-02   0.0000
  6.13353014e-01   0.0000
 -2.49962285e-01   0.0000
  2.07140550e-01   0.0000
  7.51181245e-02   0.0000
 -1.49307907e-01   0.0000
  1.91514224e-01   0.0000
  1.95392892e-01   0.0000
 -2.97138661e-01   0.0000
 -3.80781852e-02   0.0000
 -1.44572143e-04   0.0000
 -4.45202470e-01   0.0000
  7.52297938e-02   0.0000
 -3.60159844e-01   0.0000
  2.73103237e-01   0.0000
  1.84226707e-01   0.0000
 -4.41885814e-02   0.0000
  9.16724876e-02   0.0000
 -1.28531888e-01   0.0000
 -4.61421423e-02   0.0000
  3.46688896e-01   0.0000
 -1.32035568e-01   0.0000
 -1.40910804e-01   0.0000
 -9.78820473e-02   0.0000
 -1.46166354e-01   0.0000
  4.33221549e-01   0.0000
 -1.87054425e-01   0.0000
  2.55880177e-01   0.0000
  1.04934052e-02   0.0000
 -2.02649400e-01   0.0000
  2.55790323e-01   0.0000
 -2.25479797e-01   0.0000
 -9.37162936e-02   0.0000
  1.87071323e-01   0.0000
 -2.26788640e-01   0.0000
 -3.55510592e-01   0.0000
  1.16528541e-01   0.0000
  4.16650087e-01   0.0000
  2.67452784e-02   0.0000
 -1.24080166e-01   0.0000
 -1.07507373e-03   0.0000
  5.76704256e-02   0.0000
 -8.37905426e-03   0.0000
  1.56676695e-01   0.0000
  1.77673280e-01   0.0000
 -1.03856802e-01   0.0000
  4.21085745e-01   0.0000
 -4.77077544e-01   0.0000
  3.28987986e-02   0.0000
 -5.45795076e-02   0.0000
  5.31139374e-01   0.0000
  1.66228727e-01   0.0000
  4.99277562e-02   0.0000
  1.45216621e-02   0.0000
  3.99986118e-01   0.0000
 -1.45306483e-01   0.0000
  5.33508770e-02   0.0000
 -7.41626769e-02   0.0000
  9.09697637e-02   0.0000
 -3.14906716e-01   0.0000
 -1.49567783e-01   0.0000
  5.10965824e-01   0.0000
 -9.52459872e-03   0.0000
 -1.00893781e-01   0.0000
 -1.80022284e-01   0.0000
 -2.59074122e-01   0.0000
 -7.03590922e-04   0.0000
  1.79982573e-01   0.0000
  4.86428559e-01   0.0000
  1.33505184e-02   0.0000
  4.80500489e-01   0.0000
 -4.17739004e-01   0.0000
  1.25509515e-01   0.0000
 -1.96908079e-02   0.0000
  6.86659515e-01   0.0000
  2.10528821e-01   0.0000
  4.79557842e-01   0.0000
  2.65067369e-01   0.0000
  3.67435038e-01   0.0000
 -6.84929863e-02   0.0000
 -8.64039361e-02   0.0000
 -4.17324901e-02   0.0000
  1.51279360e-01   0.0000
 -2.96153203e-02   0.0000
 -1.79166391e-01   0.0000
  4.39504892e-01   0.0000
 -2.20903847e-02   0.0000
  4.39038463e-02   0.0000
 -6.11868948e-02   0.0000
  1.45015582e-01   0.0000
 -4.40300480e-02   0.0000
  2.10959375e-01   0.0000
  2.01736055e-02   0.0000
  4.79057170e-02   0.0000
  5.44987977e-01   0.0000
  5.34944125e-02   0.0000
 -1.60914604e-02   0.0000
 -2.31352606e-04   0.0000
  1.52207211e-01   0.0000
  2.47837946e-01   0.0000
  2.66587555e-01   0.0000
  1.81237645e-02   0.0000
  3.02600354e-01   0.0000
  1.05388671e-01   0.0000
 -1.82756484e-01   0.0000
  1.62589908e-01   0.0000
 -7.09627196e-02   0.0000
  9.23885256e-02   0.0000
 -2.75922418e-01   0.0000
  2.04846650e-01   0.0000
  3.57204750e-02   0.0000
  9.96057317e-02   0.0000
 -2.09335163e-01   0.0000
  1.61941722e-01   0.0000
 -5.25845122e-03   0.0000
  1.08871214e-01   0.0000
  9.05945972e-02   0.0000
  1.08378433e-01   0.0000
  2.37828106e-01   0.0000
  3.48712206e-01   0.0000
 -3.87360267e-02   0.0000
 -1.00027688e-01   0.0000
 -4.76502329e-02   0.0000
  4.36032843e-03   0.0000
  3.52856547e-01   0.0000
 -1.08829066e-01   0.0000
  2.82949116e-02   0.0000
  1.68088347e-01   0.0000
 -5.08076012e-01   0.0000
 -7.99285918e-02   0.0000
 -2.65157700e-01   0.0000
  7.72794411e-02   0.0000
 -1.99262455e-01   0.0000
 -2.12723196e-01   0.0000
  2.25194097e-01   0.0000
  5.84803410e-02   0.0000
 -1.10222563e-01   0.0000
  6.99484274e-02   0.0000
 -1.23470224e-01   0.0000
  6.21281080e-02   0.0000
 -4.68306281e-02   0.0000
  2.59699792e-01   0.0000
  3.53075862e-01   0.0000
  6.37092590e-01   0.0000
 -5.66606373e-02   0.0000
  2.50810254e-02   0.0000
  3.15787201e-03   0.0000
 -1.84226125e-01   0.0000
  5.56689322e-01   0.0000
  1.55378565e-01   0.0000
  9.49872847e-05   0.0000
 -4.73938743e-03   0.0000
 -2.41410971e-01   0.0000
 -5.57372570e-02   0.0000
 -3.38699251e-01   0.0000
  9.72798839e-02   0.0000
 -2.86334068e-01   0.0000
 -5.22886693e-01   0.0000
  9.78806149e-03   0.0000
 -1.08821243e-01   0.0000
  3.76371890e-02   0.0000
 -1.08356021e-01   0.0000
  8.78359564e-03   0.0000
  1.53262928e-01   0.0000
  5.33996038e-02   0.0000
  4.60676588e-02   0.0000
  2.03816012e-01   0.0000
  5.38070500e-01   0.0000
  2.85433810e-02   0.0000
 -1.02234922e-01   0.0000
  1.07835695e-01   0.0000
 -3.07494521e-01   0.0000
  6.72198117e-01   0.0000
  7.30567575e-02   0.0000
  2.65859127e-01   0.0000
 -1.46439625e-02   0.0000
 -1.94367707e-01   0.0000
  5.77509552e-02   0.0000
 -1.80427045e-01   0.0000
 -1.82241562e-03   0.0000
 -8.48670080e-02   0.0000
 -4.96504396e-01   0.0000
  6.62630275e-02   0.0000
  1.52170196e-01   0.0000
 -4.08001430e-02   0.0000
 -6.86715692e-02   0.0000
  6.81655481e-03   0.0000
  6.30127490e-02   0.0000
 -7.23017678e-02   0.0000
  2.25173146e-01   0.0000
  2.41806895e-01   0.0000
  2.10520506e-01   0.0000
  1.60501435e-01   0.0000
 -2.10811213e-01   0.0000
  1.82281375e-01   0.0000
 -3.34339261e-01   0.0000
  3.22623760e-01   0.0000
  8.63705128e-02   0.0000
  2.19283611e-01   0.0000
 -1.99068800e-01   0.0000
 -1.20355956e-01   0.0000
 -7.84587786e-02   0.0000
 -1.07499138e-01   0.0000
 -8.24191794e-02   0.0000
 -1.16928644e-01   0.0000
 -2.55263448e-01   0.0000
 -1.35176972e-01   0.0000
 -5.22640646e-02   0.0000
  5.99972084e-02   0.0000
 -3.79758656e-01   0.0000
 -5.78984432e-02   0.0000
 -8.86778608e-02   0.0000
 -2.31676549e-01   0.0000
 -3.01642895e-01   0.0000
 -1.90919966e-01   0.0000
 -4.55771923e-01   0.0000
 -7.00045303e-02   0.0000
  1.41299531e-01   0.0000
 -1.12273030e-01   0.0000
 -2.18201250e-01   0.0000
  7.11874366e-02   0.0000
 -4.25964117e-01   0.0000
  7.14480340e-01   0.0000
 -2.19900176e-01   0.0000
 -8.26973617e-01   0.0000
 -1.98674917e-01   0.0000
  2.40320519e-01   0.0000
 -2.01250166e-01   0.0000
 -3.99866998e-01   0.0000
  2.51312822e-01   0.0000
 -3.61553967e-01   0.0000
  3.26047093e-01   0.0000
  1.35085478e-01   0.0000
  3.15904319e-01   0.0000
  6.69355020e-02   0.0000
  5.28425910e-02   0.0000
 -2.53663491e-02   0.0000
  6.66753277e-02   0.0000
 -3.56823802e-01   0.0000
 -7.61565566e-02   0.0000
  6.85787573e-02   0.0000
 -9.70085710e-03   0.0000
 -1.01661772e-01   0.0000
 -8.69935304e-02   0.0000
 -6.23260923e-02   0.0000
 -2.41425380e-01   0.0000
 -2.97133803e-01   0.0000
 -1.52952060e-01   0.0000
 -3.19781244e-01   0.0000
 -3.97501700e-03   0.0000
  3.36006358e-02   0.0000
 -1.28989480e-02   0.0000
  3.24816763e-01   0.0000
  6.33900985e-02   0.0000
  4.21583876e-02   0.0000
 -2.14538589e-01   0.0000
  6.42111152e-02   0.0000
  2.12435469e-01   0.0000
  1.60075843e-01   0.0000
  1.71119776e-02   0.0000
  2.23434623e-02   0.0000
  5.22048622e-02   0.0000
 -3.65180016e-01   0.0000
  3.40236068e-01   0.0000
  8.81405920e-02   0.0000
 -1.77909762e-01   0.0000
 -4.99471370e-03   0.0000
 -2.22426757e-01   0.0000
  1.32447839e-01   0.0000
 -1.51953716e-02   0.0000
 -3.64299297e-01   0.0000
 -6.18161224e-02   0.0000
  1.06417060e-01   0.0000
  2.34005377e-01   0.0000
 -2.31466994e-01   0.0000
 -1.92085728e-01   0.0000
  3.19242060e-01   0.0000
 -3.70378107e-01   0.0000
  2.84804344e-01   0.0000
 -3.72478813e-01   0.0000
  9.38288718e-02   0.0000
  1.56196415e-01   0.0000
  2.40778383e-02   0.0000
 -7.60885701e-03   0.0000
 -5.24005108e-03   0.0000
  6.71743378e-02   0.0000
 -1.67534143e-01   0.0000
  3.33801419e-01   0.0000
 -3.83619368e-02   0.0000
 -2.67525971e-01   0.0000
 -1.32137969e-01   0.0000
 -6.25718385e-02   0.0000
  2.80283481e-01   0.0000
 -6.13956228e-02   0.0000
 -2.25213021e-01   0.0000
 -3.63247059e-02   0.0000
  6.11514933e-02   0.0000
  2.10237447e-02   0.0000
 -3.33261222e-01   0.0000
 -3.88849340e-02   0.0000
  1.80558953e-02   0.0000
 -5.23613513e-01   0.0000
  1.42680794e-01   0.0000
 -4.22144175e-01   0.0000
  4.71435606e-01   0.0000
 -2.65820801e-01   0.0000
  2.78860461e-02   0.0000
  7.12760836e-02   0.0000
 -9.49527975e-03   0.0000
  5.61518110e-02   0.0000
 -2.20297948e-01   0.0000
  5.33887744e-01   0.0000
 -5.20986877e-02   0.0000
 -2.34913886e-01   0.0000
 -1.23820432e-01   0.0000
  8.12024698e-02   0.0000
  3.85616809e-01   0.0000
 -2.44945198e-01   0.0000
 -3.32053214e-01   0.0000
  1.76613666e-02   0.0000
  1.14437930e-01   0.0000
 -8.49024281e-02   0.0000
 -4.13747370e-01   0.0000
 -2.02359274e-01   0.0000
  1.62055969e-01   0.0000
 -3.13475549e-01   0.0000
  5.03673553e-02   0.0000
 -3.60903233e-01   0.0000
  3.86231750e-01   0.0000
 -1.70851141e-01   0.0000
  8.32147449e-02   0.0000
  6.58936575e-02   0.0000
 -5.11532724e-02   0.0000
  1.04614682e-01   0.0000
 -2.31753606e-02   0.0000
  4.83032763e-01   0.0000
 -1.29479384e-02   0.0000
 -2.60639161e-01   0.0000
 -2.03856140e-01   0.0000
  1.80431828e-01   0.0000
  1.37497336e-01   0.0000
 -9.61910933e-02   0.0000
 -1.51987776e-01   0.0000
  1.35612749e-02   0.0000
  6.96745664e-02   0.0000
 -7.55524635e-02   0.0000
 -3.01151961e-01   0.0000
 -4.01617214e-02   0.0000
 -1.59920361e-02   0.0000
 -1.89999208e-01   0.0000
  3.99804376e-02   0.0000
 -1.09724522e-01   0.0000
  1.90689579e-01   0.0000
 -1.89430892e-01   0.0000
  7.97621235e-02   0.0000
  2.90035568e-02   0.0000
  3.31781283e-02   0.0000
  2.45333109e-02   0.0000
 -6.34827763e-02   0.0000
  1.81641340e-01   0.0000
 -1.24793135e-01   0.0000
 -1.45899951e-01   0.0000
 -2.93052375e-01   0.0000
  9.98770259e-03   0.0000
  1.09339342e-01   0.0000
  5.23630083e-02   0.0000
 -9.23732296e-02   0.0000
  7.79381618e-02   0.0000
  1.23491660e-01   0.0000
 -1.73899204e-01   0.0000
 -4.57757711e-02   0.0000
 -6.50972649e-02   0.0000
  1.54711127e-01   0.0000
  7.18423352e-02   0.0000
  9.96090621e-02   0.0000
  3.15656401e-02   0.0000
  1.75022259e-01   0.0000
 -3.73279452e-01   0.0000
 -1.86095573e-02   0.0000
  1.63425863e-01   0.0000
  1.09480470e-01   0.0000
  9.29506272e-02   0.0000
  1.94620173e-02   0.0000
  1.10406779e-01   0.0000
 -7.18862936e-02   0.0000
  8.00515115e-02   0.0000
 -1.99708249e-02   0.0000
 -6.35113791e-02   0.0000
  4.78813536e-02   0.0000
  2.90087983e-02   0.0000
 -4.26652469e-02   0.0000
  1.48391828e-01   0.0000
  7.94537738e-02   0.0000
  7.25262538e-02   0.0000
 -4.37074853e-03   0.0000
 -6.94519049e-03   0.0000
  1.77065179e-01   0.0000
  2.00763494e-02   0.0000
 -3.63765843e-02   0.0000
  1.12575829e-01   0.0000
  6.95157111e-01   0.0000
  2.09610492e-01   0.0000
  3.06908786e-02   0.0000
  2.26645738e-01   0.0000
 -9.62438881e-02   0.0000
 -8.90688822e-02   0.0000
 -2.92634368e-02   0.0000
  8.40631723e-01   0.0000
 -1.35682642e-01   0.0000
 -7.81662703e-01   0.0000
 -2.91922301e-01   0.0000
  1.43853176e+00   0.0000
 -2.13639006e-01   0.0000
 -1.94877060e-03   0.0000
 -4.90120232e-01   0.0000
  9.65378433e-02   0.0000
 -7.85626248e-02   0.0000
 -1.40764678e+00   0.0000
 -2.76781201e-01   0.0000
  2.64192790e-01   0.0000
 -1.66819036e-01   0.0000
 -1.14246523e+00   0.0000
 -3.88681293e-01   0.0000
  4.58553612e-01   0.0000
  2.10163724e-02   0.0000
  3.02121222e-01   0.0000
  5.56574063e-03   0.0000
  5.61267994e-02   0.0000
  1.32349767e-02   0.0000
  2.00944930e-01   0.0000
  4.76896942e-01   0.0000
  7.50388265e-01   0.0000
  1.43508196e-01   0.0000
 -1.96830556e-01   0.0000
  3.12404424e-01   0.0000
  8.82733524e-01   0.0000
 -1.76879972e-01   0.0000
  3.39381367e-01   0.0000
  7.07300976e-02   0.0000
  1.47957355e-01   0.0000
  7.59009563e-04   0.0000
 -2.07934514e-01   0.0000
 -5.85626423e-01   0.0000
  3.21090877e-01   0.0000
  1.46029666e-01   0.0000
 -1.32213938e+00   0.0000
  6.79326057e-02   0.0000
 -5.11101067e-01   0.0000
 -3.62567872e-01   0.0000
  2.16568723e-01   0.0000
 -1.67442225e-02   0.0000
 -1.92136884e-01   0.0000
  3.11571985e-01   0.0000
  2.91201562e-01   0.0000
  4.62824136e-01   0.0000
  8.55781659e-02   0.0000
  5.34075648e-02   0.0000
 -7.72482976e-02   0.0000
  6.53010666e-01   0.0000
  4.75888371e-01   0.0000
 -1.25576302e-01   0.0000
  2.89341688e-01   0.0000
  4.18988615e-01   0.0000
  2.83781048e-02   0.0000
 -1.79251119e-01   0.0000
  6.81507364e-02   0.0000
  2.22828031e-01   0.0000
  9.81968548e-03   0.0000
  6.54763281e-02   0.0000
 -7.49091268e-01   0.0000
 -9.60545763e-02   0.0000
 -3.39631408e-01   0.0000
 -1.29716069e-01   0.0000
  1.86524138e-01   0.0000
 -4.76150066e-02   0.0000
 -3.83704633e-01   0.0000
  8.37536976e-02   0.0000
  5.39657846e-02   0.0000
  2.50069529e-01   0.0000
 -4.91174519e-01   0.0000
  6.84416816e-02   0.0000
  1.26031667e-01   0.0000
  2.32288465e-01   0.0000
  4.42893803e-01   0.0000
 -4.53966796e-01   0.0000
 -1.66814085e-02   0.0000
  4.52792823e-01   0.0000
 -2.36718029e-01   0.0000
 -1.86397567e-01   0.0000
  9.10030678e-02   0.0000
  4.73270446e-01   0.0000
 -4.39578108e-02   0.0000
  1.01645384e-03   0.0000
 -1.41424552e-01   0.0000
 -1.29229790e-02   0.0000
  7.17215762e-02   0.0000
 -1.05790846e-01   0.0000
  5.71149588e-02   0.0000
 -1.60093457e-01   0.0000
 -2.60173410e-01   0.0000
 -6.56749159e-02   0.0000
  5.40109538e-03   0.0000
 -1.83458075e-01   0.0000
 -2.42853329e-01   0.0000
 -6.26148283e-02   0.0000
  4.63710338e-01   0.0000
 -2.48358939e-02   0.0000
  2.42899433e-01   0.0000
 -7.30021119e-01   0.0000
 -8.32931176e-02   0.0000
  4.19796646e-01   0.0000
 -4.09497172e-01   0.0000
 -4.91872802e-02   0.0000
 -3.77981484e-01   0.0000
  1.00926921e-01   0.0000
 -2.85919696e-01   0.0000
 -7.44426437e-03   0.0000
  6.33603409e-02   0.0000
  1.01112612e-01   0.0000
  2.64445424e-01   0.0000
 -5.08595072e-02   0.0000
  1.78842127e-01   0.0000
 -1.22127697e-01   0.0000
 -2.84337521e-01   0.0000
 -4.95963432e-02   0.0000
 -4.92159128e-02   0.0000
 -1.22338235e-01   0.0000
  2.14484259e-01   0.0000
 -8.20040777e-02   0.0000
  3.50843638e-01   0.0000
 -1.42886981e-01   0.0000
  1.78805232e-01   0.0000
 -5.50527573e-01   0.0000
 -2.62643158e-01   0.0000
  2.54813075e-01   0.0000
 -6.99867308e-02   0.0000
 -8.89568776e-02   0.0000
 -6.47912800e-01   0.0000
 -1.88229755e-01   0.0000
 -7.88673460e-02   0.0000
 -9.32803303e-02   0.0000
 -2.25384593e-01   0.0000
  3.59033167e-01   0.0000
  1.19562171e-01   0.0000
  2.14556642e-02   0.0000
  1.46080807e-01   0.0000
 -2.42712926e-02   0.0000
 -1.54894173e-01   0.0000
 -5.17959706e-02   0.0000
  6.94597214e-02   0.0000
  9.42916796e-02   0.0000
  5.08270919e-01   0.0000
 -1.75534740e-01   0.0000
  4.41760756e-02   0.0000
 -2.42630735e-01   0.0000
  1.33279890e-01   0.0000
 -2.85702616e-01   0.0000
  8.88177473e-03   0.0000
  1.07883908e-01   0.0000
  1.26283646e-01   0.0000
  1.38628734e-02   0.0000
 -2.52048433e-01   0.0000
 -1.70836985e-01   0.0000
 -1.48696780e-01   0.0000
  3.68062072e-02   0.0000
 -1.18595205e-01   0.0000
  2.69306481e-01   0.0000
 -1.39951259e-02   0.0000
  9.33710411e-02   0.0000
  2.46204421e-01   0.0000
 -1.10771231e-04   0.0000
  1.06206611e-01   0.0000
 -2.42279265e-02   0.0000
  8.26467350e-02   0.0000
  1.87286697e-02   0.0000
  3.81715387e-01   0.0000
 -1.52854249e-01   0.0000
  1.48316801e-01   0.0000
 -2.34397978e-01   0.0000
  4.47833911e-02   0.0000
 -6.31884765e-03   0.0000
  7.55337104e-02   0.0000
  6.69413209e-02   0.0000
 -2.26811469e-02   0.0000
  1.13269024e-01   0.0000
 -1.28909886e-01   0.0000
 -8.00043941e-02   0.0000
  7.23462403e-02   0.0000
 -1.75382465e-01   0.0000
 -2.19972171e-02   0.0000
  2.35860154e-01   0.0000
  1.42228276e-01   0.0000
 -3.71100754e-01   0.0000
  2.67238975e-01   0.0000
 -2.74995059e-01   0.0000
  9.15175602e-02   0.0000
 -3.56757581e-01   0.0000
  1.32087067e-01   0.0000
 -4.33563918e-01   0.0000
 -2.60274589e-01   0.0000
 -4.32997733e-01   0.0000
 -2.01720186e-02   0.0000
 -5.68286598e-01   0.0000
 -1.09783836e-01   0.0000
  8.33751976e-01   0.0000
 -4.92886454e-02   0.0000
 -4.64152813e-01   0.0000
  1.87048703e-01   0.0000
  7.38422811e-01   0.0000
  3.72965991e-01   0.0000
  1.53817981e-01   0.0000
  8.98938924e-02   0.0000
 -5.58241308e-02   0.0000
  8.85713816e-01   0.0000
  1.74728811e-01   0.0000
 -1.43004442e-02   0.0000
 -8.65444615e-02   0.0000
  8.62919211e-01   0.0000
 -1.07724987e-01   0.0000
  3.27939466e-02   0.0000
 -5.78353815e-02   0.0000
  3.08171809e-02   0.0000
 -4.10526276e-01   0.0000
  1.67113990e-01   0.0000
 -2.44870096e-01   0.0000
 -5.21677077e-01   0.0000
  4.76920381e-02   0.0000
 -5.49652278e-01   0.0000
  5.36713839e-01   0.0000
  1.73692137e-01   0.0000
 -2.18727469e-01   0.0000
  2.68675447e-01   0.0000
  1.40262648e-01   0.0000
 -1.16140470e-01   0.0000
 -7.48432726e-02   0.0000
  3.58534724e-01   0.0000
 -3.05270910e-01   0.0000
 -3.60527784e-01   0.0000
  3.39537591e-01   0.0000
 -4.51596767e-01   0.0000
  1.87579338e-02   0.0000
  4.61796880e-01   0.0000
 -2.00791974e-02   0.0000
 -2.10188255e-01   0.0000
 -3.95689644e-02   0.0000
 -7.40265623e-02   0.0000
 -1.73944011e-01   0.0000
 -3.88493650e-02   0.0000
 -1.09780647e-01   0.0000
  1.89016499e-02   0.0000
  1.05615057e-01   0.0000
 -7.32314289e-01   0.0000
  9.62783098e-02   0.0000
  2.35484272e-01   0.0000
  6.80874512e-02   0.0000
 -1.29875958e-01   0.0000
 -5.72709143e-01   0.0000
  1.09211825e-01   0.0000
  3.50603126e-02   0.0000
  4.56558526e-01   0.0000
 -3.18748683e-01   0.0000
 -5.01720548e-01   0.0000
  3.79150033e-01   0.0000
 -4.39554602e-01   0.0000
  1.70583278e-01   0.0000
  8.73574540e-02   0.0000
 -1.19810924e-01   0.0000
 -2.00414643e-01   0.0000
 -7.94177800e-02   0.0000
 -1.04635552e-01   0.0000
 -5.54478049e-01   0.0000
 -4.92526531e-01   0.0000
 -1.08945452e-01   0.0000
  4.02843565e-01   0.0000
 -1.77783184e-02   0.0000
 -5.62984169e-01   0.0000
 -2.02781603e-01   0.0000
  2.52463836e-02   0.0000
  1.17720976e-01   0.0000
 -4.68101539e-02   0.0000
 -7.60669053e-01   0.0000
  4.13031667e-01   0.0000
  2.15273499e-01   0.0000
  1.86685678e-02   0.0000
 -2.51123607e-01   0.0000
 -7.96037689e-02   0.0000
  8.73974487e-02   0.0000
 -7.49273822e-02   0.0000
  2.00051263e-01   0.0000
  1.31656766e-01   0.0000
 -1.24963798e-01   0.0000
 -1.29340783e-01   0.0000
 -7.60985166e-02   0.0000
 -1.46348283e-01   0.0000
 -4.17812020e-01   0.0000
  2.89974529e-02   0.0000
 -5.08175343e-02   0.0000
  3.08252275e-01   0.0000
 -2.69164741e-01   0.0000
 -4.00432080e-01   0.0000
 -4.21450227e-01   0.0000
 -1.18825570e-01   0.0000
  1.35750264e-01   0.0000
 -1.23631144e-02   0.0000
 -4.79658246e-01   0.0000
  3.59307677e-01   0.0000
  4.65936750e-01   0.0000
  5.24867252e-02   0.0000
 -3.25380296e-01   0.0000
 -8.71394500e-02   0.0000
  9.81989801e-02   0.0000
 -6.90312162e-02   0.0000
  6.68739080e-02   0.0000
 -5.77818649e-03   0.0000
  4.58874693e-03   0.0000
  1.22152064e-02   0.0000
 -5.39121404e-02   0.0000
 -1.92235187e-02   0.0000
  5.20547815e-02   0.0000
  3.65731329e-01   0.0000
 -1.21456034e-01   0.0000
  2.66339689e-01   0.0000
 -1.47033527e-01   0.0000
 -2.48032078e-01   0.0000
 -3.16549212e-01   0.0000
 -1.12588517e-01   0.0000
  5.82600012e-02   0.0000
  9.28149968e-02   0.0000
 -2.46702805e-02   0.0000
  4.67242151e-01   0.0000
  1.73468918e-01   0.0000
  2.49288961e-01   0.0000
 -2.20965862e-01   0.0000
  3.10036719e-01   0.0000
  1.04127459e-01   0.0000
 -3.52416672e-02   0.0000
  6.31302446e-02   0.0000
  7.14180097e-02   0.0000
  1.35286361e-01   0.0000
  5.27747571e-02   0.0000
 -1.42590404e-01   0.0000
  3.21155265e-02   0.0000
 -1.60782427e-01   0.0000
  1.25068679e-01   0.0000
  1.07197404e-01   0.0000
 -1.88241392e-01   0.0000
 -5.08232787e-02   0.0000
  7.91257527e-03   0.0000
 -1.96791124e-02   0.0000
  2.90640024e-03   0.0000
 -7.87488669e-02   0.0000
  1.85162481e-02   0.0000
 -1.22601585e-03   0.0000
  6.48835152e-02   0.0000
  1.38791502e-01   0.0000
  1.52493626e-01   0.0000
  1.98331010e-02   0.0000
  1.83871582e-01   0.0000
 -1.62259154e-02   0.0000
 -5.37823811e-02   0.0000
  2.65777051e-01   0.0000
  4.51271057e-01   0.0000
 -2.03234889e-02   0.0000
  3.28256749e-02   0.0000
  2.40035914e-02   0.0000
 -3.57618928e-02   0.0000
 -1.25048056e-01   0.0000
  5.41768931e-02   0.0000
 -9.17914137e-03   0.0000
 -2.32090428e-01   0.0000
 -3.66984159e-02   0.0000
 -2.29083654e-02   0.0000
 -1.83720618e-01   0.0000
 -1.03138298e-01   0.0000
  1.14784455e-02   0.0000
  2.36357316e-01   0.0000
  6.94313869e-02   0.0000
 -1.69917777e-01   0.0000
  1.81836218e-01   0.0000
  1.92340568e-01   0.0000
  1.43872090e-02   0.0000
  1.37734592e-01   0.0000
  5.32906055e-02   0.0000
  4.69777472e-02   0.0000
  8.66374671e-01   0.0000
  4.56080362e-02   0.0000
 -8.85154232e-02   0.0000
  2.29516793e-02   0.0000
 -5.02256714e-02   0.0000
 -1.26572996e-01   0.0000
 -1.18685260e-01   0.0000
 -5.81044495e-01   0.0000
  9.10431426e-03   0.0000
 -3.75799060e-01   0.0000
  5.33374906e-01   0.0000
  4.82812434e-01   0.0000
 -1.29310563e-01   0.0000
 -3.48549858e-02   0.0000
  3.99477422e-01   0.0000
 -5.04198410e-02   0.0000
 -3.86249572e-01   0.0000
 -1.24907702e-01   0.0000
  6.55832589e-01   0.0000
  3.75794381e-01   0.0000
 -1.38211131e-01   0.0000
  7.05598414e-01   0.0000
 -1.31501824e-01   0.0000
  4.64170039e-01   0.0000
  1.06727771e-01   0.0000
 -1.50666699e-01   0.0000
 -2.20082343e-01   0.0000
  4.66784351e-02   0.0000
 -1.15770800e-02   0.0000
  2.62313366e-01   0.0000
  2.03239948e-01   0.0000
  9.47805420e-02   0.0000
 -9.23567638e-03   0.0000
  1.36315322e+00   0.0000
 -4.69215505e-04   0.0000
  5.58505813e-03   0.0000
  1.40234664e-01   0.0000
  3.31981364e-03   0.0000
  5.81047758e-02   0.0000
 -3.58920127e-01   0.0000
  1.32090926e-01   0.0000
 -5.59845706e-03   0.0000
 -2.30390087e-01   0.0000
 -1.06296747e-03   0.0000
 -3.07754278e-02   0.0000
  3.58570755e-01   0.0000
  1.08676150e-01   0.0000
  1.00840412e-01   0.0000
  1.34053960e-01   0.0000
  4.19405438e-02   0.0000
  2.08908185e-01   0.0000
 -7.43675828e-02   0.0000
  3.22099170e-03   0.0000
 -3.80851299e-01   0.0000
 -1.98080227e-01   0.0000
  1.64033938e-02   0.0000
  6.70157671e-02   0.0000
  4.50479060e-01   0.0000
 -2.70778388e-02   0.0000
 -5.41629549e-03   0.0000
  2.41572812e-01   0.0000
 -5.49778283e-01   0.0000
  1.78786710e-01   0.0000
  3.07747900e-01   0.0000
 -2.73788702e-02   0.0000
  9.60540235e-01   0.0000
  2.00889438e-01   0.0000
  9.28465202e-02   0.0000
  9.42487717e-02   0.0000
  1.40908390e-01   0.0000
 -1.31985098e-01   0.0000
 -2.22984031e-02   0.0000
 -4.64493455e-03   0.0000
 -1.08703241e-01   0.0000
 -8.85329619e-02   0.0000
 -4.61683683e-02   0.0000
  9.75898758e-04   0.0000
  3.92828792e-01   0.0000
  1.62419930e-01   0.0000
 -1.54358298e-01   0.0000
 -1.20929576e-01   0.0000
  4.97044474e-02   0.0000
 -1.58070594e-01   0.0000
  1.56380166e-03   0.0000
 -2.58228600e-01   0.0000
 -1.05767608e-01   0.0000
 -2.53166887e-03   0.0000
 -3.07813317e-01   0.0000
  1.64260089e-01   0.0000
 -1.66289434e-02   0.0000
 -2.11220205e-01   0.0000
  4.72440682e-02   0.0000
  1.57053903e-01   0.0000
  1.54423505e-01   0.0000
 -1.20514594e-01   0.0000
  8.98342133e-02   0.0000
 -3.94695960e-02   0.0000
 -8.31520408e-02   0.0000
  3.11540723e-01   0.0000
 -2.20621284e-03   0.0000
  6.88480660e-02   0.0000
  3.57002579e-02   0.0000
  1.15670741e-01   0.0000
 -2.38954991e-01   0.0000
 -1.10667676e-01   0.0000
  3.88051778e-01   0.0000
 -1.18241915e-02   0.0000
 -5.48573881e-02   0.0000
  1.43994689e-01   0.0000
  4.37763572e-01   0.0000
  5.95925711e-02   0.0000
 -8.38328227e-02   0.0000
  1.60857111e-01   0.0000
  4.47991192e-01   0.0000
  1.84262041e-02   0.0000
  3.88430804e-02   0.0000
  3.68528143e-02   0.0000
  1.72501177e-01   0.0000
 -5.67078628e-02   0.0000
 -7.99107105e-02   0.0000
 -9.68060866e-02   0.0000
  3.00867371e-02   0.0000
  1.12671912e-01   0.0000
  9.15096775e-02   0.0000
 -2.09497496e-01   0.0000
  3.83270830e-01   0.0000
  5.99892102e-02   0.0000
 -1.86350808e-01   0.0000
 -1.37905180e-01   0.0000
 -4.50944752e-01   0.0000
 -1.18734643e-01   0.0000
 -1.56686921e-03   0.0000
 -2.19194353e-01   0.0000
 -3.71084251e-02   0.0000
  5.41209131e-02   0.0000
 -7.25810170e-01   0.0000
  1.58892665e-02   0.0000
  1.62481740e-01   0.0000
 -2.47413740e-01   0.0000
 -2.09226031e-02   0.0000
 -9.74140838e-02   0.0000
  2.37877015e-02   0.0000
  1.18391477e-01   0.0000
 -4.33353670e-02   0.0000
 -6.60273759e-03   0.0000
  1.59787491e-01   0.0000
  3.49017471e-01   0.0000
  5.17620482e-02   0.0000
  1.73263997e-01   0.0000
 -1.54380277e-01   0.0000
 -2.40890712e-01   0.0000
  6.65481538e-02   0.0000
 -1.37876300e-03   0.0000
 -5.42985559e-01   0.0000
 -3.31431418e-03   0.0000
 -1.37136862e-01   0.0000
  1.67905148e-02   0.0000
 -6.93706945e-02   0.0000
  1.37098059e-01   0.0000
 -1.94489304e-02   0.0000
  2.36261524e-02   0.0000
  3.01981002e-01   0.0000
  1.32051632e-01   0.0000
 -1.28343433e-01   0.0000
  6.41725510e-02   0.0000
  1.80204934e-03   0.0000
  1.08283520e-01   0.0000
  1.46610852e-04   0.0000
  8.26186240e-02   0.0000
 -7.99552798e-02   0.0000
  3.90464276e-01   0.0000
 -1.61974683e-01   0.0000
 -1.01817466e-01   0.0000
  7.35839903e-01   0.0000
 -2.51135260e-01   0.0000
 -1.87532648e-01   0.0000
 -6.77872226e-02   0.0000
 -2.30739877e-01   0.0000
 -1.41068041e-01   0.0000
 -2.34458083e-03   0.0000
 -3.64657640e-01   0.0000
  1.26006961e-01   0.0000
 -2.93193758e-01   0.0000
 -5.49998701e-01   0.0000
  3.27667929e-02   0.0000
  3.58885497e-01   0.0000
  4.08360772e-02   0.0000
  6.55499927e-04   0.0000
  2.99966097e-01   0.0000
 -1.08762689e-01   0.0000
 -1.27605617e-01   0.0000
 -1.61339074e-01   0.0000
 -1.23477280e-01   0.0000
  5.14550693e-03   0.0000
  7.19865024e-01   0.0000
  9.58495680e-03   0.0000
 -5.58018405e-03   0.0000
  7.34477937e-02   0.0000
  1.62317213e-02   0.0000
  1.77841857e-02   0.0000
  3.99693102e-02   0.0000
 -1.42173064e+00   0.0000
  5.18917553e-02   0.0000
  6.54325038e-02   0.0000
  2.37763915e-02   0.0000
 -3.70256335e-01   0.0000
  8.02089497e-02   0.0000
  6.17268085e-01   0.0000
 -6.44308925e-02   0.0000
  4.82408404e-01   0.0000
  2.50045229e-02   0.0000
 -1.34273320e-01   0.0000
  7.85356387e-02   0.0000
  2.00212020e-02   0.0000
 -6.88507920e-03   0.0000
  8.65162909e-03   0.0000
  6.61399066e-02   0.0000
 -1.26933366e-01   0.0000
 -3.25152069e-01   0.0000
  1.20798789e-01   0.0000
 -1.54245138e-01   0.0000
  3.97308767e-01   0.0000
  7.44739473e-02   0.0000
 -3.80365625e-02   0.0000
 -1.47464037e-01   0.0000
 -2.22264364e-01   0.0000
 -3.29387002e-02   0.0000
 -7.37593099e-02   0.0000
 -5.54367781e-01   0.0000
 -7.65494630e-02   0.0000
 -9.53777507e-02   0.0000
 -5.40864229e-01   0.0000
 -7.87798613e-02   0.0000
  4.72725630e-02   0.0000
 -7.29702413e-03   0.0000
 -7.75316777e-03   0.0000
  2.57035285e-01   0.0000
  1.44819617e-01   0.0000
 -1.17180817e-01   0.0000
  1.71385799e-03   0.0000
  8.13108310e-02   0.0000
 -6.61056340e-02   0.0000
 -7.50337243e-01   0.0000
 -2.26962060e-01   0.0000
 -1.76692098e-01   0.0000
 -3.65581274e-01   0.0000
  1.19339965e-01   0.0000
 -1.89076185e-01   0.0000
 -6.16381094e-02   0.0000
 -1.43623793e+00   0.0000
  3.42945874e-01   0.0000
  3.22283693e-02   0.0000
  2.93842540e-03   0.0000
  3.73723418e-01   0.0000
  3.41782123e-02   0.0000
  2.80151010e-01   0.0000
  3.56801525e-02   0.0000
 -9.33710039e-01   0.0000
  1.04731947e-01   0.0000
  9.16458219e-02   0.0000
 -2.40708068e-01   0.0000
 -2.14092731e-01   0.0000
  1.21720375e-04   0.0000
  1.45258084e-01   0.0000
 -7.22466335e-02   0.0000
 -6.71425760e-02   0.0000
  5.77150166e-01   0.0000
  3.76585908e-02   0.0000
 -5.76484716e-03   0.0000
  8.25245917e-01   0.0000
 -8.88926685e-02   0.0000
 -1.14187459e-02   0.0000
 -1.20708682e-02   0.0000
 -4.15074319e-01   0.0000
 -7.52612129e-02   0.0000
 -2.15363619e-03   0.0000
 -3.42259884e-01   0.0000
 -2.08876148e-01   0.0000
 -2.48848572e-01   0.0000
 -1.30055809e+00   0.0000
  7.94060621e-03   0.0000
  3.09916362e-02   0.0000
 -1.65031433e-01   0.0000
 -1.30288754e-04   0.0000
  3.17234397e-02   0.0000
 -1.15153037e-01   0.0000
 -7.96406344e-02   0.0000
 -1.41840260e-02   0.0000
  3.71312963e-05   0.0000
 -1.25580072e-01   0.0000
 -9.28763866e-01   0.0000
 -2.69386987e-03   0.0000
 -9.10666678e-03   0.0000
 -1.17973037e-01   0.0000
 -3.13292563e-01   0.0000
  5.61895920e-03   0.0000
  6.40384154e-03   0.0000
 -2.41556972e-01   0.0000
 -3.09332041e-03   0.0000
  4.09915596e-02   0.0000
  3.87602746e-01   0.0000
 -3.25551704e-02   0.0000
  8.78594408e-04   0.0000
  9.27202404e-02   0.0000
 -2.01752126e-01   0.0000
  6.16963685e-01   0.0000
 -2.89577283e-02   0.0000
  1.75431501e-02   0.0000
 -2.01962963e-01   0.0000
 -1.40707478e-01   0.0000
  9.42686165e-04   0.0000
 -1.07806705e-01   0.0000
 -2.61932015e-02   0.0000
 -4.49468323e-04   0.0000
  1.28955507e+00   0.0000
 -4.93839271e-02   0.0000
  9.34024602e-02   0.0000
  4.83078986e-01   0.0000
  1.21298403e-01   0.0000
 -7.78030325e-03   0.0000
  1.26611516e-01   0.0000
 -5.36577821e-01   0.0000
  1.91421777e-01   0.0000
  9.59658716e-03   0.0000
 -1.21657349e-01   0.0000
  2.73612231e-01   0.0000
  9.59619880e-02   0.0000
  1.87397003e-01   0.0000
 -1.71105415e-01   0.0000
  8.32069293e-02   0.0000
 -6.12192750e-02   0.0000
 -5.16736065e-04   0.0000
 -2.01288238e-01   0.0000
 -1.43007144e-01   0.0000
 -5.09094894e-02   0.0000
 -6.48625568e-02   0.0000
  1.94492102e-01   0.0000
 -1.06162928e-01   0.0000
  2.78220743e-01   0.0000
 -2.68738195e-02   0.0000
  3.47434841e-02   0.0000
 -1.76984429e-01   0.0000
 -3.29438388e-01   0.0000
 -4.50817160e-02   0.0000
  2.85109580e-02   0.0000
  3.76017570e-01   0.0000
 -5.13862409e-02   0.0000
 -1.53953424e-02   0.0000
 -4.24251318e-01   0.0000
 -1.88455150e-01   0.0000
 -1.49252251e-01   0.0000
 -5.82399070e-01   0.0000
  7.19021261e-02   0.0000
  3.32711726e-01   0.0000
  6.98273852e-02   0.0000
  3.83393606e-03   0.0000
  1.14156842e-01   0.0000
 -2.09386181e-02   0.0000
 -1.51562120e-03   0.0000
  1.02957956e-01   0.0000
 -1.62195298e-04   0.0000
  3.06494255e-02   0.0000
  4.39086735e-01   0.0000
  9.40857828e-02   0.0000
 -9.37193458e-04   0.0000
  7.41866291e-01   0.0000
  1.20106963e-02   0.0000
 -8.85113701e-02   0.0000
  2.37610973e-02   0.0000
 -2.70138055e-01   0.0000
 -5.47211198e-03   0.0000
  1.27175018e-01   0.0000
 -2.68497467e-01   0.0000
 -3.06247830e-01   0.0000
 -5.28976135e-02   0.0000
 -8.17862928e-01   0.0000
  1.22582220e-01   0.0000
 -6.49777591e-01   0.0000
  1.98031422e-02   0.0000
  1.73009117e-03   0.0000
  8.01173896e-02   0.0000
 -2.48384401e-02   0.0000
 -4.53614965e-02   0.0000
 -1.44022062e-01   0.0000
  1.78139415e-02   0.0000
  8.18105042e-02   0.0000
 -6.84427768e-02   0.0000
  8.48036353e-03   0.0000
 -1.34299597e-04   0.0000
 -1.92932889e-01   0.0000
  9.39113721e-02   0.0000
 -7.79775530e-03   0.0000
  9.37736332e-02   0.0000
  3.41314644e-01   0.0000
 -9.41836461e-03   0.0000
  2.01410512e-06   0.0000
  6.70098737e-02   0.0000
  3.73504192e-01   0.0000
  1.76819175e-01   0.0000
  3.28444652e-02   0.0000
  1.33380562e-01   0.0000
  5.62164307e-01   0.0000
 -1.35122994e-02   0.0000
 -2.34865043e-02   0.0000
  1.76623672e-01   0.0000
  2.35572398e-01   0.0000
  1.37157232e-01   0.0000
  1.37607306e-01   0.0000
 -1.65748328e-01   0.0000
  5.82957789e-02   0.0000
 -6.16872311e-01   0.0000
  1.19030662e-01   0.0000
 -1.25806421e-01   0.0000
 -4.79292661e-01   0.0000
  1.91467881e-01   0.0000
 -3.07319453e-03   0.0000
 -2.17974052e-01   0.0000
  4.55589831e-01   0.0000
 -4.87070493e-02   0.0000
 -5.24654016e-02   0.0000
  1.37226030e-01   0.0000
 -7.16547295e-02   0.0000
  4.21622731e-02   0.0000
 -7.94990361e-01   0.0000
 -2.52386909e-02   0.0000
  4.48805392e-01   0.0000
 -1.41953349e-01   0.0000
 -1.24648653e-01   0.0000
  9.63573530e-02   0.0000
  8.33196044e-02   0.0000
 -1.27784714e-01   0.0000
  1.50928378e-01   0.0000
  1.51037099e-02   0.0000
  5.17704058e-03   0.0000
 -2.21994638e-01   0.0000
  7.72878528e-02   0.0000
 -1.36066765e-01   0.0000
  1.49119124e-01   0.0000
  4.98163812e-02   0.0000
  8.35201796e-03   0.0000
  2.08430868e-02   0.0000
 -1.20027554e+00   0.0000
 -1.27863988e-01   0.0000
  1.75120637e-01   0.0000
 -1.97063535e-01   0.0000
 -1.24885902e-01   0.0000
 -2.09935486e-01   0.0000
  6.65447041e-02   0.0000
  1.46603763e-01   0.0000
 -4.40637976e-01   0.0000
  1.24213241e-01   0.0000
  1.54809564e-01   0.0000
 -8.08084384e-02   0.0000
 -5.52361421e-02   0.0000
 -7.76223466e-02   0.0000
  8.86244997e-02   0.0000
 -9.57254246e-02   0.0000
 -6.83215912e-03   0.0000
 -4.57082629e-01   0.0000
 -5.99254714e-03   0.0000
 -1.86555415e-01   0.0000
  1.29095942e-01   0.0000
 -1.31392747e-01   0.0000
  1.32654697e-01   0.0000
  9.95142478e-03   0.0000
  1.04548180e+00   0.0000
 -1.59235865e-01   0.0000
  1.22760981e-01   0.0000
 -8.05300102e-02   0.0000
 -7.31847249e-03   0.0000
 -2.07384169e-01   0.0000
 -3.42393249e-01   0.0000
 -1.20355368e-01   0.0000
 -2.17518121e-01   0.0000
  4.77520889e-03   0.0000
  1.06037840e-01   0.0000
 -3.47845163e-03   0.0000
  4.09362651e-02   0.0000
 -2.18824651e-02   0.0000
 -9.97748151e-02   0.0000
 -7.98934028e-02   0.0000
 -4.12410609e-02   0.0000
  2.22434312e-01   0.0000
  1.24295078e-01   0.0000
  3.58949439e-03   0.0000
  1.52436178e-02   0.0000
 -4.35756356e-01   0.0000
  2.15364516e-01   0.0000
  1.17261052e-01   0.0000
  1.01062107e+00   0.0000
 -2.59252459e-01   0.0000
 -3.32249068e-02   0.0000
 -1.38483465e-01   0.0000
 -2.75529951e-01   0.0000
  1.73785761e-02   0.0000
 -1.08301200e-01   0.0000
  1.19843781e-01   0.0000
  7.68463850e-01   0.0000
  7.49176070e-02   0.0000
  1.32256657e-01   0.0000
  3.26552391e-01   0.0000
  1.58949941e-01   0.0000
  5.70696145e-02   0.0000
  5.68313971e-02   0.0000
 -1.13626301e-01   0.0000
  1.40038535e-01   0.0000
 -5.51056921e-01   0.0000
 -4.59807776e-02   0.0000
  3.47623718e-03   0.0000
  4.70818162e-01   0.0000
 -1.36021197e-01   0.0000
 -3.37482692e-04   0.0000
 -6.72857538e-02   0.0000
  3.91503125e-01   0.0000
 -3.94335426e-02   0.0000
  1.06045008e-01   0.0000
  1.99080601e-01   0.0000
 -4.62941289e-01   0.0000
  1.08980618e-01   0.0000
 -6.12230599e-01   0.0000
 -1.15329482e-01   0.0000
  1.43023178e-01   0.0000
  1.86649070e-03   0.0000
 -2.42769513e-02   0.0000
  3.52247395e-02   0.0000
  1.00601561e-01   0.0000
 -5.07767871e-02   0.0000
  4.19163369e-02   0.0000
 -1.28997371e-01   0.0000
  1.41879559e-01   0.0000
 -9.63510156e-01   0.0000
 -1.17163667e-02   0.0000
 -2.40981374e-02   0.0000
  5.45142710e-01   0.0000
  1.46523774e-01   0.0000
 -2.54173219e-01   0.0000
  2.27421820e-02   0.0000
  9.63394582e-01   0.0000
  2.83612728e-01   0.0000
  4.86127846e-02   0.0000
  2.46135265e-01   0.0000
  7.51198709e-01   0.0000
  8.95435885e-02   0.0000
 -3.72603647e-02   0.0000
 -1.36205154e-02   0.0000
  5.62462248e-02   0.0000
  3.80702130e-02   0.0000
 -2.32086554e-02   0.0000
 -5.62916286e-02   0.0000
 -7.60395974e-02   0.0000
 -9.09009725e-02   0.0000
 -4.95710270e-03   0.0000
 -3.93736660e-02   0.0000
  1.00910086e-02   0.0000
 -1.64418355e-01   0.0000
 -7.79235736e-02   0.0000
 -2.55299471e-02   0.0000
 -5.68820417e-01   0.0000
 -9.18554217e-02   0.0000
  1.33563876e-01   0.0000
 -3.71930040e-02   0.0000
 -5.82772195e-01   0.0000
  3.01247630e-02   0.0000
 -1.44206271e-01   0.0000
 -8.78104940e-02   0.0000
 -1.85147300e-01   0.0000
 -4.61767279e-02   0.0000
  2.54657604e-02   0.0000
 -8.31763670e-02   0.0000
  1.08370945e-01   0.0000
 -1.25634912e-02   0.0000
  7.48882741e-02   0.0000
  2.81885892e-01   0.0000
  7.13685974e-02   0.0000
 -4.92249783e-05   0.0000
 -8.96689668e-02   0.0000
  1.33506134e-01   0.0000
  9.74504277e-02   0.0000
 -1.74235702e-02   0.0000
 -1.91442996e-01   0.0000
 -3.97712253e-02   0.0000
  2.22550511e-01   0.0000
  2.59640869e-02   0.0000
  1.06642619e-02   0.0000
 -1.57491982e-01   0.0000
  1.06573927e+00   0.0000
  2.85488397e-01   0.0000
  4.71019857e-02   0.0000
 -3.79647277e-02   0.0000
  8.22005928e-01   0.0000
  7.92247131e-02   0.0000
  7.09519163e-02   0.0000
 -1.29940554e-01   0.0000
 -2.70523220e-01   0.0000
  1.52245626e-01   0.0000
 -1.13726743e-01   0.0000
 -1.15761615e-01   0.0000
 -2.16752633e-01   0.0000
 -5.18812303e-05   0.0000
  1.86851565e-02   0.0000
  1.21060126e-01   0.0000
  2.07063437e-01   0.0000
 -3.76941770e-01   0.0000
  2.21458683e-03   0.0000
  1.29034057e-01   0.0000
  3.23392212e-01   0.0000
 -3.45317513e-01   0.0000
  3.59577715e-01   0.0000
  7.74259269e-02   0.0000
  1.18370354e+00   0.0000
 -2.53435254e-01   0.0000
  1.83332909e-03   0.0000
  4.21913326e-01   0.0000
 -6.98505640e-01   0.0000
  2.35225752e-01   0.0000
 -9.19023871e-01   0.0000
 -2.91151665e-02   0.0000
 -6.69488609e-01   0.0000
  9.26117897e-02   0.0000
  4.73500974e-02   0.0000
  1.40261855e-02   0.0000
 -3.90647464e-02   0.0000
  2.07365714e-02   0.0000
 -2.51377164e-03   0.0000
  1.95598513e-01   0.0000
 -2.16237202e-01   0.0000
 -7.82662332e-01   0.0000
  1.74510255e-01   0.0000
  1.19821712e-01   0.0000
 -2.26215005e-01   0.0000
  4.52099055e-01   0.0000
  3.45749527e-01   0.0000
  2.99238920e-01   0.0000
  6.08816266e-01   0.0000
  4.10483420e-01   0.0000
  9.33808088e-02   0.0000
 -8.91591430e-01   0.0000
  5.61447263e-01   0.0000
 -3.56912613e-01   0.0000
  4.83124673e-01   0.0000
  1.96365759e-01   0.0000
  8.48685503e-01   0.0000
  3.17281216e-01   0.0000
  1.72153428e-01   0.0000
  4.84629750e-01   0.0000
  1.92986816e-01   0.0000
 -4.45924066e-02   0.0000
 -3.69575294e-03   0.0000
  0.00000000e+00   0.0000

