  2.451494   0.079502   2.186662  3711                                   NO_DFT 
  2.517710   0.079502   2.081544  3716                                   NO_DFT 
  2.585071   0.079502   1.968826  3721                                   NO_DFT 
  2.653624   0.079502   1.853070  3726                                   NO_DFT 
  2.668861   0.079502   1.893872  3709                                   NO_DFT 
  2.723377   0.079502   1.736496  3731                                   NO_DFT 
  2.740923   0.079502   1.817260  3714                                   NO_DFT 
  2.794343   0.079502   1.620622  3736                                   NO_DFT 
  2.814272   0.079502   1.739215  3719                                   NO_DFT 
  2.866568   0.079502   1.507128  3741                                   NO_DFT 
  2.888869   0.079502   1.661426  3724                                   NO_DFT 
  2.939989   0.079502   1.398743  3746                                   NO_DFT 
  2.964821   0.079502   1.585465  3729                                   NO_DFT 
  3.014653   0.079502   1.299319  3751                                   NO_DFT 
  3.042094   0.079502   1.512954  3734                                   NO_DFT 
  3.090571   0.079502   1.213412  3756                                   NO_DFT 
  3.120697   0.079502   1.445225  3739                                   NO_DFT 
  3.167753   0.079502   1.144726  3761                                   NO_DFT 
  3.200644   0.079502   1.383246  3744                                   NO_DFT 
  3.246250   0.079502   1.094473  3766                                   NO_DFT 
  3.281944   0.079502   1.327513  3749                                   NO_DFT 
  3.325992   0.079502   1.060571  3771                                   NO_DFT 
  3.364609   0.079502   1.277998  3754                                   NO_DFT 
  3.407028   0.079502   1.038842  3776                                   NO_DFT 
  3.448596   0.079502   1.234241  3759                                   NO_DFT 
  3.466948   0.079502   1.905745  3710                                   NO_DFT 
  3.489371   0.079502   1.025695  3781                                   NO_DFT 
  3.534025   0.079502   1.195346  3764                                   NO_DFT 
  3.560550   0.079502   1.883978  3715                                   NO_DFT 
  3.573030   0.079502   1.018983  3786                                   NO_DFT 
  3.620853   0.079502   1.160289  3769                                   NO_DFT 
  3.655823   0.079502   1.856773  3720                                   NO_DFT 
  3.658060   0.079502   1.017078  3791                                   NO_DFT 
  3.709092   0.079502   1.127924  3774                                   NO_DFT 
  3.744383   0.079502   1.017853  3796                                   NO_DFT 
  3.752779   0.079502   1.823562  3725                                   NO_DFT 
  3.798753   0.079502   1.097137  3779                                   NO_DFT 
  3.832053   0.079502   1.018657  3801                                   NO_DFT 
  3.851436   0.079502   1.784284  3730                                   NO_DFT 
  3.889847   0.079502   1.066915  3784                                   NO_DFT 
  3.921081   0.079502   1.016906  3806                                   NO_DFT 
  3.951806   0.079502   1.739151  3735                                   NO_DFT 
  3.982326   0.079502   1.036428  3789                                   NO_DFT 
  4.011478   0.079502   1.010374  3811                                   NO_DFT 
  4.053905   0.079502   1.688600  3740                                   NO_DFT 
  4.076320   0.079502   1.004986  3794                                   NO_DFT 
  4.103253   0.079502   0.997126  3816                                   NO_DFT 
  4.157748   0.079502   1.633218  3745                                   NO_DFT 
  4.171782   0.079502   0.972163  3799                                   NO_DFT 
  4.196467   0.079502   0.975808  3821                                   NO_DFT 
  4.263349   0.079502   1.573640  3750                                   NO_DFT 
  4.268723   0.079502   0.937688  3804                                   NO_DFT 
  4.291032   0.079502   0.946261  3826                                   NO_DFT 
  4.367154   0.079502   0.901423  3809                                   NO_DFT 
  4.370723   0.079502   1.510400  3755                                   NO_DFT 
  4.387007   0.079502   0.909527  3831                                   NO_DFT 
  4.467086   0.079502   0.863333  3814                                   NO_DFT 
  4.479885   0.079502   1.443791  3760                                   NO_DFT 
  4.484403   0.079502   0.867291  3836                                   NO_DFT 
  4.568532   0.079502   0.823448  3819                                   NO_DFT 
  4.583229   0.079502   0.821201  3841                                   NO_DFT 
  4.590849   0.079502   1.373775  3765                                   NO_DFT 
  4.671434   0.079502   0.781870  3824                                   NO_DFT 
  4.683550   0.079502   0.772492  3846                                   NO_DFT 
  4.703631   0.079502   1.300023  3770                                   NO_DFT 
  4.775939   0.079502   0.738660  3829                                   NO_DFT 
  4.785271   0.079502   0.722042  3851                                   NO_DFT 
  4.818246   0.079502   1.222251  3775                                   NO_DFT 
  4.881990   0.079502   0.694005  3834                                   NO_DFT 
  4.888453   0.079502   0.670396  3856                                   NO_DFT 
  4.934707   0.079502   1.141001  3780                                   NO_DFT 
  4.989601   0.079502   0.648119  3839                                   NO_DFT 
  4.993109   0.079502   0.618044  3861                                   NO_DFT 
  5.053030   0.079502   1.058429  3785                                   NO_DFT 
  5.098781   0.079502   0.601288  3844                                   NO_DFT 
  5.099247   0.079502   0.565522  3866                                   NO_DFT 
  5.173229   0.079502   0.977875  3790                                   NO_DFT 
  5.206936   0.079502   0.513390  3871                                   NO_DFT 
  5.209541   0.079502   0.553849  3849                                   NO_DFT 
  5.295320   0.079502   0.902032  3795                                   NO_DFT 
  5.316073   0.079502   0.462277  3876                                   NO_DFT 
  5.321822   0.079502   0.506225  3854                                   NO_DFT 
  5.337722   0.079502   1.313287  3708                                   NO_DFT 
  5.419316   0.079502   0.831594  3800                                   NO_DFT 
  5.426725   0.079502   0.412626  3881                                   NO_DFT 
  5.435779   0.079502   0.458776  3859                                   NO_DFT 
  5.481847   0.079502   1.269501  3713                                   NO_DFT 
  5.538901   0.079502   0.364798  3886                                   NO_DFT 
  5.545233   0.079502   0.765674  3805                                   NO_DFT 
  5.551350   0.079502   0.411953  3864                                   NO_DFT 
  5.628543   0.079502   1.230449  3718                                   NO_DFT 
  5.652613   0.079502   0.319044  3891                                   NO_DFT 
  5.668549   0.079502   0.366159  3869                                   NO_DFT 
  5.673086   0.079502   0.702950  3810                                   NO_DFT 
  5.767931   0.079502   0.275503  3896                                   NO_DFT 
  5.777834   0.079502   1.193312  3723                                   NO_DFT 
  5.787385   0.079502   0.321744  3874                                   NO_DFT 
  5.802888   0.079502   0.642429  3815                                   NO_DFT 
  5.884745   0.079502   0.234292  3901                                   NO_DFT 
  5.907870   0.079502   0.278988  3879                                   NO_DFT 
  5.929741   0.079502   1.154784  3728                                   NO_DFT 
  5.934657   0.079502   0.583653  3820                                   NO_DFT 
  6.003126   0.079502   0.195350  3906                                   NO_DFT 
  6.030017   0.079502   0.238088  3884                                   NO_DFT 
  6.068404   0.079502   0.526668  3825                                   NO_DFT 
  6.084188   0.079502   1.112230  3733                                   NO_DFT 
  6.123084   0.079502   0.158533  3911                                   NO_DFT 
  6.153756   0.079502   0.199181  3889                                   NO_DFT 
  6.204146   0.079502   0.471847  3830                                   NO_DFT 
  6.241395   0.079502   1.064313  3738                                   NO_DFT 
  6.244629   0.079502   0.123638  3916                                   NO_DFT 
  6.279256   0.079502   0.162251  3894                                   NO_DFT 
  6.341898   0.079502   0.419572  3835                                   NO_DFT 
  6.367773   0.079502   0.090470  3921                                   NO_DFT 
  6.401287   0.079502   1.011094  3743                                   NO_DFT 
  6.406452   0.079502   0.127293  3899                                   NO_DFT 
  6.481674   0.079502   0.369917  3840                                   NO_DFT 
  6.492591   0.079502   0.058866  3926                                   NO_DFT 
  6.535354   0.079502   0.094228  3904                                   NO_DFT 
  6.563887   0.079502   0.953401  3748                                   NO_DFT 
  6.618962   0.079502   0.028784  3931                                   NO_DFT 
  6.623488   0.079502   0.322630  3845                                   NO_DFT 
  6.665973   0.079502   0.062944  3909                                   NO_DFT 
  6.729218   0.079502   0.892364  3753                                   NO_DFT 
  6.746963   0.079502   0.000195  3936                                   NO_DFT 
  6.767356   0.079502   0.277480  3850                                   NO_DFT 
  6.798322   0.079502   0.033317  3914                                   NO_DFT 
  6.876604   0.079502  -0.026880  3941                                   NO_DFT 
  6.897301   0.079502   0.829143  3758                                   NO_DFT 
  6.913292   0.079502   0.234433  3855                                   NO_DFT 
  6.932324   0.079502   0.005242  3919                                   NO_DFT 
  7.007894   0.079502  -0.052428  3946                                   NO_DFT 
  7.061312   0.079502   0.193530  3860                                   NO_DFT 
  7.068161   0.079502   0.764815  3763                                   NO_DFT 
  7.068163   0.079502  -0.021430  3924                                   NO_DFT 
  7.140915   0.079502  -0.076497  3951                                   NO_DFT 
  7.205765   0.079502  -0.046780  3929                                   NO_DFT 
  7.211430   0.079502   0.154745  3865                                   NO_DFT 
  7.241706   0.079502   0.700399  3768                                   NO_DFT 
  7.275538   0.079502  -0.099146  3956                                   NO_DFT 
  7.345142   0.079502  -0.070882  3934                                   NO_DFT 
  7.363660   0.079502   0.117977  3870                                   NO_DFT 
  7.411842   0.079502  -0.120510  3961                                   NO_DFT 
  7.418184   0.079502   0.636681  3773                                   NO_DFT 
  7.486304   0.079502  -0.093797  3939                                   NO_DFT 
  7.518017   0.079502   0.083105  3875                                   NO_DFT 
  7.549839   0.079502  -0.140704  3966                                   NO_DFT 
  7.597505   0.079502   0.574416  3778                                   NO_DFT 
  7.629264   0.079502  -0.115568  3944                                   NO_DFT 
  7.674517   0.079502   0.050008  3880                                   NO_DFT 
  7.689537   0.079502  -0.159805  3971                                   NO_DFT 
  7.774032   0.079502  -0.136230  3949                                   NO_DFT 
  7.779694   0.079502   0.514135  3783                                   NO_DFT 
  7.831023   0.079502  -0.177858  3976                                   NO_DFT 
  7.833173   0.079502   0.018591  3885                                   NO_DFT 
  7.920526   0.079502  -0.155796  3954                                   NO_DFT 
  7.964772   0.079502   0.456167  3788                                   NO_DFT 
  7.974158   0.079502  -0.194862  3981                                   NO_DFT 
  7.994001   0.079502  -0.011235  3890                                   NO_DFT 
  8.068943   0.079502  -0.174319  3959                                   NO_DFT 
  8.119027   0.079502  -0.210858  3986                                   NO_DFT 
  8.152762   0.079502   0.400673  3793                                   NO_DFT 
  8.157016   0.079502  -0.039546  3895                                   NO_DFT 
  8.219204   0.079502  -0.191813  3964                                   NO_DFT 
  8.265640   0.079502  -0.225896  3991                                   NO_DFT 
  8.322232   0.079502  -0.066408  3900                                   NO_DFT 
  8.343564   0.079502   0.347720  3798                                   NO_DFT 
  8.371319   0.079502  -0.208308  3969                                   NO_DFT 
  8.414008   0.079502  -0.240044  3996                                   NO_DFT 
  8.489664   0.079502  -0.091881  3905                                   NO_DFT 
  8.525298   0.079502  -0.223842  3974                                   NO_DFT 
  8.537445   0.079502   0.297208  3803                                   NO_DFT 
  8.564219   0.079502  -0.253367  4001                                   NO_DFT 
  8.659327   0.079502  -0.116015  3910                                   NO_DFT 
  8.681155   0.079502  -0.238455  3979                                   NO_DFT 
  8.716128   0.079502  -0.265893  4006                                   NO_DFT 
  8.734307   0.079502   0.249103  3808                                   NO_DFT 
  8.831235   0.079502  -0.138852  3915                                   NO_DFT 
  8.838798   0.079502  -0.252185  3984                                   NO_DFT 
  8.869823   0.079502  -0.277654  4011                                   NO_DFT 
  8.934172   0.079502   0.203336  3813                                   NO_DFT 
  8.998441   0.079502  -0.265093  3989                                   NO_DFT 
  9.005404   0.079502  -0.160434  3920                                   NO_DFT 
  9.025313   0.079502  -0.288673  4016                                   NO_DFT 
  9.137063   0.079502   0.159839  3818                                   NO_DFT 
  9.159994   0.079502  -0.277219  3994                                   NO_DFT 
  9.181847   0.079502  -0.180803  3925                                   NO_DFT 
  9.182611   0.079502  -0.298976  4021                                   NO_DFT 
  9.323470   0.079502  -0.288606  3999                                   NO_DFT 
  9.341725   0.079502  -0.308595  4026                                   NO_DFT 
  9.343002   0.079502   0.118543  3823                                   NO_DFT 
  9.360579   0.079502  -0.200001  3930                                   NO_DFT 
  9.488879   0.079502  -0.299296  4004                                   NO_DFT 
  9.502752   0.079502  -0.317576  4031                                   NO_DFT 
  9.541617   0.079502  -0.218080  3935                                   NO_DFT 
  9.552013   0.079502   0.079373  3828                                   NO_DFT 
  9.656233   0.079502  -0.309329  4009                                   NO_DFT 
  9.665533   0.079502  -0.325953  4036                                   NO_DFT 
  9.724975   0.079502  -0.235092  3940                                   NO_DFT 
  9.763981   0.079502   0.042268  3833                                   NO_DFT 
  9.825543   0.079502  -0.318739  4014                                   NO_DFT 
  9.830162   0.079502  -0.333774  4041                                   NO_DFT 
  9.910666   0.079502  -0.251096  3945                                   NO_DFT 
  9.979201   0.079502   0.007087  3838                                   NO_DFT 
  9.996651   0.079502  -0.341077  4046                                   NO_DFT 
  9.996711   0.079502  -0.327554  4019                                   NO_DFT 
 10.098706   0.079502  -0.266147  3950                                   NO_DFT 
 10.165008   0.079502  -0.347894  4051                                   NO_DFT 
 10.169967   0.079502  -0.335812  4024                                   NO_DFT 
 10.197561   0.079502  -0.026245  3843                                   NO_DFT 
 10.289109   0.079502  -0.280302  3955                                   NO_DFT 
 10.335335   0.079502  -0.354254  4056                                   NO_DFT 
 10.345213   0.079502  -0.343533  4029                                   NO_DFT 
 10.419083   0.079502  -0.057825  3848                                   NO_DFT 
 10.481892   0.079502  -0.293613  3960                                   NO_DFT 
 10.507463   0.079502  -0.360171  4061                                   NO_DFT 
 10.522461   0.079502  -0.350737  4034                                   NO_DFT 
 10.643789   0.079502  -0.087744  3853                                   NO_DFT 
 10.677067   0.079502  -0.306120  3965                                   NO_DFT 
 10.681492   0.079502  -0.365667  4066                                   NO_DFT 
 10.701722   0.079502  -0.357444  4039                                   NO_DFT 
 10.857432   0.079502  -0.370756  4071                                   NO_DFT 
 10.871704   0.079502  -0.116073  3858                                   NO_DFT 
 10.874649   0.079502  -0.317863  3970                                   NO_DFT 
 10.883007   0.079502  -0.363669  4044                                   NO_DFT 
 11.035294   0.079502  -0.375453  4076                                   NO_DFT 
 11.066210   0.079502  -0.369420  4049                                   NO_DFT 
 11.074655   0.079502  -0.328870  3975                                   NO_DFT 
 11.102850   0.079502  -0.142860  3863                                   NO_DFT 
 11.215181   0.079502  -0.379775  4081                                   NO_DFT 
 11.251577   0.079502  -0.374716  4054                                   NO_DFT 
 11.277098   0.079502  -0.339166  3980                                   NO_DFT 
 11.337097   0.079502  -0.168126  3868                                   NO_DFT 
 11.396918   0.079502  -0.383733  4086                                   NO_DFT 
 11.439003   0.079502  -0.379565  4059                                   NO_DFT 
 11.481994   0.079502  -0.348771  3985                                   NO_DFT 
 11.574770   0.079502  -0.191937  3873                                   NO_DFT 
 11.580607   0.079502  -0.387342  4091                                   NO_DFT 
 11.628498   0.079502  -0.383980  4064                                   NO_DFT 
 11.689355   0.079502  -0.357705  3990                                   NO_DFT 
 11.766260   0.079502  -0.390614  4096                                   NO_DFT 
 11.815741   0.079502  -0.214322  3878                                   NO_DFT 
 11.820075   0.079502  -0.387976  4069                                   NO_DFT 
 11.899199   0.079502  -0.365983  3995                                   NO_DFT 
 11.953886   0.079502  -0.393560  4101                                   NO_DFT 
 12.013744   0.079502  -0.391569  4074                                   NO_DFT 
 12.060034   0.079502  -0.235343  3883                                   NO_DFT 
 12.111540   0.079502  -0.373623  4000                                   NO_DFT 
 12.143597   0.079502  -0.396193  4106                                   NO_DFT 
 12.209518   0.079502  -0.394779  4079                                   NO_DFT 
 12.307671   0.079502  -0.255076  3888                                   NO_DFT 
 12.326391   0.079502  -0.380642  4005                                   NO_DFT 
 12.335203   0.079502  -0.398528  4111                                   NO_DFT 
 12.407279   0.079502  -0.397625  4084                                   NO_DFT 
 12.528813   0.079502  -0.400584  4116                                   NO_DFT 
 12.543769   0.079502  -0.387056  4010                                   NO_DFT 
 12.558675   0.079502  -0.273602  3893                                   NO_DFT 
 12.607293   0.079502  -0.400134  4089                                   NO_DFT 
 12.724440   0.079502  -0.402385  4121                                   NO_DFT 
 12.763687   0.079502  -0.392889  4015                                   NO_DFT 
 12.809446   0.079502  -0.402324  4094                                   NO_DFT 
 12.812904   0.079502  -0.290979  3898                                   NO_DFT 
 12.922092   0.079502  -0.403954  4126                                   NO_DFT 
 12.986160   0.079502  -0.398161  4020                                   NO_DFT 
 13.013748   0.079502  -0.404218  4099                                   NO_DFT 
 13.070708   0.079502  -0.307287  3903                                   NO_DFT 
 13.121780   0.079502  -0.405308  4131                                   NO_DFT 
 13.211205   0.079502  -0.402900  4025                                   NO_DFT 
 13.220210   0.079502  -0.405836  4104                                   NO_DFT 
 13.323622   0.079502  -0.406458  4136                                   NO_DFT 
 13.331946   0.079502  -0.322554  3908                                   NO_DFT 
 13.428845   0.079502  -0.407195  4109                                   NO_DFT 
 13.438833   0.079502  -0.407131  4030                                   NO_DFT 
 13.527415   0.079502  -0.407409  4141                                   NO_DFT 
 13.596643   0.079502  -0.336815  3913                                   NO_DFT 
 13.639528   0.079502  -0.408310  4114                                   NO_DFT 
 13.669063   0.079502  -0.410886  4035                                   NO_DFT 
 13.733276   0.079502  -0.408164  4146                                   NO_DFT 
 13.852540   0.079502  -0.409195  4119                                   NO_DFT 
 13.864820   0.079502  -0.350097  3918                                   NO_DFT 
 13.901906   0.079502  -0.414193  4040                                   NO_DFT 
 13.941215   0.079502  -0.408724  4151                                   NO_DFT 
 14.067759   0.079502  -0.409860  4124                                   NO_DFT 
 14.136501   0.079502  -0.362430  3923                                   NO_DFT 
 14.137379   0.079502  -0.417080  4045                                   NO_DFT 
 14.151242   0.079502  -0.409092  4156                                   NO_DFT 
 14.285194   0.079502  -0.410314  4129                                   NO_DFT 
 14.363481   0.079502  -0.409273  4161                                   NO_DFT 
 14.375496   0.079502  -0.419574  4050                                   NO_DFT 
 14.411709   0.079502  -0.373846  3928                                   NO_DFT 
 14.504859   0.079502  -0.410565  4134                                   NO_DFT 
 14.577717   0.079502  -0.409278  4166                                   NO_DFT 
 14.616271   0.079502  -0.421701  4055                                   NO_DFT 
 14.690284   0.079502  -0.384372  3933                                   NO_DFT 
 14.726765   0.079502  -0.410619  4139                                   NO_DFT 
 14.794073   0.079502  -0.409116  4171                                   NO_DFT 
 14.859720   0.079502  -0.423484  4060                                   NO_DFT 
 14.950922   0.079502  -0.410483  4144                                   NO_DFT 
 14.972609   0.079502  -0.394059  3938                                   NO_DFT 
 15.012560   0.079502  -0.408799  4176                                   NO_DFT 
 15.105858   0.079502  -0.424944  4065                                   NO_DFT 
 15.177197   0.079502  -0.410163  4149                                   NO_DFT 
 15.233187   0.079502  -0.408336  4181                                   NO_DFT 
 15.258528   0.079502  -0.402939  3943                                   NO_DFT 
 15.354699   0.079502  -0.426099  4070                                   NO_DFT 
 15.405890   0.079502  -0.409664  4154                                   NO_DFT 
 15.456082   0.079502  -0.407735  4186                                   NO_DFT 
 15.548064   0.079502  -0.411052  3948                                   NO_DFT 
 15.606257   0.079502  -0.426964  4075                                   NO_DFT 
 15.636869   0.079502  -0.408993  4159                                   NO_DFT 
 15.681024   0.079502  -0.407004  4191                                   NO_DFT 
 15.841240   0.079502  -0.418439  3953                                   NO_DFT 
 15.860549   0.079502  -0.427549  4080                                   NO_DFT 
 15.870146   0.079502  -0.408156  4164                                   NO_DFT 
 15.908136   0.079502  -0.406147  4196                                   NO_DFT 
 16.105732   0.079502  -0.407162  4169                                   NO_DFT 
 16.117588   0.079502  -0.427866  4085                                   NO_DFT 
 16.137432   0.079502  -0.405168  4201                                   NO_DFT 
 16.138079   0.079502  -0.425136  3958                                   NO_DFT 
 16.343636   0.079502  -0.406020  4174                                   NO_DFT 
 16.368919   0.079502  -0.404072  4206                                   NO_DFT 
 16.377388   0.079502  -0.427922  4090                                   NO_DFT 
 16.438408   0.079502  -0.431179  3963                                   NO_DFT 
 16.583717   0.079502  -0.404738  4179                                   NO_DFT 
 16.602734   0.079502  -0.402862  4211                                   NO_DFT 
 16.639967   0.079502  -0.427724  4095                                   NO_DFT 
 16.742638   0.079502  -0.436609  3968                                   NO_DFT 
 16.826296   0.079502  -0.403325  4184                                   NO_DFT 
 16.838640   0.079502  -0.401544  4216                                   NO_DFT 
 16.905336   0.079502  -0.427276  4100                                   NO_DFT 
 17.050596   0.079502  -0.441454  3973                                   NO_DFT 
 17.071228   0.079502  -0.401790  4189                                   NO_DFT 
 17.076771   0.079502  -0.400124  4221                                   NO_DFT 
 17.173512   0.079502  -0.426585  4105                                   NO_DFT 
 17.317135   0.079502  -0.398609  4226                                   NO_DFT 
 17.318525   0.079502  -0.400143  4194                                   NO_DFT 
 17.362310   0.079502  -0.445745  3978                                   NO_DFT 
 17.444510   0.079502  -0.425659  4110                                   NO_DFT 
 17.559746   0.079502  -0.397005  4231                                   NO_DFT 
 17.568199   0.079502  -0.398391  4199                                   NO_DFT 
 17.677799   0.079502  -0.449507  3983                                   NO_DFT 
 17.718342   0.079502  -0.424505  4115                                   NO_DFT 
 17.804611   0.079502  -0.395319  4236                                   NO_DFT 
 17.820261   0.079502  -0.396544  4204                                   NO_DFT 
 17.995026   0.079502  -0.423135  4120                                   NO_DFT 
 17.997087   0.079502  -0.452762  3988                                   NO_DFT 
 18.051872   0.079502  -0.393556  4241                                   NO_DFT 
 18.074558   0.079502  -0.394611  4209                                   NO_DFT 
 18.274576   0.079502  -0.421563  4125                                   NO_DFT 
 18.301281   0.079502  -0.391725  4246                                   NO_DFT 
 18.320196   0.079502  -0.455533  3993                                   NO_DFT 
 18.331430   0.079502  -0.392596  4214                                   NO_DFT 
 18.552975   0.079502  -0.389831  4251                                   NO_DFT 
 18.557007   0.079502  -0.419803  4130                                   NO_DFT 
 18.590723   0.079502  -0.390509  4219                                   NO_DFT 
 18.646940   0.079502  -0.457836  3998                                   NO_DFT 
 18.806969   0.079502  -0.387877  4256                                   NO_DFT 
 18.842331   0.079502  -0.417871  4135                                   NO_DFT 
 18.852449   0.079502  -0.388357  4224                                   NO_DFT 
 18.977758   0.079502  -0.459691  4003                                   NO_DFT 
 19.063269   0.079502  -0.385868  4261                                   NO_DFT 
 19.116623   0.079502  -0.386145  4229                                   NO_DFT 
 19.130566   0.079502  -0.415785  4140                                   NO_DFT 
 19.312466   0.079502  -0.461114  4008                                   NO_DFT 
 19.322021   0.079502  -0.383805  4266                                   NO_DFT 
 19.383251   0.079502  -0.383879  4234                                   NO_DFT 
 19.421724   0.079502  -0.413562  4145                                   NO_DFT 
 19.582970   0.079502  -0.381691  4271                                   NO_DFT 
 19.651087   0.079502  -0.462122  4013                                   NO_DFT 
 19.652348   0.079502  -0.381561  4239                                   NO_DFT 
 19.715824   0.079502  -0.411216  4150                                   NO_DFT 
 19.846256   0.079502  -0.379528  4276                                   NO_DFT 
 19.923746   0.079502  -0.379196  4244                                   NO_DFT 
 19.993643   0.079502  -0.462731  4018                                   NO_DFT 
 20.012877   0.079502  -0.408766  4155                                   NO_DFT 
 20.111893   0.079502  -0.377314  4281                                   NO_DFT 
 20.197811   0.079502  -0.376782  4249                                   NO_DFT 
 20.312897   0.079502  -0.406223  4160                                   NO_DFT 
 20.340157   0.079502  -0.462965  4023                                   NO_DFT 
 20.379889   0.079502  -0.375049  4286                                   NO_DFT 
 20.474377   0.079502  -0.374319  4254                                   NO_DFT 
 20.615902   0.079502  -0.403598  4165                                   NO_DFT 
 20.650398   0.079502  -0.372731  4291                                   NO_DFT 
 20.690426   0.079502  -0.462848  4028                                   NO_DFT 
 20.753456   0.079502  -0.371806  4259                                   NO_DFT 
 20.921906   0.079502  -0.400900  4170                                   NO_DFT 
 20.923145   0.079502  -0.370361  4296                                   NO_DFT 
 21.035059   0.079502  -0.369239  4264                                   NO_DFT 
 21.044922   0.079502  -0.462406  4033                                   NO_DFT 
 21.198284   0.079502  -0.367934  4301                                   NO_DFT 
 21.230923   0.079502  -0.398136  4175                                   NO_DFT 
 21.319199   0.079502  -0.366616  4269                                   NO_DFT 
 21.403444   0.079502  -0.461670  4038                                   NO_DFT 
 21.475826   0.079502  -0.365449  4306                                   NO_DFT 
 21.542967   0.079502  -0.395308  4180                                   NO_DFT 
 21.605701   0.079502  -0.363935  4274                                   NO_DFT 
 21.755779   0.079502  -0.362900  4311                                   NO_DFT 
 21.766014   0.079502  -0.460667  4043                                   NO_DFT 
 21.858055   0.079502  -0.392418  4185                                   NO_DFT 
 21.894945   0.079502  -0.361192  4279                                   NO_DFT 
 22.038155   0.079502  -0.360285  4316                                   NO_DFT 
 22.132656   0.079502  -0.459420  4048                                   NO_DFT 
 22.176199   0.079502  -0.389464  4190                                   NO_DFT 
 22.186760   0.079502  -0.358390  4284                                   NO_DFT 
 22.323111   0.079502  -0.357597  4321                                   NO_DFT 
 22.481155   0.079502  -0.355536  4289                                   NO_DFT 
 22.497416   0.079502  -0.386446  4195                                   NO_DFT 
 22.503393   0.079502  -0.457948  4053                                   NO_DFT 
 22.610365   0.079502  -0.354834  4326                                   NO_DFT 
 22.778143   0.079502  -0.352639  4294                                   NO_DFT 
 22.821720   0.079502  -0.383360  4200                                   NO_DFT 
 22.878246   0.079502  -0.456257  4058                                   NO_DFT 
 22.900070   0.079502  -0.351989  4331                                   NO_DFT 
 23.077736   0.079502  -0.349712  4299                                   NO_DFT 
 23.149124   0.079502  -0.380206  4205                                   NO_DFT 
 23.192242   0.079502  -0.349055  4336                                   NO_DFT 
 23.256996   0.079502  -0.454354  4063                                   NO_DFT 
 23.379944   0.079502  -0.346769  4304                                   NO_DFT 
 23.479647   0.079502  -0.376984  4210                                   NO_DFT 
 23.486885   0.079502  -0.346026  4341                                   NO_DFT 
 23.640150   0.079502  -0.452237  4068                                   NO_DFT 
 23.684582   0.079502  -0.343827  4309                                   NO_DFT 
 23.784172   0.079502  -0.342894  4346                                   NO_DFT 
 23.813301   0.079502  -0.373695  4215                                   NO_DFT 
 23.992052   0.079502  -0.340892  4314                                   NO_DFT 
 24.027489   0.079502  -0.449908  4073                                   NO_DFT 
 24.083799   0.079502  -0.339652  4351                                   NO_DFT 
 24.150099   0.079502  -0.370343  4220                                   NO_DFT 
 24.302174   0.079502  -0.337968  4319                                   NO_DFT 
 24.385931   0.079502  -0.336290  4356                                   NO_DFT 
 24.419037   0.079502  -0.447377  4078                                   NO_DFT 
 24.490059   0.079502  -0.366933  4225                                   NO_DFT 
 24.614956   0.079502  -0.335051  4324                                   NO_DFT 
 24.690580   0.079502  -0.332800  4361                                   NO_DFT 
 24.814814   0.079502  -0.444655  4083                                   NO_DFT 
 24.833195   0.079502  -0.363474  4230                                   NO_DFT 
 24.930408   0.079502  -0.332122  4329                                   NO_DFT 
 24.997757   0.079502  -0.329173  4366                                   NO_DFT 
 25.179520   0.079502  -0.359973  4235                                   NO_DFT 
 25.214846   0.079502  -0.441757  4088                                   NO_DFT 
 25.248547   0.079502  -0.329156  4334                                   NO_DFT 
 25.307632   0.079502  -0.325397  4371                                   NO_DFT 
 25.529051   0.079502  -0.356441  4240                                   NO_DFT 
 25.569174   0.079502  -0.326120  4339                                   NO_DFT 
 25.619152   0.079502  -0.438703  4093                                   NO_DFT 
 25.619894   0.079502  -0.321467  4376                                   NO_DFT 
 25.881802   0.079502  -0.352887  4245                                   NO_DFT 
 25.892712   0.079502  -0.322971  4344                                   NO_DFT 
 25.934715   0.079502  -0.317375  4381                                   NO_DFT 
 26.027496   0.079502  -0.435510  4098                                   NO_DFT 
 26.218966   0.079502  -0.319679  4349                                   NO_DFT 
 26.237787   0.079502  -0.349321  4250                                   NO_DFT 
 26.252104   0.079502  -0.313115  4386                                   NO_DFT 
 26.440420   0.079502  -0.432191  4103                                   NO_DFT 
 26.547951   0.079502  -0.316214  4354                                   NO_DFT 
 26.572071   0.079502  -0.308682  4391                                   NO_DFT 
 26.597021   0.079502  -0.345751  4255                                   NO_DFT 
 26.857691   0.079502  -0.428765  4108                                   NO_DFT 
 26.879675   0.079502  -0.312555  4359                                   NO_DFT 
 26.894798   0.079502  -0.304071  4396                                   NO_DFT 
 26.959520   0.079502  -0.342185  4260                                   NO_DFT 
 27.214153   0.079502  -0.308697  4364                                   NO_DFT 
 27.219955   0.079502  -0.299286  4401                                   NO_DFT 
 27.279327   0.079502  -0.425244  4113                                   NO_DFT 
 27.325298   0.079502  -0.338628  4265                                   NO_DFT 
 27.547724   0.079502  -0.294328  4406                                   NO_DFT 
 27.551394   0.079502  -0.304640  4369                                   NO_DFT 
 27.694368   0.079502  -0.335083  4270                                   NO_DFT 
 27.705355   0.079502  -0.421641  4118                                   NO_DFT 
 27.878115   0.079502  -0.289198  4411                                   NO_DFT 
 27.891188   0.079502  -0.300400  4374                                   NO_DFT 
 28.066748   0.079502  -0.331553  4275                                   NO_DFT 
 28.135794   0.079502  -0.417965  4123                                   NO_DFT 
 28.211134   0.079502  -0.283902  4416                                   NO_DFT 
 28.233988   0.079502  -0.295991  4379                                   NO_DFT 
 28.442451   0.079502  -0.328036  4280                                   NO_DFT 
 28.546797   0.079502  -0.278446  4421                                   NO_DFT 
 28.570389   0.079502  -0.414226  4128                                   NO_DFT 
 28.579584   0.079502  -0.291435  4384                                   NO_DFT 
 28.821491   0.079502  -0.324530  4285                                   NO_DFT 
 28.885288   0.079502  -0.272833  4426                                   NO_DFT 
 28.927988   0.079502  -0.286754  4389                                   NO_DFT 
 29.009718   0.079502  -0.410428  4133                                   NO_DFT 
 29.203884   0.079502  -0.321032  4290                                   NO_DFT 
 29.226265   0.079502  -0.267075  4431                                   NO_DFT 
 29.279213   0.079502  -0.281965  4394                                   NO_DFT 
 29.453529   0.079502  -0.406576  4138                                   NO_DFT 
 29.569916   0.079502  -0.261178  4436                                   NO_DFT 
 29.589645   0.079502  -0.317536  4295                                   NO_DFT 
 29.633270   0.079502  -0.277079  4399                                   NO_DFT 
 29.901844   0.079502  -0.402677  4143                                   NO_DFT 
 29.916250   0.079502  -0.255151  4441                                   NO_DFT 
 29.978788   0.079502  -0.314034  4300                                   NO_DFT 
 29.989941   0.079502  -0.272108  4404                                   NO_DFT 
 30.265278   0.079502  -0.249002  4446                                   NO_DFT 
 30.349691   0.079502  -0.267045  4409                                   NO_DFT 
 30.354685   0.079502  -0.398732  4148                                   NO_DFT 
 30.371328   0.079502  -0.310519  4305                                   NO_DFT 
 30.617195   0.079502  -0.242740  4451                                   NO_DFT 
 30.712309   0.079502  -0.261891  4414                                   NO_DFT 
 30.767279   0.079502  -0.306982  4310                                   NO_DFT 
 30.812075   0.079502  -0.394748  4153                                   NO_DFT 
 30.971643   0.079502  -0.236384  4456                                   NO_DFT 
 31.077803   0.079502  -0.256638  4419                                   NO_DFT 
 31.166658   0.079502  -0.303416  4315                                   NO_DFT 
 31.274036   0.079502  -0.390725  4158                                   NO_DFT 
 31.328815   0.079502  -0.229942  4461                                   NO_DFT 
 31.446186   0.079502  -0.251281  4424                                   NO_DFT 
 31.569477   0.079502  -0.299812  4320                                   NO_DFT 
 31.688725   0.079502  -0.223428  4466                                   NO_DFT 
 31.740292   0.079502  -0.386672  4163                                   NO_DFT 
 31.817469   0.079502  -0.245811  4429                                   NO_DFT 
 31.975752   0.079502  -0.296164  4325                                   NO_DFT 
 32.051380   0.079502  -0.216853  4471                                   NO_DFT 
 32.191662   0.079502  -0.240225  4434                                   NO_DFT 
 32.211464   0.079502  -0.382586  4168                                   NO_DFT 
 32.385498   0.079502  -0.292463  4330                                   NO_DFT 
 32.416981   0.079502  -0.210222  4476                                   NO_DFT 
 32.568535   0.079502  -0.234523  4439                                   NO_DFT 
 32.687271   0.079502  -0.378476  4173                                   NO_DFT 
 32.785160   0.079502  -0.203545  4481                                   NO_DFT 
 32.798729   0.079502  -0.288706  4335                                   NO_DFT 
 32.948582   0.079502  -0.228698  4444                                   NO_DFT 
 33.156116   0.079502  -0.196819  4486                                   NO_DFT 
 33.167747   0.079502  -0.374346  4178                                   NO_DFT 
 33.215462   0.079502  -0.284888  4340                                   NO_DFT 
 33.331573   0.079502  -0.222759  4449                                   NO_DFT 
 33.529861   0.079502  -0.190041  4491                                   NO_DFT 
 33.635708   0.079502  -0.281005  4345                                   NO_DFT 
 33.652905   0.079502  -0.370202  4183                                   NO_DFT 
 33.717522   0.079502  -0.216713  4454                                   NO_DFT 
 33.906403   0.079502  -0.183211  4496                                   NO_DFT 
 34.059486   0.079502  -0.277052  4350                                   NO_DFT 
 34.106441   0.079502  -0.210568  4459                                   NO_DFT 
 34.142773   0.079502  -0.366047  4188                                   NO_DFT 
 34.285954   0.079502  -0.176325  4501                                   NO_DFT 
 34.486805   0.079502  -0.273028  4355                                   NO_DFT 
 34.498337   0.079502  -0.204336  4464                                   NO_DFT 
 34.637051   0.079502  -0.361888  4193                                   NO_DFT 
 34.668125   0.079502  -0.169398  4506                                   NO_DFT 
 34.892967   0.079502  -0.198032  4469                                   NO_DFT 
 34.917686   0.079502  -0.268926  4360                                   NO_DFT 
 35.053127   0.079502  -0.162443  4511                                   NO_DFT 
 35.136398   0.079502  -0.357723  4198                                   NO_DFT 
 35.290855   0.079502  -0.191663  4474                                   NO_DFT 
 35.352142   0.079502  -0.264747  4365                                   NO_DFT 
 35.440968   0.079502  -0.155484  4516                                   NO_DFT 
 35.640522   0.079502  -0.353558  4203                                   NO_DFT 
 35.691757   0.079502  -0.185246  4479                                   NO_DFT 
 35.790184   0.079502  -0.260487  4370                                   NO_DFT 
 35.831657   0.079502  -0.148550  4521                                   NO_DFT 
 36.095680   0.079502  -0.178793  4484                                   NO_DFT 
 36.149445   0.079502  -0.349395  4208                                   NO_DFT 
 36.225208   0.079502  -0.141674  4526                                   NO_DFT 
 36.231834   0.079502  -0.256142  4375                                   NO_DFT 
 36.502640   0.079502  -0.172320  4489                                   NO_DFT 
 36.621841   0.079502  -0.134886  4531                                   NO_DFT 
 36.663193   0.079502  -0.345237  4213                                   NO_DFT 
 36.677097   0.079502  -0.251710  4380                                   NO_DFT 
 36.912651   0.079502  -0.165840  4494                                   NO_DFT 
 37.021145   0.079502  -0.128221  4536                                   NO_DFT 
 37.125996   0.079502  -0.247189  4385                                   NO_DFT 
 37.181782   0.079502  -0.341084  4218                                   NO_DFT 
 37.325718   0.079502  -0.159367  4499                                   NO_DFT 
 37.423344   0.079502  -0.121697  4541                                   NO_DFT 
 37.578545   0.079502  -0.242575  4390                                   NO_DFT 
 37.705238   0.079502  -0.336937  4223                                   NO_DFT 
 37.741585   0.079502  -0.152919  4504                                   NO_DFT 
 37.828445   0.079502  -0.115324  4546                                   NO_DFT 
 38.034752   0.079502  -0.237867  4395                                   NO_DFT 
 38.160801   0.079502  -0.146501  4509                                   NO_DFT 
 38.233246   0.079502  -0.332798  4228                                   NO_DFT 
 38.236458   0.079502  -0.109103  4551                                   NO_DFT 
 38.494640   0.079502  -0.233061  4400                                   NO_DFT 
 38.583111   0.079502  -0.140134  4514                                   NO_DFT 
 38.647610   0.079502  -0.103018  4556                                   NO_DFT 
 38.766502   0.079502  -0.328662  4233                                   NO_DFT 
 38.958218   0.079502  -0.228160  4405                                   NO_DFT 
 39.008526   0.079502  -0.133833  4519                                   NO_DFT 
 39.061485   0.079502  -0.097056  4561                                   NO_DFT 
 39.304695   0.079502  -0.324531  4238                                   NO_DFT 
 39.425507   0.079502  -0.223164  4410                                   NO_DFT 
 39.437054   0.079502  -0.127611  4524                                   NO_DFT 
 39.478298   0.079502  -0.091183  4566                                   NO_DFT 
 39.847843   0.079502  -0.320402  4243                                   NO_DFT 
 39.868710   0.079502  -0.121483  4529                                   NO_DFT 
 39.896511   0.079502  -0.218077  4415                                   NO_DFT 
 39.898071   0.079502  -0.085370  4571                                   NO_DFT 
 40.303226   0.079502  -0.115461  4534                                   NO_DFT 
 40.320808   0.079502  -0.079588  4576                                   NO_DFT 
 40.371258   0.079502  -0.212904  4420                                   NO_DFT 
 40.395977   0.079502  -0.316273  4248                                   NO_DFT 
 40.741169   0.079502  -0.109541  4539                                   NO_DFT 
 40.746742   0.079502  -0.073813  4581                                   NO_DFT 
 40.849751   0.079502  -0.207652  4425                                   NO_DFT 
 40.949112   0.079502  -0.312141  4253                                   NO_DFT 
 41.175442   0.079502  -0.068046  4586                                   NO_DFT 
 41.182274   0.079502  -0.103720  4544                                   NO_DFT 
 41.332012   0.079502  -0.202333  4430                                   NO_DFT 
 41.507271   0.079502  -0.308004  4258                                   NO_DFT 
 41.607136   0.079502  -0.062298  4591                                   NO_DFT 
 41.626549   0.079502  -0.097982  4549                                   NO_DFT 
 41.818058   0.079502  -0.196955  4435                                   NO_DFT 
 42.041840   0.079502  -0.056600  4596                                   NO_DFT 
 42.070118   0.079502  -0.303860  4263                                   NO_DFT 
 42.074009   0.079502  -0.092303  4554                                   NO_DFT 
 42.307896   0.079502  -0.191531  4440                                   NO_DFT 
 42.479561   0.079502  -0.051003  4601                                   NO_DFT 
 42.524662   0.079502  -0.086652  4559                                   NO_DFT 
 42.638397   0.079502  -0.299701  4268                                   NO_DFT 
 42.801540   0.079502  -0.186072  4445                                   NO_DFT 
 42.920540   0.079502  -0.045563  4606                                   NO_DFT 
 42.978523   0.079502  -0.081001  4564                                   NO_DFT 
 43.211773   0.079502  -0.295524  4273                                   NO_DFT 
 43.299015   0.079502  -0.180588  4450                                   NO_DFT 
 43.364326   0.079502  -0.040349  4611                                   NO_DFT 
 43.435310   0.079502  -0.075333  4569                                   NO_DFT 
 43.790264   0.079502  -0.291327  4278                                   NO_DFT 
 43.800327   0.079502  -0.175087  4455                                   NO_DFT 
 43.811161   0.079502  -0.035416  4616                                   NO_DFT 
 43.895615   0.079502  -0.069635  4574                                   NO_DFT 
 44.261055   0.079502  -0.030808  4621                                   NO_DFT 
 44.305496   0.079502  -0.169578  4460                                   NO_DFT 
 44.359161   0.079502  -0.063923  4579                                   NO_DFT 
 44.373894   0.079502  -0.287105  4283                                   NO_DFT 
 44.714020   0.079502  -0.026559  4626                                   NO_DFT 
 44.814533   0.079502  -0.164066  4465                                   NO_DFT 
 44.825962   0.079502  -0.058234  4584                                   NO_DFT 
 44.962688   0.079502  -0.282855  4288                                   NO_DFT 
 45.170067   0.079502  -0.022689  4631                                   NO_DFT 
 45.296024   0.079502  -0.052617  4589                                   NO_DFT 
 45.327454   0.079502  -0.158553  4470                                   NO_DFT 
 45.556286   0.079502  -0.278576  4293                                   NO_DFT 
 45.629440   0.079502  -0.019203  4636                                   NO_DFT 
 45.769363   0.079502  -0.047137  4594                                   NO_DFT 
 45.844273   0.079502  -0.153042  4475                                   NO_DFT 
 46.091679   0.079502  -0.016103  4641                                   NO_DFT 
 46.155472   0.079502  -0.274260  4298                                   NO_DFT 
 46.245678   0.079502  -0.041860  4599                                   NO_DFT 
 46.365005   0.079502  -0.147531  4480                                   NO_DFT 
 46.557026   0.079502  -0.013377  4646                                   NO_DFT 
 46.725597   0.079502  -0.036843  4604                                   NO_DFT 
 46.759888   0.079502  -0.269909  4303                                   NO_DFT 
 46.889668   0.079502  -0.142021  4485                                   NO_DFT 
 47.025497   0.079502  -0.011005  4651                                   NO_DFT 
 47.208824   0.079502  -0.032140  4609                                   NO_DFT 
 47.369556   0.079502  -0.265521  4308                                   NO_DFT 
 47.418274   0.079502  -0.136509  4490                                   NO_DFT 
 47.497097   0.079502  -0.008966  4656                                   NO_DFT 
 47.695374   0.079502  -0.027792  4614                                   NO_DFT 
 47.950836   0.079502  -0.130996  4495                                   NO_DFT 
 47.972092   0.079502  -0.007231  4661                                   NO_DFT 
 47.984501   0.079502  -0.261095  4313                                   NO_DFT 
 48.185253   0.079502  -0.023822  4619                                   NO_DFT 
 48.449989   0.079502  -0.005772  4666                                   NO_DFT 
 48.487373   0.079502  -0.125485  4500                                   NO_DFT 
 48.604748   0.079502  -0.256633  4318                                   NO_DFT 
 48.678474   0.079502  -0.020243  4624                                   NO_DFT 
 48.931053   0.079502  -0.004559  4671                                   NO_DFT 
 49.027897   0.079502  -0.119982  4505                                   NO_DFT 
 49.175053   0.079502  -0.017055  4629                                   NO_DFT 
 49.230312   0.079502  -0.252136  4323                                   NO_DFT 
 49.415291   0.079502  -0.003561  4676                                   NO_DFT 
 49.572422   0.079502  -0.114498  4510                                   NO_DFT 
 49.674671   0.079502  -0.014246  4634                                   NO_DFT 
 49.860817   0.079502  -0.247607  4328                                   NO_DFT 
 49.902710   0.079502  -0.002749  4681                                   NO_DFT 
 50.120964   0.079502  -0.109054  4515                                   NO_DFT 
 50.177990   0.079502  -0.011797  4639                                   NO_DFT 
 50.393585   0.079502  -0.002097  4686                                   NO_DFT 
 50.497093   0.079502  -0.243044  4333                                   NO_DFT 
 50.673538   0.079502  -0.103675  4520                                   NO_DFT 
 50.684696   0.079502  -0.009682  4644                                   NO_DFT 
 50.887405   0.079502  -0.001579  4691                                   NO_DFT 
 51.138760   0.079502  -0.238450  4338                                   NO_DFT 
 51.194801   0.079502  -0.007877  4649                                   NO_DFT 
 51.230160   0.079502  -0.098394  4525                                   NO_DFT 
 51.384445   0.079502  -0.001173  4696                                   NO_DFT 
 51.708317   0.079502  -0.006349  4654                                   NO_DFT 
 51.785839   0.079502  -0.233831  4343                                   NO_DFT 
 51.790840   0.079502  -0.093251  4530                                   NO_DFT 
 51.884708   0.079502  -0.000858  4701                                   NO_DFT 
 52.225254   0.079502  -0.005070  4659                                   NO_DFT 
 52.355598   0.079502  -0.088284  4535                                   NO_DFT 
 52.388206   0.079502  -0.000619  4706                                   NO_DFT 
 52.438351   0.079502  -0.229188  4348                                   NO_DFT 
 52.745293   0.079502  -0.004010  4664                                   NO_DFT 
 52.924446   0.079502  -0.083529  4540                                   NO_DFT 
 53.096325   0.079502  -0.224521  4353                                   NO_DFT 
 53.269108   0.079502  -0.003138  4669                                   NO_DFT 
 53.497402   0.079502  -0.079012  4545                                   NO_DFT 
 53.759350   0.079502  -0.219838  4358                                   NO_DFT 
 53.796383   0.079502  -0.002430  4674                                   NO_DFT 
 54.074474   0.079502  -0.074738  4550                                   NO_DFT 
 54.327122   0.079502  -0.001861  4679                                   NO_DFT 
 54.428307   0.079502  -0.215131  4363                                   NO_DFT 
 54.655685   0.079502  -0.070689  4555                                   NO_DFT 
 54.861343   0.079502  -0.001408  4684                                   NO_DFT 
 55.102787   0.079502  -0.210407  4368                                   NO_DFT 
 55.241043   0.079502  -0.066823  4560                                   NO_DFT 
 55.399052   0.079502  -0.001052  4689                                   NO_DFT 
 55.782814   0.079502  -0.205665  4373                                   NO_DFT 
 55.830566   0.079502  -0.063074  4565                                   NO_DFT 
 55.940266   0.079502  -0.000776  4694                                   NO_DFT 
 56.424271   0.079502  -0.059367  4570                                   NO_DFT 
 56.468418   0.079502  -0.200906  4378                                   NO_DFT 
 56.484642   0.079502  -0.000564  4699                                   NO_DFT 
 57.022167   0.079502  -0.055631  4575                                   NO_DFT 
 57.032890   0.079502  -0.000404  4704                                   NO_DFT 
 57.159611   0.079502  -0.196130  4383                                   NO_DFT 
 57.624275   0.079502  -0.051809  4580                                   NO_DFT 
 57.856426   0.079502  -0.191338  4388                                   NO_DFT 
 58.230606   0.079502  -0.047877  4585                                   NO_DFT 
 58.558426   0.079502  -0.186535  4393                                   NO_DFT 
 58.841175   0.079502  -0.043842  4590                                   NO_DFT 
 59.266541   0.079502  -0.181714  4398                                   NO_DFT 
 59.455994   0.079502  -0.039744  4595                                   NO_DFT 
 59.980339   0.079502  -0.176882  4403                                   NO_DFT 
 60.075085   0.079502  -0.035647  4600                                   NO_DFT 
 60.698456   0.079502  -0.031625  4605                                   NO_DFT 
 60.699848   0.079502  -0.172040  4408                                   NO_DFT 
 61.326126   0.079502  -0.027753  4610                                   NO_DFT 
 61.425087   0.079502  -0.167190  4413                                   NO_DFT 
 61.958107   0.079502  -0.024095  4615                                   NO_DFT 
 62.156078   0.079502  -0.162338  4418                                   NO_DFT 
 62.594418   0.079502  -0.020703  4620                                   NO_DFT 
 62.892845   0.079502  -0.157484  4423                                   NO_DFT 
 63.235069   0.079502  -0.017609  4625                                   NO_DFT 
 63.634937   0.079502  -0.152636  4428                                   NO_DFT 
 63.880074   0.079502  -0.014831  4630                                   NO_DFT 
 64.383324   0.079502  -0.147792  4433                                   NO_DFT 
 64.529457   0.079502  -0.012372  4635                                   NO_DFT 
 65.137550   0.079502  -0.142955  4438                                   NO_DFT 
 65.183220   0.079502  -0.010224  4640                                   NO_DFT 
 65.841385   0.079502  -0.008370  4645                                   NO_DFT 
 65.897652   0.079502  -0.138131  4443                                   NO_DFT 
 66.503967   0.079502  -0.006788  4650                                   NO_DFT 
 66.663643   0.079502  -0.133322  4448                                   NO_DFT 
 67.170975   0.079502  -0.005453  4655                                   NO_DFT 
 67.435547   0.079502  -0.128532  4453                                   NO_DFT 
 67.842430   0.079502  -0.004338  4660                                   NO_DFT 
 68.212883   0.079502  -0.123766  4458                                   NO_DFT 
 68.518349   0.079502  -0.003417  4665                                   NO_DFT 
 68.996674   0.079502  -0.119022  4463                                   NO_DFT 
 69.198738   0.079502  -0.002663  4670                                   NO_DFT 
 69.786446   0.079502  -0.114310  4468                                   NO_DFT 
 69.883614   0.079502  -0.002054  4675                                   NO_DFT 
 70.572998   0.079502  -0.001566  4680                                   NO_DFT 
 70.582222   0.079502  -0.109635  4473                                   NO_DFT 
 71.266907   0.079502  -0.001180  4685                                   NO_DFT 
 71.384026   0.079502  -0.105004  4478                                   NO_DFT 
 71.965340   0.079502  -0.000877  4690                                   NO_DFT 
 72.191879   0.079502  -0.100426  4483                                   NO_DFT 
 72.668327   0.079502  -0.000644  4695                                   NO_DFT 
 73.005806   0.079502  -0.095910  4488                                   NO_DFT 
 73.375877   0.079502  -0.000466  4700                                   NO_DFT 
 73.825302   0.079502  -0.091469  4493                                   NO_DFT 
 74.087997   0.079502  -0.000332  4705                                   NO_DFT 
 74.651436   0.079502  -0.087107  4498                                   NO_DFT 
 75.483704   0.079502  -0.082835  4503                                   NO_DFT 
 76.322144   0.079502  -0.078661  4508                                   NO_DFT 
 77.166771   0.079502  -0.074587  4513                                   NO_DFT 
 78.017601   0.079502  -0.070613  4518                                   NO_DFT 
 78.874107   0.079502  -0.066738  4523                                   NO_DFT 
 79.737419   0.079502  -0.062948  4528                                   NO_DFT 
 80.607010   0.079502  -0.059236  4533                                   NO_DFT 
 81.482903   0.079502  -0.055591  4538                                   NO_DFT 
 82.365112   0.079502  -0.052001  4543                                   NO_DFT 
 83.253670   0.079502  -0.048461  4548                                   NO_DFT 
 84.148590   0.079502  -0.044965  4553                                   NO_DFT 
 85.049324   0.079502  -0.041519  4558                                   NO_DFT 
 85.957047   0.079502  -0.038127  4563                                   NO_DFT 
 86.871208   0.079502  -0.034805  4568                                   NO_DFT 
 87.791824   0.079502  -0.031571  4573                                   NO_DFT 
 88.718925   0.079502  -0.028447  4578                                   NO_DFT 
 89.652527   0.079502  -0.025456  4583                                   NO_DFT 
 90.592651   0.079502  -0.022616  4588                                   NO_DFT 
 91.538727   0.079502  -0.019950  4593                                   NO_DFT 
 92.491974   0.079502  -0.017466  4598                                   NO_DFT 
 93.451813   0.079502  -0.015178  4603                                   NO_DFT 
 94.418274   0.079502  -0.013090  4608                                   NO_DFT 
 95.391373   0.079502  -0.011204  4613                                   NO_DFT 
 96.371140   0.079502  -0.009516  4618                                   NO_DFT 
 97.356949   0.079502  -0.008020  4623                                   NO_DFT 
 98.350105   0.079502  -0.006705  4628                                   NO_DFT 
 99.349991   0.079502  -0.005561  4633                                   NO_DFT 
100.356628   0.079502  -0.004574  4638                                   NO_DFT 
101.370041   0.079502  -0.003730  4643                                   NO_DFT 
102.390259   0.079502  -0.003016  4648                                   NO_DFT 
103.417297   0.079502  -0.002417  4653                                   NO_DFT 
104.450508   0.079502  -0.001920  4658                                   NO_DFT 
105.491257   0.079502  -0.001509  4663                                   NO_DFT 
106.538895   0.079502  -0.001175  4668                                   NO_DFT 
107.593445   0.079502  -0.000905  4673                                   NO_DFT 
108.654930   0.079502  -0.000689  4678                                   NO_DFT 
109.723373   0.079502  -0.000519  4683                                   NO_DFT 
110.798103   0.079502  -0.000386  4688                                   NO_DFT 
111.880531   0.079502  -0.000283  4693                                   NO_DFT 
112.969986   0.079502  -0.000205  4698                                   NO_DFT 
114.066483   0.079502  -0.000146  4703                                   NO_DFT 
4302.700195   0.079502   0.099445  3712                                   NO_DFT 
4305.399902   0.079502   0.085953  3717                                   NO_DFT 
4308.100098   0.079502   0.072998  3722                                   NO_DFT 
4310.799805   0.079502   0.060566  3727                                   NO_DFT 
4313.500000   0.079502   0.048638  3732                                   NO_DFT 
4316.200195   0.079502   0.037198  3737                                   NO_DFT 
4318.899902   0.079502   0.026228  3742                                   NO_DFT 
4321.600098   0.079502   0.015715  3747                                   NO_DFT 
4324.299805   0.079502   0.005643  3752                                   NO_DFT 
4327.000000   0.079502  -0.004003  3757                                   NO_DFT 
4329.700195   0.079502  -0.013237  3762                                   NO_DFT 
4332.399902   0.079502  -0.022073  3767                                   NO_DFT 
4335.100098   0.079502  -0.030522  3772                                   NO_DFT 
4337.799805   0.079502  -0.038599  3777                                   NO_DFT 
4340.500000   0.079502  -0.046315  3782                                   NO_DFT 
4343.200195   0.079502  -0.053682  3787                                   NO_DFT 
4345.899902   0.079502  -0.060711  3792                                   NO_DFT 
4348.600098   0.079502  -0.067413  3797                                   NO_DFT 
4351.299805   0.079502  -0.073799  3802                                   NO_DFT 
4354.000000   0.079502  -0.079877  3807                                   NO_DFT 
4356.700195   0.079502  -0.085659  3812                                   NO_DFT 
4359.399902   0.079502  -0.091154  3817                                   NO_DFT 
4362.100098   0.079502  -0.096371  3822                                   NO_DFT 
4364.799805   0.079502  -0.101318  3827                                   NO_DFT 
4367.500000   0.079502  -0.106005  3832                                   NO_DFT 
4370.200195   0.079502  -0.110439  3837                                   NO_DFT 
4372.899902   0.079502  -0.114628  3842                                   NO_DFT 
4375.600098   0.079502  -0.118581  3847                                   NO_DFT 
4378.299805   0.079502  -0.122304  3852                                   NO_DFT 
4381.000000   0.079502  -0.125807  3857                                   NO_DFT 
4383.700195   0.079502  -0.129095  3862                                   NO_DFT 
4386.399902   0.079502  -0.132176  3867                                   NO_DFT 
4389.100098   0.079502  -0.135057  3872                                   NO_DFT 
4391.799805   0.079502  -0.137745  3877                                   NO_DFT 
4394.500000   0.079502  -0.140246  3882                                   NO_DFT 
4397.200195   0.079502  -0.142567  3887                                   NO_DFT 
4399.899902   0.079502  -0.144715  3892                                   NO_DFT 
4402.600098   0.079502  -0.146695  3897                                   NO_DFT 
4405.299805   0.079502  -0.148515  3902                                   NO_DFT 
4408.000000   0.079502  -0.150181  3907                                   NO_DFT 
4410.700195   0.079502  -0.151696  3912                                   NO_DFT 
4413.399902   0.079502  -0.153069  3917                                   NO_DFT 
4416.100098   0.079502  -0.154304  3922                                   NO_DFT 
4418.799805   0.079502  -0.155407  3927                                   NO_DFT 
4421.500000   0.079502  -0.156383  3932                                   NO_DFT 
4424.200195   0.079502  -0.157237  3937                                   NO_DFT 
4426.899902   0.079502  -0.157976  3942                                   NO_DFT 
4429.600098   0.079502  -0.158601  3947                                   NO_DFT 
4432.299805   0.079502  -0.159121  3952                                   NO_DFT 
4435.000000   0.079502  -0.159537  3957                                   NO_DFT 
4437.700195   0.079502  -0.159855  3962                                   NO_DFT 
4440.399902   0.079502  -0.160079  3967                                   NO_DFT 
4443.100098   0.079502  -0.160213  3972                                   NO_DFT 
4445.799805   0.079502  -0.160260  3977                                   NO_DFT 
4448.500000   0.079502  -0.160224  3982                                   NO_DFT 
4451.200195   0.079502  -0.160108  3987                                   NO_DFT 
4453.899902   0.079502  -0.159916  3992                                   NO_DFT 
4456.600098   0.079502  -0.159651  3997                                   NO_DFT 
4459.299805   0.079502  -0.159315  4002                                   NO_DFT 
4462.000000   0.079502  -0.158912  4007                                   NO_DFT 
4464.700195   0.079502  -0.158444  4012                                   NO_DFT 
4467.399902   0.079502  -0.157913  4017                                   NO_DFT 
4470.100098   0.079502  -0.157322  4022                                   NO_DFT 
4472.799805   0.079502  -0.156674  4027                                   NO_DFT 
4475.500000   0.079502  -0.155971  4032                                   NO_DFT 
4478.200195   0.079502  -0.155213  4037                                   NO_DFT 
4480.899902   0.079502  -0.154405  4042                                   NO_DFT 
4483.600098   0.079502  -0.153547  4047                                   NO_DFT 
4486.299805   0.079502  -0.152643  4052                                   NO_DFT 
4489.000000   0.079502  -0.151693  4057                                   NO_DFT 
4491.700195   0.079502  -0.150700  4062                                   NO_DFT 
4494.399902   0.079502  -0.149666  4067                                   NO_DFT 
4497.100098   0.079502  -0.148592  4072                                   NO_DFT 
4499.799805   0.079502  -0.147481  4077                                   NO_DFT 
4502.500000   0.079502  -0.146334  4082                                   NO_DFT 
4505.200195   0.079502  -0.145152  4087                                   NO_DFT 
4507.899902   0.079502  -0.143940  4092                                   NO_DFT 
4510.600098   0.079502  -0.142697  4097                                   NO_DFT 
4513.299805   0.079502  -0.141425  4102                                   NO_DFT 
4516.000000   0.079502  -0.140127  4107                                   NO_DFT 
4518.700195   0.079502  -0.138804  4112                                   NO_DFT 
4521.399902   0.079502  -0.137457  4117                                   NO_DFT 
4524.100098   0.079502  -0.136090  4122                                   NO_DFT 
4526.799805   0.079502  -0.134701  4127                                   NO_DFT 
4529.500000   0.079502  -0.133294  4132                                   NO_DFT 
4532.200195   0.079502  -0.131870  4137                                   NO_DFT 
4534.899902   0.079502  -0.130430  4142                                   NO_DFT 
4537.600098   0.079502  -0.128975  4147                                   NO_DFT 
4540.299805   0.079502  -0.127506  4152                                   NO_DFT 
4543.000000   0.079502  -0.126024  4157                                   NO_DFT 
4545.700195   0.079502  -0.124530  4162                                   NO_DFT 
4548.399902   0.079502  -0.123025  4167                                   NO_DFT 
4551.100098   0.079502  -0.121510  4172                                   NO_DFT 
4553.799805   0.079502  -0.119985  4177                                   NO_DFT 
4556.500000   0.079502  -0.118450  4182                                   NO_DFT 
4559.200195   0.079502  -0.116906  4187                                   NO_DFT 
4561.899902   0.079502  -0.115353  4192                                   NO_DFT 
4564.600098   0.079502  -0.113792  4197                                   NO_DFT 
4567.299805   0.079502  -0.112223  4202                                   NO_DFT 
4570.000000   0.079502  -0.110646  4207                                   NO_DFT 
4572.700195   0.079502  -0.109060  4212                                   NO_DFT 
4575.399902   0.079502  -0.107468  4217                                   NO_DFT 
4578.100098   0.079502  -0.105868  4222                                   NO_DFT 
4580.799805   0.079502  -0.104261  4227                                   NO_DFT 
4583.500000   0.079502  -0.102647  4232                                   NO_DFT 
4586.200195   0.079502  -0.101027  4237                                   NO_DFT 
4588.899902   0.079502  -0.099400  4242                                   NO_DFT 
4591.600098   0.079502  -0.097769  4247                                   NO_DFT 
4594.299805   0.079502  -0.096132  4252                                   NO_DFT 
4597.000000   0.079502  -0.094491  4257                                   NO_DFT 
4599.700195   0.079502  -0.092847  4262                                   NO_DFT 
4602.399902   0.079502  -0.091199  4267                                   NO_DFT 
4605.100098   0.079502  -0.089550  4272                                   NO_DFT 
4607.799805   0.079502  -0.087899  4277                                   NO_DFT 
4610.500000   0.079502  -0.086247  4282                                   NO_DFT 
4613.200195   0.079502  -0.084596  4287                                   NO_DFT 
4615.899902   0.079502  -0.082946  4292                                   NO_DFT 
4618.600098   0.079502  -0.081297  4297                                   NO_DFT 
4621.299805   0.079502  -0.079651  4302                                   NO_DFT 
4624.000000   0.079502  -0.078008  4307                                   NO_DFT 
4626.700195   0.079502  -0.076368  4312                                   NO_DFT 
4629.399902   0.079502  -0.074733  4317                                   NO_DFT 
4632.100098   0.079502  -0.073101  4322                                   NO_DFT 
4634.799805   0.079502  -0.071474  4327                                   NO_DFT 
4637.500000   0.079502  -0.069850  4332                                   NO_DFT 
4640.200195   0.079502  -0.068231  4337                                   NO_DFT 
4642.899902   0.079502  -0.066616  4342                                   NO_DFT 
4645.600098   0.079502  -0.065003  4347                                   NO_DFT 
4648.299805   0.079502  -0.063394  4352                                   NO_DFT 
4651.000000   0.079502  -0.061787  4357                                   NO_DFT 
4653.700195   0.079502  -0.060182  4362                                   NO_DFT 
4656.399902   0.079502  -0.058578  4367                                   NO_DFT 
4659.100098   0.079502  -0.056975  4372                                   NO_DFT 
4661.799805   0.079502  -0.055371  4377                                   NO_DFT 
4664.500000   0.079502  -0.053767  4382                                   NO_DFT 
4667.200195   0.079502  -0.052163  4387                                   NO_DFT 
4669.899902   0.079502  -0.050558  4392                                   NO_DFT 
4672.600098   0.079502  -0.048953  4397                                   NO_DFT 
4675.299805   0.079502  -0.047347  4402                                   NO_DFT 
4678.000000   0.079502  -0.045743  4407                                   NO_DFT 
4680.700195   0.079502  -0.044141  4412                                   NO_DFT 
4683.399902   0.079502  -0.042541  4417                                   NO_DFT 
4686.100098   0.079502  -0.040947  4422                                   NO_DFT 
4688.799805   0.079502  -0.039360  4427                                   NO_DFT 
4691.500000   0.079502  -0.037781  4432                                   NO_DFT 
4694.200195   0.079502  -0.036213  4437                                   NO_DFT 
4696.899902   0.079502  -0.034659  4442                                   NO_DFT 
4699.600098   0.079502  -0.033121  4447                                   NO_DFT 
4702.299805   0.079502  -0.031602  4452                                   NO_DFT 
4705.000000   0.079502  -0.030102  4457                                   NO_DFT 
4707.700195   0.079502  -0.028626  4462                                   NO_DFT 
4710.399902   0.079502  -0.027174  4467                                   NO_DFT 
4713.100098   0.079502  -0.025750  4472                                   NO_DFT 
4715.799805   0.079502  -0.024353  4477                                   NO_DFT 
4718.500000   0.079502  -0.022987  4482                                   NO_DFT 
4721.200195   0.079502  -0.021652  4487                                   NO_DFT 
4723.899902   0.079502  -0.020349  4492                                   NO_DFT 
4726.600098   0.079502  -0.019079  4497                                   NO_DFT 
4729.299805   0.079502  -0.017844  4502                                   NO_DFT 
4732.000000   0.079502  -0.016644  4507                                   NO_DFT 
4734.700195   0.079502  -0.015481  4512                                   NO_DFT 
4737.399902   0.079502  -0.014355  4517                                   NO_DFT 
4740.100098   0.079502  -0.013269  4522                                   NO_DFT 
4742.799805   0.079502  -0.012223  4527                                   NO_DFT 
4745.500000   0.079502  -0.011219  4532                                   NO_DFT 
4748.200195   0.079502  -0.010258  4537                                   NO_DFT 
4750.899902   0.079502  -0.009342  4542                                   NO_DFT 
4753.600098   0.079502  -0.008474  4547                                   NO_DFT 
4756.299805   0.079502  -0.007652  4552                                   NO_DFT 
4759.000000   0.079502  -0.006879  4557                                   NO_DFT 
4761.700195   0.079502  -0.006156  4562                                   NO_DFT 
4764.399902   0.079502  -0.005482  4567                                   NO_DFT 
4767.100098   0.079502  -0.004858  4572                                   NO_DFT 
4769.799805   0.079502  -0.004283  4577                                   NO_DFT 
4772.500000   0.079502  -0.003756  4582                                   NO_DFT 
4775.200195   0.079502  -0.003277  4587                                   NO_DFT 
4777.899902   0.079502  -0.002842  4592                                   NO_DFT 
4780.600098   0.079502  -0.002452  4597                                   NO_DFT 
4783.299805   0.079502  -0.002102  4602                                   NO_DFT 
4786.000000   0.079502  -0.001792  4607                                   NO_DFT 
4788.700195   0.079502  -0.001518  4612                                   NO_DFT 
4791.399902   0.079502  -0.001278  4617                                   NO_DFT 
4794.100098   0.079502  -0.001069  4622                                   NO_DFT 
4796.799805   0.079502  -0.000888  4627                                   NO_DFT 
4799.500000   0.079502  -0.000733  4632                                   NO_DFT 
4802.200195   0.079502  -0.000600  4637                                   NO_DFT 
4804.899902   0.079502  -0.000488  4642                                   NO_DFT 
4807.600098   0.079502  -0.000394  4647                                   NO_DFT 
4810.299805   0.079502  -0.000315  4652                                   NO_DFT 
4813.000000   0.079502  -0.000251  4657                                   NO_DFT 
4815.700195   0.079502  -0.000197  4662                                   NO_DFT 
4818.399902   0.079502  -0.000154  4667                                   NO_DFT 
4821.100098   0.079502  -0.000119  4672                                   NO_DFT 
4823.799805   0.079502  -0.000091  4677                                   NO_DFT 
4826.500000   0.079502  -0.000069  4682                                   NO_DFT 
4829.200195   0.079502  -0.000052  4687                                   NO_DFT 
4831.899902   0.079502  -0.000039  4692                                   NO_DFT 
4834.600098   0.079502  -0.000029  4697                                   NO_DFT 
4837.299805   0.079502  -0.000021  4702                                   NO_DFT 
4840.000000   0.079502  -0.000015  4707                                   NO_DFT 
