 5 0.000000 1
 1 
 Si 28.085500
 0 0.250000 4.500000 1.000000 1.500000 
 5 0 1 2 3 4
 6 1.00000 1.25000 1.50000 1.75000 4.50000 4.75000
 1 12.169200 6.172630 3.114710 0.755675 0.404939 0.036124 0.650018 0.572890
 4 30 24 24 1
  1.33760548e+00   0.0000
 -5.07792950e-01   0.0000
  1.87914997e-01   0.0000
  2.33862668e-01   0.0000
  5.11357725e-01   0.0000
  2.24041224e-01   0.0000
 -1.91838592e-01   0.0000
  9.65990350e-02   0.0000
 -1.23341012e+00   0.0000
  6.20162249e-01   0.0000
 -7.74662375e-01   0.0000
  3.83875109e-02   0.0000
  1.45062208e-01   0.0000
 -6.64406240e-01   0.0000
 -4.34091166e-02   0.0000
  3.62026215e-01   0.0000
  1.31303906e+00   0.0000
  3.01048458e-01   0.0000
 -1.82885200e-01   0.0000
  3.05740498e-02   0.0000
 -3.32736939e-01   0.0000
  3.74296010e-01   0.0000
  6.59808636e-01   0.0000
  5.16796708e-01   0.0000
  3.43014568e-01   0.0000
 -2.12886795e-01   0.0000
 -3.82703304e-01   0.0000
  3.21784854e-01   0.0000
 -1.87185243e-01   0.0000
 -6.64641559e-02   0.0000
 -2.33536854e-01   0.0000
  2.85717010e-01   0.0000
 -3.34613532e-01   0.0000
  5.11035144e-01   0.0000
 -1.77464664e-01   0.0000
  1.38714626e-01   0.0000
  3.99308354e-02   0.0000
 -3.82424772e-01   0.0000
 -6.91898167e-02   0.0000
  3.32175761e-01   0.0000
  5.18725850e-02   0.0000
  2.69001931e-01   0.0000
  9.38631743e-02   0.0000
 -8.23784471e-02   0.0000
 -9.99700576e-02   0.0000
  2.12675229e-01   0.0000
  4.02289569e-01   0.0000
  2.34197229e-02   0.0000
 -6.30042374e-01   0.0000
 -1.24645881e-01   0.0000
 -2.26754427e-01   0.0000
  7.67526329e-01   0.0000
 -5.41088164e-01   0.0000
 -4.04948890e-01   0.0000
 -2.26192608e-01   0.0000
  1.24040276e-01   0.0000
  2.87531465e-01   0.0000
  4.97914590e-02   0.0000
 -8.31424147e-02   0.0000
  2.73161143e-01   0.0000
  2.58772165e-01   0.0000
 -4.31878790e-02   0.0000
  1.75224319e-01   0.0000
  2.39709660e-01   0.0000
 -1.86609358e-01   0.0000
 -7.92007670e-02   0.0000
  4.66396585e-02   0.0000
  8.17591548e-02   0.0000
 -6.46171197e-02   0.0000
  4.44528520e-01   0.0000
  2.05417722e-01   0.0000
 -1.76462874e-01   0.0000
 -1.52930903e+00   0.0000
  5.69454394e-02   0.0000
 -6.02325082e-01   0.0000
  6.05503201e-01   0.0000
 -7.22069323e-01   0.0000
 -4.07573968e-01   0.0000
 -4.78347391e-01   0.0000
 -1.13369063e-01   0.0000
  1.57723141e+00   0.0000
 -5.66143215e-01   0.0000
  4.59509403e-01   0.0000
  7.02960968e-01   0.0000
  1.15830805e-02   0.0000
  7.93568864e-02   0.0000
 -1.42076492e-01   0.0000
  4.12048042e-01   0.0000
 -7.24047959e-01   0.0000
 -4.05409247e-01   0.0000
  4.47730161e-02   0.0000
 -2.08738521e-01   0.0000
  2.91658580e-01   0.0000
  2.64294088e-01   0.0000
  1.02013767e-01   0.0000
 -1.70469582e-01   0.0000
 -2.21309196e-02   0.0000
  7.41566956e-01   0.0000
 -2.18890563e-01   0.0000
 -2.49171451e-01   0.0000
  4.59372491e-01   0.0000
 -1.29428625e-01   0.0000
 -2.10940570e-01   0.0000
 -2.47705922e-01   0.0000
  7.49794953e-03   0.0000
 -2.53704846e-01   0.0000
  2.59751946e-01   0.0000
 -4.39062178e-01   0.0000
  6.52947947e-02   0.0000
 -3.61721605e-01   0.0000
  1.31149724e-01   0.0000
  1.61231719e-02   0.0000
 -2.57235348e-01   0.0000
 -4.81506407e-01   0.0000
  1.52893245e-01   0.0000
  3.90933231e-02   0.0000
  4.57288533e-01   0.0000
 -4.71154302e-01   0.0000
  8.21810290e-02   0.0000
  4.47597429e-02   0.0000
  1.00920916e+00   0.0000
  3.81696641e-01   0.0000
 -1.63352966e-01   0.0000
  1.84237763e-01   0.0000
  8.66629183e-01   0.0000
  4.62370366e-01   0.0000
 -9.89373308e-04   0.0000
 -1.64482057e-01   0.0000
 -9.39083397e-01   0.0000
 -5.50347865e-02   0.0000
 -9.94030237e-02   0.0000
 -6.21266782e-01   0.0000
 -2.20602542e-01   0.0000
 -5.52966893e-01   0.0000
 -2.16572925e-01   0.0000
  3.30771565e-01   0.0000
  3.21665913e-01   0.0000
  1.47270530e-01   0.0000
 -2.66719256e-02   0.0000
  4.91716474e-01   0.0000
 -2.25633666e-01   0.0000
 -1.40822649e-01   0.0000
  4.20756727e-01   0.0000
  3.15780282e-01   0.0000
 -2.38223583e-01   0.0000
 -3.43416721e-01   0.0000
 -2.86043733e-01   0.0000
  6.28944561e-02   0.0000
 -2.23007977e-01   0.0000
  8.00066482e-05   0.0000
 -8.10212791e-02   0.0000
  1.47617504e-01   0.0000
 -2.20167533e-01   0.0000
  1.31187946e-01   0.0000
  6.98076308e-01   0.0000
 -6.33381605e-02   0.0000
  1.45260170e-01   0.0000
  3.98605466e-01   0.0000
 -1.36551917e-01   0.0000
 -2.89819717e-01   0.0000
  3.20756398e-02   0.0000
 -2.66113937e-01   0.0000
 -1.58229396e-01   0.0000
  2.65846521e-01   0.0000
  3.34461540e-01   0.0000
  1.76379550e-02   0.0000
  3.63880068e-01   0.0000
 -2.04127669e-01   0.0000
 -3.55237424e-02   0.0000
 -4.25463021e-02   0.0000
 -2.45588183e-01   0.0000
  1.50792882e-01   0.0000
  8.34477842e-02   0.0000
  5.03131300e-02   0.0000
  4.15733419e-02   0.0000
 -1.94061384e-01   0.0000
 -6.10410199e-02   0.0000
  3.66056710e-01   0.0000
  8.90877098e-02   0.0000
 -2.97501534e-01   0.0000
 -2.11604133e-01   0.0000
  9.68761370e-02   0.0000
 -3.45267206e-01   0.0000
  1.25224799e-01   0.0000
  2.49791164e-02   0.0000
 -3.67990911e-01   0.0000
 -7.77002797e-02   0.0000
  5.16017258e-01   0.0000
  3.10579807e-01   0.0000
  1.87114194e-01   0.0000
  1.16948031e-01   0.0000
 -2.04656541e-01   0.0000
  2.26744175e-01   0.0000
 -8.15604161e-03   0.0000
 -2.66714413e-02   0.0000
  3.16469729e-01   0.0000
  2.22902283e-01   0.0000
  2.00045973e-01   0.0000
  8.81583318e-02   0.0000
 -4.59208548e-01   0.0000
  3.46970171e-01   0.0000
  4.94109511e-01   0.0000
 -1.18903726e-01   0.0000
 -2.97846556e-01   0.0000
 -4.67415422e-01   0.0000
 -2.28308693e-01   0.0000
  6.48108199e-02   0.0000
 -1.79824620e-01   0.0000
  2.99060524e-01   0.0000
 -3.25268179e-01   0.0000
 -1.49475753e-01   0.0000
  5.37716031e-01   0.0000
  4.38138336e-01   0.0000
  1.80830956e-01   0.0000
 -1.87449709e-01   0.0000
 -3.40444416e-01   0.0000
  7.26378635e-02   0.0000
  4.50878173e-01   0.0000
 -5.08485511e-02   0.0000
  3.78959358e-01   0.0000
  4.28271651e-01   0.0000
  3.58316749e-01   0.0000
  2.73045450e-01   0.0000
 -5.07305384e-01   0.0000
  2.80399710e-01   0.0000
  1.67099893e-01   0.0000
 -2.20894501e-01   0.0000
 -3.45887035e-01   0.0000
 -1.89012647e-01   0.0000
 -6.09992445e-01   0.0000
 -2.33076558e-01   0.0000
  2.25341357e-02   0.0000
 -2.17499763e-01   0.0000
 -2.29854956e-02   0.0000
 -1.92373365e-01   0.0000
  3.71317297e-01   0.0000
  1.45804256e-01   0.0000
  1.16111949e-01   0.0000
 -1.18880570e-01   0.0000
 -1.37279436e-01   0.0000
  2.46719256e-01   0.0000
  5.40488601e-01   0.0000
  8.60707909e-02   0.0000
  1.87934637e-01   0.0000
 -6.68767989e-02   0.0000
  1.32642329e-01   0.0000
 -2.04123273e-01   0.0000
 -2.15282559e-01   0.0000
 -1.75061703e-01   0.0000
  2.58619815e-01   0.0000
  2.63595115e-02   0.0000
  4.23751533e-01   0.0000
 -2.64414418e-02   0.0000
  4.93320338e-02   0.0000
 -1.33801877e-01   0.0000
  1.35903686e-01   0.0000
  5.46299852e-03   0.0000
 -4.75973785e-02   0.0000
  1.08187325e-01   0.0000
  4.03411314e-03   0.0000
 -1.57388881e-01   0.0000
  1.60387218e-01   0.0000
 -2.00423285e-01   0.0000
 -1.62946194e-01   0.0000
 -3.88047904e-01   0.0000
  6.46045327e-01   0.0000
  1.22994080e-01   0.0000
  1.83672681e-01   0.0000
 -2.80007184e-01   0.0000
 -1.70224607e-01   0.0000
 -3.26967686e-01   0.0000
  1.89786077e-01   0.0000
  2.89602876e-02   0.0000
 -3.80942822e-02   0.0000
 -1.72931999e-01   0.0000
  7.02506304e-02   0.0000
  2.30960459e-01   0.0000
 -2.12657154e-01   0.0000
  1.39615908e-01   0.0000
  1.97288960e-01   0.0000
 -8.75731409e-02   0.0000
  3.59185189e-01   0.0000
  1.96744576e-01   0.0000
 -1.49093410e-02   0.0000
  5.22368774e-02   0.0000
 -6.03483943e-03   0.0000
 -4.19495434e-01   0.0000
 -3.03055137e-01   0.0000
 -6.00228608e-01   0.0000
 -1.68821037e-01   0.0000
 -1.03223406e-01   0.0000
  8.91083106e-02   0.0000
 -1.85295343e-01   0.0000
 -5.20605683e-01   0.0000
  5.92548102e-02   0.0000
  2.95565397e-01   0.0000
 -7.83166945e-01   0.0000
 -6.13278747e-01   0.0000
  1.55741021e-01   0.0000
 -4.30238575e-01   0.0000
  1.42331600e-01   0.0000
  4.67281379e-02   0.0000
 -2.17764914e-01   0.0000
  5.62192537e-02   0.0000
 -3.10749579e-02   0.0000
  4.21634585e-01   0.0000
 -7.34197721e-02   0.0000
  1.52727542e-02   0.0000
  5.00049472e-01   0.0000
  2.01475456e-01   0.0000
 -1.96408600e-01   0.0000
  2.08062485e-01   0.0000
 -3.81578833e-01   0.0000
  6.69977888e-02   0.0000
 -1.74787238e-01   0.0000
  1.13305457e-01   0.0000
  1.05966292e-01   0.0000
 -7.14145675e-02   0.0000
  2.95906246e-01   0.0000
  5.78618050e-01   0.0000
 -1.25181064e-01   0.0000
 -4.35716659e-01   0.0000
 -1.28636092e-01   0.0000
 -4.26667333e-01   0.0000
 -1.61388636e-01   0.0000
  1.31807342e-01   0.0000
 -2.36506671e-01   0.0000
 -1.25815183e-01   0.0000
  2.44897529e-01   0.0000
  1.71663925e-01   0.0000
  1.36188835e-01   0.0000
  1.25425234e-01   0.0000
 -4.62187454e-02   0.0000
 -1.23882771e-01   0.0000
 -1.49722025e-01   0.0000
  1.17325157e-01   0.0000
  2.99301744e-01   0.0000
 -1.11541539e-01   0.0000
 -7.35021159e-02   0.0000
  1.33361936e-01   0.0000
  2.31902868e-01   0.0000
  4.03294004e-02   0.0000
  5.55254579e-01   0.0000
  1.14577696e-01   0.0000
  4.73707020e-01   0.0000
 -4.46347147e-01   0.0000
 -3.05702358e-01   0.0000
 -2.33517513e-01   0.0000
 -4.45150137e-01   0.0000
  2.80503273e-01   0.0000
 -4.81313229e-01   0.0000
 -1.37543947e-01   0.0000
 -7.67237172e-02   0.0000
  2.12450698e-01   0.0000
 -2.22625703e-01   0.0000
 -2.01095849e-01   0.0000
  3.55520780e-04   0.0000
  2.74017602e-01   0.0000
 -1.89933226e-01   0.0000
  9.50860679e-02   0.0000
  4.84943718e-01   0.0000
 -5.68717010e-02   0.0000
  1.88619167e-01   0.0000
 -3.47421505e-02   0.0000
  2.34878555e-01   0.0000
  1.05330475e-01   0.0000
  6.17456734e-01   0.0000
  7.17838630e-02   0.0000
  3.93406987e-01   0.0000
 -5.58225811e-01   0.0000
 -4.12486285e-01   0.0000
 -2.11938530e-01   0.0000
 -3.05413336e-01   0.0000
  1.86042637e-01   0.0000
 -9.48096365e-02   0.0000
 -2.17511743e-01   0.0000
 -2.21595049e-01   0.0000
 -1.95109189e-01   0.0000
  3.54450918e-03   0.0000
 -2.52343714e-01   0.0000
  8.70678201e-02   0.0000
  1.84503287e-01   0.0000
  6.70939684e-02   0.0000
  1.56297266e-01   0.0000
 -5.91249391e-03   0.0000
 -1.46904752e-01   0.0000
  7.12310225e-02   0.0000
  1.87387377e-01   0.0000
  1.34401485e-01   0.0000
 -1.23480394e-01   0.0000
 -4.65397924e-01   0.0000
 -2.19250754e-01   0.0000
 -5.16484916e-01   0.0000
 -1.40315607e-01   0.0000
  3.18996280e-01   0.0000
 -2.79822503e-04   0.0000
  4.15026359e-02   0.0000
  6.87092021e-02   0.0000
  3.61900032e-01   0.0000
 -8.41721594e-02   0.0000
 -6.37782440e-02   0.0000
 -7.15618357e-02   0.0000
  1.17612340e-01   0.0000
  2.93514729e-01   0.0000
  6.04003906e-01   0.0000
  1.76203102e-01   0.0000
  1.68029144e-01   0.0000
  7.37843141e-02   0.0000
  2.09491700e-01   0.0000
  1.42814636e-01   0.0000
  3.34256262e-01   0.0000
  1.18703805e-01   0.0000
  5.06925397e-02   0.0000
 -2.08588764e-02   0.0000
 -3.76085937e-02   0.0000
 -1.95338100e-01   0.0000
 -1.45342484e-01   0.0000
  2.55892038e-01   0.0000
 -8.00442845e-02   0.0000
  1.01793045e-02   0.0000
 -1.02146022e-01   0.0000
 -8.14227909e-02   0.0000
  1.54201955e-01   0.0000
 -1.44587025e-01   0.0000
  8.39622691e-02   0.0000
  2.01372340e-01   0.0000
  2.28137031e-01   0.0000
  2.75021851e-01   0.0000
 -9.92907807e-02   0.0000
 -4.75473329e-02   0.0000
  6.32483065e-02   0.0000
 -2.55811453e-01   0.0000
  1.08099625e-01   0.0000
 -2.03841090e-01   0.0000
 -2.26148769e-01   0.0000
 -1.15963943e-01   0.0000
  2.98652649e-01   0.0000
 -1.10249512e-01   0.0000
 -4.81424987e-01   0.0000
 -2.65140176e-01   0.0000
 -1.61915332e-01   0.0000
  1.88447431e-01   0.0000
 -5.87402999e-01   0.0000
 -2.87342668e-01   0.0000
  8.33649516e-01   0.0000
 -4.50522900e-02   0.0000
 -1.58466063e-02   0.0000
  3.56736630e-02   0.0000
  6.35206997e-01   0.0000
  5.28561234e-01   0.0000
 -1.19082518e-01   0.0000
 -1.88756049e-01   0.0000
  1.15863554e-01   0.0000
 -6.43516332e-02   0.0000
  5.61904423e-02   0.0000
 -1.94838215e-02   0.0000
  3.82804841e-01   0.0000
 -2.69720703e-01   0.0000
 -2.46595472e-01   0.0000
  1.60940260e-01   0.0000
 -1.61528781e-01   0.0000
  2.47351140e-01   0.0000
 -1.39075190e-01   0.0000
  1.91559687e-01   0.0000
  1.84950814e-01   0.0000
  3.62514228e-01   0.0000
  2.54034728e-01   0.0000
 -9.57394615e-02   0.0000
  1.18461087e-01   0.0000
 -1.42172694e-01   0.0000
  1.87633455e-01   0.0000
  4.83583584e-02   0.0000
 -1.15048207e-01   0.0000
  1.64117560e-01   0.0000
  7.85968453e-02   0.0000
  6.16389252e-02   0.0000
  1.18687050e-02   0.0000
  6.20827600e-02   0.0000
  2.59535760e-01   0.0000
 -4.57402430e-02   0.0000
  3.54532510e-01   0.0000
  2.80283135e-03   0.0000
 -1.75618321e-01   0.0000
  2.02317312e-01   0.0000
  4.19989275e-03   0.0000
 -1.53114989e-01   0.0000
 -1.72922060e-01   0.0000
  2.49899730e-01   0.0000
  9.73441601e-02   0.0000
  2.34006107e-01   0.0000
  2.06773743e-01   0.0000
 -1.76849172e-01   0.0000
 -4.71529186e-01   0.0000
  1.65978566e-01   0.0000
 -5.53568229e-02   0.0000
 -2.34866619e-01   0.0000
 -2.64302343e-01   0.0000
  1.80158034e-01   0.0000
  8.10379386e-02   0.0000
 -5.75967580e-02   0.0000
  2.12035730e-01   0.0000
 -1.73547670e-01   0.0000
 -1.39563128e-01   0.0000
  6.39736429e-02   0.0000
 -4.16242898e-01   0.0000
  2.55131215e-01   0.0000
 -7.39201456e-02   0.0000
 -9.69923064e-02   0.0000
  3.52068663e-01   0.0000
 -2.04057977e-01   0.0000
 -8.43918845e-02   0.0000
 -1.35047719e-01   0.0000
  1.93723157e-01   0.0000
 -3.47679146e-02   0.0000
  4.56998020e-01   0.0000
 -1.74286678e-01   0.0000
 -5.09171426e-01   0.0000
 -5.56001067e-02   0.0000
  7.29158372e-02   0.0000
 -2.05767989e-01   0.0000
 -7.87365139e-02   0.0000
  3.00455004e-01   0.0000
  1.12921268e-01   0.0000
 -2.14372069e-01   0.0000
  1.35960625e-02   0.0000
  9.61505175e-02   0.0000
  1.87127516e-01   0.0000
 -6.65521696e-02   0.0000
  1.54144317e-01   0.0000
 -3.00317053e-02   0.0000
  1.87603645e-02   0.0000
 -8.51938426e-02   0.0000
  2.57377237e-01   0.0000
 -1.61748737e-01   0.0000
  1.18274771e-01   0.0000
 -2.98738837e-01   0.0000
 -1.77050337e-01   0.0000
  8.77388269e-02   0.0000
  3.76468211e-01   0.0000
  1.70056447e-01   0.0000
  1.34866759e-01   0.0000
 -4.11147624e-01   0.0000
 -1.10512145e-01   0.0000
  1.69147193e-01   0.0000
  8.96480531e-02   0.0000
 -1.14628948e-01   0.0000
  3.09120923e-01   0.0000
  6.47393405e-01   0.0000
  4.29507166e-01   0.0000
 -6.44268692e-01   0.0000
  8.07292238e-02   0.0000
  1.38533160e-01   0.0000
  2.31624022e-02   0.0000
  1.01071954e-01   0.0000
 -2.13404968e-02   0.0000
 -1.29006669e-01   0.0000
 -9.27972496e-02   0.0000
  2.12618768e-01   0.0000
  1.62121728e-01   0.0000
 -3.88451159e-01   0.0000
 -2.16299698e-01   0.0000
  5.43523192e-01   0.0000
  1.06665470e-01   0.0000
 -3.43916267e-02   0.0000
 -5.43262027e-02   0.0000
  2.73602992e-01   0.0000
  1.99281350e-01   0.0000
  1.81721374e-01   0.0000
 -7.56085664e-02   0.0000
  2.93734632e-02   0.0000
  3.38979661e-01   0.0000
  4.03540313e-01   0.0000
  3.48909408e-01   0.0000
 -6.09208107e-01   0.0000
  2.13448137e-01   0.0000
 -9.80665684e-02   0.0000
  2.25876480e-01   0.0000
  2.58063674e-01   0.0000
  3.99385184e-01   0.0000
  2.91193545e-01   0.0000
  1.35205305e+00   0.0000
  6.03162171e-03   0.0000
 -6.58029556e-01   0.0000
 -4.33994710e-01   0.0000
 -1.08865452e+00   0.0000
 -3.64446491e-01   0.0000
 -1.09730554e+00   0.0000
  1.31834328e-01   0.0000
  1.25884533e+00   0.0000
 -8.49849507e-02   0.0000
 -5.82513809e-02   0.0000
 -4.62399088e-02   0.0000
  1.62523890e+00   0.0000
  1.88865557e-01   0.0000
  4.73363966e-01   0.0000
  3.73897195e-01   0.0000
 -3.09796166e-02   0.0000
 -3.62306148e-01   0.0000
  1.93193227e-01   0.0000
  2.71719098e-01   0.0000
  3.38118374e-01   0.0000
 -2.76669916e-02   0.0000
  2.08930805e-01   0.0000
  5.53962961e-02   0.0000
 -7.28610218e-01   0.0000
  7.15472102e-01   0.0000
 -6.55157343e-02   0.0000
 -3.36872675e-02   0.0000
  1.37381017e+00   0.0000
 -5.80056943e-02   0.0000
  9.05653119e-01   0.0000
  4.74227071e-01   0.0000
 -3.06261867e-01   0.0000
 -1.27596557e-01   0.0000
  2.30669349e-01   0.0000
  1.64275303e-01   0.0000
 -1.33996141e+00   0.0000
  3.45996350e-01   0.0000
  1.76073670e-01   0.0000
  1.67977944e-01   0.0000
 -3.68670642e-01   0.0000
 -5.33568338e-02   0.0000
  2.37097070e-01   0.0000
 -6.94555119e-02   0.0000
  2.74051309e-01   0.0000
  1.93859100e-01   0.0000
 -3.66228074e-01   0.0000
  2.80906111e-01   0.0000
 -7.78348923e-01   0.0000
  8.10837820e-02   0.0000
 -2.38715068e-01   0.0000
 -5.71773900e-03   0.0000
  1.10284686e+00   0.0000
 -7.02881694e-01   0.0000
  7.06079721e-01   0.0000
  2.18469739e-01   0.0000
 -4.83738631e-01   0.0000
  1.02930591e-01   0.0000
  1.87312454e-01   0.0000
  1.45343378e-01   0.0000
 -1.05376828e+00   0.0000
 -7.06954999e-03   0.0000
  3.09897572e-01   0.0000
 -4.26077694e-02   0.0000
  1.73171178e-01   0.0000
  1.64817452e-01   0.0000
 -4.57186699e-01   0.0000
 -3.83735657e-01   0.0000
 -5.33669591e-01   0.0000
  6.01754606e-01   0.0000
 -8.46921802e-01   0.0000
  3.20955902e-01   0.0000
  3.00055385e-01   0.0000
 -8.61229181e-01   0.0000
 -3.35617602e-01   0.0000
 -2.67729610e-02   0.0000
 -1.45313025e-01   0.0000
 -1.62460351e+00   0.0000
  9.06979963e-02   0.0000
  1.83074176e-01   0.0000
 -1.16336524e+00   0.0000
 -2.59622842e-01   0.0000
  2.38306411e-02   0.0000
  3.15107167e-01   0.0000
  7.99200654e-01   0.0000
 -3.53581190e-01   0.0000
  6.10871971e-01   0.0000
 -1.21538714e-01   0.0000
  1.12031031e+00   0.0000
 -2.10584149e-01   0.0000
 -5.88832259e-01   0.0000
 -2.49512359e-01   0.0000
  8.50070119e-02   0.0000
 -1.23259388e-01   0.0000
 -4.76929635e-01   0.0000
  1.14861481e-01   0.0000
 -1.67862460e-01   0.0000
 -4.03475910e-01   0.0000
 -1.31954536e-01   0.0000
  2.09917948e-01   0.0000
 -4.22549933e-01   0.0000
 -7.95149028e-01   0.0000
 -3.55586931e-02   0.0000
  7.22183958e-02   0.0000
 -7.28448629e-01   0.0000
 -4.52183068e-01   0.0000
  9.44672748e-02   0.0000
  6.94004953e-01   0.0000
  3.04347575e-01   0.0000
  6.77029602e-03   0.0000
  3.04115303e-02   0.0000
  3.38588417e-01   0.0000
  6.47590399e-01   0.0000
 -4.67984319e-01   0.0000
 -3.16178024e-01   0.0000
  8.00259411e-02   0.0000
 -2.01573908e-01   0.0000
 -9.23166126e-02   0.0000
 -1.42157525e-01   0.0000
  1.31711848e-02   0.0000
 -1.11440243e-02   0.0000
  3.53868216e-01   0.0000
  1.05186924e-01   0.0000
 -4.65549171e-01   0.0000
  2.56542653e-01   0.0000
  6.00011706e-01   0.0000
  4.71882969e-02   0.0000
  3.60247433e-01   0.0000
  7.26375341e-01   0.0000
  4.52834964e-01   0.0000
 -4.72021326e-02   0.0000
  6.86313331e-01   0.0000
 -3.14349711e-01   0.0000
 -3.18942331e-02   0.0000
  2.73734063e-01   0.0000
 -4.24428545e-02   0.0000
 -4.40593094e-01   0.0000
 -3.85461181e-01   0.0000
 -3.47217083e-01   0.0000
 -7.59307221e-02   0.0000
 -1.43050957e+00   0.0000
  3.34989548e-01   0.0000
 -2.00487480e-01   0.0000
 -2.60237038e-01   0.0000
 -1.46384525e+00   0.0000
 -8.25746581e-02   0.0000
  2.98885018e-01   0.0000
 -4.47728336e-02   0.0000
  1.24809599e+00   0.0000
 -5.70350826e-01   0.0000
  1.31949341e+00   0.0000
  3.70867580e-01   0.0000
 -5.42705655e-01   0.0000
  3.79194438e-01   0.0000
  1.16226345e-01   0.0000
  3.10843229e-01   0.0000
 -2.48033977e+00   0.0000
  3.86118978e-01   0.0000
  6.53939694e-02   0.0000
 -2.82739550e-01   0.0000
 -1.36678696e-01   0.0000
  3.08793336e-01   0.0000
 -5.29870093e-01   0.0000
 -3.70202869e-01   0.0000
 -3.20426494e-01   0.0000
  1.85739696e-01   0.0000
  8.36675227e-01   0.0000
  1.99074432e-01   0.0000
 -6.36203736e-02   0.0000
 -1.50953578e-02   0.0000
 -3.55561703e-01   0.0000
 -1.35763928e-01   0.0000
  2.46295691e-01   0.0000
  2.12715402e-01   0.0000
  1.27489001e-01   0.0000
 -3.83762032e-01   0.0000
  6.36931062e-02   0.0000
 -2.57893950e-01   0.0000
 -2.39844937e-02   0.0000
  5.28126471e-02   0.0000
  3.55228066e-01   0.0000
 -9.35112014e-02   0.0000
  2.32568204e-01   0.0000
  4.90323335e-01   0.0000
  2.69189551e-02   0.0000
  6.27635643e-02   0.0000
  8.63917023e-02   0.0000
 -2.10768610e-01   0.0000
  2.46664315e-01   0.0000
  5.63418306e-02   0.0000
 -2.60520607e-01   0.0000
 -3.93483520e-01   0.0000
 -2.58254230e-01   0.0000
  2.09159315e-01   0.0000
 -4.36342135e-02   0.0000
  1.33638933e-01   0.0000
 -1.99489817e-01   0.0000
 -8.42715129e-02   0.0000
 -4.02345717e-01   0.0000
  2.03498453e-01   0.0000
  1.28422126e-01   0.0000
  1.54829234e-01   0.0000
  3.49629410e-02   0.0000
  1.87793057e-02   0.0000
 -8.83130580e-02   0.0000
  1.15885332e-01   0.0000
 -2.37544909e-01   0.0000
 -1.94349468e-01   0.0000
 -7.05538467e-02   0.0000
 -8.26716051e-02   0.0000
  4.13919836e-02   0.0000
  2.73511887e-01   0.0000
  3.77644598e-02   0.0000
 -1.37735039e-01   0.0000
  1.80033714e-01   0.0000
  1.02024034e-01   0.0000
 -2.93922186e-01   0.0000
 -1.14081297e-02   0.0000
 -1.68528929e-01   0.0000
  9.00634155e-02   0.0000
 -1.08247355e-01   0.0000
  1.00092523e-01   0.0000
  9.51931328e-02   0.0000
 -2.97295004e-01   0.0000
  1.74227387e-01   0.0000
 -2.90342152e-01   0.0000
  1.14899039e-01   0.0000
  9.67286527e-03   0.0000
 -1.24333262e-01   0.0000
  1.31557718e-01   0.0000
 -1.04287237e-01   0.0000
  1.21077687e-01   0.0000
  1.16263837e-01   0.0000
  2.32346788e-01   0.0000
  8.92981514e-02   0.0000
 -2.90482491e-01   0.0000
 -2.61990637e-01   0.0000
 -4.23787147e-01   0.0000
  2.00846240e-01   0.0000
  1.51137576e-01   0.0000
  1.03189850e+00   0.0000
 -6.08163811e-02   0.0000
  3.10405297e-03   0.0000
 -1.47407979e-01   0.0000
  7.79424012e-02   0.0000
  2.04462066e-01   0.0000
  1.87610731e-01   0.0000
 -1.44943539e-02   0.0000
 -6.31955266e-02   0.0000
 -2.42846906e-01   0.0000
  2.96739668e-01   0.0000
  1.00020364e-01   0.0000
  7.33947098e-01   0.0000
 -5.64980730e-02   0.0000
  1.10398844e-01   0.0000
  7.41968453e-01   0.0000
  9.03739631e-02   0.0000
  5.96648082e-02   0.0000
  3.46535951e-01   0.0000
 -7.48254359e-02   0.0000
  2.15741903e-01   0.0000
  1.44521236e-01   0.0000
 -2.46212289e-01   0.0000
  1.20497249e-01   0.0000
 -1.63998473e+00   0.0000
  2.48898372e-01   0.0000
 -4.65213992e-02   0.0000
  7.64030591e-02   0.0000
 -4.71811630e-02   0.0000
 -1.97322443e-01   0.0000
 -4.12036479e-01   0.0000
  1.16772749e-01   0.0000
 -7.38437567e-03   0.0000
  1.38651058e-01   0.0000
  6.12678379e-02   0.0000
  1.06458031e-01   0.0000
 -2.88097769e-01   0.0000
  8.18751231e-02   0.0000
 -2.37599552e-01   0.0000
 -7.47390926e-01   0.0000
 -1.94051772e-01   0.0000
 -2.85363674e-01   0.0000
 -4.74882036e-01   0.0000
  1.09153889e-01   0.0000
 -2.99261928e-01   0.0000
 -7.83278868e-02   0.0000
  6.04742825e-01   0.0000
  2.82175273e-01   0.0000
  6.34465098e-01   0.0000
 -1.73597578e-02   0.0000
 -2.67781854e-01   0.0000
 -2.88466841e-01   0.0000
  2.77062237e-01   0.0000
 -3.55477445e-02   0.0000
  2.94469118e-01   0.0000
  4.59032226e-03   0.0000
 -1.88478038e-01   0.0000
 -2.59071618e-01   0.0000
  2.31690958e-01   0.0000
 -6.37521371e-02   0.0000
  2.55689532e-01   0.0000
 -6.23912625e-02   0.0000
  1.64581373e-01   0.0000
  4.48325604e-01   0.0000
  3.20406288e-01   0.0000
  3.42834480e-02   0.0000
  2.72577018e-01   0.0000
  1.10280618e-01   0.0000
 -4.35944766e-01   0.0000
 -3.05031091e-01   0.0000
  2.62287229e-01   0.0000
  4.13611159e-02   0.0000
  4.51843347e-03   0.0000
 -1.34941423e-02   0.0000
 -3.18724252e-02   0.0000
  4.47563939e-02   0.0000
  3.62906754e-01   0.0000
 -4.92181815e-02   0.0000
  2.86559254e-01   0.0000
 -2.11415961e-02   0.0000
 -1.44154102e-01   0.0000
 -2.28721648e-01   0.0000
  2.47408628e-01   0.0000
  2.21711993e-01   0.0000
 -1.18298898e-03   0.0000
 -1.01983830e-01   0.0000
  4.34287041e-02   0.0000
  6.10611960e-02   0.0000
  3.16255063e-01   0.0000
  1.80090621e-01   0.0000
  1.65505245e-01   0.0000
 -4.72926088e-02   0.0000
  1.93100162e-02   0.0000
 -1.83233365e-01   0.0000
  1.50964279e-02   0.0000
  2.44797125e-01   0.0000
  2.21279427e-01   0.0000
 -1.28742740e-01   0.0000
  7.49016106e-02   0.0000
 -1.12515688e-01   0.0000
  3.62428784e-01   0.0000
 -6.65348545e-02   0.0000
  8.69538821e-03   0.0000
  1.00109458e-01   0.0000
  5.48524335e-02   0.0000
 -2.45875821e-01   0.0000
  3.64190936e-02   0.0000
  2.60102183e-01   0.0000
  2.19019011e-01   0.0000
  9.92953405e-02   0.0000
  1.27292633e-01   0.0000
  1.78950056e-01   0.0000
  8.43981951e-02   0.0000
 -9.30634290e-02   0.0000
  2.49949455e-01   0.0000
 -5.74419647e-02   0.0000
  1.55331165e-01   0.0000
  1.55392200e-01   0.0000
 -5.49421012e-01   0.0000
 -4.50612336e-01   0.0000
  1.38444221e+00   0.0000
 -6.72298716e-04   0.0000
  1.90756217e-01   0.0000
 -3.92444897e-03   0.0000
 -8.29442888e-02   0.0000
  1.69699997e-01   0.0000
  2.43997097e-01   0.0000
 -3.94196957e-01   0.0000
 -1.32586792e-01   0.0000
 -1.14600852e-01   0.0000
 -1.15262814e-01   0.0000
 -2.57707704e-02   0.0000
  1.03471525e-01   0.0000
 -1.06694169e-01   0.0000
  6.31668717e-02   0.0000
  3.23935986e-01   0.0000
  1.59315631e-01   0.0000
 -9.58812311e-02   0.0000
  4.02794719e-01   0.0000
  2.52761394e-01   0.0000
 -1.70812443e-01   0.0000
 -1.22750066e-01   0.0000
  2.69293606e-01   0.0000
  2.01412663e-01   0.0000
 -4.28032011e-01   0.0000
  7.04003172e-03   0.0000
 -2.32869104e-01   0.0000
 -9.30182040e-02   0.0000
  3.32185149e-01   0.0000
 -5.19544445e-02   0.0000
 -8.39995295e-02   0.0000
 -2.19265714e-01   0.0000
  2.26067528e-02   0.0000
 -2.66562343e-01   0.0000
  4.87014614e-02   0.0000
 -6.70228302e-02   0.0000
 -1.58244103e-01   0.0000
  6.65905029e-02   0.0000
  1.57093778e-01   0.0000
  2.28374079e-02   0.0000
  1.03584334e-01   0.0000
 -1.45364046e-01   0.0000
  2.00316668e-01   0.0000
  1.03599504e-01   0.0000
 -8.82866308e-02   0.0000
  1.26758382e-01   0.0000
  1.19470157e-01   0.0000
 -6.08262718e-02   0.0000
  1.89101470e+00   0.0000
  3.82894427e-02   0.0000
 -9.18888077e-02   0.0000
  9.07342732e-02   0.0000
  2.01640517e-01   0.0000
  2.96298504e-01   0.0000
  5.46964943e-01   0.0000
 -1.31663606e-01   0.0000
  2.89693266e-01   0.0000
 -8.82125199e-02   0.0000
 -1.15033360e-02   0.0000
 -2.58398622e-01   0.0000
  4.38323677e-01   0.0000
  1.52475303e-02   0.0000
  2.46144891e-01   0.0000
  8.69034588e-01   0.0000
 -1.69234559e-01   0.0000
  8.70182291e-02   0.0000
  4.22959566e-01   0.0000
 -2.16512412e-01   0.0000
  2.10397169e-01   0.0000
  8.33283290e-02   0.0000
 -2.44039401e-01   0.0000
 -1.94662720e-01   0.0000
  4.45661664e-01   0.0000
 -3.20502631e-02   0.0000
  5.98255731e-02   0.0000
  7.45102689e-02   0.0000
 -6.80344626e-02   0.0000
 -5.81833608e-02   0.0000
  2.26873662e-02   0.0000
 -1.56188309e-01   0.0000
  5.71433268e-02   0.0000
  9.55247879e-02   0.0000
 -2.24259585e-01   0.0000
 -6.75046816e-02   0.0000
  7.19241276e-02   0.0000
 -2.25330785e-01   0.0000
  1.27345957e-02   0.0000
 -4.31823470e-02   0.0000
 -2.80302316e-01   0.0000
  1.17697030e-01   0.0000
  1.02104105e-01   0.0000
  2.50903815e-01   0.0000
  4.32892472e-01   0.0000
  1.26256824e-01   0.0000
  3.74453127e-01   0.0000
 -9.07986909e-02   0.0000
 -1.38904142e+00   0.0000
  1.50025159e-01   0.0000
  1.35725930e-01   0.0000
  2.63636917e-01   0.0000
 -6.24486953e-02   0.0000
 -2.47605950e-01   0.0000
 -3.31566244e-01   0.0000
  2.95742691e-01   0.0000
 -1.70898139e-01   0.0000
  1.78455144e-01   0.0000
  1.49131835e-01   0.0000
 -6.14970699e-02   0.0000
 -5.34054101e-01   0.0000
  2.47514853e-03   0.0000
  3.30566876e-02   0.0000
 -5.84504128e-01   0.0000
 -7.98109993e-02   0.0000
  2.15337664e-01   0.0000
 -4.02084917e-01   0.0000
  2.07193550e-02   0.0000
  1.70248821e-01   0.0000
  1.82851747e-01   0.0000
 -1.45815015e-01   0.0000
 -1.21188939e-01   0.0000
 -9.59101140e-01   0.0000
  1.51891217e-01   0.0000
  1.47499308e-01   0.0000
  2.48996690e-02   0.0000
 -3.32980782e-01   0.0000
 -3.71097088e-01   0.0000
 -7.37928152e-01   0.0000
  2.46006325e-01   0.0000
 -2.73345672e-02   0.0000
  2.99418122e-01   0.0000
 -2.56334126e-01   0.0000
 -4.04797308e-02   0.0000
 -9.03682888e-01   0.0000
 -2.64215429e-04   0.0000
 -1.60038084e-01   0.0000
 -9.41116750e-01   0.0000
  5.14899418e-02   0.0000
 -2.56840169e-01   0.0000
 -5.98800719e-01   0.0000
  1.01193510e-01   0.0000
  1.93281516e-01   0.0000
 -2.42592052e-01   0.0000
  2.31664598e-01   0.0000
 -6.10724688e-02   0.0000
  6.83331788e-01   0.0000
  1.99197859e-01   0.0000
 -1.53135166e-01   0.0000
  2.68327333e-02   0.0000
 -1.20504089e-01   0.0000
  1.48204818e-01   0.0000
 -1.06591910e-01   0.0000
  1.62150070e-01   0.0000
  6.43989369e-02   0.0000
 -1.54758409e-01   0.0000
 -1.62265807e-01   0.0000
 -2.38097571e-02   0.0000
  5.91626354e-02   0.0000
  1.69218779e-01   0.0000
 -1.82285964e-01   0.0000
  2.73498923e-01   0.0000
 -5.99695966e-02   0.0000
  7.66617134e-02   0.0000
  8.50903615e-02   0.0000
 -8.51641148e-02   0.0000
 -1.71107501e-01   0.0000
  3.71330557e-03   0.0000
 -1.71886966e-01   0.0000
 -1.05619296e-01   0.0000
  6.13292873e-01   0.0000
 -1.26840547e-01   0.0000
  2.20442712e-01   0.0000
 -9.62795615e-02   0.0000
  1.63574889e-01   0.0000
  3.13465632e-02   0.0000
  4.51712966e-01   0.0000
  4.97587621e-02   0.0000
 -8.40914845e-02   0.0000
  1.99939311e-01   0.0000
  7.63545111e-02   0.0000
 -6.61548749e-02   0.0000
  1.31722808e-01   0.0000
 -9.24312025e-02   0.0000
  1.24123551e-01   0.0000
  4.15665925e-01   0.0000
  1.59221113e-01   0.0000
 -2.05027297e-01   0.0000
  2.47493312e-01   0.0000
  2.61916757e-01   0.0000
  4.05492365e-01   0.0000
  2.41898403e-01   0.0000
 -2.45449454e-01   0.0000
 -8.44220370e-02   0.0000
 -2.28027868e+00   0.0000
  9.77127478e-02   0.0000
  2.97100991e-01   0.0000
  2.31013358e-01   0.0000
 -4.82757658e-01   0.0000
 -5.10820448e-01   0.0000
 -7.94467926e-01   0.0000
  4.88385588e-01   0.0000
 -1.73477784e-01   0.0000
  3.89948338e-01   0.0000
  8.23828503e-02   0.0000
  1.73480451e-01   0.0000
 -7.73231268e-01   0.0000
 -4.48865779e-02   0.0000
 -1.56705260e-01   0.0000
 -8.07876289e-01   0.0000
 -1.46758929e-01   0.0000
 -1.83208317e-01   0.0000
 -7.08712220e-01   0.0000
  3.95890892e-01   0.0000
 -5.47361895e-02   0.0000
 -2.07404152e-01   0.0000
  2.02515811e-01   0.0000
  1.45698875e-01   0.0000
  2.05684960e-01   0.0000
  7.89646804e-02   0.0000
 -7.37213716e-02   0.0000
 -1.68397099e-01   0.0000
  1.38504997e-01   0.0000
 -2.99038365e-02   0.0000
 -2.52297539e-02   0.0000
 -1.53901398e-01   0.0000
  5.13288379e-02   0.0000
  8.49967301e-02   0.0000
 -5.14166281e-02   0.0000
 -3.47155295e-02   0.0000
  1.02450483e-01   0.0000
 -1.11486651e-02   0.0000
 -6.30982071e-02   0.0000
  4.67174985e-02   0.0000
  6.15271851e-02   0.0000
  1.04398564e-01   0.0000
 -1.13989413e-01   0.0000
  2.01485697e-02   0.0000
 -4.70657870e-02   0.0000
  5.84753379e-02   0.0000
  1.56117857e-01   0.0000
  2.57821530e-01   0.0000
  3.79856497e-01   0.0000
  3.96132953e-02   0.0000
  1.02151930e-01   0.0000
  5.66011295e-02   0.0000
  1.01273015e-01   0.0000
  1.39585197e-01   0.0000
  3.05295765e-01   0.0000
 -9.89509821e-02   0.0000
 -9.15441941e-03   0.0000
 -3.20962250e-01   0.0000
 -8.55275542e-02   0.0000
 -3.38576362e-02   0.0000
  3.25140655e-01   0.0000
  1.39930397e-01   0.0000
 -1.56482294e-01   0.0000
  3.08980286e-01   0.0000
  2.60552734e-01   0.0000
  8.49488750e-02   0.0000
  8.90055299e-02   0.0000
  8.92362446e-02   0.0000
  3.86492605e-03   0.0000
  1.87910244e-01   0.0000
  3.68907601e-02   0.0000
 -1.80309266e-01   0.0000
  4.79259789e-01   0.0000
  2.55937278e-02   0.0000
  1.64298534e-01   0.0000
  1.44148231e-01   0.0000
 -1.67702958e-01   0.0000
 -9.29267928e-02   0.0000
  5.02275825e-01   0.0000
 -6.21533729e-02   0.0000
  2.02091783e-01   0.0000
 -3.33102107e-01   0.0000
 -1.67715579e-01   0.0000
 -4.36765961e-02   0.0000
  3.69234294e-01   0.0000
  6.89140335e-02   0.0000
 -9.14031118e-02   0.0000
  4.59602833e-01   0.0000
  1.54150441e-01   0.0000
 -2.08776653e-01   0.0000
  2.03478962e-01   0.0000
 -1.19755179e-01   0.0000
  4.90006655e-01   0.0000
 -4.73141745e-02   0.0000
 -5.60085535e-01   0.0000
 -3.60765815e-01   0.0000
 -2.79673666e-01   0.0000
  3.55169684e-01   0.0000
  4.06476319e-01   0.0000
  1.67193592e-01   0.0000
 -3.54702264e-01   0.0000
 -1.09459937e-01   0.0000
 -3.21333081e-01   0.0000
  2.77990937e-01   0.0000
  6.90540671e-02   0.0000
  2.22521082e-01   0.0000
 -1.67485714e-01   0.0000
 -1.09758839e-01   0.0000
 -5.53632900e-02   0.0000
  5.40227536e-03   0.0000
 -6.28782734e-02   0.0000
 -2.77318269e-01   0.0000
 -1.18406415e-01   0.0000
 -1.40061051e-01   0.0000
 -2.94845432e-01   0.0000
  3.02911818e-01   0.0000
 -1.03289239e-01   0.0000
  1.95040092e-01   0.0000
  4.67207700e-01   0.0000
  1.20821841e-01   0.0000
  6.72326982e-01   0.0000
  3.61829288e-02   0.0000
 -1.95550069e-01   0.0000
  5.30077405e-02   0.0000
  9.87358913e-02   0.0000
  1.48212701e-01   0.0000
 -2.70841837e-01   0.0000
  1.89855158e-01   0.0000
  1.27672166e-01   0.0000
 -1.42734513e-01   0.0000
 -1.90773889e-01   0.0000
 -1.74668878e-01   0.0000
 -2.35037394e-02   0.0000
 -1.87812656e-01   0.0000
 -8.95101205e-02   0.0000
 -2.25299463e-01   0.0000
  2.51480890e-03   0.0000
 -1.54934317e-01   0.0000
  2.80091047e-01   0.0000
 -4.12779301e-02   0.0000
  1.14020370e-02   0.0000
 -9.43964124e-02   0.0000
  6.24009110e-02   0.0000
  1.77328765e-01   0.0000
 -1.71446964e-01   0.0000
 -7.80533254e-03   0.0000
  7.40622655e-02   0.0000
  4.55941679e-03   0.0000
 -1.15182269e-02   0.0000
 -1.92127094e-01   0.0000
  2.00660199e-01   0.0000
 -1.23549052e-01   0.0000
 -2.91042542e-03   0.0000
  1.52354971e-01   0.0000
 -1.81296140e-01   0.0000
 -1.79940388e-01   0.0000
  5.90283163e-02   0.0000
  1.07769541e-01   0.0000
 -1.01128094e-01   0.0000
  3.90295535e-02   0.0000
  1.11881733e-01   0.0000
 -1.82922468e-01   0.0000
  1.55720130e-01   0.0000
  4.17410508e-02   0.0000
 -9.38918814e-02   0.0000
 -2.16370806e-01   0.0000
  3.58539402e-01   0.0000
 -6.32810071e-02   0.0000
 -5.30787289e-01   0.0000
 -2.52761900e-01   0.0000
 -2.37543479e-01   0.0000
 -1.96763664e-01   0.0000
  2.60667562e-01   0.0000
  2.11164713e-01   0.0000
  6.14091754e-02   0.0000
 -6.47437349e-02   0.0000
 -1.87611103e-01   0.0000
 -1.66610569e-01   0.0000
 -2.62257992e-03   0.0000
 -2.25671846e-02   0.0000
 -1.01587288e-01   0.0000
  1.86804961e-02   0.0000
 -1.15139320e-01   0.0000
  1.72183990e-01   0.0000
  1.96475312e-01   0.0000
 -1.09554216e-01   0.0000
 -4.06062491e-02   0.0000
 -2.35052511e-01   0.0000
  5.28844714e-01   0.0000
  6.34890079e-01   0.0000
 -1.07178390e+00   0.0000
 -6.34551167e-01   0.0000
  2.05162376e-01   0.0000
  7.74110377e-01   0.0000
  4.29589272e-01   0.0000
  2.52772477e-02   0.0000
 -4.79454964e-01   0.0000
 -3.28917205e-01   0.0000
 -1.21251643e-01   0.0000
  3.36619109e-01   0.0000
 -3.13266605e-01   0.0000
  8.42022598e-01   0.0000
  1.30765587e-02   0.0000
 -1.22631222e-01   0.0000
 -6.56444728e-01   0.0000
 -1.26683101e-01   0.0000
 -1.35303110e-01   0.0000
 -1.92724481e-01   0.0000
 -4.08895195e-01   0.0000
 -3.84649277e-01   0.0000
 -2.37506866e-01   0.0000
  2.80583709e-01   0.0000
  7.44638801e-01   0.0000
  9.08900678e-01   0.0000
 -1.56263936e+00   0.0000
 -9.64306414e-01   0.0000
 -2.69831848e+00   0.0000
  7.26964951e-01   0.0000
  5.43098092e-01   0.0000
  1.70008600e-01   0.0000
 -7.38837242e-01   0.0000
 -4.54934269e-01   0.0000
 -9.09332275e-01   0.0000
  1.63476527e-01   0.0000
 -1.48589462e-01   0.0000
  9.19131517e-01   0.0000
 -3.73632401e-01   0.0000
 -2.29743719e-01   0.0000
 -1.41214585e+00   0.0000
 -2.22462490e-01   0.0000
 -1.15005635e-01   0.0000
 -1.29398859e+00   0.0000
 -4.85798836e-01   0.0000
 -5.46939433e-01   0.0000
 -6.26025796e-01   0.0000
  4.97183144e-01   0.0000
  0.00000000e+00   0.0000

