 5 0.000000 1
 1 
 Si 28.085500
 0 0.250001 4.500000 0.978124 1.000000 
 5 0 1 2 4 6
 7 1.50000 1.75000 2.00000 2.25000 2.50000 2.75000 3.00000
 1 12.169200 6.172630 3.114710 0.755675 0.404939 0.036124 0.650018 0.572890
 4 35 32 32 1
 -1.59818456e-01   0.0000
  2.98074245e-01   0.0000
  1.22192921e-03   0.0000
  1.04615808e+00   0.0000
  2.07144380e+00   0.0000
 -1.82331866e-03   0.0000
 -5.79715908e-01   0.0000
  5.84771574e-01   0.0000
  4.16487195e-02   0.0000
 -1.14906614e-03   0.0000
 -1.07118115e-01   0.0000
  1.60289090e-03   0.0000
 -1.15721589e-02   0.0000
  7.67358360e-05   0.0000
  1.52295444e-03   0.0000
 -5.49952611e-02   0.0000
 -1.95151448e-01   0.0000
  1.65725935e+00   0.0000
 -4.67392057e-01   0.0000
 -3.43874067e-01   0.0000
 -1.60508882e-03   0.0000
  7.84870717e-05   0.0000
 -3.22092175e-02   0.0000
 -9.58976567e-01   0.0000
 -5.59919099e-05   0.0000
 -1.93045184e-01   0.0000
  2.75201225e+00   0.0000
  1.73288286e-01   0.0000
  1.05754226e-01   0.0000
  2.00724676e-01   0.0000
 -3.95432326e-05   0.0000
 -1.14163232e+00   0.0000
 -3.28580618e-01   0.0000
  5.69886863e-01   0.0000
  2.02267803e-02   0.0000
  2.61508137e-01   0.0000
  2.45824671e+00   0.0000
 -1.07374582e-02   0.0000
  4.99605656e-01   0.0000
  1.03001332e+00   0.0000
  2.35495538e-01   0.0000
 -1.19756686e-03   0.0000
 -1.70032531e-01   0.0000
  1.16441539e-02   0.0000
 -8.74641761e-02   0.0000
  4.88156406e-03   0.0000
  7.62667041e-03   0.0000
 -9.12794620e-02   0.0000
 -2.10144854e+00   0.0000
 -8.11511457e-01   0.0000
 -1.04022205e+00   0.0000
 -3.57006967e-01   0.0000
  8.63147806e-03   0.0000
  3.36192152e-03   0.0000
 -3.79410759e-02   0.0000
 -1.03864551e+00   0.0000
 -2.90737860e-02   0.0000
 -3.90549868e-01   0.0000
 -1.03140771e+00   0.0000
  6.50709093e-01   0.0000
  8.91839385e-01   0.0000
  5.14332831e-01   0.0000
 -6.38337748e-04   0.0000
 -5.23993790e-01   0.0000
 -4.10374254e-01   0.0000
  8.58555496e-01   0.0000
  1.77793764e-02   0.0000
 -9.48471189e-01   0.0000
  1.87904930e+00   0.0000
 -1.16916392e-02   0.0000
  1.30635583e+00   0.0000
  1.09382331e+00   0.0000
  4.57277328e-01   0.0000
 -1.83418076e-02   0.0000
 -3.20315629e-01   0.0000
  3.57157961e-02   0.0000
 -2.00957164e-01   0.0000
 -1.07877351e-01   0.0000
  2.67862459e-03   0.0000
 -4.73773517e-02   0.0000
  1.19377682e-02   0.0000
 -4.67512012e-01   0.0000
 -8.20556581e-01   0.0000
 -5.06698906e-01   0.0000
 -3.98585759e-03   0.0000
 -6.31177872e-02   0.0000
  2.20955652e-03   0.0000
 -2.94604272e-01   0.0000
 -1.41263708e-01   0.0000
 -3.41334611e-01   0.0000
 -8.95612538e-01   0.0000
  9.43975508e-01   0.0000
  3.51764709e-01   0.0000
  5.82778811e-01   0.0000
  1.37750758e-02   0.0000
  1.28226563e-01   0.0000
 -5.95640242e-01   0.0000
  9.13058877e-01   0.0000
 -1.92197710e-01   0.0000
 -2.82945156e-01   0.0000
  7.25434721e-01   0.0000
  2.88269132e-01   0.0000
  8.59493434e-01   0.0000
  8.59269798e-01   0.0000
  3.90782744e-01   0.0000
 -2.97457159e-01   0.0000
 -4.04134452e-01   0.0000
 -1.78150877e-01   0.0000
 -2.95903265e-01   0.0000
 -3.69858056e-01   0.0000
 -1.47941366e-01   0.0000
 -1.14525231e-02   0.0000
  1.39377165e+00   0.0000
  4.14195478e-01   0.0000
 -4.35512573e-01   0.0000
 -6.50448680e-01   0.0000
 -1.36528179e-01   0.0000
 -2.51481175e-01   0.0000
 -5.73562365e-03   0.0000
  7.23861039e-01   0.0000
 -1.61128134e-01   0.0000
 -4.28902239e-01   0.0000
  5.37827611e-01   0.0000
  1.32494438e+00   0.0000
  6.56969666e-01   0.0000
  8.89705300e-01   0.0000
  3.31944853e-01   0.0000
 -8.05852655e-03   0.0000
 -5.67270875e-01   0.0000
  1.08856213e+00   0.0000
 -3.82999241e-01   0.0000
 -5.43375015e-01   0.0000
 -3.10200661e-01   0.0000
  3.38174343e-01   0.0000
 -8.18706453e-02   0.0000
  6.68781102e-01   0.0000
  4.50239211e-01   0.0000
 -3.06850284e-01   0.0000
 -3.75037044e-01   0.0000
 -2.15091273e-01   0.0000
 -5.10785460e-01   0.0000
 -6.06763363e-01   0.0000
 -3.68012130e-01   0.0000
  2.14119598e-01   0.0000
  6.92660332e-01   0.0000
 -8.66228104e-01   0.0000
 -4.45192963e-01   0.0000
 -7.07574606e-01   0.0000
 -3.06127578e-01   0.0000
 -4.84942794e-01   0.0000
 -4.21181232e-01   0.0000
  9.22002017e-01   0.0000
 -3.13891351e-01   0.0000
 -8.59129012e-01   0.0000
 -2.96782047e-01   0.0000
  1.35961151e+00   0.0000
 -9.72866654e-01   0.0000
  8.49581003e-01   0.0000
  4.54498738e-01   0.0000
  1.21731479e-02   0.0000
 -3.86243314e-01   0.0000
  7.68588662e-01   0.0000
 -4.07595992e-01   0.0000
 -9.76089612e-02   0.0000
 -1.37585282e+00   0.0000
  4.17341501e-01   0.0000
 -1.43995538e-01   0.0000
  6.14260793e-01   0.0000
  2.23410860e-01   0.0000
 -4.41574901e-01   0.0000
 -5.19294739e-01   0.0000
 -5.47724783e-01   0.0000
 -5.71942747e-01   0.0000
 -5.62062085e-01   0.0000
 -4.86193389e-01   0.0000
  5.31630158e-01   0.0000
  2.79660165e-01   0.0000
 -3.42488348e-01   0.0000
 -5.88040829e-01   0.0000
 -7.58007586e-01   0.0000
 -5.32119155e-01   0.0000
 -3.78036678e-01   0.0000
 -9.16817546e-01   0.0000
  1.92666322e-01   0.0000
 -5.58289766e-01   0.0000
 -1.39223516e+00   0.0000
 -4.73299652e-01   0.0000
  1.13796508e+00   0.0000
 -3.65027517e-01   0.0000
  9.22904670e-01   0.0000
  4.53206778e-01   0.0000
 -9.46430340e-02   0.0000
 -2.06447467e-01   0.0000
  4.65895712e-01   0.0000
 -6.69791818e-01   0.0000
  2.44374514e-01   0.0000
 -2.48538733e+00   0.0000
  7.31732368e-01   0.0000
  1.12468556e-01   0.0000
  4.96751010e-01   0.0000
  2.42666438e-01   0.0000
 -5.26215374e-01   0.0000
 -5.76312482e-01   0.0000
 -6.59518063e-01   0.0000
 -7.13361561e-01   0.0000
 -8.45389724e-01   0.0000
 -6.62577927e-01   0.0000
  7.35016406e-01   0.0000
 -8.51382986e-02   0.0000
  7.05306888e-01   0.0000
 -7.08680153e-01   0.0000
 -9.90046263e-01   0.0000
 -6.35635018e-01   0.0000
 -6.41317964e-01   0.0000
 -1.12750304e+00   0.0000
 -5.02142429e-01   0.0000
 -6.34150922e-01   0.0000
 -2.09973836e+00   0.0000
 -3.51410031e-01   0.0000
  9.61148739e-01   0.0000
  1.16662145e+00   0.0000
  7.99648464e-01   0.0000
  5.27776718e-01   0.0000
 -5.21351337e-01   0.0000
  4.15303335e-02   0.0000
  1.95153279e-03   0.0000
 -5.32776723e-03   0.0000
  9.33286473e-02   0.0000
  2.64885843e-01   0.0000
 -5.13635948e-03   0.0000
  4.61856499e-02   0.0000
 -2.64800689e-03   0.0000
 -2.52803206e-04   0.0000
  1.68926362e-03   0.0000
  3.67480097e-04   0.0000
  4.72131744e-03   0.0000
 -3.11470730e-03   0.0000
  3.17670871e-04   0.0000
  1.14805915e-03   0.0000
  3.21984570e-03   0.0000
  5.99703006e-02   0.0000
  7.17999488e-02   0.0000
 -7.27279335e-02   0.0000
 -1.57447159e-02   0.0000
 -1.64751709e-03   0.0000
  2.32302537e-03   0.0000
 -5.52170947e-02   0.0000
 -3.79971564e-01   0.0000
  8.35519109e-04   0.0000
  9.38638896e-02   0.0000
  1.58176035e-01   0.0000
 -7.54783973e-02   0.0000
 -1.82825178e-01   0.0000
 -8.02425900e-04   0.0000
  1.76474132e-05   0.0000
  5.58494451e-03   0.0000
  3.72631513e-02   0.0000
  6.25057565e-03   0.0000
 -4.41594841e-03   0.0000
  3.75120491e-01   0.0000
  2.29176164e-01   0.0000
  9.87959094e-03   0.0000
 -6.70826957e-02   0.0000
 -3.99146695e-03   0.0000
  2.52326671e-02   0.0000
  3.35172634e-03   0.0000
  1.85953249e-04   0.0000
  3.13514750e-03   0.0000
 -6.51708513e-04   0.0000
 -1.29300903e-03   0.0000
  1.66350964e-03   0.0000
 -3.18737258e-03   0.0000
  4.01456580e-02   0.0000
  3.22594009e-02   0.0000
 -8.91772285e-02   0.0000
 -2.86120418e-02   0.0000
  6.38728822e-03   0.0000
 -1.78626401e-03   0.0000
 -1.25808835e-01   0.0000
 -4.86716926e-01   0.0000
 -6.44112064e-04   0.0000
  3.57027560e-01   0.0000
  6.87920332e-01   0.0000
 -3.68360788e-01   0.0000
 -1.69125944e-01   0.0000
 -4.40593697e-02   0.0000
 -1.23157434e-03   0.0000
  1.36594502e-02   0.0000
  3.02457009e-02   0.0000
  7.22635835e-02   0.0000
 -1.32438056e-02   0.0000
  7.80656576e-01   0.0000
 -2.96763517e-03   0.0000
  2.56294739e-02   0.0000
 -3.36002290e-01   0.0000
 -1.00345705e-02   0.0000
  5.21634631e-02   0.0000
  1.27656665e-02   0.0000
 -4.92080161e-03   0.0000
 -5.30509744e-03   0.0000
  1.07881334e-03   0.0000
  6.48837129e-04   0.0000
  3.86300460e-02   0.0000
  2.07403721e-03   0.0000
  1.65962353e-01   0.0000
 -7.04880953e-02   0.0000
 -1.27377942e-01   0.0000
 -2.08694749e-02   0.0000
 -4.86716069e-03   0.0000
  1.35010974e-02   0.0000
 -2.11771637e-01   0.0000
 -3.43383402e-01   0.0000
 -1.27568608e-03   0.0000
  6.83713675e-01   0.0000
  1.09816122e+00   0.0000
 -8.04120839e-01   0.0000
  1.32020056e-01   0.0000
 -8.80320072e-02   0.0000
 -8.29850789e-04   0.0000
  1.66739300e-01   0.0000
 -1.08931519e-01   0.0000
  1.97406009e-01   0.0000
 -3.00963204e-02   0.0000
  9.97775316e-01   0.0000
 -1.83392942e-01   0.0000
  3.49782221e-02   0.0000
 -5.20485401e-01   0.0000
 -2.50836797e-02   0.0000
  1.28174936e-02   0.0000
 -2.03765533e-03   0.0000
 -1.00801261e-02   0.0000
 -1.07438657e-02   0.0000
  8.37544166e-03   0.0000
 -2.21032067e-03   0.0000
  2.97118933e-03   0.0000
 -1.24490773e-02   0.0000
  1.38308883e-01   0.0000
 -1.40478566e-01   0.0000
  5.54473326e-02   0.0000
 -5.67868468e-04   0.0000
 -1.25975898e-02   0.0000
 -1.07651278e-02   0.0000
 -2.93098122e-01   0.0000
  5.80693558e-02   0.0000
  3.63165699e-02   0.0000
  8.35805237e-01   0.0000
  9.41279888e-01   0.0000
 -1.21309602e+00   0.0000
  9.29707289e-01   0.0000
 -1.45838112e-01   0.0000
  6.11122930e-03   0.0000
  2.44972959e-01   0.0000
 -1.60879001e-01   0.0000
  3.53934586e-01   0.0000
 -4.12750244e-02   0.0000
  1.22560906e+00   0.0000
 -2.77281702e-01   0.0000
 -5.17006125e-03   0.0000
 -4.58595157e-01   0.0000
 -2.03180537e-02   0.0000
  3.99694405e-02   0.0000
 -1.13939506e-03   0.0000
 -1.27941826e-02   0.0000
  3.08662411e-02   0.0000
 -5.82639277e-02   0.0000
 -1.13250360e-01   0.0000
 -2.42594089e-02   0.0000
  1.54964440e-03   0.0000
 -8.76856893e-02   0.0000
 -2.47978091e-01   0.0000
  3.28052759e-01   0.0000
  3.17164287e-02   0.0000
  4.11154469e-03   0.0000
 -2.31234431e-02   0.0000
 -3.30253541e-01   0.0000
  1.00463979e-01   0.0000
 -1.25950212e-02   0.0000
  8.80734622e-01   0.0000
  1.49368137e-01   0.0000
 -1.38150442e+00   0.0000
  1.51399517e+00   0.0000
 -2.59162873e-01   0.0000
  1.01245698e-02   0.0000
  4.55236286e-01   0.0000
 -6.85200691e-02   0.0000
  4.94267255e-01   0.0000
 -6.17739074e-02   0.0000
  1.50617015e+00   0.0000
 -1.16501682e-01   0.0000
  8.20027664e-02   0.0000
 -1.50503358e-02   0.0000
 -2.16415171e-02   0.0000
 -5.86584657e-02   0.0000
 -4.35664877e-03   0.0000
 -1.47770327e-02   0.0000
  5.59121929e-02   0.0000
 -1.05015084e-01   0.0000
 -1.91283733e-01   0.0000
  5.15908748e-02   0.0000
 -2.16980353e-02   0.0000
 -2.43894637e-01   0.0000
 -6.86997354e-01   0.0000
  5.87133825e-01   0.0000
  1.02143772e-01   0.0000
 -2.42205691e-02   0.0000
  2.27201376e-02   0.0000
 -3.86426598e-01   0.0000
 -2.79648155e-01   0.0000
  2.81537846e-02   0.0000
  9.13803577e-01   0.0000
 -1.34584904e+00   0.0000
 -1.00466573e+00   0.0000
  1.25396430e+00   0.0000
 -1.68274656e-01   0.0000
  3.79518722e-04   0.0000
  6.16266966e-01   0.0000
 -1.66521221e-02   0.0000
  6.98151112e-01   0.0000
  3.80128063e-02   0.0000
  1.95032310e+00   0.0000
  1.49382666e-01   0.0000
  3.17919962e-02   0.0000
  6.48823798e-01   0.0000
 -7.00633368e-03   0.0000
 -8.50455016e-02   0.0000
 -4.95244563e-03   0.0000
 -1.89474728e-02   0.0000
  2.17966288e-02   0.0000
 -2.04755887e-01   0.0000
 -2.50178814e-01   0.0000
 -7.91020021e-02   0.0000
 -7.11800382e-02   0.0000
 -5.27287543e-01   0.0000
 -1.12006092e+00   0.0000
  9.70205605e-01   0.0000
  2.30803177e-01   0.0000
 -1.17425900e-02   0.0000
 -3.55447158e-02   0.0000
 -2.59694785e-01   0.0000
 -7.42353380e-01   0.0000
 -1.99117288e-02   0.0000
  9.83185470e-01   0.0000
 -3.38232803e+00   0.0000
 -6.06586576e-01   0.0000
  3.50932211e-01   0.0000
 -1.23805799e-01   0.0000
  9.89205837e-02   0.0000
  9.22320306e-01   0.0000
  2.69862358e-02   0.0000
  2.61869654e-03   0.0000
 -1.08891027e-02   0.0000
  1.26688741e-02   0.0000
  8.38092268e-01   0.0000
  2.28535235e-02   0.0000
  1.06591634e-01   0.0000
  2.34478409e-03   0.0000
 -8.23380332e-03   0.0000
 -3.54733118e-07   0.0000
 -2.66750430e-04   0.0000
 -2.21992340e-02   0.0000
  9.54897143e-04   0.0000
 -1.38680846e-03   0.0000
 -1.45374297e-03   0.0000
  1.00511499e-02   0.0000
  9.97242555e-02   0.0000
  5.38175344e-01   0.0000
 -1.63789578e-02   0.0000
 -1.55976145e-02   0.0000
  3.36702146e-06   0.0000
  5.07347344e-04   0.0000
 -1.13004543e-01   0.0000
 -5.39512932e-01   0.0000
 -6.61223137e-04   0.0000
 -1.12103485e-02   0.0000
  5.81192315e-01   0.0000
 -1.54607162e-01   0.0000
 -1.44869443e-02   0.0000
 -5.95339981e-04   0.0000
 -1.37844298e-04   0.0000
 -3.20745558e-02   0.0000
  3.09128817e-02   0.0000
  3.65036838e-02   0.0000
 -1.32629825e-02   0.0000
 -1.11763783e-01   0.0000
  1.00191414e+00   0.0000
  1.02545256e-02   0.0000
  1.31582081e-01   0.0000
 -2.39244127e-03   0.0000
 -8.26962292e-03   0.0000
 -4.19795833e-04   0.0000
 -1.15383498e-03   0.0000
 -3.78276338e-03   0.0000
  4.87159094e-04   0.0000
 -3.59703088e-04   0.0000
 -6.88074948e-03   0.0000
  5.43689355e-03   0.0000
  1.07075043e-01   0.0000
  5.10776006e-02   0.0000
 -7.58532286e-02   0.0000
 -9.38740745e-03   0.0000
  4.32783086e-03   0.0000
 -2.78740888e-03   0.0000
 -8.98175314e-02   0.0000
 -3.68834764e-01   0.0000
 -7.98088906e-04   0.0000
  1.21042527e-01   0.0000
  1.04855919e+00   0.0000
 -2.13103220e-01   0.0000
 -1.80223107e-01   0.0000
  6.78913930e-05   0.0000
  1.55197326e-04   0.0000
 -2.15774029e-02   0.0000
  5.21569513e-03   0.0000
  1.34139404e-01   0.0000
  4.10712510e-03   0.0000
 -2.83053815e-01   0.0000
  8.19078147e-01   0.0000
  4.24527505e-04   0.0000
  1.42193615e-01   0.0000
  1.09096209e-03   0.0000
  2.05626828e-03   0.0000
 -2.90558091e-04   0.0000
 -1.04739948e-03   0.0000
  8.68758652e-03   0.0000
 -1.37770851e-03   0.0000
 -3.41313258e-02   0.0000
  2.38170335e-03   0.0000
 -1.23413587e-02   0.0000
  5.30390479e-02   0.0000
 -6.07437909e-01   0.0000
 -2.34584764e-01   0.0000
 -3.84163368e-03   0.0000
 -9.23964952e-04   0.0000
  6.17208844e-03   0.0000
  5.18798940e-02   0.0000
 -4.83172983e-02   0.0000
  4.35547379e-04   0.0000
  4.79497522e-01   0.0000
  1.40880775e+00   0.0000
 -2.23034635e-01   0.0000
 -3.24237555e-01   0.0000
  4.23788279e-03   0.0000
  1.08402744e-02   0.0000
  6.66280687e-02   0.0000
 -2.75739059e-02   0.0000
  2.68844724e-01   0.0000
  1.18490532e-01   0.0000
 -3.66910130e-01   0.0000
  6.19376183e-01   0.0000
 -7.64221922e-02   0.0000
  2.17179611e-01   0.0000
  4.35230397e-02   0.0000
  2.63797194e-02   0.0000
  5.05516725e-03   0.0000
  4.78816422e-04   0.0000
  1.49524897e-01   0.0000
 -3.56156342e-02   0.0000
 -6.26844615e-02   0.0000
  4.23484258e-02   0.0000
 -9.02424455e-02   0.0000
  9.43450257e-03   0.0000
 -8.88420880e-01   0.0000
 -4.90654051e-01   0.0000
  8.98630098e-02   0.0000
  9.98330563e-02   0.0000
  2.06566900e-02   0.0000
  4.58931804e-01   0.0000
  3.00184697e-01   0.0000
  6.71779970e-03   0.0000
  9.31121290e-01   0.0000
  1.54171050e+00   0.0000
 -2.16310710e-01   0.0000
 -4.97072041e-01   0.0000
  1.13027189e-02   0.0000
 -6.20315410e-03   0.0000
  1.37555480e-01   0.0000
 -6.13343678e-02   0.0000
  4.12741572e-01   0.0000
  1.94284588e-01   0.0000
 -6.08011410e-02   0.0000
  3.50611389e-01   0.0000
 -2.45564774e-01   0.0000
  4.10249949e-01   0.0000
  1.81312393e-02   0.0000
  2.90744379e-02   0.0000
  4.95970053e-05   0.0000
 -1.84865028e-03   0.0000
  1.61295846e-01   0.0000
 -1.51832461e-01   0.0000
 -8.80987868e-02   0.0000
  1.00925468e-01   0.0000
 -1.55150995e-01   0.0000
  7.22679729e-03   0.0000
 -4.26540196e-01   0.0000
 -4.10269618e-01   0.0000
  1.91844806e-01   0.0000
  1.58826679e-01   0.0000
  1.64645854e-02   0.0000
  7.31888652e-01   0.0000
  4.40726042e-01   0.0000
 -1.23619568e-03   0.0000
  1.29809988e+00   0.0000
  1.37749815e+00   0.0000
 -2.54066199e-01   0.0000
 -8.30774367e-01   0.0000
  5.34341261e-02   0.0000
  1.51830837e-02   0.0000
  3.12503874e-01   0.0000
 -2.58207247e-02   0.0000
  5.38495898e-01   0.0000
  2.05799967e-01   0.0000
  6.38636231e-01   0.0000
  4.24228132e-01   0.0000
 -2.45254397e-01   0.0000
  8.31095934e-01   0.0000
  3.96038108e-02   0.0000
  9.36496945e-04   0.0000
  6.24873536e-03   0.0000
  7.59888790e-05   0.0000
  2.09218904e-01   0.0000
 -2.70307541e-01   0.0000
 -1.92851186e-01   0.0000
  1.62650540e-01   0.0000
 -2.25479722e-01   0.0000
  7.59418607e-02   0.0000
  4.94981349e-01   0.0000
 -1.56859905e-01   0.0000
  3.02364737e-01   0.0000
  1.29982367e-01   0.0000
  1.32622883e-01   0.0000
  1.00718379e+00   0.0000
  1.98612958e-01   0.0000
  8.18454381e-03   0.0000
  1.69800568e+00   0.0000
  1.36537397e+00   0.0000
 -3.74899745e-01   0.0000
 -1.07974803e+00   0.0000
  9.58402231e-02   0.0000
  5.33116385e-02   0.0000
  3.56807560e-01   0.0000
  1.72369123e-01   0.0000
  7.61269033e-01   0.0000
  3.26148778e-01   0.0000
  1.63398302e+00   0.0000
  5.21090627e-01   0.0000
 -2.40709588e-01   0.0000
  1.26270735e+00   0.0000
  3.90526056e-02   0.0000
 -1.12396009e-01   0.0000
 -2.50567440e-02   0.0000
 -7.68779917e-03   0.0000
  2.06365630e-01   0.0000
 -3.13768506e-01   0.0000
 -2.02530757e-01   0.0000
  2.06301823e-01   0.0000
 -2.62534946e-01   0.0000
  2.73690909e-01   0.0000
  2.13190889e+00   0.0000
  2.25728035e-01   0.0000
  2.44176224e-01   0.0000
  1.16590813e-01   0.0000
  6.89912513e-02   0.0000
  1.12808490e+00   0.0000
 -4.31579024e-01   0.0000
 -3.11527634e-03   0.0000
  1.98910260e+00   0.0000
  1.39038873e+00   0.0000
 -3.62117052e-01   0.0000
 -1.35585535e+00   0.0000
  1.38981655e-01   0.0000
  6.53185248e-02   0.0000
  2.64834344e-01   0.0000
 -3.61074996e-03   0.0000
  2.53205304e-03   0.0000
 -1.17999362e-02   0.0000
  2.83400893e-01   0.0000
 -2.16870666e+00   0.0000
  1.77631918e-02   0.0000
  1.75870478e-01   0.0000
 -5.96990297e-03   0.0000
 -2.83445250e-02   0.0000
  8.75091282e-05   0.0000
 -2.89221928e-02   0.0000
 -1.10894605e-03   0.0000
 -4.61498799e-04   0.0000
  4.77519992e-04   0.0000
 -2.53755436e-03   0.0000
  2.45841057e-03   0.0000
 -1.54118165e-01   0.0000
  1.28356600e+00   0.0000
  1.00653902e-01   0.0000
 -1.88015234e-02   0.0000
 -1.99638563e-03   0.0000
 -5.70410222e-04   0.0000
 -1.26469225e-01   0.0000
 -3.13511670e-01   0.0000
  2.48393935e-05   0.0000
  6.17526881e-02   0.0000
  4.01853591e-01   0.0000
  6.66888105e-03   0.0000
 -7.16072857e-01   0.0000
 -2.31750938e-03   0.0000
  8.20500660e-04   0.0000
  5.14299534e-02   0.0000
  5.92904352e-02   0.0000
  2.18217801e-02   0.0000
 -2.18190569e-02   0.0000
  1.53908655e-01   0.0000
 -1.93266439e+00   0.0000
  6.73140213e-02   0.0000
  3.15835960e-02   0.0000
  1.24266203e-02   0.0000
 -1.89926755e-02   0.0000
 -2.04302068e-03   0.0000
 -2.23700963e-02   0.0000
 -1.12910233e-02   0.0000
  2.09261244e-03   0.0000
 -1.39439548e-03   0.0000
 -1.01465182e-02   0.0000
  1.39395194e-02   0.0000
 -5.94016433e-01   0.0000
  1.33926594e+00   0.0000
  4.07193661e-01   0.0000
 -1.80837009e-02   0.0000
 -3.58925643e-03   0.0000
 -2.10629287e-03   0.0000
 -1.30731538e-01   0.0000
  2.79214401e-02   0.0000
 -3.67565965e-03   0.0000
  3.78456712e-01   0.0000
  2.75575697e-01   0.0000
  3.21651191e-01   0.0000
 -1.41653073e+00   0.0000
 -2.04170085e-02   0.0000
  9.00083745e-04   0.0000
  1.53809726e-01   0.0000
  5.60906343e-02   0.0000
  5.55877760e-02   0.0000
 -5.11897840e-02   0.0000
 -6.09487966e-02   0.0000
 -7.64976025e-01   0.0000
  7.52591193e-02   0.0000
  9.68334228e-02   0.0000
 -3.89929768e-03   0.0000
  2.42019277e-02   0.0000
 -7.49323703e-03   0.0000
 -3.98922786e-02   0.0000
 -4.20255028e-02   0.0000
  1.00849690e-02   0.0000
  6.73324615e-03   0.0000
 -1.10087708e-01   0.0000
  4.03611585e-02   0.0000
 -1.04091322e+00   0.0000
  1.46267450e+00   0.0000
  8.59495044e-01   0.0000
 -3.03509030e-02   0.0000
 -2.90091131e-02   0.0000
 -1.52147794e-02   0.0000
 -1.33206308e-01   0.0000
 -5.88854432e-01   0.0000
 -3.72850336e-02   0.0000
  6.78224683e-01   0.0000
  3.94343883e-01   0.0000
  7.72781253e-01   0.0000
 -1.51569366e+00   0.0000
 -4.50292751e-02   0.0000
 -4.91773244e-04   0.0000
  3.12447585e-02   0.0000
  1.31161079e-01   0.0000
  1.00227065e-01   0.0000
 -1.05675414e-01   0.0000
 -3.28227848e-01   0.0000
  3.55765939e-01   0.0000
  7.72575140e-02   0.0000
  2.93077618e-01   0.0000
  6.69194534e-02   0.0000
 -2.60051433e-02   0.0000
 -1.05824403e-01   0.0000
 -2.54951213e-02   0.0000
 -4.36372012e-02   0.0000
 -6.79595843e-02   0.0000
 -2.60475936e-04   0.0000
 -4.32576351e-02   0.0000
  3.61389741e-02   0.0000
 -1.47408390e+00   0.0000
  1.52825618e+00   0.0000
  1.20243859e+00   0.0000
 -7.17978552e-02   0.0000
 -9.41199958e-02   0.0000
 -3.85997817e-02   0.0000
 -9.40667465e-02   0.0000
 -1.07175040e+00   0.0000
 -7.24854786e-03   0.0000
  7.74814606e-01   0.0000
  3.63435894e-01   0.0000
  1.11270452e+00   0.0000
 -1.27603209e+00   0.0000
 -5.10255992e-02   0.0000
  5.56828827e-03   0.0000
 -2.93109059e-01   0.0000
  9.94521528e-02   0.0000
  1.30111771e-02   0.0000
 -9.98883173e-02   0.0000
 -6.81186438e-01   0.0000
  8.84228766e-01   0.0000
  7.96978474e-02   0.0000
  7.02505410e-01   0.0000
 -1.95493065e-02   0.0000
  1.29850760e-01   0.0000
 -1.51387960e-01   0.0000
 -5.98895773e-02   0.0000
 -8.23401660e-02   0.0000
 -9.27788541e-02   0.0000
 -1.52468964e-01   0.0000
 -1.04634687e-01   0.0000
  8.56817216e-02   0.0000
 -1.62790561e+00   0.0000
  1.02884901e+00   0.0000
  1.09773052e+00   0.0000
 -1.47497281e-01   0.0000
 -2.65630540e-02   0.0000
 -7.52454028e-02   0.0000
 -2.20126912e-01   0.0000
 -8.31464291e-01   0.0000
 -5.15090674e-02   0.0000
  5.86143792e-01   0.0000
  1.70126185e-01   0.0000
  1.22892034e+00   0.0000
 -1.41255271e+00   0.0000
 -3.84784639e-02   0.0000
  4.47785333e-02   0.0000
 -4.81783241e-01   0.0000
 -2.45388523e-02   0.0000
 -6.70789555e-02   0.0000
 -9.31611881e-02   0.0000
 -1.03747153e+00   0.0000
  8.83194208e-01   0.0000
  1.71196282e-01   0.0000
  1.03897297e+00   0.0000
 -2.73702815e-02   0.0000
  1.74683988e-01   0.0000
 -3.72682139e-02   0.0000
 -4.96064825e-03   0.0000
 -1.94636434e-01   0.0000
 -7.98729286e-02   0.0000
 -1.29304647e-01   0.0000
 -9.80395004e-02   0.0000
  1.48256272e-01   0.0000
 -1.83893692e+00   0.0000
  1.46609217e-01   0.0000
  7.17651069e-01   0.0000
 -2.98468500e-01   0.0000
 -1.69385061e-01   0.0000
 -5.52673005e-02   0.0000
 -3.07281852e-01   0.0000
 -1.00205980e-01   0.0000
 -1.22502230e-01   0.0000
  1.46751046e-01   0.0000
  5.58100283e-01   0.0000
  1.10008919e+00   0.0000
 -5.88294089e-01   0.0000
 -1.36461467e-01   0.0000
  5.37620708e-02   0.0000
 -6.55344844e-01   0.0000
 -3.15233320e-01   0.0000
 -2.08914325e-01   0.0000
 -1.13695413e-01   0.0000
 -1.22818351e+00   0.0000
  3.25509399e-01   0.0000
  1.36530980e-01   0.0000
  1.38891196e+00   0.0000
 -3.15657631e-02   0.0000
  4.71710742e-01   0.0000
 -2.12342262e-01   0.0000
 -4.88819517e-02   0.0000
 -1.15315452e-01   0.0000
 -1.25000209e-01   0.0000
 -1.81432799e-01   0.0000
 -1.06788494e-01   0.0000
  1.62260771e-01   0.0000
 -1.93979383e+00   0.0000
 -5.82116544e-01   0.0000
  4.01736870e-02   0.0000
 -4.07897592e-01   0.0000
 -8.76880214e-02   0.0000
 -1.01557858e-01   0.0000
 -6.16756797e-01   0.0000
  1.13739192e+00   0.0000
 -7.65103400e-02   0.0000
 -3.30587506e-01   0.0000
  1.69127524e+00   0.0000
  9.32087243e-01   0.0000
  1.17772532e+00   0.0000
 -2.61678487e-01   0.0000
  1.55852363e-01   0.0000
 -7.31308401e-01   0.0000
  2.08524689e-02   0.0000
  3.13080288e-02   0.0000
 -1.05490140e-03   0.0000
  8.71658206e-01   0.0000
  5.48887014e-01   0.0000
  1.21720200e-02   0.0000
 -8.64466354e-02   0.0000
  6.65225089e-02   0.0000
  4.78001731e-03   0.0000
  2.91797769e-05   0.0000
 -1.28867223e-05   0.0000
 -1.00293302e-03   0.0000
 -4.43798769e-03   0.0000
  1.73326174e-04   0.0000
  1.36532390e-03   0.0000
 -7.02763136e-05   0.0000
  2.57609248e-01   0.0000
  1.67990729e-01   0.0000
 -7.90496543e-02   0.0000
  6.14884484e-04   0.0000
  1.01391017e-03   0.0000
 -3.62294923e-05   0.0000
 -4.45926636e-02   0.0000
 -2.90960908e-01   0.0000
 -2.56669475e-04   0.0000
 -1.79298241e-02   0.0000
  9.57582474e-01   0.0000
 -2.86622513e-02   0.0000
  1.23806274e+00   0.0000
  1.72523141e-03   0.0000
  4.16810531e-03   0.0000
  2.86937202e-03   0.0000
  1.78088352e-01   0.0000
  1.19293191e-01   0.0000
 -2.03218516e-02   0.0000
  7.88699329e-01   0.0000
 -9.84318256e-02   0.0000
  4.57089543e-02   0.0000
  1.18414588e-01   0.0000
  1.67162552e-01   0.0000
 -3.74093838e-02   0.0000
  1.39981321e-05   0.0000
 -1.72302295e-02   0.0000
 -2.19179839e-02   0.0000
  1.27351414e-02   0.0000
  8.09392834e-04   0.0000
  4.86984209e-04   0.0000
  1.02817342e-02   0.0000
 -5.88108540e-01   0.0000
 -5.27362943e-01   0.0000
 -1.63159534e-01   0.0000
 -7.71465302e-02   0.0000
 -7.47680257e-04   0.0000
  1.44818754e-04   0.0000
 -4.62329052e-02   0.0000
 -2.18120739e-02   0.0000
  3.78789264e-04   0.0000
 -4.24573235e-02   0.0000
 -1.58193052e-01   0.0000
  2.76086610e-02   0.0000
  3.20944607e-01   0.0000
  1.22803986e-01   0.0000
 -2.42451002e-04   0.0000
  3.78898270e-02   0.0000
  4.27252799e-01   0.0000
  2.96972126e-01   0.0000
 -6.89768046e-02   0.0000
  3.28295708e-01   0.0000
 -4.11556810e-01   0.0000
  5.89062758e-02   0.0000
  6.41262352e-01   0.0000
  1.69018522e-01   0.0000
 -1.43617973e-01   0.0000
 -2.07387115e-04   0.0000
 -1.73925702e-02   0.0000
 -5.55900075e-02   0.0000
  1.17606595e-02   0.0000
  1.14092492e-02   0.0000
 -6.40560538e-02   0.0000
  4.90957759e-02   0.0000
  3.08227509e-01   0.0000
 -1.02902186e+00   0.0000
 -1.27610445e-01   0.0000
 -1.64189324e-01   0.0000
 -4.33117077e-02   0.0000
 -1.05696321e-02   0.0000
 -1.34680763e-01   0.0000
 -2.51018852e-01   0.0000
 -3.23945447e-03   0.0000
  9.84421466e-03   0.0000
  1.73778921e-01   0.0000
  3.96949649e-02   0.0000
 -2.81329811e-01   0.0000
  1.48476018e-02   0.0000
 -9.11901472e-04   0.0000
  1.53263301e-01   0.0000
  5.23260117e-01   0.0000
  2.74032414e-01   0.0000
 -1.81562841e-01   0.0000
  1.56114653e-01   0.0000
 -3.63701850e-01   0.0000
  1.23264864e-01   0.0000
  8.78086567e-01   0.0000
  1.23111248e-01   0.0000
 -1.69866890e-01   0.0000
 -1.40460650e-03   0.0000
 -5.78272976e-02   0.0000
 -1.40486002e-01   0.0000
  1.89596452e-02   0.0000
 -2.26581302e-02   0.0000
 -1.27549738e-01   0.0000
  1.41927108e-01   0.0000
  1.28213954e+00   0.0000
 -6.35720015e-01   0.0000
  1.05666697e-01   0.0000
 -2.09130287e-01   0.0000
 -1.90805197e-01   0.0000
 -7.85763189e-02   0.0000
 -2.73863703e-01   0.0000
 -1.21939667e-01   0.0000
 -1.57176908e-02   0.0000
 -4.80487533e-02   0.0000
  1.10266516e-02   0.0000
 -7.64158964e-02   0.0000
 -4.15033549e-01   0.0000
  1.41333520e-01   0.0000
  7.16906711e-02   0.0000
  3.70888770e-01   0.0000
  5.07105231e-01   0.0000
  3.89282405e-01   0.0000
 -2.17518091e-01   0.0000
  6.60697222e-01   0.0000
 -9.31866392e-02   0.0000
  2.91972220e-01   0.0000
  1.93057641e-01   0.0000
  2.28098929e-02   0.0000
 -1.86548203e-01   0.0000
 -8.29648878e-03   0.0000
 -4.19667214e-02   0.0000
 -1.81537881e-01   0.0000
 -1.10219494e-01   0.0000
 -5.20784520e-02   0.0000
 -3.29547256e-01   0.0000
  2.31920883e-01   0.0000
  9.94771004e-01   0.0000
  2.82339126e-01   0.0000
  2.03374892e-01   0.0000
 -1.58857659e-01   0.0000
 -1.62324429e-01   0.0000
 -1.20007098e-01   0.0000
 -4.44241852e-01   0.0000
  3.53673488e-01   0.0000
 -7.43799806e-02   0.0000
 -1.29308835e-01   0.0000
  4.14962351e-01   0.0000
 -2.45946303e-01   0.0000
 -4.90984917e-02   0.0000
 -5.88318240e-03   0.0000
  8.14610943e-02   0.0000
  4.24645066e-01   0.0000
  3.75003904e-01   0.0000
  5.19219279e-01   0.0000
 -4.27319765e-01   0.0000
  7.94517875e-01   0.0000
  5.80992028e-02   0.0000
  3.45864147e-01   0.0000
 -1.63744974e+00   0.0000
 -8.41182284e-03   0.0000
 -1.57354549e-01   0.0000
 -1.40414909e-01   0.0000
 -4.45841718e-03   0.0000
 -2.92657077e-01   0.0000
  3.96371214e-03   0.0000
 -1.38940483e-01   0.0000
 -2.20883608e-01   0.0000
  4.28660601e-01   0.0000
 -5.58887899e-01   0.0000
 -1.38455797e-02   0.0000
  1.43366203e-01   0.0000
 -2.04257339e-01   0.0000
 -3.17632645e-01   0.0000
 -1.64793178e-01   0.0000
 -8.71810794e-01   0.0000
  4.58249360e-01   0.0000
 -2.12586313e-01   0.0000
 -1.32924750e-01   0.0000
  2.81001300e-01   0.0000
 -3.74303639e-01   0.0000
 -9.84018743e-02   0.0000
  3.26951854e-02   0.0000
  1.67956829e-01   0.0000
  8.20381403e-01   0.0000
  2.10838303e-01   0.0000
  4.72459406e-01   0.0000
 -4.03782636e-01   0.0000
  1.13530219e+00   0.0000
 -3.45974177e-01   0.0000
  4.39064682e-01   0.0000
 -3.11031747e+00   0.0000
 -2.10580742e-03   0.0000
 -6.31891936e-02   0.0000
 -2.86954250e-02   0.0000
 -8.99458230e-02   0.0000
 -4.92128164e-01   0.0000
 -5.08883409e-02   0.0000
 -1.81505606e-01   0.0000
 -2.75029331e-01   0.0000
  4.47647780e-01   0.0000
 -2.08873820e+00   0.0000
 -2.80011982e-01   0.0000
 -1.08582554e-02   0.0000
 -3.76201749e-01   0.0000
 -2.54058748e-01   0.0000
 -2.07276076e-01   0.0000
 -9.74647760e-01   0.0000
 -5.28826825e-02   0.0000
 -3.27014744e-01   0.0000
 -2.22697869e-01   0.0000
  4.13709998e-01   0.0000
 -4.81396735e-01   0.0000
  5.96134365e-01   0.0000
 -1.06765712e-02   0.0000
  1.11410186e-01   0.0000
  1.29582894e+00   0.0000
  3.66720647e-01   0.0000
 -3.84029537e-01   0.0000
 -1.94155462e-02   0.0000
 -1.53869808e-01   0.0000
  1.66819245e-01   0.0000
 -6.51769936e-02   0.0000
  2.00027847e+00   0.0000
  5.35205007e-01   0.0000
 -2.05015376e-01   0.0000
 -1.69426233e-01   0.0000
 -5.58930859e-02   0.0000
 -6.81905970e-02   0.0000
 -2.01302782e-01   0.0000
 -2.29571104e-01   0.0000
  5.79621606e-02   0.0000
  2.12977175e-02   0.0000
  3.34580600e-01   0.0000
 -1.15994520e-01   0.0000
 -7.72076070e-01   0.0000
 -2.55493045e-01   0.0000
 -1.00724429e-01   0.0000
 -1.58539489e-01   0.0000
  3.75719488e-01   0.0000
  1.30396593e+00   0.0000
 -1.23196729e-01   0.0000
 -2.24305391e-01   0.0000
  1.09944677e+00   0.0000
 -6.19947851e-01   0.0000
 -1.27575016e+00   0.0000
  5.11468835e-02   0.0000
  1.80592135e-01   0.0000
 -4.83879119e-01   0.0000
 -1.33843627e-02   0.0000
 -2.96311527e-01   0.0000
  3.46008278e-02   0.0000
 -1.44183025e-01   0.0000
  3.68622728e-02   0.0000
 -5.95121831e-02   0.0000
  3.40470433e-01   0.0000
  1.47283003e-02   0.0000
  3.59390443e-03   0.0000
 -2.97814876e-01   0.0000
  1.47789931e-02   0.0000
 -1.21558271e-03   0.0000
 -1.94630712e-01   0.0000
 -3.45597751e-02   0.0000
  4.52198787e-03   0.0000
 -1.77523892e-04   0.0000
 -4.06949222e-02   0.0000
  5.64373471e-03   0.0000
  2.74411440e-01   0.0000
  3.99988264e-01   0.0000
 -3.31983902e-03   0.0000
 -4.43206996e-01   0.0000
 -2.60909833e-03   0.0000
 -1.10747106e-01   0.0000
 -6.46163477e-03   0.0000
  3.99535477e-01   0.0000
 -4.03514713e-01   0.0000
  2.24276245e-01   0.0000
  2.03547329e-01   0.0000
  9.77638829e-03   0.0000
 -2.10681155e-01   0.0000
 -8.14690366e-02   0.0000
  1.97140366e-01   0.0000
  4.11500901e-01   0.0000
 -1.16471708e-01   0.0000
  2.69761384e-01   0.0000
 -2.29219124e-01   0.0000
  1.90367267e-01   0.0000
 -4.34952408e-01   0.0000
 -6.32160529e-02   0.0000
 -4.29565029e-04   0.0000
  6.66818917e-01   0.0000
 -8.35248008e-02   0.0000
  3.26563488e-03   0.0000
  2.72745550e-01   0.0000
 -1.47469535e-01   0.0000
  6.33906107e-03   0.0000
  5.28299473e-02   0.0000
  1.03872120e-01   0.0000
  1.24893770e-01   0.0000
 -3.62783521e-01   0.0000
 -4.56193298e-01   0.0000
 -1.04738707e-02   0.0000
  5.54195166e-01   0.0000
 -4.30675149e-02   0.0000
  2.48943657e-01   0.0000
  4.60378192e-02   0.0000
 -5.21479845e-01   0.0000
  7.57320762e-01   0.0000
 -3.03272009e-01   0.0000
 -2.25188538e-01   0.0000
  2.24278886e-02   0.0000
  3.98982465e-01   0.0000
  2.84383237e-01   0.0000
  5.14869280e-02   0.0000
  1.81559145e-01   0.0000
 -1.23852290e-01   0.0000
  2.48078078e-01   0.0000
 -2.36981958e-01   0.0000
  6.07752874e-02   0.0000
 -1.66971609e-01   0.0000
 -3.78267802e-02   0.0000
  7.45220669e-03   0.0000
  1.36860728e-01   0.0000
 -7.92161673e-02   0.0000
 -6.04573637e-02   0.0000
  1.52221799e-01   0.0000
 -3.20857733e-01   0.0000
  3.57954539e-02   0.0000
  3.75024639e-02   0.0000
  9.06084627e-02   0.0000
  7.14524016e-02   0.0000
 -9.77008268e-02   0.0000
 -1.22500591e-01   0.0000
  1.81788183e-03   0.0000
  1.49271280e-01   0.0000
 -2.90469453e-02   0.0000
  1.17127411e-01   0.0000
  1.21340446e-01   0.0000
 -6.01741150e-02   0.0000
  1.24819897e-01   0.0000
 -1.71711013e-01   0.0000
 -1.47965297e-01   0.0000
  1.04402468e-01   0.0000
  1.18485421e-01   0.0000
  6.07460178e-02   0.0000
 -1.67110503e-01   0.0000
 -4.34492052e-01   0.0000
  2.53132164e-01   0.0000
 -4.21724677e-01   0.0000
  3.09386939e-01   0.0000
 -2.56252050e-01   0.0000
  4.74563003e-01   0.0000
  1.43777594e-01   0.0000
 -1.09390549e-01   0.0000
  5.52178770e-02   0.0000
  1.39551133e-01   0.0000
 -1.11709896e-03   0.0000
 -3.99838328e-01   0.0000
  1.31702900e-01   0.0000
  2.94652054e-05   0.0000
 -2.30553418e-01   0.0000
 -2.19618827e-01   0.0000
 -6.75320476e-02   0.0000
  3.46913308e-01   0.0000
  5.33229709e-01   0.0000
  9.34365904e-04   0.0000
 -4.20722634e-01   0.0000
  1.27526060e-01   0.0000
 -3.66498858e-01   0.0000
 -7.34064803e-02   0.0000
  5.06454945e-01   0.0000
 -5.50071776e-01   0.0000
  3.91589314e-01   0.0000
  3.30705673e-01   0.0000
 -5.63113093e-02   0.0000
 -4.22450721e-01   0.0000
 -1.59518868e-01   0.0000
 -4.85387862e-01   0.0000
 -8.61955881e-01   0.0000
  3.78422260e-01   0.0000
 -5.52367628e-01   0.0000
  4.47981656e-01   0.0000
 -6.77742600e-01   0.0000
  1.01326644e+00   0.0000
  4.78435427e-01   0.0000
 -2.22529963e-01   0.0000
 -1.10183191e+00   0.0000
  2.55916953e-01   0.0000
 -3.53298694e-01   0.0000
 -7.86128998e-01   0.0000
  1.08617328e-01   0.0000
 -9.17977304e-04   0.0000
 -5.45043111e-01   0.0000
 -6.15253091e-01   0.0000
 -4.65583503e-01   0.0000
  9.89131093e-01   0.0000
  1.11930633e+00   0.0000
  3.85548174e-02   0.0000
 -1.06668913e+00   0.0000
  4.66343939e-01   0.0000
 -7.41604388e-01   0.0000
 -5.79975508e-02   0.0000
  1.31175494e+00   0.0000
 -1.34804237e+00   0.0000
  6.94041967e-01   0.0000
  6.50730431e-01   0.0000
 -2.72847623e-01   0.0000
 -1.05247939e+00   0.0000
 -5.72350442e-01   0.0000
 -4.37764414e-02   0.0000
 -2.02278391e-01   0.0000
  1.64292380e-01   0.0000
 -3.16356272e-01   0.0000
  2.54028022e-01   0.0000
 -6.53062165e-02   0.0000
  1.10819824e-01   0.0000
  4.72076200e-02   0.0000
 -1.17748706e-02   0.0000
 -1.89280927e-01   0.0000
  1.41536027e-01   0.0000
 -1.93391833e-03   0.0000
 -2.09374905e-01   0.0000
  1.98783740e-01   0.0000
 -2.50238888e-02   0.0000
 -3.03267874e-02   0.0000
 -7.95040429e-02   0.0000
 -5.05608246e-02   0.0000
  5.74655943e-02   0.0000
  1.31828710e-01   0.0000
  4.72293359e-05   0.0000
 -1.67272732e-01   0.0000
  5.07772453e-02   0.0000
 -9.60832164e-02   0.0000
 -1.42627090e-01   0.0000
  8.82943496e-02   0.0000
 -7.35901445e-02   0.0000
  1.90616831e-01   0.0000
  1.10722870e-01   0.0000
 -3.41573171e-02   0.0000
 -1.13609545e-01   0.0000
 -5.39118983e-02   0.0000
 -8.28068852e-02   0.0000
 -2.23089218e-01   0.0000
  3.55856307e-02   0.0000
 -7.32613951e-02   0.0000
  4.86370735e-02   0.0000
 -9.93351415e-02   0.0000
  1.53112039e-01   0.0000
  2.35169078e-03   0.0000
 -1.98677935e-05   0.0000
 -4.55658525e-01   0.0000
  4.35771048e-02   0.0000
 -1.59236696e-02   0.0000
 -8.42650309e-02   0.0000
  4.09867242e-02   0.0000
  4.79057850e-03   0.0000
 -1.23523727e-01   0.0000
 -5.32176718e-02   0.0000
 -2.54897736e-02   0.0000
  1.94597170e-01   0.0000
  1.98632404e-01   0.0000
  1.65146448e-05   0.0000
 -2.21376881e-01   0.0000
  3.33268824e-03   0.0000
 -4.14149873e-02   0.0000
  7.51735503e-03   0.0000
  2.56814241e-01   0.0000
 -2.46715486e-01   0.0000
  1.70798898e-01   0.0000
  1.74744159e-01   0.0000
  4.09785612e-03   0.0000
 -1.30753860e-01   0.0000
 -1.58113882e-01   0.0000
 -1.12552285e-01   0.0000
  7.74159059e-02   0.0000
  1.62273850e-02   0.0000
  1.35225300e-02   0.0000
 -1.95880048e-02   0.0000
 -1.56182155e-01   0.0000
 -1.71027392e-01   0.0000
  1.44397274e-01   0.0000
 -6.58895867e-03   0.0000
  2.70722538e-01   0.0000
  8.98820907e-02   0.0000
 -2.65346225e-02   0.0000
  1.02457162e-02   0.0000
 -2.41094511e-02   0.0000
 -2.56703715e-05   0.0000
 -3.62201035e-02   0.0000
 -1.13977276e-01   0.0000
 -6.05520606e-02   0.0000
 -6.13127910e-02   0.0000
 -1.13293320e-01   0.0000
  4.62770171e-04   0.0000
  1.35894433e-01   0.0000
  7.30589181e-02   0.0000
  5.89996437e-03   0.0000
 -1.77935343e-02   0.0000
 -1.43256366e-01   0.0000
  2.79893011e-01   0.0000
 -1.47072366e-02   0.0000
 -2.43876129e-03   0.0000
 -6.80177659e-03   0.0000
  7.99792483e-02   0.0000
 -1.45670488e-01   0.0000
  5.38567267e-02   0.0000
  2.21226394e-01   0.0000
 -6.98676705e-03   0.0000
  6.45198375e-02   0.0000
 -4.72119730e-03   0.0000
  5.42487837e-02   0.0000
 -2.94482023e-01   0.0000
 -3.00172139e-02   0.0000
  5.03631681e-03   0.0000
  1.29366741e-01   0.0000
 -2.86853150e-03   0.0000
  2.63332203e-02   0.0000
  1.30596846e-01   0.0000
  9.57537517e-02   0.0000
 -1.63134083e-03   0.0000
  1.35948043e-03   0.0000
  1.03408117e-02   0.0000
  5.36824483e-03   0.0000
 -1.52678937e-01   0.0000
 -2.47662187e-01   0.0000
  1.80256751e-03   0.0000
  2.47391835e-01   0.0000
 -7.17562288e-02   0.0000
  1.97123125e-01   0.0000
 -3.44579518e-02   0.0000
 -1.57296523e-01   0.0000
  2.58158743e-01   0.0000
 -1.36687279e-01   0.0000
 -1.36319548e-01   0.0000
  2.87729762e-02   0.0000
  2.19685614e-01   0.0000
  1.07930928e-01   0.0000
  1.96794029e-02   0.0000
  8.83423258e-03   0.0000
 -3.57823893e-02   0.0000
  5.83998039e-02   0.0000
 -7.94133618e-02   0.0000
  1.72493849e-02   0.0000
 -1.43075511e-02   0.0000
 -1.33259539e-02   0.0000
  4.26203804e-03   0.0000
 -1.01174135e-02   0.0000
 -2.15821341e-02   0.0000
 -4.04263027e-02   0.0000
  2.24386659e-02   0.0000
 -8.29221532e-02   0.0000
  4.91758250e-02   0.0000
  1.04925316e-02   0.0000
  3.12810279e-02   0.0000
  9.93586984e-03   0.0000
 -1.11880554e-02   0.0000
  2.98042335e-02   0.0000
  1.53313426e-03   0.0000
 -2.51848507e-03   0.0000
  1.09510273e-02   0.0000
  2.43562441e-02   0.0000
  1.10413935e-02   0.0000
 -5.30560268e-04   0.0000
 -9.95868631e-03   0.0000
 -3.02820858e-02   0.0000
 -4.09163274e-02   0.0000
  9.21891909e-03   0.0000
  2.22318135e-02   0.0000
  1.80464350e-02   0.0000
  3.18420678e-02   0.0000
  3.18198688e-02   0.0000
 -1.37099564e-01   0.0000
  7.39432424e-02   0.0000
 -5.57411611e-02   0.0000
  1.96551308e-02   0.0000
 -1.01267332e-02   0.0000
 -2.65277885e-02   0.0000
  2.98267440e-03   0.0000
 -4.59111820e-04   0.0000
 -1.95931327e-02   0.0000
 -2.30849590e-04   0.0000
  5.22548817e-02   0.0000
 -5.72794341e-02   0.0000
  3.30243551e-04   0.0000
  2.08881032e-02   0.0000
  4.12668176e-02   0.0000
  2.35139467e-02   0.0000
 -2.35560648e-02   0.0000
 -2.77072247e-02   0.0000
  1.06504494e-05   0.0000
  1.17631461e-02   0.0000
 -2.24022921e-02   0.0000
  3.36532444e-02   0.0000
  1.29405037e-02   0.0000
 -6.14679186e-03   0.0000
 -6.59055449e-03   0.0000
 -4.31757234e-02   0.0000
 -5.29795960e-02   0.0000
  2.94351000e-02   0.0000
  2.28013210e-02   0.0000
  5.40185608e-02   0.0000
  3.37249860e-02   0.0000
  1.21061608e-01   0.0000
 -1.44469380e-01   0.0000
  1.50789902e-01   0.0000
 -1.91529751e-01   0.0000
  5.29863574e-02   0.0000
 -1.75039068e-01   0.0000
 -1.00393295e-01   0.0000
  5.48062846e-02   0.0000
  1.33097410e-01   0.0000
 -7.47662559e-02   0.0000
 -2.73079164e-02   0.0000
  1.62297890e-01   0.0000
 -1.94193810e-01   0.0000
 -3.68302339e-04   0.0000
  1.68561358e-02   0.0000
  1.27011284e-01   0.0000
  3.12307514e-02   0.0000
 -1.09482035e-01   0.0000
 -7.76058957e-02   0.0000
  1.18599180e-03   0.0000
  1.05857849e-01   0.0000
 -9.61298645e-02   0.0000
  8.21771026e-02   0.0000
  7.70751238e-02   0.0000
 -7.32066780e-02   0.0000
  1.32395819e-01   0.0000
 -1.14828974e-01   0.0000
 -1.48441792e-01   0.0000
  7.53954500e-02   0.0000
  1.17668286e-01   0.0000
  4.36850041e-02   0.0000
 -8.33116621e-02   0.0000
  2.10587550e-02   0.0000
 -4.09064330e-02   0.0000
  5.43957539e-02   0.0000
 -3.21977399e-02   0.0000
  1.14673870e-02   0.0000
  5.84512912e-02   0.0000
 -1.99953821e-02   0.0000
 -9.43161547e-03   0.0000
 -7.28665963e-02   0.0000
 -3.74266356e-02   0.0000
 -1.69472739e-01   0.0000
  3.76483202e-02   0.0000
 -2.73698848e-02   0.0000
  5.16072884e-02   0.0000
  2.32121553e-02   0.0000
  2.63644047e-02   0.0000
  8.92954471e-04   0.0000
  5.76277561e-02   0.0000
  9.87402573e-02   0.0000
 -1.00233324e-03   0.0000
 -2.36059967e-02   0.0000
 -1.21630086e-02   0.0000
  2.02825088e-02   0.0000
  4.31606285e-02   0.0000
  1.61888063e-01   0.0000
 -6.87074512e-02   0.0000
 -2.97703147e-02   0.0000
 -4.20494862e-02   0.0000
  1.47796301e-02   0.0000
  1.40317054e-02   0.0000
  1.75170582e-02   0.0000
  1.95515510e-02   0.0000
  1.74154416e-02   0.0000
 -3.85043472e-02   0.0000
  4.52646688e-02   0.0000
 -2.72992440e-02   0.0000
  2.42661498e-02   0.0000
  2.09005866e-02   0.0000
 -1.43893408e-02   0.0000
  1.59051754e-02   0.0000
 -7.50186071e-02   0.0000
 -2.85196844e-02   0.0000
 -1.23062998e-01   0.0000
  3.42385732e-02   0.0000
 -1.61525141e-02   0.0000
 -1.50722894e-03   0.0000
  1.12043945e-02   0.0000
  2.63748523e-02   0.0000
  1.79354064e-02   0.0000
  5.57919778e-02   0.0000
  9.93492901e-02   0.0000
  3.54078002e-02   0.0000
 -9.80893373e-02   0.0000
 -1.59646962e-02   0.0000
  2.51355432e-02   0.0000
  2.02928428e-02   0.0000
  1.21787220e-01   0.0000
 -6.57089800e-02   0.0000
 -2.18976233e-02   0.0000
 -6.64443988e-03   0.0000
  1.82578973e-02   0.0000
 -5.22305220e-02   0.0000
  1.49228498e-02   0.0000
  3.20184492e-02   0.0000
  1.09623887e-01   0.0000
 -1.91041023e-01   0.0000
  1.69049397e-01   0.0000
 -1.62056714e-01   0.0000
  6.73445016e-02   0.0000
 -1.64571688e-01   0.0000
 -5.00364229e-02   0.0000
  2.83421110e-02   0.0000
  1.35365576e-01   0.0000
 -7.28862733e-02   0.0000
 -8.05879161e-02   0.0000
  1.82932347e-01   0.0000
 -2.73388207e-01   0.0000
 -1.58468075e-03   0.0000
  2.17912719e-02   0.0000
  5.08767590e-02   0.0000
  4.90713418e-02   0.0000
 -7.03030601e-02   0.0000
 -7.68757612e-02   0.0000
  3.63582978e-04   0.0000
  1.11732148e-01   0.0000
 -2.74835173e-02   0.0000
  5.34586161e-02   0.0000
  1.26020834e-01   0.0000
 -3.43134850e-02   0.0000
  4.10740413e-02   0.0000
 -1.11343145e-01   0.0000
 -1.04351193e-01   0.0000
  3.79385389e-02   0.0000
  9.83575359e-02   0.0000
  5.96152321e-02   0.0000
 -5.06693944e-02   0.0000
 -2.10381478e-01   0.0000
  1.03559740e-01   0.0000
 -1.35469809e-01   0.0000
  1.41067863e-01   0.0000
 -8.03490579e-02   0.0000
  1.61344260e-01   0.0000
  6.68302104e-02   0.0000
 -7.01837894e-03   0.0000
 -2.19179302e-01   0.0000
  1.11820601e-01   0.0000
  2.87115714e-03   0.0000
 -1.57210290e-01   0.0000
  1.66092277e-01   0.0000
 -2.39714589e-02   0.0000
 -4.21672761e-02   0.0000
 -1.45732999e-01   0.0000
 -4.18061949e-02   0.0000
  1.82168543e-01   0.0000
  1.41248450e-01   0.0000
 -1.22238664e-04   0.0000
 -8.46009851e-02   0.0000
  4.37695235e-02   0.0000
 -1.31711051e-01   0.0000
 -1.45607054e-01   0.0000
  8.30147192e-02   0.0000
 -8.44378769e-02   0.0000
  9.92697030e-02   0.0000
  1.24545492e-01   0.0000
 -1.51420340e-01   0.0000
 -9.72978026e-02   0.0000
 -9.61074159e-02   0.0000
 -2.02994093e-01   0.0000
 -2.88835436e-01   0.0000
  2.18683958e-01   0.0000
 -2.49323636e-01   0.0000
  2.13593990e-01   0.0000
 -2.42293745e-01   0.0000
  4.21964884e-01   0.0000
  1.09617352e-01   0.0000
 -7.38201477e-03   0.0000
 -4.56845731e-01   0.0000
  1.56458482e-01   0.0000
 -7.36428723e-02   0.0000
 -9.01004523e-02   0.0000
  1.98192447e-01   0.0000
  3.80235864e-03   0.0000
 -4.64640595e-02   0.0000
 -5.99625036e-02   0.0000
 -1.86620802e-01   0.0000
  2.93079674e-01   0.0000
  4.87429768e-01   0.0000
  1.99434860e-03   0.0000
 -4.24215764e-01   0.0000
  5.38867936e-02   0.0000
 -2.10229918e-01   0.0000
 -1.78202521e-02   0.0000
  4.46089536e-01   0.0000
 -5.19216776e-01   0.0000
  2.09876388e-01   0.0000
  1.57165825e-01   0.0000
 -9.01819021e-02   0.0000
 -2.16851652e-01   0.0000
 -2.34216660e-01   0.0000
 -4.88638133e-01   0.0000
 -7.24338412e-01   0.0000
  1.24327004e-01   0.0000
 -3.15398395e-01   0.0000
  2.52862096e-01   0.0000
 -6.62657022e-01   0.0000
  1.04902637e+00   0.0000
  3.45523745e-01   0.0000
 -2.21156150e-01   0.0000
 -1.24744880e+00   0.0000
  3.51172656e-01   0.0000
 -3.18110585e-01   0.0000
 -5.33863723e-01   0.0000
  5.20009780e-03   0.0000
  2.18987837e-03   0.0000
 -3.22944403e-01   0.0000
 -4.24275190e-01   0.0000
 -3.15452069e-01   0.0000
  8.48618209e-01   0.0000
  1.22957540e+00   0.0000
  2.26671964e-01   0.0000
 -1.06590509e+00   0.0000
  3.97474557e-01   0.0000
 -6.95600569e-01   0.0000
  2.40619127e-02   0.0000
  1.29918444e+00   0.0000
 -1.34579456e+00   0.0000
  4.67681199e-01   0.0000
  4.45560873e-01   0.0000
 -3.45136255e-01   0.0000
 -9.39746559e-01   0.0000
 -4.55408275e-01   0.0000
  1.03852537e-03   0.0000
 -5.13621569e-01   0.0000
  2.73154546e-02   0.0000
 -2.55592972e-01   0.0000
  9.15664881e-02   0.0000
 -2.14585774e-02   0.0000
  3.47593814e-01   0.0000
  2.51737963e-02   0.0000
  1.30510668e-03   0.0000
 -2.75820736e-02   0.0000
  6.84152842e-02   0.0000
  6.78163051e-05   0.0000
 -3.07001144e-01   0.0000
  9.81297418e-02   0.0000
 -1.31188263e-03   0.0000
  3.57794738e-03   0.0000
 -9.34018642e-02   0.0000
 -4.37565567e-03   0.0000
  1.99665502e-01   0.0000
  2.22384304e-01   0.0000
  3.20222834e-03   0.0000
 -3.31337869e-01   0.0000
  5.55297825e-04   0.0000
 -5.63279092e-02   0.0000
 -1.42523050e-02   0.0000
  3.28165203e-01   0.0000
 -4.54885632e-01   0.0000
  3.97379518e-01   0.0000
  1.92420423e-01   0.0000
  2.60988064e-03   0.0000
 -3.92411530e-01   0.0000
 -4.89529446e-02   0.0000
  4.93948385e-02   0.0000
  9.32828039e-02   0.0000
 -1.04273066e-01   0.0000
  1.93519354e-01   0.0000
 -1.51712045e-01   0.0000
  7.61624277e-02   0.0000
 -6.29132912e-02   0.0000
 -1.50058031e-01   0.0000
  1.60324853e-03   0.0000
  5.79558313e-02   0.0000
 -5.63092791e-02   0.0000
 -1.33556314e-03   0.0000
  1.66556209e-01   0.0000
 -1.69960573e-01   0.0000
  6.27350360e-02   0.0000
  2.96304654e-02   0.0000
  2.78167073e-02   0.0000
  5.06839305e-02   0.0000
 -5.86310811e-02   0.0000
 -5.80199994e-02   0.0000
  1.23130972e-04   0.0000
  1.51042998e-01   0.0000
 -8.11686888e-02   0.0000
  8.46055746e-02   0.0000
  1.13928340e-01   0.0000
 -7.79470429e-02   0.0000
  1.17828555e-01   0.0000
 -1.44008532e-01   0.0000
 -1.95086583e-01   0.0000
  2.37163305e-02   0.0000
  1.37026474e-01   0.0000
  2.12175753e-02   0.0000
  3.64350937e-02   0.0000
  9.11036506e-02   0.0000
 -1.20113023e-01   0.0000
  1.84737399e-01   0.0000
 -1.97125852e-01   0.0000
  3.54071893e-02   0.0000
 -7.14954957e-02   0.0000
 -5.46817146e-02   0.0000
  2.69767921e-02   0.0000
  1.21698298e-01   0.0000
 -4.49611954e-02   0.0000
  2.89791566e-03   0.0000
  1.25573471e-01   0.0000
 -1.27931118e-01   0.0000
  2.08131708e-02   0.0000
  3.85039113e-02   0.0000
  1.04037143e-01   0.0000
  1.95578430e-02   0.0000
 -8.10112357e-02   0.0000
 -5.27840406e-02   0.0000
  2.88836745e-04   0.0000
  9.35924724e-02   0.0000
 -2.75404062e-02   0.0000
  7.37155303e-02   0.0000
  6.36744276e-02   0.0000
 -4.49701101e-02   0.0000
  7.90395364e-02   0.0000
 -1.54551223e-01   0.0000
 -9.70675796e-02   0.0000
  2.58229114e-02   0.0000
  7.13910684e-02   0.0000
  1.01588674e-01   0.0000
  3.68428677e-02   0.0000
  1.11164860e-01   0.0000
 -7.25685284e-02   0.0000
  1.25072181e-01   0.0000
 -1.33772552e-01   0.0000
  4.52521667e-02   0.0000
 -3.66469510e-02   0.0000
 -1.71515141e-02   0.0000
 -9.30299750e-04   0.0000
  3.96864340e-02   0.0000
 -3.49762365e-02   0.0000
 -1.32788330e-01   0.0000
  4.81445417e-02   0.0000
 -7.84364045e-02   0.0000
 -1.09741592e-03   0.0000
  3.23292688e-02   0.0000
  1.27144516e-01   0.0000
  7.20260944e-03   0.0000
 -3.72778215e-02   0.0000
 -3.62317227e-02   0.0000
 -1.91351195e-04   0.0000
  1.60037205e-02   0.0000
 -4.43758629e-02   0.0000
  5.32156266e-02   0.0000
  1.18259251e-01   0.0000
 -1.56016257e-02   0.0000
  1.58564337e-02   0.0000
 -1.31588370e-01   0.0000
 -7.87861571e-02   0.0000
  1.33259557e-02   0.0000
  4.87500094e-02   0.0000
  2.86343079e-02   0.0000
  1.59273267e-01   0.0000
  5.85522532e-01   0.0000
 -3.40063572e-01   0.0000
  5.23411870e-01   0.0000
 -4.89357442e-01   0.0000
  2.87240207e-01   0.0000
 -5.65530479e-01   0.0000
 -1.50526002e-01   0.0000
  9.91374403e-02   0.0000
  5.40563226e-01   0.0000
 -2.58810818e-01   0.0000
 -5.46895608e-04   0.0000
  4.89401639e-01   0.0000
 -4.02563959e-01   0.0000
  6.75475150e-02   0.0000
  1.25545844e-01   0.0000
  2.91568518e-01   0.0000
  1.41392618e-01   0.0000
 -4.09249663e-01   0.0000
 -5.69173336e-01   0.0000
  4.03453159e-04   0.0000
  6.40419006e-01   0.0000
 -1.16474651e-01   0.0000
  3.39503527e-01   0.0000
  2.55039454e-01   0.0000
 -5.26162624e-01   0.0000
  6.08958960e-01   0.0000
 -4.98085350e-01   0.0000
 -4.58406180e-01   0.0000
  1.84878826e-01   0.0000
  4.01188225e-01   0.0000
  3.28549892e-01   0.0000
  4.07920659e-01   0.0000
  7.57318258e-01   0.0000
 -4.01220173e-01   0.0000
  3.46296042e-01   0.0000
 -2.54795492e-01   0.0000
  5.27953446e-01   0.0000
 -9.78405654e-01   0.0000
 -3.19145739e-01   0.0000
  1.60677329e-01   0.0000
  1.04984426e+00   0.0000
 -2.43220508e-01   0.0000
  2.42572520e-02   0.0000
  5.89283884e-01   0.0000
 -1.49494678e-01   0.0000
  6.80159852e-02   0.0000
  1.99891523e-01   0.0000
  3.52458239e-01   0.0000
  2.07825378e-01   0.0000
 -8.87928665e-01   0.0000
 -1.07399130e+00   0.0000
 -9.05534951e-04   0.0000
  1.10819399e+00   0.0000
 -3.21459889e-01   0.0000
  5.08783996e-01   0.0000
  9.30206776e-02   0.0000
 -1.31533492e+00   0.0000
  1.26028645e+00   0.0000
 -6.01422906e-01   0.0000
 -4.53513533e-01   0.0000
  1.27769157e-01   0.0000
  9.28500712e-01   0.0000
  4.34257925e-01   0.0000
  3.62815410e-02   0.0000
  7.38000795e-02   0.0000
 -7.98803344e-02   0.0000
  1.09500512e-01   0.0000
 -1.09632559e-01   0.0000
  4.53629754e-02   0.0000
 -4.56410535e-02   0.0000
 -3.45592946e-02   0.0000
  1.57783572e-02   0.0000
  2.88934819e-02   0.0000
 -1.00056835e-01   0.0000
 -7.92774037e-02   0.0000
  5.05328886e-02   0.0000
 -1.85223266e-01   0.0000
  1.47783151e-03   0.0000
  1.49826463e-02   0.0000
  4.57486920e-02   0.0000
  1.14443740e-02   0.0000
 -2.99304780e-02   0.0000
 -3.27595845e-02   0.0000
 -1.28830725e-04   0.0000
  2.74426453e-02   0.0000
 -1.63813625e-02   0.0000
  3.67603935e-02   0.0000
  7.18933418e-02   0.0000
 -2.18333751e-02   0.0000
  2.19623912e-02   0.0000
 -5.88133819e-02   0.0000
 -5.80720864e-02   0.0000
  3.87784541e-02   0.0000
  2.57942397e-02   0.0000
  2.15096418e-02   0.0000
  2.17586264e-01   0.0000
  5.57395041e-01   0.0000
 -3.65899593e-01   0.0000
  4.72407490e-01   0.0000
 -4.40857768e-01   0.0000
  3.72379094e-01   0.0000
 -6.06866241e-01   0.0000
 -2.44176447e-01   0.0000
  2.13854626e-01   0.0000
  4.49205339e-01   0.0000
 -2.53252119e-01   0.0000
  4.94184829e-02   0.0000
  4.22516763e-01   0.0000
 -2.99601823e-01   0.0000
  1.45402951e-02   0.0000
  1.67605206e-01   0.0000
  2.60905743e-01   0.0000
  1.50117531e-01   0.0000
 -3.94105345e-01   0.0000
 -3.95546019e-01   0.0000
 -9.40754116e-02   0.0000
  5.38579226e-01   0.0000
 -2.65524745e-01   0.0000
  3.92220974e-01   0.0000
  1.22902460e-01   0.0000
 -5.45932770e-01   0.0000
  5.50496161e-01   0.0000
 -4.73784983e-01   0.0000
 -4.95598048e-01   0.0000
  1.94809526e-01   0.0000
  5.52885056e-01   0.0000
  4.34709400e-01   0.0000
 -3.14466447e-01   0.0000
 -4.29994106e-01   0.0000
  1.31070510e-01   0.0000
 -4.85284813e-02   0.0000
  2.13928744e-02   0.0000
 -4.32405829e-01   0.0000
  9.54938293e-01   0.0000
  2.71093786e-01   0.0000
 -2.72477120e-01   0.0000
 -8.15086901e-01   0.0000
  1.83015123e-01   0.0000
 -7.82277510e-02   0.0000
 -3.16356927e-01   0.0000
 -1.24449752e-01   0.0000
 -2.22369330e-03   0.0000
 -2.48843014e-01   0.0000
 -1.93594038e-01   0.0000
 -2.80355752e-01   0.0000
  5.46865225e-01   0.0000
  1.09874845e+00   0.0000
  3.84215675e-02   0.0000
 -8.08781862e-01   0.0000
  2.64019281e-01   0.0000
 -4.68105465e-01   0.0000
  3.84936924e-03   0.0000
  9.40070927e-01   0.0000
 -1.09074998e+00   0.0000
  3.77535999e-01   0.0000
  3.02538127e-01   0.0000
 -8.20812210e-02   0.0000
 -6.48880780e-01   0.0000
 -3.78122300e-01   0.0000
  1.38188154e-01   0.0000
  6.45761371e-01   0.0000
 -4.84401844e-02   0.0000
  2.55148321e-01   0.0000
 -1.03825837e-01   0.0000
  2.40731835e-01   0.0000
 -6.79282665e-01   0.0000
 -7.30222240e-02   0.0000
  9.34433788e-02   0.0000
  1.34005570e+00   0.0000
 -4.06813323e-02   0.0000
  1.47048488e-01   0.0000
  3.44684035e-01   0.0000
  4.39182892e-02   0.0000
 -3.33503587e-03   0.0000
  8.89870059e-03   0.0000
  1.41584560e-01   0.0000
  2.35893596e-02   0.0000
 -2.87706017e-01   0.0000
 -4.88635898e-01   0.0000
 -9.47716035e-06   0.0000
  7.84201860e-01   0.0000
 -7.42796659e-02   0.0000
  2.21274868e-01   0.0000
 -4.25842823e-03   0.0000
 -5.12454629e-01   0.0000
  5.99344969e-01   0.0000
 -4.10359174e-01   0.0000
 -3.82181376e-01   0.0000
 -2.61919899e-03   0.0000
  4.12453473e-01   0.0000
  2.91959673e-01   0.0000
 -6.44230545e-01   0.0000
 -1.17151737e+00   0.0000
  7.68770874e-01   0.0000
 -1.06531537e+00   0.0000
  8.36296797e-01   0.0000
 -8.68506134e-01   0.0000
  1.31686270e+00   0.0000
  6.02009058e-01   0.0000
 -2.58644223e-01   0.0000
 -1.91061676e+00   0.0000
  5.68110764e-01   0.0000
  1.33923423e-02   0.0000
 -1.10342419e+00   0.0000
  3.99955809e-01   0.0000
 -7.57958442e-02   0.0000
 -3.78233016e-01   0.0000
 -6.91618621e-01   0.0000
 -4.04494226e-01   0.0000
  9.82170105e-01   0.0000
  1.29564404e+00   0.0000
 -1.57513225e-03   0.0000
 -1.29915023e+00   0.0000
  5.94705701e-01   0.0000
 -8.82164180e-01   0.0000
 -2.41438150e-01   0.0000
  1.27563584e+00   0.0000
 -1.34904754e+00   0.0000
  9.27185595e-01   0.0000
  1.05093884e+00   0.0000
 -3.66666108e-01   0.0000
 -1.13768768e+00   0.0000
 -7.13566005e-01   0.0000
  2.09452235e-03   0.0000
  1.63051158e-01   0.0000
 -7.11393252e-04   0.0000
  1.08159415e-01   0.0000
 -3.65525857e-02   0.0000
 -1.04646489e-03   0.0000
 -2.30302095e-01   0.0000
  8.71904287e-03   0.0000
 -3.58210038e-03   0.0000
  4.79531065e-02   0.0000
  3.81710706e-04   0.0000
  5.43154019e-04   0.0000
  1.03951946e-01   0.0000
 -6.27081469e-02   0.0000
  2.15602946e-03   0.0000
 -9.09853633e-03   0.0000
  2.02552173e-02   0.0000
 -1.18888728e-02   0.0000
 -1.12352699e-01   0.0000
 -7.12080076e-02   0.0000
 -4.64365963e-04   0.0000
  1.27093136e-01   0.0000
  1.46420328e-02   0.0000
  4.87108342e-02   0.0000
 -1.39654959e-02   0.0000
 -9.74684507e-02   0.0000
  1.52826995e-01   0.0000
 -1.71072394e-01   0.0000
 -5.70144691e-02   0.0000
  1.44776246e-02   0.0000
  2.04565302e-01   0.0000
  5.22317141e-02   0.0000
 -2.75723897e-02   0.0000
 -4.67576273e-02   0.0000
  5.05679026e-02   0.0000
 -9.55556706e-02   0.0000
  5.56089841e-02   0.0000
 -4.35382351e-02   0.0000
  3.59331928e-02   0.0000
  2.23972127e-02   0.0000
 -6.25290163e-03   0.0000
  2.16326155e-02   0.0000
  3.78149897e-02   0.0000
  8.07057321e-02   0.0000
 -5.53297475e-02   0.0000
  1.40567482e-01   0.0000
 -6.43832982e-02   0.0000
 -1.82896201e-02   0.0000
 -3.59257273e-02   0.0000
 -2.03962736e-02   0.0000
  1.33862840e-02   0.0000
  3.59226875e-02   0.0000
  1.22122257e-03   0.0000
 -2.61943433e-02   0.0000
  2.16266476e-02   0.0000
 -4.51179408e-02   0.0000
 -5.34028411e-02   0.0000
 -2.94866692e-02   0.0000
  2.40621306e-02   0.0000
  6.22472651e-02   0.0000
  5.97214848e-02   0.0000
 -1.43489474e-02   0.0000
 -4.46874164e-02   0.0000
 -4.39490974e-02   0.0000
  1.58888891e-01   0.0000
  3.06804538e-01   0.0000
 -4.34159450e-02   0.0000
  1.78758621e-01   0.0000
 -4.30168472e-02   0.0000
  1.12210132e-01   0.0000
 -3.13414752e-01   0.0000
 -6.77343830e-02   0.0000
 -3.64261330e-04   0.0000
  8.28922331e-01   0.0000
 -9.20222551e-02   0.0000
 -8.99637642e-04   0.0000
  2.01663524e-01   0.0000
 -1.43525079e-02   0.0000
 -4.58940631e-03   0.0000
  8.93916637e-02   0.0000
  8.20105746e-02   0.0000
  7.83654228e-02   0.0000
 -2.89314657e-01   0.0000
 -2.61068344e-01   0.0000
  1.10062771e-03   0.0000
  4.32708681e-01   0.0000
 -3.30591016e-02   0.0000
  1.72453567e-01   0.0000
  6.77574500e-02   0.0000
 -3.99493277e-01   0.0000
  4.17757630e-01   0.0000
 -1.78157464e-01   0.0000
 -1.43968105e-01   0.0000
  5.55610210e-02   0.0000
  2.31324881e-01   0.0000
  1.54443920e-01   0.0000
 -3.38056125e-02   0.0000
 -1.17248520e-01   0.0000
  1.19224645e-01   0.0000
 -2.26241216e-01   0.0000
  2.43584752e-01   0.0000
  2.91143581e-02   0.0000
  8.99398103e-02   0.0000
  4.36697416e-02   0.0000
 -2.27930117e-02   0.0000
 -8.38096440e-03   0.0000
  7.44986609e-02   0.0000
  2.37285420e-01   0.0000
 -8.51150230e-02   0.0000
  5.40759444e-01   0.0000
 -3.97554077e-02   0.0000
 -4.66229916e-02   0.0000
 -5.50474338e-02   0.0000
 -5.73851913e-02   0.0000
  6.42505735e-02   0.0000
  6.02769107e-02   0.0000
 -8.86304453e-02   0.0000
 -9.63033810e-02   0.0000
  2.47719251e-02   0.0000
 -2.89183948e-02   0.0000
 -1.90949723e-01   0.0000
  9.44764242e-02   0.0000
 -2.00764835e-01   0.0000
  6.92717806e-02   0.0000
  1.02569714e-01   0.0000
 -7.52007514e-02   0.0000
 -8.36944953e-02   0.0000
 -2.72703003e-02   0.0000
 -8.77077520e-01   0.0000
 -2.32141566e+00   0.0000
  1.23013258e+00   0.0000
 -1.86365557e+00   0.0000
  1.57833695e+00   0.0000
 -1.29656386e+00   0.0000
  2.56696343e+00   0.0000
  8.31100106e-01   0.0000
 -4.04145181e-01   0.0000
 -3.31324172e+00   0.0000
  8.97423506e-01   0.0000
  9.63366851e-02   0.0000
 -1.86108804e+00   0.0000
  1.43441880e+00   0.0000
 -2.30169699e-01   0.0000
 -6.39536798e-01   0.0000
 -1.08995557e+00   0.0000
 -6.42516971e-01   0.0000
  1.99149311e+00   0.0000
  2.54791260e+00   0.0000
 -1.02720810e-02   0.0000
 -2.71497607e+00   0.0000
  7.40736663e-01   0.0000
 -1.47230566e+00   0.0000
 -7.23728478e-01   0.0000
  2.68061185e+00   0.0000
 -2.99766564e+00   0.0000
  1.79666293e+00   0.0000
  1.69765985e+00   0.0000
 -5.97387135e-01   0.0000
 -2.17968988e+00   0.0000
 -1.22542489e+00   0.0000
  0.00000000e+00   0.0000

