 5 0.000000 1
 1 
 Si 28.085500
 0 0.250001 4.500000 0.978124 1.000000 
 5 0 1 2 4 6
 7 1.50000 1.75000 2.00000 2.25000 2.50000 2.75000 3.00000
 1 12.169200 6.172630 3.114710 0.755675 0.404939 0.036124 0.650018 0.572890
 4 35 32 32 1
 -2.03698829e-01   0.0000
  3.31566602e-01   0.0000
  1.68445142e-04   0.0000
  6.17291093e-01   0.0000
  1.94253075e+00   0.0000
 -1.66309287e-03   0.0000
  1.91340782e-02   0.0000
  6.40087724e-01   0.0000
  2.13631000e-02   0.0000
  4.14469372e-03   0.0000
 -1.35104418e-01   0.0000
  8.64708156e-04   0.0000
 -3.76099981e-02   0.0000
  1.97024532e-02   0.0000
 -1.39354597e-04   0.0000
 -6.67308718e-02   0.0000
  2.01575801e-01   0.0000
  1.75321603e+00   0.0000
 -4.32948351e-01   0.0000
 -3.75804871e-01   0.0000
  8.52906145e-03   0.0000
 -7.49174069e-05   0.0000
  1.17746564e-02   0.0000
 -1.46218550e+00   0.0000
  2.66435253e-03   0.0000
 -2.22995698e-01   0.0000
  2.19506836e+00   0.0000
  2.43492261e-01   0.0000
  4.13017690e-01   0.0000
  2.42185846e-01   0.0000
 -2.36983280e-04   0.0000
 -6.78626180e-01   0.0000
 -3.53682697e-01   0.0000
  5.85551679e-01   0.0000
 -1.72768137e-03   0.0000
  2.52377063e-01   0.0000
  2.55742073e+00   0.0000
  2.16460358e-02   0.0000
  3.33045691e-01   0.0000
  1.10763097e+00   0.0000
  1.26328081e-01   0.0000
  1.00507820e-03   0.0000
 -1.98364377e-01   0.0000
  1.47874106e-03   0.0000
 -1.15907334e-01   0.0000
 -1.64144523e-02   0.0000
  1.25898106e-03   0.0000
 -7.98991546e-02   0.0000
 -1.75974262e+00   0.0000
 -8.44535947e-01   0.0000
 -1.04316366e+00   0.0000
 -3.84022653e-01   0.0000
 -7.73279535e-05   0.0000
  6.36806339e-03   0.0000
  3.01485397e-02   0.0000
 -4.51386482e-01   0.0000
 -5.38188145e-02   0.0000
 -3.48080605e-01   0.0000
 -4.91461128e-01   0.0000
  6.34952307e-01   0.0000
  9.25802469e-01   0.0000
  5.63285887e-01   0.0000
 -5.76891762e-04   0.0000
 -4.90421504e-01   0.0000
 -3.09928328e-01   0.0000
  8.36949825e-01   0.0000
 -1.28129423e-02   0.0000
 -6.00796700e-01   0.0000
  1.98280048e+00   0.0000
 -1.43693034e-02   0.0000
  8.55751574e-01   0.0000
  1.16095519e+00   0.0000
  3.12194139e-01   0.0000
 -3.90451029e-02   0.0000
 -3.46656740e-01   0.0000
  1.92571785e-02   0.0000
 -2.25953847e-01   0.0000
 -1.20946117e-01   0.0000
  6.37344038e-03   0.0000
 -2.74020005e-02   0.0000
 -2.71275431e-01   0.0000
 -2.83112884e-01   0.0000
 -1.04511070e+00   0.0000
 -5.40271640e-01   0.0000
  2.48215580e-03   0.0000
 -8.66868496e-02   0.0000
  6.30252361e-02   0.0000
 -1.09925382e-01   0.0000
 -1.65941209e-01   0.0000
 -2.57914513e-01   0.0000
 -5.96540868e-01   0.0000
  7.80734062e-01   0.0000
 -1.70618504e-01   0.0000
  5.93969107e-01   0.0000
  2.72187069e-02   0.0000
 -1.29003506e-02   0.0000
 -5.05026996e-01   0.0000
  8.73422801e-01   0.0000
 -2.14350253e-01   0.0000
 -1.96259633e-01   0.0000
  8.17091763e-01   0.0000
  3.11810017e-01   0.0000
  5.48652411e-01   0.0000
  8.88909101e-01   0.0000
  3.32527101e-01   0.0000
 -3.24163556e-01   0.0000
 -4.22373295e-01   0.0000
 -2.08385780e-01   0.0000
 -3.06498140e-01   0.0000
 -3.72287005e-01   0.0000
 -1.65815085e-01   0.0000
 -3.20316805e-03   0.0000
  1.25232995e+00   0.0000
  6.65309727e-01   0.0000
 -8.11658025e-01   0.0000
 -6.93096697e-01   0.0000
 -1.51057094e-01   0.0000
 -2.72746950e-01   0.0000
 -3.65450494e-02   0.0000
  5.20969450e-01   0.0000
 -1.79442510e-01   0.0000
 -4.15372699e-01   0.0000
  2.81652063e-02   0.0000
  1.25998425e+00   0.0000
  6.17174506e-01   0.0000
  8.35197628e-01   0.0000
  3.51885825e-01   0.0000
  3.36675309e-02   0.0000
 -5.59495926e-01   0.0000
  1.13615596e+00   0.0000
 -4.22250271e-01   0.0000
 -5.24562001e-01   0.0000
 -2.52343714e-01   0.0000
  3.83554220e-01   0.0000
 -8.37350041e-02   0.0000
  6.72701776e-01   0.0000
  4.59187329e-01   0.0000
 -3.31515014e-01   0.0000
 -3.91037524e-01   0.0000
 -2.44882584e-01   0.0000
 -5.14005244e-01   0.0000
 -6.01822555e-01   0.0000
 -4.03877735e-01   0.0000
  2.54913032e-01   0.0000
  6.60085201e-01   0.0000
 -7.55364776e-01   0.0000
 -6.28092945e-01   0.0000
 -7.45674312e-01   0.0000
 -3.26630294e-01   0.0000
 -5.23402929e-01   0.0000
 -5.32966435e-01   0.0000
  7.19844460e-01   0.0000
 -3.45061779e-01   0.0000
 -9.38645124e-01   0.0000
 -4.65925604e-01   0.0000
  1.44529629e+00   0.0000
 -7.25776494e-01   0.0000
  7.16372669e-01   0.0000
  4.80623931e-01   0.0000
 -3.48589174e-03   0.0000
 -4.32746530e-01   0.0000
  9.83571529e-01   0.0000
 -4.58508015e-01   0.0000
 -2.57510990e-01   0.0000
 -1.35203731e+00   0.0000
  4.82101560e-01   0.0000
  1.47956507e-02   0.0000
  6.29324436e-01   0.0000
  2.65120298e-01   0.0000
 -4.77820516e-01   0.0000
 -5.48532486e-01   0.0000
 -5.94904900e-01   0.0000
 -5.80458045e-01   0.0000
 -5.57489216e-01   0.0000
 -5.38533866e-01   0.0000
  5.89593172e-01   0.0000
  2.64073342e-01   0.0000
 -4.58432198e-01   0.0000
 -5.74806154e-01   0.0000
 -7.66544342e-01   0.0000
 -5.66508532e-01   0.0000
 -4.18687552e-01   0.0000
 -1.07219481e+00   0.0000
  1.34248227e-01   0.0000
 -6.10415399e-01   0.0000
 -1.46358216e+00   0.0000
 -3.37007970e-01   0.0000
  1.39669883e+00   0.0000
 -2.61172205e-01   0.0000
  7.80668259e-01   0.0000
  4.86955017e-01   0.0000
 -1.73278794e-01   0.0000
 -3.10634017e-01   0.0000
  8.84558022e-01   0.0000
 -7.27146447e-01   0.0000
 -1.22786880e-01   0.0000
 -2.52233338e+00   0.0000
  8.04905593e-01   0.0000
  3.24764758e-01   0.0000
  5.37636578e-01   0.0000
  3.33543062e-01   0.0000
 -5.73964655e-01   0.0000
 -6.14640474e-01   0.0000
 -6.99885428e-01   0.0000
 -7.47075140e-01   0.0000
 -8.74034286e-01   0.0000
 -7.20324993e-01   0.0000
  7.91806042e-01   0.0000
 -1.35147765e-01   0.0000
  4.77581382e-01   0.0000
 -5.96109748e-01   0.0000
 -9.66702878e-01   0.0000
 -6.68647647e-01   0.0000
 -6.97385848e-01   0.0000
 -1.28653407e+00   0.0000
 -3.97499800e-01   0.0000
 -6.95575535e-01   0.0000
 -2.09117055e+00   0.0000
 -7.04173818e-02   0.0000
  1.42929733e+00   0.0000
  1.07822251e+00   0.0000
  6.84572399e-01   0.0000
  5.75016201e-01   0.0000
 -6.12341642e-01   0.0000
  1.61573812e-02   0.0000
 -1.86305912e-03   0.0000
  1.19053880e-02   0.0000
  7.11153597e-02   0.0000
  3.02820235e-01   0.0000
  3.70660517e-03   0.0000
  3.68957929e-02   0.0000
 -6.87530031e-03   0.0000
 -6.89191686e-04   0.0000
 -3.32744536e-03   0.0000
 -1.98884853e-04   0.0000
 -1.85452239e-03   0.0000
  8.04248825e-03   0.0000
 -1.48541367e-05   0.0000
 -6.57934637e-04   0.0000
 -4.35379380e-03   0.0000
  4.24960908e-03   0.0000
  1.40374079e-01   0.0000
 -1.62681416e-02   0.0000
 -2.51415092e-02   0.0000
  1.99745819e-02   0.0000
 -9.19155369e-04   0.0000
 -4.98493761e-02   0.0000
 -9.70052406e-02   0.0000
  2.04303465e-03   0.0000
  9.29044038e-02   0.0000
  5.96712083e-02   0.0000
 -3.77104878e-02   0.0000
 -6.57559186e-02   0.0000
 -1.66045662e-04   0.0000
 -6.36401528e-05   0.0000
 -2.20949370e-02   0.0000
  3.69552933e-02   0.0000
  1.86836701e-02   0.0000
 -2.16414593e-02   0.0000
  2.72073358e-01   0.0000
  3.13038290e-01   0.0000
  2.30955575e-02   0.0000
 -1.45045696e-02   0.0000
 -1.09745690e-03   0.0000
 -1.50792794e-02   0.0000
  5.02174068e-03   0.0000
  3.28507711e-04   0.0000
  1.70650776e-03   0.0000
  1.97282736e-03   0.0000
  9.02681553e-04   0.0000
  2.09147446e-02   0.0000
  2.07346398e-02   0.0000
 -7.87959769e-02   0.0000
  1.41027182e-01   0.0000
  7.48111978e-02   0.0000
 -2.65846495e-02   0.0000
 -1.01181585e-02   0.0000
  3.76125891e-03   0.0000
 -9.17344466e-02   0.0000
  4.09002556e-03   0.0000
 -5.42370661e-04   0.0000
  3.23414445e-01   0.0000
  4.21752632e-01   0.0000
 -3.32934678e-01   0.0000
  1.40634878e-02   0.0000
 -3.68547887e-02   0.0000
  1.43547053e-03   0.0000
  6.85940459e-02   0.0000
  1.70458972e-01   0.0000
  7.31903985e-02   0.0000
 -1.92830972e-02   0.0000
  5.84982753e-01   0.0000
  1.30214691e-01   0.0000
  1.83521863e-02   0.0000
 -1.03295594e-01   0.0000
 -3.19017819e-03   0.0000
 -3.37961949e-02   0.0000
  3.22342925e-02   0.0000
  3.03200446e-03   0.0000
 -1.89710557e-02   0.0000
  3.50876083e-03   0.0000
  1.46057620e-03   0.0000
  6.30004704e-02   0.0000
  2.28940994e-02   0.0000
  9.20410901e-02   0.0000
  4.82366271e-02   0.0000
  4.85068113e-02   0.0000
  2.17758752e-02   0.0000
 -1.50238201e-02   0.0000
  3.89168374e-02   0.0000
 -1.39062986e-01   0.0000
  9.45806794e-04   0.0000
  4.70901607e-03   0.0000
  5.79407513e-01   0.0000
  7.53543377e-01   0.0000
 -8.21620524e-01   0.0000
  2.67829418e-01   0.0000
 -5.71481511e-02   0.0000
 -6.80687977e-03   0.0000
  2.81510293e-01   0.0000
  1.72779977e-01   0.0000
  1.81289434e-01   0.0000
  8.03322531e-04   0.0000
  7.43864238e-01   0.0000
 -4.58812043e-02   0.0000
 -1.74780674e-02   0.0000
 -1.96238115e-01   0.0000
  7.88232591e-03   0.0000
 -1.14020556e-01   0.0000
  8.04863311e-03   0.0000
  8.71018879e-03   0.0000
  8.44086055e-03   0.0000
 -1.12970481e-02   0.0000
 -2.53407061e-02   0.0000
  4.27931026e-02   0.0000
 -4.00424711e-02   0.0000
  1.22312158e-01   0.0000
 -1.56957865e-01   0.0000
  1.41065568e-01   0.0000
  6.63447231e-02   0.0000
  6.70167478e-03   0.0000
 -8.43702629e-03   0.0000
 -1.71098739e-01   0.0000
 -2.71356851e-03   0.0000
  6.81222156e-02   0.0000
  6.03380084e-01   0.0000
  6.43196940e-01   0.0000
 -1.27671039e+00   0.0000
  8.14938009e-01   0.0000
 -8.72272924e-02   0.0000
  2.62764394e-02   0.0000
  3.74745220e-01   0.0000
  1.45850152e-01   0.0000
  3.14867616e-01   0.0000
  4.25344892e-02   0.0000
  9.75122869e-01   0.0000
 -1.91979900e-01   0.0000
 -1.13334283e-01   0.0000
 -3.14030439e-01   0.0000
  3.51531664e-03   0.0000
 -4.00762483e-02   0.0000
 -5.97202859e-04   0.0000
  1.40256062e-02   0.0000
  9.87850800e-02   0.0000
 -9.19416919e-02   0.0000
 -1.45186037e-01   0.0000
  3.75991724e-02   0.0000
 -5.49235083e-02   0.0000
 -8.89175087e-02   0.0000
 -4.33104664e-01   0.0000
  2.21370012e-01   0.0000
  1.12083770e-01   0.0000
  6.35961518e-02   0.0000
  4.44466854e-03   0.0000
 -1.70926005e-01   0.0000
 -1.10760562e-01   0.0000
  1.17438482e-02   0.0000
  5.55078924e-01   0.0000
 -9.50996727e-02   0.0000
 -1.41926241e+00   0.0000
  1.08489096e+00   0.0000
 -1.83078036e-01   0.0000
  2.61321701e-02   0.0000
  5.04470766e-01   0.0000
  2.01354906e-01   0.0000
  4.30792511e-01   0.0000
  5.84523454e-02   0.0000
  1.29143572e+00   0.0000
 -1.24868140e-01   0.0000
 -4.63499017e-02   0.0000
 -2.02746078e-01   0.0000
  1.22846197e-02   0.0000
 -9.89106745e-02   0.0000
  3.31656658e-03   0.0000
  2.01367605e-02   0.0000
  1.54876322e-01   0.0000
 -1.35209903e-01   0.0000
 -2.20131159e-01   0.0000
  1.47447303e-01   0.0000
 -1.10410623e-01   0.0000
 -2.18721226e-01   0.0000
 -7.73066461e-01   0.0000
  2.83465683e-01   0.0000
  1.90291449e-01   0.0000
  5.25275469e-02   0.0000
  7.94934034e-02   0.0000
 -2.24269509e-01   0.0000
 -3.54702175e-01   0.0000
  7.22822621e-02   0.0000
  5.80177665e-01   0.0000
 -1.43713391e+00   0.0000
 -9.96953547e-01   0.0000
  9.21790421e-01   0.0000
 -7.53682405e-02   0.0000
  5.15862787e-03   0.0000
  4.13566530e-01   0.0000
  1.95298359e-01   0.0000
  6.15870953e-01   0.0000
  1.99604020e-01   0.0000
  1.76829207e+00   0.0000
  5.29370494e-02   0.0000
 -1.37430578e-01   0.0000
  1.43485039e-01   0.0000
  2.06083041e-02   0.0000
 -6.40049428e-02   0.0000
 -1.60948746e-02   0.0000
 -2.28025229e-03   0.0000
  1.41316652e-01   0.0000
 -2.33485952e-01   0.0000
 -2.73707479e-01   0.0000
  1.02949189e-02   0.0000
 -1.85724512e-01   0.0000
 -4.82072949e-01   0.0000
 -7.28095233e-01   0.0000
  5.05595207e-01   0.0000
  3.23965311e-01   0.0000
  8.32465813e-02   0.0000
  1.18839648e-02   0.0000
 -1.03381410e-01   0.0000
 -6.00382328e-01   0.0000
 -5.92901325e-03   0.0000
  6.97582901e-01   0.0000
 -3.19320893e+00   0.0000
 -6.06575191e-01   0.0000
  6.59545600e-01   0.0000
 -1.95574928e-02   0.0000
  1.11213900e-01   0.0000
  3.43510032e-01   0.0000
  4.06983458e-02   0.0000
 -4.54723253e-04   0.0000
 -1.95758026e-02   0.0000
 -3.63726877e-02   0.0000
  8.36977780e-01   0.0000
  3.83158289e-02   0.0000
  1.04411341e-01   0.0000
 -6.54359674e-03   0.0000
 -5.12166368e-03   0.0000
 -2.82978697e-04   0.0000
 -2.70495802e-04   0.0000
 -3.99919078e-02   0.0000
  7.93544867e-04   0.0000
  1.87309626e-02   0.0000
 -8.61120992e-04   0.0000
  1.28167244e-02   0.0000
  6.88094795e-02   0.0000
  5.06218612e-01   0.0000
  1.63836479e-02   0.0000
 -3.13770026e-02   0.0000
 -1.37107901e-03   0.0000
 -6.08426444e-06   0.0000
 -1.04515389e-01   0.0000
 -4.43444431e-01   0.0000
 -5.78398118e-03   0.0000
 -6.63912669e-03   0.0000
  4.74360883e-01   0.0000
 -1.21381238e-01   0.0000
  3.35733816e-02   0.0000
  3.64590669e-04   0.0000
  9.38971702e-04   0.0000
 -6.31216262e-03   0.0000
  5.23348339e-02   0.0000
  3.33636403e-02   0.0000
 -2.45806724e-02   0.0000
 -1.36317879e-01   0.0000
  1.03314924e+00   0.0000
 -7.02794595e-03   0.0000
  1.33619949e-01   0.0000
 -6.83398452e-03   0.0000
 -2.95744184e-02   0.0000
  2.53353151e-04   0.0000
  3.21361658e-05   0.0000
 -1.67538915e-02   0.0000
  3.88326123e-04   0.0000
  1.15239224e-03   0.0000
  1.65120419e-02   0.0000
  2.21812818e-03   0.0000
  7.82718509e-02   0.0000
  8.73984098e-02   0.0000
 -3.54793109e-02   0.0000
 -2.27644946e-03   0.0000
 -2.88454909e-03   0.0000
  4.17708652e-03   0.0000
 -5.91884777e-02   0.0000
 -3.13688904e-01   0.0000
 -4.70954314e-04   0.0000
  1.69850379e-01   0.0000
  8.81467402e-01   0.0000
 -1.51774362e-01   0.0000
 -6.13293350e-02   0.0000
 -1.81970373e-03   0.0000
 -1.39601401e-03   0.0000
  4.84004244e-03   0.0000
  4.20898236e-02   0.0000
  9.94906053e-02   0.0000
 -3.91077762e-03   0.0000
 -2.21433029e-01   0.0000
  8.77485931e-01   0.0000
  5.48873749e-03   0.0000
  1.45807132e-01   0.0000
  1.46282007e-04   0.0000
 -2.33143996e-02   0.0000
 -3.11779986e-05   0.0000
 -9.57786455e-04   0.0000
  2.44576391e-02   0.0000
  5.01333619e-04   0.0000
 -5.22007458e-02   0.0000
  5.17860195e-03   0.0000
 -2.79089808e-02   0.0000
  5.03547117e-02   0.0000
 -5.21077335e-01   0.0000
 -1.37940601e-01   0.0000
  1.92023367e-02   0.0000
  1.46873249e-02   0.0000
 -2.46381690e-03   0.0000
  1.03724189e-01   0.0000
 -1.13542870e-01   0.0000
 -4.58155992e-04   0.0000
  5.79340219e-01   0.0000
  1.26406837e+00   0.0000
 -1.60559252e-01   0.0000
 -6.11939207e-02   0.0000
 -1.05477255e-02   0.0000
  3.44222151e-02   0.0000
  8.00491646e-02   0.0000
  5.78428730e-02   0.0000
  1.92974225e-01   0.0000
  1.21007837e-01   0.0000
 -2.43087888e-01   0.0000
  6.83894753e-01   0.0000
 -8.01613629e-02   0.0000
  2.17226431e-01   0.0000
  5.47136068e-02   0.0000
 -6.00051461e-03   0.0000
 -3.17546912e-03   0.0000
  3.93540831e-03   0.0000
  1.54486984e-01   0.0000
 -4.21852618e-02   0.0000
 -7.00492710e-02   0.0000
  4.24174927e-02   0.0000
 -9.02770087e-02   0.0000
  4.31177914e-02   0.0000
 -7.80690551e-01   0.0000
 -3.65629375e-01   0.0000
  1.08614944e-01   0.0000
  1.07044660e-01   0.0000
  2.47239098e-02   0.0000
  4.88144606e-01   0.0000
  1.40566453e-01   0.0000
 -2.51240097e-03   0.0000
  1.09527254e+00   0.0000
  1.50972295e+00   0.0000
 -1.89176574e-01   0.0000
 -1.90291584e-01   0.0000
  1.13713946e-02   0.0000
  9.25517734e-03   0.0000
  1.03738151e-01   0.0000
  4.73496616e-02   0.0000
  2.96555698e-01   0.0000
  1.81063041e-01   0.0000
  4.52835560e-02   0.0000
  3.95074308e-01   0.0000
 -2.38113195e-01   0.0000
  3.91831994e-01   0.0000
  1.14696771e-02   0.0000
 -8.59948248e-03   0.0000
 -1.20888213e-02   0.0000
  6.53620204e-03   0.0000
  1.49258286e-01   0.0000
 -1.51473120e-01   0.0000
 -8.11507031e-02   0.0000
  8.65713432e-02   0.0000
 -1.39286950e-01   0.0000
  6.57197982e-02   0.0000
 -3.83041978e-01   0.0000
 -3.01027805e-01   0.0000
  2.04055294e-01   0.0000
  1.56650782e-01   0.0000
  2.06236262e-02   0.0000
  7.11130977e-01   0.0000
  2.12117806e-01   0.0000
  6.34996919e-03   0.0000
  1.49880958e+00   0.0000
  1.46543932e+00   0.0000
 -3.15223694e-01   0.0000
 -5.91240883e-01   0.0000
  4.12060097e-02   0.0000
  3.42758335e-02   0.0000
  2.72089630e-01   0.0000
  6.04308583e-02   0.0000
  3.87657881e-01   0.0000
  1.82816789e-01   0.0000
  5.78081667e-01   0.0000
  4.62898374e-01   0.0000
 -2.27773994e-01   0.0000
  7.55585790e-01   0.0000
  2.45019961e-02   0.0000
 -8.53579957e-03   0.0000
 -7.40179932e-03   0.0000
 -5.00276219e-03   0.0000
  1.91435903e-01   0.0000
 -2.66092956e-01   0.0000
 -1.78025991e-01   0.0000
  1.46341547e-01   0.0000
 -2.04218537e-01   0.0000
  1.15509443e-01   0.0000
  4.20121044e-01   0.0000
 -1.45792231e-01   0.0000
  3.11318427e-01   0.0000
  1.21961452e-01   0.0000
  1.40440926e-01   0.0000
  9.29250360e-01   0.0000
  2.05979813e-02   0.0000
  1.39722917e-02   0.0000
  1.90196311e+00   0.0000
  1.49181855e+00   0.0000
 -5.57813227e-01   0.0000
 -1.02135956e+00   0.0000
  7.40108266e-02   0.0000
  6.94397688e-02   0.0000
  3.30766261e-01   0.0000
  1.74354643e-01   0.0000
  5.93255877e-01   0.0000
  3.18899035e-01   0.0000
  1.25231755e+00   0.0000
  5.53119540e-01   0.0000
 -2.28490889e-01   0.0000
  1.05547690e+00   0.0000
  2.36561149e-02   0.0000
 -6.99267611e-02   0.0000
 -4.15803902e-02   0.0000
  2.05139387e-02   0.0000
  1.94085151e-01   0.0000
 -3.03393424e-01   0.0000
 -1.77602127e-01   0.0000
  2.00191021e-01   0.0000
 -2.50208437e-01   0.0000
  2.08605498e-01   0.0000
  1.82771850e+00   0.0000
  9.27046090e-02   0.0000
  2.42128506e-01   0.0000
  1.15775496e-01   0.0000
  7.81462714e-02   0.0000
  9.86782134e-01   0.0000
 -3.97296935e-01   0.0000
  7.94305373e-03   0.0000
  2.16957092e+00   0.0000
  1.37808454e+00   0.0000
 -6.70092285e-01   0.0000
 -1.59173524e+00   0.0000
  1.19199447e-01   0.0000
  7.50990212e-02   0.0000
  2.83792824e-01   0.0000
  9.47816949e-03   0.0000
 -1.87735946e-03   0.0000
 -3.57083254e-03   0.0000
  2.42570311e-01   0.0000
 -1.99460161e+00   0.0000
  1.75049584e-02   0.0000
  2.05130100e-01   0.0000
  6.99929078e-04   0.0000
 -4.87223752e-02   0.0000
 -1.01738330e-03   0.0000
 -5.13915494e-02   0.0000
  2.31577680e-04   0.0000
 -3.77426593e-04   0.0000
 -1.30865723e-04   0.0000
 -6.96196686e-04   0.0000
  3.92954942e-04   0.0000
 -6.47431388e-02   0.0000
  1.29170871e+00   0.0000
  1.03501141e-01   0.0000
 -3.15200463e-02   0.0000
 -4.01893543e-04   0.0000
 -3.41856503e-04   0.0000
 -1.11625411e-01   0.0000
 -7.09474087e-01   0.0000
  4.05107363e-04   0.0000
 -9.19265524e-02   0.0000
  3.48586917e-01   0.0000
  1.20882746e-02   0.0000
 -6.74992323e-01   0.0000
 -1.26865541e-03   0.0000
  1.04314438e-03   0.0000
 -6.14161976e-02   0.0000
  1.74868666e-02   0.0000
  3.72325219e-02   0.0000
 -1.05136670e-02   0.0000
  6.52519763e-02   0.0000
 -1.90279722e+00   0.0000
  5.85663505e-02   0.0000
 -1.43388985e-02   0.0000
  4.56493609e-02   0.0000
 -1.08914617e-02   0.0000
  1.39074156e-03   0.0000
 -4.11566757e-02   0.0000
 -8.03886913e-03   0.0000
  3.06126638e-03   0.0000
  4.24942235e-03   0.0000
 -6.06582640e-03   0.0000
  7.56053720e-03   0.0000
 -3.86214584e-01   0.0000
  1.39657450e+00   0.0000
  2.99595207e-01   0.0000
 -1.92005765e-02   0.0000
 -3.98611231e-03   0.0000
 -3.99470748e-03   0.0000
 -8.62590075e-02   0.0000
 -4.77782547e-01   0.0000
 -7.03852973e-04   0.0000
  1.17632248e-01   0.0000
  2.51276642e-01   0.0000
  2.75880009e-01   0.0000
 -1.27923238e+00   0.0000
  2.95905042e-02   0.0000
  1.47821076e-04   0.0000
 -1.13765979e-02   0.0000
 -1.05583318e-01   0.0000
  6.57964498e-02   0.0000
 -1.33295497e-02   0.0000
 -1.79038852e-01   0.0000
 -8.34032357e-01   0.0000
  3.87251154e-02   0.0000
 -7.92535618e-02   0.0000
  3.37197743e-02   0.0000
  1.06529430e-01   0.0000
 -2.60778423e-02   0.0000
 -5.45566455e-02   0.0000
 -1.28955422e-02   0.0000
 -7.88792316e-03   0.0000
  7.06123974e-05   0.0000
 -9.42816883e-02   0.0000
  1.06129339e-02   0.0000
 -8.24782133e-01   0.0000
  1.43512011e+00   0.0000
  5.81309021e-01   0.0000
 -1.95387155e-02   0.0000
 -8.78540147e-03   0.0000
  6.77775941e-04   0.0000
 -4.64422740e-02   0.0000
 -7.61271536e-01   0.0000
 -4.69193533e-02   0.0000
  3.37295204e-01   0.0000
  3.06861818e-01   0.0000
  6.47516549e-01   0.0000
 -1.43313980e+00   0.0000
  5.24726044e-03   0.0000
  6.55267015e-03   0.0000
 -5.71764596e-02   0.0000
 -1.04381047e-01   0.0000
  1.21973410e-01   0.0000
 -6.13965616e-02   0.0000
 -3.81526798e-01   0.0000
  2.71877944e-01   0.0000
  1.31513411e-02   0.0000
  4.93035205e-02   0.0000
  1.12617046e-01   0.0000
  8.36128891e-02   0.0000
 -1.26358375e-01   0.0000
 -3.57392244e-02   0.0000
 -2.60126847e-03   0.0000
 -1.01661466e-01   0.0000
 -2.25715991e-02   0.0000
  1.38702721e-03   0.0000
 -4.63481469e-04   0.0000
 -1.34144425e+00   0.0000
  1.29054904e+00   0.0000
  8.83498549e-01   0.0000
 -4.82660197e-02   0.0000
 -7.87359104e-02   0.0000
 -3.63707691e-02   0.0000
  2.52938326e-02   0.0000
 -8.64360571e-01   0.0000
 -1.06688007e-03   0.0000
  4.62934285e-01   0.0000
  2.68909633e-01   0.0000
  8.97092044e-01   0.0000
 -1.27779639e+00   0.0000
  1.52813073e-03   0.0000
  9.85540100e-04   0.0000
 -1.91201881e-01   0.0000
 -1.68313041e-01   0.0000
  6.36856183e-02   0.0000
 -7.15251267e-02   0.0000
 -6.14427090e-01   0.0000
  8.00324082e-01   0.0000
  4.58735824e-02   0.0000
  4.36574668e-01   0.0000
 -1.40675046e-02   0.0000
  2.45672151e-01   0.0000
 -1.73108384e-01   0.0000
 -7.18447119e-02   0.0000
 -7.07640499e-02   0.0000
 -1.21691957e-01   0.0000
 -1.81219444e-01   0.0000
 -9.55192521e-02   0.0000
  8.48760754e-02   0.0000
 -1.52800012e+00   0.0000
  7.75491536e-01   0.0000
  9.71077681e-01   0.0000
 -1.15090244e-01   0.0000
  5.31238178e-03   0.0000
 -7.88833201e-02   0.0000
 -1.29516259e-01   0.0000
 -4.77510363e-01   0.0000
 -5.98606355e-02   0.0000
  3.79119754e-01   0.0000
  8.91513973e-02   0.0000
  9.17019904e-01   0.0000
 -1.33519125e+00   0.0000
 -3.87490354e-03   0.0000
  5.94722629e-02   0.0000
 -2.03451395e-01   0.0000
 -2.16821894e-01   0.0000
  1.47457244e-02   0.0000
 -1.19764023e-01   0.0000
 -7.52903879e-01   0.0000
  8.73864949e-01   0.0000
  1.98075742e-01   0.0000
  8.22296977e-01   0.0000
 -2.27849055e-02   0.0000
  2.38208935e-01   0.0000
 -5.53666167e-02   0.0000
 -1.28813961e-03   0.0000
 -2.39803880e-01   0.0000
 -9.79406536e-02   0.0000
 -1.47376224e-01   0.0000
 -1.35351926e-01   0.0000
  2.12348908e-01   0.0000
 -1.62412524e+00   0.0000
 -2.91939434e-02   0.0000
  8.71958315e-01   0.0000
 -2.62068778e-01   0.0000
 -2.08452478e-01   0.0000
 -7.61094987e-02   0.0000
 -2.41761580e-01   0.0000
  1.55354932e-01   0.0000
 -1.45460963e-01   0.0000
  6.87436387e-02   0.0000
  4.68991041e-01   0.0000
  6.85473919e-01   0.0000
 -5.64218044e-01   0.0000
 -1.15948282e-01   0.0000
  7.30730593e-02   0.0000
 -3.14339340e-01   0.0000
 -2.91354507e-01   0.0000
 -1.03668682e-01   0.0000
 -2.44376108e-01   0.0000
 -5.24295986e-01   0.0000
  5.02134800e-01   0.0000
  2.64642298e-01   0.0000
  1.28206742e+00   0.0000
 -3.55886705e-02   0.0000
  4.25788045e-01   0.0000
 -2.45260268e-01   0.0000
 -7.68012851e-02   0.0000
 -2.47763112e-01   0.0000
 -1.26347557e-01   0.0000
 -1.85161024e-01   0.0000
 -2.29206294e-01   0.0000
  3.32657337e-01   0.0000
 -1.42015946e+00   0.0000
 -3.65145057e-01   0.0000
  4.97782290e-01   0.0000
 -3.72845173e-01   0.0000
 -1.91455394e-01   0.0000
 -1.59286126e-01   0.0000
 -6.15324914e-01   0.0000
  9.55530584e-01   0.0000
 -1.18176162e-01   0.0000
 -3.21567565e-01   0.0000
  1.62336147e+00   0.0000
  4.18490946e-01   0.0000
  1.28201008e+00   0.0000
 -2.66844004e-01   0.0000
  1.89157337e-01   0.0000
 -4.97919053e-01   0.0000
  8.71059950e-03   0.0000
  5.66535369e-02   0.0000
  1.11907648e-05   0.0000
  7.55522013e-01   0.0000
  1.40350178e-01   0.0000
  2.23214012e-02   0.0000
  2.09156662e-01   0.0000
  9.64489207e-02   0.0000
 -1.49331950e-02   0.0000
  2.05538905e-04   0.0000
  2.26235585e-04   0.0000
  9.61128972e-04   0.0000
  1.02750659e-02   0.0000
  8.80123768e-03   0.0000
 -1.75024029e-02   0.0000
  1.47667772e-04   0.0000
  4.76038098e-01   0.0000
  1.57666504e-01   0.0000
 -8.25286284e-02   0.0000
 -1.12246992e-02   0.0000
 -1.18210725e-02   0.0000
  6.51195151e-05   0.0000
 -3.12657431e-02   0.0000
 -5.47035635e-01   0.0000
  2.74022692e-04   0.0000
  1.55939348e-02   0.0000
  1.18131006e+00   0.0000
 -1.65387765e-02   0.0000
  1.16691804e+00   0.0000
 -7.57775642e-03   0.0000
 -1.74040124e-02   0.0000
 -9.33545530e-02   0.0000
  7.34611824e-02   0.0000
  1.42703682e-01   0.0000
 -2.27387119e-02   0.0000
  5.84834814e-01   0.0000
 -6.43656105e-02   0.0000
  4.81866151e-02   0.0000
  2.23828718e-01   0.0000
  2.08278954e-01   0.0000
 -5.07053547e-02   0.0000
 -5.19058131e-06   0.0000
 -3.75411585e-02   0.0000
 -2.53162757e-02   0.0000
  3.87921417e-03   0.0000
  1.41162146e-03   0.0000
 -5.26903896e-03   0.0000
  1.77221876e-02   0.0000
 -2.57017165e-01   0.0000
 -6.73631489e-01   0.0000
 -1.99459434e-01   0.0000
 -8.73457268e-02   0.0000
 -8.39628465e-03   0.0000
 -2.14620051e-03   0.0000
  4.27366933e-03   0.0000
 -1.51575059e-01   0.0000
 -4.20878612e-04   0.0000
  8.96153003e-02   0.0000
  1.91665092e-03   0.0000
 -6.15435245e-04   0.0000
  3.64199221e-01   0.0000
  1.75796166e-01   0.0000
  3.39092134e-04   0.0000
 -5.74484654e-02   0.0000
  2.22716287e-01   0.0000
  3.18729132e-01   0.0000
 -4.42319885e-02   0.0000
  2.83412784e-01   0.0000
 -1.88434452e-01   0.0000
  3.13406736e-02   0.0000
  2.15981722e-01   0.0000
  2.16033667e-01   0.0000
 -1.41172364e-01   0.0000
  3.59094486e-07   0.0000
 -3.27571221e-02   0.0000
 -3.86832729e-02   0.0000
 -2.89402008e-02   0.0000
  1.13581102e-02   0.0000
 -4.46339771e-02   0.0000
  2.38390677e-02   0.0000
  8.26069247e-03   0.0000
 -1.02597260e+00   0.0000
 -2.52143860e-01   0.0000
 -1.66018501e-01   0.0000
 -3.15499865e-02   0.0000
 -9.69895069e-03   0.0000
 -7.61049092e-02   0.0000
 -3.36352661e-02   0.0000
  2.33412648e-04   0.0000
  2.76596636e-01   0.0000
 -1.68034434e-01   0.0000
 -1.30640581e-01   0.0000
 -3.01558644e-01   0.0000
  7.72080347e-02   0.0000
 -7.01549789e-03   0.0000
  1.37608752e-01   0.0000
  3.61597300e-01   0.0000
  2.86673158e-01   0.0000
 -1.32389754e-01   0.0000
  3.71741951e-01   0.0000
 -2.16750547e-01   0.0000
  6.23655245e-02   0.0000
  3.77260983e-01   0.0000
  1.69931576e-01   0.0000
 -1.71774164e-01   0.0000
  6.86633983e-04   0.0000
 -6.85191453e-02   0.0000
 -1.02298230e-01   0.0000
 -2.33049523e-02   0.0000
 -6.55169114e-02   0.0000
 -8.88952613e-02   0.0000
  1.01692505e-01   0.0000
  9.79746580e-01   0.0000
 -3.35416794e-01   0.0000
 -9.29485857e-02   0.0000
 -1.98346943e-01   0.0000
 -1.65040001e-01   0.0000
 -7.34833032e-02   0.0000
 -2.01567560e-01   0.0000
  6.76754490e-02   0.0000
 -1.84878670e-02   0.0000
  2.59965807e-01   0.0000
 -8.51798952e-02   0.0000
 -3.45885426e-01   0.0000
 -1.15680536e-02   0.0000
  2.16675892e-01   0.0000
  9.40377712e-02   0.0000
  4.05896127e-01   0.0000
  4.00623173e-01   0.0000
  4.11850899e-01   0.0000
 -1.38561487e-01   0.0000
  7.27932632e-01   0.0000
 -1.08383007e-01   0.0000
  2.09346637e-01   0.0000
 -7.93547556e-02   0.0000
  6.21554106e-02   0.0000
 -1.74469680e-01   0.0000
  3.97592783e-03   0.0000
 -4.66231331e-02   0.0000
 -1.15405649e-01   0.0000
 -1.63851589e-01   0.0000
 -9.59543586e-02   0.0000
 -2.76769310e-01   0.0000
  1.61521539e-01   0.0000
  9.67583597e-01   0.0000
  1.18356578e-01   0.0000
  1.91523936e-02   0.0000
 -1.27589539e-01   0.0000
 -1.12246253e-01   0.0000
 -1.07109278e-01   0.0000
 -3.55348229e-01   0.0000
  3.87680411e-01   0.0000
 -7.44547695e-02   0.0000
  8.21116567e-02   0.0000
  1.77637845e-01   0.0000
 -5.19641459e-01   0.0000
  1.90577656e-02   0.0000
  5.32416441e-02   0.0000
  1.03072070e-01   0.0000
  6.49591923e-01   0.0000
  3.27847242e-01   0.0000
  5.71162879e-01   0.0000
 -3.40911806e-01   0.0000
  8.19756448e-01   0.0000
 -9.80925411e-02   0.0000
  2.49319881e-01   0.0000
 -1.40711379e+00   0.0000
 -3.04779480e-03   0.0000
 -1.66459024e-01   0.0000
 -1.67639285e-01   0.0000
 -6.30938075e-03   0.0000
 -2.13282928e-01   0.0000
 -3.88593674e-02   0.0000
 -1.84686944e-01   0.0000
 -1.50873557e-01   0.0000
  3.43677282e-01   0.0000
 -3.55451077e-01   0.0000
 -3.30632001e-01   0.0000
  8.06466118e-02   0.0000
 -1.59515992e-01   0.0000
 -2.63411373e-01   0.0000
 -1.51806414e-01   0.0000
 -7.85097957e-01   0.0000
  3.70324194e-01   0.0000
 -2.18594387e-01   0.0000
 -1.10662147e-01   0.0000
  1.30877659e-01   0.0000
 -5.85229576e-01   0.0000
 -3.51921737e-01   0.0000
  7.84916878e-02   0.0000
  1.94838986e-01   0.0000
  9.70773518e-01   0.0000
  2.53987819e-01   0.0000
  5.66457868e-01   0.0000
 -3.07151347e-01   0.0000
  1.18165553e+00   0.0000
 -4.84851480e-01   0.0000
  3.39053243e-01   0.0000
 -2.28427649e+00   0.0000
 -6.49618392e-04   0.0000
 -1.09055124e-01   0.0000
 -5.12189381e-02   0.0000
 -9.74250659e-02   0.0000
 -4.12115186e-01   0.0000
 -9.19461995e-02   0.0000
 -2.27808133e-01   0.0000
 -2.03964964e-01   0.0000
  3.47421914e-01   0.0000
 -1.66744637e+00   0.0000
 -4.90623228e-02   0.0000
  1.53367028e-01   0.0000
 -3.31067592e-01   0.0000
 -1.91412643e-01   0.0000
 -1.97876766e-01   0.0000
 -8.77713263e-01   0.0000
 -2.58092076e-01   0.0000
 -3.39967966e-01   0.0000
 -3.78581733e-01   0.0000
  8.69711995e-01   0.0000
 -6.09683752e-01   0.0000
  6.42819047e-01   0.0000
 -2.77255252e-02   0.0000
  1.37484834e-01   0.0000
  1.13580596e+00   0.0000
  2.66943514e-01   0.0000
 -1.64572731e-01   0.0000
 -8.86051655e-02   0.0000
  4.37142029e-02   0.0000
 -2.47513533e-01   0.0000
 -3.33976597e-02   0.0000
  1.50990343e+00   0.0000
  5.59985042e-01   0.0000
 -1.24633417e-01   0.0000
 -1.97222427e-01   0.0000
 -7.94275478e-02   0.0000
 -1.21794805e-01   0.0000
 -1.91727325e-01   0.0000
 -2.20589772e-01   0.0000
  2.77382117e-02   0.0000
  7.01256841e-02   0.0000
  8.20417404e-02   0.0000
  8.57613832e-02   0.0000
 -3.57167989e-01   0.0000
 -2.52356648e-01   0.0000
 -1.56274110e-01   0.0000
 -2.09475622e-01   0.0000
 -1.01718754e-01   0.0000
  1.04090619e+00   0.0000
 -1.60626039e-01   0.0000
 -6.65272251e-02   0.0000
  8.59335661e-01   0.0000
 -5.07750392e-01   0.0000
 -1.35964215e+00   0.0000
  2.36650091e-02   0.0000
  2.04681858e-01   0.0000
 -3.98472667e-01   0.0000
 -3.48901935e-02   0.0000
 -2.70055890e-01   0.0000
  5.28988838e-02   0.0000
 -1.52870119e-01   0.0000
  4.36393917e-02   0.0000
 -7.33153149e-02   0.0000
  3.08640659e-01   0.0000
  3.57632414e-02   0.0000
  8.15674372e-04   0.0000
 -2.19660550e-01   0.0000
  4.18144949e-02   0.0000
  2.74871569e-03   0.0000
 -2.01887548e-01   0.0000
 -4.35154438e-02   0.0000
 -2.58655311e-03   0.0000
 -2.53263731e-02   0.0000
 -6.11066967e-02   0.0000
 -1.71408504e-02   0.0000
  2.61627585e-01   0.0000
  3.61112773e-01   0.0000
  6.78345235e-03   0.0000
 -4.02928948e-01   0.0000
  1.13993939e-02   0.0000
 -1.25463679e-01   0.0000
  7.26507697e-03   0.0000
  3.42654079e-01   0.0000
 -3.19423169e-01   0.0000
  2.35614747e-01   0.0000
  2.20529720e-01   0.0000
 -3.51129961e-03   0.0000
 -2.01512396e-01   0.0000
 -9.66079086e-02   0.0000
  2.17022911e-01   0.0000
  3.79015416e-01   0.0000
 -1.25738442e-01   0.0000
  2.63143122e-01   0.0000
 -2.28903055e-01   0.0000
  1.97869882e-01   0.0000
 -4.23379451e-01   0.0000
 -7.35697448e-02   0.0000
  1.84652209e-02   0.0000
  6.30929232e-01   0.0000
 -9.31510627e-02   0.0000
  2.49387529e-02   0.0000
  2.59155691e-01   0.0000
 -1.51923597e-01   0.0000
  2.25188155e-02   0.0000
  6.57942668e-02   0.0000
  1.09976202e-01   0.0000
  1.46005377e-01   0.0000
 -3.47632796e-01   0.0000
 -4.52893674e-01   0.0000
 -3.23653854e-02   0.0000
  5.32996058e-01   0.0000
 -6.03483245e-02   0.0000
  2.49736324e-01   0.0000
  6.44414127e-02   0.0000
 -5.14417112e-01   0.0000
  7.58877754e-01   0.0000
 -2.97478527e-01   0.0000
 -2.19708756e-01   0.0000
  4.19209041e-02   0.0000
  3.93926561e-01   0.0000
  2.87099600e-01   0.0000
  3.95518318e-02   0.0000
  1.60893619e-01   0.0000
 -9.67465714e-02   0.0000
  2.01285154e-01   0.0000
 -2.05883086e-01   0.0000
  4.01841402e-02   0.0000
 -1.34951890e-01   0.0000
 -2.60671023e-02   0.0000
  7.09566521e-03   0.0000
  8.74142200e-02   0.0000
 -6.33240417e-02   0.0000
 -7.93919489e-02   0.0000
  1.24822393e-01   0.0000
 -3.01871151e-01   0.0000
  4.45082821e-02   0.0000
  1.63801815e-02   0.0000
  7.42889568e-02   0.0000
  6.71216846e-02   0.0000
 -7.85858631e-02   0.0000
 -8.85898173e-02   0.0000
 -1.75897626e-03   0.0000
  1.27024159e-01   0.0000
 -1.98924169e-02   0.0000
  9.68074575e-02   0.0000
  1.11940220e-01   0.0000
 -3.70788984e-02   0.0000
  1.03003472e-01   0.0000
 -1.42556280e-01   0.0000
 -1.17914557e-01   0.0000
  1.00324780e-01   0.0000
  8.84454027e-02   0.0000
  4.61810492e-02   0.0000
 -1.82452664e-01   0.0000
 -4.42675769e-01   0.0000
  2.37517864e-01   0.0000
 -3.80619377e-01   0.0000
  2.59273440e-01   0.0000
 -2.71281689e-01   0.0000
  5.28508544e-01   0.0000
  1.55032098e-01   0.0000
 -1.27787650e-01   0.0000
 -1.28389254e-01   0.0000
  1.39522016e-01   0.0000
 -1.98983413e-04   0.0000
 -3.89664382e-01   0.0000
  7.41903856e-02   0.0000
 -1.77887361e-03   0.0000
 -2.52191365e-01   0.0000
 -2.25393251e-01   0.0000
 -7.95641169e-02   0.0000
  3.77888232e-01   0.0000
  5.87641060e-01   0.0000
 -1.60862471e-03   0.0000
 -4.76438642e-01   0.0000
  1.40265003e-01   0.0000
 -3.79227400e-01   0.0000
 -7.00336397e-02   0.0000
  5.39597869e-01   0.0000
 -5.88140607e-01   0.0000
  3.93817723e-01   0.0000
  3.18934768e-01   0.0000
 -6.47263080e-02   0.0000
 -4.28335756e-01   0.0000
 -1.70963421e-01   0.0000
 -4.47362691e-01   0.0000
 -7.36481011e-01   0.0000
  3.41104388e-01   0.0000
 -4.86652702e-01   0.0000
  3.93886060e-01   0.0000
 -6.17682457e-01   0.0000
  8.77232373e-01   0.0000
  4.51588750e-01   0.0000
 -2.16640189e-01   0.0000
 -9.48632419e-01   0.0000
  2.09634900e-01   0.0000
 -4.02554691e-01   0.0000
 -7.07087636e-01   0.0000
  5.33654578e-02   0.0000
  4.55343351e-02   0.0000
 -5.35895824e-01   0.0000
 -5.74635506e-01   0.0000
 -4.50403243e-01   0.0000
  8.63609910e-01   0.0000
  9.85271752e-01   0.0000
  6.19982146e-02   0.0000
 -9.02193427e-01   0.0000
  4.44416493e-01   0.0000
 -6.63927913e-01   0.0000
 -6.29484793e-03   0.0000
  1.13804507e+00   0.0000
 -1.17571068e+00   0.0000
  5.94810009e-01   0.0000
  5.75194120e-01   0.0000
 -2.50354052e-01   0.0000
 -9.14490521e-01   0.0000
 -5.01094103e-01   0.0000
 -3.15492786e-02   0.0000
 -1.83425024e-01   0.0000
  1.40201569e-01   0.0000
 -2.72454232e-01   0.0000
  2.23592445e-01   0.0000
 -4.42669764e-02   0.0000
  7.83408508e-02   0.0000
  3.63076590e-02   0.0000
 -1.14660645e-02   0.0000
 -1.46646991e-01   0.0000
  1.29707664e-01   0.0000
  3.46557400e-03   0.0000
 -1.84432432e-01   0.0000
  1.73099831e-01   0.0000
 -2.65461653e-02   0.0000
 -2.36727744e-02   0.0000
 -6.23665005e-02   0.0000
 -4.54107560e-02   0.0000
  3.65071781e-02   0.0000
  1.01687126e-01   0.0000
  6.76605734e-04   0.0000
 -1.50153145e-01   0.0000
  3.50698903e-02   0.0000
 -7.49520138e-02   0.0000
 -1.34282231e-01   0.0000
  7.02874810e-02   0.0000
 -4.98500206e-02   0.0000
  1.62572905e-01   0.0000
  7.72586614e-02   0.0000
 -2.48160884e-02   0.0000
 -8.62717703e-02   0.0000
 -3.68031412e-02   0.0000
 -1.10387668e-01   0.0000
 -2.67324179e-01   0.0000
  7.55066946e-02   0.0000
 -1.72065273e-01   0.0000
  1.27560616e-01   0.0000
 -1.34632751e-01   0.0000
  1.94524780e-01   0.0000
  2.62454171e-02   0.0000
 -5.95712336e-03   0.0000
 -4.51497465e-01   0.0000
  8.79534334e-02   0.0000
 -4.31209654e-02   0.0000
 -1.37609422e-01   0.0000
  1.27690598e-01   0.0000
 -7.22026685e-03   0.0000
 -1.58487305e-01   0.0000
 -9.34994221e-02   0.0000
 -5.15220426e-02   0.0000
  1.99588954e-01   0.0000
  2.29503721e-01   0.0000
  2.61987152e-04   0.0000
 -1.99466050e-01   0.0000
  2.08540615e-02   0.0000
 -7.85481706e-02   0.0000
 -4.55278205e-03   0.0000
  2.26802051e-01   0.0000
 -2.14672551e-01   0.0000
  2.25509182e-01   0.0000
  2.32095286e-01   0.0000
 -1.61469709e-02   0.0000
 -1.80148959e-01   0.0000
 -2.11402789e-01   0.0000
 -1.21959567e-01   0.0000
  1.04005337e-01   0.0000
 -2.04634704e-02   0.0000
  6.04570583e-02   0.0000
 -6.54193088e-02   0.0000
 -1.65715501e-01   0.0000
 -2.09318340e-01   0.0000
  1.56377003e-01   0.0000
 -1.64809898e-02   0.0000
  2.78999388e-01   0.0000
  9.61010307e-02   0.0000
 -5.40517420e-02   0.0000
  4.17758673e-02   0.0000
 -6.77118152e-02   0.0000
 -9.60454752e-04   0.0000
 -4.50538397e-02   0.0000
 -1.23035364e-01   0.0000
 -7.00151622e-02   0.0000
 -8.79214257e-02   0.0000
 -1.47450149e-01   0.0000
 -1.50250702e-03   0.0000
  1.54397070e-01   0.0000
  7.98955485e-02   0.0000
  4.39280905e-02   0.0000
  1.15051563e-03   0.0000
 -1.62082434e-01   0.0000
  3.04787040e-01   0.0000
 -5.10822386e-02   0.0000
 -4.03147712e-02   0.0000
 -1.12159317e-02   0.0000
  1.17004685e-01   0.0000
 -1.63701683e-01   0.0000
  6.71397299e-02   0.0000
  1.58091143e-01   0.0000
 -3.00682755e-03   0.0000
  5.53574264e-02   0.0000
 -7.87986629e-03   0.0000
  5.25028929e-02   0.0000
 -2.49246314e-01   0.0000
 -4.37450260e-02   0.0000
 -4.87195095e-03   0.0000
  2.16197241e-02   0.0000
 -4.72842436e-03   0.0000
  4.75965738e-02   0.0000
  1.08124636e-01   0.0000
  1.09242789e-01   0.0000
 -7.71349389e-03   0.0000
  4.22732672e-03   0.0000
  1.35151464e-02   0.0000
 -2.13070214e-03   0.0000
 -1.15548924e-01   0.0000
 -2.07054615e-01   0.0000
 -1.00815797e-03   0.0000
  1.82551980e-01   0.0000
 -9.19924080e-02   0.0000
  1.96187556e-01   0.0000
 -5.72436415e-02   0.0000
 -9.93346944e-02   0.0000
  1.86614856e-01   0.0000
 -1.16134219e-01   0.0000
 -1.26347169e-01   0.0000
  5.11421524e-02   0.0000
  1.95744812e-01   0.0000
  1.06216677e-01   0.0000
  1.55487722e-02   0.0000
  1.49474572e-02   0.0000
 -2.15206165e-02   0.0000
  2.39481274e-02   0.0000
 -6.52480796e-02   0.0000
 -2.00619288e-02   0.0000
  3.26741044e-03   0.0000
 -1.01723894e-02   0.0000
  5.95409190e-03   0.0000
 -1.00212777e-02   0.0000
 -1.42464368e-02   0.0000
 -5.98629713e-02   0.0000
  1.47556644e-02   0.0000
 -7.02635944e-02   0.0000
  6.29551411e-02   0.0000
  9.09943040e-03   0.0000
  1.54722175e-02   0.0000
  7.67604727e-03   0.0000
 -3.83108901e-03   0.0000
  7.36541003e-02   0.0000
  2.35118754e-02   0.0000
 -2.51245517e-02   0.0000
  5.49980663e-02   0.0000
  1.68746356e-02   0.0000
  7.08542485e-03   0.0000
  1.56948455e-02   0.0000
 -2.98928339e-02   0.0000
 -9.98159032e-03   0.0000
 -2.62730010e-02   0.0000
  7.06392433e-03   0.0000
  7.79589685e-03   0.0000
  1.25638600e-02   0.0000
  1.86768882e-02   0.0000
  1.40013006e-02   0.0000
 -1.21341541e-01   0.0000
  2.10435502e-02   0.0000
 -2.63087209e-02   0.0000
  7.80722126e-03   0.0000
 -1.14630547e-03   0.0000
 -1.65566895e-02   0.0000
  3.22089577e-03   0.0000
 -1.05641419e-02   0.0000
 -8.25502817e-03   0.0000
 -9.03945998e-04   0.0000
  2.25223079e-02   0.0000
 -3.43414545e-02   0.0000
  2.65004020e-03   0.0000
  1.23055363e-02   0.0000
  2.32545342e-02   0.0000
  1.65056363e-02   0.0000
 -1.70186069e-03   0.0000
  8.87501240e-03   0.0000
 -2.44333642e-04   0.0000
 -6.23004977e-03   0.0000
 -1.42896799e-02   0.0000
  8.10531806e-03   0.0000
  3.71588813e-03   0.0000
  1.73048843e-02   0.0000
 -2.90765557e-02   0.0000
 -6.12252671e-03   0.0000
 -2.10867617e-02   0.0000
  2.58607697e-02   0.0000
 -2.42919493e-02   0.0000
  5.00072874e-02   0.0000
  2.61625536e-02   0.0000
  1.09329097e-01   0.0000
 -1.27084821e-01   0.0000
  1.10479362e-01   0.0000
 -1.68377131e-01   0.0000
  3.78789194e-02   0.0000
 -1.54899716e-01   0.0000
 -9.81167853e-02   0.0000
  6.09255657e-02   0.0000
  9.61437374e-02   0.0000
 -6.50562346e-02   0.0000
 -4.51868325e-02   0.0000
  1.45707190e-01   0.0000
 -1.75712287e-01   0.0000
  5.91001764e-04   0.0000
  1.42292297e-02   0.0000
  1.19825423e-01   0.0000
  2.60630772e-02   0.0000
 -1.00585788e-01   0.0000
 -5.11007495e-02   0.0000
 -2.95612821e-03   0.0000
  9.21070352e-02   0.0000
 -9.44595858e-02   0.0000
  6.83557838e-02   0.0000
  6.94869980e-02   0.0000
 -5.29610999e-02   0.0000
  1.20842330e-01   0.0000
 -9.28884000e-02   0.0000
 -1.28589138e-01   0.0000
  7.30357841e-02   0.0000
  9.76049453e-02   0.0000
  3.35539281e-02   0.0000
 -1.37219846e-01   0.0000
 -1.54260639e-02   0.0000
 -1.48077756e-02   0.0000
 -7.56817497e-03   0.0000
 -9.18427657e-04   0.0000
 -4.37291414e-02   0.0000
  1.17767185e-01   0.0000
 -9.51020420e-03   0.0000
 -4.98144552e-02   0.0000
 -1.00588128e-01   0.0000
 -1.12332981e-02   0.0000
 -1.95067391e-01   0.0000
 -9.58273653e-03   0.0000
 -1.25994012e-02   0.0000
  6.36810213e-02   0.0000
 -7.72660039e-03   0.0000
  5.15465811e-03   0.0000
 -4.55740765e-02   0.0000
  1.08705230e-01   0.0000
  1.59051776e-01   0.0000
  7.66626734e-04   0.0000
 -6.56819344e-02   0.0000
 -3.66096827e-03   0.0000
 -3.37348953e-02   0.0000
  3.78086232e-02   0.0000
  2.10090980e-01   0.0000
 -1.08741656e-01   0.0000
  2.55761035e-02   0.0000
  7.55633519e-05   0.0000
  3.90096079e-03   0.0000
 -3.86668369e-02   0.0000
 -1.53973466e-02   0.0000
 -2.19496414e-02   0.0000
 -3.13477181e-02   0.0000
 -8.12856853e-03   0.0000
 -2.19145268e-02   0.0000
 -6.39125332e-03   0.0000
 -1.99602619e-02   0.0000
  7.85949826e-02   0.0000
  3.06331236e-02   0.0000
 -5.68646181e-04   0.0000
 -1.12922631e-01   0.0000
  4.45921859e-03   0.0000
 -1.46422327e-01   0.0000
 -1.26738194e-02   0.0000
 -4.02235473e-03   0.0000
  8.33759457e-03   0.0000
  5.75693231e-03   0.0000
  9.92324110e-03   0.0000
  3.43160750e-03   0.0000
  1.05874971e-01   0.0000
  1.64596140e-01   0.0000
  5.90996444e-02   0.0000
 -1.50245830e-01   0.0000
  2.83813514e-02   0.0000
 -2.23109368e-02   0.0000
  1.51966568e-02   0.0000
  1.75404087e-01   0.0000
 -1.15332291e-01   0.0000
  3.20968665e-02   0.0000
  5.74129261e-02   0.0000
  7.24066840e-03   0.0000
 -1.13485903e-01   0.0000
 -2.64185015e-02   0.0000
 -3.35822860e-03   0.0000
  9.15312842e-02   0.0000
 -1.70816243e-01   0.0000
  1.20824635e-01   0.0000
 -1.29112750e-01   0.0000
  5.05092107e-02   0.0000
 -1.43844336e-01   0.0000
 -3.09813730e-02   0.0000
  2.16712058e-02   0.0000
  1.06450677e-01   0.0000
 -5.86790703e-02   0.0000
 -1.00891940e-01   0.0000
  1.60882279e-01   0.0000
 -2.55804986e-01   0.0000
  2.31219735e-03   0.0000
  1.59627013e-02   0.0000
  3.34766023e-02   0.0000
  4.45911475e-02   0.0000
 -5.58274016e-02   0.0000
 -5.16554825e-02   0.0000
 -1.49627926e-03   0.0000
  9.85488147e-02   0.0000
 -1.82481930e-02   0.0000
  3.19641195e-02   0.0000
  1.18536159e-01   0.0000
 -2.20802538e-02   0.0000
  2.52639465e-02   0.0000
 -8.27599391e-02   0.0000
 -7.41420984e-02   0.0000
  2.82212645e-02   0.0000
  7.53049850e-02   0.0000
  4.14756052e-02   0.0000
 -3.93341407e-02   0.0000
 -1.99731961e-01   0.0000
  8.08434859e-02   0.0000
 -9.07518715e-02   0.0000
  1.12521462e-01   0.0000
 -6.56408221e-02   0.0000
  1.35177568e-01   0.0000
  6.11761697e-02   0.0000
 -6.73171924e-03   0.0000
 -1.74750283e-01   0.0000
  1.02292068e-01   0.0000
 -2.64120731e-03   0.0000
 -1.36930808e-01   0.0000
  1.42783046e-01   0.0000
 -2.63577681e-02   0.0000
 -3.53570990e-02   0.0000
 -1.37964487e-01   0.0000
 -3.52419354e-02   0.0000
  1.72930062e-01   0.0000
  1.13880858e-01   0.0000
  2.19690366e-04   0.0000
 -6.30663931e-02   0.0000
  3.56884897e-02   0.0000
 -1.17870532e-01   0.0000
 -1.40062526e-01   0.0000
  6.31200001e-02   0.0000
 -6.12774082e-02   0.0000
  7.35722706e-02   0.0000
  1.00562178e-01   0.0000
 -1.52325273e-01   0.0000
 -7.10702837e-02   0.0000
 -8.96121114e-02   0.0000
 -2.50896662e-01   0.0000
 -3.80424470e-01   0.0000
  2.53411740e-01   0.0000
 -3.25592816e-01   0.0000
  2.39129648e-01   0.0000
 -3.05822909e-01   0.0000
  3.94703478e-01   0.0000
  1.60232276e-01   0.0000
 -4.05625477e-02   0.0000
 -3.22934777e-01   0.0000
  2.08898067e-01   0.0000
 -1.03622571e-01   0.0000
 -1.89525753e-01   0.0000
  2.04353243e-01   0.0000
  1.71137031e-03   0.0000
 -8.91674459e-02   0.0000
 -1.18812047e-01   0.0000
 -2.35104471e-01   0.0000
  2.96724349e-01   0.0000
  3.73468518e-01   0.0000
  2.47776434e-02   0.0000
 -3.59586656e-01   0.0000
  9.94217917e-02   0.0000
 -2.71531314e-01   0.0000
 -3.67631949e-02   0.0000
  3.07569414e-01   0.0000
 -3.83354694e-01   0.0000
  2.91064858e-01   0.0000
  2.52789408e-01   0.0000
 -1.32099062e-01   0.0000
 -2.10868016e-01   0.0000
 -2.92461365e-01   0.0000
 -5.56326151e-01   0.0000
 -7.64709532e-01   0.0000
  2.10558146e-01   0.0000
 -4.64966357e-01   0.0000
  3.92892361e-01   0.0000
 -7.42770851e-01   0.0000
  1.12709296e+00   0.0000
  4.10466164e-01   0.0000
 -2.68561453e-01   0.0000
 -1.23648560e+00   0.0000
  4.33449060e-01   0.0000
 -3.52450848e-01   0.0000
 -6.21736825e-01   0.0000
  1.19197555e-01   0.0000
  3.28226527e-03   0.0000
 -3.79588842e-01   0.0000
 -5.02945483e-01   0.0000
 -3.72841001e-01   0.0000
  9.07519579e-01   0.0000
  1.35482788e+00   0.0000
  2.61443883e-01   0.0000
 -1.11968267e+00   0.0000
  4.63381410e-01   0.0000
 -7.84651518e-01   0.0000
  1.00535685e-02   0.0000
  1.38231540e+00   0.0000
 -1.42430198e+00   0.0000
  5.40355980e-01   0.0000
  5.39614916e-01   0.0000
 -4.08905834e-01   0.0000
 -1.03380179e+00   0.0000
 -5.34591258e-01   0.0000
  2.72523817e-02   0.0000
 -4.96815950e-01   0.0000
  1.74054168e-02   0.0000
 -2.39815965e-01   0.0000
  5.90931736e-02   0.0000
 -2.71166973e-02   0.0000
  3.24328452e-01   0.0000
  4.14767601e-02   0.0000
 -1.10612495e-03   0.0000
 -8.35846812e-02   0.0000
  8.23078081e-02   0.0000
 -8.47272575e-04   0.0000
 -2.99219221e-01   0.0000
  6.20944649e-02   0.0000
 -2.58199852e-02   0.0000
 -1.17164385e-02   0.0000
 -1.05018146e-01   0.0000
 -1.53034683e-02   0.0000
  1.78141966e-01   0.0000
  1.50879413e-01   0.0000
  2.54218914e-02   0.0000
 -2.90905476e-01   0.0000
  1.23352548e-02   0.0000
 -5.74487038e-02   0.0000
 -1.15581406e-02   0.0000
  2.41446823e-01   0.0000
 -3.53739649e-01   0.0000
  4.05876338e-01   0.0000
  1.88584894e-01   0.0000
 -1.64088830e-02   0.0000
 -3.77720714e-01   0.0000
 -4.17898558e-02   0.0000
  4.97221947e-02   0.0000
  9.21965763e-02   0.0000
 -9.47922543e-02   0.0000
  1.74618468e-01   0.0000
 -1.38415441e-01   0.0000
  7.24436343e-02   0.0000
 -4.01308462e-02   0.0000
 -1.57190979e-01   0.0000
  1.19856617e-03   0.0000
  3.50337327e-02   0.0000
 -5.39563783e-02   0.0000
  5.78897656e-04   0.0000
  1.63231358e-01   0.0000
 -1.52924389e-01   0.0000
  7.68513605e-02   0.0000
  3.34081650e-02   0.0000
  2.47236285e-02   0.0000
  5.49466871e-02   0.0000
 -5.60202673e-02   0.0000
 -3.20839584e-02   0.0000
  1.94712731e-04   0.0000
  1.44936994e-01   0.0000
 -8.44760537e-02   0.0000
  8.20383728e-02   0.0000
  1.12748407e-01   0.0000
 -6.05793409e-02   0.0000
  9.25967246e-02   0.0000
 -1.36556417e-01   0.0000
 -1.91345587e-01   0.0000
  2.45419051e-02   0.0000
  1.25207946e-01   0.0000
  2.43804418e-02   0.0000
  2.55769752e-02   0.0000
  7.64366537e-02   0.0000
 -9.95426327e-02   0.0000
  1.43849492e-01   0.0000
 -1.71467885e-01   0.0000
  1.98858660e-02   0.0000
 -4.25914265e-02   0.0000
 -4.22895886e-02   0.0000
  2.54145376e-02   0.0000
  9.48814675e-02   0.0000
 -3.13937850e-02   0.0000
 -4.48542833e-03   0.0000
  1.05058260e-01   0.0000
 -1.04335748e-01   0.0000
  2.99656652e-02   0.0000
  3.62243988e-02   0.0000
  9.46703628e-02   0.0000
  1.44366045e-02   0.0000
 -7.00410381e-02   0.0000
 -2.50517223e-02   0.0000
 -4.69935639e-03   0.0000
  7.99569041e-02   0.0000
 -2.17404850e-02   0.0000
  5.10872230e-02   0.0000
  5.47505021e-02   0.0000
 -3.12498081e-02   0.0000
  6.65395111e-02   0.0000
 -1.33235738e-01   0.0000
 -7.20357746e-02   0.0000
  1.93828195e-02   0.0000
  4.42947485e-02   0.0000
  9.63091329e-02   0.0000
  1.43507570e-02   0.0000
  1.06314234e-01   0.0000
 -5.31306863e-02   0.0000
  8.84024948e-02   0.0000
 -1.11375406e-01   0.0000
  1.59939732e-02   0.0000
 -1.79205835e-02   0.0000
 -1.05822533e-02   0.0000
  4.18675801e-04   0.0000
  1.78412534e-02   0.0000
 -2.37302594e-02   0.0000
 -1.56361818e-01   0.0000
  2.79836785e-02   0.0000
 -5.97224012e-02   0.0000
  3.55785800e-04   0.0000
  1.84654258e-02   0.0000
  1.22172892e-01   0.0000
  3.41236871e-03   0.0000
 -1.26124788e-02   0.0000
 -3.23049817e-03   0.0000
 -5.91519056e-04   0.0000
  8.84125195e-03   0.0000
 -3.48764807e-02   0.0000
  4.09717746e-02   0.0000
  1.14888243e-01   0.0000
  7.19270110e-03   0.0000
 -2.83636106e-03   0.0000
 -1.14814967e-01   0.0000
 -5.83778322e-02   0.0000
  7.85298087e-03   0.0000
  2.47200932e-02   0.0000
  1.58163179e-02   0.0000
  1.29488543e-01   0.0000
  5.07014692e-01   0.0000
 -2.89769590e-01   0.0000
  4.34674025e-01   0.0000
 -4.25387502e-01   0.0000
  2.42396817e-01   0.0000
 -4.62677181e-01   0.0000
 -1.23763241e-01   0.0000
  9.42433998e-02   0.0000
  4.32120174e-01   0.0000
 -2.27648661e-01   0.0000
  4.90928767e-04   0.0000
  4.21155959e-01   0.0000
 -3.48352045e-01   0.0000
  7.11405054e-02   0.0000
  1.06624067e-01   0.0000
  2.55998284e-01   0.0000
  1.22645713e-01   0.0000
 -3.43094945e-01   0.0000
 -4.67502445e-01   0.0000
  3.51630675e-04   0.0000
  5.49180329e-01   0.0000
 -9.10072848e-02   0.0000
  2.89088190e-01   0.0000
  2.31805816e-01   0.0000
 -4.31311756e-01   0.0000
  4.91718680e-01   0.0000
 -4.29751575e-01   0.0000
 -3.94280910e-01   0.0000
  1.68280497e-01   0.0000
  3.15121442e-01   0.0000
  2.95706064e-01   0.0000
  3.54136914e-01   0.0000
  5.40362716e-01   0.0000
 -3.30690920e-01   0.0000
  2.09639639e-01   0.0000
 -1.55419827e-01   0.0000
  4.35528725e-01   0.0000
 -7.79163241e-01   0.0000
 -2.71566182e-01   0.0000
  1.46850616e-01   0.0000
  8.24846327e-01   0.0000
 -1.85233697e-01   0.0000
  5.94059527e-02   0.0000
  4.50884342e-01   0.0000
 -8.06694329e-02   0.0000
  6.66621849e-02   0.0000
  1.62193760e-01   0.0000
  2.80283362e-01   0.0000
  1.69870317e-01   0.0000
 -7.24572241e-01   0.0000
 -9.14380491e-01   0.0000
 -9.47218272e-04   0.0000
  9.00910676e-01   0.0000
 -2.83847094e-01   0.0000
  3.89729440e-01   0.0000
  4.82457206e-02   0.0000
 -1.12428582e+00   0.0000
  1.04191256e+00   0.0000
 -4.46647525e-01   0.0000
 -3.18808764e-01   0.0000
  9.11836550e-02   0.0000
  7.58586347e-01   0.0000
  3.39018404e-01   0.0000
  1.17892660e-02   0.0000
  6.35260716e-02   0.0000
 -6.04321212e-02   0.0000
  7.07296431e-02   0.0000
 -8.54980946e-02   0.0000
  1.48244742e-02   0.0000
 -1.07894223e-02   0.0000
 -9.77583695e-03   0.0000
 -1.61110256e-02   0.0000
 -6.38167001e-03   0.0000
 -9.25010964e-02   0.0000
 -1.00049146e-01   0.0000
  2.68111732e-02   0.0000
 -1.73732445e-01   0.0000
  4.19384474e-03   0.0000
  9.81021859e-03   0.0000
  3.11571937e-02   0.0000
  7.46310549e-03   0.0000
  5.24998270e-03   0.0000
  4.41137981e-03   0.0000
 -2.37458109e-04   0.0000
 -1.14451181e-02   0.0000
 -9.30676050e-03   0.0000
  1.67073328e-02   0.0000
  6.57199696e-02   0.0000
  9.94035508e-03   0.0000
 -9.98599082e-03   0.0000
 -3.56421620e-02   0.0000
 -3.01386509e-02   0.0000
  2.76305582e-02   0.0000
  4.03476879e-03   0.0000
 -2.11663879e-02   0.0000
  2.57086366e-01   0.0000
  6.62789404e-01   0.0000
 -4.17817175e-01   0.0000
  5.30530155e-01   0.0000
 -5.01446307e-01   0.0000
  4.29734141e-01   0.0000
 -6.68275654e-01   0.0000
 -2.87469059e-01   0.0000
  2.46186927e-01   0.0000
  5.57221889e-01   0.0000
 -2.95299053e-01   0.0000
  7.52411410e-02   0.0000
  5.03208697e-01   0.0000
 -3.22032124e-01   0.0000
  3.41136940e-02   0.0000
  2.00695977e-01   0.0000
  3.11405301e-01   0.0000
  1.81757197e-01   0.0000
 -4.64762926e-01   0.0000
 -4.23840910e-01   0.0000
 -1.20862246e-01   0.0000
  6.18731737e-01   0.0000
 -3.04858208e-01   0.0000
  4.56638664e-01   0.0000
  1.48010597e-01   0.0000
 -5.76822877e-01   0.0000
  5.68921208e-01   0.0000
 -5.49547315e-01   0.0000
 -5.72018981e-01   0.0000
  2.27521375e-01   0.0000
  6.14386439e-01   0.0000
  5.05174935e-01   0.0000
 -2.93434232e-01   0.0000
 -3.59707296e-01   0.0000
  1.25595555e-01   0.0000
 -1.86314601e-02   0.0000
  3.61417769e-03   0.0000
 -3.86841446e-01   0.0000
  8.84714663e-01   0.0000
  2.55012333e-01   0.0000
 -2.80212909e-01   0.0000
 -7.52840698e-01   0.0000
  1.63373977e-01   0.0000
 -1.09028339e-01   0.0000
 -2.56246179e-01   0.0000
 -1.56664297e-01   0.0000
 -4.48375521e-03   0.0000
 -2.44441807e-01   0.0000
 -1.62453875e-01   0.0000
 -2.74431884e-01   0.0000
  5.07586002e-01   0.0000
  1.09234011e+00   0.0000
  6.26159161e-02   0.0000
 -7.57773936e-01   0.0000
  2.48340994e-01   0.0000
 -4.23224539e-01   0.0000
  5.39354086e-02   0.0000
  9.56836164e-01   0.0000
 -1.10710526e+00   0.0000
  3.23003829e-01   0.0000
  2.49049261e-01   0.0000
 -6.78300634e-02   0.0000
 -6.11836016e-01   0.0000
 -3.49576205e-01   0.0000
  1.58756390e-01   0.0000
  6.27696514e-01   0.0000
 -6.52808696e-02   0.0000
  2.67729193e-01   0.0000
 -1.19656011e-01   0.0000
  2.51522720e-01   0.0000
 -6.87528372e-01   0.0000
 -8.90664905e-02   0.0000
  1.19938031e-01   0.0000
  1.30071557e+00   0.0000
 -5.61285429e-02   0.0000
  1.73809677e-01   0.0000
  3.40280086e-01   0.0000
  4.79275249e-02   0.0000
  2.24279286e-03   0.0000
  2.71220952e-02   0.0000
  1.54251546e-01   0.0000
  4.30769436e-02   0.0000
 -2.83740431e-01   0.0000
 -4.94890630e-01   0.0000
  2.24229952e-05   0.0000
  7.73091972e-01   0.0000
 -9.47282538e-02   0.0000
  2.25277916e-01   0.0000
  2.47323327e-03   0.0000
 -5.26927590e-01   0.0000
  6.16127193e-01   0.0000
 -4.15124536e-01   0.0000
 -3.86537075e-01   0.0000
  4.53705527e-03   0.0000
  4.22511309e-01   0.0000
  3.00051004e-01   0.0000
 -6.19980097e-01   0.0000
 -1.12189817e+00   0.0000
  7.05211759e-01   0.0000
 -9.24405575e-01   0.0000
  7.28717923e-01   0.0000
 -8.36054027e-01   0.0000
  1.26638043e+00   0.0000
  5.80236852e-01   0.0000
 -2.51298130e-01   0.0000
 -1.93295574e+00   0.0000
  5.21945179e-01   0.0000
 -3.93367326e-03   0.0000
 -1.04053116e+00   0.0000
  2.92790055e-01   0.0000
 -7.27760643e-02   0.0000
 -3.56984079e-01   0.0000
 -6.52534366e-01   0.0000
 -3.82220268e-01   0.0000
  9.49472249e-01   0.0000
  1.26300895e+00   0.0000
  1.51792041e-03   0.0000
 -1.28151226e+00   0.0000
  5.80449760e-01   0.0000
 -8.29238892e-01   0.0000
 -1.99559674e-01   0.0000
  1.27859163e+00   0.0000
 -1.35128617e+00   0.0000
  8.46162975e-01   0.0000
  9.75294054e-01   0.0000
 -3.42427909e-01   0.0000
 -1.08824623e+00   0.0000
 -6.61415815e-01   0.0000
 -2.07124831e-05   0.0000
  1.72404334e-01   0.0000
 -3.96317914e-02   0.0000
  1.57333165e-01   0.0000
 -7.62027130e-02   0.0000
  3.07333861e-02   0.0000
 -2.42684230e-01   0.0000
 -1.29826115e-02   0.0000
 -6.63147448e-03   0.0000
  2.15604007e-02   0.0000
 -3.39182392e-02   0.0000
  1.97145040e-04   0.0000
  1.36048034e-01   0.0000
 -1.04453765e-01   0.0000
 -3.53983650e-03   0.0000
  1.41076092e-02   0.0000
  5.51840551e-02   0.0000
 -2.06707977e-03   0.0000
 -1.25940174e-01   0.0000
 -7.92442560e-02   0.0000
  1.35712686e-03   0.0000
  1.19573615e-01   0.0000
 -9.18060448e-03   0.0000
  8.08227584e-02   0.0000
  1.88085868e-03   0.0000
 -8.92647281e-02   0.0000
  1.39656529e-01   0.0000
 -2.08782315e-01   0.0000
 -9.39730257e-02   0.0000
  5.14082499e-02   0.0000
  2.29145169e-01   0.0000
  7.70152137e-02   0.0000
 -1.61259528e-02   0.0000
 -3.25010344e-02   0.0000
  2.49847844e-02   0.0000
 -4.43392769e-02   0.0000
  2.19696406e-02   0.0000
 -9.11955070e-03   0.0000
 -4.47846856e-03   0.0000
  1.18012056e-02   0.0000
 -4.91678016e-03   0.0000
  6.36964366e-02   0.0000
  2.18954571e-02   0.0000
  1.01306781e-01   0.0000
 -2.65221037e-02   0.0000
  1.24036461e-01   0.0000
 -7.60145187e-02   0.0000
 -1.05940253e-02   0.0000
 -2.35701893e-02   0.0000
  2.19263416e-02   0.0000
 -3.57155353e-02   0.0000
 -1.05433573e-03   0.0000
  1.18369423e-03   0.0000
  1.22842845e-03   0.0000
  1.31049473e-02   0.0000
 -8.68202187e-03   0.0000
 -4.51158620e-02   0.0000
 -7.76358917e-02   0.0000
  6.97696805e-02   0.0000
  1.93049144e-02   0.0000
  2.73872539e-02   0.0000
 -7.12556113e-03   0.0000
 -5.22986287e-03   0.0000
 -2.38406043e-02   0.0000
  1.76711529e-01   0.0000
  2.98732936e-01   0.0000
 -1.05585948e-01   0.0000
  2.99503356e-01   0.0000
 -1.56290933e-01   0.0000
  1.17498122e-01   0.0000
 -2.23236144e-01   0.0000
 -9.51765031e-02   0.0000
  1.80330202e-02   0.0000
  6.06311083e-01   0.0000
 -1.32989466e-01   0.0000
 -2.74967024e-04   0.0000
  2.43266821e-01   0.0000
 -1.12067319e-01   0.0000
  8.00813735e-03   0.0000
  1.14516281e-01   0.0000
  1.18543185e-01   0.0000
  1.00501247e-01   0.0000
 -2.35449910e-01   0.0000
 -1.24629021e-01   0.0000
 -1.60594890e-03   0.0000
  3.14028710e-01   0.0000
 -4.88272458e-02   0.0000
  1.88798547e-01   0.0000
  1.01345293e-01   0.0000
 -2.32938528e-01   0.0000
  2.40829453e-01   0.0000
 -2.01136127e-01   0.0000
 -1.99058920e-01   0.0000
  7.98892230e-02   0.0000
  1.76207155e-01   0.0000
  1.86373681e-01   0.0000
 -1.55783482e-02   0.0000
 -1.36685550e-01   0.0000
  1.14224777e-01   0.0000
 -2.22057372e-01   0.0000
  2.56769598e-01   0.0000
  8.13223869e-02   0.0000
  5.04777096e-02   0.0000
  3.55357639e-02   0.0000
 -9.09761712e-03   0.0000
 -9.11146868e-03   0.0000
  7.15393052e-02   0.0000
  2.63680071e-01   0.0000
 -8.18422735e-02   0.0000
  5.62007308e-01   0.0000
 -4.75904383e-02   0.0000
 -4.39500548e-02   0.0000
 -5.10456190e-02   0.0000
 -5.84990382e-02   0.0000
  6.50011525e-02   0.0000
  1.77572749e-03   0.0000
 -1.14225723e-01   0.0000
 -8.33332390e-02   0.0000
 -1.73320714e-02   0.0000
 -1.43457288e-02   0.0000
 -1.90858349e-01   0.0000
  5.83717041e-02   0.0000
 -1.64339527e-01   0.0000
  5.78305274e-02   0.0000
  1.03364065e-01   0.0000
 -7.12029189e-02   0.0000
 -5.82558811e-02   0.0000
 -4.41414341e-02   0.0000
 -7.59030581e-01   0.0000
 -2.13799000e+00   0.0000
  1.09630764e+00   0.0000
 -1.75616825e+00   0.0000
  1.47556710e+00   0.0000
 -1.14201677e+00   0.0000
  2.31988382e+00   0.0000
  7.11013675e-01   0.0000
 -3.48820657e-01   0.0000
 -3.04425979e+00   0.0000
  8.17429900e-01   0.0000
  9.87410620e-02   0.0000
 -1.68063056e+00   0.0000
  1.37530553e+00   0.0000
 -2.21624866e-01   0.0000
 -5.45549035e-01   0.0000
 -9.51138914e-01   0.0000
 -5.54356396e-01   0.0000
  1.78065622e+00   0.0000
  2.29742575e+00   0.0000
  4.30833409e-03   0.0000
 -2.45361280e+00   0.0000
  6.25789583e-01   0.0000
 -1.31193841e+00   0.0000
 -6.70887649e-01   0.0000
  2.40063882e+00   0.0000
 -2.70346093e+00   0.0000
  1.63764608e+00   0.0000
  1.54957116e+00   0.0000
 -5.43854773e-01   0.0000
 -1.95031559e+00   0.0000
 -1.09680843e+00   0.0000
  0.00000000e+00   0.0000

