 5 0.000000 1
 1 
 Si 28.085500
 0 0.250001 4.500000 0.978124 1.000000 
 5 0 1 2 4 6
 7 1.50000 1.75000 2.00000 2.25000 2.50000 2.75000 3.00000
 1 12.169200 6.172630 3.114710 0.755675 0.404939 0.036124 0.650018 0.572890
 4 35 32 32 1
 -1.99381918e-01   0.0000
  2.87460744e-01   0.0000
  1.22534100e-03   0.0000
  1.16667938e+00   0.0000
  2.17024875e+00   0.0000
 -2.35940632e-03   0.0000
 -6.30384862e-01   0.0000
  5.69701731e-01   0.0000
  5.78424260e-02   0.0000
  7.10226479e-04   0.0000
 -9.84498411e-02   0.0000
  1.32138026e-03   0.0000
 -4.32156259e-03   0.0000
 -4.07719892e-03   0.0000
  1.23102346e-03   0.0000
 -5.23400046e-02   0.0000
 -2.61211336e-01   0.0000
  1.56031179e+00   0.0000
 -4.86939520e-01   0.0000
 -3.32028836e-01   0.0000
  4.53828397e-04   0.0000
  1.79708775e-04   0.0000
 -3.30930203e-02   0.0000
 -8.82511795e-01   0.0000
  9.84499464e-04   0.0000
 -1.86747164e-01   0.0000
  2.86851501e+00   0.0000
  1.34137601e-01   0.0000
  4.96085174e-02   0.0000
  1.91923231e-01   0.0000
  6.80815720e-05   0.0000
 -1.24516749e+00   0.0000
 -4.48725969e-01   0.0000
  5.50841391e-01   0.0000
  2.16459557e-02   0.0000
  2.28662312e-01   0.0000
  2.45277810e+00   0.0000
 -1.43582216e-02   0.0000
  5.38124204e-01   0.0000
  1.00879800e+00   0.0000
  2.78423578e-01   0.0000
  6.78995741e-04   0.0000
 -1.61299706e-01   0.0000
  1.14941141e-02   0.0000
 -7.92016834e-02   0.0000
  7.98947085e-03   0.0000
  7.50152487e-03   0.0000
 -9.23319533e-02   0.0000
 -2.17793798e+00   0.0000
 -6.94602847e-01   0.0000
 -1.07391250e+00   0.0000
 -3.45333546e-01   0.0000
  9.17668641e-03   0.0000
  1.62054587e-03   0.0000
 -4.66527194e-02   0.0000
 -1.12212253e+00   0.0000
 -2.10401602e-02   0.0000
 -3.83013576e-01   0.0000
 -1.16401196e+00   0.0000
  6.01647079e-01   0.0000
  9.05541599e-01   0.0000
  5.04597545e-01   0.0000
 -5.43893897e-04   0.0000
 -5.45633912e-01   0.0000
 -5.37350476e-01   0.0000
  8.24561656e-01   0.0000
  1.01540731e-02   0.0000
 -1.02008748e+00   0.0000
  1.84528756e+00   0.0000
  1.79439900e-03   0.0000
  1.33664668e+00   0.0000
  1.07383430e+00   0.0000
  4.80278552e-01   0.0000
 -1.21853966e-02   0.0000
 -3.13821346e-01   0.0000
  2.85442472e-02   0.0000
 -1.91799745e-01   0.0000
 -1.01258054e-01   0.0000
 -6.48322329e-03   0.0000
 -4.12022620e-02   0.0000
  1.42008096e-01   0.0000
 -6.12984717e-01   0.0000
 -8.11491549e-01   0.0000
 -4.94687766e-01   0.0000
 -8.55015218e-03   0.0000
 -5.87395355e-02   0.0000
 -2.03776956e-02   0.0000
 -3.76765132e-01   0.0000
 -1.35174066e-01   0.0000
 -3.33614916e-01   0.0000
 -9.39618409e-01   0.0000
  9.05815482e-01   0.0000
  4.02150065e-01   0.0000
  5.80754280e-01   0.0000
  9.52161290e-03   0.0000
  2.05623701e-01   0.0000
 -6.46698892e-01   0.0000
  8.69369686e-01   0.0000
 -2.06224576e-01   0.0000
 -2.87214220e-01   0.0000
  7.09402144e-01   0.0000
  2.99934715e-01   0.0000
  9.01153147e-01   0.0000
  8.48244846e-01   0.0000
  3.46295953e-01   0.0000
 -2.90818810e-01   0.0000
 -4.01560426e-01   0.0000
 -1.87230200e-01   0.0000
 -2.87706375e-01   0.0000
 -3.62429082e-01   0.0000
 -1.58086240e-01   0.0000
  8.06542486e-03   0.0000
  1.50974369e+00   0.0000
  2.46848613e-01   0.0000
 -3.61670285e-01   0.0000
 -6.40090466e-01   0.0000
 -1.43586919e-01   0.0000
 -2.51080871e-01   0.0000
 -2.31628437e-02   0.0000
  6.17701828e-01   0.0000
 -1.59123734e-01   0.0000
 -4.29145485e-01   0.0000
  6.57487750e-01   0.0000
  1.29776657e+00   0.0000
  5.81301332e-01   0.0000
  9.00119245e-01   0.0000
  3.26854467e-01   0.0000
  1.70786586e-02   0.0000
 -5.50827146e-01   0.0000
  1.03813159e+00   0.0000
 -3.81501794e-01   0.0000
 -5.29296517e-01   0.0000
 -3.01153481e-01   0.0000
  3.34436864e-01   0.0000
 -5.65399043e-02   0.0000
  6.66358829e-01   0.0000
  3.83746296e-01   0.0000
 -2.99434781e-01   0.0000
 -3.69827390e-01   0.0000
 -2.17440844e-01   0.0000
 -5.02295136e-01   0.0000
 -5.98309875e-01   0.0000
 -3.65097851e-01   0.0000
  2.17717394e-01   0.0000
  7.53648400e-01   0.0000
 -7.85205483e-01   0.0000
 -4.07879382e-01   0.0000
 -7.04753935e-01   0.0000
 -3.05417776e-01   0.0000
 -4.75621819e-01   0.0000
 -4.38293606e-01   0.0000
  8.60428214e-01   0.0000
 -3.05084735e-01   0.0000
 -8.73563528e-01   0.0000
 -2.70054847e-01   0.0000
  1.37527645e+00   0.0000
 -9.32812035e-01   0.0000
  8.77130449e-01   0.0000
  4.44300801e-01   0.0000
  6.57912157e-03   0.0000
 -3.70562643e-01   0.0000
  7.06003249e-01   0.0000
 -3.85055482e-01   0.0000
 -6.90628737e-02   0.0000
 -1.37158585e+00   0.0000
  3.93403858e-01   0.0000
 -1.33822203e-01   0.0000
  6.11962438e-01   0.0000
  1.81684941e-01   0.0000
 -4.28287297e-01   0.0000
 -5.04833877e-01   0.0000
 -5.33084869e-01   0.0000
 -5.61653078e-01   0.0000
 -5.52569628e-01   0.0000
 -4.64002252e-01   0.0000
  5.19611657e-01   0.0000
  2.89606988e-01   0.0000
 -2.21699849e-01   0.0000
 -6.12911165e-01   0.0000
 -7.69975901e-01   0.0000
 -5.16321361e-01   0.0000
 -3.60525787e-01   0.0000
 -9.47265923e-01   0.0000
  2.46023938e-01   0.0000
 -5.38196206e-01   0.0000
 -1.44611096e+00   0.0000
 -5.21111488e-01   0.0000
  1.17006516e+00   0.0000
 -3.43075216e-01   0.0000
  9.50305820e-01   0.0000
  4.35795844e-01   0.0000
 -1.06675863e-01   0.0000
 -2.09295616e-01   0.0000
  3.84198427e-01   0.0000
 -6.29096925e-01   0.0000
  2.90716946e-01   0.0000
 -2.51010299e+00   0.0000
  6.91937864e-01   0.0000
  1.09885074e-01   0.0000
  4.91362125e-01   0.0000
  2.26703763e-01   0.0000
 -5.07422447e-01   0.0000
 -5.54386556e-01   0.0000
 -6.35799050e-01   0.0000
 -6.97262704e-01   0.0000
 -8.27385604e-01   0.0000
 -6.25103235e-01   0.0000
  7.13581383e-01   0.0000
 -1.01958305e-01   0.0000
  7.40708232e-01   0.0000
 -7.76750565e-01   0.0000
 -1.01467657e+00   0.0000
 -6.09701216e-01   0.0000
 -6.12184525e-01   0.0000
 -1.17125285e+00   0.0000
 -3.37799996e-01   0.0000
 -6.06710255e-01   0.0000
 -2.19807029e+00   0.0000
 -4.02395695e-01   0.0000
  9.80121374e-01   0.0000
  1.11098635e+00   0.0000
  8.19698572e-01   0.0000
  5.02328992e-01   0.0000
 -5.47877669e-01   0.0000
  5.16804904e-02   0.0000
 -1.41934033e-05   0.0000
 -3.45437555e-03   0.0000
  9.63213220e-02   0.0000
  2.65090019e-01   0.0000
 -6.97843777e-03   0.0000
  3.81322354e-02   0.0000
  1.09931745e-03   0.0000
 -1.15683582e-03   0.0000
 -1.08088432e-04   0.0000
  8.55198232e-05   0.0000
  5.17926272e-03   0.0000
 -3.56271840e-03   0.0000
 -5.93567383e-04   0.0000
  1.16394425e-03   0.0000
 -1.22847641e-05   0.0000
  5.27080260e-02   0.0000
  4.49409783e-02   0.0000
 -9.28014219e-02   0.0000
 -9.85531602e-03   0.0000
 -3.28700477e-03   0.0000
  1.90350600e-03   0.0000
 -4.20638695e-02   0.0000
 -4.71839875e-01   0.0000
 -7.91510101e-05   0.0000
  7.13440105e-02   0.0000
  1.83590189e-01   0.0000
 -9.95608121e-02   0.0000
 -1.80003837e-01   0.0000
  3.47332261e-03   0.0000
 -5.86531532e-05   0.0000
  2.10479070e-02   0.0000
  4.99880165e-02   0.0000
 -4.56097862e-03   0.0000
  5.68139600e-03   0.0000
  4.03627098e-01   0.0000
  2.37136558e-01   0.0000
 -9.41825332e-04   0.0000
 -1.07358217e-01   0.0000
  9.41345934e-05   0.0000
  2.64665149e-02   0.0000
  1.77707069e-03   0.0000
  1.06617947e-04   0.0000
  6.56488957e-03   0.0000
  2.14873100e-04   0.0000
 -7.92888459e-04   0.0000
  6.32405572e-04   0.0000
 -1.16096986e-02   0.0000
  2.89026517e-02   0.0000
 -2.29790024e-02   0.0000
 -1.47319689e-01   0.0000
 -2.32105870e-02   0.0000
  1.12405978e-02   0.0000
  1.28857070e-03   0.0000
 -1.09133244e-01   0.0000
 -6.26915872e-01   0.0000
  1.84511603e-03   0.0000
  3.32100123e-01   0.0000
  7.37500846e-01   0.0000
 -4.15665805e-01   0.0000
 -1.89927772e-01   0.0000
 -3.69718336e-02   0.0000
 -2.00157030e-03   0.0000
  2.07265578e-02   0.0000
  2.79451907e-02   0.0000
  4.87046205e-02   0.0000
 -3.05829826e-03   0.0000
  8.40850174e-01   0.0000
  1.27823334e-02   0.0000
  1.74393803e-02   0.0000
 -4.44876999e-01   0.0000
 -6.90735923e-03   0.0000
  5.67424856e-02   0.0000
  7.43409200e-03   0.0000
 -1.42692355e-03   0.0000
  4.30070795e-03   0.0000
 -1.12508843e-03   0.0000
 -2.69489596e-04   0.0000
  3.80080082e-02   0.0000
 -8.21847003e-03   0.0000
  1.61750004e-01   0.0000
 -1.40061408e-01   0.0000
 -1.99795634e-01   0.0000
 -2.21850798e-02   0.0000
  3.73359118e-03   0.0000
  9.81615111e-03   0.0000
 -1.96004555e-01   0.0000
 -4.40490186e-01   0.0000
  1.19630573e-03   0.0000
  6.77545846e-01   0.0000
  1.13952303e+00   0.0000
 -8.68285894e-01   0.0000
  8.19897801e-02   0.0000
 -8.36687312e-02   0.0000
  1.77797439e-04   0.0000
  1.65418863e-01   0.0000
 -1.20622188e-01   0.0000
  1.57674432e-01   0.0000
 -3.00712306e-02   0.0000
  1.07994437e+00   0.0000
 -1.59638509e-01   0.0000
  3.79185043e-02   0.0000
 -6.66546106e-01   0.0000
 -2.85034608e-02   0.0000
  2.14423481e-02   0.0000
 -1.97854219e-03   0.0000
 -8.73009674e-03   0.0000
 -8.88221432e-03   0.0000
  9.30146780e-03   0.0000
  3.12120258e-03   0.0000
 -1.46495074e-03   0.0000
 -7.33942259e-03   0.0000
  1.62788734e-01   0.0000
 -1.74510658e-01   0.0000
  1.08120835e-03   0.0000
 -1.09038390e-02   0.0000
 -1.01172850e-02   0.0000
 -6.12213602e-03   0.0000
 -2.82070637e-01   0.0000
  4.40285392e-02   0.0000
  3.00433729e-02   0.0000
  8.73142600e-01   0.0000
  9.54485059e-01   0.0000
 -1.28174877e+00   0.0000
  9.04343367e-01   0.0000
 -1.48361295e-01   0.0000
 -1.72686123e-03   0.0000
  2.34008878e-01   0.0000
 -1.72746971e-01   0.0000
  2.97580510e-01   0.0000
 -5.83251603e-02   0.0000
  1.30860889e+00   0.0000
 -2.42508844e-01   0.0000
  1.92567576e-02   0.0000
 -5.65984488e-01   0.0000
 -2.51154732e-02   0.0000
  3.80739756e-02   0.0000
  6.83181221e-04   0.0000
 -1.42060202e-02   0.0000
  1.24827018e-02   0.0000
 -4.82895188e-02   0.0000
 -1.03016511e-01   0.0000
 -3.37691568e-02   0.0000
  1.68851987e-02   0.0000
 -5.35493307e-02   0.0000
 -2.18700990e-01   0.0000
  3.34237993e-01   0.0000
  1.35038327e-02   0.0000
 -8.36182944e-03   0.0000
 -2.50536539e-02   0.0000
 -3.19930643e-01   0.0000
  1.17197737e-01   0.0000
 -1.38770416e-02   0.0000
  9.52579021e-01   0.0000
  1.66768193e-01   0.0000
 -1.44452715e+00   0.0000
  1.55882180e+00   0.0000
 -2.69618273e-01   0.0000
  3.92356189e-03   0.0000
  4.43448305e-01   0.0000
 -7.90603980e-02   0.0000
  4.23433244e-01   0.0000
 -9.57536101e-02   0.0000
  1.57174683e+00   0.0000
 -6.78793341e-02   0.0000
  1.16575643e-01   0.0000
 -3.82610373e-02   0.0000
 -3.31451260e-02   0.0000
 -5.93315996e-02   0.0000
 -3.21912556e-03   0.0000
 -2.01163758e-02   0.0000
  2.34202798e-02   0.0000
 -9.40472707e-02   0.0000
 -1.79858536e-01   0.0000
  2.29056235e-02   0.0000
  1.13339145e-02   0.0000
 -2.44230926e-01   0.0000
 -6.49630845e-01   0.0000
  6.62853539e-01   0.0000
  7.83829391e-02   0.0000
 -4.31010835e-02   0.0000
  7.04483502e-03   0.0000
 -3.64648521e-01   0.0000
 -2.84605026e-01   0.0000
  1.48629900e-02   0.0000
  9.85332549e-01   0.0000
 -1.29965007e+00   0.0000
 -1.05899012e+00   0.0000
  1.31757200e+00   0.0000
 -1.89965323e-01   0.0000
 -4.32860224e-06   0.0000
  6.33111775e-01   0.0000
 -2.21197587e-02   0.0000
  6.15312397e-01   0.0000
 -1.96522400e-02   0.0000
  1.98318577e+00   0.0000
  1.97847322e-01   0.0000
  8.67114365e-02   0.0000
  7.13361979e-01   0.0000
 -2.35466473e-02   0.0000
 -9.41034406e-02   0.0000
 -1.74039113e-03   0.0000
 -2.30510719e-02   0.0000
 -2.22235508e-02   0.0000
 -1.91988647e-01   0.0000
 -2.37978920e-01   0.0000
 -1.09643899e-01   0.0000
 -2.26499215e-02   0.0000
 -5.76046109e-01   0.0000
 -1.18254066e+00   0.0000
  1.10967720e+00   0.0000
  2.02045277e-01   0.0000
 -4.11743037e-02   0.0000
 -4.81380709e-02   0.0000
 -2.18426317e-01   0.0000
 -7.98891008e-01   0.0000
 -2.57350486e-02   0.0000
  1.02772820e+00   0.0000
 -3.32628846e+00   0.0000
 -6.49693072e-01   0.0000
  3.15250039e-01   0.0000
 -1.56196386e-01   0.0000
  9.64613482e-02   0.0000
  9.93273079e-01   0.0000
  1.12546235e-02   0.0000
  1.48882042e-03   0.0000
 -4.98386892e-03   0.0000
  2.04922631e-02   0.0000
  8.43861878e-01   0.0000
  1.49354106e-02   0.0000
  1.04429834e-01   0.0000
  3.72124161e-03   0.0000
 -4.70837904e-03   0.0000
 -1.20130084e-04   0.0000
  6.50351343e-04   0.0000
 -1.45685924e-02   0.0000
  8.64384347e-05   0.0000
 -4.95586777e-03   0.0000
  1.62731088e-03   0.0000
  5.68827428e-03   0.0000
  1.05354212e-01   0.0000
  5.01511455e-01   0.0000
 -2.53928993e-02   0.0000
 -8.30976199e-03   0.0000
  2.58817920e-04   0.0000
  5.30150835e-04   0.0000
 -1.02434181e-01   0.0000
 -5.72122157e-01   0.0000
  1.64370704e-03   0.0000
 -1.76738389e-02   0.0000
  5.97524405e-01   0.0000
 -1.65134862e-01   0.0000
 -2.36694794e-02   0.0000
  3.64353275e-03   0.0000
 -1.10995308e-04   0.0000
 -3.49604003e-02   0.0000
  4.75055678e-03   0.0000
  3.28783430e-02   0.0000
 -4.45755338e-03   0.0000
 -9.62235108e-02   0.0000
  1.00003123e+00   0.0000
  5.76041080e-03   0.0000
  1.33410826e-01   0.0000
  2.15246854e-03   0.0000
 -1.57272280e-03   0.0000
  3.54257849e-04   0.0000
  7.67799269e-04   0.0000
  3.49699147e-03   0.0000
 -1.46561870e-04   0.0000
  1.32696456e-04   0.0000
 -5.90216322e-03   0.0000
  3.63213330e-04   0.0000
  1.05521098e-01   0.0000
 -2.92002950e-02   0.0000
 -9.32336673e-02   0.0000
 -4.85423300e-03   0.0000
  5.80548262e-03   0.0000
 -2.80340082e-05   0.0000
 -7.55883679e-02   0.0000
 -3.89796793e-01   0.0000
  1.08885870e-03   0.0000
  1.01655938e-01   0.0000
  1.05766046e+00   0.0000
 -2.36688957e-01   0.0000
 -2.01710418e-01   0.0000
  5.71674341e-03   0.0000
 -1.63605297e-03   0.0000
 -3.00408565e-02   0.0000
 -2.39772052e-02   0.0000
  1.30816951e-01   0.0000
  1.17060998e-02   0.0000
 -2.71502316e-01   0.0000
  8.18107426e-01   0.0000
 -9.62870754e-03   0.0000
  1.62313104e-01   0.0000
  3.03063402e-03   0.0000
 -8.39406450e-04   0.0000
  1.69733583e-04   0.0000
  8.20347341e-04   0.0000
  9.11220722e-03   0.0000
  3.35651363e-04   0.0000
 -2.89189611e-02   0.0000
  6.08791970e-03   0.0000
 -1.26980431e-02   0.0000
  4.83642928e-02   0.0000
 -6.86560214e-01   0.0000
 -2.67781049e-01   0.0000
 -9.12222720e-04   0.0000
  8.46850278e-04   0.0000
  8.05526506e-03   0.0000
  6.71820641e-02   0.0000
 -3.35763283e-02   0.0000
  1.05360546e-03   0.0000
  4.54687357e-01   0.0000
  1.39912975e+00   0.0000
 -2.58524746e-01   0.0000
 -3.55840504e-01   0.0000
  1.57416556e-02   0.0000
  2.04641442e-03   0.0000
  3.97157520e-02   0.0000
 -5.60382754e-02   0.0000
  2.65994161e-01   0.0000
  1.25956550e-01   0.0000
 -3.63445163e-01   0.0000
  6.29640400e-01   0.0000
 -8.61927271e-02   0.0000
  2.67241776e-01   0.0000
  4.43414934e-02   0.0000
  9.50328540e-03   0.0000
  4.45458200e-03   0.0000
  2.21311487e-03   0.0000
  1.53694555e-01   0.0000
 -3.25456299e-02   0.0000
 -5.95722757e-02   0.0000
  4.82620038e-02   0.0000
 -9.53608751e-02   0.0000
  3.93139757e-03   0.0000
 -9.25136507e-01   0.0000
 -5.27494431e-01   0.0000
  9.19905230e-02   0.0000
  1.02379724e-01   0.0000
  2.22043488e-02   0.0000
  4.92085695e-01   0.0000
  3.44206750e-01   0.0000
  1.01275705e-02   0.0000
  8.99078131e-01   0.0000
  1.50905633e+00   0.0000
 -2.58945704e-01   0.0000
 -5.07917523e-01   0.0000
  2.37516295e-02   0.0000
 -9.34329629e-03   0.0000
  1.04726292e-01   0.0000
 -7.85511583e-02   0.0000
  4.09516901e-01   0.0000
  2.07379356e-01   0.0000
 -6.83296993e-02   0.0000
  3.78015429e-01   0.0000
 -2.60597855e-01   0.0000
  4.94096667e-01   0.0000
  2.41577756e-02   0.0000
 -3.80123686e-03   0.0000
  2.76474329e-03   0.0000
  1.67322357e-03   0.0000
  1.70672089e-01   0.0000
 -1.49456143e-01   0.0000
 -8.75904858e-02   0.0000
  1.11380354e-01   0.0000
 -1.64718986e-01   0.0000
 -1.30533744e-02   0.0000
 -3.94668281e-01   0.0000
 -4.34259325e-01   0.0000
  1.97518513e-01   0.0000
  1.64435342e-01   0.0000
  1.86221246e-02   0.0000
  7.95630991e-01   0.0000
  5.13809144e-01   0.0000
  3.41351121e-03   0.0000
  1.26534355e+00   0.0000
  1.32861209e+00   0.0000
 -2.88269341e-01   0.0000
 -8.13834131e-01   0.0000
  7.11441338e-02   0.0000
  5.79286739e-03   0.0000
  2.76781678e-01   0.0000
 -2.27305256e-02   0.0000
  5.33274114e-01   0.0000
  2.22656101e-01   0.0000
  6.24374866e-01   0.0000
  4.59843993e-01   0.0000
 -2.65214831e-01   0.0000
  9.49480653e-01   0.0000
  4.80664261e-02   0.0000
 -5.25953621e-02   0.0000
  6.75980886e-03   0.0000
  4.30608774e-03   0.0000
  2.20663115e-01   0.0000
 -2.67796367e-01   0.0000
 -1.93309680e-01   0.0000
  1.74349695e-01   0.0000
 -2.36666068e-01   0.0000
  1.84410904e-02   0.0000
  5.74800074e-01   0.0000
 -1.43123850e-01   0.0000
  3.11150551e-01   0.0000
  1.37694582e-01   0.0000
  1.34137616e-01   0.0000
  1.10889745e+00   0.0000
  2.76944041e-01   0.0000
  1.17253279e-02   0.0000
  1.67454612e+00   0.0000
  1.31401241e+00   0.0000
 -3.83412689e-01   0.0000
 -1.05856514e+00   0.0000
  1.17620692e-01   0.0000
  4.38357964e-02   0.0000
  3.31024319e-01   0.0000
  2.01646566e-01   0.0000
  7.49611199e-01   0.0000
  3.39942724e-01   0.0000
  1.63508594e+00   0.0000
  5.58881581e-01   0.0000
 -2.61133909e-01   0.0000
  1.42279100e+00   0.0000
  4.76126559e-02   0.0000
 -1.89491287e-01   0.0000
 -1.93355661e-02   0.0000
 -8.59872531e-03   0.0000
  2.16679752e-01   0.0000
 -3.11752558e-01   0.0000
 -2.04612643e-01   0.0000
  2.15596735e-01   0.0000
 -2.71409750e-01   0.0000
  1.72688410e-01   0.0000
  2.23799300e+00   0.0000
  2.89638430e-01   0.0000
  2.58347720e-01   0.0000
  1.22794099e-01   0.0000
  7.04759136e-02   0.0000
  1.27340376e+00   0.0000
 -3.80009204e-01   0.0000
  2.67051766e-03   0.0000
  1.98516130e+00   0.0000
  1.36651695e+00   0.0000
 -3.34216654e-01   0.0000
 -1.36389899e+00   0.0000
  1.61810979e-01   0.0000
  5.68491258e-02   0.0000
  2.58781999e-01   0.0000
 -4.11612354e-03   0.0000
  3.42223302e-06   0.0000
 -9.41163860e-03   0.0000
  3.10877800e-01   0.0000
 -2.20618033e+00   0.0000
  1.37922252e-02   0.0000
  1.55880973e-01   0.0000
 -4.18460742e-03   0.0000
 -2.06159186e-02   0.0000
 -1.53716464e-04   0.0000
 -2.16811262e-02   0.0000
  2.08900357e-03   0.0000
 -1.83336131e-04   0.0000
 -5.35077124e-04   0.0000
  9.63476414e-05   0.0000
 -1.00685051e-03   0.0000
 -2.02456608e-01   0.0000
  1.29041040e+00   0.0000
  8.71012881e-02   0.0000
 -1.24390600e-02   0.0000
  1.11729465e-03   0.0000
  1.34952378e-03   0.0000
 -1.16908021e-01   0.0000
 -2.05433339e-01   0.0000
  2.42138965e-04   0.0000
  1.09152958e-01   0.0000
  3.64746630e-01   0.0000
  1.22602740e-02   0.0000
 -6.83393002e-01   0.0000
  1.26773817e-03   0.0000
 -1.60467360e-04   0.0000
  7.53670782e-02   0.0000
  6.87855780e-02   0.0000
  7.18760351e-03   0.0000
 -2.00500544e-02   0.0000
  2.15928137e-01   0.0000
 -1.95541966e+00   0.0000
  6.46832213e-02   0.0000
  6.44535944e-03   0.0000
  4.57635568e-03   0.0000
 -1.74208153e-02   0.0000
  2.25564509e-04   0.0000
 -1.58511493e-02   0.0000
 -8.18880182e-03   0.0000
 -4.20000986e-04   0.0000
 -3.34943979e-05   0.0000
 -7.14832777e-03   0.0000
  1.07037099e-02   0.0000
 -7.06528246e-01   0.0000
  1.35776067e+00   0.0000
  4.09973592e-01   0.0000
 -1.36010377e-02   0.0000
  6.76112977e-05   0.0000
 -1.43926591e-04   0.0000
 -1.23224661e-01   0.0000
  1.65256739e-01   0.0000
 -1.67575874e-03   0.0000
  4.69200343e-01   0.0000
  2.21974775e-01   0.0000
  3.59420449e-01   0.0000
 -1.38489187e+00   0.0000
 -2.41356734e-02   0.0000
 -7.77751673e-04   0.0000
  1.79454878e-01   0.0000
  9.85180959e-02   0.0000
  2.83432975e-02   0.0000
 -5.68444803e-02   0.0000
  2.83391345e-02   0.0000
 -7.72078276e-01   0.0000
  7.98300505e-02   0.0000
  8.32852721e-02   0.0000
 -1.00929542e-02   0.0000
  2.30521429e-03   0.0000
 -1.43655459e-03   0.0000
 -3.44638415e-02   0.0000
 -4.51783836e-02   0.0000
  1.06740808e-02   0.0000
  6.14185957e-03   0.0000
 -1.09891631e-01   0.0000
  4.35135402e-02   0.0000
 -1.16623056e+00   0.0000
  1.49705553e+00   0.0000
  9.00116384e-01   0.0000
 -2.94053853e-02   0.0000
 -3.02202515e-02   0.0000
 -1.53688882e-02   0.0000
 -1.38777360e-01   0.0000
 -5.70665717e-01   0.0000
 -3.28187570e-02   0.0000
  8.03921402e-01   0.0000
  4.21116292e-01   0.0000
  8.56159031e-01   0.0000
 -1.46012080e+00   0.0000
 -4.81437445e-02   0.0000
  4.04067250e-04   0.0000
  2.92285904e-02   0.0000
  2.00690657e-01   0.0000
  6.36966676e-02   0.0000
 -1.12466283e-01   0.0000
 -2.55302191e-01   0.0000
  3.55960131e-01   0.0000
  8.75932053e-02   0.0000
  2.92985797e-01   0.0000
  5.50789014e-02   0.0000
 -5.59963249e-02   0.0000
 -9.89033580e-02   0.0000
 -2.11253148e-02   0.0000
 -4.97473441e-02   0.0000
 -5.81221469e-02   0.0000
  5.05413208e-03   0.0000
 -4.88149114e-02   0.0000
  4.10273671e-02   0.0000
 -1.55289304e+00   0.0000
  1.59138525e+00   0.0000
  1.26398098e+00   0.0000
 -7.67423958e-02   0.0000
 -9.43912640e-02   0.0000
 -3.64985503e-02   0.0000
 -1.17967658e-01   0.0000
 -1.18014443e+00   0.0000
 -6.77720970e-03   0.0000
  9.01989043e-01   0.0000
  4.47892576e-01   0.0000
  1.23787069e+00   0.0000
 -1.21683109e+00   0.0000
 -5.53930812e-02   0.0000
  4.07301029e-03   0.0000
 -3.27709407e-01   0.0000
  1.88262850e-01   0.0000
 -1.61612704e-02   0.0000
 -9.75938663e-02   0.0000
 -6.52681828e-01   0.0000
  8.96017373e-01   0.0000
  7.84445181e-02   0.0000
  7.19831467e-01   0.0000
 -1.86576135e-02   0.0000
  9.14627016e-02   0.0000
 -1.43290743e-01   0.0000
 -5.37369847e-02   0.0000
 -7.88268298e-02   0.0000
 -8.29258561e-02   0.0000
 -1.41498804e-01   0.0000
 -9.88149643e-02   0.0000
  7.95467347e-02   0.0000
 -1.65064037e+00   0.0000
  1.08769858e+00   0.0000
  1.13313341e+00   0.0000
 -1.59220368e-01   0.0000
 -2.65773125e-02   0.0000
 -6.98496178e-02   0.0000
 -2.54001766e-01   0.0000
 -9.72582698e-01   0.0000
 -4.59275953e-02   0.0000
  6.86481118e-01   0.0000
  2.45477781e-01   0.0000
  1.38207436e+00   0.0000
 -1.37020910e+00   0.0000
 -3.97870615e-02   0.0000
  3.74898687e-02   0.0000
 -5.40698051e-01   0.0000
  5.21843135e-02   0.0000
 -6.93607256e-02   0.0000
 -6.64030537e-02   0.0000
 -1.08061409e+00   0.0000
  8.85461748e-01   0.0000
  1.45085946e-01   0.0000
  1.07027340e+00   0.0000
 -2.44519934e-02   0.0000
  1.51367918e-01   0.0000
 -2.86817402e-02   0.0000
  9.57741693e-04   0.0000
 -1.70262352e-01   0.0000
 -7.11859241e-02   0.0000
 -1.19114146e-01   0.0000
 -7.28159770e-02   0.0000
  1.19053140e-01   0.0000
 -1.84208190e+00   0.0000
  1.46075189e-01   0.0000
  7.00132012e-01   0.0000
 -3.16738993e-01   0.0000
 -1.48019388e-01   0.0000
 -4.18108888e-02   0.0000
 -3.53258610e-01   0.0000
 -1.74289003e-01   0.0000
 -1.09705918e-01   0.0000
  2.04885378e-01   0.0000
  5.70116162e-01   0.0000
  1.26604736e+00   0.0000
 -5.50151587e-01   0.0000
 -1.34950548e-01   0.0000
  4.19883095e-02   0.0000
 -7.10696220e-01   0.0000
 -2.89721519e-01   0.0000
 -1.82487637e-01   0.0000
 -4.95651998e-02   0.0000
 -1.38949323e+00   0.0000
  2.87802309e-01   0.0000
  7.56572932e-02   0.0000
  1.42337453e+00   0.0000
 -2.56718509e-02   0.0000
  4.78315681e-01   0.0000
 -1.97805405e-01   0.0000
 -3.23189981e-02   0.0000
 -6.28965124e-02   0.0000
 -1.18084125e-01   0.0000
 -1.72168270e-01   0.0000
 -5.20931184e-02   0.0000
  9.97261703e-02   0.0000
 -1.98941886e+00   0.0000
 -7.47370303e-01   0.0000
 -3.76966149e-02   0.0000
 -4.32564139e-01   0.0000
 -4.46662121e-02   0.0000
 -7.46672228e-02   0.0000
 -6.67930186e-01   0.0000
  1.22384274e+00   0.0000
 -5.52386940e-02   0.0000
 -3.09763014e-01   0.0000
  1.59374690e+00   0.0000
  1.09620333e+00   0.0000
  1.15367913e+00   0.0000
 -2.56336927e-01   0.0000
  1.36425093e-01   0.0000
 -7.45607913e-01   0.0000
 -6.69726683e-03   0.0000
  2.35681031e-02   0.0000
  3.17224348e-03   0.0000
  8.85816336e-01   0.0000
  6.11340702e-01   0.0000
  5.00490190e-03   0.0000
 -1.52078673e-01   0.0000
  5.92747033e-02   0.0000
  1.60784367e-02   0.0000
 -1.32695975e-04   0.0000
  1.09211658e-04   0.0000
  2.74343463e-03   0.0000
 -5.20222168e-03   0.0000
 -1.67507329e-03   0.0000
  7.07284221e-03   0.0000
 -2.20424030e-03   0.0000
  1.23814665e-01   0.0000
  1.24015547e-01   0.0000
 -8.31309259e-02   0.0000
  4.54967329e-03   0.0000
  4.79618041e-03   0.0000
  8.45350267e-04   0.0000
 -3.38399857e-02   0.0000
 -2.38494277e-01   0.0000
  1.06099562e-03   0.0000
 -3.12386453e-02   0.0000
  8.58543038e-01   0.0000
 -3.02486047e-02   0.0000
  1.25924826e+00   0.0000
  5.47218882e-03   0.0000
  6.54034875e-03   0.0000
  4.44007702e-02   0.0000
  1.31456614e-01   0.0000
  1.03424877e-01   0.0000
 -1.27844559e-02   0.0000
  7.84077585e-01   0.0000
 -1.47784784e-01   0.0000
  3.76453064e-02   0.0000
  1.01994038e-01   0.0000
  1.58142358e-01   0.0000
 -1.82994250e-02   0.0000
  3.10129508e-05   0.0000
 -9.83066764e-03   0.0000
 -1.49182500e-02   0.0000
  1.20914904e-02   0.0000
 -2.22329152e-04   0.0000
  5.33050485e-03   0.0000
  1.77536590e-03   0.0000
 -7.31083572e-01   0.0000
 -4.99565691e-01   0.0000
 -1.68161705e-01   0.0000
 -6.88748807e-02   0.0000
  4.66486299e-03   0.0000
  2.84749956e-04   0.0000
 -3.67583334e-02   0.0000
  1.18351523e-02   0.0000
  1.21939147e-03   0.0000
 -6.00514375e-02   0.0000
 -1.64061442e-01   0.0000
  4.13612202e-02   0.0000
  2.37830594e-01   0.0000
  1.16395496e-01   0.0000
 -2.54135142e-04   0.0000
  5.28477915e-02   0.0000
  4.01937187e-01   0.0000
  2.65478700e-01   0.0000
 -6.82860762e-02   0.0000
  2.96341836e-01   0.0000
 -4.92168725e-01   0.0000
  5.80781512e-02   0.0000
  7.23000646e-01   0.0000
  1.59100503e-01   0.0000
 -1.37747571e-01   0.0000
  5.67392679e-04   0.0000
 -1.11493170e-02   0.0000
 -5.35367616e-02   0.0000
  1.80252586e-02   0.0000
  9.39704943e-03   0.0000
 -6.26143217e-02   0.0000
  4.79721464e-02   0.0000
  3.23721677e-01   0.0000
 -9.36199903e-01   0.0000
 -1.16902351e-01   0.0000
 -1.57239750e-01   0.0000
 -4.08890918e-02   0.0000
 -6.92035118e-03   0.0000
 -1.29829377e-01   0.0000
 -3.22160333e-01   0.0000
  1.09558532e-04   0.0000
 -3.17855645e-03   0.0000
  2.61458427e-01   0.0000
  9.87593159e-02   0.0000
 -3.17339092e-01   0.0000
  9.89887770e-03   0.0000
  1.55587491e-04   0.0000
  1.33169532e-01   0.0000
  5.18505871e-01   0.0000
  2.28330627e-01   0.0000
 -1.90195844e-01   0.0000
  1.18286945e-01   0.0000
 -4.01257396e-01   0.0000
  1.33638531e-01   0.0000
  9.70451474e-01   0.0000
  1.13038488e-01   0.0000
 -1.80226356e-01   0.0000
  5.75605314e-04   0.0000
 -5.27688526e-02   0.0000
 -1.46025881e-01   0.0000
  2.48253811e-02   0.0000
 -1.15583558e-02   0.0000
 -1.32937789e-01   0.0000
  1.48018852e-01   0.0000
  1.33208430e+00   0.0000
 -6.31143272e-01   0.0000
  1.32860288e-01   0.0000
 -2.06875667e-01   0.0000
 -1.93142384e-01   0.0000
 -7.65133798e-02   0.0000
 -2.83569634e-01   0.0000
 -2.20068470e-01   0.0000
 -1.19379004e-02   0.0000
 -3.49510983e-02   0.0000
  2.06990112e-02   0.0000
  1.29019199e-02   0.0000
 -4.64751303e-01   0.0000
  1.34431884e-01   0.0000
  6.37456551e-02   0.0000
  3.50186706e-01   0.0000
  5.12954533e-01   0.0000
  3.30773920e-01   0.0000
 -2.38559812e-01   0.0000
  6.53000951e-01   0.0000
 -7.10074306e-02   0.0000
  3.11853915e-01   0.0000
  2.22800717e-01   0.0000
  1.39905801e-02   0.0000
 -2.18443945e-01   0.0000
 -7.98509270e-03   0.0000
 -3.83730121e-02   0.0000
 -1.97869509e-01   0.0000
 -9.64852050e-02   0.0000
 -4.03276272e-02   0.0000
 -3.41068029e-01   0.0000
  2.50498354e-01   0.0000
  9.50635731e-01   0.0000
  3.22333872e-01   0.0000
  2.41361961e-01   0.0000
 -1.65572599e-01   0.0000
 -1.73230112e-01   0.0000
 -1.20571539e-01   0.0000
 -4.74999934e-01   0.0000
  2.91585594e-01   0.0000
 -7.16520995e-02   0.0000
 -8.48790854e-02   0.0000
  4.27965641e-01   0.0000
 -1.64104536e-01   0.0000
 -5.74657880e-02   0.0000
 -6.18909067e-03   0.0000
  7.34804496e-02   0.0000
  3.86394650e-01   0.0000
  3.94056082e-01   0.0000
  4.52906042e-01   0.0000
 -4.54197764e-01   0.0000
  8.03979814e-01   0.0000
  1.14805393e-01   0.0000
  3.73016238e-01   0.0000
 -1.73356009e+00   0.0000
 -6.31020637e-03   0.0000
 -1.99724182e-01   0.0000
 -1.32190734e-01   0.0000
 -1.05572736e-03   0.0000
 -3.15673381e-01   0.0000
  1.19591802e-02   0.0000
 -1.26342177e-01   0.0000
 -2.39082873e-01   0.0000
  4.55624014e-01   0.0000
 -6.61512077e-01   0.0000
  5.34642488e-02   0.0000
  1.70308739e-01   0.0000
 -2.19160646e-01   0.0000
 -3.31174642e-01   0.0000
 -1.65492922e-01   0.0000
 -9.20718372e-01   0.0000
  4.65263516e-01   0.0000
 -2.08262607e-01   0.0000
 -5.98116033e-02   0.0000
  3.36951733e-01   0.0000
 -3.31493169e-01   0.0000
 -4.98943636e-03   0.0000
  3.04572694e-02   0.0000
  1.57686844e-01   0.0000
  8.20464194e-01   0.0000
  2.22356588e-01   0.0000
  4.03927505e-01   0.0000
 -4.36592966e-01   0.0000
  1.14482450e+00   0.0000
 -3.16743344e-01   0.0000
  4.70019996e-01   0.0000
 -3.36322665e+00   0.0000
  3.78336767e-06   0.0000
 -1.00584254e-01   0.0000
 -2.13205274e-02   0.0000
 -8.38744640e-02   0.0000
 -5.17849445e-01   0.0000
 -4.02146541e-02   0.0000
 -1.68706626e-01   0.0000
 -2.94476748e-01   0.0000
  4.82976526e-01   0.0000
 -2.23744726e+00   0.0000
 -4.25479174e-01   0.0000
 -1.65132154e-02   0.0000
 -3.96207988e-01   0.0000
 -2.70932555e-01   0.0000
 -2.06555292e-01   0.0000
 -1.04498756e+00   0.0000
  8.18715245e-02   0.0000
 -3.20524454e-01   0.0000
 -1.33958966e-01   0.0000
  3.73246044e-01   0.0000
 -4.98877585e-01   0.0000
  5.56491077e-01   0.0000
  1.90865423e-03   0.0000
  1.00212798e-01   0.0000
  1.40465069e+00   0.0000
  5.07809043e-01   0.0000
 -5.38014412e-01   0.0000
 -2.83677727e-02   0.0000
 -2.13580087e-01   0.0000
  1.52091011e-01   0.0000
 -3.85277756e-02   0.0000
  2.16731954e+00   0.0000
  5.10259211e-01   0.0000
 -2.70707101e-01   0.0000
 -1.62083715e-01   0.0000
 -4.94054593e-02   0.0000
 -8.31781402e-02   0.0000
 -1.91147491e-01   0.0000
 -2.19091654e-01   0.0000
  4.15883139e-02   0.0000
  4.79401164e-02   0.0000
  4.42849040e-01   0.0000
 -2.25257054e-01   0.0000
 -7.93824136e-01   0.0000
 -2.75105149e-01   0.0000
 -1.04934730e-01   0.0000
 -1.52449444e-01   0.0000
  4.68039036e-01   0.0000
  1.44850707e+00   0.0000
 -1.20678671e-01   0.0000
 -1.85132116e-01   0.0000
  1.12596130e+00   0.0000
 -6.29684389e-01   0.0000
 -1.27450466e+00   0.0000
  2.60132849e-02   0.0000
  1.73790142e-01   0.0000
 -5.23819685e-01   0.0000
 -9.84966382e-03   0.0000
 -3.03917438e-01   0.0000
  3.50207835e-02   0.0000
 -1.49532154e-01   0.0000
  4.17822264e-02   0.0000
 -6.03043996e-02   0.0000
  3.72038424e-01   0.0000
  1.15457000e-02   0.0000
  8.21746478e-04   0.0000
 -3.58865201e-01   0.0000
  9.82377212e-03   0.0000
  6.02248532e-04   0.0000
 -1.94374710e-01   0.0000
 -2.87848357e-02   0.0000
  2.61343527e-03   0.0000
  2.81488243e-03   0.0000
 -3.88189442e-02   0.0000
  6.02277135e-03   0.0000
  2.88923204e-01   0.0000
  4.35644686e-01   0.0000
 -2.49825371e-03   0.0000
 -4.74985421e-01   0.0000
 -1.23340159e-03   0.0000
 -1.11835532e-01   0.0000
 -9.69679374e-03   0.0000
  4.36345994e-01   0.0000
 -4.49463159e-01   0.0000
  2.23677933e-01   0.0000
  2.01787010e-01   0.0000
  8.17155093e-03   0.0000
 -2.24724635e-01   0.0000
 -8.12539682e-02   0.0000
  1.87928975e-01   0.0000
  4.05111343e-01   0.0000
 -1.05772026e-01   0.0000
  2.57752180e-01   0.0000
 -2.19604239e-01   0.0000
  1.83698565e-01   0.0000
 -4.32020664e-01   0.0000
 -5.66756986e-02   0.0000
 -4.94731916e-03   0.0000
  6.45331204e-01   0.0000
 -7.63403773e-02   0.0000
 -2.27244734e-03   0.0000
  2.62828529e-01   0.0000
 -1.39720470e-01   0.0000
  5.09792299e-04   0.0000
  4.66528237e-02   0.0000
  9.71321538e-02   0.0000
  1.16607368e-01   0.0000
 -3.61385107e-01   0.0000
 -4.51224923e-01   0.0000
 -3.94938048e-03   0.0000
  5.48362434e-01   0.0000
 -3.54436226e-02   0.0000
  2.42882535e-01   0.0000
  3.73789519e-02   0.0000
 -5.13311625e-01   0.0000
  7.40676880e-01   0.0000
 -2.94540614e-01   0.0000
 -2.15786651e-01   0.0000
  1.44236637e-02   0.0000
  3.94462258e-01   0.0000
  2.78168589e-01   0.0000
  5.20261414e-02   0.0000
  1.86108053e-01   0.0000
 -1.31010175e-01   0.0000
  2.63874412e-01   0.0000
 -2.46286303e-01   0.0000
  6.20837510e-02   0.0000
 -1.63218394e-01   0.0000
 -3.82708907e-02   0.0000
  5.59811527e-03   0.0000
  1.45871654e-01   0.0000
 -8.12765732e-02   0.0000
 -5.43669015e-02   0.0000
  1.60503089e-01   0.0000
 -3.26514155e-01   0.0000
  3.20288315e-02   0.0000
  3.99318263e-02   0.0000
  9.20250043e-02   0.0000
  7.00707287e-02   0.0000
 -9.48140621e-02   0.0000
 -1.22070648e-01   0.0000
 -2.41274087e-04   0.0000
  1.46346077e-01   0.0000
 -2.89684683e-02   0.0000
  1.18165515e-01   0.0000
  1.22196272e-01   0.0000
 -5.97339645e-02   0.0000
  1.27584383e-01   0.0000
 -1.77767172e-01   0.0000
 -1.55935034e-01   0.0000
  1.03338517e-01   0.0000
  1.17167972e-01   0.0000
  6.10035323e-02   0.0000
 -1.53432578e-01   0.0000
 -4.15287733e-01   0.0000
  2.49710843e-01   0.0000
 -4.22753215e-01   0.0000
  3.10276747e-01   0.0000
 -2.40922183e-01   0.0000
  4.43451166e-01   0.0000
  1.32173762e-01   0.0000
 -9.89573896e-02   0.0000
  1.28156126e-01   0.0000
  1.30326167e-01   0.0000
 -4.45912970e-04   0.0000
 -3.92956913e-01   0.0000
  1.32371202e-01   0.0000
  3.30749503e-03   0.0000
 -2.16996580e-01   0.0000
 -2.07726479e-01   0.0000
 -5.65750115e-02   0.0000
  3.21451396e-01   0.0000
  5.05711973e-01   0.0000
 -5.23448631e-04   0.0000
 -3.84261370e-01   0.0000
  1.16054393e-01   0.0000
 -3.50909799e-01   0.0000
 -6.61713779e-02   0.0000
  4.79408562e-01   0.0000
 -5.20332575e-01   0.0000
  3.76872867e-01   0.0000
  3.22590649e-01   0.0000
 -4.69334796e-02   0.0000
 -4.07986760e-01   0.0000
 -1.43837199e-01   0.0000
 -4.88253355e-01   0.0000
 -8.75300884e-01   0.0000
  3.74470741e-01   0.0000
 -5.46818078e-01   0.0000
  4.45314556e-01   0.0000
 -6.83249056e-01   0.0000
  1.03805935e+00   0.0000
  4.78267163e-01   0.0000
 -2.20513120e-01   0.0000
 -1.12926781e+00   0.0000
  2.59204835e-01   0.0000
 -3.39717388e-01   0.0000
 -7.86116958e-01   0.0000
  1.14006422e-01   0.0000
 -9.85105895e-03   0.0000
 -5.42184055e-01   0.0000
 -6.16048694e-01   0.0000
 -4.64334041e-01   0.0000
  1.01193607e+00   0.0000
  1.14309394e+00   0.0000
  3.13969590e-02   0.0000
 -1.09677172e+00   0.0000
  4.65810210e-01   0.0000
 -7.50177979e-01   0.0000
 -6.39827996e-02   0.0000
  1.34513903e+00   0.0000
 -1.37661576e+00   0.0000
  7.03011215e-01   0.0000
  6.52208328e-01   0.0000
 -2.72973090e-01   0.0000
 -1.07714486e+00   0.0000
 -5.81108928e-01   0.0000
 -4.36713696e-02   0.0000
 -2.04505920e-01   0.0000
  1.70023918e-01   0.0000
 -3.30324620e-01   0.0000
  2.62334079e-01   0.0000
 -6.55906573e-02   0.0000
  1.05576821e-01   0.0000
  4.67711501e-02   0.0000
 -9.68491379e-03   0.0000
 -1.92994848e-01   0.0000
  1.41890571e-01   0.0000
 -5.20088943e-04   0.0000
 -2.15587944e-01   0.0000
  2.05722779e-01   0.0000
 -2.28727758e-02   0.0000
 -2.89830621e-02   0.0000
 -8.02761540e-02   0.0000
 -4.89395224e-02   0.0000
  5.35788797e-02   0.0000
  1.29335225e-01   0.0000
 -3.89609559e-05   0.0000
 -1.61339924e-01   0.0000
  5.16799353e-02   0.0000
 -9.61997211e-02   0.0000
 -1.42751649e-01   0.0000
  8.54347050e-02   0.0000
 -7.59514347e-02   0.0000
  1.95012808e-01   0.0000
  1.18305258e-01   0.0000
 -3.39590088e-02   0.0000
 -1.10264950e-01   0.0000
 -5.39229289e-02   0.0000
 -6.69220537e-02   0.0000
 -2.11945578e-01   0.0000
  1.67757962e-02   0.0000
 -2.76443195e-02   0.0000
  1.71473995e-02   0.0000
 -7.63901025e-02   0.0000
  1.41550988e-01   0.0000
 -1.15895672e-02   0.0000
  5.38868411e-03   0.0000
 -5.10993600e-01   0.0000
  2.27889717e-02   0.0000
 -8.36046971e-03   0.0000
 -5.42926677e-02   0.0000
  1.67034399e-02   0.0000
  8.41243379e-03   0.0000
 -1.06897146e-01   0.0000
 -3.08546200e-02   0.0000
 -1.09533193e-02   0.0000
  1.96675271e-01   0.0000
  1.94679916e-01   0.0000
 -1.97461868e-05   0.0000
 -2.53864855e-01   0.0000
 -8.48468579e-03   0.0000
 -1.70579050e-02   0.0000
  1.32033955e-02   0.0000
  3.02948058e-01   0.0000
 -2.98566580e-01   0.0000
  1.41872793e-01   0.0000
  1.43254429e-01   0.0000
  1.41010471e-02   0.0000
 -1.21398561e-01   0.0000
 -1.31993711e-01   0.0000
 -1.08190879e-01   0.0000
  6.72666505e-02   0.0000
  2.51607038e-02   0.0000
 -5.32074785e-03   0.0000
 -4.26935684e-03   0.0000
 -1.50653198e-01   0.0000
 -1.68107137e-01   0.0000
  1.39336720e-01   0.0000
 -2.40449491e-03   0.0000
  2.70583332e-01   0.0000
  8.69503170e-02   0.0000
 -1.85454153e-02   0.0000
 -3.19453375e-03   0.0000
 -1.18143782e-02   0.0000
 -4.57842225e-06   0.0000
 -3.20139751e-02   0.0000
 -1.09934025e-01   0.0000
 -5.61556146e-02   0.0000
 -5.82119636e-02   0.0000
 -1.08124271e-01   0.0000
 -7.64605007e-04   0.0000
  1.35462582e-01   0.0000
  6.92961067e-02   0.0000
 -2.76148226e-03   0.0000
 -2.01833528e-02   0.0000
 -1.39873028e-01   0.0000
  2.70456791e-01   0.0000
 -2.89110909e-03   0.0000
  9.37926117e-03   0.0000
 -4.19445848e-03   0.0000
  7.50302225e-02   0.0000
 -1.38629287e-01   0.0000
  4.92127687e-02   0.0000
  2.28648290e-01   0.0000
 -9.75440443e-03   0.0000
  7.16133565e-02   0.0000
 -9.25654918e-03   0.0000
  5.42107932e-02   0.0000
 -3.18434387e-01   0.0000
 -2.59528216e-02   0.0000
  4.84797219e-03   0.0000
  1.76292494e-01   0.0000
 -2.20710598e-03   0.0000
  1.95436440e-02   0.0000
  1.31443501e-01   0.0000
  8.86761248e-02   0.0000
  6.29711954e-04   0.0000
  5.26037125e-04   0.0000
  9.34522133e-03   0.0000
  5.37959440e-03   0.0000
 -1.66032270e-01   0.0000
 -2.75009573e-01   0.0000
  9.45430147e-05   0.0000
  2.73898691e-01   0.0000
 -6.57879114e-02   0.0000
  1.96541131e-01   0.0000
 -2.63343621e-02   0.0000
 -1.86683819e-01   0.0000
  2.92285621e-01   0.0000
 -1.37789592e-01   0.0000
 -1.35822698e-01   0.0000
  2.23357398e-02   0.0000
  2.29567692e-01   0.0000
  1.07478194e-01   0.0000
  1.86251253e-02   0.0000
  7.89364520e-03   0.0000
 -3.84120606e-02   0.0000
  6.83979541e-02   0.0000
 -8.21169540e-02   0.0000
  2.11310312e-02   0.0000
 -5.12978341e-03   0.0000
 -1.19239148e-02   0.0000
  1.90001971e-03   0.0000
 -2.17206199e-02   0.0000
 -2.15151645e-02   0.0000
 -3.42094526e-02   0.0000
  2.61859447e-02   0.0000
 -8.51584151e-02   0.0000
  4.42233905e-02   0.0000
  8.61185789e-03   0.0000
  3.25565487e-02   0.0000
  8.06438457e-03   0.0000
 -4.93192626e-03   0.0000
  2.70552821e-02   0.0000
 -3.55239282e-03   0.0000
 -5.96894836e-03   0.0000
 -2.67578725e-04   0.0000
  2.31660921e-02   0.0000
  1.03216274e-02   0.0000
  4.55715274e-03   0.0000
 -9.33471508e-03   0.0000
 -3.44668776e-02   0.0000
 -4.51246500e-02   0.0000
  7.73480954e-03   0.0000
  1.74513124e-02   0.0000
  1.62464622e-02   0.0000
  3.29067111e-02   0.0000
  3.64635549e-02   0.0000
 -1.40911087e-01   0.0000
  8.99800286e-02   0.0000
 -6.32691085e-02   0.0000
  1.96504667e-02   0.0000
 -1.03377341e-03   0.0000
 -2.69268844e-02   0.0000
  1.09649089e-03   0.0000
 -1.29419174e-02   0.0000
 -2.07895916e-02   0.0000
 -7.25088321e-05   0.0000
  6.17565364e-02   0.0000
 -6.25226796e-02   0.0000
 -4.17715870e-04   0.0000
  2.05533169e-02   0.0000
  4.32060435e-02   0.0000
  2.30976809e-02   0.0000
 -2.10182145e-02   0.0000
 -2.67229471e-02   0.0000
  9.39956226e-05   0.0000
  5.03557455e-03   0.0000
 -2.24774312e-02   0.0000
  3.64007652e-02   0.0000
  1.36936055e-02   0.0000
 -2.41680047e-03   0.0000
 -3.73054272e-03   0.0000
 -5.15034162e-02   0.0000
 -6.18768074e-02   0.0000
  2.85407770e-02   0.0000
  2.47415509e-02   0.0000
  5.22799604e-02   0.0000
  3.25105079e-02   0.0000
  1.21781081e-01   0.0000
 -1.48108482e-01   0.0000
  1.63150549e-01   0.0000
 -1.97429761e-01   0.0000
  5.17389849e-02   0.0000
 -1.66600451e-01   0.0000
 -9.77530479e-02   0.0000
  5.09381630e-02   0.0000
  1.36860475e-01   0.0000
 -7.46163204e-02   0.0000
 -2.14888416e-02   0.0000
  1.66150242e-01   0.0000
 -1.98944181e-01   0.0000
  2.00172435e-04   0.0000
  1.46031156e-02   0.0000
  1.25196785e-01   0.0000
  2.94637457e-02   0.0000
 -1.02621719e-01   0.0000
 -7.34688267e-02   0.0000
 -6.00185711e-04   0.0000
  9.92803946e-02   0.0000
 -9.34023708e-02   0.0000
  8.04277584e-02   0.0000
  7.70241991e-02   0.0000
 -7.05796927e-02   0.0000
  1.30918935e-01   0.0000
 -1.17625676e-01   0.0000
 -1.52273595e-01   0.0000
  7.34454095e-02   0.0000
  1.12431757e-01   0.0000
  4.18811627e-02   0.0000
 -7.17585236e-02   0.0000
  2.24908758e-02   0.0000
 -4.42593843e-02   0.0000
  6.67899027e-02   0.0000
 -3.57237533e-02   0.0000
  1.73910279e-02   0.0000
  5.71091808e-02   0.0000
 -1.83985941e-02   0.0000
 -1.67710186e-05   0.0000
 -8.05340856e-02   0.0000
 -3.95267308e-02   0.0000
 -1.61298260e-01   0.0000
  4.51665148e-02   0.0000
 -2.71519888e-02   0.0000
  4.64361720e-02   0.0000
  2.52411459e-02   0.0000
  2.60219686e-02   0.0000
  8.55636969e-03   0.0000
  5.40340133e-02   0.0000
  9.38868076e-02   0.0000
  4.46878752e-04   0.0000
 -2.46689375e-02   0.0000
 -1.02256807e-02   0.0000
  2.48488244e-02   0.0000
  4.13367301e-02   0.0000
  1.57739356e-01   0.0000
 -6.32176474e-02   0.0000
 -3.60288620e-02   0.0000
 -4.80184034e-02   0.0000
  1.39074652e-02   0.0000
  1.32199703e-02   0.0000
  1.74816307e-02   0.0000
  2.39537079e-02   0.0000
  2.43781190e-02   0.0000
 -4.38987352e-02   0.0000
  5.99103533e-02   0.0000
 -3.06039508e-02   0.0000
  2.74202432e-02   0.0000
  1.71361007e-02   0.0000
 -2.02617235e-02   0.0000
  1.63826495e-02   0.0000
 -7.12333471e-02   0.0000
 -3.22966538e-02   0.0000
 -1.15644678e-01   0.0000
  4.29636464e-02   0.0000
 -1.66092291e-02   0.0000
 -2.50719837e-03   0.0000
  9.06515680e-03   0.0000
  2.61813980e-02   0.0000
  1.73066482e-02   0.0000
  5.04151434e-02   0.0000
  9.07344669e-02   0.0000
  2.83278152e-02   0.0000
 -9.23217982e-02   0.0000
 -2.16510836e-02   0.0000
  2.88330317e-02   0.0000
  1.92518942e-02   0.0000
  1.12806663e-01   0.0000
 -5.36774658e-02   0.0000
 -2.94390172e-02   0.0000
 -1.97559316e-02   0.0000
  1.77998785e-02   0.0000
 -4.47192639e-02   0.0000
  1.81038510e-02   0.0000
  3.60368676e-02   0.0000
  1.10374138e-01   0.0000
 -1.94473714e-01   0.0000
  1.82281464e-01   0.0000
 -1.69261441e-01   0.0000
  6.60041645e-02   0.0000
 -1.54528812e-01   0.0000
 -5.09218425e-02   0.0000
  2.73125991e-02   0.0000
  1.31027088e-01   0.0000
 -7.32508823e-02   0.0000
 -7.39846155e-02   0.0000
  1.87166765e-01   0.0000
 -2.76896715e-01   0.0000
 -9.35763586e-04   0.0000
  1.98934600e-02   0.0000
  5.10088094e-02   0.0000
  4.68766913e-02   0.0000
 -6.35764524e-02   0.0000
 -7.11049289e-02   0.0000
 -7.87451281e-04   0.0000
  1.02383994e-01   0.0000
 -2.64430232e-02   0.0000
  5.27886786e-02   0.0000
  1.25313058e-01   0.0000
 -2.75353268e-02   0.0000
  3.84018756e-02   0.0000
 -1.14887081e-01   0.0000
 -1.09927900e-01   0.0000
  3.74659002e-02   0.0000
  9.26802009e-02   0.0000
  5.91494888e-02   0.0000
 -4.93251719e-02   0.0000
 -2.08062530e-01   0.0000
  1.07206754e-01   0.0000
 -1.47030085e-01   0.0000
  1.47011817e-01   0.0000
 -7.75011852e-02   0.0000
  1.51857391e-01   0.0000
  6.40920028e-02   0.0000
 -4.03425237e-03   0.0000
 -2.22911254e-01   0.0000
  1.10517591e-01   0.0000
  9.55638709e-04   0.0000
 -1.59724399e-01   0.0000
  1.71298116e-01   0.0000
 -2.13375948e-02   0.0000
 -4.01828401e-02   0.0000
 -1.42748877e-01   0.0000
 -3.96714024e-02   0.0000
  1.73080757e-01   0.0000
  1.34849817e-01   0.0000
 -1.96676174e-05   0.0000
 -7.74715766e-02   0.0000
  4.18365374e-02   0.0000
 -1.28099576e-01   0.0000
 -1.44219548e-01   0.0000
  7.81403705e-02   0.0000
 -8.34220499e-02   0.0000
  1.00883812e-01   0.0000
  1.27427310e-01   0.0000
 -1.47840798e-01   0.0000
 -9.12425146e-02   0.0000
 -9.19343755e-02   0.0000
 -1.85852677e-01   0.0000
 -2.49144122e-01   0.0000
  2.12854102e-01   0.0000
 -2.42448926e-01   0.0000
  2.18277469e-01   0.0000
 -2.20857307e-01   0.0000
  4.24119771e-01   0.0000
  9.35611725e-02   0.0000
  3.19627579e-03   0.0000
 -5.01020789e-01   0.0000
  1.40293747e-01   0.0000
 -6.54297993e-02   0.0000
 -5.83439358e-02   0.0000
  2.01867744e-01   0.0000
  3.57842795e-03   0.0000
 -3.23764682e-02   0.0000
 -4.23658565e-02   0.0000
 -1.70687705e-01   0.0000
  2.82877475e-01   0.0000
  5.13766646e-01   0.0000
 -3.42368358e-03   0.0000
 -4.34421331e-01   0.0000
  3.89392376e-02   0.0000
 -1.88814312e-01   0.0000
 -1.06989201e-02   0.0000
  4.73270565e-01   0.0000
 -5.48416436e-01   0.0000
  1.80156618e-01   0.0000
  1.29736930e-01   0.0000
 -7.63465613e-02   0.0000
 -2.04725221e-01   0.0000
 -2.13781014e-01   0.0000
 -4.68832403e-01   0.0000
 -7.05966294e-01   0.0000
  9.62347612e-02   0.0000
 -2.61676490e-01   0.0000
  2.07546666e-01   0.0000
 -6.37284279e-01   0.0000
  1.03690910e+00   0.0000
  3.26485991e-01   0.0000
 -2.08038449e-01   0.0000
 -1.21102250e+00   0.0000
  3.26958776e-01   0.0000
 -3.07455510e-01   0.0000
 -4.97618020e-01   0.0000
 -2.85725538e-02   0.0000
  1.23440917e-03   0.0000
 -3.06852460e-01   0.0000
 -4.00233477e-01   0.0000
 -2.99220681e-01   0.0000
  8.36776197e-01   0.0000
  1.21464217e+00   0.0000
  2.16415405e-01   0.0000
 -1.06256616e+00   0.0000
  3.78622383e-01   0.0000
 -6.68448746e-01   0.0000
  2.66416818e-02   0.0000
  1.29835117e+00   0.0000
 -1.34986508e+00   0.0000
  4.40466493e-01   0.0000
  4.09234494e-01   0.0000
 -3.27079564e-01   0.0000
 -9.20195103e-01   0.0000
 -4.32113141e-01   0.0000
 -1.30339544e-02   0.0000
 -5.29949307e-01   0.0000
  3.90928350e-02   0.0000
 -2.73637354e-01   0.0000
  1.11380503e-01   0.0000
 -3.17731164e-02   0.0000
  3.73743832e-01   0.0000
  2.83705499e-02   0.0000
 -3.17671709e-03   0.0000
 -1.94865018e-02   0.0000
  7.20884800e-02   0.0000
  3.51527706e-05   0.0000
 -3.21597338e-01   0.0000
  1.14747070e-01   0.0000
  2.42624851e-03   0.0000
 -1.95576134e-03   0.0000
 -1.00355327e-01   0.0000
 -6.71721436e-03   0.0000
  2.21421599e-01   0.0000
  2.56677389e-01   0.0000
 -2.76682689e-03   0.0000
 -3.55904251e-01   0.0000
  4.47909767e-03   0.0000
 -6.92574680e-02   0.0000
 -1.94944385e-02   0.0000
  3.62879038e-01   0.0000
 -4.90037948e-01   0.0000
  4.08402205e-01   0.0000
  2.06365958e-01   0.0000
 -7.96743901e-04   0.0000
 -4.14367139e-01   0.0000
 -6.12915009e-02   0.0000
  4.96197864e-02   0.0000
  1.01055011e-01   0.0000
 -1.11552998e-01   0.0000
  2.08620802e-01   0.0000
 -1.61726877e-01   0.0000
  7.71961063e-02   0.0000
 -6.64499253e-02   0.0000
 -1.48395717e-01   0.0000
  3.58928402e-04   0.0000
  7.38973916e-02   0.0000
 -5.82288802e-02   0.0000
  4.75986570e-04   0.0000
  1.75046563e-01   0.0000
 -1.78062797e-01   0.0000
  5.83768077e-02   0.0000
  2.83121597e-02   0.0000
  2.98767537e-02   0.0000
  4.91911732e-02   0.0000
 -5.88169433e-02   0.0000
 -6.56348020e-02   0.0000
  6.19613129e-05   0.0000
  1.55324563e-01   0.0000
 -8.01660791e-02   0.0000
  8.59184191e-02   0.0000
  1.15375333e-01   0.0000
 -8.78916159e-02   0.0000
  1.35307252e-01   0.0000
 -1.50456160e-01   0.0000
 -2.01922178e-01   0.0000
  2.36286968e-02   0.0000
  1.38662025e-01   0.0000
  2.12326348e-02   0.0000
  3.60535420e-02   0.0000
  9.24901813e-02   0.0000
 -1.24274530e-01   0.0000
  1.96586847e-01   0.0000
 -2.02881113e-01   0.0000
  3.44990417e-02   0.0000
 -6.47301897e-02   0.0000
 -5.46411611e-02   0.0000
  2.50646640e-02   0.0000
  1.19778164e-01   0.0000
 -4.56009582e-02   0.0000
  2.29076738e-03   0.0000
  1.30540758e-01   0.0000
 -1.33153200e-01   0.0000
  1.67700220e-02   0.0000
  3.61233689e-02   0.0000
  1.02808587e-01   0.0000
  1.78201478e-02   0.0000
 -7.45513439e-02   0.0000
 -4.85435240e-02   0.0000
  5.68801770e-04   0.0000
  8.61059576e-02   0.0000
 -2.60214750e-02   0.0000
  7.42139667e-02   0.0000
  6.37700409e-02   0.0000
 -3.97807285e-02   0.0000
  7.67121166e-02   0.0000
 -1.57171354e-01   0.0000
 -1.02266990e-01   0.0000
  2.48422083e-02   0.0000
  6.77968785e-02   0.0000
  9.85470265e-02   0.0000
  3.97419333e-02   0.0000
  1.12305917e-01   0.0000
 -7.73852095e-02   0.0000
  1.37260646e-01   0.0000
 -1.39683172e-01   0.0000
  4.84876223e-02   0.0000
 -2.95840390e-02   0.0000
 -1.64759532e-02   0.0000
  3.40282801e-04   0.0000
  3.53509784e-02   0.0000
 -3.58428992e-02   0.0000
 -1.25383407e-01   0.0000
  5.48347682e-02   0.0000
 -8.29347000e-02   0.0000
  4.66954109e-04   0.0000
  3.30352113e-02   0.0000
  1.25793740e-01   0.0000
  5.79535356e-03   0.0000
 -3.54587212e-02   0.0000
 -3.49642970e-02   0.0000
 -2.14292832e-05   0.0000
  8.68051033e-03   0.0000
 -4.44482416e-02   0.0000
  5.26620522e-02   0.0000
  1.17364436e-01   0.0000
 -1.27055170e-02   0.0000
  1.57750640e-02   0.0000
 -1.34884462e-01   0.0000
 -8.44989792e-02   0.0000
  1.26918387e-02   0.0000
  4.64219414e-02   0.0000
  2.82720309e-02   0.0000
  1.74104884e-01   0.0000
  6.30964756e-01   0.0000
 -3.67469221e-01   0.0000
  5.69952905e-01   0.0000
 -5.24030805e-01   0.0000
  3.08949590e-01   0.0000
 -6.09065711e-01   0.0000
 -1.64339572e-01   0.0000
  1.02948472e-01   0.0000
  6.03209436e-01   0.0000
 -2.75083035e-01   0.0000
  2.63897266e-04   0.0000
  5.28741241e-01   0.0000
 -4.29232627e-01   0.0000
  6.77136257e-02   0.0000
  1.35104641e-01   0.0000
  3.10353309e-01   0.0000
  1.50831908e-01   0.0000
 -4.40315694e-01   0.0000
 -6.14340544e-01   0.0000
 -6.32110459e-04   0.0000
  6.87194586e-01   0.0000
 -1.28690958e-01   0.0000
  3.64505142e-01   0.0000
  2.67524689e-01   0.0000
 -5.73735654e-01   0.0000
  6.70221150e-01   0.0000
 -5.33890784e-01   0.0000
 -4.93699819e-01   0.0000
  1.93881243e-01   0.0000
  4.38253403e-01   0.0000
  3.47277910e-01   0.0000
  4.05571818e-01   0.0000
  7.65647531e-01   0.0000
 -3.98812890e-01   0.0000
  3.48939061e-01   0.0000
 -2.57052243e-01   0.0000
  5.27971029e-01   0.0000
 -9.89721894e-01   0.0000
 -3.16607028e-01   0.0000
  1.56684056e-01   0.0000
  1.04113150e+00   0.0000
 -2.42148325e-01   0.0000
  1.57067180e-02   0.0000
  5.86634457e-01   0.0000
 -1.51663348e-01   0.0000
  6.33992925e-02   0.0000
  1.98244229e-01   0.0000
  3.51445347e-01   0.0000
  2.06033692e-01   0.0000
 -8.97369504e-01   0.0000
 -1.08409750e+00   0.0000
  4.60636715e-04   0.0000
  1.11923409e+00   0.0000
 -3.17834467e-01   0.0000
  5.12261868e-01   0.0000
  9.31129009e-02   0.0000
 -1.32875395e+00   0.0000
  1.27625692e+00   0.0000
 -6.05842054e-01   0.0000
 -4.54474509e-01   0.0000
  1.26190454e-01   0.0000
  9.36473727e-01   0.0000
  4.36309367e-01   0.0000
  3.81610356e-02   0.0000
  7.26267248e-02   0.0000
 -8.28513652e-02   0.0000
  1.19335093e-01   0.0000
 -1.13671169e-01   0.0000
  4.68325354e-02   0.0000
 -3.84774543e-02   0.0000
 -3.64201479e-02   0.0000
  1.88223775e-02   0.0000
  2.43856460e-02   0.0000
 -9.85982493e-02   0.0000
 -7.25431517e-02   0.0000
  5.50423190e-02   0.0000
 -1.85924470e-01   0.0000
 -7.93625659e-04   0.0000
  1.29093193e-02   0.0000
  4.51313667e-02   0.0000
  9.03378427e-03   0.0000
 -2.68744342e-02   0.0000
 -2.83342451e-02   0.0000
 -9.82486818e-05   0.0000
  2.27218885e-02   0.0000
 -1.45778190e-02   0.0000
  3.54642384e-02   0.0000
  7.07461387e-02   0.0000
 -1.77322756e-02   0.0000
  2.09374242e-02   0.0000
 -6.08840548e-02   0.0000
 -6.26364723e-02   0.0000
  3.86479348e-02   0.0000
  1.95874739e-02   0.0000
  2.48416457e-02   0.0000
  2.07745522e-01   0.0000
  5.42213202e-01   0.0000
 -3.68187696e-01   0.0000
  4.85878736e-01   0.0000
 -4.50423539e-01   0.0000
  3.57741117e-01   0.0000
 -6.07953250e-01   0.0000
 -2.33677238e-01   0.0000
  2.04944521e-01   0.0000
  4.22866076e-01   0.0000
 -2.45718002e-01   0.0000
  4.07751985e-02   0.0000
  4.10271227e-01   0.0000
 -3.18058372e-01   0.0000
  9.20805428e-03   0.0000
  1.58646047e-01   0.0000
  2.49987617e-01   0.0000
  1.41782731e-01   0.0000
 -3.83774489e-01   0.0000
 -4.10300225e-01   0.0000
 -8.61876681e-02   0.0000
  5.42650640e-01   0.0000
 -2.55144596e-01   0.0000
  3.77003461e-01   0.0000
  1.22691192e-01   0.0000
 -5.81362665e-01   0.0000
  6.03476524e-01   0.0000
 -4.59598273e-01   0.0000
 -4.84643072e-01   0.0000
  1.87015608e-01   0.0000
  5.48627615e-01   0.0000
  4.18046772e-01   0.0000
 -3.13434064e-01   0.0000
 -4.45669532e-01   0.0000
  1.09000266e-01   0.0000
 -1.47419581e-02   0.0000
 -1.04888044e-02   0.0000
 -4.34184849e-01   0.0000
  9.95338559e-01   0.0000
  2.65934646e-01   0.0000
 -2.66095251e-01   0.0000
 -8.40345204e-01   0.0000
  1.75918639e-01   0.0000
 -6.98090643e-02   0.0000
 -3.12318891e-01   0.0000
 -1.39239207e-01   0.0000
  9.55442549e-04   0.0000
 -2.43814573e-01   0.0000
 -1.89145863e-01   0.0000
 -2.75694519e-01   0.0000
  5.60813963e-01   0.0000
  1.12547302e+00   0.0000
  3.11816912e-02   0.0000
 -8.47297192e-01   0.0000
  2.60724902e-01   0.0000
 -4.70225364e-01   0.0000
 -7.87707104e-04   0.0000
  9.60941076e-01   0.0000
 -1.11715317e+00   0.0000
  3.77290279e-01   0.0000
  2.94547498e-01   0.0000
 -7.89943859e-02   0.0000
 -6.68349385e-01   0.0000
 -3.75450671e-01   0.0000
  1.40465423e-01   0.0000
  6.66896939e-01   0.0000
 -4.92342152e-02   0.0000
  2.52595931e-01   0.0000
 -1.01866975e-01   0.0000
  2.50728816e-01   0.0000
 -7.12493777e-01   0.0000
 -7.61106461e-02   0.0000
  8.97674933e-02   0.0000
  1.39097226e+00   0.0000
 -4.34096828e-02   0.0000
  1.38237327e-01   0.0000
  3.57278079e-01   0.0000
  4.15850319e-02   0.0000
  3.53065028e-04   0.0000
  9.97545011e-03   0.0000
  1.47593141e-01   0.0000
  2.42407527e-02   0.0000
 -3.09469849e-01   0.0000
 -5.15729249e-01   0.0000
  1.28787260e-05   0.0000
  8.19683492e-01   0.0000
 -7.57383704e-02   0.0000
  2.34567419e-01   0.0000
  1.04120723e-03   0.0000
 -5.25176167e-01   0.0000
  6.10599935e-01   0.0000
 -4.21962678e-01   0.0000
 -3.89959067e-01   0.0000
  3.61677678e-03   0.0000
  4.34274524e-01   0.0000
  3.00867170e-01   0.0000
 -6.61095023e-01   0.0000
 -1.20087957e+00   0.0000
  8.08295786e-01   0.0000
 -1.14753640e+00   0.0000
  8.97490919e-01   0.0000
 -8.92346323e-01   0.0000
  1.31063497e+00   0.0000
  6.19897068e-01   0.0000
 -2.65771002e-01   0.0000
 -1.88567996e+00   0.0000
  5.94785810e-01   0.0000
  1.59730669e-02   0.0000
 -1.15224695e+00   0.0000
  4.48431134e-01   0.0000
 -7.91340321e-02   0.0000
 -3.92736644e-01   0.0000
 -7.18816817e-01   0.0000
 -4.18999106e-01   0.0000
  9.90281701e-01   0.0000
  1.27985132e+00   0.0000
  2.23387280e-04   0.0000
 -1.27720940e+00   0.0000
  6.08363569e-01   0.0000
 -9.12063301e-01   0.0000
 -2.61824459e-01   0.0000
  1.24161136e+00   0.0000
 -1.30814815e+00   0.0000
  9.75754261e-01   0.0000
  1.10339344e+00   0.0000
 -3.81559879e-01   0.0000
 -1.14361668e+00   0.0000
 -7.43578076e-01   0.0000
  5.46758668e-03   0.0000
  1.70122981e-01   0.0000
  4.05318290e-03   0.0000
  9.76624787e-02   0.0000
 -3.00218537e-02   0.0000
  1.60248345e-03   0.0000
 -2.46286467e-01   0.0000
  5.12419315e-03   0.0000
  1.24187942e-03   0.0000
  7.20160902e-02   0.0000
  2.68336455e-03   0.0000
 -2.75566970e-04   0.0000
  1.01151735e-01   0.0000
 -5.56296073e-02   0.0000
  2.10889219e-03   0.0000
 -6.80966582e-03   0.0000
  1.73204988e-02   0.0000
 -7.64269009e-03   0.0000
 -1.22928776e-01   0.0000
 -8.38779733e-02   0.0000
  7.25781079e-04   0.0000
  1.45831406e-01   0.0000
  1.23213427e-02   0.0000
  4.97589707e-02   0.0000
 -1.20183909e-02   0.0000
 -1.11102030e-01   0.0000
  1.63705826e-01   0.0000
 -1.69269562e-01   0.0000
 -5.32346889e-02   0.0000
  8.03926028e-03   0.0000
  2.13865757e-01   0.0000
  5.33159859e-02   0.0000
 -2.79264469e-02   0.0000
 -4.94982004e-02   0.0000
  5.60828671e-02   0.0000
 -1.10091358e-01   0.0000
  6.30135834e-02   0.0000
 -4.75169942e-02   0.0000
  3.23507339e-02   0.0000
  2.22490001e-02   0.0000
 -4.47907904e-03   0.0000
  2.14560963e-02   0.0000
  3.96224447e-02   0.0000
  7.40957409e-02   0.0000
 -6.34858683e-02   0.0000
  1.43181637e-01   0.0000
 -5.97851835e-02   0.0000
 -1.76259801e-02   0.0000
 -3.62875350e-02   0.0000
 -2.61318088e-02   0.0000
  1.52836451e-02   0.0000
  3.39545608e-02   0.0000
  4.97150235e-04   0.0000
 -2.13272925e-02   0.0000
  2.15031579e-02   0.0000
 -4.94925641e-02   0.0000
 -5.34706376e-02   0.0000
 -2.36987062e-02   0.0000
  1.56139489e-02   0.0000
  7.12033510e-02   0.0000
  6.75233677e-02   0.0000
 -1.39784310e-02   0.0000
 -4.49790545e-02   0.0000
 -4.51484062e-02   0.0000
  1.54831335e-01   0.0000
  3.05086881e-01   0.0000
 -3.71077098e-02   0.0000
  1.65238246e-01   0.0000
 -3.06420997e-02   0.0000
  1.10134117e-01   0.0000
 -3.15048397e-01   0.0000
 -6.30142167e-02   0.0000
 -2.07493594e-03   0.0000
  8.51524591e-01   0.0000
 -8.56173486e-02   0.0000
  2.21330542e-04   0.0000
  1.91834986e-01   0.0000
 -2.85007106e-03   0.0000
 -3.44260107e-03   0.0000
  8.41890946e-02   0.0000
  7.61436373e-02   0.0000
  7.38171786e-02   0.0000
 -2.97454506e-01   0.0000
 -2.74158925e-01   0.0000
 -5.43347269e-04   0.0000
  4.46693152e-01   0.0000
 -3.01562995e-02   0.0000
  1.66721120e-01   0.0000
  6.34569898e-02   0.0000
 -4.29179758e-01   0.0000
  4.47525352e-01   0.0000
 -1.72973588e-01   0.0000
 -1.34558812e-01   0.0000
  5.08154817e-02   0.0000
  2.29876697e-01   0.0000
  1.48781180e-01   0.0000
 -4.46427651e-02   0.0000
 -1.42267838e-01   0.0000
  1.34338900e-01   0.0000
 -2.49068499e-01   0.0000
  2.54064590e-01   0.0000
  4.62339167e-03   0.0000
  1.07916340e-01   0.0000
  5.19467294e-02   0.0000
 -2.77202521e-02   0.0000
 -4.96961810e-02   0.0000
  8.32597539e-02   0.0000
  2.29781926e-01   0.0000
 -1.12399377e-01   0.0000
  5.40044010e-01   0.0000
 -3.86235379e-02   0.0000
 -5.12358658e-02   0.0000
 -6.57117441e-02   0.0000
 -6.10713027e-02   0.0000
  7.46280551e-02   0.0000
  8.18165541e-02   0.0000
 -8.09388235e-02   0.0000
 -1.18402876e-01   0.0000
  3.82099934e-02   0.0000
 -4.34953868e-02   0.0000
 -1.96210355e-01   0.0000
  1.19034596e-01   0.0000
 -2.34412193e-01   0.0000
  9.21599418e-02   0.0000
  1.22979559e-01   0.0000
 -8.06510001e-02   0.0000
 -1.00759886e-01   0.0000
 -3.30449566e-02   0.0000
 -9.03481901e-01   0.0000
 -2.37302184e+00   0.0000
  1.26895833e+00   0.0000
 -1.91302335e+00   0.0000
  1.61902487e+00   0.0000
 -1.33156168e+00   0.0000
  2.63229990e+00   0.0000
  8.59865069e-01   0.0000
 -4.15943444e-01   0.0000
 -3.38544655e+00   0.0000
  9.19718266e-01   0.0000
  9.64355543e-02   0.0000
 -1.91281402e+00   0.0000
  1.46222270e+00   0.0000
 -2.31221274e-01   0.0000
 -6.56661272e-01   0.0000
 -1.12469923e+00   0.0000
 -6.61416113e-01   0.0000
  2.03854346e+00   0.0000
  2.61140752e+00   0.0000
 -1.21246390e-02   0.0000
 -2.78287768e+00   0.0000
  7.67973304e-01   0.0000
 -1.50997818e+00   0.0000
 -7.40509331e-01   0.0000
  2.75026703e+00   0.0000
 -3.07383251e+00   0.0000
  1.84107435e+00   0.0000
  1.74436963e+00   0.0000
 -6.12141609e-01   0.0000
 -2.23498797e+00   0.0000
 -1.25714540e+00   0.0000
  0.00000000e+00   0.0000

