 5 0.000000 1
 1 
 Si 28.085500
 0 0.250001 4.500000 0.978124 1.000000 
 5 0 1 2 4 6
 7 1.50000 1.75000 2.00000 2.25000 2.50000 2.75000 3.00000
 1 12.169200 6.172630 3.114710 0.755675 0.404939 0.036124 0.650018 0.572890
 4 35 32 32 1
 -2.08089903e-01   0.0000
  3.77877474e-01   0.0000
 -1.03823142e-03   0.0000
  5.64665020e-01   0.0000
  2.39347553e+00   0.0000
 -3.87195647e-02   0.0000
  3.58946472e-02   0.0000
  7.10413158e-01   0.0000
  1.94903109e-02   0.0000
 -2.59784865e-03   0.0000
 -1.72494397e-01   0.0000
 -3.04176030e-03   0.0000
 -7.12968037e-02   0.0000
  4.66975980e-02   0.0000
 -4.03742585e-03   0.0000
 -1.03714727e-01   0.0000
  1.32725820e-01   0.0000
  1.59120095e+00   0.0000
 -3.88093501e-01   0.0000
 -4.16167349e-01   0.0000
  4.04550470e-02   0.0000
  5.12260776e-05   0.0000
  8.06226358e-02   0.0000
 -1.89665723e+00   0.0000
 -2.71800091e-03   0.0000
 -3.88470411e-01   0.0000
  2.41119194e+00   0.0000
  2.12130561e-01   0.0000
  8.57558429e-01   0.0000
  2.97133327e-01   0.0000
  6.83929647e-06   0.0000
 -4.53156292e-01   0.0000
 -3.00348938e-01   0.0000
  6.14097774e-01   0.0000
 -2.64533167e-03   0.0000
  3.66495818e-01   0.0000
  2.59044933e+00   0.0000
  5.44392206e-02   0.0000
  1.45031903e-02   0.0000
  1.21033394e+00   0.0000
  6.23479486e-02   0.0000
 -1.50640390e-03   0.0000
 -2.38215670e-01   0.0000
  2.41116714e-02   0.0000
 -1.43888876e-01   0.0000
 -3.65037881e-02   0.0000
 -3.17821489e-03   0.0000
 -1.05532013e-01   0.0000
 -1.19565129e+00   0.0000
 -7.06565678e-01   0.0000
 -8.72972131e-01   0.0000
 -4.19687212e-01   0.0000
  4.54291189e-03   0.0000
 -1.85347628e-02   0.0000
  7.40974247e-02   0.0000
 -5.68807364e-01   0.0000
 -8.67600217e-02   0.0000
 -6.14377677e-01   0.0000
 -4.16846782e-01   0.0000
  4.89642411e-01   0.0000
  3.53377193e-01   0.0000
  6.12473905e-01   0.0000
  9.81340068e-04   0.0000
 -5.31208873e-01   0.0000
 -2.26224467e-01   0.0000
  8.22864890e-01   0.0000
 -6.74047098e-02   0.0000
 -1.67442679e-01   0.0000
  1.82388794e+00   0.0000
  3.10866553e-02   0.0000
  7.02552497e-01   0.0000
  1.26055729e+00   0.0000
  2.37024575e-01   0.0000
 -6.24288954e-02   0.0000
 -3.91810447e-01   0.0000
 -2.08598580e-02   0.0000
 -2.34389052e-01   0.0000
 -1.16817407e-01   0.0000
  4.01492184e-03   0.0000
 -3.57891843e-02   0.0000
  6.40864447e-02   0.0000
  7.41920620e-02   0.0000
 -7.90308177e-01   0.0000
 -5.76700151e-01   0.0000
  7.06169289e-03   0.0000
 -1.28868788e-01   0.0000
  5.38997836e-02   0.0000
 -5.84864151e-03   0.0000
 -2.07946703e-01   0.0000
 -4.91191119e-01   0.0000
 -3.97719920e-01   0.0000
  5.56077421e-01   0.0000
  2.30569288e-01   0.0000
  5.77174008e-01   0.0000
  4.20909449e-02   0.0000
 -3.49907339e-01   0.0000
 -3.90041798e-01   0.0000
  8.22208047e-01   0.0000
 -2.96538472e-01   0.0000
 -2.45962054e-01   0.0000
  7.10150063e-01   0.0000
  3.98998708e-01   0.0000
  7.23909914e-01   0.0000
  9.65205431e-01   0.0000
  2.42091149e-01   0.0000
 -3.63829434e-01   0.0000
 -4.61484134e-01   0.0000
 -2.78266311e-01   0.0000
 -2.84362555e-01   0.0000
 -3.46210152e-01   0.0000
 -2.36477107e-01   0.0000
  3.94620746e-02   0.0000
  7.60183513e-01   0.0000
  9.88550112e-02   0.0000
 -5.89991689e-01   0.0000
 -7.12394834e-01   0.0000
 -2.09269300e-01   0.0000
 -3.35548699e-01   0.0000
 -7.52652660e-02   0.0000
  4.30595011e-01   0.0000
 -2.25207627e-01   0.0000
 -5.08488595e-01   0.0000
 -4.41350639e-01   0.0000
  1.15079331e+00   0.0000
  3.67733270e-01   0.0000
  7.28506207e-01   0.0000
  3.75532597e-01   0.0000
 -2.48102337e-01   0.0000
 -3.98251057e-01   0.0000
  1.13325405e+00   0.0000
 -5.19865155e-01   0.0000
 -3.53562564e-01   0.0000
 -2.86256194e-01   0.0000
  4.74092066e-01   0.0000
  2.48210266e-01   0.0000
  7.49074638e-01   0.0000
  3.58418763e-01   0.0000
 -3.69269371e-01   0.0000
 -4.16942447e-01   0.0000
 -3.10582787e-01   0.0000
 -4.85122591e-01   0.0000
 -5.68200231e-01   0.0000
 -4.96295750e-01   0.0000
  3.02852839e-01   0.0000
  2.08466604e-01   0.0000
 -5.60799837e-01   0.0000
 -3.55980188e-01   0.0000
 -7.19360948e-01   0.0000
 -3.92467082e-01   0.0000
 -6.09713614e-01   0.0000
 -5.29971659e-01   0.0000
  4.73858118e-01   0.0000
 -4.05606389e-01   0.0000
 -8.83030653e-01   0.0000
 -5.67729890e-01   0.0000
  1.38815153e+00   0.0000
 -2.51324624e-01   0.0000
  5.22602260e-01   0.0000
  5.04390001e-01   0.0000
 -1.95397437e-01   0.0000
 -3.67797166e-01   0.0000
  1.07232916e+00   0.0000
 -5.31960309e-01   0.0000
 -2.09533185e-01   0.0000
 -1.34447670e+00   0.0000
  5.47918499e-01   0.0000
  1.06873244e-01   0.0000
  7.46517181e-01   0.0000
  2.31632948e-01   0.0000
 -5.32347083e-01   0.0000
 -5.81923127e-01   0.0000
 -6.56075239e-01   0.0000
 -5.67509532e-01   0.0000
 -5.28289378e-01   0.0000
 -6.24176741e-01   0.0000
  6.29435062e-01   0.0000
 -2.18429845e-02   0.0000
 -2.23388016e-01   0.0000
 -3.21842581e-01   0.0000
 -6.70462549e-01   0.0000
 -6.28932476e-01   0.0000
 -4.95674789e-01   0.0000
 -9.90087152e-01   0.0000
  1.47130743e-01   0.0000
 -6.93886220e-01   0.0000
 -1.26460552e+00   0.0000
 -1.40533611e-01   0.0000
  1.27953672e+00   0.0000
  3.99941485e-03   0.0000
  6.10843241e-01   0.0000
  5.13800144e-01   0.0000
 -9.77747515e-02   0.0000
 -4.22722548e-01   0.0000
  1.10285378e+00   0.0000
 -7.78552473e-01   0.0000
 -3.63213092e-01   0.0000
 -2.54302549e+00   0.0000
  8.45865428e-01   0.0000
  6.61957562e-02   0.0000
  7.02781200e-01   0.0000
  4.29962158e-01   0.0000
 -6.46180093e-01   0.0000
 -6.54214501e-01   0.0000
 -7.30923414e-01   0.0000
 -7.74739027e-01   0.0000
 -8.92179370e-01   0.0000
 -7.91277766e-01   0.0000
  8.08349311e-01   0.0000
 -2.71116883e-01   0.0000
  3.91662449e-01   0.0000
 -4.31662112e-01   0.0000
 -8.15430164e-01   0.0000
 -7.10754991e-01   0.0000
 -7.88325429e-01   0.0000
 -1.09901631e+00   0.0000
 -2.71212449e-03   0.0000
 -7.88959980e-01   0.0000
 -1.78822207e+00   0.0000
  3.66079897e-01   0.0000
  1.22394156e+00   0.0000
  6.07863843e-01   0.0000
  5.82690299e-01   0.0000
  6.15784287e-01   0.0000
 -2.27623239e-01   0.0000
  3.74209555e-03   0.0000
 -3.22053616e-04   0.0000
  5.50634302e-02   0.0000
  4.63747084e-02   0.0000
  1.96491390e-01   0.0000
  6.63543399e-03   0.0000
 -4.66264896e-02   0.0000
  1.84455104e-02   0.0000
  4.26331908e-02   0.0000
  7.68593140e-03   0.0000
  7.14295311e-04   0.0000
 -2.10990827e-03   0.0000
  5.84437163e-04   0.0000
 -4.49793763e-04   0.0000
 -1.42670539e-03   0.0000
 -4.49863374e-02   0.0000
  1.64635237e-02   0.0000
  3.60200368e-02   0.0000
  1.38185499e-02   0.0000
 -6.84922654e-03   0.0000
  5.79547137e-02   0.0000
 -2.62616500e-02   0.0000
 -2.27819197e-02   0.0000
 -2.02611298e-03   0.0000
 -2.57850122e-02   0.0000
  2.76652048e-04   0.0000
  5.64428195e-02   0.0000
 -2.48377398e-02   0.0000
  1.03501640e-01   0.0000
  1.15059476e-04   0.0000
 -9.02834756e-04   0.0000
 -4.06410880e-02   0.0000
 -3.51466122e-03   0.0000
  1.07315369e-02   0.0000
  1.52029877e-03   0.0000
  1.61057919e-01   0.0000
  2.32938915e-01   0.0000
 -6.01484207e-05   0.0000
 -1.60516307e-01   0.0000
  3.74208950e-03   0.0000
 -4.60036192e-03   0.0000
 -2.54634079e-02   0.0000
  2.86787027e-03   0.0000
  4.64773923e-02   0.0000
  9.57235519e-04   0.0000
  7.45328236e-03   0.0000
  6.49796948e-02   0.0000
  5.63461846e-03   0.0000
 -3.56491394e-02   0.0000
  2.46375706e-02   0.0000
  1.66072950e-01   0.0000
  1.21008344e-02   0.0000
  2.32952600e-03   0.0000
 -1.58936027e-02   0.0000
 -1.45129794e-02   0.0000
  1.50926635e-01   0.0000
  6.80960948e-04   0.0000
  1.21314235e-01   0.0000
  2.70812690e-01   0.0000
 -2.77604818e-01   0.0000
  3.16446960e-01   0.0000
 -1.41551588e-02   0.0000
 -2.23272275e-02   0.0000
  1.02436021e-01   0.0000
  1.51415125e-01   0.0000
  2.53681578e-02   0.0000
  2.16499381e-02   0.0000
  3.75985920e-01   0.0000
  1.24960899e-01   0.0000
 -3.58125381e-02   0.0000
 -2.67714411e-01   0.0000
  3.22700653e-04   0.0000
  3.63653176e-04   0.0000
  5.75147308e-02   0.0000
  2.32396610e-02   0.0000
  2.13288646e-02   0.0000
  3.05120979e-04   0.0000
 -2.59528845e-03   0.0000
  1.10530570e-01   0.0000
 -1.35559002e-02   0.0000
  2.36333013e-01   0.0000
 -1.38361249e-02   0.0000
  1.62944481e-01   0.0000
  9.05353427e-02   0.0000
  1.43639352e-02   0.0000
  7.15146139e-02   0.0000
  1.25496369e-02   0.0000
  2.87337434e-02   0.0000
 -2.46708840e-02   0.0000
  3.24394137e-01   0.0000
  3.95976603e-01   0.0000
 -6.86431646e-01   0.0000
  5.85898817e-01   0.0000
 -1.75171178e-02   0.0000
  2.00928319e-02   0.0000
  2.56283283e-01   0.0000
  1.34601235e-01   0.0000
  7.62698799e-02   0.0000
  6.29627928e-02   0.0000
  4.67981696e-01   0.0000
  1.45432088e-04   0.0000
 -8.37108418e-02   0.0000
 -2.88378209e-01   0.0000
  4.17184085e-02   0.0000
 -1.13576628e-01   0.0000
 -9.18096397e-03   0.0000
  2.52781846e-02   0.0000
  6.01810478e-02   0.0000
  1.58709735e-02   0.0000
 -1.24645579e-04   0.0000
  8.81300718e-02   0.0000
 -9.42462608e-02   0.0000
  2.74065465e-01   0.0000
 -1.85605630e-01   0.0000
  2.30055317e-01   0.0000
  1.50007471e-01   0.0000
  4.38574441e-02   0.0000
  1.34101594e-02   0.0000
  1.14186428e-01   0.0000
 -1.95884883e-01   0.0000
  9.65871289e-02   0.0000
  3.98509473e-01   0.0000
  1.28959298e-01   0.0000
 -1.05702853e+00   0.0000
  9.20561314e-01   0.0000
 -2.87496671e-02   0.0000
  5.38752042e-02   0.0000
  2.07360730e-01   0.0000
  6.32120743e-02   0.0000
  1.39025956e-01   0.0000
  1.10421851e-01   0.0000
  6.84793234e-01   0.0000
 -1.95061728e-01   0.0000
 -1.93563208e-01   0.0000
 -3.47370714e-01   0.0000
 -3.89151787e-03   0.0000
  6.20617578e-03   0.0000
  3.99065763e-03   0.0000
  3.56548801e-02   0.0000
  1.59110457e-01   0.0000
 -8.63268673e-02   0.0000
 -1.35079220e-01   0.0000
  7.99543932e-02   0.0000
 -1.08798832e-01   0.0000
 -2.90090665e-02   0.0000
 -4.83443588e-01   0.0000
  2.17056498e-01   0.0000
  2.04382405e-01   0.0000
  1.06902100e-01   0.0000
  2.77177505e-02   0.0000
  2.44428948e-01   0.0000
 -3.77627373e-01   0.0000
  4.13410738e-03   0.0000
  4.79158401e-01   0.0000
 -5.61147630e-01   0.0000
 -1.14860833e+00   0.0000
  8.49218011e-01   0.0000
 -1.29328415e-01   0.0000
  4.37701717e-02   0.0000
  2.27653354e-01   0.0000
  8.22780803e-02   0.0000
  1.87118351e-01   0.0000
  1.28715247e-01   0.0000
  9.95306373e-01   0.0000
 -2.25674301e-01   0.0000
 -1.16423130e-01   0.0000
 -2.33435512e-01   0.0000
  2.80518420e-02   0.0000
 -6.50601238e-02   0.0000
 -3.65458708e-03   0.0000
  4.86934669e-02   0.0000
  2.15056136e-01   0.0000
 -1.02646001e-01   0.0000
 -1.84961513e-01   0.0000
  1.90701783e-01   0.0000
 -1.67209774e-01   0.0000
 -2.92806238e-01   0.0000
 -7.23127484e-01   0.0000
  1.53681934e-01   0.0000
  2.80523241e-01   0.0000
  9.14870799e-02   0.0000
  1.04552768e-01   0.0000
  2.62376815e-01   0.0000
 -5.48217595e-01   0.0000
  1.01024404e-01   0.0000
  6.31812513e-01   0.0000
 -1.40517139e+00   0.0000
 -7.65118241e-01   0.0000
  6.51320994e-01   0.0000
 -3.35777812e-02   0.0000
  4.74823127e-03   0.0000
  6.42900616e-02   0.0000
  2.40655243e-02   0.0000
  3.17512900e-01   0.0000
  2.74452299e-01   0.0000
  1.40370107e+00   0.0000
 -2.00097546e-01   0.0000
 -2.07577154e-01   0.0000
  9.05082747e-02   0.0000
 -1.73507594e-02   0.0000
  6.90095453e-03   0.0000
 -4.32195608e-03   0.0000
  3.25922891e-02   0.0000
  1.90642610e-01   0.0000
 -1.76587462e-01   0.0000
 -2.10353822e-01   0.0000
  3.29102986e-02   0.0000
 -2.40080640e-01   0.0000
 -6.98329210e-01   0.0000
 -4.15604502e-01   0.0000
  2.63080359e-01   0.0000
  4.09993410e-01   0.0000
  1.22217678e-01   0.0000
  2.65589692e-02   0.0000
  4.30141091e-01   0.0000
 -6.56416416e-01   0.0000
  7.32813217e-03   0.0000
  8.32277417e-01   0.0000
 -2.28228164e+00   0.0000
 -5.28554440e-01   0.0000
  7.27765441e-01   0.0000
  3.25040938e-03   0.0000
  1.02250479e-01   0.0000
 -5.25964312e-02   0.0000
  3.18320952e-02   0.0000
  8.84580659e-04   0.0000
  2.28133751e-03   0.0000
  2.96314340e-02   0.0000
  6.26459479e-01   0.0000
  4.85962555e-02   0.0000
  7.15900287e-02   0.0000
  9.94781405e-03   0.0000
  4.94133644e-02   0.0000
  1.17212860e-03   0.0000
  1.08917127e-03   0.0000
 -5.50108701e-02   0.0000
  1.70921569e-03   0.0000
  4.39832360e-02   0.0000
 -4.69068764e-03   0.0000
 -2.58438662e-02   0.0000
  7.98841193e-02   0.0000
  4.87418711e-01   0.0000
  1.61110368e-02   0.0000
 -3.84140648e-02   0.0000
 -3.10171302e-03   0.0000
  3.04846053e-05   0.0000
 -4.18737084e-02   0.0000
 -3.78749698e-01   0.0000
  2.02012919e-02   0.0000
  3.26204486e-02   0.0000
  3.86844963e-01   0.0000
 -5.43028116e-02   0.0000
  7.06146136e-02   0.0000
 -2.07667705e-03   0.0000
 -4.71539190e-03   0.0000
 -8.93710647e-03   0.0000
  9.48032457e-03   0.0000
  1.25772981e-02   0.0000
 -7.11209280e-03   0.0000
  5.04360497e-02   0.0000
  6.91378355e-01   0.0000
 -5.68516664e-02   0.0000
  8.27969387e-02   0.0000
  2.14092266e-02   0.0000
 -8.36286973e-03   0.0000
  4.14853886e-04   0.0000
  3.89761437e-04   0.0000
 -1.18398841e-03   0.0000
  1.89329090e-03   0.0000
  9.28869413e-04   0.0000
  5.96223697e-02   0.0000
 -4.37034182e-02   0.0000
  6.92442805e-02   0.0000
  1.77689448e-01   0.0000
 -5.49587198e-02   0.0000
  5.00317141e-02   0.0000
 -5.20678982e-03   0.0000
 -1.49571970e-02   0.0000
  5.86949401e-02   0.0000
 -2.02642858e-01   0.0000
 -4.68668331e-05   0.0000
  1.18745260e-01   0.0000
  7.20439136e-01   0.0000
 -1.00250840e-02   0.0000
  5.56815648e-03   0.0000
 -4.72628046e-03   0.0000
  1.09976216e-03   0.0000
 -2.55712587e-02   0.0000
 -5.01479730e-02   0.0000
  3.68651375e-02   0.0000
  2.40068790e-02   0.0000
  1.36052653e-01   0.0000
  5.27314603e-01   0.0000
 -2.49569584e-02   0.0000
  8.42631832e-02   0.0000
 -1.45900424e-03   0.0000
  3.12684476e-02   0.0000
  7.88668171e-04   0.0000
  4.19553416e-03   0.0000
  5.63593619e-02   0.0000
 -7.15622725e-03   0.0000
 -6.55258745e-02   0.0000
  9.76039737e-04   0.0000
 -6.37580454e-02   0.0000
  2.66664568e-02   0.0000
 -3.66044641e-01   0.0000
 -9.90042463e-02   0.0000
  5.55381402e-02   0.0000
  4.31695357e-02   0.0000
  4.62554349e-03   0.0000
  1.99964389e-01   0.0000
  3.17616835e-02   0.0000
 -1.83529360e-03   0.0000
  4.02513206e-01   0.0000
  1.08468509e+00   0.0000
  3.02983969e-02   0.0000
  1.04010403e-01   0.0000
 -3.03305741e-02   0.0000
  5.86158335e-02   0.0000
  2.93975901e-02   0.0000
  2.52123387e-03   0.0000
  7.13198557e-02   0.0000
  1.33536667e-01   0.0000
  1.98941752e-01   0.0000
  4.46007103e-01   0.0000
 -8.98665041e-02   0.0000
  1.50598586e-01   0.0000
  8.30333531e-02   0.0000
  3.70083787e-02   0.0000
  3.25156050e-03   0.0000
  7.44969491e-03   0.0000
  1.71639070e-01   0.0000
 -2.76776738e-02   0.0000
 -5.77824488e-02   0.0000
  4.99826595e-02   0.0000
 -1.07542753e-01   0.0000
  5.90262339e-02   0.0000
 -6.11609757e-01   0.0000
 -2.79468805e-01   0.0000
  1.28267810e-01   0.0000
  1.24807335e-01   0.0000
  8.19633435e-03   0.0000
  5.54589450e-01   0.0000
  2.98729926e-01   0.0000
  8.93461425e-03   0.0000
  7.89808452e-01   0.0000
  1.38919508e+00   0.0000
  2.00442486e-02   0.0000
 -1.79556198e-02   0.0000
 -2.70042866e-02   0.0000
  1.60578620e-02   0.0000
 -9.83253792e-02   0.0000
  1.80014111e-02   0.0000
  1.15070514e-01   0.0000
  1.67679355e-01   0.0000
  3.93087566e-01   0.0000
  3.11911255e-01   0.0000
 -2.27132946e-01   0.0000
  3.35617185e-01   0.0000
 -5.61633031e-04   0.0000
  1.54895969e-02   0.0000
  1.55727407e-02   0.0000
  3.14606316e-02   0.0000
  1.39141396e-01   0.0000
 -1.14943370e-01   0.0000
 -3.59159335e-02   0.0000
  6.74233213e-02   0.0000
 -1.36178762e-01   0.0000
  1.59583583e-01   0.0000
 -3.49626958e-01   0.0000
 -1.82691887e-01   0.0000
  2.07923651e-01   0.0000
  1.60045400e-01   0.0000
  2.40534935e-02   0.0000
  7.35948682e-01   0.0000
  3.70471776e-01   0.0000
  1.71719193e-02   0.0000
  1.06300294e+00   0.0000
  1.43434155e+00   0.0000
 -1.74085245e-01   0.0000
 -4.27581072e-01   0.0000
 -2.81316321e-02   0.0000
  3.25063802e-02   0.0000
 -2.83704093e-03   0.0000
  1.45266093e-02   0.0000
  1.48315042e-01   0.0000
  1.41245171e-01   0.0000
  6.08838141e-01   0.0000
  5.77184796e-01   0.0000
 -1.88870028e-01   0.0000
  7.21155345e-01   0.0000
  3.48751061e-03   0.0000
  2.21484844e-02   0.0000
 -1.36767924e-02   0.0000
  2.72939149e-02   0.0000
  1.61525249e-01   0.0000
 -2.11913466e-01   0.0000
 -1.09637260e-01   0.0000
  1.11463912e-01   0.0000
 -1.85978696e-01   0.0000
  2.90020257e-01   0.0000
  1.89221978e-01   0.0000
 -5.84722385e-02   0.0000
  3.10405523e-01   0.0000
  1.09058827e-01   0.0000
  1.41104326e-01   0.0000
  9.27217245e-01   0.0000
  2.08595216e-01   0.0000
  1.09020695e-02   0.0000
  1.35013652e+00   0.0000
  1.53652942e+00   0.0000
 -5.12103200e-01   0.0000
 -9.65895951e-01   0.0000
 -2.71114483e-02   0.0000
  5.58619872e-02   0.0000
 -5.20075997e-03   0.0000
  1.32968172e-01   0.0000
  3.16045970e-01   0.0000
  2.73681402e-01   0.0000
  7.68210590e-01   0.0000
  8.57949197e-01   0.0000
 -1.69248804e-01   0.0000
  1.02294850e+00   0.0000
  1.97882038e-02   0.0000
 -3.69170532e-02   0.0000
 -4.53958735e-02   0.0000
  6.45735040e-02   0.0000
  1.47004783e-01   0.0000
 -2.22382978e-01   0.0000
 -8.24711397e-02   0.0000
  1.53947011e-01   0.0000
 -2.24604309e-01   0.0000
  4.45672512e-01   0.0000
  1.13765848e+00   0.0000
  1.25911549e-01   0.0000
  2.24431634e-01   0.0000
  9.53832939e-02   0.0000
  6.77334890e-02   0.0000
  9.61003125e-01   0.0000
 -1.27161145e-01   0.0000
  1.79899130e-02   0.0000
  1.51397574e+00   0.0000
  1.39007437e+00   0.0000
 -7.35967457e-01   0.0000
 -1.83722496e+00   0.0000
  9.82746575e-03   0.0000
  4.76130880e-02   0.0000
 -7.58836195e-02   0.0000
  4.36156569e-03   0.0000
  2.86871596e-04   0.0000
  4.49563153e-02   0.0000
  1.09345458e-01   0.0000
 -1.40083313e+00   0.0000
 -2.10463684e-02   0.0000
  2.08296537e-01   0.0000
  3.12578864e-02   0.0000
 -6.27909899e-02   0.0000
  4.38012509e-03   0.0000
 -8.34161267e-02   0.0000
 -4.71574767e-03   0.0000
 -3.62185622e-03   0.0000
 -1.96423309e-04   0.0000
 -1.83188834e-03   0.0000
  3.38573195e-03   0.0000
  6.42355299e-03   0.0000
  7.37551093e-01   0.0000
  9.39072594e-02   0.0000
 -3.62528041e-02   0.0000
 -1.49504817e-03   0.0000
  5.73794532e-04   0.0000
 -4.44708839e-02   0.0000
 -6.80892408e-01   0.0000
 -1.13313471e-03   0.0000
 -1.24656610e-01   0.0000
  1.81193337e-01   0.0000
 -4.73630475e-03   0.0000
 -6.32625043e-01   0.0000
 -1.70695724e-03   0.0000
 -1.21739518e-03   0.0000
 -7.87969232e-02   0.0000
 -1.84020791e-02   0.0000
  4.29386683e-02   0.0000
 -5.41734393e-04   0.0000
 -8.59301612e-02   0.0000
 -1.60843897e+00   0.0000
  6.47181794e-02   0.0000
  3.09317168e-02   0.0000
  8.05827007e-02   0.0000
  1.98248425e-03   0.0000
 -1.41685491e-03   0.0000
 -7.35832751e-02   0.0000
 -6.36276836e-03   0.0000
 -1.02565845e-03   0.0000
  3.26025598e-02   0.0000
 -5.51769696e-03   0.0000
 -3.40434024e-04   0.0000
 -1.97050437e-01   0.0000
  6.33735180e-01   0.0000
  2.49826059e-01   0.0000
 -7.97597319e-03   0.0000
 -2.30132090e-03   0.0000
 -2.84086578e-02   0.0000
 -1.40620163e-02   0.0000
 -4.37994480e-01   0.0000
  3.73804534e-04   0.0000
  1.10485284e-02   0.0000
  8.56670290e-02   0.0000
  1.33441284e-01   0.0000
 -1.32550418e+00   0.0000
  8.85870308e-02   0.0000
 -6.21322306e-06   0.0000
 -5.54524139e-02   0.0000
 -1.08494878e-01   0.0000
  4.46320064e-02   0.0000
 -4.24074521e-03   0.0000
 -1.79782927e-01   0.0000
 -8.62749696e-01   0.0000
  4.88647036e-02   0.0000
 -2.80025881e-02   0.0000
  6.74850568e-02   0.0000
  1.03194140e-01   0.0000
 -5.56675307e-02   0.0000
 -8.77656490e-02   0.0000
  2.86515825e-03   0.0000
 -2.47855065e-03   0.0000
 -1.58307701e-02   0.0000
 -1.21009022e-01   0.0000
 -4.93388344e-03   0.0000
 -4.63137597e-01   0.0000
  7.41846859e-01   0.0000
  4.26079303e-01   0.0000
 -3.89498402e-03   0.0000
  1.81561650e-03   0.0000
 -3.70667037e-03   0.0000
  4.67776656e-02   0.0000
 -4.89278525e-01   0.0000
 -7.93645009e-02   0.0000
  1.06154911e-01   0.0000
  1.77186698e-01   0.0000
  3.61146927e-01   0.0000
 -1.49851739e+00   0.0000
  5.76413497e-02   0.0000
  3.21899876e-02   0.0000
 -7.82538950e-02   0.0000
 -1.18562626e-02   0.0000
  9.80611891e-02   0.0000
 -8.07268620e-02   0.0000
 -1.71856359e-01   0.0000
  1.14123970e-01   0.0000
 -4.02175868e-03   0.0000
  8.99982229e-02   0.0000
  1.54963195e-01   0.0000
  1.67724136e-02   0.0000
 -1.58837229e-01   0.0000
 -6.45869821e-02   0.0000
 -1.62318107e-02   0.0000
 -1.15961961e-01   0.0000
 -7.23238941e-03   0.0000
 -8.29823222e-03   0.0000
  2.83892937e-02   0.0000
 -8.89536798e-01   0.0000
  8.04036975e-01   0.0000
  5.81546485e-01   0.0000
 -1.28965676e-02   0.0000
 -1.16499156e-01   0.0000
 -6.96777105e-02   0.0000
  1.15443900e-01   0.0000
 -4.64156866e-01   0.0000
  3.87090782e-04   0.0000
  2.25379184e-01   0.0000
  3.77995372e-01   0.0000
  5.65191329e-01   0.0000
 -1.20649827e+00   0.0000
  3.41786817e-02   0.0000
  1.83362886e-02   0.0000
 -1.32616207e-01   0.0000
 -3.38687338e-02   0.0000
  7.17104077e-02   0.0000
 -8.99357200e-02   0.0000
 -2.84782499e-01   0.0000
  6.69176280e-01   0.0000
  5.75086363e-02   0.0000
  3.40042859e-01   0.0000
  1.59581786e-03   0.0000
  1.22097358e-01   0.0000
 -2.05261573e-01   0.0000
 -9.80242789e-02   0.0000
 -1.05810262e-01   0.0000
 -1.33265167e-01   0.0000
 -1.94149986e-01   0.0000
 -1.34938285e-01   0.0000
  1.35403872e-01   0.0000
 -1.09037375e+00   0.0000
  6.73877239e-01   0.0000
  6.10015750e-01   0.0000
 -4.04184312e-02   0.0000
 -1.97652094e-02   0.0000
 -1.13339074e-01   0.0000
 -6.14991225e-02   0.0000
 -2.41739392e-01   0.0000
 -9.43138301e-02   0.0000
  2.73822695e-01   0.0000
  3.36482614e-01   0.0000
  6.59947753e-01   0.0000
 -1.04500687e+00   0.0000
 -3.60128991e-02   0.0000
  7.70006627e-02   0.0000
 -8.52681398e-02   0.0000
 -3.17993425e-02   0.0000
  9.65389982e-02   0.0000
 -1.28222495e-01   0.0000
 -5.33521175e-01   0.0000
  9.28942740e-01   0.0000
  2.02979058e-01   0.0000
  4.74441350e-01   0.0000
 -5.13084512e-03   0.0000
  5.30031435e-02   0.0000
 -7.80582502e-02   0.0000
 -8.42254236e-03   0.0000
 -2.82514304e-01   0.0000
 -1.16221726e-01   0.0000
 -1.65266499e-01   0.0000
 -1.72413185e-01   0.0000
  2.76697308e-01   0.0000
 -1.31265235e+00   0.0000
  2.05981657e-01   0.0000
  5.28231800e-01   0.0000
 -1.23464473e-01   0.0000
 -2.58170128e-01   0.0000
 -1.09068953e-01   0.0000
 -1.08588852e-01   0.0000
  6.74723387e-02   0.0000
 -1.86070323e-01   0.0000
  2.00038806e-01   0.0000
  4.65798378e-01   0.0000
  5.80910265e-01   0.0000
 -4.43661511e-01   0.0000
 -1.47568271e-01   0.0000
  9.12291110e-02   0.0000
 -1.67404473e-01   0.0000
 -6.84635490e-02   0.0000
  5.88903017e-02   0.0000
 -2.52705753e-01   0.0000
 -5.92799902e-01   0.0000
  9.16993141e-01   0.0000
  2.59052217e-01   0.0000
  6.11187458e-01   0.0000
  6.47178711e-03   0.0000
  1.97257459e-01   0.0000
 -2.82326013e-01   0.0000
 -9.45508629e-02   0.0000
 -2.89286762e-01   0.0000
 -1.59305200e-01   0.0000
 -2.16822773e-01   0.0000
 -2.69594759e-01   0.0000
  4.14151460e-01   0.0000
 -1.26743233e+00   0.0000
 -4.94906791e-02   0.0000
  1.80956870e-01   0.0000
 -1.63643822e-01   0.0000
 -2.39981934e-01   0.0000
 -1.97673202e-01   0.0000
 -4.26439881e-01   0.0000
  3.72189671e-01   0.0000
 -1.57455474e-01   0.0000
  8.21685717e-02   0.0000
  9.73280489e-01   0.0000
  4.93889213e-01   0.0000
  6.15448534e-01   0.0000
 -2.76285350e-01   0.0000
  2.18862116e-01   0.0000
 -3.28524977e-01   0.0000
  3.46486433e-03   0.0000
  8.74236599e-02   0.0000
 -4.91482206e-03   0.0000
  6.23736203e-01   0.0000
  1.27966911e-01   0.0000
  4.17974731e-03   0.0000
  2.44135290e-01   0.0000
  1.33276448e-01   0.0000
 -6.33693207e-03   0.0000
  5.29172015e-04   0.0000
 -5.88194176e-04   0.0000
 -4.47079446e-03   0.0000
  3.38774808e-02   0.0000
 -1.02358144e-02   0.0000
 -3.51873860e-02   0.0000
  7.55881099e-03   0.0000
  3.20387244e-01   0.0000
  2.40048990e-01   0.0000
 -1.08789109e-01   0.0000
 -1.02559598e-02   0.0000
 -5.43669448e-04   0.0000
  6.40672515e-04   0.0000
  3.49054150e-02   0.0000
 -2.43694186e-01   0.0000
  3.67428671e-04   0.0000
 -8.32209587e-02   0.0000
  1.25286150e+00   0.0000
  5.69233997e-03   0.0000
  1.38145638e+00   0.0000
 -5.32800611e-03   0.0000
 -4.33507711e-02   0.0000
 -3.59518752e-02   0.0000
 -2.32808571e-02   0.0000
  1.57041326e-01   0.0000
 -9.12386645e-03   0.0000
  6.30893409e-01   0.0000
 -3.59110050e-02   0.0000
  4.93047424e-02   0.0000
  3.00891753e-02   0.0000
  2.54808336e-01   0.0000
 -9.12155025e-03   0.0000
  4.35027498e-04   0.0000
 -6.91568628e-02   0.0000
 -5.61384310e-04   0.0000
 -3.51570025e-02   0.0000
  1.54947222e-03   0.0000
 -1.78955868e-03   0.0000
  6.56329561e-03   0.0000
 -3.78708422e-01   0.0000
 -2.44120926e-01   0.0000
 -2.39681348e-01   0.0000
 -8.86751488e-02   0.0000
 -2.42707948e-03   0.0000
  3.01454589e-03   0.0000
  1.01188153e-01   0.0000
 -1.22143082e-01   0.0000
 -4.20678232e-04   0.0000
 -7.93605149e-02   0.0000
  2.10391864e-01   0.0000
  3.49670462e-02   0.0000
  8.88686836e-01   0.0000
  2.48305410e-01   0.0000
 -1.39671226e-03   0.0000
 -4.41497788e-02   0.0000
  3.95077914e-02   0.0000
  3.05723816e-01   0.0000
 -2.87956162e-03   0.0000
  5.58707356e-01   0.0000
 -2.11090688e-03   0.0000
  9.81431268e-03   0.0000
 -2.75136858e-01   0.0000
  2.64045596e-01   0.0000
 -1.70655679e-02   0.0000
  5.02770708e-05   0.0000
 -6.38054758e-02   0.0000
  9.63947678e-04   0.0000
 -7.65946358e-02   0.0000
 -3.94087471e-03   0.0000
 -8.90321936e-03   0.0000
 -4.11410518e-02   0.0000
 -1.18719205e-01   0.0000
 -4.86592919e-01   0.0000
 -3.61274987e-01   0.0000
 -1.51878908e-01   0.0000
 -7.94193242e-03   0.0000
 -3.34615353e-03   0.0000
  4.35259268e-02   0.0000
 -4.03640755e-02   0.0000
 -1.72586995e-03   0.0000
  1.62791938e-01   0.0000
 -5.02419591e-01   0.0000
 -1.12121686e-01   0.0000
 -7.33063146e-02   0.0000
  1.58452094e-01   0.0000
  3.17301974e-02   0.0000
  1.90010682e-01   0.0000
  5.73352948e-02   0.0000
  2.25792333e-01   0.0000
 -1.06800295e-01   0.0000
  5.25543630e-01   0.0000
 -7.46128783e-02   0.0000
  1.90531630e-02   0.0000
 -9.76651981e-02   0.0000
  2.14205265e-01   0.0000
  4.17337827e-02   0.0000
  4.19993047e-03   0.0000
 -9.74692479e-02   0.0000
 -7.52782077e-02   0.0000
 -7.45631084e-02   0.0000
 -1.08120523e-01   0.0000
 -6.91555515e-02   0.0000
  6.67637363e-02   0.0000
  8.82326365e-01   0.0000
 -4.35133934e-01   0.0000
 -2.93001324e-01   0.0000
 -1.58200055e-01   0.0000
 -1.56753063e-01   0.0000
 -9.16128233e-02   0.0000
 -5.39413430e-02   0.0000
  1.72376409e-01   0.0000
 -4.68268283e-02   0.0000
  2.47474045e-01   0.0000
 -4.02166456e-01   0.0000
 -3.12468618e-01   0.0000
 -3.08907986e-01   0.0000
  3.17592800e-01   0.0000
  1.44673362e-01   0.0000
  4.46154237e-01   0.0000
  7.74715692e-02   0.0000
  3.21140140e-01   0.0000
 -9.86723453e-02   0.0000
  5.48752248e-01   0.0000
 -9.94305164e-02   0.0000
  1.57777756e-01   0.0000
 -2.28023037e-01   0.0000
  9.74994823e-02   0.0000
  5.13730347e-02   0.0000
  4.66341898e-03   0.0000
 -6.87719882e-02   0.0000
 -7.15276152e-02   0.0000
 -2.24784970e-01   0.0000
 -1.36077747e-01   0.0000
 -2.58574754e-01   0.0000
  1.06222384e-01   0.0000
  9.92522061e-01   0.0000
 -3.62397194e-01   0.0000
 -2.54618824e-01   0.0000
 -3.63596678e-02   0.0000
 -8.65268558e-02   0.0000
 -1.24060750e-01   0.0000
 -1.27142802e-01   0.0000
  3.60491723e-01   0.0000
 -1.07471660e-01   0.0000
  1.60093546e-01   0.0000
 -1.14694394e-01   0.0000
 -5.44216812e-01   0.0000
 -4.40145850e-01   0.0000
  1.33994788e-01   0.0000
  1.55673996e-01   0.0000
  6.13612115e-01   0.0000
  7.14810416e-02   0.0000
  4.64661151e-01   0.0000
 -3.07117283e-01   0.0000
  5.91818810e-01   0.0000
 -1.78396791e-01   0.0000
  1.88949242e-01   0.0000
 -1.02688205e+00   0.0000
 -1.48188745e-04   0.0000
 -1.11729465e-02   0.0000
 -2.26463512e-01   0.0000
 -2.19345205e-02   0.0000
 -1.65275261e-01   0.0000
 -8.72597247e-02   0.0000
 -2.25003242e-01   0.0000
 -1.17929161e-01   0.0000
  2.82313585e-01   0.0000
  2.04880118e-01   0.0000
 -4.33120131e-01   0.0000
 -2.25878373e-01   0.0000
 -3.51673849e-02   0.0000
 -2.39673287e-01   0.0000
 -1.72798291e-01   0.0000
 -4.99277234e-01   0.0000
  2.74872869e-01   0.0000
 -2.64181286e-01   0.0000
 -1.15474602e-02   0.0000
  6.71799332e-02   0.0000
 -7.16799259e-01   0.0000
 -2.65048563e-01   0.0000
  1.47871196e-01   0.0000
  2.53315926e-01   0.0000
  7.92444944e-01   0.0000
  6.91713467e-02   0.0000
  4.48483080e-01   0.0000
 -2.68221766e-01   0.0000
  7.66302645e-01   0.0000
 -4.55296129e-01   0.0000
  2.79694259e-01   0.0000
 -1.46003103e+00   0.0000
 -1.82383284e-02   0.0000
  1.78026054e-02   0.0000
 -1.02728456e-01   0.0000
 -1.15277931e-01   0.0000
 -3.71984661e-01   0.0000
 -1.40656888e-01   0.0000
 -2.65217364e-01   0.0000
 -1.72374099e-01   0.0000
  2.72819638e-01   0.0000
 -5.78157544e-01   0.0000
  6.54327637e-03   0.0000
 -1.28893539e-01   0.0000
 -2.19504565e-01   0.0000
 -1.56867117e-01   0.0000
 -2.23872259e-01   0.0000
 -5.21759510e-01   0.0000
 -9.21761990e-02   0.0000
 -3.96280676e-01   0.0000
 -2.27787733e-01   0.0000
  8.06106389e-01   0.0000
 -8.56313705e-01   0.0000
  9.45523977e-01   0.0000
 -4.04805019e-02   0.0000
  1.90128133e-01   0.0000
  8.83724391e-01   0.0000
  8.90592560e-02   0.0000
  1.53194830e-01   0.0000
 -1.82110086e-01   0.0000
  3.80033970e-01   0.0000
 -6.71356142e-01   0.0000
  4.45704795e-02   0.0000
  2.39145026e-01   0.0000
  6.05967641e-01   0.0000
 -6.39875308e-02   0.0000
 -2.34793007e-01   0.0000
 -1.04079895e-01   0.0000
 -2.05304489e-01   0.0000
 -1.88314065e-01   0.0000
 -2.20761925e-01   0.0000
 -6.03909753e-02   0.0000
  1.44967735e-01   0.0000
 -1.04991257e+00   0.0000
  4.34167057e-01   0.0000
  1.27367437e-01   0.0000
 -1.78475559e-01   0.0000
 -2.32421950e-01   0.0000
 -2.84535408e-01   0.0000
 -1.02797054e-01   0.0000
  1.28517881e-01   0.0000
 -2.14125857e-01   0.0000
 -1.47177428e-01   0.0000
  8.24419677e-01   0.0000
 -9.33369756e-01   0.0000
 -1.44560218e+00   0.0000
 -5.68426773e-02   0.0000
  2.16838181e-01   0.0000
 -1.46458223e-01   0.0000
 -2.45098844e-02   0.0000
 -1.71487749e-01   0.0000
  3.85303460e-02   0.0000
 -8.69136751e-02   0.0000
 -2.02157516e-02   0.0000
 -3.29460166e-02   0.0000
  1.88230485e-01   0.0000
  1.82388164e-02   0.0000
 -7.78439688e-03   0.0000
 -1.54194415e-01   0.0000
  3.23272459e-02   0.0000
 -5.09154191e-03   0.0000
 -1.43182591e-01   0.0000
 -9.34548751e-02   0.0000
 -5.98241063e-03   0.0000
 -2.46804506e-02   0.0000
 -4.46097441e-02   0.0000
 -1.70318037e-02   0.0000
  1.95793882e-01   0.0000
  2.54927009e-01   0.0000
 -1.38100900e-03   0.0000
 -3.01655710e-01   0.0000
 -3.27179022e-02   0.0000
 -7.63282105e-02   0.0000
  5.10847345e-02   0.0000
  2.64309168e-01   0.0000
 -1.99646339e-01   0.0000
  1.64117694e-01   0.0000
  1.77985728e-01   0.0000
 -9.65269003e-03   0.0000
 -1.26945958e-01   0.0000
 -6.17140122e-02   0.0000
  1.88409567e-01   0.0000
  1.96157604e-01   0.0000
 -4.74745743e-02   0.0000
  6.74510226e-02   0.0000
 -8.30345899e-02   0.0000
  1.27740726e-01   0.0000
 -2.17123702e-01   0.0000
 -3.16199549e-02   0.0000
  1.01742456e-02   0.0000
  3.58885676e-01   0.0000
 -2.95654908e-02   0.0000
  6.23234212e-02   0.0000
  1.13331802e-01   0.0000
  1.23447264e-02   0.0000
  2.89365742e-03   0.0000
  2.82079559e-02   0.0000
  4.67889197e-02   0.0000
  1.30494401e-01   0.0000
 -1.93681970e-01   0.0000
 -2.22825617e-01   0.0000
 -5.81077598e-02   0.0000
  3.09258670e-01   0.0000
 -3.79668623e-02   0.0000
  1.54149979e-01   0.0000
  2.35666316e-02   0.0000
 -2.82187879e-01   0.0000
  5.01667738e-01   0.0000
 -1.52951539e-01   0.0000
 -9.89957526e-02   0.0000
  2.63754744e-02   0.0000
  2.22206548e-01   0.0000
  2.10925654e-01   0.0000
  2.56980993e-02   0.0000
  9.33356956e-02   0.0000
 -5.42660207e-02   0.0000
  1.53206870e-01   0.0000
 -1.71097219e-01   0.0000
  1.39632551e-02   0.0000
 -9.09175277e-02   0.0000
 -8.55509657e-03   0.0000
  4.78866044e-03   0.0000
  3.32602635e-02   0.0000
 -4.28231657e-02   0.0000
 -1.06285669e-01   0.0000
  7.61064291e-02   0.0000
 -3.03284407e-01   0.0000
  5.54963425e-02   0.0000
 -4.29408923e-02   0.0000
  4.71424162e-02   0.0000
  6.16798140e-02   0.0000
 -4.66990136e-02   0.0000
 -6.93473592e-02   0.0000
  4.33423929e-03   0.0000
  8.58064964e-02   0.0000
 -9.78249870e-03   0.0000
  7.25358054e-02   0.0000
  1.03690751e-01   0.0000
 -1.66414753e-02   0.0000
  8.16170201e-02   0.0000
 -1.07975401e-01   0.0000
 -7.20292777e-02   0.0000
  9.53499675e-02   0.0000
  5.24309427e-02   0.0000
  2.59642210e-02   0.0000
 -2.12065771e-01   0.0000
 -5.07778108e-01   0.0000
  2.47141793e-01   0.0000
 -4.17626590e-01   0.0000
  2.68309116e-01   0.0000
 -2.99701154e-01   0.0000
  5.40927112e-01   0.0000
  1.82841450e-01   0.0000
 -1.59134671e-01   0.0000
 -3.16667736e-01   0.0000
  1.67389289e-01   0.0000
 -1.70899183e-03   0.0000
 -4.27261561e-01   0.0000
  8.70011821e-02   0.0000
 -2.05382444e-02   0.0000
 -2.89885581e-01   0.0000
 -2.53853768e-01   0.0000
 -1.01824425e-01   0.0000
  3.82581711e-01   0.0000
  5.13429940e-01   0.0000
  4.16529318e-03   0.0000
 -4.63763356e-01   0.0000
  1.69055566e-01   0.0000
 -4.01169002e-01   0.0000
 -8.30040425e-02   0.0000
  4.19817567e-01   0.0000
 -4.73551720e-01   0.0000
  4.44529295e-01   0.0000
  3.56998384e-01   0.0000
 -8.80394727e-02   0.0000
 -3.98124069e-01   0.0000
 -2.05356762e-01   0.0000
 -4.96841252e-01   0.0000
 -8.11735988e-01   0.0000
  3.89721960e-01   0.0000
 -5.26471913e-01   0.0000
  4.22193766e-01   0.0000
 -6.77309811e-01   0.0000
  9.26933706e-01   0.0000
  5.06333172e-01   0.0000
 -2.57146835e-01   0.0000
 -1.08887029e+00   0.0000
  2.45697662e-01   0.0000
 -4.59524572e-01   0.0000
 -7.70504296e-01   0.0000
  4.23913337e-02   0.0000
  7.52931312e-02   0.0000
 -5.95767856e-01   0.0000
 -6.33657515e-01   0.0000
 -5.05887687e-01   0.0000
  9.03543711e-01   0.0000
  1.00362980e+00   0.0000
  9.36288908e-02   0.0000
 -9.50523734e-01   0.0000
  5.00481606e-01   0.0000
 -7.13091075e-01   0.0000
  9.71011259e-03   0.0000
  1.16058218e+00   0.0000
 -1.20967162e+00   0.0000
  6.31387532e-01   0.0000
  6.35127902e-01   0.0000
 -2.96400607e-01   0.0000
 -9.48876381e-01   0.0000
 -5.36454082e-01   0.0000
 -2.02051885e-02   0.0000
 -1.24032743e-01   0.0000
  1.07394464e-01   0.0000
 -2.34795913e-01   0.0000
  1.94748059e-01   0.0000
 -1.95989273e-02   0.0000
  3.65174152e-02   0.0000
  2.11848468e-02   0.0000
 -8.97391234e-03   0.0000
 -1.04635276e-01   0.0000
  1.18997492e-01   0.0000
 -1.51366601e-03   0.0000
 -1.43992901e-01   0.0000
  1.68963253e-01   0.0000
 -6.49900967e-03   0.0000
 -1.74563248e-02   0.0000
 -3.71191688e-02   0.0000
 -4.07215692e-02   0.0000
  5.31799020e-03   0.0000
  9.06998739e-02   0.0000
  1.32327480e-03   0.0000
 -1.21158198e-01   0.0000
 -7.11423485e-03   0.0000
 -5.25081940e-02   0.0000
 -1.29394829e-01   0.0000
  5.85535094e-02   0.0000
 -1.93309672e-02   0.0000
  1.34041116e-01   0.0000
  3.04934159e-02   0.0000
 -1.30205527e-02   0.0000
 -5.86938523e-02   0.0000
 -1.04450295e-02   0.0000
 -9.58194882e-02   0.0000
 -2.10723266e-01   0.0000
  8.58930796e-02   0.0000
 -1.73816681e-01   0.0000
  1.89280793e-01   0.0000
 -8.58944431e-02   0.0000
  1.34200588e-01   0.0000
  7.38619710e-04   0.0000
  1.87425483e-02   0.0000
 -3.74430865e-01   0.0000
  9.68254805e-02   0.0000
 -7.88809657e-02   0.0000
 -8.90854299e-02   0.0000
  1.89639971e-01   0.0000
 -4.63051954e-03   0.0000
 -1.73057348e-01   0.0000
 -8.83999392e-02   0.0000
 -5.15044928e-02   0.0000
  1.57635197e-01   0.0000
  1.28617823e-01   0.0000
 -1.08948094e-03   0.0000
 -1.18795551e-01   0.0000
 -1.20907445e-02   0.0000
 -3.59229632e-02   0.0000
  4.60131094e-03   0.0000
  1.24779075e-01   0.0000
 -1.00584321e-01   0.0000
  2.19809592e-01   0.0000
  1.97381377e-01   0.0000
  4.27194312e-03   0.0000
 -1.32707641e-01   0.0000
 -2.12745458e-01   0.0000
 -1.74987227e-01   0.0000
  5.16879931e-02   0.0000
  1.35142319e-02   0.0000
 -2.15012562e-02   0.0000
 -3.55539620e-02   0.0000
 -2.35673994e-01   0.0000
 -1.48337379e-01   0.0000
  2.08898380e-01   0.0000
 -5.05199358e-02   0.0000
  1.83050260e-01   0.0000
  1.51464537e-01   0.0000
 -8.43322128e-02   0.0000
 -2.99391672e-02   0.0000
 -3.48401107e-02   0.0000
 -1.26539345e-03   0.0000
 -8.95688757e-02   0.0000
 -1.83701336e-01   0.0000
 -1.13512747e-01   0.0000
 -3.23925354e-02   0.0000
 -5.53832650e-02   0.0000
  5.37301239e-04   0.0000
  6.53530583e-02   0.0000
  1.21899754e-01   0.0000
  2.16312986e-02   0.0000
 -2.30288669e-03   0.0000
 -5.92965893e-02   0.0000
  1.99109271e-01   0.0000
  2.35135686e-02   0.0000
  1.47364568e-02   0.0000
 -4.60410416e-02   0.0000
  5.88822328e-02   0.0000
 -2.45046705e-01   0.0000
  9.01844800e-02   0.0000
  1.36496872e-01   0.0000
 -3.16186659e-02   0.0000
  4.19095345e-02   0.0000
  1.75868961e-04   0.0000
  6.17332458e-02   0.0000
 -2.06623912e-01   0.0000
 -6.79924637e-02   0.0000
  4.49831551e-03   0.0000
  3.19519341e-02   0.0000
 -2.26350389e-02   0.0000
  7.29260594e-02   0.0000
  1.05924860e-01   0.0000
  1.36565134e-01   0.0000
  1.89576298e-02   0.0000
  2.17964388e-02   0.0000
  2.53239684e-02   0.0000
  9.78370570e-03   0.0000
 -9.91065279e-02   0.0000
 -1.64041087e-01   0.0000
  9.72780806e-04   0.0000
  1.48419321e-01   0.0000
 -1.22669607e-01   0.0000
  2.00087115e-01   0.0000
 -8.29712749e-02   0.0000
 -7.72345439e-02   0.0000
  1.42907470e-01   0.0000
 -9.37268138e-02   0.0000
 -1.32611141e-01   0.0000
  8.37301835e-02   0.0000
  1.86299324e-01   0.0000
  1.10827968e-01   0.0000
 -9.39805410e-04   0.0000
 -5.73155191e-03   0.0000
 -3.39665124e-03   0.0000
 -1.50996065e-02   0.0000
 -7.11459666e-02   0.0000
 -6.88225329e-02   0.0000
  1.90743804e-02   0.0000
 -1.42293249e-03   0.0000
  9.92982183e-04   0.0000
 -3.04677896e-02   0.0000
 -1.14541047e-03   0.0000
 -8.74504298e-02   0.0000
  2.34063319e-03   0.0000
 -9.56882238e-02   0.0000
  8.38500708e-02   0.0000
  9.54455638e-04   0.0000
 -3.17808278e-02   0.0000
  2.96516484e-03   0.0000
  2.02336125e-02   0.0000
  8.35714415e-02   0.0000
  5.18040359e-02   0.0000
 -5.28721958e-02   0.0000
  1.05928436e-01   0.0000
 -1.31220219e-03   0.0000
  1.14393746e-02   0.0000
  1.78374369e-02   0.0000
 -2.47789547e-02   0.0000
  1.70045607e-02   0.0000
  5.42406924e-03   0.0000
  4.63593844e-03   0.0000
 -1.18175093e-02   0.0000
 -8.57976917e-03   0.0000
 -3.71105759e-03   0.0000
 -2.56286375e-02   0.0000
 -1.21178344e-01   0.0000
 -2.10667420e-02   0.0000
 -2.26156414e-02   0.0000
  1.55003704e-02   0.0000
 -2.93072630e-02   0.0000
  2.24848464e-03   0.0000
  8.30604462e-04   0.0000
 -1.68496743e-02   0.0000
 -1.43033955e-02   0.0000
  2.66926454e-05   0.0000
 -2.18109246e-02   0.0000
 -4.63505499e-02   0.0000
  9.35090880e-04   0.0000
 -4.27453546e-03   0.0000
 -6.68974128e-03   0.0000
  3.48059856e-03   0.0000
  2.54394449e-02   0.0000
  7.85862561e-03   0.0000
 -8.70409058e-05   0.0000
 -1.28155295e-02   0.0000
 -3.12854536e-03   0.0000
 -6.53173262e-03   0.0000
  7.41187157e-03   0.0000
  2.43972614e-02   0.0000
 -3.05068549e-02   0.0000
  1.90112460e-02   0.0000
  1.78658273e-02   0.0000
  3.31796147e-02   0.0000
 -6.05857298e-02   0.0000
  6.91492707e-02   0.0000
  1.62599739e-02   0.0000
  4.69195284e-02   0.0000
 -9.60161090e-02   0.0000
  6.29018992e-02   0.0000
 -1.39857501e-01   0.0000
  1.44945858e-02   0.0000
 -1.24435529e-01   0.0000
 -9.18427706e-02   0.0000
  7.03045130e-02   0.0000
  5.37154824e-02   0.0000
 -5.18392585e-02   0.0000
 -7.03702196e-02   0.0000
  1.05619691e-01   0.0000
 -1.73460886e-01   0.0000
  9.72540118e-03   0.0000
  1.07912896e-02   0.0000
  1.03645653e-01   0.0000
  1.41111948e-02   0.0000
 -7.83749297e-02   0.0000
 -3.99178267e-02   0.0000
  2.39903689e-03   0.0000
  5.80195896e-02   0.0000
 -9.23732594e-02   0.0000
  4.84879687e-02   0.0000
  6.13942929e-02   0.0000
 -1.09814191e-02   0.0000
  1.13269277e-01   0.0000
 -6.26397654e-02   0.0000
 -9.07727554e-02   0.0000
  6.78741410e-02   0.0000
  7.27929026e-02   0.0000
  1.16749061e-02   0.0000
 -1.76278710e-01   0.0000
 -7.12582702e-03   0.0000
 -3.28018330e-04   0.0000
 -1.22422669e-02   0.0000
 -3.18735726e-02   0.0000
 -7.27970898e-02   0.0000
  1.11344814e-01   0.0000
 -1.06543442e-03   0.0000
 -8.62838998e-02   0.0000
 -6.96903020e-02   0.0000
  1.91114694e-02   0.0000
 -2.34613955e-01   0.0000
 -2.63794530e-02   0.0000
 -7.43246228e-02   0.0000
  8.91069546e-02   0.0000
 -3.95438261e-02   0.0000
  8.89158994e-03   0.0000
 -8.43138620e-02   0.0000
  1.14835612e-01   0.0000
  1.24108963e-01   0.0000
  2.65911054e-02   0.0000
 -3.72936092e-02   0.0000
 -2.19130493e-03   0.0000
 -5.33957370e-02   0.0000
  6.21395595e-02   0.0000
  1.78049564e-01   0.0000
 -4.62310612e-02   0.0000
  2.93131601e-02   0.0000
  1.73266698e-02   0.0000
  8.73423275e-03   0.0000
 -1.97843537e-02   0.0000
 -4.52530989e-03   0.0000
 -5.19631319e-02   0.0000
 -4.60569151e-02   0.0000
  1.78554421e-03   0.0000
 -2.51954924e-02   0.0000
 -5.04700206e-02   0.0000
 -4.62330505e-02   0.0000
  5.99876717e-02   0.0000
  6.66036606e-02   0.0000
 -3.32755856e-02   0.0000
 -7.54222348e-02   0.0000
  3.61979380e-02   0.0000
 -1.82966039e-01   0.0000
 -2.74031069e-02   0.0000
 -7.32939765e-02   0.0000
  3.07403449e-02   0.0000
  5.09760284e-04   0.0000
 -2.53188913e-03   0.0000
 -3.41317966e-03   0.0000
  1.09181635e-01   0.0000
  1.28321707e-01   0.0000
  8.95484835e-02   0.0000
 -1.33493274e-01   0.0000
  6.48859739e-02   0.0000
 -3.98581922e-02   0.0000
  4.01422232e-02   0.0000
  1.37703314e-01   0.0000
 -4.76575680e-02   0.0000
  2.94675604e-02   0.0000
  8.54103044e-02   0.0000
 -1.27089676e-03   0.0000
 -1.10573038e-01   0.0000
 -4.39503826e-02   0.0000
 -6.78092390e-02   0.0000
  3.65948975e-02   0.0000
 -1.45952970e-01   0.0000
  7.98703581e-02   0.0000
 -9.97606516e-02   0.0000
  3.50059867e-02   0.0000
 -1.25874907e-01   0.0000
  2.27667447e-02   0.0000
 -1.22129600e-02   0.0000
  8.42125118e-02   0.0000
 -4.62867059e-02   0.0000
 -1.30306289e-01   0.0000
  1.28057823e-01   0.0000
 -2.71141142e-01   0.0000
  2.80496944e-03   0.0000
  1.18554067e-02   0.0000
  7.74816424e-03   0.0000
  4.16150950e-02   0.0000
 -3.74176018e-02   0.0000
 -5.31071573e-02   0.0000
  8.13302409e-04   0.0000
  7.77668357e-02   0.0000
 -7.44116725e-03   0.0000
  1.19096152e-02   0.0000
  1.16883993e-01   0.0000
 -2.30705794e-02   0.0000
  3.25548183e-03   0.0000
 -5.67963161e-02   0.0000
 -3.44269611e-02   0.0000
  1.30417813e-02   0.0000
  5.89359142e-02   0.0000
 -1.18282573e-04   0.0000
 -1.53770503e-02   0.0000
 -1.33473068e-01   0.0000
  3.67645584e-02   0.0000
 -3.06779239e-02   0.0000
  6.98371455e-02   0.0000
 -3.95132564e-02   0.0000
  8.87879580e-02   0.0000
  4.71746214e-02   0.0000
 -1.52697088e-03   0.0000
 -1.17089421e-01   0.0000
  8.61197412e-02   0.0000
  1.61676239e-02   0.0000
 -8.55441839e-02   0.0000
  1.28976330e-01   0.0000
 -4.89166705e-03   0.0000
 -1.22520039e-02   0.0000
 -1.17658943e-01   0.0000
 -1.68962535e-02   0.0000
  1.44209698e-01   0.0000
  9.54292119e-02   0.0000
  7.82858697e-04   0.0000
 -1.06704766e-02   0.0000
  1.67875849e-02   0.0000
 -9.35123712e-02   0.0000
 -1.32562578e-01   0.0000
  3.57824229e-02   0.0000
 -2.77461074e-02   0.0000
  3.28680910e-02   0.0000
  5.16408682e-02   0.0000
 -1.50564507e-01   0.0000
 -3.01723629e-02   0.0000
 -7.35448599e-02   0.0000
 -2.78203517e-01   0.0000
 -4.52413976e-01   0.0000
  2.54588127e-01   0.0000
 -3.03990990e-01   0.0000
  1.98818475e-01   0.0000
 -3.49824339e-01   0.0000
  4.51046169e-01   0.0000
  1.86723754e-01   0.0000
 -6.43106923e-02   0.0000
 -5.10743797e-01   0.0000
  2.27891088e-01   0.0000
 -1.46515653e-01   0.0000
 -2.14812443e-01   0.0000
  1.59068406e-01   0.0000
 -1.76205616e-02   0.0000
 -1.07527249e-01   0.0000
 -1.32062227e-01   0.0000
 -2.64803857e-01   0.0000
  3.09479594e-01   0.0000
  3.78993690e-01   0.0000
  5.69766425e-02   0.0000
 -4.10530984e-01   0.0000
  1.25256196e-01   0.0000
 -2.90155172e-01   0.0000
 -3.37463990e-02   0.0000
  2.77837873e-01   0.0000
 -4.05219883e-01   0.0000
  3.06350917e-01   0.0000
  2.78267354e-01   0.0000
 -1.56022206e-01   0.0000
 -2.07796514e-01   0.0000
 -3.13387454e-01   0.0000
 -6.04186058e-01   0.0000
 -7.31669724e-01   0.0000
  2.81297147e-01   0.0000
 -5.68235755e-01   0.0000
  5.08765578e-01   0.0000
 -7.79795885e-01   0.0000
  1.06243253e+00   0.0000
  4.64258820e-01   0.0000
 -3.14033687e-01   0.0000
 -1.19169533e+00   0.0000
  5.06157458e-01   0.0000
 -4.05504882e-01   0.0000
 -6.70662999e-01   0.0000
  1.63228169e-01   0.0000
  1.53280841e-03   0.0000
 -4.27314490e-01   0.0000
 -5.70100367e-01   0.0000
 -4.20708776e-01   0.0000
  8.95210803e-01   0.0000
  1.30782104e+00   0.0000
  3.12218279e-01   0.0000
 -1.06637621e+00   0.0000
  5.18189728e-01   0.0000
 -8.28638077e-01   0.0000
  8.06406699e-03   0.0000
  1.34394491e+00   0.0000
 -1.35075200e+00   0.0000
  5.70469677e-01   0.0000
  5.91154754e-01   0.0000
 -4.67868984e-01   0.0000
 -1.04282165e+00   0.0000
 -5.94930172e-01   0.0000
  7.66787827e-02   0.0000
 -4.52819288e-01   0.0000
 -9.86555032e-03   0.0000
 -2.00900331e-01   0.0000
  6.98510185e-03   0.0000
 -5.42149600e-03   0.0000
  2.39368290e-01   0.0000
  5.25489636e-02   0.0000
  6.77029695e-03   0.0000
 -2.06302702e-02   0.0000
  8.92595947e-02   0.0000
 -4.18658106e-04   0.0000
 -2.70927966e-01   0.0000
 -6.09175628e-03   0.0000
 -5.42114861e-02   0.0000
 -2.50766762e-02   0.0000
 -1.10312492e-01   0.0000
  1.22094555e-02   0.0000
  1.18372485e-01   0.0000
 -4.64924844e-03   0.0000
  5.48690483e-02   0.0000
 -1.91277295e-01   0.0000
 -8.41305871e-03   0.0000
 -2.86969375e-02   0.0000
  2.94542816e-02   0.0000
  1.11259587e-01   0.0000
 -1.96214065e-01   0.0000
  3.76679808e-01   0.0000
  1.66476116e-01   0.0000
 -3.58300693e-02   0.0000
 -3.13355505e-01   0.0000
  1.87840220e-02   0.0000
  5.39055616e-02   0.0000
  6.66405633e-02   0.0000
 -8.38364437e-02   0.0000
  1.72859117e-01   0.0000
 -1.30823627e-01   0.0000
  7.04895779e-02   0.0000
 -2.46281717e-02   0.0000
 -1.68169037e-01   0.0000
  2.11122259e-03   0.0000
 -2.74113659e-03   0.0000
 -5.56198470e-02   0.0000
 -1.01077673e-03   0.0000
  1.58440515e-01   0.0000
 -1.47119805e-01   0.0000
  9.63340104e-02   0.0000
  4.19157930e-02   0.0000
  2.02607587e-02   0.0000
  6.26447424e-02   0.0000
 -5.55406846e-02   0.0000
 -4.91674133e-02   0.0000
 -2.26709730e-04   0.0000
  1.49284795e-01   0.0000
 -9.22459736e-02   0.0000
  8.37993100e-02   0.0000
  1.16491862e-01   0.0000
 -7.84869641e-02   0.0000
  1.07022829e-01   0.0000
 -1.40283510e-01   0.0000
 -1.88506082e-01   0.0000
  2.72109266e-02   0.0000
  1.29181936e-01   0.0000
  3.01578939e-02   0.0000
  9.83400363e-03   0.0000
  1.99824870e-02   0.0000
 -7.00484142e-02   0.0000
  1.07130639e-01   0.0000
 -1.47617102e-01   0.0000
  1.79864501e-03   0.0000
  6.27865316e-04   0.0000
 -3.32669052e-03   0.0000
  7.68876821e-03   0.0000
  5.76098934e-02   0.0000
 -1.67348348e-02   0.0000
  1.12305081e-03   0.0000
  6.86535239e-02   0.0000
 -1.00088149e-01   0.0000
  4.20612469e-02   0.0000
  3.63889858e-02   0.0000
  8.08433667e-02   0.0000
  8.42215959e-03   0.0000
 -5.16586713e-02   0.0000
 -1.77254155e-02   0.0000
  2.06575748e-02   0.0000
  5.22314943e-02   0.0000
 -1.71142966e-02   0.0000
  3.12755816e-03   0.0000
  4.80929464e-02   0.0000
 -2.29234453e-02   0.0000
  6.09346554e-02   0.0000
 -1.13345601e-01   0.0000
 -3.51781249e-02   0.0000
  1.11227427e-02   0.0000
  3.01871379e-03   0.0000
  9.17575583e-02   0.0000
 -3.81640568e-02   0.0000
  8.21208507e-02   0.0000
 -3.23897116e-02   0.0000
  7.28229582e-02   0.0000
 -1.05199233e-01   0.0000
 -4.53574322e-02   0.0000
 -6.94310525e-03   0.0000
 -1.06207933e-03   0.0000
  3.81919020e-03   0.0000
 -1.98447909e-02   0.0000
 -1.76219568e-02   0.0000
 -1.90672085e-01   0.0000
  4.21373313e-03   0.0000
 -7.63291568e-02   0.0000
  3.12810810e-03   0.0000
 -2.51018927e-02   0.0000
  1.21514104e-01   0.0000
  3.45488545e-03   0.0000
  4.27511260e-02   0.0000
  2.24220511e-02   0.0000
 -1.01093214e-03   0.0000
  4.00201231e-03   0.0000
 -7.66482344e-03   0.0000
  3.86992879e-02   0.0000
  1.21579416e-01   0.0000
 -2.41705612e-03   0.0000
 -1.42260062e-04   0.0000
 -1.13822408e-01   0.0000
 -4.01291959e-02   0.0000
  5.08668367e-03   0.0000
 -1.04144476e-02   0.0000
 -2.93476973e-03   0.0000
  9.94060636e-02   0.0000
  3.90910178e-01   0.0000
 -2.30244502e-01   0.0000
  3.39690685e-01   0.0000
 -3.54338259e-01   0.0000
  1.97452113e-01   0.0000
 -3.62799913e-01   0.0000
 -9.34357792e-02   0.0000
  9.18619931e-02   0.0000
  3.33274156e-01   0.0000
 -1.93254367e-01   0.0000
 -1.48980250e-03   0.0000
  3.37854654e-01   0.0000
 -2.92905778e-01   0.0000
  7.61474743e-02   0.0000
  8.44378099e-02   0.0000
  2.13064909e-01   0.0000
  1.00366928e-01   0.0000
 -2.69752920e-01   0.0000
 -4.10067052e-01   0.0000
 -2.94857845e-03   0.0000
  4.66002613e-01   0.0000
 -6.45865425e-02   0.0000
  2.36493751e-01   0.0000
  2.09790379e-01   0.0000
 -3.68155926e-01   0.0000
  4.09374028e-01   0.0000
 -3.58324826e-01   0.0000
 -3.19689631e-01   0.0000
  1.50538608e-01   0.0000
  2.33304292e-01   0.0000
  2.60014147e-01   0.0000
  3.32499444e-01   0.0000
  4.12239671e-01   0.0000
 -3.12108696e-01   0.0000
  1.27299920e-01   0.0000
 -1.18804485e-01   0.0000
  3.78907740e-01   0.0000
 -5.75877130e-01   0.0000
 -2.57941306e-01   0.0000
  1.50498644e-01   0.0000
  6.91906273e-01   0.0000
 -1.67495772e-01   0.0000
  1.01308241e-01   0.0000
  3.74078393e-01   0.0000
 -4.52976525e-02   0.0000
  8.09451491e-02   0.0000
  1.44314930e-01   0.0000
  2.46295452e-01   0.0000
  1.54900059e-01   0.0000
 -5.92241287e-01   0.0000
 -7.23246932e-01   0.0000
  2.34306627e-03   0.0000
  7.30293393e-01   0.0000
 -2.76546657e-01   0.0000
  3.00594091e-01   0.0000
  3.13221402e-02   0.0000
 -9.06269908e-01   0.0000
  7.77686894e-01   0.0000
 -3.45117092e-01   0.0000
 -2.45879650e-01   0.0000
  8.03413764e-02   0.0000
  6.00968063e-01   0.0000
  2.90316701e-01   0.0000
 -4.02438603e-02   0.0000
  4.06151414e-02   0.0000
 -4.40611318e-02   0.0000
  5.83114289e-02   0.0000
 -8.31333771e-02   0.0000
 -4.45198789e-02   0.0000
  3.22843418e-02   0.0000
  4.75838929e-02   0.0000
 -6.34536818e-02   0.0000
 -4.53124382e-02   0.0000
 -9.57152471e-02   0.0000
 -1.30809844e-01   0.0000
  2.10423605e-04   0.0000
 -2.10948899e-01   0.0000
  7.69779377e-04   0.0000
  3.59484041e-03   0.0000
  5.59385214e-03   0.0000
  7.51711754e-03   0.0000
  5.81216402e-02   0.0000
 -7.89391750e-04   0.0000
 -3.75404896e-04   0.0000
 -5.90848215e-02   0.0000
 -2.05140212e-03   0.0000
 -1.83262734e-03   0.0000
  7.13392198e-02   0.0000
  2.06476729e-02   0.0000
 -1.77904330e-02   0.0000
 -3.08569036e-02   0.0000
  1.67317514e-03   0.0000
 -5.61072677e-03   0.0000
  9.43578128e-03   0.0000
 -7.70531818e-02   0.0000
  2.47028619e-01   0.0000
  5.94608784e-01   0.0000
 -3.93519759e-01   0.0000
  4.79622662e-01   0.0000
 -4.69756007e-01   0.0000
  4.14064497e-01   0.0000
 -6.04624391e-01   0.0000
 -2.81580627e-01   0.0000
  2.60199189e-01   0.0000
  4.92770791e-01   0.0000
 -2.80955791e-01   0.0000
  1.13017775e-01   0.0000
  4.57596511e-01   0.0000
 -2.87453324e-01   0.0000
  3.94278131e-02   0.0000
  1.95469186e-01   0.0000
  2.89887160e-01   0.0000
  1.73532605e-01   0.0000
 -4.25759435e-01   0.0000
 -3.74030739e-01   0.0000
 -1.53735623e-01   0.0000
  5.67017376e-01   0.0000
 -3.05453479e-01   0.0000
  4.35234576e-01   0.0000
  1.35388076e-01   0.0000
 -5.38597882e-01   0.0000
  5.03300011e-01   0.0000
 -5.17116487e-01   0.0000
 -5.37587464e-01   0.0000
  2.22931534e-01   0.0000
  5.80676496e-01   0.0000
  5.03357291e-01   0.0000
 -3.72720838e-01   0.0000
 -4.95146096e-01   0.0000
  2.83520937e-01   0.0000
 -2.56849468e-01   0.0000
  2.24227801e-01   0.0000
 -4.64415729e-01   0.0000
  9.14845109e-01   0.0000
  3.44597667e-01   0.0000
 -3.51696253e-01   0.0000
 -9.15717900e-01   0.0000
  2.80795157e-01   0.0000
 -1.39390662e-01   0.0000
 -4.04108852e-01   0.0000
 -4.01533432e-02   0.0000
 -5.32740504e-02   0.0000
 -3.27668458e-01   0.0000
 -2.72387058e-01   0.0000
 -3.57798427e-01   0.0000
  5.81332028e-01   0.0000
  1.10597038e+00   0.0000
  9.55243558e-02   0.0000
 -8.05798590e-01   0.0000
  3.22388381e-01   0.0000
 -5.26621819e-01   0.0000
  1.09863617e-02   0.0000
  9.50913250e-01   0.0000
 -1.10828519e+00   0.0000
  4.90536720e-01   0.0000
  3.95969808e-01   0.0000
 -1.41746074e-01   0.0000
 -6.71235919e-01   0.0000
 -4.83454317e-01   0.0000
  1.74097240e-01   0.0000
  5.93519866e-01   0.0000
 -8.25906694e-02   0.0000
  2.54451960e-01   0.0000
 -1.34894729e-01   0.0000
  2.45023593e-01   0.0000
 -6.46425068e-01   0.0000
 -1.01220302e-01   0.0000
  1.47904098e-01   0.0000
  1.09525049e+00   0.0000
 -6.28045723e-02   0.0000
  2.10728049e-01   0.0000
  3.20286661e-01   0.0000
  6.14964329e-02   0.0000
 -2.83862720e-03   0.0000
  4.15940061e-02   0.0000
  1.62566319e-01   0.0000
  6.23662174e-02   0.0000
 -2.51652628e-01   0.0000
 -4.24429238e-01   0.0000
  4.33646521e-04   0.0000
  6.93313181e-01   0.0000
 -1.11317277e-01   0.0000
  2.10848585e-01   0.0000
 -1.22714778e-02   0.0000
 -4.68354255e-01   0.0000
  5.62881470e-01   0.0000
 -3.88557762e-01   0.0000
 -3.76843393e-01   0.0000
  4.16332902e-03   0.0000
  3.86063606e-01   0.0000
  2.96683788e-01   0.0000
 -5.80392599e-01   0.0000
 -1.01199019e+00   0.0000
  5.78825891e-01   0.0000
 -7.01730907e-01   0.0000
  5.52724898e-01   0.0000
 -8.02435279e-01   0.0000
  1.25578332e+00   0.0000
  5.34738600e-01   0.0000
 -2.32277855e-01   0.0000
 -1.81631577e+00   0.0000
  4.35838103e-01   0.0000
 -4.59323488e-02   0.0000
 -9.19909656e-01   0.0000
  1.80004492e-01   0.0000
 -5.95395304e-02   0.0000
 -3.11232060e-01   0.0000
 -5.69148898e-01   0.0000
 -3.35971296e-01   0.0000
  9.01338577e-01   0.0000
  1.35538054e+00   0.0000
 -1.29817880e-03   0.0000
 -1.27863789e+00   0.0000
  5.56727290e-01   0.0000
 -7.60098100e-01   0.0000
 -1.34125963e-01   0.0000
  1.35067487e+00   0.0000
 -1.43126214e+00   0.0000
  6.97653770e-01   0.0000
  8.47002029e-01   0.0000
 -2.93690681e-01   0.0000
 -1.05325139e+00   0.0000
 -5.65399706e-01   0.0000
 -3.57766636e-02   0.0000
  1.42776251e-01   0.0000
 -6.11594021e-02   0.0000
  1.48996726e-01   0.0000
 -8.23295191e-02   0.0000
  3.66500691e-02   0.0000
 -1.94760084e-01   0.0000
 -2.49522347e-02   0.0000
  5.90727525e-03   0.0000
 -7.98388943e-02   0.0000
 -4.63260412e-02   0.0000
  4.44534497e-04   0.0000
  1.33987904e-01   0.0000
 -1.12781890e-01   0.0000
  4.11656406e-03   0.0000
  3.14608999e-02   0.0000
  7.38656893e-02   0.0000
  2.19642445e-02   0.0000
 -9.87075940e-02   0.0000
  1.75036455e-03   0.0000
 -1.45106262e-03   0.0000
  4.68732230e-02   0.0000
 -3.73475291e-02   0.0000
  8.42880830e-02   0.0000
  2.11185366e-02   0.0000
 -5.54076862e-03   0.0000
  5.14737852e-02   0.0000
 -1.99519008e-01   0.0000
 -9.95578766e-02   0.0000
  8.24998990e-02   0.0000
  2.06461906e-01   0.0000
  7.13664368e-02   0.0000
  1.55013200e-04   0.0000
 -1.05875628e-02   0.0000
  2.43551680e-03   0.0000
  1.10437302e-03   0.0000
  4.34717583e-03   0.0000
  4.75393645e-02   0.0000
 -4.54889350e-02   0.0000
  2.53572315e-03   0.0000
 -1.51311571e-03   0.0000
  1.06096894e-01   0.0000
  2.50970735e-03   0.0000
  1.31696358e-01   0.0000
  3.79657513e-03   0.0000
  1.57142088e-01   0.0000
 -9.54667032e-02   0.0000
 -5.10738755e-04   0.0000
 -2.08632741e-02   0.0000
  7.56630749e-02   0.0000
 -8.51677656e-02   0.0000
 -8.41698144e-03   0.0000
  3.54792713e-03   0.0000
  3.48604657e-02   0.0000
  6.08491339e-03   0.0000
  4.49389555e-02   0.0000
 -5.01698963e-02   0.0000
 -1.00506559e-01   0.0000
  8.39203224e-02   0.0000
 -3.56579497e-02   0.0000
 -3.82654602e-03   0.0000
 -1.61856238e-03   0.0000
  3.92538942e-02   0.0000
  1.64737757e-02   0.0000
  1.47984102e-01   0.0000
  1.21364705e-01   0.0000
 -9.86125171e-02   0.0000
  2.75320262e-01   0.0000
 -1.77387029e-01   0.0000
  3.30876932e-02   0.0000
 -4.46034409e-02   0.0000
 -7.58908167e-02   0.0000
  1.67791359e-02   0.0000
  2.90639311e-01   0.0000
 -1.16517328e-01   0.0000
  8.27962125e-04   0.0000
  1.45282313e-01   0.0000
 -1.48709163e-01   0.0000
  1.35765523e-02   0.0000
  1.06096447e-01   0.0000
  8.54248255e-02   0.0000
  8.99330601e-02   0.0000
 -1.24581635e-01   0.0000
  1.99617930e-02   0.0000
  4.60956804e-03   0.0000
  1.28714249e-01   0.0000
 -1.21041080e-02   0.0000
  1.26211628e-01   0.0000
  1.14673793e-01   0.0000
 -7.48553351e-02   0.0000
  7.16491938e-02   0.0000
 -1.24647371e-01   0.0000
 -1.16272554e-01   0.0000
  6.96660280e-02   0.0000
  4.75593992e-02   0.0000
  1.51171699e-01   0.0000
  6.31040558e-02   0.0000
 -2.29259115e-02   0.0000
  6.41398877e-02   0.0000
 -1.81749329e-01   0.0000
  2.32726008e-01   0.0000
  1.94946647e-01   0.0000
 -8.76072869e-02   0.0000
 -3.19948047e-02   0.0000
  4.73090298e-02   0.0000
  1.69289008e-01   0.0000
  3.68788280e-02   0.0000
  2.96949327e-01   0.0000
  1.94561556e-02   0.0000
  5.52391887e-01   0.0000
 -4.79368605e-02   0.0000
 -4.89972625e-03   0.0000
  1.74691658e-02   0.0000
 -3.88035849e-02   0.0000
 -2.56012399e-02   0.0000
 -9.24137235e-02   0.0000
 -1.48078054e-01   0.0000
  3.71647291e-02   0.0000
 -9.82031897e-02   0.0000
  8.07135999e-02   0.0000
 -1.75403699e-01   0.0000
 -4.64419276e-02   0.0000
 -8.39885771e-02   0.0000
 -2.28275526e-02   0.0000
  2.96895187e-02   0.0000
 -4.08193283e-02   0.0000
  2.99758557e-02   0.0000
 -2.25777142e-02   0.0000
 -6.63232625e-01   0.0000
 -1.97169209e+00   0.0000
  9.92879868e-01   0.0000
 -1.67719626e+00   0.0000
  1.40306568e+00   0.0000
 -1.03304005e+00   0.0000
  2.11795592e+00   0.0000
  6.42575324e-01   0.0000
 -3.38245809e-01   0.0000
 -2.81369400e+00   0.0000
  7.51255035e-01   0.0000
  8.67152065e-02   0.0000
 -1.53292716e+00   0.0000
  1.32488787e+00   0.0000
 -2.15714410e-01   0.0000
 -5.18235207e-01   0.0000
 -8.56796920e-01   0.0000
 -5.15786290e-01   0.0000
  1.60469425e+00   0.0000
  2.09686327e+00   0.0000
  2.98079867e-02   0.0000
 -2.22402644e+00   0.0000
  5.57212651e-01   0.0000
 -1.18395412e+00   0.0000
 -6.05424523e-01   0.0000
  2.16246271e+00   0.0000
 -2.43610168e+00   0.0000
  1.50551009e+00   0.0000
  1.40115488e+00   0.0000
 -4.93061990e-01   0.0000
 -1.74302566e+00   0.0000
 -9.84382987e-01   0.0000
  0.00000000e+00   0.0000

