 5 0.000000 1
 1 
 Si 28.085500
 0 0.250001 4.500000 0.978124 1.000000 
 5 0 1 2 4 6
 7 1.50000 1.75000 2.00000 2.25000 2.50000 2.75000 3.00000
 1 12.169200 6.172630 3.114710 0.755675 0.404939 0.036124 0.650018 0.572890
 4 35 32 32 1
 -3.19041014e-01   0.0000
  2.64622480e-01   0.0000
 -3.86644737e-03   0.0000
  1.37213445e+00   0.0000
  2.24287868e+00   0.0000
  4.33181087e-03   0.0000
 -7.41565883e-01   0.0000
  5.34173191e-01   0.0000
  1.08673543e-01   0.0000
 -1.57720104e-04   0.0000
 -7.92464614e-02   0.0000
 -3.46314325e-03   0.0000
  7.00990530e-03   0.0000
 -2.61568744e-03   0.0000
 -3.78623884e-03   0.0000
 -4.16685529e-02   0.0000
 -3.86714488e-01   0.0000
  1.10951710e+00   0.0000
 -4.88810241e-01   0.0000
 -3.02448779e-01   0.0000
 -1.42161548e-03   0.0000
 -4.88773803e-04   0.0000
 -1.56882014e-02   0.0000
 -5.45934260e-01   0.0000
 -1.76291715e-03   0.0000
 -6.86397552e-02   0.0000
  3.18687010e+00   0.0000
  7.28387609e-02   0.0000
  1.44241601e-01   0.0000
  1.73556462e-01   0.0000
 -2.04745462e-04   0.0000
 -1.22696805e+00   0.0000
 -7.13509560e-01   0.0000
  5.02588928e-01   0.0000
  7.44441105e-03   0.0000
  1.67096376e-01   0.0000
  2.43009591e+00   0.0000
 -7.17342133e-04   0.0000
  3.25435251e-01   0.0000
  9.58863914e-01   0.0000
  3.80620062e-01   0.0000
 -1.97428791e-03   0.0000
 -1.43180385e-01   0.0000
 -2.52081477e-03   0.0000
 -5.90774678e-02   0.0000
  5.22687007e-03   0.0000
 -6.68038847e-03   0.0000
 -7.92551562e-02   0.0000
 -2.45696092e+00   0.0000
 -4.79316354e-01   0.0000
 -1.04735672e+00   0.0000
 -3.18383574e-01   0.0000
 -3.03842244e-03   0.0000
 -6.84047677e-03   0.0000
 -5.26941046e-02   0.0000
 -9.67671275e-01   0.0000
 -6.16398500e-03   0.0000
 -2.54037410e-01   0.0000
 -1.40996468e+00   0.0000
  4.94720608e-01   0.0000
  9.63767886e-01   0.0000
  4.83349741e-01   0.0000
  4.41669393e-03   0.0000
 -3.92954826e-01   0.0000
 -7.84894586e-01   0.0000
  7.29697108e-01   0.0000
 -2.69253366e-02   0.0000
 -1.04210746e+00   0.0000
  1.78567982e+00   0.0000
  4.14514132e-02   0.0000
  1.23869491e+00   0.0000
  1.02496314e+00   0.0000
  6.03376508e-01   0.0000
  4.48681851e-04   0.0000
 -2.96247065e-01   0.0000
 -2.78178975e-03   0.0000
 -1.67712241e-01   0.0000
 -8.25782418e-02   0.0000
 -2.63238177e-02   0.0000
 -1.25525082e-02   0.0000
  5.43977201e-01   0.0000
 -8.44669402e-01   0.0000
 -7.21333385e-01   0.0000
 -4.68198240e-01   0.0000
 -1.91418938e-02   0.0000
 -5.21746054e-02   0.0000
 -5.97306080e-02   0.0000
 -5.24442434e-01   0.0000
 -1.22997627e-01   0.0000
 -2.99308032e-01   0.0000
 -1.02016270e+00   0.0000
  7.80325055e-01   0.0000
  5.67027748e-01   0.0000
  5.71106315e-01   0.0000
  2.29026959e-03   0.0000
  2.97385156e-01   0.0000
 -8.43950629e-01   0.0000
  7.56778955e-01   0.0000
 -2.40844786e-01   0.0000
 -2.89876312e-01   0.0000
  6.74825728e-01   0.0000
  3.32982600e-01   0.0000
  9.65890169e-01   0.0000
  8.14484715e-01   0.0000
  4.43990082e-01   0.0000
 -2.73035496e-01   0.0000
 -3.86669517e-01   0.0000
 -2.06337214e-01   0.0000
 -2.61598438e-01   0.0000
 -3.37944567e-01   0.0000
 -1.79679379e-01   0.0000
  4.27377075e-02   0.0000
  1.90304625e+00   0.0000
 -4.21913154e-02   0.0000
 -2.36694992e-01   0.0000
 -6.16370380e-01   0.0000
 -1.57806516e-01   0.0000
 -2.47949779e-01   0.0000
 -6.06377348e-02   0.0000
  3.86312276e-01   0.0000
 -1.52223438e-01   0.0000
 -5.36620498e-01   0.0000
  7.94288754e-01   0.0000
  1.18949163e+00   0.0000
  3.46208364e-01   0.0000
  8.99612010e-01   0.0000
  3.13198954e-01   0.0000
  1.67374574e-02   0.0000
 -5.05417228e-01   0.0000
  9.67348397e-01   0.0000
 -3.61255705e-01   0.0000
 -6.05440736e-01   0.0000
 -2.89270252e-01   0.0000
  3.14618856e-01   0.0000
  3.67588587e-02   0.0000
  6.46591723e-01   0.0000
  4.47711974e-01   0.0000
 -2.78555393e-01   0.0000
 -3.46515328e-01   0.0000
 -2.08378345e-01   0.0000
 -4.70487505e-01   0.0000
 -5.68004131e-01   0.0000
 -3.45701516e-01   0.0000
  2.07588270e-01   0.0000
  9.44859326e-01   0.0000
 -5.65532029e-01   0.0000
 -3.81634772e-01   0.0000
 -6.94640100e-01   0.0000
 -2.93022096e-01   0.0000
 -4.48898673e-01   0.0000
 -4.83207941e-01   0.0000
  7.30896056e-01   0.0000
 -2.80807018e-01   0.0000
 -1.03057611e+00   0.0000
 -2.59536058e-01   0.0000
  1.42771995e+00   0.0000
 -9.32941318e-01   0.0000
  8.90251875e-01   0.0000
  4.16492760e-01   0.0000
  9.05325916e-03   0.0000
 -1.63747206e-01   0.0000
  6.80060744e-01   0.0000
 -2.88415700e-01   0.0000
 -1.83384925e-01   0.0000
 -1.37232852e+00   0.0000
  3.00701648e-01   0.0000
 -6.84850439e-02   0.0000
  5.90240657e-01   0.0000
  2.87388921e-01   0.0000
 -3.93714786e-01   0.0000
 -4.58090663e-01   0.0000
 -4.69820231e-01   0.0000
 -5.24020731e-01   0.0000
 -5.20087242e-01   0.0000
 -3.85342091e-01   0.0000
  4.56899077e-01   0.0000
  2.43863016e-01   0.0000
 -8.29654527e-05   0.0000
 -6.79083049e-01   0.0000
 -7.86832273e-01   0.0000
 -4.59044218e-01   0.0000
 -3.11304957e-01   0.0000
 -1.04240859e+00   0.0000
  2.93209642e-01   0.0000
 -4.86340553e-01   0.0000
 -1.60725653e+00   0.0000
 -5.84118724e-01   0.0000
  1.36334348e+00   0.0000
 -2.97135621e-01   0.0000
  9.42715168e-01   0.0000
  3.89407575e-01   0.0000
 -1.71353921e-01   0.0000
  1.08008832e-01   0.0000
  3.70685786e-01   0.0000
 -4.62437332e-01   0.0000
  1.53247103e-01   0.0000
 -2.57538819e+00   0.0000
  5.35515845e-01   0.0000
  1.07121624e-01   0.0000
  4.62714612e-01   0.0000
  3.78665268e-01   0.0000
 -4.60308701e-01   0.0000
 -4.88354295e-01   0.0000
 -5.37305355e-01   0.0000
 -6.47000492e-01   0.0000
 -7.77372301e-01   0.0000
 -4.95512038e-01   0.0000
  6.13843262e-01   0.0000
 -3.45600277e-01   0.0000
  6.85304582e-01   0.0000
 -8.81302655e-01   0.0000
 -1.05153680e+00   0.0000
 -5.19015491e-01   0.0000
 -5.31553388e-01   0.0000
 -1.31312025e+00   0.0000
 -1.42784476e-01   0.0000
 -5.36423087e-01   0.0000
 -2.33046651e+00   0.0000
 -4.29561019e-01   0.0000
  1.25045955e+00   0.0000
  1.10175753e+00   0.0000
  7.82522082e-01   0.0000
  4.35559005e-01   0.0000
 -7.39360213e-01   0.0000
  7.86934942e-02   0.0000
 -6.58701174e-04   0.0000
  2.77921511e-03   0.0000
  8.48125815e-02   0.0000
  2.05125511e-01   0.0000
 -4.64276318e-03   0.0000
 -1.43856034e-02   0.0000
  1.33526744e-03   0.0000
 -9.98430513e-03   0.0000
  3.86596046e-04   0.0000
  3.46786255e-04   0.0000
  6.53663534e-04   0.0000
  1.73836958e-03   0.0000
 -4.37978189e-04   0.0000
 -1.56758714e-03   0.0000
 -3.25016561e-03   0.0000
  2.56320704e-02   0.0000
 -5.84170185e-02   0.0000
 -1.10065505e-01   0.0000
  5.17054740e-03   0.0000
  1.55745924e-03   0.0000
 -2.16961768e-03   0.0000
 -1.10048556e-03   0.0000
 -4.75131214e-01   0.0000
  5.43682079e-04   0.0000
  8.22047070e-02   0.0000
  1.46567285e-01   0.0000
 -1.36052847e-01   0.0000
 -2.05899730e-01   0.0000
  5.51419379e-03   0.0000
  9.11484676e-05   0.0000
  8.25673863e-02   0.0000
  1.28326386e-01   0.0000
 -2.71277744e-02   0.0000
  8.43621138e-03   0.0000
  4.39388037e-01   0.0000
  1.82384595e-01   0.0000
 -7.76474364e-03   0.0000
 -2.53788859e-01   0.0000
  2.86917598e-03   0.0000
 -1.75797008e-02   0.0000
 -3.35634523e-03   0.0000
 -3.39667371e-04   0.0000
  3.40744562e-04   0.0000
 -1.53112051e-04   0.0000
  6.98842981e-04   0.0000
 -5.28585725e-03   0.0000
 -1.36343632e-02   0.0000
  2.08907779e-02   0.0000
 -1.17655225e-01   0.0000
 -1.83956832e-01   0.0000
 -9.94758494e-03   0.0000
  7.34052993e-03   0.0000
 -2.35737977e-03   0.0000
 -7.92117566e-02   0.0000
 -6.52199328e-01   0.0000
 -2.27980944e-03   0.0000
  3.39981169e-01   0.0000
  7.33349383e-01   0.0000
 -5.34167945e-01   0.0000
 -2.11006463e-01   0.0000
 -1.61169060e-02   0.0000
  3.58949206e-03   0.0000
  1.15579695e-01   0.0000
  1.12574808e-01   0.0000
 -2.08558962e-02   0.0000
  9.06974485e-04   0.0000
  9.33625162e-01   0.0000
 -1.12900091e-02   0.0000
  1.12410914e-02   0.0000
 -7.52124131e-01   0.0000
  2.54564942e-03   0.0000
 -1.35432044e-03   0.0000
 -7.65102822e-03   0.0000
 -6.25065804e-05   0.0000
  1.96481473e-03   0.0000
  9.95544833e-04   0.0000
 -1.14973518e-04   0.0000
  1.90972183e-02   0.0000
 -7.50002405e-03   0.0000
  2.10079774e-01   0.0000
 -2.15693966e-01   0.0000
 -2.30931371e-01   0.0000
 -2.30236799e-02   0.0000
  1.10918365e-03   0.0000
 -7.40776816e-03   0.0000
 -1.88136578e-01   0.0000
 -4.32953387e-01   0.0000
 -2.58687022e-03   0.0000
  6.80326104e-01   0.0000
  1.15765238e+00   0.0000
 -1.07165658e+00   0.0000
 -9.24939848e-03   0.0000
 -6.86906800e-02   0.0000
  1.55129610e-03   0.0000
  3.07440847e-01   0.0000
 -6.36877194e-02   0.0000
  4.37428579e-02   0.0000
 -4.20991629e-02   0.0000
  1.20846343e+00   0.0000
 -1.63961813e-01   0.0000
  5.74088916e-02   0.0000
 -1.03761637e+00   0.0000
 -2.95126084e-02   0.0000
 -9.11932066e-03   0.0000
 -1.99657472e-04   0.0000
 -5.55854617e-03   0.0000
 -1.35679487e-02   0.0000
  3.59272375e-03   0.0000
  3.16228904e-03   0.0000
 -1.69194657e-02   0.0000
  1.36193158e-02   0.0000
  2.59379506e-01   0.0000
 -2.03004330e-01   0.0000
 -3.15094478e-02   0.0000
 -2.72502042e-02   0.0000
 -1.18365502e-02   0.0000
 -1.76457455e-03   0.0000
 -2.82924086e-01   0.0000
  1.15300395e-01   0.0000
  7.56415352e-03   0.0000
  9.03289080e-01   0.0000
  9.76798177e-01   0.0000
 -1.53323019e+00   0.0000
  7.63645768e-01   0.0000
 -1.47207230e-01   0.0000
 -2.00041523e-03   0.0000
  4.03970838e-01   0.0000
 -1.80256128e-01   0.0000
  1.31174296e-01   0.0000
 -1.08999036e-01   0.0000
  1.42944658e+00   0.0000
 -2.47206658e-01   0.0000
  8.47450644e-02   0.0000
 -8.15769911e-01   0.0000
 -3.22492421e-02   0.0000
  3.74105200e-02   0.0000
 -1.30638457e-03   0.0000
 -1.81071386e-02   0.0000
 -3.80140208e-02   0.0000
 -2.57527027e-02   0.0000
 -7.98851475e-02   0.0000
 -6.62816763e-02   0.0000
  5.00188060e-02   0.0000
  1.09912995e-02   0.0000
 -1.53846771e-01   0.0000
  3.20519179e-01   0.0000
 -2.63447985e-02   0.0000
 -3.80830057e-02   0.0000
 -3.51182111e-02   0.0000
 -2.95295089e-01   0.0000
  2.35958576e-01   0.0000
 -1.81609839e-02   0.0000
  1.03304756e+00   0.0000
  2.10796118e-01   0.0000
 -1.70083654e+00   0.0000
  1.46700418e+00   0.0000
 -2.86982805e-01   0.0000
  5.13317296e-04   0.0000
  5.76206565e-01   0.0000
 -1.29288435e-01   0.0000
  1.97439685e-01   0.0000
 -1.95293531e-01   0.0000
  1.64479172e+00   0.0000
 -9.15146396e-02   0.0000
  2.21445397e-01   0.0000
 -4.34256047e-02   0.0000
 -5.68013117e-02   0.0000
 -1.36141330e-02   0.0000
 -1.98856322e-03   0.0000
 -3.64073440e-02   0.0000
 -6.42225668e-02   0.0000
 -6.86563775e-02   0.0000
 -1.53840616e-01   0.0000
 -6.49991482e-02   0.0000
  8.69427994e-02   0.0000
 -2.89792866e-01   0.0000
 -5.09668529e-01   0.0000
  7.00307310e-01   0.0000
  2.10169163e-02   0.0000
 -9.64546651e-02   0.0000
 -4.02303003e-02   0.0000
 -2.67768919e-01   0.0000
 -2.20219985e-01   0.0000
 -2.36264803e-02   0.0000
  1.10697222e+00   0.0000
 -1.22821939e+00   0.0000
 -1.31680155e+00   0.0000
  1.32664895e+00   0.0000
 -2.38067612e-01   0.0000
  8.91743507e-03   0.0000
  6.77579045e-01   0.0000
 -6.87815547e-02   0.0000
  3.23038727e-01   0.0000
 -1.87258348e-01   0.0000
  1.97080255e+00   0.0000
  1.02628149e-01   0.0000
  2.51957029e-01   0.0000
  9.74691570e-01   0.0000
 -6.25465587e-02   0.0000
 -6.11899048e-02   0.0000
 -1.26864633e-03   0.0000
 -4.81649451e-02   0.0000
 -1.40137359e-01   0.0000
 -1.61491454e-01   0.0000
 -2.09763825e-01   0.0000
 -2.16897249e-01   0.0000
  1.04488455e-01   0.0000
 -7.12784469e-01   0.0000
 -1.08987451e+00   0.0000
  1.21419740e+00   0.0000
  1.33355439e-01   0.0000
 -1.29544288e-01   0.0000
 -9.77374241e-02   0.0000
 -1.69375781e-02   0.0000
 -9.24083292e-01   0.0000
 -5.43111227e-02   0.0000
  1.18157232e+00   0.0000
 -3.32254338e+00   0.0000
 -9.19456720e-01   0.0000
  3.38088602e-01   0.0000
 -2.36347899e-01   0.0000
  1.10492550e-01   0.0000
  9.27395523e-01   0.0000
 -4.04723138e-02   0.0000
 -5.09248312e-05   0.0000
  7.18106935e-03   0.0000
 -5.03224146e-04   0.0000
  7.93910563e-01   0.0000
 -4.89452807e-03   0.0000
  9.96779650e-02   0.0000
 -4.32190194e-04   0.0000
  1.25499973e-02   0.0000
  1.93716391e-04   0.0000
 -2.19094683e-04   0.0000
  4.70391288e-03   0.0000
  3.85771971e-04   0.0000
 -3.00200004e-03   0.0000
  1.25507871e-03   0.0000
 -5.55574708e-03   0.0000
  6.69623390e-02   0.0000
  2.57696807e-01   0.0000
 -3.94641906e-02   0.0000
  7.84618687e-03   0.0000
 -6.86298881e-04   0.0000
 -5.99778956e-04   0.0000
 -6.13960996e-02   0.0000
 -4.88683045e-01   0.0000
 -1.37893623e-03   0.0000
  5.94190508e-03   0.0000
  5.16618371e-01   0.0000
 -1.75029352e-01   0.0000
 -1.01800486e-01   0.0000
  6.37610536e-03   0.0000
 -1.10911598e-04   0.0000
  2.59167291e-02   0.0000
 -5.47487363e-02   0.0000
  2.34547742e-02   0.0000
  8.44485685e-03   0.0000
 -7.44857863e-02   0.0000
  9.56305265e-01   0.0000
 -2.78796745e-03   0.0000
  1.67546153e-01   0.0000
  3.14666773e-03   0.0000
  6.53667841e-03   0.0000
  7.27298175e-05   0.0000
 -1.20833924e-03   0.0000
  6.62058638e-03   0.0000
 -3.89474764e-04   0.0000
 -2.91850720e-05   0.0000
  6.83369639e-04   0.0000
 -4.39312682e-03   0.0000
  6.99351057e-02   0.0000
 -3.62490535e-01   0.0000
 -1.00216322e-01   0.0000
  4.58882051e-03   0.0000
 -1.90718638e-05   0.0000
 -6.33387943e-04   0.0000
 -4.46275622e-02   0.0000
 -2.52796322e-01   0.0000
 -1.23577414e-03   0.0000
  9.17450264e-02   0.0000
  9.93285120e-01   0.0000
 -2.99053907e-01   0.0000
 -1.78247422e-01   0.0000
  1.28721995e-02   0.0000
  2.44299695e-03   0.0000
  1.52290408e-02   0.0000
 -7.54858404e-02   0.0000
  1.44287020e-01   0.0000
  1.69102326e-02   0.0000
 -2.22140625e-01   0.0000
  8.21406484e-01   0.0000
 -1.72456354e-02   0.0000
  2.70072311e-01   0.0000
  2.56235618e-03   0.0000
 -1.71091910e-02   0.0000
  2.68855452e-04   0.0000
 -7.44286575e-04   0.0000
  2.21770653e-03   0.0000
 -8.74727964e-04   0.0000
 -1.44603830e-02   0.0000
  2.46972172e-03   0.0000
 -6.93311868e-03   0.0000
  5.73927052e-02   0.0000
 -9.70299304e-01   0.0000
 -2.64760464e-01   0.0000
  2.03368603e-03   0.0000
 -2.03304272e-03   0.0000
  1.05927559e-03   0.0000
  5.27204499e-02   0.0000
  1.42855659e-01   0.0000
 -1.56745827e-03   0.0000
  4.24875081e-01   0.0000
  1.38191795e+00   0.0000
 -3.70901704e-01   0.0000
 -1.89248115e-01   0.0000
  3.49892043e-02   0.0000
 -7.25464988e-03   0.0000
  9.51063726e-03   0.0000
 -1.28779590e-01   0.0000
  3.27237815e-01   0.0000
  1.42724514e-01   0.0000
 -3.07495803e-01   0.0000
  6.77048743e-01   0.0000
 -1.04691721e-01   0.0000
  4.51753259e-01   0.0000
  4.64796834e-02   0.0000
 -3.02933659e-02   0.0000
 -3.33908759e-03   0.0000
 -1.26783410e-03   0.0000
  1.57633290e-01   0.0000
 -2.24678777e-02   0.0000
 -4.86545004e-02   0.0000
  5.51997572e-02   0.0000
 -1.03880204e-01   0.0000
  6.27573058e-02   0.0000
 -1.06464183e+00   0.0000
 -4.94512290e-01   0.0000
  8.54455680e-02   0.0000
  1.01796277e-01   0.0000
  1.73483081e-02   0.0000
  4.65030491e-01   0.0000
  5.12895942e-01   0.0000
  8.82277545e-03   0.0000
  8.50011408e-01   0.0000
  1.52417505e+00   0.0000
 -3.78204793e-01   0.0000
 -2.43335173e-01   0.0000
  5.21501191e-02   0.0000
 -5.75737469e-03   0.0000
  2.73556057e-02   0.0000
 -1.88666239e-01   0.0000
  5.32044411e-01   0.0000
  2.51467615e-01   0.0000
 -4.12680432e-02   0.0000
  4.40551609e-01   0.0000
 -3.02941859e-01   0.0000
  7.27527022e-01   0.0000
  4.15441990e-02   0.0000
 -3.99722457e-02   0.0000
 -1.61410274e-03   0.0000
  2.51089269e-03   0.0000
  1.94933444e-01   0.0000
 -1.40429392e-01   0.0000
 -8.16115960e-02   0.0000
  1.37797013e-01   0.0000
 -1.93121746e-01   0.0000
  4.54832390e-02   0.0000
 -3.49147290e-01   0.0000
 -3.55092406e-01   0.0000
  2.00422600e-01   0.0000
  1.78078562e-01   0.0000
  2.11430322e-02   0.0000
  7.83894420e-01   0.0000
  6.47563159e-01   0.0000
  8.75791814e-03   0.0000
  1.21456409e+00   0.0000
  1.35230935e+00   0.0000
 -3.39204729e-01   0.0000
 -5.72340965e-01   0.0000
  1.18292987e-01   0.0000
 -1.26651069e-02   0.0000
  1.76124454e-01   0.0000
 -1.75673619e-01   0.0000
  7.17091203e-01   0.0000
  2.93845326e-01   0.0000
  5.87583721e-01   0.0000
  4.84082073e-01   0.0000
 -3.35464180e-01   0.0000
  1.19578433e+00   0.0000
  7.72037879e-02   0.0000
 -8.15040842e-02   0.0000
  1.37993728e-03   0.0000
  1.11809932e-02   0.0000
  2.62096971e-01   0.0000
 -2.58905858e-01   0.0000
 -1.89113542e-01   0.0000
  2.17260316e-01   0.0000
 -2.82425851e-01   0.0000
 -2.33030301e-02   0.0000
  7.33059049e-01   0.0000
  1.25369625e-02   0.0000
  3.26311320e-01   0.0000
  1.67162806e-01   0.0000
  1.42108664e-01   0.0000
  1.13557577e+00   0.0000
  3.18069637e-01   0.0000
  2.19307654e-02   0.0000
  1.64261603e+00   0.0000
  1.32665098e+00   0.0000
 -2.94253290e-01   0.0000
 -1.00668728e+00   0.0000
  1.84288517e-01   0.0000
  1.40150320e-02   0.0000
  2.54711628e-01   0.0000
 -7.05202576e-03   0.0000
  9.79008436e-01   0.0000
  4.24454898e-01   0.0000
  1.55908775e+00   0.0000
  5.08696198e-01   0.0000
 -3.51631492e-01   0.0000
  1.66852379e+00   0.0000
  8.54595751e-02   0.0000
 -2.13920608e-01   0.0000
 -8.94574041e-04   0.0000
  9.60322190e-03   0.0000
  2.70642400e-01   0.0000
 -3.05034310e-01   0.0000
 -2.04604045e-01   0.0000
  2.68952817e-01   0.0000
 -3.28153878e-01   0.0000
 -3.42605114e-02   0.0000
  2.41524053e+00   0.0000
  5.21063209e-01   0.0000
  2.93732733e-01   0.0000
  1.62122071e-01   0.0000
  8.71550590e-02   0.0000
  1.36366010e+00   0.0000
 -4.65599030e-01   0.0000
  2.31566411e-02   0.0000
  1.99671125e+00   0.0000
  1.38204622e+00   0.0000
 -6.39824718e-02   0.0000
 -1.66118670e+00   0.0000
  2.44454965e-01   0.0000
  2.30004266e-02   0.0000
  2.58917153e-01   0.0000
  3.47735807e-02   0.0000
  7.77507259e-04   0.0000
  4.49593458e-03   0.0000
  3.80163968e-01   0.0000
 -2.34813261e+00   0.0000
 -2.92369816e-03   0.0000
  1.38000280e-01   0.0000
  3.65308835e-03   0.0000
 -1.02751404e-02   0.0000
  8.88024661e-05   0.0000
 -3.47606651e-03   0.0000
  3.57301999e-03   0.0000
 -2.76064093e-04   0.0000
 -3.69030458e-04   0.0000
  4.40793578e-03   0.0000
 -6.96726702e-03   0.0000
 -2.35276967e-01   0.0000
  1.21909845e+00   0.0000
  3.64021622e-02   0.0000
  5.09410910e-03   0.0000
  3.14252987e-03   0.0000
 -7.86695280e-04   0.0000
 -7.09731504e-02   0.0000
 -3.23301628e-02   0.0000
  2.20854010e-04   0.0000
  2.33368963e-01   0.0000
  4.40767616e-01   0.0000
  1.97203383e-02   0.0000
 -6.20012999e-01   0.0000
  5.95424324e-03   0.0000
  6.42248546e-04   0.0000
  3.88070792e-02   0.0000
  2.22460106e-01   0.0000
 -2.17589568e-02   0.0000
 -9.95526835e-03   0.0000
  3.58990520e-01   0.0000
 -1.95411813e+00   0.0000
  5.25928512e-02   0.0000
  9.60026577e-04   0.0000
 -6.48377417e-03   0.0000
 -5.04319109e-02   0.0000
 -1.24565675e-03   0.0000
  3.23845976e-04   0.0000
  3.39403911e-03   0.0000
  3.02481585e-05   0.0000
 -9.26639652e-04   0.0000
  2.49134470e-03   0.0000
 -3.18340398e-03   0.0000
 -8.85038435e-01   0.0000
  1.35240531e+00   0.0000
  4.02323902e-01   0.0000
  1.27300865e-03   0.0000
  2.60481029e-03   0.0000
  5.88227595e-05   0.0000
 -7.51534849e-02   0.0000
  3.37476104e-01   0.0000
  2.03758175e-03   0.0000
  6.28539324e-01   0.0000
  2.90139079e-01   0.0000
  3.92990261e-01   0.0000
 -1.45449436e+00   0.0000
 -1.49653433e-02   0.0000
  1.07198709e-03   0.0000
  7.05937520e-02   0.0000
  3.98984998e-01   0.0000
 -3.34245414e-02   0.0000
 -5.92741258e-02   0.0000
  2.41018564e-01   0.0000
 -6.58396006e-01   0.0000
  7.93782026e-02   0.0000
  7.31349289e-02   0.0000
 -1.05840126e-02   0.0000
 -9.72758457e-02   0.0000
  5.50689222e-03   0.0000
 -1.85123440e-02   0.0000
 -4.06971388e-02   0.0000
  4.33110306e-03   0.0000
 -1.52216270e-03   0.0000
 -1.01485543e-01   0.0000
  3.71513367e-02   0.0000
 -1.44611299e+00   0.0000
  1.63583601e+00   0.0000
  9.88051176e-01   0.0000
 -2.06041541e-02   0.0000
 -2.42755748e-02   0.0000
 -9.14622657e-03   0.0000
 -1.01136073e-01   0.0000
 -5.92335880e-01   0.0000
 -1.86504312e-02   0.0000
  9.29573417e-01   0.0000
  5.23934782e-01   0.0000
  9.29840505e-01   0.0000
 -1.62255645e+00   0.0000
 -3.71786132e-02   0.0000
  3.33657750e-04   0.0000
 -1.28092289e-01   0.0000
  5.09459436e-01   0.0000
 -2.25332621e-02   0.0000
 -1.06308974e-01   0.0000
 -3.63934822e-02   0.0000
  4.89193320e-01   0.0000
  8.66383836e-02   0.0000
  2.61405855e-01   0.0000
  3.03549506e-02   0.0000
 -1.45724386e-01   0.0000
 -7.97782093e-02   0.0000
 -2.36569787e-03   0.0000
 -4.13260236e-02   0.0000
 -3.62543538e-02   0.0000
  4.90996474e-03   0.0000
 -4.12501246e-02   0.0000
  2.74889618e-02   0.0000
 -1.77648616e+00   0.0000
  1.89539599e+00   0.0000
  1.39475751e+00   0.0000
 -7.68583119e-02   0.0000
 -7.90549293e-02   0.0000
 -2.12843921e-02   0.0000
 -8.83130655e-02   0.0000
 -1.37973714e+00   0.0000
  3.24059208e-03   0.0000
  9.39069211e-01   0.0000
  4.90723699e-01   0.0000
  1.35338700e+00   0.0000
 -1.36049783e+00   0.0000
 -4.80866879e-02   0.0000
 -3.54676554e-03   0.0000
 -4.39790517e-01   0.0000
  3.43775243e-01   0.0000
 -8.19630548e-02   0.0000
 -5.39146140e-02   0.0000
 -5.06772935e-01   0.0000
  1.01337147e+00   0.0000
  3.92915681e-02   0.0000
  6.75201416e-01   0.0000
 -1.22796036e-02   0.0000
  3.57826129e-02   0.0000
 -1.18173450e-01   0.0000
 -2.51597911e-02   0.0000
 -3.81712094e-02   0.0000
 -6.01364151e-02   0.0000
 -1.16466641e-01   0.0000
 -5.51629588e-02   0.0000
  2.83523928e-02   0.0000
 -1.69870901e+00   0.0000
  1.34303939e+00   0.0000
  1.18051779e+00   0.0000
 -1.69492260e-01   0.0000
  2.12028320e-03   0.0000
 -3.95562276e-02   0.0000
 -2.10560754e-01   0.0000
 -1.14009440e+00   0.0000
 -1.88768879e-02   0.0000
  6.21406972e-01   0.0000
  1.90162003e-01   0.0000
  1.52680755e+00   0.0000
 -1.50256312e+00   0.0000
 -3.57586704e-02   0.0000
  9.63128638e-03   0.0000
 -5.52630723e-01   0.0000
 -5.85923381e-02   0.0000
 -1.05684996e-01   0.0000
  4.45071012e-02   0.0000
 -1.04373729e+00   0.0000
  9.20755029e-01   0.0000
  3.97359319e-02   0.0000
  1.04686999e+00   0.0000
 -1.94698367e-02   0.0000
  1.94642335e-01   0.0000
 -4.60983429e-04   0.0000
  2.37358958e-02   0.0000
 -7.51730129e-02   0.0000
 -4.91921715e-02   0.0000
 -9.49108079e-02   0.0000
  2.12586503e-02   0.0000
  6.48005959e-03   0.0000
 -1.67440164e+00   0.0000
  1.63040787e-01   0.0000
  6.04407370e-01   0.0000
 -3.36849451e-01   0.0000
 -6.85288832e-02   0.0000
  1.01866024e-02   0.0000
 -2.99617589e-01   0.0000
 -1.42860591e-01   0.0000
 -6.36778027e-02   0.0000
  4.94179130e-02   0.0000
  5.17567635e-01   0.0000
  1.42211401e+00   0.0000
 -5.65647364e-01   0.0000
 -1.40292689e-01   0.0000
  5.27595286e-04   0.0000
 -6.15513444e-01   0.0000
 -7.03798115e-01   0.0000
 -1.98735997e-01   0.0000
  1.49166360e-01   0.0000
 -1.49793518e+00   0.0000
  1.74006552e-01   0.0000
 -1.04804732e-01   0.0000
  1.45508325e+00   0.0000
 -2.24625934e-02   0.0000
  6.22840106e-01   0.0000
 -1.55416533e-01   0.0000
  1.94568466e-02   0.0000
  8.93100053e-02   0.0000
 -9.65576768e-02   0.0000
 -1.47787020e-01   0.0000
  1.03184916e-01   0.0000
 -8.54979903e-02   0.0000
 -1.64295769e+00   0.0000
 -1.05044639e+00   0.0000
 -2.55426317e-01   0.0000
 -4.63081717e-01   0.0000
  7.61354640e-02   0.0000
  7.13349879e-03   0.0000
 -5.91939569e-01   0.0000
  1.51656389e+00   0.0000
  8.13814066e-03   0.0000
 -5.09322047e-01   0.0000
  1.71099401e+00   0.0000
  1.24320662e+00   0.0000
  1.40761197e+00   0.0000
 -2.74494320e-01   0.0000
  7.73000270e-02   0.0000
 -5.89103520e-01   0.0000
 -8.19260180e-02   0.0000
  1.71845627e-03   0.0000
  2.46043224e-03   0.0000
  8.72256577e-01   0.0000
  9.04278219e-01   0.0000
 -6.85993675e-03   0.0000
 -3.04877222e-01   0.0000
  4.20349948e-02   0.0000
  4.68961969e-02   0.0000
  2.87023082e-04   0.0000
  5.52791229e-04   0.0000
  8.41338362e-04   0.0000
  3.37439124e-04   0.0000
  1.45154668e-03   0.0000
  7.53193209e-03   0.0000
  9.25514149e-04   0.0000
 -6.27672523e-02   0.0000
  7.51352757e-02   0.0000
 -6.91054240e-02   0.0000
  4.27524094e-03   0.0000
  2.50897300e-03   0.0000
 -1.31739012e-03   0.0000
  3.87936062e-03   0.0000
 -2.25177228e-01   0.0000
 -1.11504609e-03   0.0000
 -1.85239296e-02   0.0000
  7.31768072e-01   0.0000
 -8.57303571e-03   0.0000
  1.41266263e+00   0.0000
  8.07222258e-03   0.0000
  3.52011179e-03   0.0000
 -4.93075885e-02   0.0000
  1.17322011e-02   0.0000
  4.97948714e-02   0.0000
 -4.88164509e-03   0.0000
  6.32829249e-01   0.0000
 -1.01696782e-01   0.0000
  2.85465829e-02   0.0000
  1.08684503e-01   0.0000
  1.36906326e-01   0.0000
  2.95376647e-02   0.0000
 -6.50200855e-06   0.0000
  2.67097820e-03   0.0000
 -6.79802289e-03   0.0000
  4.31284262e-03   0.0000
  2.18684683e-04   0.0000
 -3.62327276e-03   0.0000
  1.04031846e-04   0.0000
 -1.03042746e+00   0.0000
 -2.90955693e-01   0.0000
 -1.10221662e-01   0.0000
 -4.93200161e-02   0.0000
 -2.59526377e-03   0.0000
 -4.68283286e-03   0.0000
 -1.96916703e-02   0.0000
  4.85669263e-02   0.0000
 -4.08208277e-03   0.0000
 -7.75434896e-02   0.0000
 -6.00249730e-02   0.0000
  6.60020411e-02   0.0000
  4.08241116e-02   0.0000
  1.04552850e-01   0.0000
  3.27616651e-03   0.0000
  1.75070763e-02   0.0000
  3.74184132e-01   0.0000
  1.67768478e-01   0.0000
 -8.23779032e-02   0.0000
  8.99141952e-02   0.0000
 -6.75582767e-01   0.0000
  7.13502988e-02   0.0000
  8.64923000e-01   0.0000
  1.37541652e-01   0.0000
 -1.35223478e-01   0.0000
 -2.81675020e-03   0.0000
  9.67380358e-04   0.0000
 -6.29990771e-02   0.0000
  2.00340152e-02   0.0000
 -4.16474853e-04   0.0000
 -7.05801472e-02   0.0000
  6.11995682e-02   0.0000
  2.74896801e-01   0.0000
 -5.87505817e-01   0.0000
 -3.36965802e-03   0.0000
 -1.39437765e-01   0.0000
 -4.46679890e-02   0.0000
 -3.44968820e-03   0.0000
 -1.48542315e-01   0.0000
 -3.77233326e-01   0.0000
 -2.46377569e-03   0.0000
 -5.34536801e-02   0.0000
  3.65491360e-01   0.0000
  1.72213390e-01   0.0000
 -3.27380002e-01   0.0000
  4.21984354e-03   0.0000
  2.91464315e-03   0.0000
  1.15973756e-01   0.0000
  5.06763756e-01   0.0000
  1.12122856e-01   0.0000
 -2.20922887e-01   0.0000
  1.16145145e-02   0.0000
 -6.00987196e-01   0.0000
  1.66107282e-01   0.0000
  1.20514667e+00   0.0000
  9.46657509e-02   0.0000
 -2.02954188e-01   0.0000
 -1.35958265e-03   0.0000
 -3.65149938e-02   0.0000
 -1.69664994e-01   0.0000
  2.63983179e-02   0.0000
  8.44031386e-03   0.0000
 -1.49320900e-01   0.0000
  1.76755413e-01   0.0000
  1.43960404e+00   0.0000
 -7.11052299e-01   0.0000
  2.38449320e-01   0.0000
 -1.92949325e-01   0.0000
 -2.01573581e-01   0.0000
 -7.13445842e-02   0.0000
 -3.43677193e-01   0.0000
 -3.68597060e-01   0.0000
 -4.18062648e-03   0.0000
 -7.08999559e-02   0.0000
 -9.58385020e-02   0.0000
  1.06536612e-01   0.0000
 -5.28081536e-01   0.0000
  1.28489554e-01   0.0000
  4.72371653e-02   0.0000
  3.34668726e-01   0.0000
  4.55559820e-01   0.0000
  2.31302083e-01   0.0000
 -2.79655963e-01   0.0000
  7.51685023e-01   0.0000
 -1.21252142e-01   0.0000
  3.47828060e-01   0.0000
  4.16748255e-01   0.0000
  2.70817941e-03   0.0000
 -2.82018632e-01   0.0000
  4.75029490e-04   0.0000
 -1.53486170e-02   0.0000
 -2.31814384e-01   0.0000
 -6.87975734e-02   0.0000
 -1.69945005e-02   0.0000
 -3.52187246e-01   0.0000
  2.93546498e-01   0.0000
  9.24777150e-01   0.0000
  3.01705301e-01   0.0000
  3.02739650e-01   0.0000
 -1.60185784e-01   0.0000
 -1.85675353e-01   0.0000
 -1.09272175e-01   0.0000
 -5.69530606e-01   0.0000
  1.51141912e-01   0.0000
 -5.71959578e-02   0.0000
 -7.05925971e-02   0.0000
  3.10770839e-01   0.0000
 -9.92162079e-02   0.0000
 -1.34583414e-01   0.0000
  1.39340432e-02   0.0000
  4.85193394e-02   0.0000
  2.90732563e-01   0.0000
  2.85136998e-01   0.0000
  4.14132178e-01   0.0000
 -4.84201461e-01   0.0000
  1.10980833e+00   0.0000
  2.65060246e-01   0.0000
  4.01653290e-01   0.0000
 -1.77247620e+00   0.0000
  1.17418924e-02   0.0000
 -2.77134180e-01   0.0000
 -1.04572155e-01   0.0000
  2.47813798e-02   0.0000
 -3.46105337e-01   0.0000
  1.45833790e-02   0.0000
 -1.01786785e-01   0.0000
 -2.41040021e-01   0.0000
  4.99203146e-01   0.0000
 -7.45621622e-01   0.0000
  2.99735814e-01   0.0000
  1.37340203e-01   0.0000
 -2.19202131e-01   0.0000
 -3.29620332e-01   0.0000
 -1.39210805e-01   0.0000
 -1.03055239e+00   0.0000
  4.46234196e-01   0.0000
 -1.78639457e-01   0.0000
  2.83624250e-02   0.0000
  5.11100948e-01   0.0000
 -3.51939678e-01   0.0000
  1.96569324e-01   0.0000
  3.83065045e-02   0.0000
  1.15741454e-01   0.0000
  8.36957753e-01   0.0000
 -5.90460710e-02   0.0000
  4.60005850e-01   0.0000
 -4.57953572e-01   0.0000
  1.56467140e+00   0.0000
 -2.42925882e-02   0.0000
  4.84627098e-01   0.0000
 -3.76648021e+00   0.0000
  1.84099711e-02   0.0000
 -1.14314176e-01   0.0000
  9.05658118e-03   0.0000
 -3.13321389e-02   0.0000
 -5.37388861e-01   0.0000
 -1.97324976e-02   0.0000
 -1.44478694e-01   0.0000
 -2.75562763e-01   0.0000
  5.29891908e-01   0.0000
 -2.44758773e+00   0.0000
 -4.99587238e-01   0.0000
 -1.60628602e-01   0.0000
 -3.96457851e-01   0.0000
 -2.58185744e-01   0.0000
 -1.61803827e-01   0.0000
 -1.17490578e+00   0.0000
  3.91132951e-01   0.0000
 -2.74771482e-01   0.0000
  1.96776912e-02   0.0000
  5.04829586e-01   0.0000
 -6.41370416e-01   0.0000
  4.08310145e-01   0.0000
  3.14917341e-02   0.0000
  4.37113382e-02   0.0000
  1.79138887e+00   0.0000
  1.03416431e+00   0.0000
 -6.75347745e-01   0.0000
  2.20302539e-03   0.0000
 -3.06042463e-01   0.0000
  3.83809417e-01   0.0000
 -3.25793810e-02   0.0000
  2.26756573e+00   0.0000
  4.51709896e-01   0.0000
 -4.65780586e-01   0.0000
 -1.35735720e-01   0.0000
 -1.34772966e-02   0.0000
 -8.72638598e-02   0.0000
 -1.61880046e-01   0.0000
 -1.92317292e-01   0.0000
  3.66308615e-02   0.0000
  7.66723305e-02   0.0000
  3.91119838e-01   0.0000
 -6.92291856e-01   0.0000
 -8.46359313e-01   0.0000
 -2.75500625e-01   0.0000
 -8.78397226e-02   0.0000
 -1.19939201e-01   0.0000
  6.85820818e-01   0.0000
  1.21845949e+00   0.0000
 -1.01285115e-01   0.0000
  1.59636080e-01   0.0000
  9.66561258e-01   0.0000
 -4.84285504e-01   0.0000
 -1.15127647e+00   0.0000
 -5.19374385e-02   0.0000
  1.40685990e-01   0.0000
 -5.65408885e-01   0.0000
  1.75654714e-04   0.0000
 -3.28705847e-01   0.0000
  2.73540895e-02   0.0000
 -1.43845841e-01   0.0000
  3.70735005e-02   0.0000
 -5.58903776e-02   0.0000
  4.73493397e-01   0.0000
 -7.79555121e-04   0.0000
 -3.52884969e-03   0.0000
 -5.79936028e-01   0.0000
 -4.02403763e-03   0.0000
 -2.70877608e-05   0.0000
 -1.77904457e-01   0.0000
 -2.23964304e-02   0.0000
 -2.92182248e-03   0.0000
  1.64078941e-04   0.0000
 -2.64768377e-02   0.0000
 -4.19963966e-04   0.0000
  3.35918337e-01   0.0000
  5.50753295e-01   0.0000
  2.32663611e-03   0.0000
 -5.90291142e-01   0.0000
  2.72810622e-03   0.0000
 -1.09251738e-01   0.0000
 -5.03499247e-03   0.0000
  5.59810638e-01   0.0000
 -6.05660915e-01   0.0000
  2.11655095e-01   0.0000
  1.82268754e-01   0.0000
 -7.39035779e-04   0.0000
 -2.80200034e-01   0.0000
 -7.36178160e-02   0.0000
  1.80024102e-01   0.0000
  4.17488575e-01   0.0000
 -1.04696244e-01   0.0000
  2.64039695e-01   0.0000
 -2.23371103e-01   0.0000
  1.87536716e-01   0.0000
 -4.48277831e-01   0.0000
 -5.55487089e-02   0.0000
  3.34404921e-03   0.0000
  6.94775403e-01   0.0000
 -7.46007487e-02   0.0000
 -5.06957853e-03   0.0000
  2.71988332e-01   0.0000
 -1.37192354e-01   0.0000
 -1.77406461e-03   0.0000
  4.16151434e-02   0.0000
  9.98516455e-02   0.0000
  1.08472578e-01   0.0000
 -3.81694347e-01   0.0000
 -4.54600960e-01   0.0000
  6.65768515e-03   0.0000
  5.74051738e-01   0.0000
 -3.18623595e-02   0.0000
  2.50426203e-01   0.0000
  2.94528808e-02   0.0000
 -5.31813443e-01   0.0000
  7.47345448e-01   0.0000
 -2.99945563e-01   0.0000
 -2.24445045e-01   0.0000
  7.44247250e-03   0.0000
  4.06483829e-01   0.0000
  2.81631082e-01   0.0000
  5.41362464e-02   0.0000
  2.07551494e-01   0.0000
 -1.41326755e-01   0.0000
  2.91038305e-01   0.0000
 -2.61288673e-01   0.0000
  6.81741461e-02   0.0000
 -1.72739178e-01   0.0000
 -3.78653407e-02   0.0000
 -8.68533156e-04   0.0000
  1.33592173e-01   0.0000
 -8.29755291e-02   0.0000
 -3.86870988e-02   0.0000
  1.77552596e-01   0.0000
 -3.34929675e-01   0.0000
  2.10040584e-02   0.0000
  4.17688899e-02   0.0000
  9.39143002e-02   0.0000
  6.53038397e-02   0.0000
 -9.81145948e-02   0.0000
 -1.40542105e-01   0.0000
  8.69596028e-04   0.0000
  1.45902574e-01   0.0000
 -2.67884657e-02   0.0000
  1.23405993e-01   0.0000
  1.20299757e-01   0.0000
 -6.93698227e-02   0.0000
  1.40595749e-01   0.0000
 -1.95076287e-01   0.0000
 -1.70821667e-01   0.0000
  9.75270346e-02   0.0000
  1.28034204e-01   0.0000
  6.41608462e-02   0.0000
 -1.36106253e-01   0.0000
 -4.63826716e-01   0.0000
  2.12962493e-01   0.0000
 -3.44622076e-01   0.0000
  2.49144569e-01   0.0000
 -2.32065633e-01   0.0000
  3.99936110e-01   0.0000
  1.15075581e-01   0.0000
 -7.90489763e-02   0.0000
  2.52080917e-01   0.0000
  1.11752152e-01   0.0000
 -7.30126339e-04   0.0000
 -4.09684360e-01   0.0000
  8.70324820e-02   0.0000
 -1.02643366e-03   0.0000
 -1.95296243e-01   0.0000
 -1.92388788e-01   0.0000
 -3.92608903e-02   0.0000
  2.95081019e-01   0.0000
  4.35872197e-01   0.0000
  1.43124344e-04   0.0000
 -3.10245126e-01   0.0000
  9.89384204e-02   0.0000
 -3.47040266e-01   0.0000
 -4.17871624e-02   0.0000
  3.40707242e-01   0.0000
 -3.56358737e-01   0.0000
  3.88981372e-01   0.0000
  3.17530036e-01   0.0000
 -3.00256927e-02   0.0000
 -4.12318766e-01   0.0000
 -1.29340678e-01   0.0000
 -4.64196086e-01   0.0000
 -8.34812403e-01   0.0000
  3.48291904e-01   0.0000
 -5.17837286e-01   0.0000
  4.21545058e-01   0.0000
 -6.53972208e-01   0.0000
  1.00677323e+00   0.0000
  4.53150809e-01   0.0000
 -2.02061310e-01   0.0000
 -1.12669873e+00   0.0000
  2.42226690e-01   0.0000
 -3.09576899e-01   0.0000
 -7.46569574e-01   0.0000
  1.08201593e-01   0.0000
 -1.21498965e-02   0.0000
 -5.14681101e-01   0.0000
 -5.88121831e-01   0.0000
 -4.40296769e-01   0.0000
  9.88770068e-01   0.0000
  1.10561872e+00   0.0000
  1.37848984e-02   0.0000
 -1.07912445e+00   0.0000
  4.41388935e-01   0.0000
 -7.23195434e-01   0.0000
 -5.70127405e-02   0.0000
  1.31812215e+00   0.0000
 -1.34409535e+00   0.0000
  6.73704922e-01   0.0000
  6.20098889e-01   0.0000
 -2.54576951e-01   0.0000
 -1.04751408e+00   0.0000
 -5.60640454e-01   0.0000
 -4.44728136e-02   0.0000
 -2.21997648e-01   0.0000
  1.77344680e-01   0.0000
 -3.53384167e-01   0.0000
  2.75053144e-01   0.0000
 -6.94820359e-02   0.0000
  1.13150999e-01   0.0000
  4.45589125e-02   0.0000
 -2.32658815e-03   0.0000
 -1.68497637e-01   0.0000
  1.39873281e-01   0.0000
  1.19735452e-03   0.0000
 -2.28610769e-01   0.0000
  2.16871083e-01   0.0000
 -1.42561570e-02   0.0000
 -2.50640400e-02   0.0000
 -8.09853002e-02   0.0000
 -4.37359363e-02   0.0000
  5.54340668e-02   0.0000
  1.44826621e-01   0.0000
  1.61827178e-04   0.0000
 -1.55775622e-01   0.0000
  5.02801947e-02   0.0000
 -9.97120440e-02   0.0000
 -1.39193848e-01   0.0000
  9.14014801e-02   0.0000
 -8.99400637e-02   0.0000
  2.09194586e-01   0.0000
  1.32768661e-01   0.0000
 -3.00975777e-02   0.0000
 -1.17839746e-01   0.0000
 -5.60969487e-02   0.0000
 -3.75610329e-02   0.0000
 -2.41511807e-01   0.0000
  8.81983433e-04   0.0000
  5.54990545e-02   0.0000
 -1.68652367e-02   0.0000
 -3.59130800e-02   0.0000
  1.24751240e-01   0.0000
 -2.15838253e-02   0.0000
  5.53374784e-03   0.0000
 -9.10580575e-01   0.0000
 -9.87617392e-03   0.0000
  7.78294727e-03   0.0000
 -1.49061754e-02   0.0000
  6.95766741e-03   0.0000
  6.29744725e-03   0.0000
 -7.40704238e-02   0.0000
  5.22541674e-03   0.0000
  1.31286187e-02   0.0000
  2.52061218e-01   0.0000
  1.97904900e-01   0.0000
  2.01906023e-05   0.0000
 -4.15739208e-01   0.0000
 -1.78705975e-02   0.0000
  1.67492125e-02   0.0000
  5.24830958e-03   0.0000
  5.32131255e-01   0.0000
 -5.36656976e-01   0.0000
  1.05702803e-01   0.0000
  9.82454345e-02   0.0000
  2.34167632e-02   0.0000
 -1.28321782e-01   0.0000
 -8.59268904e-02   0.0000
 -9.47561637e-02   0.0000
  3.71721387e-02   0.0000
  2.80514173e-02   0.0000
 -2.35107392e-02   0.0000
  1.54265100e-02   0.0000
 -1.34510875e-01   0.0000
 -1.47134483e-01   0.0000
  1.22305773e-01   0.0000
  5.08929463e-03   0.0000
  3.06775153e-01   0.0000
  7.37363100e-02   0.0000
  3.61559971e-04   0.0000
 -1.54975401e-02   0.0000
  8.25889781e-03   0.0000
  5.60941698e-04   0.0000
 -1.86653305e-02   0.0000
 -9.43940282e-02   0.0000
 -4.15149294e-02   0.0000
 -4.34274673e-02   0.0000
 -7.55576417e-02   0.0000
 -3.33032891e-04   0.0000
  1.30220100e-01   0.0000
  5.46770841e-02   0.0000
 -9.16009303e-03   0.0000
 -1.66456867e-02   0.0000
 -1.20401651e-01   0.0000
  2.40290314e-01   0.0000
  1.71955545e-02   0.0000
  1.65299941e-02   0.0000
  4.69133072e-03   0.0000
  5.29066026e-02   0.0000
 -1.19238868e-01   0.0000
  3.15627903e-02   0.0000
  2.33948261e-01   0.0000
 -1.11546544e-02   0.0000
  8.64932835e-02   0.0000
 -1.91242881e-02   0.0000
  4.31193896e-02   0.0000
 -3.79171461e-01   0.0000
 -9.76891071e-03   0.0000
 -2.98772426e-03   0.0000
  3.49611878e-01   0.0000
  6.33359142e-03   0.0000
  2.87868246e-03   0.0000
  1.14815958e-01   0.0000
  6.66631609e-02   0.0000
 -2.17941287e-03   0.0000
 -6.10978855e-03   0.0000
 -2.60867178e-03   0.0000
 -3.32863559e-03   0.0000
 -1.96320444e-01   0.0000
 -3.50173384e-01   0.0000
  1.77550086e-04   0.0000
  3.55438352e-01   0.0000
 -4.69452068e-02   0.0000
  1.83855414e-01   0.0000
 -8.58875550e-03   0.0000
 -2.76509255e-01   0.0000
  4.02074039e-01   0.0000
 -1.23524077e-01   0.0000
 -1.19236127e-01   0.0000
  4.78832005e-03   0.0000
  2.55845368e-01   0.0000
  9.48433727e-02   0.0000
  1.56380441e-02   0.0000
  1.28113469e-02   0.0000
 -3.73444930e-02   0.0000
  7.85358846e-02   0.0000
 -8.04803297e-02   0.0000
  2.71173846e-02   0.0000
  3.53271561e-03   0.0000
 -6.47929357e-03   0.0000
 -1.10446813e-03   0.0000
 -9.31202024e-02   0.0000
 -1.79408714e-02   0.0000
 -1.83073282e-02   0.0000
  3.23355198e-02   0.0000
 -8.55981559e-02   0.0000
  3.05364002e-02   0.0000
  2.41549942e-03   0.0000
  3.15164924e-02   0.0000
  1.30359700e-03   0.0000
  2.67052907e-03   0.0000
  5.14529273e-03   0.0000
 -3.12260585e-03   0.0000
 -1.08746672e-02   0.0000
 -1.61123052e-02   0.0000
  2.12794803e-02   0.0000
  5.13573457e-03   0.0000
  7.94961490e-03   0.0000
 -8.26136395e-03   0.0000
 -4.45296019e-02   0.0000
 -5.03726937e-02   0.0000
  6.41191669e-04   0.0000
  1.31247984e-02   0.0000
  1.26704089e-02   0.0000
  3.89410593e-02   0.0000
  6.42528906e-02   0.0000
 -1.49982020e-01   0.0000
  1.25726283e-01   0.0000
 -8.21821466e-02   0.0000
  2.86490321e-02   0.0000
 -6.98736403e-03   0.0000
 -2.97165271e-02   0.0000
  9.51660157e-04   0.0000
 -7.52300322e-02   0.0000
 -2.53230445e-02   0.0000
  1.07823122e-04   0.0000
  8.89900103e-02   0.0000
 -7.67247528e-02   0.0000
  1.07995269e-03   0.0000
  2.08677035e-02   0.0000
  5.07174321e-02   0.0000
  2.27004960e-02   0.0000
 -2.81458646e-02   0.0000
 -4.89227809e-02   0.0000
 -1.38981868e-05   0.0000
  3.53157782e-04   0.0000
 -2.33670790e-02   0.0000
  5.03495783e-02   0.0000
  1.54502075e-02   0.0000
 -4.67286306e-03   0.0000
  1.52851595e-02   0.0000
 -7.99630135e-02   0.0000
 -8.61721039e-02   0.0000
  2.61055324e-02   0.0000
  4.50976603e-02   0.0000
  5.65672256e-02   0.0000
  2.66716853e-02   0.0000
  1.25442609e-01   0.0000
 -1.44513607e-01   0.0000
  1.72830850e-01   0.0000
 -1.97069570e-01   0.0000
  4.60003577e-02   0.0000
 -1.55612096e-01   0.0000
 -8.65540281e-02   0.0000
  3.80267687e-02   0.0000
  1.05709568e-01   0.0000
 -6.73835650e-02   0.0000
 -6.10644044e-03   0.0000
  1.64456338e-01   0.0000
 -1.99831903e-01   0.0000
  3.97681033e-05   0.0000
  5.69691509e-03   0.0000
  1.14721403e-01   0.0000
  2.05371436e-02   0.0000
 -8.95226598e-02   0.0000
 -7.37431422e-02   0.0000
 -7.54393886e-06   0.0000
  8.17102045e-02   0.0000
 -8.16051811e-02   0.0000
  7.28044510e-02   0.0000
  7.00944066e-02   0.0000
 -6.59664795e-02   0.0000
  1.24708563e-01   0.0000
 -1.19476311e-01   0.0000
 -1.49643168e-01   0.0000
  6.29395097e-02   0.0000
  1.06274620e-01   0.0000
  3.44703980e-02   0.0000
 -4.25250307e-02   0.0000
  3.11190486e-02   0.0000
 -4.38116528e-02   0.0000
  8.10326710e-02   0.0000
 -3.59286144e-02   0.0000
  2.41523087e-02   0.0000
  3.62134837e-02   0.0000
 -1.14141274e-02   0.0000
  1.18001243e-02   0.0000
 -1.44129723e-01   0.0000
 -3.79311144e-02   0.0000
 -1.40660658e-01   0.0000
  5.50108328e-02   0.0000
 -2.34441236e-02   0.0000
  3.20628732e-02   0.0000
  2.38738377e-02   0.0000
  2.14755181e-02   0.0000
  1.39729772e-02   0.0000
  3.55900601e-02   0.0000
  6.02576882e-02   0.0000
  1.13365888e-06   0.0000
 -2.27149632e-02   0.0000
 -2.06518406e-03   0.0000
  2.96499673e-02   0.0000
  3.34251001e-02   0.0000
  1.40627310e-01   0.0000
 -4.53823395e-02   0.0000
 -4.80256863e-02   0.0000
 -5.41454479e-02   0.0000
  6.85301283e-03   0.0000
  1.58069748e-02   0.0000
  1.47654135e-02   0.0000
  2.62873489e-02   0.0000
  3.94340828e-02   0.0000
 -4.37325798e-02   0.0000
  7.20700771e-02   0.0000
 -2.63242610e-02   0.0000
  2.84381825e-02   0.0000
 -5.47500933e-03   0.0000
 -2.23701391e-02   0.0000
  1.03858728e-02   0.0000
 -1.04655832e-01   0.0000
 -3.17187048e-02   0.0000
 -9.65521708e-02   0.0000
  5.11571430e-02   0.0000
 -1.06879184e-02   0.0000
  1.73565361e-03   0.0000
  3.79876612e-04   0.0000
  1.97336748e-02   0.0000
  1.01213139e-02   0.0000
  3.02384682e-02   0.0000
  5.29159717e-02   0.0000
  1.07099311e-02   0.0000
 -7.72638097e-02   0.0000
 -2.28776578e-02   0.0000
  3.01154684e-02   0.0000
  1.14191631e-02   0.0000
  8.77171978e-02   0.0000
 -2.47500408e-02   0.0000
 -4.02263850e-02   0.0000
 -3.22264321e-02   0.0000
  1.02717048e-02   0.0000
 -1.62157547e-02   0.0000
  1.76505018e-02   0.0000
  4.24889885e-02   0.0000
  1.23474799e-01   0.0000
 -1.96528062e-01   0.0000
  2.03746244e-01   0.0000
 -1.79614514e-01   0.0000
  6.64577037e-02   0.0000
 -1.50313258e-01   0.0000
 -5.00116497e-02   0.0000
  2.10759547e-02   0.0000
  8.10045451e-02   0.0000
 -7.14496225e-02   0.0000
 -5.71801811e-02   0.0000
  1.95599943e-01   0.0000
 -2.81175673e-01   0.0000
  2.43480341e-03   0.0000
  1.48057137e-02   0.0000
  5.02002090e-02   0.0000
  4.04172726e-02   0.0000
 -5.80286346e-02   0.0000
 -7.76879489e-02   0.0000
 -2.77039100e-04   0.0000
  8.63602981e-02   0.0000
 -2.19601188e-02   0.0000
  5.46221882e-02   0.0000
  1.20219462e-01   0.0000
 -2.16632430e-02   0.0000
  3.71965133e-02   0.0000
 -1.26996055e-01   0.0000
 -1.19914219e-01   0.0000
  3.26945782e-02   0.0000
  9.41218436e-02   0.0000
  5.96915968e-02   0.0000
 -4.24456112e-02   0.0000
 -2.04651192e-01   0.0000
  1.03261471e-01   0.0000
 -1.54294610e-01   0.0000
  1.46385267e-01   0.0000
 -6.80838153e-02   0.0000
  1.38506278e-01   0.0000
  5.25448509e-02   0.0000
  4.05862182e-03   0.0000
 -1.94266498e-01   0.0000
  1.00421861e-01   0.0000
 -1.97428069e-03   0.0000
 -1.54453382e-01   0.0000
  1.72695503e-01   0.0000
 -1.05600813e-02   0.0000
 -3.08401808e-02   0.0000
 -1.29395857e-01   0.0000
 -2.95692086e-02   0.0000
  1.54980779e-01   0.0000
  1.29679188e-01   0.0000
  3.53808973e-05   0.0000
 -5.90896718e-02   0.0000
  3.13466527e-02   0.0000
 -1.15996599e-01   0.0000
 -1.33934513e-01   0.0000
  7.00220093e-02   0.0000
 -7.80763999e-02   0.0000
  9.97845829e-02   0.0000
  1.22223608e-01   0.0000
 -1.33485496e-01   0.0000
 -8.32162276e-02   0.0000
 -7.94674680e-02   0.0000
 -1.61412865e-01   0.0000
 -1.92140892e-01   0.0000
  2.32020617e-01   0.0000
 -3.35434318e-01   0.0000
  2.94736087e-01   0.0000
 -2.00905159e-01   0.0000
  4.85861212e-01   0.0000
  7.29705468e-02   0.0000
  8.91965162e-03   0.0000
 -6.17264509e-01   0.0000
  1.24311678e-01   0.0000
 -4.46766987e-02   0.0000
 -4.57733609e-02   0.0000
  2.56694913e-01   0.0000
 -3.11717717e-03   0.0000
 -1.09685166e-02   0.0000
 -2.86698770e-02   0.0000
 -1.45607695e-01   0.0000
  2.74635345e-01   0.0000
  6.26843393e-01   0.0000
 -3.77169880e-03   0.0000
 -4.80033398e-01   0.0000
  1.87939629e-02   0.0000
 -1.73475429e-01   0.0000
 -8.66110157e-03   0.0000
  5.75870872e-01   0.0000
 -6.85739398e-01   0.0000
  1.57672778e-01   0.0000
  1.26642048e-01   0.0000
 -5.76497950e-02   0.0000
 -1.97428778e-01   0.0000
 -1.93247512e-01   0.0000
 -4.39541250e-01   0.0000
 -6.76957488e-01   0.0000
  7.20486715e-02   0.0000
 -2.19734892e-01   0.0000
  1.67078316e-01   0.0000
 -5.98243356e-01   0.0000
  1.06083477e+00   0.0000
  2.98969507e-01   0.0000
 -1.86675951e-01   0.0000
 -1.31524634e+00   0.0000
  2.91582465e-01   0.0000
 -2.79197305e-01   0.0000
 -4.39347535e-01   0.0000
 -6.05660975e-02   0.0000
 -4.66365833e-03   0.0000
 -2.82852620e-01   0.0000
 -3.66276354e-01   0.0000
 -2.75509387e-01   0.0000
  8.41578484e-01   0.0000
  1.23576689e+00   0.0000
  1.91300318e-01   0.0000
 -1.12170184e+00   0.0000
  3.50150913e-01   0.0000
 -6.28203154e-01   0.0000
  1.39249777e-02   0.0000
  1.37327623e+00   0.0000
 -1.45271611e+00   0.0000
  4.00431722e-01   0.0000
  3.55433732e-01   0.0000
 -2.99219310e-01   0.0000
 -9.09696460e-01   0.0000
 -4.02104288e-01   0.0000
  5.59466705e-03   0.0000
 -4.54007745e-01   0.0000
  3.23766991e-02   0.0000
 -2.85469830e-01   0.0000
  1.25411063e-01   0.0000
  5.46478014e-03   0.0000
  3.17301273e-01   0.0000
 -2.28138437e-04   0.0000
  7.89147709e-03   0.0000
  7.33206570e-02   0.0000
  4.53691781e-02   0.0000
  2.13437685e-04   0.0000
 -2.86439389e-01   0.0000
  1.24021530e-01   0.0000
  7.49751832e-03   0.0000
  1.22005269e-02   0.0000
 -7.18745142e-02   0.0000
  1.45411650e-02   0.0000
  1.75164536e-01   0.0000
  2.25954592e-01   0.0000
 -4.08571633e-03   0.0000
 -3.01452845e-01   0.0000
 -1.63027737e-02   0.0000
 -3.08854152e-02   0.0000
 -3.84152448e-03   0.0000
  3.30705285e-01   0.0000
 -4.57870334e-01   0.0000
  3.56426001e-01   0.0000
  1.79711103e-01   0.0000
  1.24868043e-02   0.0000
 -3.54628950e-01   0.0000
 -2.91746333e-02   0.0000
  4.65584546e-02   0.0000
  1.23130336e-01   0.0000
 -1.13629527e-01   0.0000
  2.18238845e-01   0.0000
 -1.65640175e-01   0.0000
  7.58242384e-02   0.0000
 -8.04174393e-02   0.0000
 -1.38902888e-01   0.0000
  2.81304005e-04   0.0000
  8.38555172e-02   0.0000
 -5.52221537e-02   0.0000
  1.71985939e-05   0.0000
  1.82739064e-01   0.0000
 -1.81732848e-01   0.0000
  4.48598266e-02   0.0000
  2.12756936e-02   0.0000
  2.78058928e-02   0.0000
  4.09072973e-02   0.0000
 -6.26592934e-02   0.0000
 -9.10952240e-02   0.0000
  7.29948151e-05   0.0000
  1.64067626e-01   0.0000
 -7.18192682e-02   0.0000
  8.45701620e-02   0.0000
  1.10768154e-01   0.0000
 -1.12296194e-01   0.0000
  1.71063855e-01   0.0000
 -1.60293937e-01   0.0000
 -2.04055801e-01   0.0000
  1.72623936e-02   0.0000
  1.48158997e-01   0.0000
  1.78512819e-02   0.0000
  3.30355354e-02   0.0000
  1.00661792e-01   0.0000
 -1.24011032e-01   0.0000
  2.08425462e-01   0.0000
 -2.04797462e-01   0.0000
  3.18957195e-02   0.0000
 -5.96989915e-02   0.0000
 -4.95691523e-02   0.0000
  1.62097532e-02   0.0000
  7.07027093e-02   0.0000
 -4.17353995e-02   0.0000
 -2.26595765e-03   0.0000
  1.34754702e-01   0.0000
 -1.37462914e-01   0.0000
  4.54550702e-03   0.0000
  2.80150324e-02   0.0000
  9.57297981e-02   0.0000
  1.03593525e-02   0.0000
 -6.42412454e-02   0.0000
 -5.10228649e-02   0.0000
 -1.75082430e-04   0.0000
  6.73052818e-02   0.0000
 -1.84128825e-02   0.0000
  7.28295892e-02   0.0000
  5.84838875e-02   0.0000
 -3.06738075e-02   0.0000
  6.91684484e-02   0.0000
 -1.61713332e-01   0.0000
 -1.05963647e-01   0.0000
  1.76076218e-02   0.0000
  6.70674890e-02   0.0000
  9.07925963e-02   0.0000
  4.28963453e-02   0.0000
  1.22298077e-01   0.0000
 -8.05745795e-02   0.0000
  1.53094679e-01   0.0000
 -1.44728765e-01   0.0000
  5.38829602e-02   0.0000
 -2.65581328e-02   0.0000
 -1.23931319e-02   0.0000
 -1.40979988e-04   0.0000
 -2.24256702e-02   0.0000
 -3.39353494e-02   0.0000
 -1.06553182e-01   0.0000
  6.57471865e-02   0.0000
 -8.83618519e-02   0.0000
 -6.38968020e-04   0.0000
  3.06377653e-02   0.0000
  1.20073020e-01   0.0000
  3.52646530e-05   0.0000
 -3.42371836e-02   0.0000
 -4.41485457e-02   0.0000
 -4.68515755e-05   0.0000
 -5.72819030e-03   0.0000
 -4.02259603e-02   0.0000
  5.23156300e-02   0.0000
  1.10958554e-01   0.0000
 -7.50361243e-03   0.0000
  1.28829377e-02   0.0000
 -1.43497571e-01   0.0000
 -9.20949429e-02   0.0000
  7.10186688e-03   0.0000
  4.98308502e-02   0.0000
  2.73971278e-02   0.0000
  1.87344894e-01   0.0000
  6.97070181e-01   0.0000
 -3.90205473e-01   0.0000
  6.09916627e-01   0.0000
 -5.50506711e-01   0.0000
  3.29628080e-01   0.0000
 -6.66700840e-01   0.0000
 -1.74081415e-01   0.0000
  9.93884206e-02   0.0000
  6.83680773e-01   0.0000
 -2.86629081e-01   0.0000
 -1.00633079e-04   0.0000
  5.71004093e-01   0.0000
 -4.48875785e-01   0.0000
  5.97552359e-02   0.0000
  1.40038282e-01   0.0000
  3.24669689e-01   0.0000
  1.54634863e-01   0.0000
 -4.77680355e-01   0.0000
 -6.74547672e-01   0.0000
 -3.33045813e-04   0.0000
  7.46953607e-01   0.0000
 -1.36229590e-01   0.0000
  3.88292670e-01   0.0000
  2.73753852e-01   0.0000
 -6.39113307e-01   0.0000
  7.54523039e-01   0.0000
 -5.75622380e-01   0.0000
 -5.26781738e-01   0.0000
  1.96187824e-01   0.0000
  4.90080357e-01   0.0000
  3.62361014e-01   0.0000
  4.13748890e-01   0.0000
  8.14555526e-01   0.0000
 -4.19984639e-01   0.0000
  3.94789815e-01   0.0000
 -2.90947676e-01   0.0000
  5.48857212e-01   0.0000
 -1.02069271e+00   0.0000
 -3.27741474e-01   0.0000
  1.54843956e-01   0.0000
  1.01822233e+00   0.0000
 -2.57352561e-01   0.0000
 -5.14843175e-03   0.0000
  6.23772562e-01   0.0000
 -1.70460716e-01   0.0000
  5.60410507e-02   0.0000
  2.06290677e-01   0.0000
  3.72117907e-01   0.0000
  2.13939860e-01   0.0000
 -9.30098891e-01   0.0000
 -1.09761763e+00   0.0000
 -2.79874279e-04   0.0000
  1.15065527e+00   0.0000
 -3.24618697e-01   0.0000
  5.45188665e-01   0.0000
  1.04622193e-01   0.0000
 -1.35022259e+00   0.0000
  1.30394018e+00   0.0000
 -6.48465812e-01   0.0000
 -4.94000793e-01   0.0000
  1.33820787e-01   0.0000
  9.68916476e-01   0.0000
  4.61769670e-01   0.0000
  3.57055888e-02   0.0000
  6.97727278e-02   0.0000
 -7.73102418e-02   0.0000
  1.22875631e-01   0.0000
 -1.09081075e-01   0.0000
  4.35448103e-02   0.0000
 -2.46457830e-02   0.0000
 -3.18639353e-02   0.0000
  1.63357742e-02   0.0000
 -4.04105820e-02   0.0000
 -8.81692916e-02   0.0000
 -5.50108925e-02   0.0000
  5.37258536e-02   0.0000
 -1.79182380e-01   0.0000
  1.98028836e-04   0.0000
  3.60614201e-03   0.0000
  3.63513976e-02   0.0000
 -1.10203540e-03   0.0000
 -1.59946010e-02   0.0000
 -2.29063034e-02   0.0000
  1.32867382e-04   0.0000
 -5.88538416e-04   0.0000
 -4.41720150e-03   0.0000
  2.74349712e-02   0.0000
  6.14813045e-02   0.0000
 -1.60266797e-03   0.0000
  5.92368376e-03   0.0000
 -6.02575243e-02   0.0000
 -6.06475994e-02   0.0000
  3.06564346e-02   0.0000
  8.83846916e-03   0.0000
  2.38502510e-02   0.0000
  1.71935871e-01   0.0000
  4.85938996e-01   0.0000
 -3.22601050e-01   0.0000
  4.29375261e-01   0.0000
 -4.00101364e-01   0.0000
  3.05422574e-01   0.0000
 -6.23929620e-01   0.0000
 -1.90122575e-01   0.0000
  1.74392372e-01   0.0000
  4.31290925e-01   0.0000
 -2.02750012e-01   0.0000
  2.18065400e-02   0.0000
  3.31995457e-01   0.0000
 -2.96035498e-01   0.0000
 -7.10572163e-03   0.0000
  1.23508833e-01   0.0000
  1.97182491e-01   0.0000
  1.08887963e-01   0.0000
 -3.66784811e-01   0.0000
 -4.64873135e-01   0.0000
 -6.67316541e-02   0.0000
  5.72191536e-01   0.0000
 -2.14343235e-01   0.0000
  3.19295615e-01   0.0000
  9.93028954e-02   0.0000
 -7.01067090e-01   0.0000
  7.48226285e-01   0.0000
 -3.90579075e-01   0.0000
 -4.11103666e-01   0.0000
  1.53607652e-01   0.0000
  5.40089071e-01   0.0000
  3.63059193e-01   0.0000
 -2.78188735e-01   0.0000
 -3.83402735e-01   0.0000
  4.48251367e-02   0.0000
  8.46979320e-02   0.0000
 -8.52615386e-02   0.0000
 -3.87829185e-01   0.0000
  1.04687035e+00   0.0000
  2.23747179e-01   0.0000
 -2.35328108e-01   0.0000
 -9.01070356e-01   0.0000
  1.28645599e-01   0.0000
 -5.05846217e-02   0.0000
 -2.37129018e-01   0.0000
 -1.84302762e-01   0.0000
  6.84048701e-03   0.0000
 -2.08801851e-01   0.0000
 -1.44081697e-01   0.0000
 -2.40100265e-01   0.0000
  5.30618191e-01   0.0000
  1.16030812e+00   0.0000
  1.35492878e-02   0.0000
 -8.91976476e-01   0.0000
  2.24220231e-01   0.0000
 -4.17883754e-01   0.0000
  1.32654607e-02   0.0000
  9.73135293e-01   0.0000
 -1.16030216e+00   0.0000
  3.07460189e-01   0.0000
  2.27270007e-01   0.0000
 -4.74855490e-02   0.0000
 -6.37379646e-01   0.0000
 -3.26111138e-01   0.0000
  1.43310711e-01   0.0000
  6.97717249e-01   0.0000
 -6.73386827e-02   0.0000
  2.82621145e-01   0.0000
 -1.27825454e-01   0.0000
  2.68884808e-01   0.0000
 -7.65488803e-01   0.0000
 -8.33883286e-02   0.0000
  8.16147849e-02   0.0000
  1.43638563e+00   0.0000
 -5.27955592e-02   0.0000
  1.15553156e-01   0.0000
  3.90260607e-01   0.0000
  2.02828553e-03   0.0000
  4.09496948e-03   0.0000
  1.19193373e-02   0.0000
  1.62358060e-01   0.0000
  2.60653514e-02   0.0000
 -3.44714135e-01   0.0000
 -5.62099040e-01   0.0000
  4.06007784e-05   0.0000
  8.71593356e-01   0.0000
 -7.99741000e-02   0.0000
  2.61261880e-01   0.0000
  1.35008590e-02   0.0000
 -5.38468957e-01   0.0000
  6.28519356e-01   0.0000
 -4.46808130e-01   0.0000
 -4.17605639e-01   0.0000
  1.37852794e-02   0.0000
  4.69031364e-01   0.0000
  3.16071630e-01   0.0000
 -6.91402674e-01   0.0000
 -1.27377594e+00   0.0000
  8.76852572e-01   0.0000
 -1.28952479e+00   0.0000
  9.95997906e-01   0.0000
 -9.41769779e-01   0.0000
  1.23305726e+00   0.0000
  6.55451119e-01   0.0000
 -2.76435882e-01   0.0000
 -1.48933303e+00   0.0000
  6.48165643e-01   0.0000
  1.48899071e-02   0.0000
 -1.26662397e+00   0.0000
  5.39407372e-01   0.0000
 -8.19146186e-02   0.0000
 -4.19088095e-01   0.0000
 -7.73574173e-01   0.0000
 -4.45079207e-01   0.0000
  9.79800344e-01   0.0000
  1.17516935e+00   0.0000
 -9.24224674e-04   0.0000
 -1.13627970e+00   0.0000
  6.33816302e-01   0.0000
 -9.73979056e-01   0.0000
 -3.00959706e-01   0.0000
  1.06707120e+00   0.0000
 -1.08693087e+00   0.0000
  1.08794880e+00   0.0000
  1.21758413e+00   0.0000
 -4.08487409e-01   0.0000
 -1.13479245e+00   0.0000
 -8.02540720e-01   0.0000
  9.89389606e-03   0.0000
  1.82283193e-01   0.0000
 -8.37366376e-03   0.0000
  9.30740610e-02   0.0000
 -2.85596922e-02   0.0000
  1.10538341e-02   0.0000
 -2.70152748e-01   0.0000
 -1.11298505e-02   0.0000
  7.11095752e-03   0.0000
  1.58460677e-01   0.0000
 -7.10203871e-03   0.0000
 -4.46970924e-04   0.0000
  1.07365079e-01   0.0000
 -4.52196598e-02   0.0000
 -8.13807244e-04   0.0000
  6.54507102e-03   0.0000
  1.72262061e-02   0.0000
  8.71148054e-03   0.0000
 -1.40957415e-01   0.0000
 -9.58988219e-02   0.0000
  3.43734369e-04   0.0000
  1.84309334e-01   0.0000
 -4.98084212e-03   0.0000
  5.66204973e-02   0.0000
  2.84039485e-03   0.0000
 -1.26838207e-01   0.0000
  1.78236499e-01   0.0000
 -1.70387462e-01   0.0000
 -5.78925908e-02   0.0000
 -1.51050847e-03   0.0000
  2.25555301e-01   0.0000
  5.83617054e-02   0.0000
 -2.78942753e-02   0.0000
 -6.28341436e-02   0.0000
  6.10003620e-02   0.0000
 -1.30202129e-01   0.0000
  7.15919808e-02   0.0000
 -5.47178388e-02   0.0000
  3.32739055e-02   0.0000
  1.94044802e-02   0.0000
  1.63920829e-03   0.0000
  6.99704215e-02   0.0000
  3.95413265e-02   0.0000
  5.71629778e-02   0.0000
 -7.76978657e-02   0.0000
  1.45062327e-01   0.0000
 -4.66507524e-02   0.0000
 -1.37833357e-02   0.0000
 -3.50143835e-02   0.0000
 -3.11239902e-02   0.0000
  1.91952568e-02   0.0000
  4.12197225e-02   0.0000
 -1.19347140e-04   0.0000
 -5.05297957e-03   0.0000
  1.77027602e-02   0.0000
 -5.73593117e-02   0.0000
 -4.96477373e-02   0.0000
 -5.98175591e-03   0.0000
 -3.13414820e-03   0.0000
  9.00815502e-02   0.0000
  7.97627717e-02   0.0000
 -9.10047721e-03   0.0000
 -5.16803972e-02   0.0000
 -4.69076708e-02   0.0000
  1.21547058e-01   0.0000
  2.18150258e-01   0.0000
 -5.58219738e-02   0.0000
  2.30680346e-01   0.0000
 -7.37848207e-02   0.0000
  6.98913708e-02   0.0000
 -2.64955848e-01   0.0000
 -3.74610610e-02   0.0000
 -4.31777211e-03   0.0000
  9.32570696e-01   0.0000
 -6.47750497e-02   0.0000
 -2.69515207e-04   0.0000
  1.43156230e-01   0.0000
 -2.14334447e-02   0.0000
  1.32149202e-03   0.0000
  5.67777790e-02   0.0000
  4.76980619e-02   0.0000
  4.81152572e-02   0.0000
 -2.67532349e-01   0.0000
 -2.78697819e-01   0.0000
 -5.40101951e-07   0.0000
  4.60609704e-01   0.0000
 -5.90731297e-03   0.0000
  1.13519877e-01   0.0000
  5.18184118e-02   0.0000
 -5.29065371e-01   0.0000
  5.71989357e-01   0.0000
 -1.19094759e-01   0.0000
 -9.90672484e-02   0.0000
  2.94345319e-02   0.0000
  1.64107323e-01   0.0000
  1.07334413e-01   0.0000
 -5.36721498e-02   0.0000
 -1.88452810e-01   0.0000
  1.31373212e-01   0.0000
 -2.35755414e-01   0.0000
  2.31196001e-01   0.0000
 -2.94952746e-02   0.0000
  1.29547596e-01   0.0000
  5.27662374e-02   0.0000
 -2.56388746e-02   0.0000
 -7.87435398e-02   0.0000
  8.29503164e-02   0.0000
  2.08524942e-01   0.0000
 -1.32883251e-01   0.0000
  5.05357742e-01   0.0000
 -2.86692344e-02   0.0000
 -4.91227359e-02   0.0000
 -6.76609129e-02   0.0000
 -5.59465699e-02   0.0000
  8.62390846e-02   0.0000
  1.17054038e-01   0.0000
 -6.17179908e-02   0.0000
 -1.37749746e-01   0.0000
  4.61877957e-02   0.0000
 -5.36988191e-02   0.0000
 -1.89640149e-01   0.0000
  1.44493043e-01   0.0000
 -2.64568776e-01   0.0000
  1.19095653e-01   0.0000
  1.28532514e-01   0.0000
 -7.71317780e-02   0.0000
 -1.27041012e-01   0.0000
 -3.05693876e-02   0.0000
 -9.48734164e-01   0.0000
 -2.44899893e+00   0.0000
  1.33153260e+00   0.0000
 -1.99912751e+00   0.0000
  1.67995787e+00   0.0000
 -1.39074612e+00   0.0000
  2.73047352e+00   0.0000
  9.02052641e-01   0.0000
 -4.25250024e-01   0.0000
 -3.49892855e+00   0.0000
  9.54192638e-01   0.0000
  8.92957747e-02   0.0000
 -1.99610341e+00   0.0000
  1.49608755e+00   0.0000
 -2.27753639e-01   0.0000
 -6.75092280e-01   0.0000
 -1.17783165e+00   0.0000
 -6.85203373e-01   0.0000
  2.10865188e+00   0.0000
  2.71286654e+00   0.0000
 -5.58317685e-03   0.0000
 -2.89067364e+00   0.0000
  8.09007227e-01   0.0000
 -1.57018030e+00   0.0000
 -7.57655621e-01   0.0000
  2.86497593e+00   0.0000
 -3.20030856e+00   0.0000
  1.90867150e+00   0.0000
  1.81930077e+00   0.0000
 -6.32177413e-01   0.0000
 -2.31117487e+00   0.0000
 -1.30557859e+00   0.0000
  0.00000000e+00   0.0000

