 5 0.000000 1
 1 
 Si 28.085500
 0 0.250001 4.500000 0.978124 1.000000 
 5 0 1 2 4 6
 7 1.50000 1.75000 2.00000 2.25000 2.50000 2.75000 3.00000
 1 12.169200 6.172630 3.114710 0.755675 0.404939 0.036124 0.650018 0.572890
 4 35 32 32 1
 -2.05446810e-01   0.0000
  3.89868975e-01   0.0000
 -8.51002929e-04   0.0000
  6.59848213e-01   0.0000
  2.40833998e+00   0.0000
 -4.83332463e-02   0.0000
 -1.02500036e-01   0.0000
  7.26258397e-01   0.0000
  1.68319494e-02   0.0000
 -9.45033412e-03   0.0000
 -1.81235895e-01   0.0000
 -5.02645889e-05   0.0000
 -8.00677687e-02   0.0000
  5.28352372e-02   0.0000
 -2.16753478e-03   0.0000
 -1.12704895e-01   0.0000
  1.56393036e-01   0.0000
  1.54879725e+00   0.0000
 -3.84626478e-01   0.0000
 -4.25176531e-01   0.0000
  4.84444126e-02   0.0000
 -1.68575603e-03   0.0000
  9.44596529e-02   0.0000
 -1.81210804e+00   0.0000
 -9.28570982e-03   0.0000
 -4.15390402e-01   0.0000
  2.40851212e+00   0.0000
  1.83082744e-01   0.0000
  8.23993862e-01   0.0000
  3.10068160e-01   0.0000
 -2.51650799e-05   0.0000
 -3.80858481e-01   0.0000
 -2.76069075e-01   0.0000
  6.21971905e-01   0.0000
  4.31059161e-03   0.0000
  3.12809169e-01   0.0000
  2.43891811e+00   0.0000
  6.16634525e-02   0.0000
 -1.06253721e-01   0.0000
  1.23516488e+00   0.0000
  4.26322706e-02   0.0000
  1.65524776e-03   0.0000
 -2.47903690e-01   0.0000
  3.04338057e-02   0.0000
 -1.53204784e-01   0.0000
 -4.36123796e-02   0.0000
 -3.47829744e-04   0.0000
 -1.11653224e-01   0.0000
 -1.10995746e+00   0.0000
 -5.19117594e-01   0.0000
 -8.58461201e-01   0.0000
 -4.28125709e-01   0.0000
  1.01667866e-02   0.0000
 -2.53569055e-02   0.0000
  7.05204755e-02   0.0000
 -6.40542030e-01   0.0000
 -9.51192603e-02   0.0000
 -6.89258218e-01   0.0000
 -4.15924907e-01   0.0000
  4.23811883e-01   0.0000
  2.64171392e-01   0.0000
  6.24692619e-01   0.0000
 -5.56633924e-04   0.0000
 -5.23223281e-01   0.0000
 -1.86925799e-01   0.0000
  8.18351507e-01   0.0000
 -7.60806426e-02   0.0000
 -2.04901904e-01   0.0000
  1.66242540e+00   0.0000
  3.76769714e-02   0.0000
  5.83427250e-01   0.0000
  1.28764701e+00   0.0000
  2.12466672e-01   0.0000
 -6.94635138e-02   0.0000
 -4.02996868e-01   0.0000
 -2.88587753e-02   0.0000
 -2.43146569e-01   0.0000
 -1.21862523e-01   0.0000
  8.35890044e-03   0.0000
 -4.13347520e-02   0.0000
  5.43106869e-02   0.0000
  1.31171197e-01   0.0000
 -7.62774348e-01   0.0000
 -5.83087683e-01   0.0000
  8.68175551e-03   0.0000
 -1.37984753e-01   0.0000
  3.76980156e-02   0.0000
 -6.66513741e-02   0.0000
 -2.18601763e-01   0.0000
 -5.80782235e-01   0.0000
 -3.17595035e-01   0.0000
  5.14087796e-01   0.0000
  3.52573603e-01   0.0000
  5.80485046e-01   0.0000
  4.76406515e-02   0.0000
 -3.48082244e-01   0.0000
 -3.38778436e-01   0.0000
  7.97310233e-01   0.0000
 -3.05743009e-01   0.0000
 -3.24795812e-01   0.0000
  6.40701652e-01   0.0000
  4.07700926e-01   0.0000
  6.75926864e-01   0.0000
  9.89563525e-01   0.0000
  2.08675846e-01   0.0000
 -3.75828147e-01   0.0000
 -4.70226854e-01   0.0000
 -2.87026912e-01   0.0000
 -2.90870667e-01   0.0000
 -3.50624502e-01   0.0000
 -2.45701104e-01   0.0000
  4.07790095e-02   0.0000
  5.40678322e-01   0.0000
 -6.02811016e-02   0.0000
 -5.48486352e-01   0.0000
 -7.09063232e-01   0.0000
 -2.17462555e-01   0.0000
 -3.47879976e-01   0.0000
 -6.72645792e-02   0.0000
  3.78317416e-01   0.0000
 -2.36415327e-01   0.0000
 -5.61493933e-01   0.0000
 -4.81379181e-01   0.0000
  1.14920199e+00   0.0000
  3.10316771e-01   0.0000
  7.22506106e-01   0.0000
  3.85196209e-01   0.0000
 -2.45160162e-01   0.0000
 -3.41088980e-01   0.0000
  1.09256935e+00   0.0000
 -5.26791751e-01   0.0000
 -3.57571125e-01   0.0000
 -2.65157908e-01   0.0000
  4.76429075e-01   0.0000
  3.15992892e-01   0.0000
  7.72362053e-01   0.0000
  3.24327111e-01   0.0000
 -3.80849689e-01   0.0000
 -4.20052528e-01   0.0000
 -3.14416230e-01   0.0000
 -4.92014229e-01   0.0000
 -5.71773231e-01   0.0000
 -5.07071733e-01   0.0000
  3.01311046e-01   0.0000
  3.94299440e-02   0.0000
 -5.26227772e-01   0.0000
 -3.09041828e-01   0.0000
 -6.99343979e-01   0.0000
 -3.98751140e-01   0.0000
 -6.26188338e-01   0.0000
 -4.79802519e-01   0.0000
  4.23314959e-01   0.0000
 -4.20310378e-01   0.0000
 -8.73729825e-01   0.0000
 -5.73319197e-01   0.0000
  1.37391019e+00   0.0000
 -1.41636014e-01   0.0000
  5.04168451e-01   0.0000
  5.15227377e-01   0.0000
 -2.04228252e-01   0.0000
 -3.26450735e-01   0.0000
  1.01114023e+00   0.0000
 -5.34087121e-01   0.0000
 -2.16498718e-01   0.0000
 -1.24886048e+00   0.0000
  5.45285642e-01   0.0000
  1.95541918e-01   0.0000
  7.73833096e-01   0.0000
  2.09869280e-01   0.0000
 -5.46621799e-01   0.0000
 -5.84025741e-01   0.0000
 -6.61565125e-01   0.0000
 -5.72444558e-01   0.0000
 -5.26184142e-01   0.0000
 -6.35585189e-01   0.0000
  6.27468824e-01   0.0000
 -8.47304538e-02   0.0000
 -2.02062234e-01   0.0000
 -2.83774793e-01   0.0000
 -6.32589340e-01   0.0000
 -6.35234952e-01   0.0000
 -5.10381103e-01   0.0000
 -9.06376421e-01   0.0000
  1.74066395e-01   0.0000
 -7.14690685e-01   0.0000
 -1.19052982e+00   0.0000
 -1.24505445e-01   0.0000
  1.21632993e+00   0.0000
  5.48819639e-02   0.0000
  5.93584955e-01   0.0000
  5.24042249e-01   0.0000
 -8.93598571e-02   0.0000
 -4.01784748e-01   0.0000
  1.02717555e+00   0.0000
 -7.83418298e-01   0.0000
 -3.89660060e-01   0.0000
 -2.39658380e+00   0.0000
  8.46418738e-01   0.0000
  1.39384493e-01   0.0000
  7.33117759e-01   0.0000
  4.27137047e-01   0.0000
 -6.62146509e-01   0.0000
 -6.54829860e-01   0.0000
 -7.37249136e-01   0.0000
 -7.78744578e-01   0.0000
 -8.90450418e-01   0.0000
 -8.06888640e-01   0.0000
  8.07877421e-01   0.0000
 -2.19638839e-01   0.0000
  3.66410375e-01   0.0000
 -3.99532825e-01   0.0000
 -7.68342316e-01   0.0000
 -7.17076778e-01   0.0000
 -8.09480309e-01   0.0000
 -9.92679715e-01   0.0000
  9.99747142e-02   0.0000
 -8.13016534e-01   0.0000
 -1.66614056e+00   0.0000
  4.13155347e-01   0.0000
  1.10271823e+00   0.0000
  5.13477981e-01   0.0000
  5.66301763e-01   0.0000
  6.26284480e-01   0.0000
 -1.97328359e-01   0.0000
  3.71654541e-03   0.0000
 -1.56063074e-03   0.0000
  6.63421452e-02   0.0000
  2.99674757e-02   0.0000
  1.17690377e-01   0.0000
  3.64724500e-03   0.0000
 -5.91109395e-02   0.0000
  2.56708059e-02   0.0000
  5.33787571e-02   0.0000
  1.38730779e-02   0.0000
 -3.77623917e-04   0.0000
 -1.46576820e-03   0.0000
 -7.11443974e-03   0.0000
  1.97945585e-04   0.0000
 -1.43892854e-03   0.0000
 -5.56429327e-02   0.0000
  4.64439318e-02   0.0000
 -4.89569381e-02   0.0000
  1.50481025e-02   0.0000
  4.62391227e-03   0.0000
  6.76640719e-02   0.0000
 -3.23906131e-02   0.0000
 -1.09986067e-02   0.0000
  2.11057607e-02   0.0000
 -3.27426158e-02   0.0000
 -1.52248380e-04   0.0000
  4.88134362e-02   0.0000
 -2.45342385e-02   0.0000
  1.22483738e-01   0.0000
  6.90936402e-04   0.0000
 -2.92059965e-04   0.0000
 -4.40015905e-02   0.0000
  8.92876473e-04   0.0000
  5.97217772e-03   0.0000
  1.00177610e-02   0.0000
  1.24086499e-01   0.0000
  1.18101493e-01   0.0000
 -8.42259638e-03   0.0000
 -1.69667065e-01   0.0000
 -1.13951322e-03   0.0000
 -3.38289747e-03   0.0000
 -3.34577151e-02   0.0000
  7.11289467e-03   0.0000
  5.53272776e-02   0.0000
  3.13585624e-03   0.0000
  1.40252085e-02   0.0000
  7.35209361e-02   0.0000
 -2.34356592e-03   0.0000
  3.74608263e-02   0.0000
 -7.13299066e-02   0.0000
  1.74964443e-01   0.0000
  2.19897255e-02   0.0000
  8.40141252e-03   0.0000
 -2.31112055e-02   0.0000
  4.45704721e-03   0.0000
  1.39081717e-01   0.0000
 -1.79159193e-04   0.0000
  9.44417343e-02   0.0000
  2.38695696e-01   0.0000
 -2.87844896e-01   0.0000
  3.83369565e-01   0.0000
 -6.97119348e-03   0.0000
 -2.81767417e-02   0.0000
  1.12804383e-01   0.0000
  1.65959105e-01   0.0000
  1.04382895e-02   0.0000
  2.36444119e-02   0.0000
  3.19182426e-01   0.0000
  4.43211803e-03   0.0000
 -4.05218862e-02   0.0000
 -2.78017700e-01   0.0000
 -3.48019321e-03   0.0000
  1.30799203e-03   0.0000
  6.38855621e-02   0.0000
  2.70369519e-02   0.0000
  2.56111976e-02   0.0000
  1.44959276e-03   0.0000
 -4.26060753e-03   0.0000
  1.15113989e-01   0.0000
 -1.83531847e-02   0.0000
  3.46814424e-01   0.0000
 -9.10392106e-02   0.0000
  1.74348310e-01   0.0000
  9.72358733e-02   0.0000
  1.79286525e-02   0.0000
  7.64398947e-02   0.0000
  2.57314257e-02   0.0000
 -4.18541282e-02   0.0000
 -3.38692404e-02   0.0000
  2.64590293e-01   0.0000
  3.11974704e-01   0.0000
 -6.89348161e-01   0.0000
  6.67313278e-01   0.0000
 -1.28041273e-02   0.0000
  2.63178684e-02   0.0000
  2.63874352e-01   0.0000
  1.55034512e-01   0.0000
  4.74263728e-02   0.0000
  6.32150695e-02   0.0000
  4.03057128e-01   0.0000
 -1.08990096e-01   0.0000
 -8.30684304e-02   0.0000
 -2.98043996e-01   0.0000
  5.09857908e-02   0.0000
 -1.29802570e-01   0.0000
 -1.65740922e-02   0.0000
  2.74232328e-02   0.0000
  6.02461174e-02   0.0000
  2.81827617e-02   0.0000
  1.47362463e-02   0.0000
  8.71341452e-02   0.0000
 -9.65469480e-02   0.0000
  3.70394468e-01   0.0000
 -2.38253012e-01   0.0000
  2.38601789e-01   0.0000
  1.53878853e-01   0.0000
  4.32865508e-02   0.0000
  1.53927188e-02   0.0000
  1.37939960e-01   0.0000
 -2.76932418e-01   0.0000
  1.01366937e-01   0.0000
  3.26386303e-01   0.0000
 -4.06415062e-03   0.0000
 -1.03304052e+00   0.0000
  9.57831621e-01   0.0000
 -2.42915563e-02   0.0000
  5.83537556e-02   0.0000
  2.06742674e-01   0.0000
  8.80588815e-02   0.0000
  9.53913480e-02   0.0000
  1.06064565e-01   0.0000
  6.28991365e-01   0.0000
 -3.02536935e-01   0.0000
 -1.90855041e-01   0.0000
 -3.62567186e-01   0.0000
 -8.25706124e-03   0.0000
 -1.37400972e-02   0.0000
  6.23731362e-03   0.0000
  3.96036953e-02   0.0000
  1.56534001e-01   0.0000
 -8.27571079e-02   0.0000
 -1.30354717e-01   0.0000
  7.45502859e-02   0.0000
 -1.06215291e-01   0.0000
  2.53954623e-02   0.0000
 -5.05085230e-01   0.0000
  2.13904619e-01   0.0000
  2.07286328e-01   0.0000
  1.05313927e-01   0.0000
  2.68413685e-02   0.0000
  2.80590683e-01   0.0000
 -4.41208214e-01   0.0000
 -6.42273016e-03   0.0000
  4.16117311e-01   0.0000
 -6.66368961e-01   0.0000
 -1.09927452e+00   0.0000
  8.26107621e-01   0.0000
 -1.31045759e-01   0.0000
  4.50886860e-02   0.0000
  2.27142990e-01   0.0000
  1.14521720e-01   0.0000
  1.33886486e-01   0.0000
  1.22654527e-01   0.0000
  9.51890349e-01   0.0000
 -3.52892816e-01   0.0000
 -1.08606324e-01   0.0000
 -2.66908348e-01   0.0000
  3.50761116e-02   0.0000
 -9.30296555e-02   0.0000
 -5.87268407e-03   0.0000
  5.48733287e-02   0.0000
  2.10106865e-01   0.0000
 -9.36969146e-02   0.0000
 -1.76311255e-01   0.0000
  1.84736788e-01   0.0000
 -1.63923830e-01   0.0000
 -2.91077435e-01   0.0000
 -6.91386700e-01   0.0000
  1.29696533e-01   0.0000
  2.84442693e-01   0.0000
  8.77825022e-02   0.0000
  1.04350515e-01   0.0000
  3.04492146e-01   0.0000
 -5.92836320e-01   0.0000
  1.05348110e-01   0.0000
  5.89071095e-01   0.0000
 -1.38155782e+00   0.0000
 -6.94643259e-01   0.0000
  6.18069410e-01   0.0000
 -4.04847451e-02   0.0000
  1.33742497e-03   0.0000
  6.18418902e-02   0.0000
  5.73184043e-02   0.0000
  2.61613548e-01   0.0000
  2.71107018e-01   0.0000
  1.35460639e+00   0.0000
 -3.78596574e-01   0.0000
 -2.02174842e-01   0.0000
  2.03922614e-02   0.0000
 -2.53761429e-02   0.0000
 -2.29098443e-02   0.0000
  3.25777358e-03   0.0000
  4.20230329e-02   0.0000
  1.83310822e-01   0.0000
 -1.64005086e-01   0.0000
 -1.97909549e-01   0.0000
  2.34795865e-02   0.0000
 -2.37114623e-01   0.0000
 -7.54194617e-01   0.0000
 -3.32848787e-01   0.0000
  2.17877999e-01   0.0000
  4.19523805e-01   0.0000
  1.20171078e-01   0.0000
  2.44591534e-02   0.0000
  4.82459843e-01   0.0000
 -6.66493714e-01   0.0000
  7.07326038e-03   0.0000
  8.17022026e-01   0.0000
 -2.06262445e+00   0.0000
 -4.36198890e-01   0.0000
  7.22046375e-01   0.0000
 -1.27168931e-02   0.0000
  9.76072028e-02   0.0000
 -5.12845963e-02   0.0000
  3.13376933e-02   0.0000
 -2.11684173e-03   0.0000
  1.41253332e-02   0.0000
  4.37248237e-02   0.0000
  5.19635260e-01   0.0000
  4.98374365e-02   0.0000
  6.71502352e-02   0.0000
  1.69351548e-02   0.0000
  6.26410469e-02   0.0000
  2.91172578e-03   0.0000
 -4.89504077e-04   0.0000
 -5.78254424e-02   0.0000
  2.60833860e-03   0.0000
  4.98108156e-02   0.0000
 -2.65779509e-03   0.0000
 -3.75251696e-02   0.0000
  7.70176575e-02   0.0000
  4.51283365e-01   0.0000
  9.58257541e-03   0.0000
 -3.76167782e-02   0.0000
 -2.80404184e-03   0.0000
  6.11207797e-05   0.0000
 -1.98987629e-02   0.0000
 -3.39933485e-01   0.0000
  2.72675101e-02   0.0000
  6.27000555e-02   0.0000
  3.70268464e-01   0.0000
 -2.77606305e-02   0.0000
  5.91067635e-02   0.0000
 -1.97577712e-04   0.0000
 -2.57420959e-03   0.0000
 -5.46741625e-03   0.0000
  3.19221918e-03   0.0000
  2.02064263e-03   0.0000
  2.68483581e-03   0.0000
  8.04359764e-02   0.0000
  5.41942298e-01   0.0000
 -6.83469847e-02   0.0000
  9.56914574e-02   0.0000
  2.92702168e-02   0.0000
 -2.10178434e-03   0.0000
  7.34447327e-04   0.0000
 -1.12150109e-03   0.0000
  7.42144417e-03   0.0000
  1.07716187e-03   0.0000
  1.35555142e-03   0.0000
  6.96764365e-02   0.0000
 -5.41805327e-02   0.0000
  5.60366884e-02   0.0000
  1.78522751e-01   0.0000
 -6.41163662e-02   0.0000
  6.37467504e-02   0.0000
 -1.59281516e-03   0.0000
 -2.17579082e-02   0.0000
  8.70888755e-02   0.0000
 -1.58962965e-01   0.0000
  1.00603320e-04   0.0000
  1.19427353e-01   0.0000
  7.07559288e-01   0.0000
  3.49039212e-02   0.0000
  1.15731247e-02   0.0000
 -5.02079399e-03   0.0000
 -9.65294137e-04   0.0000
 -2.99630277e-02   0.0000
 -6.22248501e-02   0.0000
  1.57760587e-02   0.0000
  2.70999242e-02   0.0000
  1.77809805e-01   0.0000
  3.90658230e-01   0.0000
 -2.88301203e-02   0.0000
  1.23831689e-01   0.0000
 -2.86126113e-03   0.0000
  4.03401814e-02   0.0000
 -3.74196679e-04   0.0000
  7.85879046e-03   0.0000
  6.09397590e-02   0.0000
 -8.81722476e-03   0.0000
 -6.90524578e-02   0.0000
 -8.82149674e-03   0.0000
 -6.94378987e-02   0.0000
 -2.34745890e-02   0.0000
 -3.47259611e-01   0.0000
 -9.68732834e-02   0.0000
  6.09129593e-02   0.0000
  4.78566214e-02   0.0000
  6.86368626e-03   0.0000
  2.06650004e-01   0.0000
  8.13047439e-02   0.0000
  3.93020367e-04   0.0000
  3.46364260e-01   0.0000
  1.07650030e+00   0.0000
  8.79746974e-02   0.0000
  1.29025325e-01   0.0000
 -3.16597149e-02   0.0000
  6.48829713e-02   0.0000
  2.95218490e-02   0.0000
 -9.13899764e-03   0.0000
  3.42785977e-02   0.0000
  1.31412387e-01   0.0000
  2.37171724e-01   0.0000
  3.69350046e-01   0.0000
 -8.68284479e-02   0.0000
  2.17602894e-01   0.0000
  9.30756778e-02   0.0000
  4.47035320e-02   0.0000
  2.66312598e-03   0.0000
  8.78701045e-04   0.0000
  1.71342134e-01   0.0000
 -2.50798743e-02   0.0000
 -5.56476079e-02   0.0000
  4.76118512e-02   0.0000
 -1.07477725e-01   0.0000
 -3.74669917e-02   0.0000
 -6.06467903e-01   0.0000
 -2.75771588e-01   0.0000
  1.25605896e-01   0.0000
  1.26006693e-01   0.0000
 -4.48135193e-03   0.0000
  5.40825486e-01   0.0000
  3.47839773e-01   0.0000
  9.32545308e-03   0.0000
  6.70351148e-01   0.0000
  1.38550210e+00   0.0000
  1.05883785e-01   0.0000
 -1.19742528e-02   0.0000
 -2.91259997e-02   0.0000
  1.77237447e-02   0.0000
 -1.28272578e-01   0.0000
  2.88392114e-03   0.0000
  6.25322163e-02   0.0000
  1.59124762e-01   0.0000
  4.10026193e-01   0.0000
  3.04518074e-01   0.0000
 -2.19056591e-01   0.0000
  4.30398166e-01   0.0000
 -3.73725174e-03   0.0000
  2.75407732e-02   0.0000
  2.29275096e-02   0.0000
  3.45063023e-02   0.0000
  1.32224992e-01   0.0000
 -1.09065190e-01   0.0000
 -2.64959037e-02   0.0000
  5.77282235e-02   0.0000
 -1.31569818e-01   0.0000
  1.03267282e-02   0.0000
 -3.88997883e-01   0.0000
 -1.85161710e-01   0.0000
  1.99337974e-01   0.0000
  1.58197209e-01   0.0000
  2.22224686e-02   0.0000
  7.02802300e-01   0.0000
  4.23411012e-01   0.0000
  1.52853383e-02   0.0000
  8.86632621e-01   0.0000
  1.43799102e+00   0.0000
 -6.23951033e-02   0.0000
 -4.35984433e-01   0.0000
 -3.41164060e-02   0.0000
  3.26269493e-02   0.0000
 -4.68071401e-02   0.0000
 -2.02078130e-02   0.0000
  8.18798020e-02   0.0000
  1.26641303e-01   0.0000
  5.91701150e-01   0.0000
  6.37598634e-01   0.0000
 -1.75487652e-01   0.0000
  8.45116615e-01   0.0000
 -1.06785248e-03   0.0000
  4.50395979e-02   0.0000
 -1.73252262e-02   0.0000
  3.31787094e-02   0.0000
  1.51176885e-01   0.0000
 -2.04531431e-01   0.0000
 -9.65981185e-02   0.0000
  9.94768143e-02   0.0000
 -1.79673150e-01   0.0000
  8.69262069e-02   0.0000
  1.15382038e-01   0.0000
 -8.39228705e-02   0.0000
  3.01972657e-01   0.0000
  1.04735531e-01   0.0000
  1.38563186e-01   0.0000
  8.83250833e-01   0.0000
  2.64767379e-01   0.0000
  1.80669304e-03   0.0000
  1.13180590e+00   0.0000
  1.56067204e+00   0.0000
 -3.56995881e-01   0.0000
 -9.59854662e-01   0.0000
 -3.58733647e-02   0.0000
  5.36711998e-02   0.0000
 -6.53207973e-02   0.0000
  9.35659409e-02   0.0000
  2.42595524e-01   0.0000
  2.60498941e-01   0.0000
  7.06614792e-01   0.0000
  9.66968358e-01   0.0000
 -1.52840838e-01   0.0000
  1.17129338e+00   0.0000
  2.64996812e-02   0.0000
 -4.95982682e-03   0.0000
 -4.93489839e-02   0.0000
  7.40138143e-02   0.0000
  1.34100214e-01   0.0000
 -2.10111976e-01   0.0000
 -6.50714189e-02   0.0000
  1.41221732e-01   0.0000
 -2.19367027e-01   0.0000
  1.94964632e-01   0.0000
  1.04726112e+00   0.0000
  7.04416186e-02   0.0000
  2.13886872e-01   0.0000
  9.12790969e-02   0.0000
  6.30526915e-02   0.0000
  9.09925401e-01   0.0000
 -7.37404898e-02   0.0000
  1.62316430e-02   0.0000
  1.26604760e+00   0.0000
  1.43474865e+00   0.0000
 -5.31467736e-01   0.0000
 -1.79396546e+00   0.0000
  4.25168808e-04   0.0000
  4.24876921e-02   0.0000
 -1.53327972e-01   0.0000
  1.82688993e-03   0.0000
 -8.42691690e-04   0.0000
  5.75944185e-02   0.0000
  8.90879482e-02   0.0000
 -1.20917261e+00   0.0000
 -3.41648422e-02   0.0000
  2.01996505e-01   0.0000
  3.82664502e-02   0.0000
 -6.56655878e-02   0.0000
  1.95588358e-03   0.0000
 -9.09257233e-02   0.0000
 -3.75184952e-03   0.0000
  1.46587240e-03   0.0000
  8.92149925e-04   0.0000
 -1.77962112e-03   0.0000
  2.98248907e-03   0.0000
  1.99915823e-02   0.0000
  6.12715960e-01   0.0000
  8.61116499e-02   0.0000
 -3.51881795e-02   0.0000
 -9.67873551e-04   0.0000
 -1.89343817e-04   0.0000
 -2.39669122e-02   0.0000
 -6.02342784e-01   0.0000
  9.98173957e-04   0.0000
 -1.06827334e-01   0.0000
  1.36389658e-01   0.0000
  2.98982998e-03   0.0000
 -5.96201837e-01   0.0000
 -1.01586164e-03   0.0000
  1.14722259e-03   0.0000
 -7.54576102e-02   0.0000
 -2.26205233e-02   0.0000
  4.40506972e-02   0.0000
 -8.61295848e-04   0.0000
 -1.02867872e-01   0.0000
 -1.51163208e+00   0.0000
  6.77612945e-02   0.0000
  4.09325212e-02   0.0000
  8.86162072e-02   0.0000
  3.72990291e-03   0.0000
  4.10224457e-04   0.0000
 -8.15682635e-02   0.0000
 -3.78409028e-03   0.0000
  1.18833012e-03   0.0000
  3.92440110e-02   0.0000
 -2.41046213e-03   0.0000
  3.28935706e-03   0.0000
 -1.57251313e-01   0.0000
  4.86317992e-01   0.0000
  2.38244846e-01   0.0000
 -2.01975461e-03   0.0000
  1.33729132e-03   0.0000
 -3.48828733e-02   0.0000
 -8.16460047e-03   0.0000
 -3.95090073e-01   0.0000
 -9.98024712e-04   0.0000
  1.26130292e-02   0.0000
  9.11975056e-02   0.0000
  1.05005309e-01   0.0000
 -1.29180467e+00   0.0000
  1.01196446e-01   0.0000
  2.96999679e-05   0.0000
 -5.26323169e-02   0.0000
 -1.00368597e-01   0.0000
  3.57915163e-02   0.0000
 -1.35623268e-03   0.0000
 -1.63429528e-01   0.0000
 -8.85266602e-01   0.0000
  5.55056520e-02   0.0000
 -2.26966292e-02   0.0000
  7.51208365e-02   0.0000
  9.99706909e-02   0.0000
 -6.36311471e-02   0.0000
 -9.64089558e-02   0.0000
  1.51079334e-03   0.0000
  2.32419372e-03   0.0000
 -2.00761873e-02   0.0000
 -1.30066335e-01   0.0000
 -1.56096334e-03   0.0000
 -3.78323615e-01   0.0000
  5.60867190e-01   0.0000
  4.09541458e-01   0.0000
 -5.77838102e-04   0.0000
  2.78617302e-03   0.0000
 -1.09649142e-02   0.0000
  2.97454651e-02   0.0000
 -4.65244353e-01   0.0000
 -8.83003250e-02   0.0000
  5.85760996e-02   0.0000
  1.84395745e-01   0.0000
  2.95673043e-01   0.0000
 -1.49133205e+00   0.0000
  6.83068261e-02   0.0000
  3.90154384e-02   0.0000
 -7.39466101e-02   0.0000
  2.37831008e-02   0.0000
  8.07489455e-02   0.0000
 -9.00160596e-02   0.0000
 -1.15919605e-01   0.0000
  3.05039641e-02   0.0000
  9.30163369e-04   0.0000
  5.54713346e-02   0.0000
  1.64286837e-01   0.0000
  4.24573489e-04   0.0000
 -1.68325424e-01   0.0000
 -7.19735920e-02   0.0000
 -2.62306370e-02   0.0000
 -1.21691644e-01   0.0000
  3.50634218e-04   0.0000
 -1.72185507e-02   0.0000
  4.08761613e-02   0.0000
 -7.70380795e-01   0.0000
  6.40832603e-01   0.0000
  5.58957458e-01   0.0000
 -5.42249344e-03   0.0000
 -1.27663672e-01   0.0000
 -7.86557198e-02   0.0000
  7.26650283e-02   0.0000
 -4.37199444e-01   0.0000
  2.53304210e-03   0.0000
  1.51780844e-01   0.0000
  3.72511506e-01   0.0000
  5.02141893e-01   0.0000
 -1.21176779e+00   0.0000
  4.07224819e-02   0.0000
  2.38217711e-02   0.0000
 -1.24032661e-01   0.0000
 -3.28116538e-03   0.0000
  4.84089553e-02   0.0000
 -9.65047628e-02   0.0000
 -1.94373265e-01   0.0000
  5.96015632e-01   0.0000
  6.18201308e-02   0.0000
  2.24687785e-01   0.0000
  5.99786593e-03   0.0000
  1.02379568e-01   0.0000
 -2.15556249e-01   0.0000
 -1.03752390e-01   0.0000
 -1.15524523e-01   0.0000
 -1.39350414e-01   0.0000
 -1.99247763e-01   0.0000
 -1.44502416e-01   0.0000
  1.49312541e-01   0.0000
 -9.38360989e-01   0.0000
  6.18849158e-01   0.0000
  5.86163759e-01   0.0000
 -2.14770269e-02   0.0000
 -2.74343845e-02   0.0000
 -1.21906236e-01   0.0000
 -1.27415851e-01   0.0000
 -2.26565510e-01   0.0000
 -1.04064241e-01   0.0000
  2.10616544e-01   0.0000
  3.18531543e-01   0.0000
  6.41905725e-01   0.0000
 -1.02742803e+00   0.0000
 -4.56409231e-02   0.0000
  8.38053524e-02   0.0000
 -7.37689734e-02   0.0000
 -2.07562605e-03   0.0000
  7.20960200e-02   0.0000
 -1.28429100e-01   0.0000
 -4.30300504e-01   0.0000
  9.20407116e-01   0.0000
  2.01759040e-01   0.0000
  2.52584994e-01   0.0000
 -1.35982912e-02   0.0000
  3.12807746e-02   0.0000
 -8.65618289e-02   0.0000
 -5.46689983e-03   0.0000
 -2.90829420e-01   0.0000
 -1.23674303e-01   0.0000
 -1.70648023e-01   0.0000
 -1.78532720e-01   0.0000
  2.90058494e-01   0.0000
 -1.12680769e+00   0.0000
  2.72600472e-01   0.0000
  5.03435969e-01   0.0000
 -8.33561569e-02   0.0000
 -2.67023474e-01   0.0000
 -1.16214976e-01   0.0000
 -1.70462936e-01   0.0000
  8.04971308e-02   0.0000
 -1.97306857e-01   0.0000
  1.78522512e-01   0.0000
  4.07749653e-01   0.0000
  6.29643083e-01   0.0000
 -4.55359787e-01   0.0000
 -1.58039480e-01   0.0000
  9.95971709e-02   0.0000
 -1.55125782e-01   0.0000
 -4.58195694e-02   0.0000
  3.21004093e-02   0.0000
 -2.48461649e-01   0.0000
 -4.94791120e-01   0.0000
  1.02860534e+00   0.0000
  2.50609577e-01   0.0000
  2.86032826e-01   0.0000
 -2.52482132e-03   0.0000
  1.80356026e-01   0.0000
 -2.95272738e-01   0.0000
 -9.49872062e-02   0.0000
 -2.92662382e-01   0.0000
 -1.69316337e-01   0.0000
 -2.23995849e-01   0.0000
 -2.73394883e-01   0.0000
  4.26681578e-01   0.0000
 -1.03381574e+00   0.0000
  1.16397835e-01   0.0000
  1.52400970e-01   0.0000
 -1.00875154e-01   0.0000
 -2.45149791e-01   0.0000
 -2.05328986e-01   0.0000
 -4.83551323e-01   0.0000
  3.58738631e-01   0.0000
 -1.68021917e-01   0.0000
  1.20165646e-01   0.0000
  8.41434121e-01   0.0000
  6.09336197e-01   0.0000
  4.93220031e-01   0.0000
 -2.84590185e-01   0.0000
  2.31297538e-01   0.0000
 -3.11747223e-01   0.0000
  7.22753932e-04   0.0000
  9.54000875e-02   0.0000
 -2.37396709e-03   0.0000
  5.92377961e-01   0.0000
  5.83437681e-02   0.0000
 -7.48281507e-03   0.0000
  1.60805628e-01   0.0000
  1.41687453e-01   0.0000
  1.42187506e-04   0.0000
  5.72935620e-04   0.0000
 -2.13865889e-03   0.0000
 -2.93957093e-03   0.0000
  3.96485627e-02   0.0000
 -1.87318623e-02   0.0000
 -3.86140719e-02   0.0000
  1.09174158e-02   0.0000
  3.22515458e-01   0.0000
  2.58863062e-01   0.0000
 -1.18804865e-01   0.0000
 -5.29416231e-03   0.0000
  8.62309430e-03   0.0000
 -5.43202448e-04   0.0000
  5.60979061e-02   0.0000
 -1.97880179e-01   0.0000
 -8.92732758e-04   0.0000
 -9.03219655e-02   0.0000
  1.28821599e+00   0.0000
  1.14309797e-02   0.0000
  1.40486217e+00   0.0000
 -8.78860650e-04   0.0000
 -4.94417325e-02   0.0000
 -8.83069541e-03   0.0000
 -3.49990949e-02   0.0000
  1.59754351e-01   0.0000
 -1.41275721e-03   0.0000
  6.56422734e-01   0.0000
 -9.77343544e-02   0.0000
  4.97176424e-02   0.0000
 -9.10122171e-02   0.0000
  2.65396625e-01   0.0000
 -8.46776238e-04   0.0000
  5.16193279e-04   0.0000
 -7.63401464e-02   0.0000
  1.08515387e-02   0.0000
 -4.41911370e-02   0.0000
  1.45575136e-03   0.0000
  4.88071964e-04   0.0000
 -9.35518910e-05   0.0000
 -3.24939102e-01   0.0000
 -8.88743997e-02   0.0000
 -2.51568794e-01   0.0000
 -8.75230134e-02   0.0000
  1.78435899e-03   0.0000
 -4.02333739e-04   0.0000
  1.20578192e-01   0.0000
 -2.05395162e-01   0.0000
  1.88884477e-03   0.0000
 -1.25999942e-01   0.0000
  2.94607818e-01   0.0000
  2.15068199e-02   0.0000
  9.77389991e-01   0.0000
  2.63930470e-01   0.0000
 -1.52813294e-03   0.0000
 -2.65853759e-02   0.0000
  2.59860251e-02   0.0000
  2.98537642e-01   0.0000
  1.06483866e-02   0.0000
  6.14110112e-01   0.0000
 -3.63942678e-03   0.0000
  6.16431050e-03   0.0000
 -4.18571115e-01   0.0000
  2.75149018e-01   0.0000
  4.91961325e-03   0.0000
  8.58974381e-05   0.0000
 -7.02254623e-02   0.0000
  1.35885458e-02   0.0000
 -8.66507217e-02   0.0000
 -1.11301998e-02   0.0000
  3.73349898e-03   0.0000
 -5.53799495e-02   0.0000
 -7.38783330e-02   0.0000
 -2.71404684e-01   0.0000
 -3.86176318e-01   0.0000
 -1.47008553e-01   0.0000
  1.45634485e-03   0.0000
  2.24324130e-03   0.0000
  6.57672212e-02   0.0000
 -1.63805455e-01   0.0000
  1.19313027e-03   0.0000
  8.72834101e-02   0.0000
 -5.56818724e-01   0.0000
 -1.23875931e-01   0.0000
 -2.49282867e-02   0.0000
  1.73877940e-01   0.0000
  4.11947668e-02   0.0000
  1.99872956e-01   0.0000
  2.17472203e-02   0.0000
  2.01411113e-01   0.0000
 -1.03272974e-01   0.0000
  5.41614950e-01   0.0000
 -5.65509126e-02   0.0000
  1.02565801e-02   0.0000
 -2.48573199e-01   0.0000
  2.24746376e-01   0.0000
  8.04824680e-02   0.0000
  3.93702555e-03   0.0000
 -1.02621086e-01   0.0000
 -7.21323565e-02   0.0000
 -8.45752433e-02   0.0000
 -1.16076857e-01   0.0000
 -6.74691796e-02   0.0000
  6.19855598e-02   0.0000
  8.82419288e-01   0.0000
 -3.84813100e-01   0.0000
 -3.35401326e-01   0.0000
 -1.45204857e-01   0.0000
 -1.57405704e-01   0.0000
 -9.74373072e-02   0.0000
 -2.17912458e-02   0.0000
  1.43986389e-01   0.0000
 -5.44200353e-02   0.0000
  1.66264683e-01   0.0000
 -4.82364893e-01   0.0000
 -3.02616715e-01   0.0000
 -3.98766220e-01   0.0000
  3.38063091e-01   0.0000
  1.56365246e-01   0.0000
  4.47112083e-01   0.0000
  3.73770408e-02   0.0000
  2.82160282e-01   0.0000
 -9.07100365e-02   0.0000
  5.16433001e-01   0.0000
 -8.66781920e-02   0.0000
  1.45707339e-01   0.0000
 -2.79618531e-01   0.0000
  1.05809733e-01   0.0000
  9.13186967e-02   0.0000
  3.82815627e-03   0.0000
 -7.09705055e-02   0.0000
 -6.40308559e-02   0.0000
 -2.36495569e-01   0.0000
 -1.42104521e-01   0.0000
 -2.57450819e-01   0.0000
  9.59981233e-02   0.0000
  1.00141406e+00   0.0000
 -4.36991423e-01   0.0000
 -3.09397429e-01   0.0000
 -3.33926175e-03   0.0000
 -8.25949535e-02   0.0000
 -1.29343569e-01   0.0000
 -6.09180182e-02   0.0000
  3.96215618e-01   0.0000
 -1.16355956e-01   0.0000
  9.83969420e-02   0.0000
 -1.85536519e-01   0.0000
 -5.40129185e-01   0.0000
 -5.94077349e-01   0.0000
  1.49449542e-01   0.0000
  1.67302787e-01   0.0000
  5.96477449e-01   0.0000
  4.40584868e-02   0.0000
  4.12656665e-01   0.0000
 -2.99370944e-01   0.0000
  5.86299181e-01   0.0000
 -1.64692581e-01   0.0000
  1.73007637e-01   0.0000
 -8.94847870e-01   0.0000
 -5.51256957e-03   0.0000
  1.15027167e-02   0.0000
 -2.39020452e-01   0.0000
 -2.15720497e-02   0.0000
 -1.56496853e-01   0.0000
 -9.44972187e-02   0.0000
 -2.29262620e-01   0.0000
 -1.12778418e-01   0.0000
  2.69786835e-01   0.0000
  3.57857436e-01   0.0000
 -4.50630218e-01   0.0000
 -2.82583177e-01   0.0000
  9.42264497e-03   0.0000
 -2.35771611e-01   0.0000
 -1.79099321e-01   0.0000
 -4.01638418e-01   0.0000
  3.45453113e-01   0.0000
 -2.76359916e-01   0.0000
 -4.40234765e-02   0.0000
  5.05679324e-02   0.0000
 -7.40951836e-01   0.0000
 -2.74892658e-01   0.0000
  1.61168888e-01   0.0000
  2.65670627e-01   0.0000
  7.41441011e-01   0.0000
  5.69915213e-02   0.0000
  3.82539183e-01   0.0000
 -2.57977307e-01   0.0000
  7.79107690e-01   0.0000
 -3.97357941e-01   0.0000
  2.62878388e-01   0.0000
 -1.15272880e+00   0.0000
 -2.43598111e-02   0.0000
  2.87877358e-02   0.0000
 -1.12639703e-01   0.0000
 -1.14071563e-01   0.0000
 -3.65061790e-01   0.0000
 -1.46249965e-01   0.0000
 -2.66230017e-01   0.0000
 -1.67518213e-01   0.0000
  2.56232977e-01   0.0000
 -2.64550000e-01   0.0000
  2.81141587e-02   0.0000
 -1.74736425e-01   0.0000
 -1.81708843e-01   0.0000
 -1.49767250e-01   0.0000
 -2.31328860e-01   0.0000
 -3.89735699e-01   0.0000
  2.35109627e-02   0.0000
 -4.11095023e-01   0.0000
 -2.14358866e-01   0.0000
  8.01943243e-01   0.0000
 -9.13491845e-01   0.0000
  1.07493639e+00   0.0000
 -4.72560301e-02   0.0000
  1.99879557e-01   0.0000
  8.00301552e-01   0.0000
  4.61727083e-02   0.0000
  1.83982521e-01   0.0000
 -2.01805174e-01   0.0000
  4.44808900e-01   0.0000
 -7.76404977e-01   0.0000
  6.50207102e-02   0.0000
  1.52569816e-01   0.0000
  5.97149193e-01   0.0000
 -4.15579081e-02   0.0000
 -2.43388176e-01   0.0000
 -1.05471149e-01   0.0000
 -2.24760354e-01   0.0000
 -1.81991294e-01   0.0000
 -2.14838758e-01   0.0000
 -8.27537775e-02   0.0000
  1.59156248e-01   0.0000
 -1.18762612e+00   0.0000
  5.01214743e-01   0.0000
  2.38992691e-01   0.0000
 -1.57224804e-01   0.0000
 -2.47020856e-01   0.0000
 -3.02253067e-01   0.0000
 -1.26247793e-01   0.0000
 -5.80066256e-02   0.0000
 -2.26999760e-01   0.0000
 -1.24148041e-01   0.0000
  8.59630823e-01   0.0000
 -9.21894252e-01   0.0000
 -1.50259316e+00   0.0000
 -7.64897317e-02   0.0000
  2.19474033e-01   0.0000
 -1.52409300e-01   0.0000
 -1.77984014e-02   0.0000
 -1.32188261e-01   0.0000
  2.75822487e-02   0.0000
 -6.04188479e-02   0.0000
 -4.30519730e-02   0.0000
 -1.66682955e-02   0.0000
  1.49359465e-01   0.0000
  6.71062758e-03   0.0000
 -7.72093795e-03   0.0000
 -1.36778250e-01   0.0000
  2.64771581e-02   0.0000
 -1.22097544e-02   0.0000
 -1.20168939e-01   0.0000
 -1.01887859e-01   0.0000
 -1.20194501e-03   0.0000
 -2.09639538e-02   0.0000
 -3.65114212e-02   0.0000
 -1.40350861e-02   0.0000
  1.74351707e-01   0.0000
  2.41221353e-01   0.0000
 -9.39174369e-03   0.0000
 -2.76709884e-01   0.0000
 -4.68493737e-02   0.0000
 -5.94677031e-02   0.0000
  6.37510642e-02   0.0000
  2.56274968e-01   0.0000
 -1.80151716e-01   0.0000
  1.33291766e-01   0.0000
  1.59113824e-01   0.0000
 -9.22914129e-03   0.0000
 -1.04421988e-01   0.0000
 -4.64347787e-02   0.0000
  1.76454172e-01   0.0000
  1.25010356e-01   0.0000
 -1.96074843e-02   0.0000
  1.27359608e-03   0.0000
 -3.81161794e-02   0.0000
  1.03546061e-01   0.0000
 -1.41482368e-01   0.0000
 -1.59660000e-02   0.0000
  5.00473520e-03   0.0000
  2.56268382e-01   0.0000
 -5.68006374e-03   0.0000
  7.19580948e-02   0.0000
  6.31018654e-02   0.0000
  6.89531565e-02   0.0000
 -8.64271633e-03   0.0000
  1.20272152e-02   0.0000
  2.52980720e-02   0.0000
  1.23635568e-01   0.0000
 -1.40874818e-01   0.0000
 -1.62979051e-01   0.0000
 -6.38666376e-02   0.0000
  2.35302016e-01   0.0000
 -2.93042008e-02   0.0000
  1.22719757e-01   0.0000
  6.93243323e-03   0.0000
 -2.17124194e-01   0.0000
  4.25813913e-01   0.0000
 -9.85698178e-02   0.0000
 -5.75634725e-02   0.0000
  2.04145014e-02   0.0000
  1.65507987e-01   0.0000
  1.83785096e-01   0.0000
  2.29735170e-02   0.0000
  8.79682526e-02   0.0000
 -4.49294746e-02   0.0000
  1.45000696e-01   0.0000
 -1.59252495e-01   0.0000
  9.11346544e-03   0.0000
 -8.82624015e-02   0.0000
 -4.75297915e-03   0.0000
  2.86782067e-03   0.0000
  3.53208184e-02   0.0000
 -3.78578715e-02   0.0000
 -1.13393098e-01   0.0000
  6.85040131e-02   0.0000
 -3.00709814e-01   0.0000
  5.79261929e-02   0.0000
 -5.73120229e-02   0.0000
  4.07768451e-02   0.0000
  6.03729226e-02   0.0000
 -4.31402288e-02   0.0000
 -5.44505566e-02   0.0000
  1.20818324e-03   0.0000
  7.76277110e-02   0.0000
 -7.47745857e-03   0.0000
  6.89985305e-02   0.0000
  1.02201425e-01   0.0000
 -3.40779801e-03   0.0000
  6.92680329e-02   0.0000
 -1.09302536e-01   0.0000
 -6.53472394e-02   0.0000
  9.38472748e-02   0.0000
  4.52484302e-02   0.0000
  2.44896375e-02   0.0000
 -2.06031501e-01   0.0000
 -4.93419737e-01   0.0000
  2.38802165e-01   0.0000
 -4.16173458e-01   0.0000
  2.70782351e-01   0.0000
 -2.86937863e-01   0.0000
  5.21676123e-01   0.0000
  1.78019539e-01   0.0000
 -1.60170659e-01   0.0000
 -3.49144936e-01   0.0000
  1.63050935e-01   0.0000
  2.27448344e-03   0.0000
 -4.14589822e-01   0.0000
  9.15514454e-02   0.0000
 -1.99749377e-02   0.0000
 -2.90750742e-01   0.0000
 -2.48042330e-01   0.0000
 -9.71740261e-02   0.0000
  3.63734722e-01   0.0000
  4.96886343e-01   0.0000
  1.20950805e-03   0.0000
 -4.41681415e-01   0.0000
  1.64780051e-01   0.0000
 -3.85959923e-01   0.0000
 -8.00066963e-02   0.0000
  3.90210927e-01   0.0000
 -4.49939251e-01   0.0000
  4.39486146e-01   0.0000
  3.45563710e-01   0.0000
 -8.40663537e-02   0.0000
 -3.71207148e-01   0.0000
 -2.01082736e-01   0.0000
 -5.11830389e-01   0.0000
 -8.37797761e-01   0.0000
  4.09005404e-01   0.0000
 -5.49353838e-01   0.0000
  4.39889401e-01   0.0000
 -6.97465599e-01   0.0000
  9.46184695e-01   0.0000
  5.23710787e-01   0.0000
 -2.69192606e-01   0.0000
 -1.12466252e+00   0.0000
  2.59558231e-01   0.0000
 -4.72104818e-01   0.0000
 -7.95533478e-01   0.0000
  4.57169302e-02   0.0000
  8.04322362e-02   0.0000
 -6.13492787e-01   0.0000
 -6.53279245e-01   0.0000
 -5.22632062e-01   0.0000
  9.17519629e-01   0.0000
  1.02585435e+00   0.0000
  1.01215683e-01   0.0000
 -9.71857667e-01   0.0000
  5.17603755e-01   0.0000
 -7.31874645e-01   0.0000
  4.10816679e-03   0.0000
  1.17421520e+00   0.0000
 -1.23019803e+00   0.0000
  6.46297991e-01   0.0000
  6.59138978e-01   0.0000
 -3.11450601e-01   0.0000
 -9.62623596e-01   0.0000
 -5.48080862e-01   0.0000
 -1.82189979e-02   0.0000
 -1.20444641e-01   0.0000
  1.00539178e-01   0.0000
 -2.28588566e-01   0.0000
  1.84223801e-01   0.0000
 -1.47538846e-02   0.0000
  3.35133411e-02   0.0000
  1.74439680e-02   0.0000
 -6.86607603e-03   0.0000
 -1.09330215e-01   0.0000
  1.16791919e-01   0.0000
 -4.85762634e-04   0.0000
 -1.37845457e-01   0.0000
  1.64804697e-01   0.0000
  4.79552569e-03   0.0000
 -1.63573828e-02   0.0000
 -3.08915880e-02   0.0000
 -3.93715948e-02   0.0000
  1.12607796e-03   0.0000
  7.72103891e-02   0.0000
  2.41846358e-03   0.0000
 -1.15933985e-01   0.0000
 -2.24913154e-02   0.0000
 -4.87646498e-02   0.0000
 -1.28556758e-01   0.0000
  4.66363132e-02   0.0000
 -2.19406022e-04   0.0000
  1.36400536e-01   0.0000
  2.28267610e-02   0.0000
 -9.24153533e-03   0.0000
 -5.37075698e-02   0.0000
 -5.16398158e-03   0.0000
 -1.25293478e-01   0.0000
 -3.06245983e-01   0.0000
  1.50678068e-01   0.0000
 -2.82110989e-01   0.0000
  2.80847549e-01   0.0000
 -1.23715237e-01   0.0000
  1.92573369e-01   0.0000
  3.57275493e-02   0.0000
 -2.74094637e-04   0.0000
 -3.69716823e-01   0.0000
  1.44647837e-01   0.0000
 -8.46902654e-02   0.0000
 -1.71094373e-01   0.0000
  2.43916497e-01   0.0000
 -1.96471643e-02   0.0000
 -2.06816420e-01   0.0000
 -1.38775676e-01   0.0000
 -8.04124922e-02   0.0000
  2.10996091e-01   0.0000
  1.44789875e-01   0.0000
 -3.17868980e-04   0.0000
 -1.66696236e-01   0.0000
  1.54312057e-02   0.0000
 -8.59436244e-02   0.0000
 -2.81731002e-02   0.0000
  1.35260299e-01   0.0000
 -1.13266990e-01   0.0000
  3.06633830e-01   0.0000
  2.72932976e-01   0.0000
 -2.34333184e-02   0.0000
 -1.84549302e-01   0.0000
 -2.68691570e-01   0.0000
 -1.86728686e-01   0.0000
  2.78827455e-02   0.0000
  2.37133019e-02   0.0000
 -4.49956879e-02   0.0000
 -3.28937992e-02   0.0000
 -2.50638753e-01   0.0000
 -1.28392637e-01   0.0000
  2.20047101e-01   0.0000
 -5.77354580e-02   0.0000
  1.48485661e-01   0.0000
  1.63370103e-01   0.0000
 -9.12118256e-02   0.0000
 -5.02186120e-02   0.0000
 -2.78866664e-02   0.0000
 -1.88055937e-03   0.0000
 -9.95760411e-02   0.0000
 -1.96603179e-01   0.0000
 -1.22561276e-01   0.0000
 -1.59759149e-02   0.0000
 -4.91065606e-02   0.0000
 -2.58100755e-03   0.0000
  4.37522531e-02   0.0000
  1.29805893e-01   0.0000
  1.71089228e-02   0.0000
 -2.88289576e-03   0.0000
 -4.60784435e-02   0.0000
  1.84915289e-01   0.0000
  5.21001555e-02   0.0000
  3.24776508e-02   0.0000
 -5.24394959e-02   0.0000
  4.61472310e-02   0.0000
 -2.65062362e-01   0.0000
  9.38647836e-02   0.0000
  1.19439654e-01   0.0000
 -3.37313116e-02   0.0000
  2.75719687e-02   0.0000
  8.22160766e-03   0.0000
  6.19356148e-02   0.0000
 -1.88228622e-01   0.0000
 -7.18571395e-02   0.0000
  5.50506311e-03   0.0000
  2.95960046e-02   0.0000
 -2.44183801e-02   0.0000
  7.92087540e-02   0.0000
  9.88784656e-02   0.0000
  1.40568197e-01   0.0000
  2.64758207e-02   0.0000
  2.32285373e-02   0.0000
  2.48684082e-02   0.0000
  8.52488820e-03   0.0000
 -9.06739607e-02   0.0000
 -1.64840445e-01   0.0000
 -3.91919026e-03   0.0000
  1.40520573e-01   0.0000
 -1.29096255e-01   0.0000
  1.97427332e-01   0.0000
 -9.09277126e-02   0.0000
 -8.23905990e-02   0.0000
  1.41528696e-01   0.0000
 -7.61085600e-02   0.0000
 -1.27201661e-01   0.0000
  9.08796266e-02   0.0000
  1.80871770e-01   0.0000
  1.06150538e-01   0.0000
 -3.66889010e-03   0.0000
  9.33265500e-03   0.0000
 -4.84570581e-03   0.0000
 -1.61050167e-02   0.0000
 -7.33353868e-02   0.0000
 -7.72299692e-02   0.0000
  7.61419209e-03   0.0000
 -1.47167093e-03   0.0000
  1.68024271e-03   0.0000
 -1.33341784e-02   0.0000
  1.34237413e-03   0.0000
 -9.46993902e-02   0.0000
  1.07288463e-02   0.0000
 -1.01940453e-01   0.0000
  8.92801955e-02   0.0000
  9.55866271e-05   0.0000
 -4.11020555e-02   0.0000
  6.16953382e-03   0.0000
  1.63583532e-02   0.0000
  9.25363079e-02   0.0000
  5.85162751e-02   0.0000
 -5.37163690e-02   0.0000
  1.16951942e-01   0.0000
 -6.34593470e-03   0.0000
  1.38853025e-02   0.0000
  2.09640469e-02   0.0000
 -2.49460656e-02   0.0000
  7.10699568e-03   0.0000
  3.96079430e-03   0.0000
  5.87991625e-03   0.0000
 -8.64041690e-03   0.0000
 -6.15667365e-03   0.0000
 -6.31697010e-03   0.0000
 -1.31349349e-02   0.0000
 -1.27166271e-01   0.0000
 -1.94173045e-02   0.0000
 -2.31243726e-02   0.0000
  2.24537104e-02   0.0000
 -5.05542979e-02   0.0000
  6.32576039e-03   0.0000
 -2.17255554e-04   0.0000
  6.05500443e-03   0.0000
 -1.93820056e-02   0.0000
 -5.31583966e-04   0.0000
 -2.37364378e-02   0.0000
 -4.79014218e-02   0.0000
  4.85764490e-03   0.0000
 -2.55346764e-03   0.0000
 -9.86974128e-03   0.0000
 -1.12402136e-03   0.0000
  2.05069054e-02   0.0000
  9.48379003e-03   0.0000
  6.06165442e-04   0.0000
 -1.30510703e-03   0.0000
  1.21931930e-03   0.0000
  2.10966938e-03   0.0000
  1.06202336e-02   0.0000
  2.82727368e-02   0.0000
 -3.18508372e-02   0.0000
  4.95082838e-03   0.0000
  1.58499964e-02   0.0000
  3.64192240e-02   0.0000
 -6.21290803e-02   0.0000
  8.17054957e-02   0.0000
  1.42526273e-02   0.0000
  4.16348316e-02   0.0000
 -8.97023603e-02   0.0000
  5.32535315e-02   0.0000
 -1.29219621e-01   0.0000
  9.63300467e-03   0.0000
 -1.24581426e-01   0.0000
 -9.07417834e-02   0.0000
  7.26924762e-02   0.0000
  5.86470850e-02   0.0000
 -4.87994924e-02   0.0000
 -7.70730898e-02   0.0000
  9.90814567e-02   0.0000
 -1.69795617e-01   0.0000
  1.13438163e-02   0.0000
  1.06182713e-02   0.0000
  9.98736322e-02   0.0000
  1.00195110e-02   0.0000
 -7.64936805e-02   0.0000
 -2.62169298e-02   0.0000
  9.01240855e-03   0.0000
  5.08539490e-02   0.0000
 -9.19069797e-02   0.0000
  4.51781489e-02   0.0000
  5.96881472e-02   0.0000
  1.38925323e-02   0.0000
  1.04073443e-01   0.0000
 -6.42706454e-02   0.0000
 -8.52339044e-02   0.0000
  6.57403246e-02   0.0000
  6.81916475e-02   0.0000
  8.04200675e-03   0.0000
 -1.83625206e-01   0.0000
  1.51418159e-02   0.0000
  8.32194113e-04   0.0000
 -4.29220498e-03   0.0000
 -3.95563245e-02   0.0000
 -7.71968365e-02   0.0000
  9.87969190e-02   0.0000
  5.26609924e-03   0.0000
 -9.44821313e-02   0.0000
 -4.20939438e-02   0.0000
  2.52937842e-02   0.0000
 -2.44715139e-01   0.0000
 -2.22100820e-02   0.0000
 -9.10424814e-02   0.0000
  9.53820199e-02   0.0000
 -4.53059264e-02   0.0000
  1.56063223e-02   0.0000
 -9.28793624e-02   0.0000
  1.10015802e-01   0.0000
  1.23390079e-01   0.0000
  3.25608999e-02   0.0000
 -2.28894204e-02   0.0000
  1.28310360e-03   0.0000
 -5.48716933e-02   0.0000
  6.96245059e-02   0.0000
  1.75903276e-01   0.0000
 -3.24315205e-02   0.0000
  1.58171561e-02   0.0000
  1.28325028e-02   0.0000
  1.21588176e-02   0.0000
 -7.08058616e-03   0.0000
  8.56397301e-03   0.0000
 -5.65276518e-02   0.0000
 -3.23210843e-02   0.0000
 -4.45865002e-03   0.0000
 -1.70975011e-02   0.0000
 -6.23827316e-02   0.0000
 -4.91023883e-02   0.0000
  3.99124734e-02   0.0000
  7.34933168e-02   0.0000
 -4.03421335e-02   0.0000
 -4.33997102e-02   0.0000
  4.17427383e-02   0.0000
 -1.92432091e-01   0.0000
 -2.18842812e-02   0.0000
 -9.37411413e-02   0.0000
  3.64045277e-02   0.0000
 -8.57984705e-04   0.0000
 -1.31354737e-03   0.0000
  1.53731729e-03   0.0000
  1.02056175e-01   0.0000
  1.24919176e-01   0.0000
  9.67832208e-02   0.0000
 -1.21590547e-01   0.0000
  7.25611001e-02   0.0000
 -3.98816429e-02   0.0000
  4.82835844e-02   0.0000
  1.31415606e-01   0.0000
 -2.88594551e-02   0.0000
  1.23792896e-02   0.0000
  8.50442201e-02   0.0000
  3.43644759e-04   0.0000
 -1.03659265e-01   0.0000
 -4.26755808e-02   0.0000
 -8.14817473e-02   0.0000
  3.61122303e-02   0.0000
 -1.42952189e-01   0.0000
  7.49206915e-02   0.0000
 -9.08305719e-02   0.0000
  3.40762846e-02   0.0000
 -1.31410584e-01   0.0000
  3.72863114e-02   0.0000
 -2.34465804e-02   0.0000
  9.67691094e-02   0.0000
 -4.43142354e-02   0.0000
 -1.38069034e-01   0.0000
  1.25989094e-01   0.0000
 -2.74213165e-01   0.0000
  9.06671281e-04   0.0000
  1.20099755e-02   0.0000
  1.97840971e-03   0.0000
  4.12849896e-02   0.0000
 -3.83527204e-02   0.0000
 -4.50161844e-02   0.0000
 -1.73014472e-03   0.0000
  7.63751343e-02   0.0000
 -4.38066339e-03   0.0000
  1.00859711e-02   0.0000
  1.17771596e-01   0.0000
 -1.68371219e-02   0.0000
 -1.14486888e-02   0.0000
 -6.14247769e-02   0.0000
 -3.02596297e-02   0.0000
  7.72810075e-03   0.0000
  5.88277020e-02   0.0000
 -1.10545801e-02   0.0000
 -7.99515285e-03   0.0000
 -1.29910246e-01   0.0000
  2.75102127e-02   0.0000
 -1.94462277e-02   0.0000
  5.69855832e-02   0.0000
 -3.49809751e-02   0.0000
  8.67970660e-02   0.0000
  4.44384180e-02   0.0000
 -1.56902603e-03   0.0000
 -1.21075548e-01   0.0000
  8.29421729e-02   0.0000
  2.19144430e-02   0.0000
 -7.76191875e-02   0.0000
  1.22857764e-01   0.0000
  6.48657931e-03   0.0000
 -2.91214464e-03   0.0000
 -1.13829613e-01   0.0000
 -1.05623780e-02   0.0000
  1.42119050e-01   0.0000
  8.20118561e-02   0.0000
 -1.19459037e-04   0.0000
 -9.60050325e-04   0.0000
  1.03762764e-02   0.0000
 -9.01828110e-02   0.0000
 -1.31510705e-01   0.0000
  2.21815575e-02   0.0000
 -1.34326518e-02   0.0000
  3.30580138e-02   0.0000
  4.46235649e-02   0.0000
 -1.50000945e-01   0.0000
 -2.28762906e-02   0.0000
 -7.36665502e-02   0.0000
 -2.83922881e-01   0.0000
 -4.60069746e-01   0.0000
  2.57714182e-01   0.0000
 -3.00920278e-01   0.0000
  1.97593361e-01   0.0000
 -3.62457216e-01   0.0000
  4.65271473e-01   0.0000
  1.93409353e-01   0.0000
 -6.94682524e-02   0.0000
 -5.64339161e-01   0.0000
  2.32730001e-01   0.0000
 -1.56454101e-01   0.0000
 -2.19688848e-01   0.0000
  1.53378665e-01   0.0000
 -2.16828566e-02   0.0000
 -1.10447250e-01   0.0000
 -1.35245681e-01   0.0000
 -2.71076530e-01   0.0000
  3.16140801e-01   0.0000
  4.12973076e-01   0.0000
  6.45829812e-02   0.0000
 -4.37264830e-01   0.0000
  1.31867215e-01   0.0000
 -2.96588659e-01   0.0000
 -3.34447473e-02   0.0000
  3.01432997e-01   0.0000
 -4.41996574e-01   0.0000
  3.03644300e-01   0.0000
  2.84436464e-01   0.0000
 -1.61532685e-01   0.0000
 -2.13753983e-01   0.0000
 -3.17904711e-01   0.0000
 -6.23373806e-01   0.0000
 -7.51892984e-01   0.0000
  3.09442699e-01   0.0000
 -6.11285448e-01   0.0000
  5.47181129e-01   0.0000
 -7.99440622e-01   0.0000
  1.06455541e+00   0.0000
  4.84975398e-01   0.0000
 -3.29517245e-01   0.0000
 -1.16370797e+00   0.0000
  5.33983350e-01   0.0000
 -4.16747332e-01   0.0000
 -7.00878918e-01   0.0000
  1.74935117e-01   0.0000
 -8.39539804e-03   0.0000
 -4.44366574e-01   0.0000
 -5.96068680e-01   0.0000
 -4.38548714e-01   0.0000
  9.07409072e-01   0.0000
  1.28153872e+00   0.0000
  3.25413764e-01   0.0000
 -1.06429577e+00   0.0000
  5.38248122e-01   0.0000
 -8.51466060e-01   0.0000
 -4.76523256e-03   0.0000
  1.32991481e+00   0.0000
 -1.32555246e+00   0.0000
  5.99921346e-01   0.0000
  6.19442046e-01   0.0000
 -4.89371032e-01   0.0000
 -1.05916750e+00   0.0000
 -6.19522035e-01   0.0000
  7.86047652e-02   0.0000
 -4.60500568e-01   0.0000
  1.77099032e-03   0.0000
 -2.14987338e-01   0.0000
  2.04865374e-02   0.0000
 -1.68662947e-02   0.0000
  2.39027888e-01   0.0000
  6.52242452e-02   0.0000
 -2.41128029e-03   0.0000
 -2.16812491e-02   0.0000
  1.02527037e-01   0.0000
 -3.20236461e-04   0.0000
 -2.84427792e-01   0.0000
 -7.90620036e-03   0.0000
 -6.46753833e-02   0.0000
 -3.52638625e-02   0.0000
 -1.24988839e-01   0.0000
  1.39062507e-02   0.0000
  1.24493882e-01   0.0000
 -3.06681357e-03   0.0000
  6.22873269e-02   0.0000
 -1.96711913e-01   0.0000
 -4.38605947e-03   0.0000
 -3.85305844e-02   0.0000
  3.13282944e-02   0.0000
  1.20799705e-01   0.0000
 -2.00552464e-01   0.0000
  3.84649664e-01   0.0000
  1.79071635e-01   0.0000
 -4.89857271e-02   0.0000
 -3.22401583e-01   0.0000
  2.36842502e-02   0.0000
  5.44674359e-02   0.0000
  7.02754483e-02   0.0000
 -8.00667182e-02   0.0000
  1.71500131e-01   0.0000
 -1.22456640e-01   0.0000
  6.94671050e-02   0.0000
 -2.84251068e-02   0.0000
 -1.70062706e-01   0.0000
  3.29446862e-03   0.0000
  2.05416395e-03   0.0000
 -5.46987318e-02   0.0000
  1.28713693e-03   0.0000
  1.58753887e-01   0.0000
 -1.40156195e-01   0.0000
  1.00436941e-01   0.0000
  4.37320285e-02   0.0000
  1.76343564e-02   0.0000
  6.33837283e-02   0.0000
 -5.75177222e-02   0.0000
 -3.95442471e-02   0.0000
 -4.94515461e-07   0.0000
  1.51413754e-01   0.0000
 -9.30334777e-02   0.0000
  8.40569735e-02   0.0000
  1.16422296e-01   0.0000
 -7.28764683e-02   0.0000
  1.02029562e-01   0.0000
 -1.48419067e-01   0.0000
 -1.89507395e-01   0.0000
  2.60161310e-02   0.0000
  1.30795762e-01   0.0000
  3.26112844e-02   0.0000
  5.90508245e-03   0.0000
  1.96241867e-02   0.0000
 -6.61012158e-02   0.0000
  1.03741363e-01   0.0000
 -1.40872076e-01   0.0000
  3.24995257e-04   0.0000
 -1.15884363e-03   0.0000
  1.04437722e-02   0.0000
 -1.79729937e-03   0.0000
  6.57687187e-02   0.0000
 -1.44820539e-02   0.0000
  9.73408110e-04   0.0000
  6.61019608e-02   0.0000
 -9.69109982e-02   0.0000
  4.50571664e-02   0.0000
  3.79903615e-02   0.0000
  7.96290040e-02   0.0000
  7.50739593e-03   0.0000
 -5.30227162e-02   0.0000
 -7.90583622e-03   0.0000
  2.72768885e-02   0.0000
  4.95306402e-02   0.0000
 -1.70485750e-02   0.0000
 -1.07631562e-02   0.0000
  4.76827510e-02   0.0000
 -1.46550899e-02   0.0000
  5.47910817e-02   0.0000
 -1.20493025e-01   0.0000
 -3.22421715e-02   0.0000
  9.05403774e-03   0.0000
 -5.45809465e-03   0.0000
  9.58537534e-02   0.0000
 -4.91653010e-02   0.0000
  9.12426338e-02   0.0000
 -3.01654041e-02   0.0000
  7.52351284e-02   0.0000
 -1.03329875e-01   0.0000
 -5.77679910e-02   0.0000
 -1.67601351e-02   0.0000
  4.92805440e-04   0.0000
  3.40442662e-03   0.0000
 -7.55943125e-03   0.0000
 -1.74019504e-02   0.0000
 -1.99690402e-01   0.0000
  4.66158753e-03   0.0000
 -7.96526894e-02   0.0000
  5.29491482e-03   0.0000
 -3.54778022e-02   0.0000
  1.23739891e-01   0.0000
  4.20507835e-03   0.0000
  5.01227342e-02   0.0000
  3.77089418e-02   0.0000
  1.39566851e-04   0.0000
  9.28353798e-03   0.0000
  3.87734873e-03   0.0000
  4.20246348e-02   0.0000
  1.24778464e-01   0.0000
  1.28939166e-04   0.0000
 -7.15694390e-04   0.0000
 -1.25732183e-01   0.0000
 -4.24640290e-02   0.0000
  4.48623346e-03   0.0000
 -1.70828998e-02   0.0000
  1.52521662e-03   0.0000
  8.70539695e-02   0.0000
  3.58510733e-01   0.0000
 -2.07650349e-01   0.0000
  3.03034246e-01   0.0000
 -3.20144296e-01   0.0000
  1.80758595e-01   0.0000
 -3.33188295e-01   0.0000
 -8.07818547e-02   0.0000
  8.84153023e-02   0.0000
  3.14055592e-01   0.0000
 -1.78329960e-01   0.0000
  1.97161178e-04   0.0000
  3.08509916e-01   0.0000
 -2.64671922e-01   0.0000
  7.52297938e-02   0.0000
  7.42874369e-02   0.0000
  1.95287094e-01   0.0000
  8.98185521e-02   0.0000
 -2.44180471e-01   0.0000
 -3.72849882e-01   0.0000
 -4.73532733e-03   0.0000
  4.34422910e-01   0.0000
 -5.32139130e-02   0.0000
  2.16395348e-01   0.0000
  1.99589223e-01   0.0000
 -3.32675219e-01   0.0000
  3.69009227e-01   0.0000
 -3.37484658e-01   0.0000
 -2.94176579e-01   0.0000
  1.41322315e-01   0.0000
  2.02808514e-01   0.0000
  2.46133953e-01   0.0000
  3.33354712e-01   0.0000
  3.99723291e-01   0.0000
 -3.16508591e-01   0.0000
  1.24051943e-01   0.0000
 -1.27696365e-01   0.0000
  3.73903483e-01   0.0000
 -5.52153230e-01   0.0000
 -2.60786682e-01   0.0000
  1.55135065e-01   0.0000
  6.75255060e-01   0.0000
 -1.71807542e-01   0.0000
  1.10327385e-01   0.0000
  3.66291672e-01   0.0000
 -5.02255410e-02   0.0000
  8.75656530e-02   0.0000
  1.44621044e-01   0.0000
  2.45601311e-01   0.0000
  1.56565890e-01   0.0000
 -5.73383152e-01   0.0000
 -6.93332970e-01   0.0000
  4.24058037e-03   0.0000
  7.10494280e-01   0.0000
 -2.80316740e-01   0.0000
  2.89328039e-01   0.0000
  3.49694155e-02   0.0000
 -8.66629839e-01   0.0000
  7.33380020e-01   0.0000
 -3.35997224e-01   0.0000
 -2.39396542e-01   0.0000
  8.34043995e-02   0.0000
  5.78505158e-01   0.0000
  2.87210077e-01   0.0000
 -4.99561466e-02   0.0000
  5.26766442e-02   0.0000
 -4.46756892e-02   0.0000
  6.37745336e-02   0.0000
 -8.41476098e-02   0.0000
 -5.51054738e-02   0.0000
  2.69038156e-02   0.0000
  5.93152344e-02   0.0000
 -7.39007294e-02   0.0000
 -3.22030932e-02   0.0000
 -9.94006693e-02   0.0000
 -1.38990790e-01   0.0000
  4.07809392e-03   0.0000
 -2.22504988e-01   0.0000
  3.30424262e-03   0.0000
  1.54835440e-03   0.0000
 -1.57748838e-03   0.0000
  8.57368205e-03   0.0000
  6.23763986e-02   0.0000
  3.32711521e-03   0.0000
  3.06463131e-04   0.0000
 -6.22226261e-02   0.0000
 -2.84013568e-05   0.0000
  2.25583883e-03   0.0000
  7.51218423e-02   0.0000
  2.32262462e-02   0.0000
 -1.74201988e-02   0.0000
 -4.39546183e-02   0.0000
 -1.42734032e-03   0.0000
 -1.78723261e-02   0.0000
  1.83973629e-02   0.0000
 -8.42185840e-02   0.0000
  2.31563151e-01   0.0000
  5.51580966e-01   0.0000
 -3.67103457e-01   0.0000
  4.33847785e-01   0.0000
 -4.27105933e-01   0.0000
  3.92682672e-01   0.0000
 -5.60915172e-01   0.0000
 -2.66974807e-01   0.0000
  2.56398290e-01   0.0000
  4.50885445e-01   0.0000
 -2.61297613e-01   0.0000
  1.22247301e-01   0.0000
  4.19487804e-01   0.0000
 -2.49490872e-01   0.0000
  3.54547501e-02   0.0000
  1.83190048e-01   0.0000
  2.66193777e-01   0.0000
  1.60297588e-01   0.0000
 -3.92467231e-01   0.0000
 -3.19062382e-01   0.0000
 -1.60533026e-01   0.0000
  5.19912601e-01   0.0000
 -2.94339120e-01   0.0000
  4.08982307e-01   0.0000
  1.19886316e-01   0.0000
 -4.91979569e-01   0.0000
  4.45853949e-01   0.0000
 -4.87555295e-01   0.0000
 -5.05337536e-01   0.0000
  2.10308790e-01   0.0000
  5.44593334e-01   0.0000
  4.85519916e-01   0.0000
 -3.77817363e-01   0.0000
 -4.98880267e-01   0.0000
  3.12593162e-01   0.0000
 -3.06343108e-01   0.0000
  2.75896460e-01   0.0000
 -4.61296022e-01   0.0000
  8.80601287e-01   0.0000
  3.55585277e-01   0.0000
 -3.64095986e-01   0.0000
 -8.64795029e-01   0.0000
  3.00375611e-01   0.0000
 -1.46640509e-01   0.0000
 -4.17676717e-01   0.0000
  3.76200094e-03   0.0000
 -6.28896952e-02   0.0000
 -3.38720918e-01   0.0000
 -2.85335481e-01   0.0000
 -3.69132817e-01   0.0000
  5.62671840e-01   0.0000
  1.05154967e+00   0.0000
  1.02474287e-01   0.0000
 -7.62515843e-01   0.0000
  3.30287308e-01   0.0000
 -5.27401328e-01   0.0000
 -6.74245122e-04   0.0000
  8.85896206e-01   0.0000
 -1.04378867e+00   0.0000
  5.12901425e-01   0.0000
  4.09539759e-01   0.0000
 -1.52233869e-01   0.0000
 -6.44983947e-01   0.0000
 -4.97917593e-01   0.0000
  1.83907703e-01   0.0000
  5.91133296e-01   0.0000
 -9.25074220e-02   0.0000
  2.62441784e-01   0.0000
 -1.52138621e-01   0.0000
  2.51236528e-01   0.0000
 -6.44040942e-01   0.0000
 -1.10105686e-01   0.0000
  1.58132106e-01   0.0000
  1.05579269e+00   0.0000
 -7.15823472e-02   0.0000
  2.19498217e-01   0.0000
  3.25136811e-01   0.0000
  5.26137464e-02   0.0000
 -9.38869431e-04   0.0000
  4.92318831e-02   0.0000
  1.72710583e-01   0.0000
  7.22425804e-02   0.0000
 -2.51380563e-01   0.0000
 -4.35648531e-01   0.0000
  9.19305603e-05   0.0000
  6.90200329e-01   0.0000
 -1.20889053e-01   0.0000
  2.16776460e-01   0.0000
 -9.28547140e-03   0.0000
 -4.73226875e-01   0.0000
  5.71333647e-01   0.0000
 -3.87257069e-01   0.0000
 -3.83239537e-01   0.0000
  1.39798131e-02   0.0000
  3.87507319e-01   0.0000
  3.02907139e-01   0.0000
 -5.65690041e-01   0.0000
 -9.76705134e-01   0.0000
  5.42191505e-01   0.0000
 -6.38823450e-01   0.0000
  5.03617167e-01   0.0000
 -7.90083885e-01   0.0000
  1.25873303e+00   0.0000
  5.18913984e-01   0.0000
 -2.24409968e-01   0.0000
 -1.82472193e+00   0.0000
  4.08705533e-01   0.0000
 -5.49930967e-02   0.0000
 -8.81306350e-01   0.0000
  1.52053609e-01   0.0000
 -5.40285893e-02   0.0000
 -2.95756429e-01   0.0000
 -5.42117476e-01   0.0000
 -3.19728106e-01   0.0000
  8.86732757e-01   0.0000
  1.38593769e+00   0.0000
  2.30806624e-03   0.0000
 -1.28455734e+00   0.0000
  5.47217667e-01   0.0000
 -7.39034891e-01   0.0000
 -1.15997456e-01   0.0000
  1.37639046e+00   0.0000
 -1.46254086e+00   0.0000
  6.54885054e-01   0.0000
  8.10140491e-01   0.0000
 -2.77046919e-01   0.0000
 -1.04649627e+00   0.0000
 -5.37595510e-01   0.0000
 -5.21215685e-02   0.0000
  1.04523957e-01   0.0000
 -5.42640351e-02   0.0000
  1.26254052e-01   0.0000
 -7.47074708e-02   0.0000
  2.60317679e-02   0.0000
 -1.60537347e-01   0.0000
 -1.77312065e-02   0.0000
  8.77343956e-03   0.0000
 -1.28170848e-01   0.0000
 -3.95982824e-02   0.0000
 -5.24733041e-04   0.0000
  1.15373939e-01   0.0000
 -1.11768976e-01   0.0000
  7.87855685e-03   0.0000
  2.79580317e-02   0.0000
  6.84222579e-02   0.0000
  2.18796898e-02   0.0000
 -7.43149221e-02   0.0000
  2.33949572e-02   0.0000
  9.49908630e-04   0.0000
  9.77891870e-03   0.0000
 -3.90617661e-02   0.0000
  7.30898976e-02   0.0000
  1.86533313e-02   0.0000
  1.88105609e-02   0.0000
  2.47482192e-02   0.0000
 -1.72904298e-01   0.0000
 -8.35460424e-02   0.0000
  8.49701762e-02   0.0000
  1.87164575e-01   0.0000
  5.39872237e-02   0.0000
  3.70461354e-03   0.0000
 -2.47252230e-02   0.0000
  2.89700180e-03   0.0000
  8.03462230e-03   0.0000
  8.03787261e-05   0.0000
  5.66115752e-02   0.0000
 -4.11174297e-02   0.0000
  6.05516881e-03   0.0000
 -1.66064175e-03   0.0000
  9.42904279e-02   0.0000
 -2.37813429e-03   0.0000
  1.39777824e-01   0.0000
 -2.06767023e-03   0.0000
  1.67525366e-01   0.0000
 -1.00794040e-01   0.0000
 -3.79683333e-04   0.0000
 -2.43630279e-02   0.0000
  8.67379755e-02   0.0000
 -8.80946591e-02   0.0000
 -1.30754616e-02   0.0000
 -1.38968544e-03   0.0000
  3.30984555e-02   0.0000
  3.37582198e-03   0.0000
  5.21265008e-02   0.0000
 -5.41093089e-02   0.0000
 -1.08432800e-01   0.0000
  8.76392499e-02   0.0000
 -3.42892930e-02   0.0000
  2.18018307e-03   0.0000
 -7.93548024e-05   0.0000
  4.27197665e-02   0.0000
  2.09236685e-02   0.0000
  1.46174118e-01   0.0000
  9.84232128e-02   0.0000
 -1.08256191e-01   0.0000
  2.87317276e-01   0.0000
 -1.92527637e-01   0.0000
  1.73556712e-02   0.0000
  9.32413526e-03   0.0000
 -7.85469487e-02   0.0000
  2.01703515e-02   0.0000
  1.59454197e-01   0.0000
 -1.20506570e-01   0.0000
  7.79001784e-05   0.0000
  1.39997646e-01   0.0000
 -1.58621013e-01   0.0000
  1.68020912e-02   0.0000
  1.09189726e-01   0.0000
  8.63754377e-02   0.0000
  9.17990431e-02   0.0000
 -1.02230646e-01   0.0000
  8.92811194e-02   0.0000
  2.27381918e-03   0.0000
  7.31102526e-02   0.0000
 -5.46475640e-03   0.0000
  1.20323725e-01   0.0000
  1.23761252e-01   0.0000
 -3.43500846e-03   0.0000
 -9.35090333e-03   0.0000
 -1.22640967e-01   0.0000
 -1.11357756e-01   0.0000
  7.20630810e-02   0.0000
  1.41381230e-02   0.0000
  1.50996491e-01   0.0000
  8.78285393e-02   0.0000
 -1.32500858e-03   0.0000
  4.49386239e-02   0.0000
 -1.60462663e-01   0.0000
  2.06827849e-01   0.0000
  2.30101347e-01   0.0000
 -1.19333751e-01   0.0000
 -5.64187020e-02   0.0000
  6.41029105e-02   0.0000
  2.12268800e-01   0.0000
  1.90901794e-02   0.0000
  3.05283993e-01   0.0000
  5.42556047e-02   0.0000
  5.29293776e-01   0.0000
 -4.46654484e-02   0.0000
  1.36088300e-02   0.0000
  4.56698872e-02   0.0000
 -2.80725397e-02   0.0000
 -5.76753803e-02   0.0000
 -1.52967453e-01   0.0000
 -1.56592369e-01   0.0000
  8.27110410e-02   0.0000
 -1.22974329e-01   0.0000
  1.11570090e-01   0.0000
 -1.66611522e-01   0.0000
 -1.11637987e-01   0.0000
 -2.96083037e-02   0.0000
 -3.93029824e-02   0.0000
  2.43027881e-03   0.0000
 -2.51709335e-02   0.0000
  6.49116337e-02   0.0000
 -1.13605773e-02   0.0000
 -6.53317571e-01   0.0000
 -1.95566010e+00   0.0000
  9.75340009e-01   0.0000
 -1.68139255e+00   0.0000
  1.40181327e+00   0.0000
 -1.01665306e+00   0.0000
  2.08187318e+00   0.0000
  6.31086111e-01   0.0000
 -3.33745331e-01   0.0000
 -2.78684354e+00   0.0000
  7.46276438e-01   0.0000
  7.13316798e-02   0.0000
 -1.51303685e+00   0.0000
  1.31638896e+00   0.0000
 -2.13901326e-01   0.0000
 -5.25930345e-01   0.0000
 -8.48563671e-01   0.0000
 -5.13936698e-01   0.0000
  1.57803380e+00   0.0000
  2.05720687e+00   0.0000
  3.97512466e-02   0.0000
 -2.18495059e+00   0.0000
  5.43984115e-01   0.0000
 -1.15716565e+00   0.0000
 -5.85120320e-01   0.0000
  2.11892056e+00   0.0000
 -2.38232827e+00   0.0000
  1.49340260e+00   0.0000
  1.38024235e+00   0.0000
 -4.85618711e-01   0.0000
 -1.70773232e+00   0.0000
 -9.70989704e-01   0.0000
  0.00000000e+00   0.0000

