 5 0.000000 1
 1 
 Si 28.085500
 0 0.250001 4.500000 0.978124 1.000000 
 5 0 1 2 4 6
 7 1.50000 1.75000 2.00000 2.25000 2.50000 2.75000 3.00000
 1 12.169200 6.172630 3.114710 0.755675 0.404939 0.036124 0.650018 0.572890
 4 35 32 32 1
 -2.03481406e-01   0.0000
  3.49907994e-01   0.0000
 -6.87745924e-04   0.0000
  5.21695256e-01   0.0000
  2.13888907e+00   0.0000
 -1.58093385e-02   0.0000
  2.09085137e-01   0.0000
  6.67515993e-01   0.0000
  1.98424198e-02   0.0000
  5.65142976e-03   0.0000
 -1.49423912e-01   0.0000
 -6.92640315e-04   0.0000
 -5.04855551e-02   0.0000
  2.98392083e-02   0.0000
  1.71665946e-04   0.0000
 -8.09060782e-02   0.0000
  2.29688019e-01   0.0000
  1.71133900e+00   0.0000
 -4.27015543e-01   0.0000
 -3.91532391e-01   0.0000
  2.05992106e-02   0.0000
 -8.49582080e-04   0.0000
  3.94541845e-02   0.0000
 -1.68920481e+00   0.0000
  4.68799658e-03   0.0000
 -2.85650969e-01   0.0000
  2.15421319e+00   0.0000
  2.57817209e-01   0.0000
  7.46600211e-01   0.0000
  2.62907475e-01   0.0000
 -1.64456069e-04   0.0000
 -5.45752347e-01   0.0000
 -3.42747480e-01   0.0000
  5.97969115e-01   0.0000
 -5.33193350e-03   0.0000
  2.62517840e-01   0.0000
  2.64864540e+00   0.0000
  3.31676193e-02   0.0000
  2.68417895e-01   0.0000
  1.14607823e+00   0.0000
  1.06674761e-01   0.0000
 -3.15906736e-03   0.0000
 -2.13836819e-01   0.0000
  1.10086296e-02   0.0000
 -1.26622126e-01   0.0000
 -2.39968933e-02   0.0000
  1.59293483e-03   0.0000
 -9.05725956e-02   0.0000
 -1.46930981e+00   0.0000
 -8.55160534e-01   0.0000
 -1.02084553e+00   0.0000
 -3.98866445e-01   0.0000
 -1.41514139e-03   0.0000
 -4.49306273e-04   0.0000
  5.64848185e-02   0.0000
 -4.44871813e-01   0.0000
 -6.61009774e-02   0.0000
 -4.29223567e-01   0.0000
 -3.51336271e-01   0.0000
  6.20721042e-01   0.0000
  6.56772316e-01   0.0000
  5.81324100e-01   0.0000
  2.42315582e-04   0.0000
 -5.54729223e-01   0.0000
 -3.06263626e-01   0.0000
  8.34748745e-01   0.0000
 -3.42407301e-02   0.0000
 -3.21621269e-01   0.0000
  2.01753235e+00   0.0000
  1.77908514e-03   0.0000
  7.76227653e-01   0.0000
  1.19513714e+00   0.0000
  3.01519543e-01   0.0000
 -4.85097580e-02   0.0000
 -3.64174843e-01   0.0000
  8.93075299e-03   0.0000
 -2.27713004e-01   0.0000
 -1.17724635e-01   0.0000
  6.08624797e-03   0.0000
 -3.06832902e-02   0.0000
 -1.82185844e-01   0.0000
 -1.23412862e-01   0.0000
 -1.03513408e+00   0.0000
 -5.59725583e-01   0.0000
  5.18721016e-03   0.0000
 -1.02910638e-01   0.0000
  7.11112395e-02   0.0000
 -3.48846130e-02   0.0000
 -1.81820139e-01   0.0000
 -3.07575822e-01   0.0000
 -4.13690776e-01   0.0000
  7.14285314e-01   0.0000
 -1.04742885e-01   0.0000
  5.79619348e-01   0.0000
  3.31995152e-02   0.0000
 -2.53014445e-01   0.0000
 -4.91407245e-01   0.0000
  8.65509331e-01   0.0000
 -2.50266463e-01   0.0000
 -1.43740714e-01   0.0000
  8.45959067e-01   0.0000
  3.52215886e-01   0.0000
  6.03819311e-01   0.0000
  9.10524964e-01   0.0000
  3.25605303e-01   0.0000
 -3.39314431e-01   0.0000
 -4.38155711e-01   0.0000
 -2.36747116e-01   0.0000
 -2.93147087e-01   0.0000
 -3.57470632e-01   0.0000
 -1.95335239e-01   0.0000
  1.54683040e-02   0.0000
  1.02773225e+00   0.0000
  4.48992312e-01   0.0000
 -8.14033508e-01   0.0000
 -7.13708162e-01   0.0000
 -1.74294978e-01   0.0000
 -2.97959626e-01   0.0000
 -5.69328517e-02   0.0000
  5.04382193e-01   0.0000
 -1.97247088e-01   0.0000
 -4.13163096e-01   0.0000
 -1.62531227e-01   0.0000
  1.20922017e+00   0.0000
  4.92947817e-01   0.0000
  7.72414625e-01   0.0000
  3.60917449e-01   0.0000
 -1.38508096e-01   0.0000
 -5.08947194e-01   0.0000
  1.17076373e+00   0.0000
 -4.68720675e-01   0.0000
 -4.48650807e-01   0.0000
 -2.46403307e-01   0.0000
  4.32286412e-01   0.0000
  6.66183382e-02   0.0000
  6.94124639e-01   0.0000
  4.44031358e-01   0.0000
 -3.45913082e-01   0.0000
 -4.02806789e-01   0.0000
 -2.74997622e-01   0.0000
 -4.96069908e-01   0.0000
 -5.82797647e-01   0.0000
 -4.44973260e-01   0.0000
  2.79885948e-01   0.0000
  4.87890512e-01   0.0000
 -6.71023190e-01   0.0000
 -5.47783196e-01   0.0000
 -7.54439950e-01   0.0000
 -3.55329335e-01   0.0000
 -5.58666885e-01   0.0000
 -5.54654300e-01   0.0000
  6.19566321e-01   0.0000
 -3.69007945e-01   0.0000
 -8.87093902e-01   0.0000
 -5.14846563e-01   0.0000
  1.40746939e+00   0.0000
 -4.89442170e-01   0.0000
  6.10926449e-01   0.0000
  4.89866883e-01   0.0000
 -9.55619812e-02   0.0000
 -4.10725266e-01   0.0000
  1.09431505e+00   0.0000
 -4.93728936e-01   0.0000
 -2.72058904e-01   0.0000
 -1.39942193e+00   0.0000
  5.20718992e-01   0.0000
  1.11494847e-01   0.0000
  6.71037972e-01   0.0000
  2.73911059e-01   0.0000
 -4.99224007e-01   0.0000
 -5.63868582e-01   0.0000
 -6.21124685e-01   0.0000
 -5.72554350e-01   0.0000
 -5.44531345e-01   0.0000
 -5.75112998e-01   0.0000
  6.10538483e-01   0.0000
  1.96635962e-01   0.0000
 -3.59806955e-01   0.0000
 -4.56661910e-01   0.0000
 -7.47543037e-01   0.0000
 -5.92466772e-01   0.0000
 -4.49483156e-01   0.0000
 -1.06447709e+00   0.0000
  1.30140290e-01   0.0000
 -6.42659664e-01   0.0000
 -1.34430873e+00   0.0000
 -2.62022257e-01   0.0000
  1.36770427e+00   0.0000
 -9.38056260e-02   0.0000
  6.88362539e-01   0.0000
  4.99134809e-01   0.0000
 -1.14266209e-01   0.0000
 -3.61196876e-01   0.0000
  1.09226632e+00   0.0000
 -7.45104194e-01   0.0000
 -2.82507718e-01   0.0000
 -2.65639377e+00   0.0000
  8.25772345e-01   0.0000
  3.13186198e-01   0.0000
  6.05500221e-01   0.0000
  3.96475703e-01   0.0000
 -6.03480041e-01   0.0000
 -6.32944465e-01   0.0000
 -7.06911623e-01   0.0000
 -7.62789190e-01   0.0000
 -8.87204945e-01   0.0000
 -7.44175613e-01   0.0000
  7.97383368e-01   0.0000
 -1.17662318e-01   0.0000
  3.98890465e-01   0.0000
 -5.01037717e-01   0.0000
 -9.19228673e-01   0.0000
 -6.81557357e-01   0.0000
 -7.30153978e-01   0.0000
 -1.22348380e+00   0.0000
 -2.30911851e-01   0.0000
 -7.30618834e-01   0.0000
 -1.90114582e+00   0.0000
  8.22241157e-02   0.0000
  1.42575884e+00   0.0000
  9.07776058e-01   0.0000
  6.31847024e-01   0.0000
  5.95452547e-01   0.0000
 -3.87370944e-01   0.0000
 -1.25314097e-03   0.0000
  8.55113729e-04   0.0000
  2.85441596e-02   0.0000
  7.64522254e-02   0.0000
  2.92154759e-01   0.0000
  5.56035805e-03   0.0000
  3.50352679e-03   0.0000
 -1.63164746e-04   0.0000
  1.94433033e-02   0.0000
 -3.58326943e-03   0.0000
 -2.91408272e-04   0.0000
  8.15523323e-04   0.0000
  8.78727157e-03   0.0000
  1.38189620e-03   0.0000
 -2.06899349e-04   0.0000
 -2.05414817e-02   0.0000
 -1.42322527e-03   0.0000
  1.08780615e-01   0.0000
 -7.59173604e-03   0.0000
 -2.27779467e-02   0.0000
  3.46514881e-02   0.0000
 -1.04138246e-02   0.0000
 -3.96425016e-02   0.0000
 -3.92539762e-02   0.0000
 -8.18817969e-03   0.0000
  7.38715753e-02   0.0000
  2.16891542e-02   0.0000
 -1.38426321e-02   0.0000
 -4.21426073e-02   0.0000
 -1.92222197e-03   0.0000
 -7.12716646e-05   0.0000
 -2.93074455e-02   0.0000
 -3.03755398e-03   0.0000
  2.15201806e-02   0.0000
 -1.47393811e-02   0.0000
  2.57651061e-01   0.0000
  3.23086798e-01   0.0000
  1.58795509e-02   0.0000
 -7.38138109e-02   0.0000
  4.78471862e-03   0.0000
 -2.56104162e-03   0.0000
 -5.56534762e-03   0.0000
 -4.75012290e-04   0.0000
  2.10386943e-02   0.0000
  8.54710292e-04   0.0000
 -2.04085605e-03   0.0000
  3.92721891e-02   0.0000
  1.53646460e-02   0.0000
 -6.72034398e-02   0.0000
  9.11233947e-02   0.0000
  1.13883615e-01   0.0000
 -1.66563056e-02   0.0000
 -7.20808050e-03   0.0000
  2.18901987e-04   0.0000
 -5.68491928e-02   0.0000
  1.30204231e-01   0.0000
  1.90137303e-04   0.0000
  2.85125554e-01   0.0000
  2.85016835e-01   0.0000
 -2.72833943e-01   0.0000
  4.75516394e-02   0.0000
 -3.01321074e-02   0.0000
 -7.36546423e-03   0.0000
  7.81940967e-02   0.0000
  1.31244376e-01   0.0000
  6.59679249e-02   0.0000
 -2.92315776e-03   0.0000
  5.44530928e-01   0.0000
  1.73603743e-01   0.0000
 -3.60707729e-03   0.0000
 -1.52504787e-01   0.0000
  1.13049836e-03   0.0000
 -1.04413303e-02   0.0000
  4.13538441e-02   0.0000
  1.09828310e-02   0.0000
 -3.22608580e-03   0.0000
  8.15507374e-05   0.0000
  6.03317807e-04   0.0000
  8.42326507e-02   0.0000
  8.80054943e-03   0.0000
  1.73587948e-01   0.0000
  2.11356636e-02   0.0000
  1.04351573e-01   0.0000
  4.79576476e-02   0.0000
 -5.02395630e-03   0.0000
  5.26650138e-02   0.0000
 -6.85572326e-02   0.0000
  1.10194534e-01   0.0000
 -4.31128219e-03   0.0000
  5.30282199e-01   0.0000
  5.29514253e-01   0.0000
 -7.36214340e-01   0.0000
  3.05439949e-01   0.0000
 -4.36399989e-02   0.0000
  2.02787830e-03   0.0000
  2.52606213e-01   0.0000
  1.21807113e-01   0.0000
  1.57779694e-01   0.0000
  2.99115032e-02   0.0000
  6.76598728e-01   0.0000
  2.29398534e-02   0.0000
 -4.85789403e-02   0.0000
 -1.98207915e-01   0.0000
  2.16223300e-02   0.0000
 -9.60878655e-02   0.0000
  5.07641304e-03   0.0000
  1.57883503e-02   0.0000
  3.40288207e-02   0.0000
 -1.07117658e-02   0.0000
 -2.54384317e-02   0.0000
  6.51920512e-02   0.0000
 -6.72182143e-02   0.0000
  2.54467189e-01   0.0000
 -1.53491855e-01   0.0000
  1.96225077e-01   0.0000
  9.87171978e-02   0.0000
  2.59066690e-02   0.0000
 -1.12420681e-03   0.0000
 -4.74442132e-02   0.0000
 -7.28708412e-03   0.0000
  8.01661685e-02   0.0000
  5.51886797e-01   0.0000
  4.01410401e-01   0.0000
 -1.19161642e+00   0.0000
  8.20279539e-01   0.0000
 -6.68216348e-02   0.0000
  3.85765210e-02   0.0000
  2.61501193e-01   0.0000
  6.50696084e-02   0.0000
  2.70612121e-01   0.0000
  7.85735175e-02   0.0000
  8.78311276e-01   0.0000
 -1.37296051e-01   0.0000
 -1.53802782e-01   0.0000
 -2.87026882e-01   0.0000
  5.73507510e-03   0.0000
  5.54058654e-03   0.0000
 -4.01090784e-03   0.0000
  2.27946490e-02   0.0000
  1.31467953e-01   0.0000
 -9.91209224e-02   0.0000
 -1.50685042e-01   0.0000
  6.24865927e-02   0.0000
 -8.65063667e-02   0.0000
  4.30315509e-02   0.0000
 -4.27471042e-01   0.0000
  2.44507313e-01   0.0000
  1.48834452e-01   0.0000
  8.76465961e-02   0.0000
  1.76926646e-02   0.0000
  4.84915311e-03   0.0000
 -1.82367682e-01   0.0000
  1.44991111e-02   0.0000
  5.14651418e-01   0.0000
 -2.64501095e-01   0.0000
 -1.35216463e+00   0.0000
  1.01026785e+00   0.0000
 -1.63249165e-01   0.0000
  3.63201387e-02   0.0000
  3.14439803e-01   0.0000
  8.12896416e-02   0.0000
  3.65739495e-01   0.0000
  1.01581223e-01   0.0000
  1.14075577e+00   0.0000
 -9.95359495e-02   0.0000
 -9.03652236e-02   0.0000
 -1.84053019e-01   0.0000
  2.03604288e-02   0.0000
 -4.43628021e-02   0.0000
 -1.57327147e-03   0.0000
  3.11361626e-02   0.0000
  1.93710983e-01   0.0000
 -1.37147412e-01   0.0000
 -2.20437184e-01   0.0000
  1.78017497e-01   0.0000
 -1.49224952e-01   0.0000
 -1.31138340e-01   0.0000
 -7.59176672e-01   0.0000
  2.54253328e-01   0.0000
  2.28703350e-01   0.0000
  7.96150416e-02   0.0000
  9.52323973e-02   0.0000
 -1.91392601e-02   0.0000
 -4.07693923e-01   0.0000
  8.55856016e-02   0.0000
  5.54056048e-01   0.0000
 -1.38081086e+00   0.0000
 -9.73069072e-01   0.0000
  8.39608431e-01   0.0000
 -5.65976538e-02   0.0000
  1.11247534e-02   0.0000
  1.65855318e-01   0.0000
  2.12758258e-02   0.0000
  5.33606350e-01   0.0000
  2.52499938e-01   0.0000
  1.51513541e+00   0.0000
  3.27805430e-02   0.0000
 -1.89340755e-01   0.0000
  1.36746719e-01   0.0000
  1.33784702e-02   0.0000
  2.68280990e-02   0.0000
 -1.92528311e-02   0.0000
  1.12534612e-02   0.0000
  1.83876529e-01   0.0000
 -2.31876463e-01   0.0000
 -2.68295079e-01   0.0000
  4.01394628e-02   0.0000
 -2.31571823e-01   0.0000
 -4.62623805e-01   0.0000
 -6.91558242e-01   0.0000
  4.20438379e-01   0.0000
  3.63753110e-01   0.0000
  1.15506746e-01   0.0000
  2.67100353e-02   0.0000
  1.26476482e-01   0.0000
 -5.80509007e-01   0.0000
  2.02512325e-04   0.0000
  6.78154349e-01   0.0000
 -2.79894710e+00   0.0000
 -6.61555827e-01   0.0000
  6.54602587e-01   0.0000
 -2.43855943e-03   0.0000
  1.16363339e-01   0.0000
  5.98870814e-02   0.0000
  3.55273187e-02   0.0000
  4.44212370e-03   0.0000
 -1.51872355e-02   0.0000
 -8.89214594e-03   0.0000
  7.84069121e-01   0.0000
  4.23507914e-02   0.0000
  8.67074057e-02   0.0000
 -4.50799987e-03   0.0000
  1.54212797e-02   0.0000
  5.07429766e-04   0.0000
 -9.20856255e-04   0.0000
 -4.55716811e-02   0.0000
 -3.87543318e-04   0.0000
  2.81544589e-02   0.0000
 -3.33323493e-03   0.0000
  1.44307653e-03   0.0000
  5.87636381e-02   0.0000
  5.17186821e-01   0.0000
  1.78153683e-02   0.0000
 -3.53940949e-02   0.0000
  5.20890171e-04   0.0000
 -1.65630656e-04   0.0000
 -8.53339359e-02   0.0000
 -4.20030683e-01   0.0000
  2.43555917e-03   0.0000
  9.04175453e-04   0.0000
  4.19809878e-01   0.0000
 -9.10772607e-02   0.0000
  7.27070570e-02   0.0000
 -1.35735224e-03   0.0000
 -9.51503229e-04   0.0000
 -5.37360203e-04   0.0000
  2.86871977e-02   0.0000
  3.22146602e-02   0.0000
 -1.89288948e-02   0.0000
 -5.01907021e-02   0.0000
  9.60506797e-01   0.0000
 -2.82331090e-02   0.0000
  1.02146104e-01   0.0000
  2.59618461e-03   0.0000
 -1.98738221e-02   0.0000
  1.63144970e-04   0.0000
  2.67219457e-05   0.0000
 -1.17836529e-02   0.0000
 -3.36924009e-03   0.0000
 -1.82504300e-04   0.0000
  3.45434286e-02   0.0000
 -1.76859647e-02   0.0000
  6.41725436e-02   0.0000
  1.54416397e-01   0.0000
 -4.52879369e-02   0.0000
  1.73907019e-02   0.0000
 -4.08863323e-03   0.0000
  1.55744096e-03   0.0000
 -1.56765562e-02   0.0000
 -2.95033187e-01   0.0000
 -9.17680300e-05   0.0000
  1.55742764e-01   0.0000
  7.85135508e-01   0.0000
 -8.08199570e-02   0.0000
  1.71438865e-02   0.0000
  3.18421880e-05   0.0000
  6.73357979e-04   0.0000
  6.39105495e-03   0.0000
 -7.20259873e-03   0.0000
  8.51954371e-02   0.0000
  1.25015583e-02   0.0000
 -5.58956489e-02   0.0000
  8.14012468e-01   0.0000
 -1.16958302e-02   0.0000
  1.02657162e-01   0.0000
 -5.96119149e-04   0.0000
  1.49738288e-03   0.0000
 -3.67950270e-04   0.0000
 -2.70023197e-03   0.0000
  4.18281108e-02   0.0000
 -5.87909715e-03   0.0000
 -6.00277260e-02   0.0000
  1.16151134e-02   0.0000
 -4.70647030e-02   0.0000
  4.88739274e-02   0.0000
 -4.15907055e-01   0.0000
 -1.27085671e-01   0.0000
  3.57120894e-02   0.0000
  2.88309883e-02   0.0000
 -2.23982986e-03   0.0000
  1.55552119e-01   0.0000
 -1.14285544e-01   0.0000
  8.70866876e-04   0.0000
  5.32750845e-01   0.0000
  1.16752601e+00   0.0000
 -5.85147738e-02   0.0000
  9.04794857e-02   0.0000
 -1.72640849e-02   0.0000
  4.46493290e-02   0.0000
  7.17053562e-02   0.0000
  1.83089171e-02   0.0000
  1.59440309e-01   0.0000
  1.33656964e-01   0.0000
 -4.32923101e-02   0.0000
  6.48180723e-01   0.0000
 -9.20001417e-02   0.0000
  1.65005550e-01   0.0000
  6.47771358e-02   0.0000
  1.93960778e-02   0.0000
 -4.75724228e-03   0.0000
  7.94662815e-03   0.0000
  1.68458372e-01   0.0000
 -4.16055210e-02   0.0000
 -6.96551576e-02   0.0000
  5.15553020e-02   0.0000
 -1.04891732e-01   0.0000
  7.82917440e-02   0.0000
 -6.71568394e-01   0.0000
 -3.32731634e-01   0.0000
  1.21186823e-01   0.0000
  1.18488029e-01   0.0000
  2.46969629e-02   0.0000
  5.39322853e-01   0.0000
  1.23156391e-01   0.0000
  1.10932474e-03   0.0000
  1.01052129e+00   0.0000
  1.46562791e+00   0.0000
 -8.00992697e-02   0.0000
 -1.86866242e-02   0.0000
 -4.30045853e-04   0.0000
  1.44023476e-02   0.0000
  4.69210930e-02   0.0000
  1.46384267e-02   0.0000
  2.41521508e-01   0.0000
  1.85287967e-01   0.0000
  1.93142086e-01   0.0000
  3.82751465e-01   0.0000
 -2.43571460e-01   0.0000
  3.34348232e-01   0.0000
  8.27513821e-03   0.0000
  9.73043777e-03   0.0000
 -7.74044031e-03   0.0000
  1.66465268e-02   0.0000
  1.54280826e-01   0.0000
 -1.43625528e-01   0.0000
 -7.00705200e-02   0.0000
  8.72178227e-02   0.0000
 -1.47602260e-01   0.0000
  1.48510501e-01   0.0000
 -3.47909749e-01   0.0000
 -2.49008179e-01   0.0000
  2.12064862e-01   0.0000
  1.63325965e-01   0.0000
  2.51224805e-02   0.0000
  7.54071355e-01   0.0000
  1.79227099e-01   0.0000
  1.20097045e-02   0.0000
  1.36533368e+00   0.0000
  1.49432826e+00   0.0000
 -2.41675600e-01   0.0000
 -4.48870957e-01   0.0000
  1.76563468e-02   0.0000
  3.67930047e-02   0.0000
  1.92865536e-01   0.0000
  2.31836941e-02   0.0000
  3.11143041e-01   0.0000
  1.77801371e-01   0.0000
  5.59701025e-01   0.0000
  4.77065444e-01   0.0000
 -2.23624974e-01   0.0000
  6.92225277e-01   0.0000
  1.64673589e-02   0.0000
  1.22188805e-02   0.0000
 -1.22937905e-02   0.0000
  5.89747354e-03   0.0000
  1.89781398e-01   0.0000
 -2.52355665e-01   0.0000
 -1.58915073e-01   0.0000
  1.41469657e-01   0.0000
 -2.07324073e-01   0.0000
  2.36479759e-01   0.0000
  3.08789998e-01   0.0000
 -9.71542969e-02   0.0000
  3.17613631e-01   0.0000
  1.22832216e-01   0.0000
  1.44148722e-01   0.0000
  9.65855360e-01   0.0000
 -4.91402345e-03   0.0000
  1.62369478e-02   0.0000
  1.71529090e+00   0.0000
  1.57824302e+00   0.0000
 -5.42443693e-01   0.0000
 -1.00103545e+00   0.0000
  3.65222804e-02   0.0000
  6.86788037e-02   0.0000
  2.37036020e-01   0.0000
  1.32898182e-01   0.0000
  5.01446366e-01   0.0000
  3.12737525e-01   0.0000
  9.68821347e-01   0.0000
  5.86218357e-01   0.0000
 -2.17971727e-01   0.0000
  9.71830606e-01   0.0000
  1.79201178e-02   0.0000
 -4.80956919e-02   0.0000
 -4.59033102e-02   0.0000
  3.65198664e-02   0.0000
  1.87404707e-01   0.0000
 -2.81348914e-01   0.0000
 -1.49619937e-01   0.0000
  1.91945344e-01   0.0000
 -2.51046538e-01   0.0000
  3.44111055e-01   0.0000
  1.46592200e+00   0.0000
  1.28940016e-01   0.0000
  2.43001193e-01   0.0000
  1.14214197e-01   0.0000
  7.81411231e-02   0.0000
  1.01643443e+00   0.0000
 -3.68005931e-01   0.0000
  1.31710945e-02   0.0000
  1.92884505e+00   0.0000
  1.45929694e+00   0.0000
 -7.22706497e-01   0.0000
 -1.81588793e+00   0.0000
  7.51141384e-02   0.0000
  7.06759170e-02   0.0000
  1.94692954e-01   0.0000
  5.84372738e-03   0.0000
  9.16699879e-04   0.0000
  1.46371620e-02   0.0000
  2.10976198e-01   0.0000
 -1.83451402e+00   0.0000
  7.62624061e-03   0.0000
  2.02807084e-01   0.0000
  1.28078861e-02   0.0000
 -5.32236695e-02   0.0000
  8.60717788e-04   0.0000
 -6.35134205e-02   0.0000
 -1.95127924e-03   0.0000
 -5.58792707e-03   0.0000
  1.25972391e-03   0.0000
 -4.52427019e-04   0.0000
 -2.75627153e-05   0.0000
 -3.56579050e-02   0.0000
  1.12937081e+00   0.0000
  9.88418013e-02   0.0000
 -3.45629901e-02   0.0000
 -5.33767627e-04   0.0000
 -7.72349769e-04   0.0000
 -8.98164511e-02   0.0000
 -7.75462449e-01   0.0000
 -1.10851528e-04   0.0000
 -1.18033268e-01   0.0000
  2.85604239e-01   0.0000
  1.08916359e-02   0.0000
 -6.82492256e-01   0.0000
 -2.05574022e-03   0.0000
 -4.12425143e-04   0.0000
 -8.72740224e-02   0.0000
 -6.20323094e-03   0.0000
  4.48046252e-02   0.0000
 -5.09438943e-03   0.0000
  4.61529903e-02   0.0000
 -1.81186163e+00   0.0000
  5.77759258e-02   0.0000
 -1.58448517e-02   0.0000
  6.02886453e-02   0.0000
 -3.69458366e-03   0.0000
  9.71510482e-04   0.0000
 -5.33035770e-02   0.0000
 -5.70622971e-03   0.0000
 -2.12762086e-03   0.0000
  1.33414911e-02   0.0000
 -5.18023875e-03   0.0000
  1.86278496e-03   0.0000
 -3.03796321e-01   0.0000
  1.16664994e+00   0.0000
  2.62154430e-01   0.0000
 -1.57703962e-02   0.0000
 -3.99307534e-03   0.0000
 -1.21761998e-02   0.0000
 -5.04125357e-02   0.0000
 -5.51138520e-01   0.0000
 -9.24353080e-04   0.0000
  6.16718382e-02   0.0000
  1.56665474e-01   0.0000
  2.37093732e-01   0.0000
 -1.36088490e+00   0.0000
  5.39882965e-02   0.0000
 -1.60259951e-05   0.0000
 -6.54912144e-02   0.0000
 -1.27966195e-01   0.0000
  6.96606338e-02   0.0000
 -5.34737157e-03   0.0000
 -1.29054621e-01   0.0000
 -8.20848405e-01   0.0000
  3.56169082e-02   0.0000
 -7.49832243e-02   0.0000
  4.92510684e-02   0.0000
  1.17843561e-01   0.0000
 -3.76957059e-02   0.0000
 -6.69091567e-02   0.0000
 -3.46378190e-03   0.0000
 -1.24336295e-02   0.0000
 -9.48862452e-03   0.0000
 -9.92115960e-02   0.0000
 -1.25309208e-03   0.0000
 -6.91700399e-01   0.0000
  1.23347640e+00   0.0000
  4.78658319e-01   0.0000
 -1.24769732e-02   0.0000
 -4.10320796e-03   0.0000
  5.09966444e-03   0.0000
  1.49157243e-02   0.0000
 -6.97103024e-01   0.0000
 -5.81088811e-02   0.0000
  2.36698538e-01   0.0000
  2.04772845e-01   0.0000
  5.52891850e-01   0.0000
 -1.58034122e+00   0.0000
  2.95162573e-02   0.0000
  1.72028020e-02   0.0000
 -1.09849393e-01   0.0000
 -1.02573857e-01   0.0000
  1.34827748e-01   0.0000
 -5.95919862e-02   0.0000
 -2.39586949e-01   0.0000
  2.55143672e-01   0.0000
 -4.70037526e-03   0.0000
  7.42802545e-02   0.0000
  1.33528918e-01   0.0000
  7.71333352e-02   0.0000
 -1.39314264e-01   0.0000
 -4.67124544e-02   0.0000
  5.03829820e-03   0.0000
 -1.12012461e-01   0.0000
 -2.46258099e-02   0.0000
  8.59090313e-03   0.0000
 -1.39479293e-03   0.0000
 -1.20566463e+00   0.0000
  1.15051305e+00   0.0000
  7.17115641e-01   0.0000
 -3.31813544e-02   0.0000
 -8.71748477e-02   0.0000
 -4.60353903e-02   0.0000
  1.01782165e-01   0.0000
 -7.20715165e-01   0.0000
  8.51575111e-04   0.0000
  3.56039554e-01   0.0000
  2.66851246e-01   0.0000
  7.56897271e-01   0.0000
 -1.36479235e+00   0.0000
  2.22033113e-02   0.0000
  9.46156587e-03   0.0000
 -2.15232179e-01   0.0000
 -1.57218754e-01   0.0000
  1.03775814e-01   0.0000
 -6.85036406e-02   0.0000
 -4.32091117e-01   0.0000
  7.78198421e-01   0.0000
  4.03851792e-02   0.0000
  4.47950453e-01   0.0000
 -2.28303997e-03   0.0000
  2.23856419e-01   0.0000
 -1.86437160e-01   0.0000
 -8.25304165e-02   0.0000
 -7.52957016e-02   0.0000
 -1.33832857e-01   0.0000
 -1.94728523e-01   0.0000
 -1.03001647e-01   0.0000
  9.58533734e-02   0.0000
 -1.43016601e+00   0.0000
  7.69863427e-01   0.0000
  8.01884055e-01   0.0000
 -8.57687145e-02   0.0000
  6.16334239e-03   0.0000
 -8.89667720e-02   0.0000
 -5.30888364e-02   0.0000
 -3.96706194e-01   0.0000
 -7.14644641e-02   0.0000
  3.07019174e-01   0.0000
  1.50169030e-01   0.0000
  7.51288652e-01   0.0000
 -1.24778771e+00   0.0000
  2.82156374e-03   0.0000
  6.88866079e-02   0.0000
 -2.04012692e-01   0.0000
 -2.01313347e-01   0.0000
  1.01809278e-01   0.0000
 -1.13235936e-01   0.0000
 -6.35591626e-01   0.0000
  8.82838607e-01   0.0000
  1.90458611e-01   0.0000
  7.87360668e-01   0.0000
  7.63046846e-04   0.0000
  2.01680541e-01   0.0000
 -6.60584569e-02   0.0000
 -6.65009487e-03   0.0000
 -2.47914031e-01   0.0000
 -1.16889596e-01   0.0000
 -1.66909724e-01   0.0000
 -1.41941249e-01   0.0000
  2.30705470e-01   0.0000
 -1.58913863e+00   0.0000
  3.84394750e-02   0.0000
  7.29215801e-01   0.0000
 -2.11964011e-01   0.0000
 -2.21080333e-01   0.0000
 -8.50250721e-02   0.0000
 -1.38414681e-01   0.0000
  1.06484555e-01   0.0000
 -1.59407452e-01   0.0000
  5.83453774e-02   0.0000
  4.39871132e-01   0.0000
  5.08702099e-01   0.0000
 -4.78329808e-01   0.0000
 -9.80659649e-02   0.0000
  8.42774734e-02   0.0000
 -2.92891741e-01   0.0000
 -2.68902421e-01   0.0000
  3.15020084e-02   0.0000
 -2.40941823e-01   0.0000
 -5.21737278e-01   0.0000
  5.93593836e-01   0.0000
  2.56985396e-01   0.0000
  1.18082559e+00   0.0000
  3.37463664e-03   0.0000
  3.77072603e-01   0.0000
 -2.61933208e-01   0.0000
 -8.65818188e-02   0.0000
 -2.59261906e-01   0.0000
 -1.54610962e-01   0.0000
 -2.13260844e-01   0.0000
 -2.39381745e-01   0.0000
  3.63284469e-01   0.0000
 -1.42994869e+00   0.0000
 -3.40830714e-01   0.0000
  3.76700729e-01   0.0000
 -3.00890028e-01   0.0000
 -2.05691397e-01   0.0000
 -1.70350030e-01   0.0000
 -4.95073199e-01   0.0000
  6.99658871e-01   0.0000
 -1.32088453e-01   0.0000
 -2.70963162e-01   0.0000
  1.37459326e+00   0.0000
  2.37501726e-01   0.0000
  1.10048366e+00   0.0000
 -2.26594642e-01   0.0000
  2.05890670e-01   0.0000
 -4.60204720e-01   0.0000
  1.20299282e-02   0.0000
  6.96382821e-02   0.0000
 -3.73326149e-03   0.0000
  6.96941316e-01   0.0000
  1.82410672e-01   0.0000
  2.00602468e-02   0.0000
  2.67996967e-01   0.0000
  1.10851780e-01   0.0000
 -1.65069085e-02   0.0000
  1.88630045e-04   0.0000
 -1.93667802e-04   0.0000
 -2.38221674e-03   0.0000
  1.89389158e-02   0.0000
  5.93825616e-03   0.0000
 -2.47938782e-02   0.0000
 -9.44414816e-04   0.0000
  4.47110891e-01   0.0000
  2.13850006e-01   0.0000
 -9.38170403e-02   0.0000
 -1.32277310e-02   0.0000
 -1.17633361e-02   0.0000
 -9.00822983e-04   0.0000
 -1.25373965e-02   0.0000
 -5.88213384e-01   0.0000
 -7.98958994e-04   0.0000
 -2.66750138e-02   0.0000
  1.15151942e+00   0.0000
 -4.71275998e-03   0.0000
  1.31907129e+00   0.0000
 -8.45922157e-03   0.0000
 -2.74452250e-02   0.0000
 -9.03163180e-02   0.0000
  4.34397683e-02   0.0000
  1.52851909e-01   0.0000
 -1.92571599e-02   0.0000
  5.30883908e-01   0.0000
 -1.71498880e-02   0.0000
  4.84386943e-02   0.0000
  1.73892662e-01   0.0000
  2.27064833e-01   0.0000
 -3.91165055e-02   0.0000
 -7.12624824e-05   0.0000
 -4.96926159e-02   0.0000
 -1.92472171e-02   0.0000
 -1.22194774e-02   0.0000
  4.10814129e-04   0.0000
 -5.02958801e-03   0.0000
  1.53384637e-02   0.0000
 -2.44998306e-01   0.0000
 -5.00612319e-01   0.0000
 -2.24295929e-01   0.0000
 -8.98035467e-02   0.0000
 -8.17104150e-03   0.0000
 -7.70364932e-05   0.0000
  4.26817983e-02   0.0000
 -1.98672965e-01   0.0000
  5.00861323e-04   0.0000
  3.27186733e-02   0.0000
  7.99072208e-04   0.0000
  2.69304235e-02   0.0000
  6.19832754e-01   0.0000
  2.03940138e-01   0.0000
 -2.95569829e-04   0.0000
 -7.25698024e-02   0.0000
  1.50634199e-01   0.0000
  3.22757542e-01   0.0000
 -2.99670398e-02   0.0000
  2.72472233e-01   0.0000
 -1.56464681e-01   0.0000
  2.18905024e-02   0.0000
 -2.00146995e-02   0.0000
  2.36081779e-01   0.0000
 -9.82618555e-02   0.0000
  2.84745096e-04   0.0000
 -4.47946005e-02   0.0000
 -2.47862414e-02   0.0000
 -5.02187014e-02   0.0000
  6.53063878e-03   0.0000
 -3.26690525e-02   0.0000
  4.53822722e-04   0.0000
 -6.77154660e-02   0.0000
 -7.97892630e-01   0.0000
 -3.11320037e-01   0.0000
 -1.64304554e-01   0.0000
 -2.35945024e-02   0.0000
 -9.55154467e-03   0.0000
 -3.38826440e-02   0.0000
 -3.99765670e-02   0.0000
 -5.08284196e-04   0.0000
  2.50001758e-01   0.0000
 -3.63873392e-01   0.0000
 -1.19520158e-01   0.0000
 -2.40681142e-01   0.0000
  1.08853377e-01   0.0000
  6.52041938e-03   0.0000
  1.51861995e-01   0.0000
  2.49012783e-01   0.0000
  2.76953876e-01   0.0000
 -1.19643718e-01   0.0000
  3.76985818e-01   0.0000
 -2.44244486e-01   0.0000
  4.43920940e-02   0.0000
  1.12207584e-01   0.0000
  1.88939348e-01   0.0000
 -9.72653851e-02   0.0000
  2.64194584e-03   0.0000
 -8.02052692e-02   0.0000
 -8.85476097e-02   0.0000
 -4.70581576e-02   0.0000
 -8.57251659e-02   0.0000
 -7.80995041e-02   0.0000
  8.50580707e-02   0.0000
  8.78422797e-01   0.0000
 -3.19726467e-01   0.0000
 -1.84796974e-01   0.0000
 -1.89951167e-01   0.0000
 -1.59037977e-01   0.0000
 -7.88703486e-02   0.0000
 -1.52455494e-01   0.0000
  8.73147547e-02   0.0000
 -2.84349713e-02   0.0000
  2.77876854e-01   0.0000
 -2.16789186e-01   0.0000
 -3.42442602e-01   0.0000
 -1.06010504e-01   0.0000
  2.53103703e-01   0.0000
  1.13325238e-01   0.0000
  4.46315587e-01   0.0000
  2.91955560e-01   0.0000
  3.95131856e-01   0.0000
 -1.20451733e-01   0.0000
  6.30679429e-01   0.0000
 -1.74618170e-01   0.0000
  1.89061895e-01   0.0000
 -2.36396015e-01   0.0000
  7.79227763e-02   0.0000
 -9.70506892e-02   0.0000
  4.92044911e-03   0.0000
 -5.61564714e-02   0.0000
 -9.47489962e-02   0.0000
 -1.91204980e-01   0.0000
 -1.15737878e-01   0.0000
 -2.65967101e-01   0.0000
  1.36413664e-01   0.0000
  9.10330236e-01   0.0000
 -8.31340998e-02   0.0000
 -8.24774504e-02   0.0000
 -1.05231069e-01   0.0000
 -9.92954373e-02   0.0000
 -1.12134896e-01   0.0000
 -2.88146585e-01   0.0000
  3.40318650e-01   0.0000
 -8.61111134e-02   0.0000
  1.27158925e-01   0.0000
  6.43977076e-02   0.0000
 -5.35918295e-01   0.0000
 -1.55455753e-01   0.0000
  7.75617734e-02   0.0000
  1.23091675e-01   0.0000
  7.02015579e-01   0.0000
  2.64145672e-01   0.0000
  5.53776264e-01   0.0000
 -3.26056898e-01   0.0000
  7.10481763e-01   0.0000
 -1.40346900e-01   0.0000
  2.27534503e-01   0.0000
 -1.36606014e+00   0.0000
  3.58004635e-03   0.0000
 -1.20032385e-01   0.0000
 -1.89978510e-01   0.0000
 -1.35972602e-02   0.0000
 -1.91278681e-01   0.0000
 -6.07927926e-02   0.0000
 -2.04448476e-01   0.0000
 -1.35040954e-01   0.0000
  3.16266835e-01   0.0000
 -2.18526602e-01   0.0000
 -4.20341551e-01   0.0000
  5.84156392e-03   0.0000
 -1.28547341e-01   0.0000
 -2.51561403e-01   0.0000
 -1.58591002e-01   0.0000
 -7.09014416e-01   0.0000
  2.97823489e-01   0.0000
 -2.34901324e-01   0.0000
 -7.47970790e-02   0.0000
  9.76776481e-02   0.0000
 -6.23986900e-01   0.0000
 -3.43996614e-01   0.0000
  9.17239934e-02   0.0000
  2.16918588e-01   0.0000
  9.91180301e-01   0.0000
  2.39456519e-01   0.0000
  5.51411688e-01   0.0000
 -2.92056948e-01   0.0000
  1.01172876e+00   0.0000
 -4.01565164e-01   0.0000
  3.19827914e-01   0.0000
 -2.07335091e+00   0.0000
 -4.16564755e-03   0.0000
 -8.29088539e-02   0.0000
 -7.06501007e-02   0.0000
 -1.05937921e-01   0.0000
 -3.93896788e-01   0.0000
 -1.12742431e-01   0.0000
 -2.46244937e-01   0.0000
 -1.89817816e-01   0.0000
  3.15789908e-01   0.0000
 -1.33107710e+00   0.0000
  6.52917475e-03   0.0000
  1.37527257e-01   0.0000
 -3.03892225e-01   0.0000
 -1.76666647e-01   0.0000
 -2.07098976e-01   0.0000
 -7.86713719e-01   0.0000
 -2.07370862e-01   0.0000
 -3.60493571e-01   0.0000
 -3.40741843e-01   0.0000
  8.65179121e-01   0.0000
 -6.64598703e-01   0.0000
  7.65432775e-01   0.0000
 -5.19724637e-02   0.0000
  1.57346949e-01   0.0000
  1.13547170e+00   0.0000
  1.95079625e-01   0.0000
 -4.14268449e-02   0.0000
 -1.25096694e-01   0.0000
  2.45878533e-01   0.0000
 -4.52421486e-01   0.0000
 -6.61288900e-03   0.0000
  1.05607784e+00   0.0000
  5.91614246e-01   0.0000
 -1.01414517e-01   0.0000
 -2.12666452e-01   0.0000
 -9.04480666e-02   0.0000
 -1.54486865e-01   0.0000
 -1.92504525e-01   0.0000
 -2.20707700e-01   0.0000
 -3.64433601e-03   0.0000
  1.02540366e-01   0.0000
 -1.36715040e-01   0.0000
  2.99943179e-01   0.0000
 -7.36336336e-02   0.0000
 -2.24867642e-01   0.0000
 -1.87730893e-01   0.0000
 -2.38201037e-01   0.0000
 -9.00750309e-02   0.0000
  7.47808278e-01   0.0000
 -1.82254434e-01   0.0000
 -1.19050585e-01   0.0000
  9.05313969e-01   0.0000
 -6.24734998e-01   0.0000
 -1.52183115e+00   0.0000
  2.09548860e-03   0.0000
  2.13554218e-01   0.0000
 -2.11779773e-01   0.0000
 -3.40823196e-02   0.0000
 -2.35596567e-01   0.0000
  5.21898009e-02   0.0000
 -1.39142692e-01   0.0000
  2.80271284e-02   0.0000
 -6.18176721e-02   0.0000
  2.57876366e-01   0.0000
  3.34726684e-02   0.0000
 -4.63734288e-03   0.0000
 -1.98110506e-01   0.0000
  4.23357785e-02   0.0000
  4.06000251e-03   0.0000
 -1.83460653e-01   0.0000
 -6.18244149e-02   0.0000
 -7.13181635e-03   0.0000
 -2.78415270e-02   0.0000
 -5.85959814e-02   0.0000
 -1.96388159e-02   0.0000
  2.36290053e-01   0.0000
  3.08625370e-01   0.0000
  7.98108522e-03   0.0000
 -3.57637584e-01   0.0000
  6.19238068e-04   0.0000
 -1.09749041e-01   0.0000
  2.16523707e-02   0.0000
  3.00751328e-01   0.0000
 -2.61954904e-01   0.0000
  2.14075044e-01   0.0000
  2.09772974e-01   0.0000
 -8.21696036e-03   0.0000
 -1.69527143e-01   0.0000
 -8.76302421e-02   0.0000
  2.17056111e-01   0.0000
  3.39970082e-01   0.0000
 -1.10977128e-01   0.0000
  2.20086530e-01   0.0000
 -1.95182413e-01   0.0000
  1.86862946e-01   0.0000
 -3.78523469e-01   0.0000
 -6.78611696e-02   0.0000
  2.08619386e-02   0.0000
  5.94805777e-01   0.0000
 -8.20038095e-02   0.0000
  3.74788195e-02   0.0000
  2.26659551e-01   0.0000
 -1.17726184e-01   0.0000
  2.21072435e-02   0.0000
  6.07330836e-02   0.0000
  9.88391489e-02   0.0000
  1.48178756e-01   0.0000
 -3.15341800e-01   0.0000
 -3.93636078e-01   0.0000
 -4.26556394e-02   0.0000
  4.83620286e-01   0.0000
 -6.01538457e-02   0.0000
  2.30508134e-01   0.0000
  6.03015721e-02   0.0000
 -4.62104321e-01   0.0000
  7.04971790e-01   0.0000
 -2.66777962e-01   0.0000
 -1.94867194e-01   0.0000
  4.33114395e-02   0.0000
  3.54802579e-01   0.0000
  2.73222595e-01   0.0000
  3.34655009e-02   0.0000
  1.38248608e-01   0.0000
 -8.21906552e-02   0.0000
  1.80769444e-01   0.0000
 -1.96104765e-01   0.0000
  2.96409186e-02   0.0000
 -1.23698533e-01   0.0000
 -1.97092611e-02   0.0000
  6.46056328e-03   0.0000
  4.85185273e-02   0.0000
 -5.57454415e-02   0.0000
 -8.94076899e-02   0.0000
  1.08202353e-01   0.0000
 -3.03487897e-01   0.0000
  4.87128757e-02   0.0000
 -4.15538112e-03   0.0000
  6.47655427e-02   0.0000
  6.48461953e-02   0.0000
 -6.76921085e-02   0.0000
 -9.02491733e-02   0.0000
  1.66068913e-03   0.0000
  1.16300963e-01   0.0000
 -1.55998887e-02   0.0000
  8.80856887e-02   0.0000
  1.08388633e-01   0.0000
 -3.48027498e-02   0.0000
  1.00249268e-01   0.0000
 -1.29251018e-01   0.0000
 -1.00453869e-01   0.0000
  9.83960032e-02   0.0000
  7.99088553e-02   0.0000
  3.83205041e-02   0.0000
 -2.08586663e-01   0.0000
 -5.02639234e-01   0.0000
  2.62194872e-01   0.0000
 -4.21667308e-01   0.0000
  2.78363943e-01   0.0000
 -3.03272158e-01   0.0000
  5.50027609e-01   0.0000
  1.80555850e-01   0.0000
 -1.47381872e-01   0.0000
 -2.09697157e-01   0.0000
  1.66485772e-01   0.0000
 -6.66475389e-04   0.0000
 -4.34351623e-01   0.0000
  7.53722042e-02   0.0000
 -1.46439048e-02   0.0000
 -2.78353155e-01   0.0000
 -2.55419135e-01   0.0000
 -1.00212328e-01   0.0000
  4.05667514e-01   0.0000
  5.71753204e-01   0.0000
  2.53879873e-04   0.0000
 -4.90998387e-01   0.0000
  1.63724631e-01   0.0000
 -4.12267745e-01   0.0000
 -8.49583596e-02   0.0000
  5.00574470e-01   0.0000
 -5.42781770e-01   0.0000
  4.42201287e-01   0.0000
  3.63052100e-01   0.0000
 -8.53165239e-02   0.0000
 -4.39883709e-01   0.0000
 -2.06480771e-01   0.0000
 -4.58064467e-01   0.0000
 -7.41691411e-01   0.0000
  3.49468410e-01   0.0000
 -4.88830328e-01   0.0000
  3.93243641e-01   0.0000
 -6.28192604e-01   0.0000
  8.73243272e-01   0.0000
  4.64665413e-01   0.0000
 -2.27793634e-01   0.0000
 -9.86527860e-01   0.0000
  2.14840189e-01   0.0000
 -4.24815953e-01   0.0000
 -7.14928567e-01   0.0000
  4.28467281e-02   0.0000
  5.97548373e-02   0.0000
 -5.52149475e-01   0.0000
 -5.87327182e-01   0.0000
 -4.64994252e-01   0.0000
  8.62070262e-01   0.0000
  9.69917357e-01   0.0000
  7.38861784e-02   0.0000
 -8.96968901e-01   0.0000
  4.58491385e-01   0.0000
 -6.68292165e-01   0.0000
  7.53797079e-03   0.0000
  1.12819445e+00   0.0000
 -1.17006016e+00   0.0000
  5.92435241e-01   0.0000
  5.82454979e-01   0.0000
 -2.61173368e-01   0.0000
 -9.07328010e-01   0.0000
 -5.04033566e-01   0.0000
 -2.60042716e-02   0.0000
 -1.62640512e-01   0.0000
  1.28097177e-01   0.0000
 -2.54738688e-01   0.0000
  2.15222269e-01   0.0000
 -3.40548977e-02   0.0000
  6.71075508e-02   0.0000
  3.06609645e-02   0.0000
 -1.04885474e-02   0.0000
 -1.10233009e-01   0.0000
  1.24998279e-01   0.0000
  3.96643812e-03   0.0000
 -1.69965938e-01   0.0000
  1.71901450e-01   0.0000
 -2.25613061e-02   0.0000
 -2.13002767e-02   0.0000
 -5.32139950e-02   0.0000
 -4.29627337e-02   0.0000
  2.52046380e-02   0.0000
  1.05338670e-01   0.0000
 -2.58177938e-03   0.0000
 -1.42391130e-01   0.0000
  2.23242361e-02   0.0000
 -6.62772134e-02   0.0000
 -1.31624669e-01   0.0000
  7.03099519e-02   0.0000
 -4.40263897e-02   0.0000
  1.50601730e-01   0.0000
  5.90952337e-02   0.0000
 -2.04772577e-02   0.0000
 -7.95391575e-02   0.0000
 -2.65450235e-02   0.0000
 -9.80827212e-02   0.0000
 -2.32479453e-01   0.0000
  6.41758963e-02   0.0000
 -1.48520842e-01   0.0000
  1.32688716e-01   0.0000
 -1.08266547e-01   0.0000
  1.56577855e-01   0.0000
  9.96899046e-03   0.0000
  9.87407472e-03   0.0000
 -4.09815997e-01   0.0000
  8.28636512e-02   0.0000
 -5.77956550e-02   0.0000
 -1.05780393e-01   0.0000
  1.43394575e-01   0.0000
 -3.77683528e-03   0.0000
 -1.58041388e-01   0.0000
 -8.22596550e-02   0.0000
 -4.56219614e-02   0.0000
  1.67860672e-01   0.0000
  1.80995613e-01   0.0000
  2.66844363e-05   0.0000
 -1.53323665e-01   0.0000
  2.58299545e-03   0.0000
 -5.24438992e-02   0.0000
  1.04027959e-02   0.0000
  1.71358272e-01   0.0000
 -1.51834950e-01   0.0000
  2.08254740e-01   0.0000
  2.05806464e-01   0.0000
 -3.52165569e-03   0.0000
 -1.46910176e-01   0.0000
 -2.00566679e-01   0.0000
 -1.39968246e-01   0.0000
  8.85408446e-02   0.0000
 -1.32874865e-02   0.0000
  4.06358540e-02   0.0000
 -5.66944815e-02   0.0000
 -1.89956546e-01   0.0000
 -1.88845426e-01   0.0000
  1.75230861e-01   0.0000
 -2.86733676e-02   0.0000
  2.70230889e-01   0.0000
  1.15305588e-01   0.0000
 -6.62312061e-02   0.0000
  2.10915413e-02   0.0000
 -6.19915202e-02   0.0000
  4.15399816e-04   0.0000
 -6.06505275e-02   0.0000
 -1.44644201e-01   0.0000
 -8.51913095e-02   0.0000
 -7.16737807e-02   0.0000
 -1.10956326e-01   0.0000
  8.67077499e-04   0.0000
  1.24670289e-01   0.0000
  9.48869437e-02   0.0000
  3.76684517e-02   0.0000
  4.48545488e-03   0.0000
 -1.27112329e-01   0.0000
  2.70539850e-01   0.0000
 -3.09266616e-02   0.0000
 -2.63597984e-02   0.0000
 -2.35063396e-02   0.0000
  9.61674973e-02   0.0000
 -1.92325890e-01   0.0000
  7.85343274e-02   0.0000
  1.50769919e-01   0.0000
 -1.71636920e-02   0.0000
  6.04134798e-02   0.0000
 -1.13470992e-02   0.0000
  5.85440584e-02   0.0000
 -2.29501516e-01   0.0000
 -5.51727116e-02   0.0000
 -2.52227462e-03   0.0000
  3.22975628e-02   0.0000
 -1.49413832e-02   0.0000
  5.75091131e-02   0.0000
  1.09558426e-01   0.0000
  1.18234962e-01   0.0000
  2.51964739e-05   0.0000
  1.35625331e-02   0.0000
  2.13598479e-02   0.0000
  5.55098243e-03   0.0000
 -1.09793037e-01   0.0000
 -1.83104798e-01   0.0000
  2.71644769e-03   0.0000
  1.64664462e-01   0.0000
 -1.05657153e-01   0.0000
  2.00105369e-01   0.0000
 -6.48983717e-02   0.0000
 -8.37107003e-02   0.0000
  1.63610190e-01   0.0000
 -1.12713374e-01   0.0000
 -1.32986113e-01   0.0000
  6.51803613e-02   0.0000
  1.89531967e-01   0.0000
  1.11778490e-01   0.0000
  8.37073009e-03   0.0000
  5.27871656e-04   0.0000
 -1.12921875e-02   0.0000
  7.85048644e-04   0.0000
 -6.33364320e-02   0.0000
 -4.38572578e-02   0.0000
  1.44136138e-02   0.0000
 -4.56608366e-03   0.0000
  3.16580781e-03   0.0000
 -4.49934490e-02   0.0000
 -8.26601125e-03   0.0000
 -6.98802099e-02   0.0000
  4.27771080e-03   0.0000
 -7.50366822e-02   0.0000
  6.98076561e-02   0.0000
  5.07234968e-03   0.0000
 -4.37569665e-03   0.0000
  3.24570318e-03   0.0000
  1.20304981e-02   0.0000
  7.82785714e-02   0.0000
  3.45535539e-02   0.0000
 -4.03090231e-02   0.0000
  7.74008557e-02   0.0000
  8.84835981e-03   0.0000
  5.54129202e-03   0.0000
  2.09742729e-02   0.0000
 -3.41080502e-02   0.0000
  8.38578865e-03   0.0000
 -1.00882966e-02   0.0000
  4.32735309e-03   0.0000
 -2.54919450e-03   0.0000
  1.52517587e-03   0.0000
  1.04824407e-02   0.0000
 -4.99252137e-03   0.0000
 -1.18275292e-01   0.0000
 -2.44604051e-03   0.0000
 -2.34333109e-02   0.0000
  6.76943595e-03   0.0000
 -1.15098488e-02   0.0000
 -1.03105828e-02   0.0000
  2.53639929e-03   0.0000
 -3.80290933e-02   0.0000
 -7.59232556e-03   0.0000
  1.92581181e-04   0.0000
  5.66225545e-03   0.0000
 -3.68530415e-02   0.0000
  1.08564692e-03   0.0000
  6.45672577e-03   0.0000
  1.28165521e-02   0.0000
  1.24744233e-02   0.0000
  1.27440440e-02   0.0000
  6.14981540e-03   0.0000
  3.37323669e-04   0.0000
 -1.18906973e-02   0.0000
 -1.02258446e-02   0.0000
 -3.59562715e-03   0.0000
  2.77542393e-03   0.0000
  1.92386564e-02   0.0000
 -2.94084847e-02   0.0000
  1.07759563e-02   0.0000
 -3.56036099e-03   0.0000
  2.68903524e-02   0.0000
 -3.76298130e-02   0.0000
  5.30146770e-02   0.0000
  2.07910296e-02   0.0000
  8.72389376e-02   0.0000
 -1.15355186e-01   0.0000
  8.92008469e-02   0.0000
 -1.59718275e-01   0.0000
  2.79977657e-02   0.0000
 -1.46552980e-01   0.0000
 -9.50960368e-02   0.0000
  6.38318881e-02   0.0000
  5.92281632e-02   0.0000
 -5.93056642e-02   0.0000
 -5.44645786e-02   0.0000
  1.31187037e-01   0.0000
 -1.75157040e-01   0.0000
  3.93298175e-03   0.0000
  1.23819308e-02   0.0000
  1.13318689e-01   0.0000
  2.17231419e-02   0.0000
 -9.18696076e-02   0.0000
 -5.39686680e-02   0.0000
 -4.77415696e-03   0.0000
  8.21794271e-02   0.0000
 -9.27747265e-02   0.0000
  6.04163446e-02   0.0000
  6.55208826e-02   0.0000
 -4.40899394e-02   0.0000
  1.20439388e-01   0.0000
 -8.00588429e-02   0.0000
 -1.13119587e-01   0.0000
  7.07924962e-02   0.0000
  9.12220702e-02   0.0000
  2.46243700e-02   0.0000
 -1.58227578e-01   0.0000
 -2.69777924e-02   0.0000
 -6.51031453e-03   0.0000
 -2.50526275e-02   0.0000
 -4.13139304e-03   0.0000
 -6.27676845e-02   0.0000
  1.25543103e-01   0.0000
 -5.24800038e-03   0.0000
 -6.64121062e-02   0.0000
 -1.23240456e-01   0.0000
  4.58506262e-03   0.0000
 -2.09243894e-01   0.0000
 -2.58605797e-02   0.0000
 -2.64846329e-02   0.0000
  7.17788115e-02   0.0000
 -2.38732472e-02   0.0000
 -3.21155088e-03   0.0000
 -6.41886145e-02   0.0000
  1.21810317e-01   0.0000
  1.53357133e-01   0.0000
  1.09916367e-02   0.0000
 -6.71107769e-02   0.0000
 -1.74536393e-03   0.0000
 -4.92476188e-02   0.0000
  4.19702008e-02   0.0000
  2.09209591e-01   0.0000
 -1.00153171e-01   0.0000
  3.88409421e-02   0.0000
  1.76083036e-02   0.0000
 -9.06539848e-04   0.0000
 -4.09969240e-02   0.0000
 -2.27566082e-02   0.0000
 -4.00735289e-02   0.0000
 -5.09061180e-02   0.0000
  5.40918019e-03   0.0000
 -3.97789069e-02   0.0000
 -1.43720098e-02   0.0000
 -3.87570858e-02   0.0000
  8.55673775e-02   0.0000
  4.93980870e-02   0.0000
 -1.59338042e-02   0.0000
 -1.38436213e-01   0.0000
  2.26029251e-02   0.0000
 -1.59372255e-01   0.0000
 -2.94277333e-02   0.0000
 -1.90384183e-02   0.0000
  1.51103120e-02   0.0000
  2.56837485e-03   0.0000
  7.03950704e-04   0.0000
 -6.61565829e-03   0.0000
  1.19859815e-01   0.0000
  1.61019385e-01   0.0000
  7.09597766e-02   0.0000
 -1.58700541e-01   0.0000
  4.69893850e-02   0.0000
 -3.79412211e-02   0.0000
  1.90207325e-02   0.0000
  1.75859749e-01   0.0000
 -1.09562524e-01   0.0000
  4.49837521e-02   0.0000
  7.92421922e-02   0.0000
 -2.49323784e-04   0.0000
 -1.22955464e-01   0.0000
 -4.15899865e-02   0.0000
 -3.04996874e-02   0.0000
  7.01946393e-02   0.0000
 -1.59964263e-01   0.0000
  9.95130688e-02   0.0000
 -1.18545882e-01   0.0000
  4.17790003e-02   0.0000
 -1.38426349e-01   0.0000
 -1.36875669e-02   0.0000
  1.21670812e-02   0.0000
  7.46613219e-02   0.0000
 -5.22459373e-02   0.0000
 -1.11633226e-01   0.0000
  1.47004008e-01   0.0000
 -2.59549737e-01   0.0000
  3.50198173e-03   0.0000
  1.35643212e-02   0.0000
  2.31096204e-02   0.0000
  4.21838947e-02   0.0000
 -4.69979420e-02   0.0000
 -5.71955368e-02   0.0000
  1.07435300e-03   0.0000
  9.17120054e-02   0.0000
 -1.28654540e-02   0.0000
  2.28867158e-02   0.0000
  1.16074368e-01   0.0000
 -2.42058411e-02   0.0000
  2.08484046e-02   0.0000
 -6.96369559e-02   0.0000
 -5.65715879e-02   0.0000
  2.22768560e-02   0.0000
  7.03670979e-02   0.0000
  2.66667046e-02   0.0000
 -2.94527039e-02   0.0000
 -1.74683779e-01   0.0000
  6.43495843e-02   0.0000
 -6.42693639e-02   0.0000
  9.83485430e-02   0.0000
 -5.39243706e-02   0.0000
  1.20085984e-01   0.0000
  5.50562777e-02   0.0000
 -4.91504092e-03   0.0000
 -1.30783200e-01   0.0000
  9.52089727e-02   0.0000
  2.86731194e-03   0.0000
 -1.17396072e-01   0.0000
  1.37876794e-01   0.0000
 -2.17403509e-02   0.0000
 -2.77606230e-02   0.0000
 -1.29487112e-01   0.0000
 -2.84396708e-02   0.0000
  1.61101401e-01   0.0000
  1.12819016e-01   0.0000
  7.07357685e-05   0.0000
 -4.56577390e-02   0.0000
  2.82150954e-02   0.0000
 -1.07687697e-01   0.0000
 -1.36081085e-01   0.0000
  5.55426478e-02   0.0000
 -5.09610847e-02   0.0000
  5.58851175e-02   0.0000
  8.01702440e-02   0.0000
 -1.50972158e-01   0.0000
 -5.80559187e-02   0.0000
 -8.15942660e-02   0.0000
 -2.51261026e-01   0.0000
 -3.77660215e-01   0.0000
  2.36756414e-01   0.0000
 -2.94951111e-01   0.0000
  2.02364117e-01   0.0000
 -3.05274814e-01   0.0000
  3.79921407e-01   0.0000
  1.60240903e-01   0.0000
 -4.48073335e-02   0.0000
 -3.57500732e-01   0.0000
  2.05350369e-01   0.0000
 -1.20770939e-01   0.0000
 -1.74902648e-01   0.0000
  1.75596848e-01   0.0000
 -3.08589125e-03   0.0000
 -8.94467533e-02   0.0000
 -1.10696174e-01   0.0000
 -2.39626259e-01   0.0000
  2.75950521e-01   0.0000
  3.31854641e-01   0.0000
  3.65293995e-02   0.0000
 -3.36128503e-01   0.0000
  1.00504801e-01   0.0000
 -2.59160280e-01   0.0000
 -2.82453429e-02   0.0000
  2.63869107e-01   0.0000
 -3.51548433e-01   0.0000
  2.75231451e-01   0.0000
  2.39990368e-01   0.0000
 -1.34327233e-01   0.0000
 -1.84390083e-01   0.0000
 -2.84429133e-01   0.0000
 -5.68580508e-01   0.0000
 -7.37324774e-01   0.0000
  2.28223398e-01   0.0000
 -4.93195176e-01   0.0000
  4.28717285e-01   0.0000
 -7.49934793e-01   0.0000
  1.09809327e+00   0.0000
  4.25075442e-01   0.0000
 -2.82533884e-01   0.0000
 -1.22456694e+00   0.0000
  4.54119712e-01   0.0000
 -3.73391390e-01   0.0000
 -6.28554702e-01   0.0000
  1.38167694e-01   0.0000
  8.26930534e-03   0.0000
 -3.93110573e-01   0.0000
 -5.20736098e-01   0.0000
 -3.86367619e-01   0.0000
  8.91934037e-01   0.0000
  1.34045780e+00   0.0000
  2.79930919e-01   0.0000
 -1.09343886e+00   0.0000
  4.79292810e-01   0.0000
 -7.92710423e-01   0.0000
  1.73347294e-02   0.0000
  1.36744750e+00   0.0000
 -1.39790618e+00   0.0000
  5.37634313e-01   0.0000
  5.48020482e-01   0.0000
 -4.26610738e-01   0.0000
 -1.02823699e+00   0.0000
 -5.47427058e-01   0.0000
  4.46077026e-02   0.0000
 -4.83417153e-01   0.0000
  8.68274737e-03   0.0000
 -2.30524063e-01   0.0000
  3.71197350e-02   0.0000
 -2.18793321e-02   0.0000
  2.86526293e-01   0.0000
  4.71725799e-02   0.0000
  4.27283254e-03   0.0000
 -7.54142627e-02   0.0000
  8.67119208e-02   0.0000
  1.43122999e-03   0.0000
 -2.90821940e-01   0.0000
  3.34594548e-02   0.0000
 -3.71472724e-02   0.0000
 -1.82082206e-02   0.0000
 -1.08545944e-01   0.0000
 -1.08877402e-02   0.0000
  1.53700396e-01   0.0000
  8.25613812e-02   0.0000
  3.64854187e-02   0.0000
 -2.49039695e-01   0.0000
  9.33523104e-03   0.0000
 -4.79026102e-02   0.0000
  1.87726715e-03   0.0000
  1.76458731e-01   0.0000
 -2.78221160e-01   0.0000
  3.98971856e-01   0.0000
  1.83838695e-01   0.0000
 -2.50053965e-02   0.0000
 -3.47095817e-01   0.0000
 -2.59554647e-02   0.0000
  5.09152710e-02   0.0000
  8.49457458e-02   0.0000
 -9.24682021e-02   0.0000
  1.73016384e-01   0.0000
 -1.39885977e-01   0.0000
  7.19536543e-02   0.0000
 -3.77573445e-02   0.0000
 -1.61888480e-01   0.0000
  8.50164681e-04   0.0000
  1.52042159e-03   0.0000
 -5.51500320e-02   0.0000
 -2.59455945e-03   0.0000
  1.63696513e-01   0.0000
 -1.52469605e-01   0.0000
  8.43259096e-02   0.0000
  3.69594842e-02   0.0000
  2.42347997e-02   0.0000
  5.80794327e-02   0.0000
 -5.69263212e-02   0.0000
 -4.59520258e-02   0.0000
  9.05446723e-05   0.0000
  1.49114862e-01   0.0000
 -8.76476467e-02   0.0000
  8.42859000e-02   0.0000
  1.14223965e-01   0.0000
 -6.99163526e-02   0.0000
  9.90660489e-02   0.0000
 -1.38293549e-01   0.0000
 -1.91189319e-01   0.0000
  2.60458868e-02   0.0000
  1.30818680e-01   0.0000
  2.70850528e-02   0.0000
  1.80144273e-02   0.0000
  5.46992980e-02   0.0000
 -8.71454626e-02   0.0000
  1.24291539e-01   0.0000
 -1.62846565e-01   0.0000
  1.04691042e-02   0.0000
 -2.90618166e-02   0.0000
 -2.98858676e-02   0.0000
  2.07880847e-02   0.0000
  5.92317358e-02   0.0000
 -2.46731211e-02   0.0000
 -5.01440978e-03   0.0000
  9.01505500e-02   0.0000
 -1.01942942e-01   0.0000
  3.41718420e-02   0.0000
  3.50921229e-02   0.0000
  8.79760012e-02   0.0000
  1.13262990e-02   0.0000
 -6.12953342e-02   0.0000
 -2.75704265e-02   0.0000
  3.89822433e-03   0.0000
  7.07384124e-02   0.0000
 -1.84256993e-02   0.0000
  3.49628516e-02   0.0000
  5.06316125e-02   0.0000
 -3.00962832e-02   0.0000
  6.54433817e-02   0.0000
 -1.22430630e-01   0.0000
 -5.53525873e-02   0.0000
  1.57873146e-02   0.0000
  3.28864641e-02   0.0000
  9.18754414e-02   0.0000
 -7.21597951e-03   0.0000
  9.48387608e-02   0.0000
 -4.37608324e-02   0.0000
  7.56382495e-02   0.0000
 -1.08164057e-01   0.0000
 -9.15381312e-03   0.0000
 -1.42994886e-02   0.0000
 -6.44879136e-03   0.0000
  1.15462998e-03   0.0000
 -2.14267746e-02   0.0000
 -1.99506227e-02   0.0000
 -1.68903023e-01   0.0000
  1.74721312e-02   0.0000
 -6.30435944e-02   0.0000
  1.59437337e-03   0.0000
  4.26207948e-03   0.0000
  1.19995229e-01   0.0000
  2.25960580e-03   0.0000
  1.06349196e-02   0.0000
  1.81791850e-03   0.0000
  8.13466322e-04   0.0000
  6.66388310e-03   0.0000
 -2.64458526e-02   0.0000
  3.77757475e-02   0.0000
  1.15272388e-01   0.0000
  6.30077859e-03   0.0000
 -4.96849744e-03   0.0000
 -1.10244058e-01   0.0000
 -4.79139090e-02   0.0000
  5.96621307e-03   0.0000
  1.57980975e-02   0.0000
  6.55570161e-03   0.0000
  1.20356418e-01   0.0000
  4.73793507e-01   0.0000
 -2.73576617e-01   0.0000
  4.06340957e-01   0.0000
 -4.09600914e-01   0.0000
  2.29100481e-01   0.0000
 -4.35403854e-01   0.0000
 -1.15600206e-01   0.0000
  9.48141515e-02   0.0000
  3.78383666e-01   0.0000
 -2.18765929e-01   0.0000
 -7.16909359e-04   0.0000
  3.98825973e-01   0.0000
 -3.35150450e-01   0.0000
  7.42246062e-02   0.0000
  1.01181723e-01   0.0000
  2.44827032e-01   0.0000
  1.16940096e-01   0.0000
 -3.22689950e-01   0.0000
 -4.59988713e-01   0.0000
  2.82674492e-03   0.0000
  5.27519763e-01   0.0000
 -8.39288011e-02   0.0000
  2.75324732e-01   0.0000
  2.26086318e-01   0.0000
 -4.16948378e-01   0.0000
  4.69490767e-01   0.0000
 -4.09768492e-01   0.0000
 -3.73026818e-01   0.0000
  1.64200231e-01   0.0000
  2.94835150e-01   0.0000
  2.86805212e-01   0.0000
  3.43975663e-01   0.0000
  4.83305395e-01   0.0000
 -3.21824163e-01   0.0000
  1.78240865e-01   0.0000
 -1.37356251e-01   0.0000
  4.11254644e-01   0.0000
 -6.90850019e-01   0.0000
 -2.64988989e-01   0.0000
  1.47469923e-01   0.0000
  7.68326521e-01   0.0000
 -1.76414907e-01   0.0000
  7.56848380e-02   0.0000
  4.19766098e-01   0.0000
 -6.02689870e-02   0.0000
  7.13828951e-02   0.0000
  1.54748693e-01   0.0000
  2.66615540e-01   0.0000
  1.63372278e-01   0.0000
 -6.69995904e-01   0.0000
 -8.33568990e-01   0.0000
 -3.35660437e-03   0.0000
  8.25436711e-01   0.0000
 -2.79589653e-01   0.0000
  3.52924794e-01   0.0000
  3.90880108e-02   0.0000
 -1.03975606e+00   0.0000
  9.38426375e-01   0.0000
 -4.02896136e-01   0.0000
 -2.88339049e-01   0.0000
  8.58370736e-02   0.0000
  6.92980111e-01   0.0000
  3.17665219e-01   0.0000
 -1.09509407e-02   0.0000
  5.00550382e-02   0.0000
 -5.14152087e-02   0.0000
  5.71718179e-02   0.0000
 -8.18756521e-02   0.0000
 -1.08096227e-02   0.0000
  8.91444925e-03   0.0000
  1.38080847e-02   0.0000
 -3.54855694e-02   0.0000
 -4.93320376e-02   0.0000
 -9.07474607e-02   0.0000
 -1.11135967e-01   0.0000
  1.33426115e-02   0.0000
 -1.82265148e-01   0.0000
  2.56045512e-03   0.0000
  6.95490139e-03   0.0000
  2.13469304e-02   0.0000
  5.91708068e-03   0.0000
  3.04893646e-02   0.0000
  3.09010455e-03   0.0000
  3.11119045e-04   0.0000
 -3.38247456e-02   0.0000
 -5.76003641e-03   0.0000
  6.70300052e-03   0.0000
  6.48765489e-02   0.0000
  1.89339258e-02   0.0000
 -1.92929246e-02   0.0000
 -2.79942453e-02   0.0000
 -1.38268908e-02   0.0000
  1.73007715e-02   0.0000
  2.51007569e-03   0.0000
 -4.65168580e-02   0.0000
  2.60507792e-01   0.0000
  6.58867955e-01   0.0000
 -4.20967430e-01   0.0000
  5.28294325e-01   0.0000
 -5.08734763e-01   0.0000
  4.34595615e-01   0.0000
 -6.67364419e-01   0.0000
 -2.92873085e-01   0.0000
  2.55219936e-01   0.0000
  5.38329482e-01   0.0000
 -2.98901856e-01   0.0000
  8.91048312e-02   0.0000
  5.04209161e-01   0.0000
 -3.24345082e-01   0.0000
  3.90789807e-02   0.0000
  2.05004245e-01   0.0000
  3.14300865e-01   0.0000
  1.84904769e-01   0.0000
 -4.66235369e-01   0.0000
 -4.31363285e-01   0.0000
 -1.33676589e-01   0.0000
  6.22160792e-01   0.0000
 -3.11318368e-01   0.0000
  4.62764829e-01   0.0000
  1.49663195e-01   0.0000
 -5.81580520e-01   0.0000
  5.64878404e-01   0.0000
 -5.53486705e-01   0.0000
 -5.74620306e-01   0.0000
  2.31813073e-01   0.0000
  6.21009827e-01   0.0000
  5.15761316e-01   0.0000
 -3.24520528e-01   0.0000
 -4.07823354e-01   0.0000
  1.88655421e-01   0.0000
 -1.11915633e-01   0.0000
  9.00925845e-02   0.0000
 -4.18815762e-01   0.0000
  8.88842762e-01   0.0000
  2.90832788e-01   0.0000
 -3.07265699e-01   0.0000
 -7.98521399e-01   0.0000
  2.08275735e-01   0.0000
 -1.20602816e-01   0.0000
 -3.16864401e-01   0.0000
 -1.19454116e-01   0.0000
 -2.23125033e-02   0.0000
 -2.76493251e-01   0.0000
 -2.06859738e-01   0.0000
 -3.06393296e-01   0.0000
  5.34492254e-01   0.0000
  1.09920299e+00   0.0000
  7.52371103e-02   0.0000
 -7.70067632e-01   0.0000
  2.77876258e-01   0.0000
 -4.65225667e-01   0.0000
  4.05943356e-02   0.0000
  9.56883192e-01   0.0000
 -1.10519028e+00   0.0000
  3.83660406e-01   0.0000
  3.08949411e-01   0.0000
 -9.61003751e-02   0.0000
 -6.34137571e-01   0.0000
 -4.01157856e-01   0.0000
  1.61371961e-01   0.0000
  6.05471790e-01   0.0000
 -6.73566312e-02   0.0000
  2.57456928e-01   0.0000
 -1.16321661e-01   0.0000
  2.43846864e-01   0.0000
 -6.55103445e-01   0.0000
 -9.04177502e-02   0.0000
  1.29064739e-01   0.0000
  1.22589314e+00   0.0000
 -5.52634746e-02   0.0000
  1.88307792e-01   0.0000
  3.24647307e-01   0.0000
  6.13889508e-02   0.0000
  2.70716986e-03   0.0000
  3.02855372e-02   0.0000
  1.52638063e-01   0.0000
  4.77067791e-02   0.0000
 -2.61886895e-01   0.0000
 -4.45182562e-01   0.0000
 -1.49835207e-04   0.0000
  7.26125121e-01   0.0000
 -9.82634798e-02   0.0000
  2.12282896e-01   0.0000
 -7.10653095e-03   0.0000
 -4.88677770e-01   0.0000
  5.78197896e-01   0.0000
 -3.98704827e-01   0.0000
 -3.76879990e-01   0.0000
  5.59172804e-06   0.0000
  3.96113336e-01   0.0000
  2.93702155e-01   0.0000
 -5.95539212e-01   0.0000
 -1.05660200e+00   0.0000
  6.43567979e-01   0.0000
 -8.13493609e-01   0.0000
  6.40415072e-01   0.0000
 -8.06979835e-01   0.0000
  1.23174536e+00   0.0000
  5.53367496e-01   0.0000
 -2.39325047e-01   0.0000
 -1.87706268e+00   0.0000
  4.78343964e-01   0.0000
 -2.11643726e-02   0.0000
 -9.74310517e-01   0.0000
  2.30664238e-01   0.0000
 -6.52124435e-02   0.0000
 -3.32859665e-01   0.0000
 -6.08980477e-01   0.0000
 -3.58083576e-01   0.0000
  9.10215735e-01   0.0000
  1.26298130e+00   0.0000
 -2.66044098e-03   0.0000
 -1.25185096e+00   0.0000
  5.62247336e-01   0.0000
 -7.84763038e-01   0.0000
 -1.65576607e-01   0.0000
  1.27719069e+00   0.0000
 -1.35001731e+00   0.0000
  7.68885911e-01   0.0000
  9.05706108e-01   0.0000
 -3.16863179e-01   0.0000
 -1.04946780e+00   0.0000
 -6.11254811e-01   0.0000
 -1.43931601e-02   0.0000
  1.54948458e-01   0.0000
 -4.46721241e-02   0.0000
  1.53335094e-01   0.0000
 -7.25382790e-02   0.0000
  3.13293114e-02   0.0000
 -2.14124545e-01   0.0000
 -1.71644911e-02   0.0000
 -6.78168377e-03   0.0000
 -9.09468066e-03   0.0000
 -3.81468497e-02   0.0000
 -8.91334930e-05   0.0000
  1.30092219e-01   0.0000
 -1.04254670e-01   0.0000
 -4.69073420e-03   0.0000
  2.04444751e-02   0.0000
  6.01513721e-02   0.0000
  6.06086757e-03   0.0000
 -1.10200666e-01   0.0000
 -3.57491523e-02   0.0000
 -2.16863147e-04   0.0000
  8.30501989e-02   0.0000
 -1.84930023e-02   0.0000
  7.81462714e-02   0.0000
  8.87084939e-03   0.0000
 -4.67596836e-02   0.0000
  9.35822353e-02   0.0000
 -2.01633334e-01   0.0000
 -9.26804766e-02   0.0000
  6.21623732e-02   0.0000
  2.09729239e-01   0.0000
  7.37166330e-02   0.0000
 -8.29899404e-03   0.0000
 -1.74283478e-02   0.0000
  1.24482606e-02   0.0000
 -1.96500532e-02   0.0000
  1.23925274e-02   0.0000
  1.79457460e-02   0.0000
 -2.52484325e-02   0.0000
  5.14126848e-03   0.0000
 -2.42117723e-03   0.0000
  1.07421741e-01   0.0000
  1.30271707e-02   0.0000
  1.12248160e-01   0.0000
 -9.88377258e-03   0.0000
  1.30275548e-01   0.0000
 -8.22617486e-02   0.0000
 -5.10797137e-03   0.0000
 -1.82422716e-02   0.0000
  4.51753251e-02   0.0000
 -6.14291281e-02   0.0000
 -5.63249318e-03   0.0000
  5.08689508e-03   0.0000
  2.03719884e-02   0.0000
  8.02019797e-03   0.0000
  1.69404242e-02   0.0000
 -4.33158912e-02   0.0000
 -9.16273221e-02   0.0000
  8.25599134e-02   0.0000
 -8.33640527e-03   0.0000
  8.72839149e-03   0.0000
 -3.59628513e-03   0.0000
  1.54753067e-02   0.0000
 -6.85498910e-03   0.0000
  1.70300156e-01   0.0000
  2.51531452e-01   0.0000
 -1.07398421e-01   0.0000
  3.02199006e-01   0.0000
 -1.70904309e-01   0.0000
  9.47053954e-02   0.0000
 -1.78067341e-01   0.0000
 -9.17847157e-02   0.0000
  1.97032709e-02   0.0000
  5.50647855e-01   0.0000
 -1.31511480e-01   0.0000
 -1.96734746e-03   0.0000
  2.20030606e-01   0.0000
 -1.33212820e-01   0.0000
  1.17980633e-02   0.0000
  1.14055142e-01   0.0000
  1.11931421e-01   0.0000
  9.90720168e-02   0.0000
 -2.03738675e-01   0.0000
 -9.40875188e-02   0.0000
  1.63363758e-04   0.0000
  2.70406425e-01   0.0000
 -4.01422456e-02   0.0000
  1.72468796e-01   0.0000
  1.06966697e-01   0.0000
 -2.02879518e-01   0.0000
  2.08885998e-01   0.0000
 -1.81505010e-01   0.0000
 -1.80412933e-01   0.0000
  7.92329684e-02   0.0000
  1.42290294e-01   0.0000
  1.78099483e-01   0.0000
  1.16879409e-02   0.0000
 -1.05994150e-01   0.0000
  1.02810085e-01   0.0000
 -2.13464558e-01   0.0000
  2.62026489e-01   0.0000
  1.19866818e-01   0.0000
  1.38581470e-02   0.0000
  1.77514944e-02   0.0000
  1.04589630e-02   0.0000
  7.83457085e-02   0.0000
  6.35485128e-02   0.0000
  2.76949912e-01   0.0000
 -5.81997447e-02   0.0000
  5.70984364e-01   0.0000
 -4.90632057e-02   0.0000
 -3.48356105e-02   0.0000
 -3.43549065e-02   0.0000
 -5.33266664e-02   0.0000
  4.21084911e-02   0.0000
 -1.02734976e-02   0.0000
 -1.27418950e-01   0.0000
 -5.42588234e-02   0.0000
 -4.57766205e-02   0.0000
  1.31470803e-02   0.0000
 -1.87531769e-01   0.0000
  3.63660194e-02   0.0000
 -1.44291937e-01   0.0000
  3.68524641e-02   0.0000
  8.48346055e-02   0.0000
 -6.34201616e-02   0.0000
 -4.02095728e-02   0.0000
 -4.09207158e-02   0.0000
 -7.07260311e-01   0.0000
 -2.04559827e+00   0.0000
  1.03853297e+00   0.0000
 -1.69885838e+00   0.0000
  1.42519748e+00   0.0000
 -1.07796943e+00   0.0000
  2.20807004e+00   0.0000
  6.68633699e-01   0.0000
 -3.39355528e-01   0.0000
 -2.91619825e+00   0.0000
  7.76834667e-01   0.0000
  9.72380340e-02   0.0000
 -1.60069537e+00   0.0000
  1.34450758e+00   0.0000
 -2.18011424e-01   0.0000
 -5.22308290e-01   0.0000
 -8.95702362e-01   0.0000
 -5.24822831e-01   0.0000
  1.69039512e+00   0.0000
  2.18841648e+00   0.0000
  1.36925755e-02   0.0000
 -2.33489537e+00   0.0000
  5.84335983e-01   0.0000
 -1.24517179e+00   0.0000
 -6.43219173e-01   0.0000
  2.27878833e+00   0.0000
 -2.57033300e+00   0.0000
  1.56661224e+00   0.0000
  1.47174323e+00   0.0000
 -5.13001800e-01   0.0000
 -1.84682333e+00   0.0000
 -1.03621197e+00   0.0000
  0.00000000e+00   0.0000

