 5 0.000000 1
 1 
 Si 28.085500
 0 0.250001 4.500000 0.978124 2.000000 
 5 0 1 2 4 6
 8 0.10000 0.20000 0.30000 0.40000 0.50000 0.60000 0.70000 0.80000
 1 12.169200 6.172630 3.114710 0.755675 0.404939 0.036124 0.650018 0.572890
 4 40 24 24 1
 -1.27350539e-03   0.0000
  5.14204979e-01   0.0000
  2.32863594e-02   0.0000
 -6.57486498e-01   0.0000
 -7.84454405e-01   0.0000
  2.86035508e-01   0.0000
 -3.21164042e-01   0.0000
 -3.98011088e-01   0.0000
  3.07846880e+00   0.0000
 -5.85470557e-01   0.0000
 -6.85003281e-01   0.0000
  6.50570810e-01   0.0000
 -6.84621930e-02   0.0000
 -7.16719270e-01   0.0000
  8.80923212e-01   0.0000
 -5.88384330e-01   0.0000
 -7.46564493e-02   0.0000
 -4.37656701e-01   0.0000
  6.67284667e-01   0.0000
  8.79431665e-01   0.0000
  9.32033267e-03   0.0000
 -1.15224552e+00   0.0000
 -4.68520850e-01   0.0000
  1.15158752e-01   0.0000
  1.38817683e-01   0.0000
  3.02586854e-01   0.0000
  4.92217205e-02   0.0000
 -1.25057101e-01   0.0000
 -2.79051512e-01   0.0000
  9.60124582e-02   0.0000
 -3.99719507e-01   0.0000
 -3.49318832e-01   0.0000
 -8.88570175e-02   0.0000
 -1.02502881e-02   0.0000
 -6.64609432e-01   0.0000
  3.85528952e-01   0.0000
 -7.73128793e-02   0.0000
 -2.56139517e-01   0.0000
  5.96908629e-01   0.0000
 -4.00721788e-01   0.0000
  8.99667572e-03   0.0000
 -2.56849587e-01   0.0000
  7.98555240e-02   0.0000
  1.29399702e-01   0.0000
 -3.78927439e-01   0.0000
 -2.82431364e-01   0.0000
 -9.97491330e-02   0.0000
  3.52971256e-02   0.0000
  1.20427407e-01   0.0000
  1.87582001e-01   0.0000
 -8.19749981e-02   0.0000
  7.50918314e-02   0.0000
 -2.73762465e-01   0.0000
  1.16457812e-01   0.0000
 -3.98311704e-01   0.0000
 -3.16218406e-01   0.0000
 -9.66207027e-01   0.0000
  2.68229157e-01   0.0000
 -5.54426014e-01   0.0000
  1.82629898e-01   0.0000
 -2.12726537e-02   0.0000
  3.56603153e-02   0.0000
  5.11610746e-01   0.0000
 -3.19338650e-01   0.0000
  4.78755273e-02   0.0000
 -3.01548183e-01   0.0000
 -8.21987465e-02   0.0000
 -2.42898792e-01   0.0000
 -4.90336865e-01   0.0000
  9.98829007e-02   0.0000
 -1.06100395e-01   0.0000
 -1.21730519e-02   0.0000
  1.58987433e-01   0.0000
  7.68599585e-02   0.0000
 -1.70871690e-01   0.0000
  1.38463408e-01   0.0000
 -1.89086407e-01   0.0000
  2.86064018e-02   0.0000
 -3.49968910e-01   0.0000
 -2.46710882e-01   0.0000
 -1.31045282e+00   0.0000
  5.66467404e-01   0.0000
 -5.88616014e-01   0.0000
  9.88365859e-02   0.0000
 -2.15839110e-02   0.0000
  9.57218744e-03   0.0000
  5.54335237e-01   0.0000
 -3.40799600e-01   0.0000
  8.30469355e-02   0.0000
 -2.26846084e-01   0.0000
 -8.80292729e-02   0.0000
 -3.32148433e-01   0.0000
 -3.41277748e-01   0.0000
  3.98918033e-01   0.0000
  4.43255645e-04   0.0000
  7.56242080e-03   0.0000
  1.65456429e-01   0.0000
  1.67641997e-01   0.0000
 -2.13803187e-01   0.0000
  3.62484217e-01   0.0000
 -2.22209156e-01   0.0000
  4.20607850e-02   0.0000
 -3.76598179e-01   0.0000
 -1.89853013e-01   0.0000
 -1.24884844e+00   0.0000
  6.70614421e-01   0.0000
 -6.21054351e-01   0.0000
  1.62098512e-01   0.0000
 -9.12084151e-03   0.0000
  4.83769551e-02   0.0000
  4.89537895e-01   0.0000
 -3.23027492e-01   0.0000
  9.04772878e-02   0.0000
 -1.96247712e-01   0.0000
 -7.26753324e-02   0.0000
 -5.70007265e-01   0.0000
 -2.36165479e-01   0.0000
  5.83749115e-01   0.0000
  2.24071369e-02   0.0000
 -8.67636129e-03   0.0000
  1.91047937e-01   0.0000
  4.63165045e-02   0.0000
 -2.49857098e-01   0.0000
  3.13405991e-01   0.0000
 -3.33392471e-01   0.0000
  3.73702906e-02   0.0000
 -2.50384510e-01   0.0000
 -1.79132566e-01   0.0000
 -9.02436614e-01   0.0000
  8.31151485e-01   0.0000
 -6.13226175e-01   0.0000
  3.84594090e-02   0.0000
  1.46759702e-02   0.0000
  1.46044075e-01   0.0000
  3.27033192e-01   0.0000
 -1.04574487e-02   0.0000
  3.83451544e-02   0.0000
 -2.91243851e-01   0.0000
 -3.36009152e-02   0.0000
 -6.38085365e-01   0.0000
  3.05113606e-02   0.0000
  7.54100978e-01   0.0000
  1.83941171e-01   0.0000
 -2.17557680e-02   0.0000
  2.08549604e-01   0.0000
  1.47947803e-01   0.0000
 -2.82264560e-01   0.0000
  3.43465626e-01   0.0000
 -3.88681084e-01   0.0000
  4.85406592e-02   0.0000
 -1.64314911e-01   0.0000
 -1.62801370e-01   0.0000
 -4.71647352e-01   0.0000
  7.71640718e-01   0.0000
 -6.73391998e-01   0.0000
  6.13297783e-02   0.0000
  1.84522884e-03   0.0000
  1.15704417e-01   0.0000
  2.90272862e-01   0.0000
 -2.94796973e-01   0.0000
  3.62780429e-02   0.0000
 -2.48555273e-01   0.0000
 -3.37924100e-02   0.0000
 -6.29694104e-01   0.0000
  1.54434681e-01   0.0000
  9.70515072e-01   0.0000
  1.11752264e-01   0.0000
 -7.76707381e-02   0.0000
  2.29917824e-01   0.0000
  8.37450102e-02   0.0000
 -3.35994065e-01   0.0000
  3.68697822e-01   0.0000
 -5.20446241e-01   0.0000
  8.43978971e-02   0.0000
 -2.13185310e-01   0.0000
 -2.66389400e-01   0.0000
  1.85491189e-01   0.0000
  8.35826993e-01   0.0000
 -7.24713087e-01   0.0000
 -1.06805554e-02   0.0000
  3.31476480e-02   0.0000
  1.65550143e-01   0.0000
  2.27231979e-01   0.0000
 -2.57123441e-01   0.0000
  6.37880191e-02   0.0000
 -1.95569769e-01   0.0000
 -1.13230068e-02   0.0000
 -6.62497282e-01   0.0000
  3.59894156e-01   0.0000
  1.00930083e+00   0.0000
  1.64427653e-01   0.0000
 -6.37270883e-02   0.0000
  4.25179720e-01   0.0000
  2.31779829e-01   0.0000
  1.45461345e-02   0.0000
 -5.90780437e-01   0.0000
 -1.09954822e+00   0.0000
  7.21552828e-03   0.0000
 -2.45605975e-01   0.0000
 -7.98958987e-02   0.0000
 -6.88686967e-01   0.0000
  3.62570852e-01   0.0000
  1.01250076e+00   0.0000
  1.79193690e-01   0.0000
  8.84505436e-02   0.0000
 -4.88578200e-01   0.0000
 -7.09936440e-01   0.0000
 -5.80369867e-02   0.0000
 -2.15925276e-01   0.0000
  1.94568470e-01   0.0000
  5.58967352e-01   0.0000
  5.84276989e-02   0.0000
  7.44245529e-01   0.0000
  6.57252789e-01   0.0000
  1.77043632e-01   0.0000
 -5.06068468e-01   0.0000
  2.22516835e-01   0.0000
  1.30689591e-01   0.0000
 -6.18061125e-01   0.0000
  9.77489874e-02   0.0000
 -6.12580061e-01   0.0000
 -7.78096216e-03   0.0000
  6.42119646e-01   0.0000
  1.89949013e-03   0.0000
  3.42368931e-01   0.0000
  8.68128464e-02   0.0000
  7.50562787e-01   0.0000
  1.76447555e-01   0.0000
  5.28478958e-02   0.0000
  1.12557374e-01   0.0000
 -7.63138235e-01   0.0000
  6.77668210e-03   0.0000
 -8.79787877e-02   0.0000
  8.01040456e-02   0.0000
  7.96760917e-02   0.0000
  3.33818465e-01   0.0000
  2.99791902e-01   0.0000
 -5.71438313e-01   0.0000
  3.72495085e-01   0.0000
  4.72546462e-03   0.0000
  2.89538711e-01   0.0000
  1.88508760e-02   0.0000
 -2.12888166e-01   0.0000
  3.69007796e-01   0.0000
 -4.38544750e-01   0.0000
  5.21211373e-03   0.0000
  5.21760821e-01   0.0000
 -2.52519995e-02   0.0000
  3.86573702e-01   0.0000
  2.73239966e-02   0.0000
  6.76665485e-01   0.0000
  1.21940784e-01   0.0000
  1.83064360e-02   0.0000
  1.13119595e-01   0.0000
 -5.55206716e-01   0.0000
 -7.60970823e-03   0.0000
 -5.75269945e-02   0.0000
  6.32051080e-02   0.0000
  5.02673239e-02   0.0000
  1.82994112e-01   0.0000
  5.49005717e-02   0.0000
 -8.29511523e-01   0.0000
  4.13227946e-01   0.0000
  4.79487353e-04   0.0000
  2.85600334e-01   0.0000
 -2.01024418e-03   0.0000
  3.66384685e-02   0.0000
  3.93492997e-01   0.0000
 -2.41235465e-01   0.0000
  8.39149486e-03   0.0000
  5.14472067e-01   0.0000
 -6.41421005e-02   0.0000
  2.14591727e-01   0.0000
  2.80318025e-04   0.0000
  6.82924330e-01   0.0000
  7.24821016e-02   0.0000
  8.73971358e-03   0.0000
  1.50814295e-01   0.0000
 -5.22291005e-01   0.0000
 -5.10128587e-03   0.0000
 -2.76532862e-02   0.0000
  9.91959274e-02   0.0000
  8.02242756e-03   0.0000
  1.38446331e-01   0.0000
 -8.72658789e-02   0.0000
 -8.49981785e-01   0.0000
  4.56662983e-01   0.0000
 -5.21833338e-02   0.0000
  2.92827219e-01   0.0000
  5.78995328e-04   0.0000
  1.97531566e-01   0.0000
  4.31956857e-01   0.0000
 -2.39345834e-01   0.0000
  7.47469207e-03   0.0000
  4.20465916e-01   0.0000
 -7.35865384e-02   0.0000
  7.36933425e-02   0.0000
 -4.57838178e-05   0.0000
  6.47752464e-01   0.0000
  5.19326515e-02   0.0000
  1.92059064e-03   0.0000
  1.93244442e-01   0.0000
 -4.54331845e-01   0.0000
  2.14651483e-03   0.0000
 -3.30205709e-02   0.0000
  2.27365084e-02   0.0000
  5.13380580e-03   0.0000
  6.34350032e-02   0.0000
 -1.07738882e-01   0.0000
 -7.77856946e-01   0.0000
  4.68931973e-01   0.0000
 -1.04515627e-01   0.0000
  3.03016782e-01   0.0000
  3.10782297e-03   0.0000
  2.16422573e-01   0.0000
  4.91362810e-01   0.0000
 -1.15874268e-01   0.0000
  7.29980587e-04   0.0000
  4.70479488e-01   0.0000
 -6.72043711e-02   0.0000
 -7.20067993e-02   0.0000
  4.55356427e-02   0.0000
  6.25873923e-01   0.0000
  1.38217449e-01   0.0000
  7.30292685e-03   0.0000
  2.00182140e-01   0.0000
 -4.48190272e-01   0.0000
  2.61738128e-03   0.0000
 -3.27080935e-02   0.0000
  7.04618543e-02   0.0000
 -9.71679110e-03   0.0000
  3.63358967e-02   0.0000
 -7.46852085e-02   0.0000
 -7.09238768e-01   0.0000
  4.54993695e-01   0.0000
 -1.40705124e-01   0.0000
  3.16009164e-01   0.0000
 -4.77357162e-03   0.0000
  2.74903566e-01   0.0000
  4.19781595e-01   0.0000
 -1.61197096e-01   0.0000
  7.08060339e-04   0.0000
  4.51860845e-01   0.0000
 -6.00724779e-02   0.0000
 -2.77101070e-01   0.0000
  6.92102112e-05   0.0000
  4.36401427e-01   0.0000
  1.44529805e-01   0.0000
  3.10923066e-03   0.0000
  8.95581320e-02   0.0000
 -4.44178283e-01   0.0000
 -6.28380280e-04   0.0000
 -2.07038075e-02   0.0000
  2.92371511e-02   0.0000
  1.44214593e-02   0.0000
  3.60946469e-02   0.0000
 -2.16580462e-02   0.0000
 -7.10269094e-01   0.0000
  4.20569450e-01   0.0000
 -1.56548247e-01   0.0000
  3.33399206e-01   0.0000
  2.52876943e-03   0.0000
  2.84050494e-01   0.0000
  4.59243983e-01   0.0000
 -1.50568470e-01   0.0000
  2.69612903e-03   0.0000
  4.17874485e-01   0.0000
  3.48308735e-04   0.0000
 -4.26658362e-01   0.0000
  4.47270286e-04   0.0000
  3.15825611e-01   0.0000
  1.77425414e-01   0.0000
  3.16562946e-03   0.0000
  6.64928257e-02   0.0000
 -4.26640868e-01   0.0000
 -1.73704364e-04   0.0000
 -2.30311397e-02   0.0000
  7.85369240e-03   0.0000
  7.09227170e-04   0.0000
  3.36086787e-02   0.0000
 -1.19174890e-01   0.0000
 -6.68166816e-01   0.0000
  3.96843165e-01   0.0000
 -1.66932732e-01   0.0000
  2.91009068e-01   0.0000
  2.33263060e-01   0.0000
 -6.51343107e-01   0.0000
  4.41151075e-02   0.0000
 -2.84668064e+00   0.0000
 -1.07717514e-01   0.0000
 -2.98283011e-01   0.0000
  1.79207437e-02   0.0000
 -2.96046704e-01   0.0000
  5.75007439e-01   0.0000
 -2.04222381e-01   0.0000
 -3.48076314e-01   0.0000
  1.30778238e-01   0.0000
 -3.93104166e-01   0.0000
 -9.76253927e-01   0.0000
 -5.28063104e-02   0.0000
 -3.29816937e-01   0.0000
  1.66510522e-01   0.0000
  7.65177369e-01   0.0000
  2.46232605e+00   0.0000
  2.53686517e-01   0.0000
 -5.19885480e-01   0.0000
 -4.31766540e-01   0.0000
 -5.49952209e-01   0.0000
 -6.83028474e-02   0.0000
  1.52664989e-01   0.0000
  2.72545457e-01   0.0000
 -6.55002534e-01   0.0000
 -1.26196134e+00   0.0000
 -1.12487815e-01   0.0000
  3.15093309e-01   0.0000
  1.97602641e-02   0.0000
  2.16788232e-01   0.0000
  2.96123624e-01   0.0000
 -2.90301770e-01   0.0000
 -1.03931185e-02   0.0000
  4.31093313e-02   0.0000
  8.41174799e-04   0.0000
 -9.11288321e-01   0.0000
  5.51262312e-03   0.0000
 -2.92809755e-01   0.0000
  2.99277931e-01   0.0000
  2.10857138e-01   0.0000
  5.82011640e-01   0.0000
 -4.15147841e-01   0.0000
 -4.21942919e-01   0.0000
 -2.84326553e-01   0.0000
 -4.06773031e-01   0.0000
 -2.79916432e-02   0.0000
  8.66614282e-03   0.0000
  4.56815243e-01   0.0000
 -7.05070376e-01   0.0000
 -7.63945639e-01   0.0000
 -1.54288158e-01   0.0000
  3.57741207e-01   0.0000
  5.81210814e-02   0.0000
  3.98573011e-01   0.0000
  1.85635298e-01   0.0000
  1.67249560e-01   0.0000
 -1.81307700e-02   0.0000
  2.05751862e-02   0.0000
  3.70289952e-01   0.0000
 -5.59917331e-01   0.0000
  1.91256255e-02   0.0000
 -9.21214446e-02   0.0000
  1.14918754e-01   0.0000
  7.97476545e-02   0.0000
  1.60302624e-01   0.0000
 -2.60497898e-01   0.0000
 -2.60745764e-01   0.0000
 -3.27492058e-01   0.0000
 -1.19885616e-01   0.0000
 -4.61411737e-02   0.0000
  3.72448042e-02   0.0000
  3.93208563e-01   0.0000
 -6.29167318e-01   0.0000
 -5.11117995e-01   0.0000
 -5.17999679e-02   0.0000
  4.34480548e-01   0.0000
  2.20589479e-03   0.0000
  3.28067094e-01   0.0000
  1.72526300e-01   0.0000
  6.93342686e-01   0.0000
 -5.64228892e-02   0.0000
  7.76191894e-03   0.0000
  4.55916435e-01   0.0000
 -2.69729167e-01   0.0000
  4.72700270e-03   0.0000
 -4.07947637e-02   0.0000
  4.60914820e-02   0.0000
  5.98234423e-02   0.0000
 -7.38264322e-02   0.0000
 -2.11998783e-02   0.0000
 -6.20861501e-02   0.0000
 -3.79209936e-01   0.0000
  2.13631149e-02   0.0000
 -7.36665949e-02   0.0000
  1.17511011e-03   0.0000
  2.87941813e-01   0.0000
 -5.65710008e-01   0.0000
 -3.87476146e-01   0.0000
 -7.29461536e-02   0.0000
  4.36802000e-01   0.0000
 -1.50122982e-03   0.0000
  7.27360845e-02   0.0000
  1.11910053e-01   0.0000
  7.60599613e-01   0.0000
 -1.06089756e-01   0.0000
 -2.05382603e-04   0.0000
  4.75050449e-01   0.0000
 -1.06523797e-01   0.0000
 -6.84542640e-04   0.0000
 -2.70129442e-02   0.0000
  9.16867796e-03   0.0000
  4.57794778e-02   0.0000
 -1.34666845e-01   0.0000
  7.09214881e-02   0.0000
 -5.12479171e-02   0.0000
 -4.15338963e-01   0.0000
  9.41736475e-02   0.0000
 -7.83027709e-02   0.0000
  2.02495866e-02   0.0000
  1.28590137e-01   0.0000
 -5.83901048e-01   0.0000
 -2.65991777e-01   0.0000
 -9.93098365e-04   0.0000
  3.34760398e-01   0.0000
  1.14288460e-03   0.0000
 -1.46449208e-02   0.0000
  4.68881913e-02   0.0000
  7.48457730e-01   0.0000
 -4.51506190e-02   0.0000
  2.50891317e-03   0.0000
  2.16939241e-01   0.0000
 -7.80981481e-02   0.0000
  5.24949341e-04   0.0000
 -2.95663383e-02   0.0000
  4.09930525e-03   0.0000
  2.77279336e-02   0.0000
 -1.42524049e-01   0.0000
  6.47012517e-02   0.0000
  4.23613712e-02   0.0000
 -5.14782667e-01   0.0000
  1.50459617e-01   0.0000
 -9.92209688e-02   0.0000
 -1.70312531e-03   0.0000
  8.50713253e-03   0.0000
 -4.97314572e-01   0.0000
 -3.20484042e-01   0.0000
 -7.73898605e-03   0.0000
  3.40008050e-01   0.0000
  2.86951987e-03   0.0000
 -3.47417057e-01   0.0000
  7.07539618e-02   0.0000
  5.91350734e-01   0.0000
 -1.24081802e-02   0.0000
 -1.38604827e-03   0.0000
  2.13584956e-02   0.0000
 -2.42181793e-02   0.0000
 -2.74362799e-04   0.0000
 -4.40469570e-03   0.0000
 -1.70202693e-03   0.0000
  5.60784340e-02   0.0000
 -1.75964072e-01   0.0000
  2.76688356e-02   0.0000
  3.43230441e-02   0.0000
 -4.42829937e-01   0.0000
  1.27499133e-01   0.0000
 -1.11601427e-01   0.0000
  2.88734329e-03   0.0000
 -1.61137640e-01   0.0000
 -4.40527678e-01   0.0000
 -1.90477327e-01   0.0000
 -9.35920049e-03   0.0000
  4.48554248e-01   0.0000
  1.75379030e-03   0.0000
 -6.22976124e-01   0.0000
  2.55947597e-02   0.0000
  3.17772329e-01   0.0000
  2.98976223e-03   0.0000
  7.14868354e-03   0.0000
 -2.11642310e-01   0.0000
 -5.45872608e-03   0.0000
  1.56162761e-03   0.0000
 -4.78829965e-02   0.0000
 -1.84532395e-03   0.0000
  3.03527452e-02   0.0000
 -1.96470723e-01   0.0000
 -6.19694181e-02   0.0000
  1.25220632e-02   0.0000
 -3.74135107e-01   0.0000
  1.50879696e-01   0.0000
 -5.07289052e-01   0.0000
  4.17238057e-01   0.0000
  8.35045815e-01   0.0000
 -1.58631968e+00   0.0000
 -5.62017500e-01   0.0000
  1.99714899e-01   0.0000
  4.68406975e-01   0.0000
 -6.19220436e-01   0.0000
  8.15479219e-01   0.0000
 -1.42130673e+00   0.0000
 -9.30429578e-01   0.0000
 -9.65956211e-01   0.0000
 -1.88895866e-01   0.0000
 -5.94672821e-02   0.0000
  6.50007784e-01   0.0000
 -2.47891247e-01   0.0000
  3.26781332e-01   0.0000
 -3.57906312e-01   0.0000
  5.11835366e-02   0.0000
  1.38421631e+00   0.0000
  2.78844595e-01   0.0000
 -1.58581376e+00   0.0000
 -8.90445650e-01   0.0000
  3.49087387e-01   0.0000
 -3.38673025e-01   0.0000
  2.24749163e-01   0.0000
  1.60870224e-01   0.0000
 -4.74636465e-01   0.0000
 -6.24931097e-01   0.0000
  1.21366374e-01   0.0000
 -1.39640257e-01   0.0000
 -4.30675805e-01   0.0000
 -4.65228528e-01   0.0000
 -9.17773902e-01   0.0000
 -5.21397114e-01   0.0000
 -9.67049956e-01   0.0000
 -1.09941691e-01   0.0000
  3.94776255e-01   0.0000
  7.20846176e-01   0.0000
 -1.84896931e-01   0.0000
  3.00561965e-01   0.0000
 -1.86168298e-01   0.0000
 -2.65214831e-01   0.0000
  6.41594470e-01   0.0000
 -2.03021452e-01   0.0000
 -8.69693279e-01   0.0000
 -8.73698652e-01   0.0000
 -1.68546170e-01   0.0000
 -4.65723425e-01   0.0000
  1.91385858e-02   0.0000
 -7.83375949e-02   0.0000
 -7.01455846e-02   0.0000
 -1.01944733e+00   0.0000
  9.20305960e-03   0.0000
 -7.55668478e-03   0.0000
 -3.99000704e-01   0.0000
 -2.58986264e-01   0.0000
 -7.20576763e-01   0.0000
 -2.04293013e-01   0.0000
 -8.15820456e-01   0.0000
 -7.95543343e-02   0.0000
  6.45073950e-01   0.0000
  7.13511586e-01   0.0000
 -6.35146946e-02   0.0000
  2.43967265e-01   0.0000
 -2.96400577e-01   0.0000
 -3.28694224e-01   0.0000
  1.46945089e-01   0.0000
  1.97918341e-02   0.0000
 -3.26052755e-01   0.0000
 -9.50851738e-01   0.0000
 -8.93338472e-02   0.0000
 -4.31821585e-01   0.0000
  4.23396863e-02   0.0000
  9.85269770e-02   0.0000
 -1.08845597e-02   0.0000
 -3.94768387e-01   0.0000
  4.57854718e-02   0.0000
 -1.61680043e-01   0.0000
 -2.62576491e-01   0.0000
 -4.88502644e-02   0.0000
 -5.59526801e-01   0.0000
 -1.67499200e-01   0.0000
 -7.54735768e-01   0.0000
 -4.07543667e-02   0.0000
  5.49171388e-01   0.0000
  7.21908212e-01   0.0000
 -7.19220638e-02   0.0000
  1.97287232e-01   0.0000
 -1.29442930e-01   0.0000
 -2.67909557e-01   0.0000
  1.51711563e-03   0.0000
  4.71859649e-02   0.0000
 -2.48286352e-02   0.0000
 -9.48293567e-01   0.0000
 -1.05601437e-01   0.0000
 -3.19350839e-01   0.0000
  7.94607308e-03   0.0000
  3.74937832e-01   0.0000
  2.92944699e-03   0.0000
  2.73202091e-01   0.0000
  5.53185120e-02   0.0000
 -2.81429201e-01   0.0000
 -3.05000305e-01   0.0000
 -7.73655698e-02   0.0000
 -6.08686268e-01   0.0000
 -9.69242081e-02   0.0000
 -5.45879126e-01   0.0000
 -3.15693654e-02   0.0000
  3.73103231e-01   0.0000
  7.66598284e-01   0.0000
 -1.48779497e-01   0.0000
  1.63550153e-01   0.0000
 -1.39568806e-01   0.0000
 -2.58759022e-01   0.0000
 -6.84787333e-02   0.0000
  9.24906507e-02   0.0000
  1.62941456e-01   0.0000
 -7.97992349e-01   0.0000
 -1.95001438e-01   0.0000
 -2.06030160e-01   0.0000
  2.70250114e-03   0.0000
  4.20763582e-01   0.0000
 -1.04468092e-02   0.0000
  6.22496784e-01   0.0000
  3.76826376e-02   0.0000
 -4.97774541e-01   0.0000
 -1.76017955e-01   0.0000
 -4.69230954e-03   0.0000
 -5.29455841e-01   0.0000
 -1.00823417e-01   0.0000
 -5.41565299e-01   0.0000
 -2.95777749e-02   0.0000
  1.62777930e-01   0.0000
  6.02835238e-01   0.0000
 -5.89274280e-02   0.0000
  1.40126750e-01   0.0000
 -1.60418913e-01   0.0000
 -2.91907310e-01   0.0000
 -1.13822468e-01   0.0000
  1.55480713e-01   0.0000
  2.85875440e-01   0.0000
 -6.79501295e-01   0.0000
 -2.59967238e-01   0.0000
 -9.48848873e-02   0.0000
  3.12390551e-03   0.0000
  4.69666481e-01   0.0000
 -4.71062884e-02   0.0000
  7.64337897e-01   0.0000
 -1.57969643e-03   0.0000
 -5.19145668e-01   0.0000
 -2.13870674e-01   0.0000
 -8.71288851e-02   0.0000
 -4.97008950e-01   0.0000
 -2.48041615e-01   0.0000
 -4.98562932e-01   0.0000
 -4.45140861e-02   0.0000
 -1.34974662e-02   0.0000
  6.04827881e-01   0.0000
 -2.19271751e-03   0.0000
  1.10830992e-01   0.0000
 -1.21819466e-01   0.0000
 -2.50641108e-01   0.0000
 -1.13112301e-01   0.0000
  1.88651383e-01   0.0000
  4.98973221e-01   0.0000
 -7.17687964e-01   0.0000
 -3.16582531e-01   0.0000
 -1.07592782e-02   0.0000
  2.08093859e-02   0.0000
  2.40933672e-01   0.0000
 -5.62334284e-02   0.0000
  7.11287141e-01   0.0000
 -1.41185813e-03   0.0000
 -5.59846222e-01   0.0000
 -1.49411067e-01   0.0000
 -6.76395521e-02   0.0000
 -5.39040864e-01   0.0000
 -1.60688087e-01   0.0000
 -4.38492417e-01   0.0000
 -2.50511933e-02   0.0000
 -2.78588742e-01   0.0000
  6.08883202e-01   0.0000
 -3.45930345e-02   0.0000
  9.39382836e-02   0.0000
 -1.03942916e-01   0.0000
 -1.53660312e-01   0.0000
 -1.12824023e-01   0.0000
  2.48712465e-01   0.0000
  5.68370461e-01   0.0000
 -7.24782646e-01   0.0000
 -3.13262016e-01   0.0000
 -3.42681259e-03   0.0000
  1.82654053e-01   0.0000
 -1.28088176e-01   0.0000
 -3.53715003e-01   0.0000
 -4.43371892e-01   0.0000
  2.09235728e-01   0.0000
  2.07481116e-01   0.0000
 -5.82106292e-01   0.0000
 -8.83432031e-02   0.0000
 -2.25858784e+00   0.0000
 -1.98624834e-01   0.0000
  1.53250670e+00   0.0000
 -2.24716097e-01   0.0000
 -1.01052940e+00   0.0000
  2.32551798e-01   0.0000
 -3.06993008e-01   0.0000
  3.69752385e-02   0.0000
 -2.80457079e-01   0.0000
  7.39065588e-01   0.0000
  4.16865945e-02   0.0000
  1.64864793e-01   0.0000
  4.93997782e-01   0.0000
  2.59547502e-01   0.0000
  6.66422397e-02   0.0000
 -1.36675447e-01   0.0000
  5.20559698e-02   0.0000
 -3.22009176e-01   0.0000
  4.83951941e-02   0.0000
  1.54806413e-02   0.0000
  1.46947429e-01   0.0000
  4.45072949e-01   0.0000
 -4.16309178e-01   0.0000
  4.98952307e-02   0.0000
 -1.41117609e+00   0.0000
 -6.27195761e-02   0.0000
  6.21036887e-01   0.0000
 -1.51086152e-01   0.0000
  1.34542897e-01   0.0000
  8.51144120e-02   0.0000
 -1.46195412e-01   0.0000
  1.50410384e-01   0.0000
 -2.02264935e-01   0.0000
 -1.83669984e-01   0.0000
 -1.93379641e-01   0.0000
  3.23163688e-01   0.0000
  3.26212257e-01   0.0000
  4.56852943e-01   0.0000
  4.10357147e-01   0.0000
 -1.44955471e-01   0.0000
  2.91552730e-02   0.0000
 -1.52072012e-01   0.0000
  3.64111751e-01   0.0000
  4.07771230e-01   0.0000
  1.11065209e-01   0.0000
  5.92928290e-01   0.0000
 -4.22764421e-01   0.0000
  2.94897199e-01   0.0000
 -1.03573024e+00   0.0000
  4.58092801e-02   0.0000
  1.59576192e-01   0.0000
 -1.05441898e-01   0.0000
  5.71015894e-01   0.0000
  8.06705356e-02   0.0000
 -8.23606327e-02   0.0000
  8.13340545e-02   0.0000
 -2.18418792e-01   0.0000
 -3.94445598e-01   0.0000
 -1.88116044e-01   0.0000
  1.73654109e-01   0.0000
 -2.29704574e-01   0.0000
  4.27644938e-01   0.0000
  2.95244336e-01   0.0000
 -1.28802896e-01   0.0000
  1.06452750e-02   0.0000
  2.16547642e-02   0.0000
  5.33536613e-01   0.0000
  6.60822749e-01   0.0000
  8.68192911e-02   0.0000
  5.53850532e-01   0.0000
 -2.36141831e-01   0.0000
 -3.26098106e-03   0.0000
 -9.28105533e-01   0.0000
  1.64884597e-01   0.0000
 -1.18262479e-02   0.0000
 -5.77106364e-02   0.0000
  5.01715064e-01   0.0000
  1.17459558e-01   0.0000
 -1.99454073e-02   0.0000
 -8.59525613e-03   0.0000
 -4.56859469e-02   0.0000
 -3.34004849e-01   0.0000
 -1.89169183e-01   0.0000
 -1.36610836e-01   0.0000
 -1.43280491e-01   0.0000
  4.41534340e-01   0.0000
 -4.10232879e-02   0.0000
 -1.13426000e-01   0.0000
  8.81294371e-04   0.0000
  1.30503267e-01   0.0000
  5.82683265e-01   0.0000
  9.10448253e-01   0.0000
  1.10318288e-01   0.0000
  5.45110583e-01   0.0000
 -1.95626438e-01   0.0000
 -2.17796072e-01   0.0000
 -8.36381733e-01   0.0000
  2.27421805e-01   0.0000
  1.46636339e-02   0.0000
 -4.42000516e-02   0.0000
  2.68743098e-01   0.0000
  8.79068002e-02   0.0000
 -7.89879784e-02   0.0000
 -1.45822829e-02   0.0000
 -8.52178931e-02   0.0000
 -1.65200412e-01   0.0000
 -2.00545534e-01   0.0000
 -2.73215353e-01   0.0000
 -8.02365169e-02   0.0000
  4.78649259e-01   0.0000
 -2.41313696e-01   0.0000
 -4.41113114e-02   0.0000
  1.28459851e-05   0.0000
  2.69169390e-01   0.0000
  6.30905867e-01   0.0000
  1.14451194e+00   0.0000
  3.83821279e-02   0.0000
  4.35990661e-01   0.0000
 -1.57147810e-01   0.0000
 -2.57683665e-01   0.0000
 -7.78816879e-01   0.0000
  3.69017899e-01   0.0000
  1.45464251e-02   0.0000
 -4.50122580e-02   0.0000
  1.03159189e-01   0.0000
  4.60602343e-02   0.0000
 -4.01106104e-02   0.0000
 -1.51976673e-02   0.0000
 -7.34021440e-02   0.0000
  1.55871632e-02   0.0000
 -1.21715166e-01   0.0000
 -3.83035362e-01   0.0000
  8.05739313e-02   0.0000
  4.87352163e-01   0.0000
 -3.20584685e-01   0.0000
 -1.97395105e-02   0.0000
  1.09886823e-04   0.0000
  3.10916722e-01   0.0000
  5.87427378e-01   0.0000
  1.37695599e+00   0.0000
  7.40502328e-02   0.0000
  3.97316396e-01   0.0000
 -1.49773866e-01   0.0000
  5.45497891e-03   0.0000
 -7.37623751e-01   0.0000
  4.24581021e-01   0.0000
  7.26543218e-02   0.0000
 -2.61653643e-02   0.0000
 -1.53391808e-01   0.0000
  1.30077247e-02   0.0000
 -6.70064166e-02   0.0000
 -1.04521066e-02   0.0000
 -2.95130778e-02   0.0000
  3.53603721e-01   0.0000
 -1.43681644e-02   0.0000
 -4.22943652e-01   0.0000
  5.06078042e-02   0.0000
  5.04761636e-01   0.0000
 -3.24867189e-01   0.0000
  3.65034281e-03   0.0000
  1.10216094e-02   0.0000
  4.25579846e-01   0.0000
  6.76089346e-01   0.0000
  1.74773383e+00   0.0000
  1.00561585e-02   0.0000
  2.78526068e-01   0.0000
 -1.75170079e-01   0.0000
  4.48990017e-01   0.0000
 -6.25989318e-01   0.0000
  4.50828224e-01   0.0000
  1.56130150e-01   0.0000
  1.89237017e-02   0.0000
 -3.97972584e-01   0.0000
  7.95930848e-02   0.0000
 -1.17696337e-01   0.0000
 -1.67562384e-02   0.0000
 -4.82270196e-02   0.0000
  6.75865412e-01   0.0000
  1.05634555e-01   0.0000
 -4.17237252e-01   0.0000
  7.31332749e-02   0.0000
  5.29321373e-01   0.0000
 -2.30904803e-01   0.0000
 -4.26167846e-02   0.0000
  1.37030408e-01   0.0000
 -1.28241301e-01   0.0000
 -3.83015424e-01   0.0000
 -3.00062895e-01   0.0000
  1.35114253e-01   0.0000
  1.48254991e-01   0.0000
 -1.06303610e-01   0.0000
  3.47759008e+00   0.0000
 -5.87090492e-01   0.0000
 -5.58221862e-02   0.0000
  1.85137596e-02   0.0000
  1.34836100e-02   0.0000
 -3.40349913e-01   0.0000
  3.15324455e-01   0.0000
 -7.15871006e-02   0.0000
  6.03575725e-03   0.0000
 -1.83225498e-01   0.0000
  5.45125544e-01   0.0000
  6.43444836e-01   0.0000
  7.45599627e-01   0.0000
 -6.70188010e-01   0.0000
 -2.25323051e-01   0.0000
  2.25383118e-01   0.0000
 -1.28356576e-01   0.0000
  1.99756995e-02   0.0000
  3.91228832e-02   0.0000
  1.24512047e-01   0.0000
  1.37421954e-02   0.0000
 -1.66214933e-03   0.0000
  3.15964371e-02   0.0000
  2.41084069e-01   0.0000
 -3.49633060e-02   0.0000
 -3.68305475e-01   0.0000
 -5.25470018e-01   0.0000
  3.37445289e-01   0.0000
  3.41337115e-01   0.0000
 -2.47769251e-01   0.0000
  1.30410671e-01   0.0000
  2.18009487e-01   0.0000
 -2.42855642e-02   0.0000
 -9.02090454e-04   0.0000
  1.05303876e-01   0.0000
 -4.26103443e-01   0.0000
 -9.46401209e-02   0.0000
 -1.60057485e-01   0.0000
 -4.71525174e-03   0.0000
  8.56624186e-01   0.0000
  1.38120100e-01   0.0000
 -1.71007402e-03   0.0000
 -9.08441991e-02   0.0000
 -1.42917976e-01   0.0000
 -2.47475244e-02   0.0000
 -2.05674296e-04   0.0000
 -7.22445454e-03   0.0000
 -2.23854348e-01   0.0000
  1.02373930e-02   0.0000
  5.03805056e-02   0.0000
  2.77462490e-02   0.0000
 -1.63949266e-01   0.0000
 -8.65303203e-02   0.0000
  2.41272643e-01   0.0000
 -1.70145437e-01   0.0000
 -2.64038980e-01   0.0000
  1.22441594e-02   0.0000
  6.85292259e-02   0.0000
 -1.72360554e-01   0.0000
  4.54897694e-02   0.0000
  1.90038979e-01   0.0000
  3.22840571e-01   0.0000
 -1.81185329e-04   0.0000
  2.19912782e-01   0.0000
 -3.19903523e-01   0.0000
  2.95392293e-02   0.0000
  2.32290655e-01   0.0000
  3.30939531e-01   0.0000
  2.54760832e-02   0.0000
 -5.01174107e-03   0.0000
  4.98387627e-02   0.0000
  4.85677421e-01   0.0000
 -8.24252367e-02   0.0000
 -1.12482466e-01   0.0000
  1.46323353e-01   0.0000
  6.47201180e-01   0.0000
 -5.05501390e-01   0.0000
 -6.54963374e-01   0.0000
  5.32696247e-01   0.0000
  8.73638511e-01   0.0000
 -1.27327845e-01   0.0000
 -2.83868816e-02   0.0000
  3.71468365e-01   0.0000
 -7.31802732e-02   0.0000
 -4.00575876e-01   0.0000
 -8.95008743e-01   0.0000
 -4.69820225e-05   0.0000
 -3.86715442e-01   0.0000
 -1.04400776e-01   0.0000
 -1.60842985e-02   0.0000
  1.00737751e-01   0.0000
  6.24944270e-02   0.0000
 -8.36983230e-03   0.0000
  2.11000885e-03   0.0000
 -2.04583257e-02   0.0000
  1.75393730e-01   0.0000
  1.97518226e-02   0.0000
  4.92505021e-02   0.0000
  1.17474541e-01   0.0000
  3.28594595e-01   0.0000
 -2.11751282e-01   0.0000
 -2.93108344e-01   0.0000
  1.53315559e-01   0.0000
  2.76426136e-01   0.0000
 -2.96337884e-02   0.0000
 -1.10200725e-01   0.0000
  1.03432558e-01   0.0000
 -7.36553669e-02   0.0000
 -2.48180509e-01   0.0000
 -3.08556587e-01   0.0000
  1.34066143e-03   0.0000
 -1.22272290e-01   0.0000
 -6.83228076e-01   0.0000
  1.65403217e-01   0.0000
  4.44427788e-01   0.0000
  8.43680739e-01   0.0000
  1.19164228e-01   0.0000
 -2.51635473e-04   0.0000
  2.33252853e-01   0.0000
  1.07084990e+00   0.0000
 -2.57799894e-01   0.0000
 -8.65855813e-01   0.0000
 -7.69506931e-01   0.0000
  1.16045928e+00   0.0000
  6.49434209e-01   0.0000
 -1.09528661e+00   0.0000
  8.54758441e-01   0.0000
  1.12839031e+00   0.0000
 -3.28787208e-01   0.0000
 -1.40928134e-01   0.0000
  8.32269132e-01   0.0000
 -8.69595706e-01   0.0000
 -7.90528536e-01   0.0000
 -1.23038256e+00   0.0000
 -2.38762721e-02   0.0000
  7.78182223e-02   0.0000
 -5.50562050e-03   0.0000
  5.92438783e-03   0.0000
  1.72422025e-02   0.0000
  4.51833233e-02   0.0000
 -5.15949680e-04   0.0000
 -3.07745375e-02   0.0000
 -3.26366685e-02   0.0000
 -2.74165603e-03   0.0000
 -1.09777031e-02   0.0000
  7.81897381e-02   0.0000
  1.92561056e-02   0.0000
 -5.61425369e-03   0.0000
 -1.48832306e-01   0.0000
 -3.06097232e-02   0.0000
  3.45658585e-02   0.0000
  3.99197005e-02   0.0000
 -1.79106090e-02   0.0000
  1.03477528e-03   0.0000
 -9.64174280e-04   0.0000
  7.59417266e-02   0.0000
 -1.24358628e-02   0.0000
 -5.68490848e-02   0.0000
  1.66921446e-03   0.0000
  3.81611772e-02   0.0000
 -8.60973373e-02   0.0000
  2.69715721e-03   0.0000
  3.20910141e-02   0.0000
  7.81360865e-02   0.0000
  3.31162065e-02   0.0000
  1.48391463e-02   0.0000
  1.24453213e-02   0.0000
  1.22419491e-01   0.0000
 -2.81010289e-02   0.0000
 -1.41383279e-02   0.0000
  6.38892591e-01   0.0000
  6.53680786e-02   0.0000
 -1.43226659e+00   0.0000
 -8.68618712e-02   0.0000
  3.90878618e-02   0.0000
  5.22632711e-02   0.0000
 -1.97955072e-02   0.0000
 -2.04722266e-04   0.0000
  7.32762143e-02   0.0000
  5.69841623e-01   0.0000
 -4.40656431e-02   0.0000
 -7.92636871e-02   0.0000
  8.94638433e-05   0.0000
 -2.88735837e-01   0.0000
 -1.38024688e-01   0.0000
  2.63728276e-02   0.0000
  5.76698482e-02   0.0000
  1.86830893e-01   0.0000
  3.59981246e-02   0.0000
 -1.97850913e-03   0.0000
  5.39403455e-03   0.0000
  2.00838804e-01   0.0000
 -1.00627825e-01   0.0000
 -3.09593171e-01   0.0000
 -2.76546180e-01   0.0000
  3.59527200e-01   0.0000
  1.66440398e-01   0.0000
 -2.63931304e-01   0.0000
  1.62453398e-01   0.0000
  4.06144261e-01   0.0000
 -5.18001849e-03   0.0000
 -4.44493286e-04   0.0000
  1.95832670e-01   0.0000
 -3.11730772e-01   0.0000
 -1.41199827e-01   0.0000
 -2.64969528e-01   0.0000
 -3.45334731e-04   0.0000
 -3.11176162e-02   0.0000
 -1.16912377e+00   0.0000
  3.24346066e-01   0.0000
  3.44325125e-01   0.0000
  1.30399835e+00   0.0000
  3.02497417e-01   0.0000
 -1.79079041e-01   0.0000
  7.36375272e-01   0.0000
  1.58144009e+00   0.0000
 -4.67540205e-01   0.0000
 -1.93601704e+00   0.0000
 -2.22452569e+00   0.0000
  1.92043579e+00   0.0000
  3.30721855e+00   0.0000
 -1.52038169e+00   0.0000
  1.06069696e+00   0.0000
  1.71897876e+00   0.0000
 -4.48434204e-01   0.0000
 -3.95373628e-03   0.0000
  1.30943513e+00   0.0000
 -2.00268674e+00   0.0000
 -1.11032474e+00   0.0000
 -1.71876836e+00   0.0000
 -2.43410250e-04   0.0000
  6.65548658e+00   0.0000
  1.57273546e-01   0.0000
  3.56718921e-03   0.0000
 -4.16667620e-03   0.0000
 -2.11887449e-01   0.0000
 -1.23080565e-03   0.0000
  1.16092056e-01   0.0000
 -1.71576992e-01   0.0000
 -2.53127813e-01   0.0000
  7.73520349e-03   0.0000
  3.94368827e-01   0.0000
  7.71910250e-01   0.0000
 -2.81804740e-01   0.0000
 -1.05521417e+00   0.0000
  2.48206317e-01   0.0000
 -8.78322795e-02   0.0000
 -1.61543712e-01   0.0000
  9.68905091e-02   0.0000
 -1.60809662e-02   0.0000
 -2.62384981e-01   0.0000
  5.72098434e-01   0.0000
 -1.27269886e-03   0.0000
  2.43044302e-01   0.0000
  1.59400627e-02   0.0000
 -1.75187826e+00   0.0000
  4.05632883e-01   0.0000
 -3.52508575e-02   0.0000
 -2.50588506e-01   0.0000
 -3.73654485e-01   0.0000
 -3.38581465e-02   0.0000
 -3.67815170e-04   0.0000
 -7.58597180e-02   0.0000
 -6.01915300e-01   0.0000
  7.90649951e-02   0.0000
  4.05178875e-01   0.0000
  4.88489479e-01   0.0000
 -6.90488279e-01   0.0000
 -7.81654239e-01   0.0000
  6.62128448e-01   0.0000
 -4.45851594e-01   0.0000
 -8.58224213e-01   0.0000
  1.35123312e-01   0.0000
  5.86322695e-02   0.0000
 -3.89173001e-01   0.0000
  5.56948423e-01   0.0000
  3.88377428e-01   0.0000
  9.04655874e-01   0.0000
 -3.31822608e-04   0.0000
 -2.40651369e-01   0.0000
 -1.18527032e-01   0.0000
 -2.98978179e-03   0.0000
  5.49463071e-02   0.0000
  9.77102369e-02   0.0000
 -2.41131568e-03   0.0000
 -6.36376813e-03   0.0000
 -1.78014103e-03   0.0000
  2.13421419e-01   0.0000
  2.22254079e-03   0.0000
 -4.02866602e-02   0.0000
 -7.37547651e-02   0.0000
  3.42591554e-01   0.0000
  2.35876694e-01   0.0000
 -2.20619574e-01   0.0000
  1.98227420e-01   0.0000
  3.11982453e-01   0.0000
 -3.56465355e-02   0.0000
 -5.89054003e-02   0.0000
  1.18871525e-01   0.0000
 -1.66080326e-01   0.0000
 -1.39667839e-01   0.0000
 -3.23535234e-01   0.0000
 -2.52741575e-02   0.0000
  1.39112964e-01   0.0000
  1.69845112e-02   0.0000
  5.29855432e-04   0.0000
  3.81250195e-02   0.0000
 -1.54754156e-02   0.0000
  1.43947185e-03   0.0000
 -1.30152373e-04   0.0000
  2.80116103e-03   0.0000
 -9.59115252e-02   0.0000
  1.68910803e-04   0.0000
  1.58346564e-01   0.0000
  8.74945298e-02   0.0000
 -1.77462250e-01   0.0000
 -3.77309993e-02   0.0000
  5.55769242e-02   0.0000
 -1.45439645e-02   0.0000
 -4.98305298e-02   0.0000
 -6.63161650e-02   0.0000
 -8.01089332e-02   0.0000
  2.39354931e-03   0.0000
  1.66178375e-01   0.0000
 -6.22351244e-02   0.0000
  5.63095063e-02   0.0000
 -3.69245281e-05   0.0000
 -1.43140778e-01   0.0000
  4.13947433e-01   0.0000
 -5.01824059e-02   0.0000
 -1.32454038e-01   0.0000
 -4.90806133e-01   0.0000
 -6.23035058e-02   0.0000
  2.49759527e-03   0.0000
 -1.19015902e-01   0.0000
 -5.15093863e-01   0.0000
  1.01121843e-01   0.0000
  4.89148587e-01   0.0000
  6.10967517e-01   0.0000
 -5.19471049e-01   0.0000
 -7.79571176e-01   0.0000
  4.53924984e-01   0.0000
 -4.76869464e-01   0.0000
 -6.10046923e-01   0.0000
  2.25178197e-01   0.0000
  6.97883219e-02   0.0000
 -4.63530391e-01   0.0000
  6.75985277e-01   0.0000
  3.71807694e-01   0.0000
  5.84387481e-01   0.0000
  3.19318817e-04   0.0000
  8.28931108e-02   0.0000
  2.83027023e-01   0.0000
 -3.00879106e-02   0.0000
 -9.52688009e-02   0.0000
 -3.03639293e-01   0.0000
 -8.18583816e-02   0.0000
  1.02926664e-04   0.0000
 -1.11492865e-01   0.0000
 -3.66069704e-01   0.0000
  1.28507599e-01   0.0000
  5.46395719e-01   0.0000
  3.54252130e-01   0.0000
 -4.68234479e-01   0.0000
 -3.95492315e-01   0.0000
  3.79835755e-01   0.0000
 -2.78769881e-01   0.0000
 -4.26685214e-01   0.0000
  4.83065359e-02   0.0000
  2.48054322e-03   0.0000
 -2.93039769e-01   0.0000
  5.16971529e-01   0.0000
  2.57804841e-01   0.0000
  4.07494426e-01   0.0000
 -1.67120888e-03   0.0000
  3.14765163e-02   0.0000
 -6.71935901e-02   0.0000
  5.37564419e-03   0.0000
  1.73918810e-02   0.0000
  4.44960557e-02   0.0000
  2.43929476e-02   0.0000
  3.06108687e-03   0.0000
  1.30470255e-02   0.0000
  9.77772698e-02   0.0000
 -4.91764881e-02   0.0000
 -2.58057535e-01   0.0000
 -1.64787278e-01   0.0000
  1.84239596e-01   0.0000
  1.43910751e-01   0.0000
 -1.25280932e-01   0.0000
  2.15180889e-02   0.0000
  7.27768615e-02   0.0000
 -8.18293821e-03   0.0000
  3.64523828e-02   0.0000
  6.01374097e-02   0.0000
 -1.64926261e-01   0.0000
 -4.54822630e-02   0.0000
 -9.12342742e-02   0.0000
  1.34173169e-04   0.0000
 -3.02457009e-02   0.0000
 -1.00848839e-01   0.0000
  8.90702754e-03   0.0000
  6.87979981e-02   0.0000
  1.08140163e-01   0.0000
 -1.54140629e-02   0.0000
  5.73911646e-04   0.0000
  3.22626047e-02   0.0000
  1.50032938e-01   0.0000
 -3.30848247e-02   0.0000
 -8.54683444e-02   0.0000
 -9.46906433e-02   0.0000
  9.44598764e-02   0.0000
 -7.30902283e-03   0.0000
 -1.50639668e-01   0.0000
  1.15837589e-01   0.0000
  1.71688095e-01   0.0000
 -2.84901299e-02   0.0000
 -5.95103092e-02   0.0000
  1.03141561e-01   0.0000
 -1.36319757e-01   0.0000
 -8.72626975e-02   0.0000
 -1.81819588e-01   0.0000
 -1.89737857e-05   0.0000
  9.76181179e-02   0.0000
 -6.68644905e-02   0.0000
  9.26390942e-03   0.0000
  1.97150912e-02   0.0000
  3.81297879e-02   0.0000
  1.66213773e-02   0.0000
  2.35632947e-03   0.0000
  4.70995829e-02   0.0000
  4.31823023e-02   0.0000
 -1.07582584e-02   0.0000
 -2.04205230e-01   0.0000
 -1.29983485e-01   0.0000
  1.55489475e-01   0.0000
  2.07449466e-01   0.0000
 -7.68353939e-02   0.0000
  2.00754497e-02   0.0000
  4.62672189e-02   0.0000
  2.93539511e-03   0.0000
 -2.94018944e-04   0.0000
  5.34215868e-02   0.0000
 -1.67497277e-01   0.0000
 -4.80810963e-02   0.0000
 -4.95441034e-02   0.0000
 -4.06648760e-04   0.0000
 -3.19815390e-02   0.0000
  6.02691650e-01   0.0000
 -2.51136180e-02   0.0000
 -3.58393937e-01   0.0000
 -6.01478279e-01   0.0000
 -3.29958238e-02   0.0000
 -2.39488166e-02   0.0000
 -1.90450922e-02   0.0000
 -8.46725583e-01   0.0000
  2.99853086e-01   0.0000
  4.39225346e-01   0.0000
  8.74757528e-01   0.0000
 -1.06609488e+00   0.0000
 -1.51988208e+00   0.0000
  9.05254781e-01   0.0000
 -6.70435429e-01   0.0000
 -1.07231903e+00   0.0000
  2.42488593e-01   0.0000
  1.72352716e-01   0.0000
 -6.18561089e-01   0.0000
  8.31524789e-01   0.0000
  6.23424053e-01   0.0000
  1.16500878e+00   0.0000
  3.39070186e-02   0.0000
 -1.58163321e+00   0.0000
  9.59600434e-02   0.0000
 -2.75278371e-02   0.0000
 -3.36179920e-02   0.0000
 -1.32410049e-01   0.0000
 -3.22131487e-03   0.0000
  1.70873776e-02   0.0000
 -4.24959958e-02   0.0000
 -1.31619960e-01   0.0000
  1.53901624e-02   0.0000
  1.66303381e-01   0.0000
 -2.19771668e-01   0.0000
 -2.44979545e-01   0.0000
  6.12433314e-01   0.0000
  1.14928924e-01   0.0000
 -7.46623352e-02   0.0000
 -1.21657617e-01   0.0000
  1.82206333e-02   0.0000
 -8.74976395e-04   0.0000
 -1.25724748e-01   0.0000
 -3.15114595e-02   0.0000
  1.02095097e-01   0.0000
  1.96844265e-01   0.0000
 -2.55402876e-04   0.0000
  1.21568143e+00   0.0000
  2.29010388e-01   0.0000
 -3.84710878e-02   0.0000
 -7.46842176e-02   0.0000
 -2.84199178e-01   0.0000
 -2.29389197e-03   0.0000
  3.57822888e-02   0.0000
 -6.31369799e-02   0.0000
 -4.06709313e-01   0.0000
  6.33154139e-02   0.0000
  3.94640207e-01   0.0000
  5.25001548e-02   0.0000
 -6.39634371e-01   0.0000
 -6.81451187e-02   0.0000
  4.65225935e-01   0.0000
 -2.93712080e-01   0.0000
 -5.57423174e-01   0.0000
  8.20291564e-02   0.0000
  1.04771117e-02   0.0000
 -2.64829189e-01   0.0000
  2.36973196e-01   0.0000
  2.50227004e-01   0.0000
  5.55139601e-01   0.0000
 -3.21179279e-04   0.0000
 -2.35207483e-01   0.0000
  6.62988126e-02   0.0000
 -1.57216843e-02   0.0000
 -2.20719799e-02   0.0000
 -1.69239223e-01   0.0000
 -2.40037567e-03   0.0000
  1.14320428e-05   0.0000
  1.14848884e-03   0.0000
 -9.69476923e-02   0.0000
 -7.28734187e-04   0.0000
  2.27501690e-02   0.0000
  6.90922856e-01   0.0000
 -9.58926827e-02   0.0000
 -1.28769422e+00   0.0000
  1.36125535e-01   0.0000
 -1.10797018e-01   0.0000
 -1.61637858e-01   0.0000
 -1.98971102e-04   0.0000
  2.14620537e-04   0.0000
 -8.17714036e-02   0.0000
  4.51170594e-01   0.0000
  8.53265151e-02   0.0000
  2.78590947e-01   0.0000
  1.42109537e-04   0.0000
 -2.85172224e+00   0.0000
  2.55331714e-02   0.0000
 -3.16829756e-02   0.0000
  5.41956984e-02   0.0000
 -1.08245909e-01   0.0000
 -6.60193386e-03   0.0000
  5.54229249e-04   0.0000
 -4.10766043e-02   0.0000
  1.10524008e-02   0.0000
  6.74301684e-02   0.0000
  1.78990096e-01   0.0000
 -2.34183997e-01   0.0000
  2.46704713e-01   0.0000
  9.79267657e-01   0.0000
 -1.62546426e-01   0.0000
 -5.70000568e-03   0.0000
  1.00292332e-01   0.0000
  4.34409715e-02   0.0000
 -6.98583275e-02   0.0000
 -2.50160228e-02   0.0000
  4.88382205e-02   0.0000
 -1.39066368e-01   0.0000
 -1.39703915e-01   0.0000
  1.31670167e-04   0.0000
  1.27061951e+00   0.0000
  1.06006235e-01   0.0000
 -2.18563736e-03   0.0000
 -1.77337062e-02   0.0000
 -9.46102738e-02   0.0000
  1.97746791e-04   0.0000
 -5.62697602e-03   0.0000
 -8.89192335e-03   0.0000
 -3.13626140e-01   0.0000
  2.20584273e-02   0.0000
  3.59403998e-01   0.0000
  5.55899441e-01   0.0000
 -6.20696068e-01   0.0000
 -2.88158327e-01   0.0000
  3.29823047e-01   0.0000
 -1.06381513e-01   0.0000
 -2.91295737e-01   0.0000
 -1.47147302e-03   0.0000
 -7.40831427e-04   0.0000
 -9.00468528e-02   0.0000
  4.04981852e-01   0.0000
  1.10490404e-01   0.0000
  2.95970023e-01   0.0000
 -5.53236750e-05   0.0000
 -6.50950432e-01   0.0000
  3.45517755e-01   0.0000
 -6.71959966e-02   0.0000
 -1.43061876e-01   0.0000
 -3.26393098e-01   0.0000
 -1.58734873e-01   0.0000
 -6.37265518e-02   0.0000
 -1.37414142e-01   0.0000
 -5.41795969e-01   0.0000
  1.80344939e-01   0.0000
  6.98692620e-01   0.0000
  5.25484681e-01   0.0000
 -6.96466565e-01   0.0000
 -4.20636266e-01   0.0000
  4.97486115e-01   0.0000
 -2.66504735e-01   0.0000
 -4.76438046e-01   0.0000
  1.53714372e-02   0.0000
 -1.33588891e-02   0.0000
 -2.69252032e-01   0.0000
  6.06715798e-01   0.0000
  3.01763892e-01   0.0000
  4.70046014e-01   0.0000
 -2.24089529e-02   0.0000
  1.26074985e-01   0.0000
  1.74693370e+00   0.0000
 -4.28374380e-01   0.0000
 -7.16210246e-01   0.0000
 -1.97535098e+00   0.0000
 -3.93131524e-01   0.0000
  4.72480617e-02   0.0000
 -7.17320144e-01   0.0000
 -2.58152437e+00   0.0000
  6.77775323e-01   0.0000
  2.53417706e+00   0.0000
  2.85633707e+00   0.0000
 -3.31410360e+00   0.0000
 -4.60499811e+00   0.0000
  2.65579557e+00   0.0000
 -1.87732911e+00   0.0000
 -3.17595792e+00   0.0000
  6.34979665e-01   0.0000
  6.31509349e-02   0.0000
 -1.94519830e+00   0.0000
  2.92107940e+00   0.0000
  1.75004184e+00   0.0000
  3.20737433e+00   0.0000
 -8.26611576e-05   0.0000
 -6.83880377e+00   0.0000
  0.00000000e+00   0.0000

