 5 0.000000 1
 1 
 Si 28.085500
 0 0.250001 4.500000 0.978124 2.000000 
 5 0 1 2 4 6
 8 0.10000 0.20000 0.30000 0.40000 0.50000 0.60000 0.70000 0.80000
 1 12.169200 6.172630 3.114710 0.755675 0.404939 0.036124 0.650018 0.572890
 4 40 24 24 1
 -1.46574125e-01   0.0000
  5.42857647e-01   0.0000
 -4.15359251e-02   0.0000
 -6.17123067e-01   0.0000
 -8.22416306e-01   0.0000
  2.92180717e-01   0.0000
 -2.26583526e-01   0.0000
 -3.58541638e-01   0.0000
  3.20443296e+00   0.0000
 -6.64763629e-01   0.0000
 -6.73739374e-01   0.0000
  7.20654309e-01   0.0000
  8.08839574e-02   0.0000
 -6.54809594e-01   0.0000
  9.66256678e-01   0.0000
 -5.43937564e-01   0.0000
 -1.71937615e-01   0.0000
 -4.49934781e-01   0.0000
  6.87346816e-01   0.0000
  8.25649559e-01   0.0000
 -2.90210079e-02   0.0000
 -1.15640581e+00   0.0000
 -3.14485669e-01   0.0000
  6.43260032e-02   0.0000
  1.26021266e-01   0.0000
  3.27826977e-01   0.0000
  1.26245737e-01   0.0000
 -5.58747910e-02   0.0000
 -3.30730170e-01   0.0000
  9.52097699e-02   0.0000
 -3.19886595e-01   0.0000
 -3.25875133e-01   0.0000
 -2.50259846e-01   0.0000
 -9.75852311e-02   0.0000
 -6.58536673e-01   0.0000
  3.67821932e-01   0.0000
  1.89166591e-02   0.0000
 -1.77960813e-01   0.0000
  6.01343155e-01   0.0000
 -3.80384713e-01   0.0000
 -4.70180996e-02   0.0000
 -2.77195424e-01   0.0000
  4.36849967e-02   0.0000
  6.92682415e-02   0.0000
 -4.82667506e-01   0.0000
 -2.52385378e-01   0.0000
 -6.31742999e-02   0.0000
  3.50942090e-02   0.0000
  1.80246770e-01   0.0000
  2.06532374e-01   0.0000
  4.79811803e-02   0.0000
  1.52368382e-01   0.0000
 -3.04882646e-01   0.0000
  1.10533394e-01   0.0000
 -3.72401267e-01   0.0000
 -2.98170537e-01   0.0000
 -1.18286419e+00   0.0000
  1.78270862e-01   0.0000
 -6.01496696e-01   0.0000
  1.52395785e-01   0.0000
  4.41784300e-02   0.0000
  8.00115168e-02   0.0000
  4.63352680e-01   0.0000
 -3.05050671e-01   0.0000
  9.26119369e-03   0.0000
 -3.14346820e-01   0.0000
 -1.02877282e-01   0.0000
 -2.91841716e-01   0.0000
 -5.92901528e-01   0.0000
  1.21994913e-01   0.0000
 -9.91279855e-02   0.0000
 -6.33663870e-03   0.0000
  2.22259328e-01   0.0000
  9.21595842e-02   0.0000
 -7.51968101e-02   0.0000
  2.26808965e-01   0.0000
 -1.90635696e-01   0.0000
  2.25906633e-02   0.0000
 -3.67944956e-01   0.0000
 -2.31950745e-01   0.0000
 -1.49102867e+00   0.0000
  4.75606889e-01   0.0000
 -6.45670235e-01   0.0000
  6.35892153e-02   0.0000
  3.61533538e-02   0.0000
  4.37021963e-02   0.0000
  5.13987422e-01   0.0000
 -3.27790231e-01   0.0000
  3.87589186e-02   0.0000
 -2.35519752e-01   0.0000
 -8.53475779e-02   0.0000
 -3.86740834e-01   0.0000
 -4.01489496e-01   0.0000
  4.17733580e-01   0.0000
 -5.31068444e-03   0.0000
  9.86809935e-03   0.0000
  2.10973293e-01   0.0000
  1.78391904e-01   0.0000
 -1.71287879e-01   0.0000
  4.59581614e-01   0.0000
 -1.86226562e-01   0.0000
  3.56014371e-02   0.0000
 -4.30239022e-01   0.0000
 -1.76697508e-01   0.0000
 -1.34168959e+00   0.0000
  5.80975056e-01   0.0000
 -6.82023585e-01   0.0000
  1.22629717e-01   0.0000
  4.78706621e-02   0.0000
  4.93039042e-02   0.0000
  4.76182163e-01   0.0000
 -3.10645938e-01   0.0000
  3.39000374e-02   0.0000
 -2.02140972e-01   0.0000
 -4.42880392e-02   0.0000
 -6.26685917e-01   0.0000
 -2.43746653e-01   0.0000
  5.94445348e-01   0.0000
  2.29344759e-02   0.0000
  3.02650593e-03   0.0000
  2.18888327e-01   0.0000
  5.72022833e-02   0.0000
 -2.52499819e-01   0.0000
  4.21342969e-01   0.0000
 -2.54703462e-01   0.0000
  3.11560817e-02   0.0000
 -3.40212315e-01   0.0000
 -1.66590065e-01   0.0000
 -8.75973523e-01   0.0000
  7.40825653e-01   0.0000
 -6.86193943e-01   0.0000
  2.65535025e-04   0.0000
  7.13455006e-02   0.0000
  1.19514674e-01   0.0000
  3.39490116e-01   0.0000
 -3.41027835e-03   0.0000
 -2.83111632e-02   0.0000
 -2.93873101e-01   0.0000
  1.54364491e-02   0.0000
 -6.98910475e-01   0.0000
  5.83955348e-02   0.0000
  7.52646685e-01   0.0000
  1.97430402e-01   0.0000
 -1.13419592e-02   0.0000
  2.22463101e-01   0.0000
  1.56312585e-01   0.0000
 -3.19414675e-01   0.0000
  4.59549248e-01   0.0000
 -2.65935630e-01   0.0000
  4.26381826e-02   0.0000
 -2.91110396e-01   0.0000
 -1.50770277e-01   0.0000
 -3.02215457e-01   0.0000
  6.83659971e-01   0.0000
 -7.64721155e-01   0.0000
  2.25276127e-02   0.0000
  6.33755624e-02   0.0000
  6.63855970e-02   0.0000
  3.19753587e-01   0.0000
 -2.83003926e-01   0.0000
 -3.98617052e-02   0.0000
 -2.50691652e-01   0.0000
  3.00565008e-02   0.0000
 -6.95910335e-01   0.0000
  2.22091094e-01   0.0000
  9.52755451e-01   0.0000
  1.49461284e-01   0.0000
 -7.94544592e-02   0.0000
  2.32136399e-01   0.0000
  9.30296183e-02   0.0000
 -3.99786979e-01   0.0000
  4.92065281e-01   0.0000
 -3.50737900e-01   0.0000
  7.82532170e-02   0.0000
 -3.72549206e-01   0.0000
 -2.52834171e-01   0.0000
  5.03114104e-01   0.0000
  7.48101234e-01   0.0000
 -8.37841034e-01   0.0000
 -4.26036008e-02   0.0000
  9.01521966e-02   0.0000
  9.82263163e-02   0.0000
  2.68395483e-01   0.0000
 -2.45835692e-01   0.0000
 -2.37873364e-02   0.0000
 -1.98241085e-01   0.0000
  6.05097599e-02   0.0000
 -7.33261943e-01   0.0000
  4.68291104e-01   0.0000
  9.76400733e-01   0.0000
  2.27439359e-01   0.0000
 -8.47537667e-02   0.0000
  6.07818365e-01   0.0000
  1.76838666e-01   0.0000
 -7.84721300e-02   0.0000
 -6.97730482e-01   0.0000
 -1.05647290e+00   0.0000
  1.29916314e-02   0.0000
 -4.46937650e-01   0.0000
 -4.21903953e-02   0.0000
 -6.19525492e-01   0.0000
  3.44721675e-01   0.0000
  1.07268822e+00   0.0000
  2.90480047e-01   0.0000
  1.06754526e-01   0.0000
 -6.84810698e-01   0.0000
 -7.01532304e-01   0.0000
 -9.54232272e-03   0.0000
 -1.85641080e-01   0.0000
  1.80765510e-01   0.0000
  5.63189864e-01   0.0000
  1.96870670e-01   0.0000
  8.15234601e-01   0.0000
  7.12006092e-01   0.0000
  6.41189292e-02   0.0000
 -4.50296015e-01   0.0000
  2.72327989e-01   0.0000
  1.04676731e-01   0.0000
 -6.46195412e-01   0.0000
  7.56001547e-02   0.0000
 -5.90245187e-01   0.0000
  4.90436237e-03   0.0000
  7.83299446e-01   0.0000
  1.64180975e-02   0.0000
  9.60372761e-02   0.0000
  7.54192993e-02   0.0000
  8.04695785e-01   0.0000
  1.47965640e-01   0.0000
  6.44363463e-02   0.0000
  4.94976453e-02   0.0000
 -8.32972765e-01   0.0000
  1.79854687e-02   0.0000
 -1.02970667e-01   0.0000
  5.69786206e-02   0.0000
  7.65793175e-02   0.0000
  3.81424695e-01   0.0000
  1.59599185e-01   0.0000
 -4.23423856e-01   0.0000
  2.97953129e-01   0.0000
 -1.44043222e-01   0.0000
  2.99188256e-01   0.0000
  2.44038110e-03   0.0000
 -2.05055162e-01   0.0000
  4.05281812e-01   0.0000
 -4.21356738e-01   0.0000
  5.71032753e-03   0.0000
  7.24180996e-01   0.0000
 -1.01839490e-02   0.0000
  2.90486127e-01   0.0000
  1.77155323e-02   0.0000
  6.96412265e-01   0.0000
  6.20370582e-02   0.0000
  1.95651166e-02   0.0000
  1.07878610e-01   0.0000
 -6.58937871e-01   0.0000
  6.24744594e-03   0.0000
 -5.34449443e-02   0.0000
  4.37573791e-02   0.0000
  4.99045886e-02   0.0000
  2.15503126e-01   0.0000
  3.62263317e-03   0.0000
 -7.00856626e-01   0.0000
  3.74369174e-01   0.0000
 -1.62826464e-01   0.0000
  2.60412514e-01   0.0000
 -9.97639913e-03   0.0000
  5.15387543e-02   0.0000
  4.64238763e-01   0.0000
 -2.28258684e-01   0.0000
  3.61257256e-03   0.0000
  7.22228050e-01   0.0000
 -5.05250916e-02   0.0000
  2.14761287e-01   0.0000
 -8.26374890e-05   0.0000
  7.03084171e-01   0.0000
 -6.91494485e-03   0.0000
  8.66222288e-03   0.0000
  1.93889380e-01   0.0000
 -6.02429688e-01   0.0000
  6.39270665e-03   0.0000
 -2.45457459e-02   0.0000
  8.21916610e-02   0.0000
  1.38438661e-02   0.0000
  1.64002985e-01   0.0000
 -7.08638281e-02   0.0000
 -7.35968828e-01   0.0000
  4.43976551e-01   0.0000
 -1.92037016e-01   0.0000
  2.42906198e-01   0.0000
 -9.18155536e-03   0.0000
  2.28536129e-01   0.0000
  5.20653903e-01   0.0000
 -2.26815507e-01   0.0000
  1.07166858e-03   0.0000
  6.21594310e-01   0.0000
 -6.07054420e-02   0.0000
  1.24784090e-01   0.0000
  4.30831369e-06   0.0000
  6.67213380e-01   0.0000
 -3.60237993e-02   0.0000
  3.48070846e-03   0.0000
  2.61714220e-01   0.0000
 -5.03401637e-01   0.0000
  1.87241950e-03   0.0000
 -3.02109942e-02   0.0000
  8.43516458e-03   0.0000
  1.50243314e-02   0.0000
  8.85542035e-02   0.0000
 -7.50553906e-02   0.0000
 -6.72174454e-01   0.0000
  4.75885361e-01   0.0000
 -2.19495296e-01   0.0000
  2.35456303e-01   0.0000
 -7.17556616e-03   0.0000
  2.60098785e-01   0.0000
  5.88339090e-01   0.0000
 -1.05683230e-01   0.0000
 -1.56609120e-03   0.0000
  6.60745740e-01   0.0000
 -5.49933873e-02   0.0000
  1.64056253e-02   0.0000
  3.59729156e-02   0.0000
  6.32013440e-01   0.0000
  4.05551530e-02   0.0000
  1.00596165e-02   0.0000
  2.82473356e-01   0.0000
 -4.73046750e-01   0.0000
  2.43501505e-03   0.0000
 -3.06948274e-02   0.0000
  5.64859062e-02   0.0000
  1.26019130e-02   0.0000
  6.03775568e-02   0.0000
 -4.22712900e-02   0.0000
 -6.07021570e-01   0.0000
  4.77223366e-01   0.0000
 -2.38578051e-01   0.0000
  2.35475644e-01   0.0000
 -7.06059206e-03   0.0000
  3.26467156e-01   0.0000
  5.21907628e-01   0.0000
 -1.50439665e-01   0.0000
 -1.51596346e-03   0.0000
  6.33988917e-01   0.0000
 -4.81938608e-02   0.0000
 -1.76796570e-01   0.0000
  3.10868229e-04   0.0000
  4.22603130e-01   0.0000
  4.26273830e-02   0.0000
  1.16786053e-02   0.0000
  1.82516873e-01   0.0000
 -4.52482581e-01   0.0000
  7.34359724e-03   0.0000
 -2.63884794e-02   0.0000
  1.63768847e-02   0.0000
  3.21627147e-02   0.0000
  6.19759262e-02   0.0000
  3.96122271e-03   0.0000
 -6.07536614e-01   0.0000
  4.54686195e-01   0.0000
 -2.44529724e-01   0.0000
  2.41587386e-01   0.0000
 -7.03656301e-03   0.0000
  3.42389703e-01   0.0000
  5.61238825e-01   0.0000
 -1.40148833e-01   0.0000
  2.21815216e-03   0.0000
  5.94348252e-01   0.0000
  6.77647116e-03   0.0000
 -3.23504567e-01   0.0000
 -3.70620401e-04   0.0000
  2.76011497e-01   0.0000
  7.08838403e-02   0.0000
  1.18980231e-02   0.0000
  1.65173978e-01   0.0000
 -4.25258011e-01   0.0000
  3.69134534e-04   0.0000
 -2.49896944e-02   0.0000
 -4.11274284e-03   0.0000
  2.68410165e-02   0.0000
  5.73784336e-02   0.0000
 -9.47800204e-02   0.0000
 -5.63749492e-01   0.0000
  4.40348983e-01   0.0000
 -2.48458281e-01   0.0000
  2.96958476e-01   0.0000
  1.77269250e-01   0.0000
 -6.70947790e-01   0.0000
  8.35263804e-02   0.0000
 -3.01431656e+00   0.0000
 -9.82553139e-02   0.0000
 -3.87392104e-01   0.0000
  3.95635925e-02   0.0000
 -2.59121239e-01   0.0000
  5.57646513e-01   0.0000
 -1.50658965e-01   0.0000
 -3.47387284e-01   0.0000
  9.03158411e-02   0.0000
 -4.34934646e-01   0.0000
 -9.62472022e-01   0.0000
 -6.38389448e-03   0.0000
 -2.07714766e-01   0.0000
  1.57633901e-01   0.0000
  4.51736510e-01   0.0000
  2.54527545e+00   0.0000
  1.08851381e-01   0.0000
 -5.85911453e-01   0.0000
 -3.54217380e-01   0.0000
 -5.53220391e-01   0.0000
 -7.60420933e-02   0.0000
  1.25911400e-01   0.0000
  2.33697668e-01   0.0000
 -6.93396926e-01   0.0000
 -1.29907227e+00   0.0000
 -1.05104990e-01   0.0000
  3.43511194e-01   0.0000
  2.32176315e-02   0.0000
  3.05293109e-02   0.0000
  2.83315748e-01   0.0000
 -2.84510612e-01   0.0000
 -1.96894780e-02   0.0000
  3.58460024e-02   0.0000
  3.06833535e-02   0.0000
 -9.76182699e-01   0.0000
  1.51363416e-02   0.0000
 -2.77779371e-01   0.0000
  2.79985249e-01   0.0000
  1.80119529e-01   0.0000
  5.95130086e-01   0.0000
 -3.45513910e-01   0.0000
 -3.26576531e-01   0.0000
 -1.16893277e-01   0.0000
 -2.44625673e-01   0.0000
  2.83640735e-02   0.0000
 -7.08012655e-03   0.0000
  5.24438620e-01   0.0000
 -7.46842563e-01   0.0000
 -7.77308822e-01   0.0000
 -1.47165090e-01   0.0000
  3.66451442e-01   0.0000
  5.61558120e-02   0.0000
  3.53147686e-01   0.0000
  1.74387276e-01   0.0000
  1.51263431e-01   0.0000
  8.62284005e-03   0.0000
  1.21284490e-02   0.0000
  3.69747102e-01   0.0000
 -6.37689829e-01   0.0000
  1.90059748e-02   0.0000
 -8.28592330e-02   0.0000
  1.00016445e-01   0.0000
  7.26671964e-02   0.0000
  1.59818187e-01   0.0000
 -1.94265395e-01   0.0000
 -2.18727157e-01   0.0000
 -2.64705449e-01   0.0000
 -1.08775392e-01   0.0000
 -2.19747704e-02   0.0000
  2.20507812e-02   0.0000
  4.67598438e-01   0.0000
 -6.68457806e-01   0.0000
 -5.17800152e-01   0.0000
 -4.58348505e-02   0.0000
  4.50944871e-01   0.0000
  5.51391393e-03   0.0000
  3.47304314e-01   0.0000
  1.61692068e-01   0.0000
  7.04605341e-01   0.0000
 -3.16751003e-02   0.0000
 -1.05536927e-03   0.0000
  4.72955734e-01   0.0000
 -3.17736864e-01   0.0000
  8.54042824e-03   0.0000
 -2.72911824e-02   0.0000
  3.33460607e-02   0.0000
  5.63288219e-02   0.0000
 -6.30098581e-02   0.0000
  5.80927879e-02   0.0000
 -5.61913550e-02   0.0000
 -3.72200370e-01   0.0000
 -2.73616184e-02   0.0000
 -9.93385985e-02   0.0000
 -9.30823851e-03   0.0000
  3.35808128e-01   0.0000
 -5.98855853e-01   0.0000
 -3.92161220e-01   0.0000
 -6.57576546e-02   0.0000
  4.65621114e-01   0.0000
  6.21944200e-04   0.0000
  1.44097522e-01   0.0000
  1.02098748e-01   0.0000
  7.96916962e-01   0.0000
 -9.46062282e-02   0.0000
 -4.68207011e-03   0.0000
  4.93928194e-01   0.0000
 -1.22835383e-01   0.0000
  7.71850860e-03   0.0000
 -1.26242377e-02   0.0000
 -2.34393287e-03   0.0000
  4.37050685e-02   0.0000
 -1.26049712e-01   0.0000
  1.46837085e-01   0.0000
 -6.19502217e-02   0.0000
 -4.25336331e-01   0.0000
  3.99979912e-02   0.0000
 -1.46630257e-01   0.0000
  6.91383891e-03   0.0000
  1.38218462e-01   0.0000
 -6.09677672e-01   0.0000
 -2.71760464e-01   0.0000
  2.73632933e-03   0.0000
  3.74098569e-01   0.0000
  7.02399248e-03   0.0000
  9.97050107e-02   0.0000
  3.79517190e-02   0.0000
  7.90553510e-01   0.0000
 -4.79751155e-02   0.0000
 -3.65075748e-03   0.0000
  2.17009738e-01   0.0000
 -7.06901327e-02   0.0000
  1.53685850e-03   0.0000
 -1.63302124e-02   0.0000
 -5.52307814e-03   0.0000
  2.67830603e-02   0.0000
 -1.35402277e-01   0.0000
  1.37104213e-01   0.0000
  7.11527094e-03   0.0000
 -5.23374915e-01   0.0000
  1.04007423e-01   0.0000
 -2.01961875e-01   0.0000
 -7.63188815e-03   0.0000
 -2.26616189e-02   0.0000
 -5.18686235e-01   0.0000
 -3.26031417e-01   0.0000
 -8.00275302e-04   0.0000
  3.84913832e-01   0.0000
  3.90949706e-03   0.0000
 -1.99637860e-01   0.0000
  6.16560541e-02   0.0000
  6.24260247e-01   0.0000
 -2.40391940e-02   0.0000
 -1.16406323e-03   0.0000
 -9.18181613e-03   0.0000
 -3.29252076e-03   0.0000
  1.02860108e-03   0.0000
  3.44111281e-03   0.0000
 -2.32937397e-03   0.0000
  5.55485599e-02   0.0000
 -1.69527829e-01   0.0000
  9.97513086e-02   0.0000
 -3.38181970e-03   0.0000
 -4.45446342e-01   0.0000
  9.38873664e-02   0.0000
 -2.47810319e-01   0.0000
 -6.87875319e-03   0.0000
 -2.20453143e-01   0.0000
 -4.57904726e-01   0.0000
 -1.99821636e-01   0.0000
 -2.22251960e-03   0.0000
  4.95053351e-01   0.0000
  4.25914675e-03   0.0000
 -4.52145278e-01   0.0000
  1.70605350e-02   0.0000
  3.33224118e-01   0.0000
 -1.79020390e-02   0.0000
  2.95789260e-03   0.0000
 -2.73255497e-01   0.0000
  1.99248865e-02   0.0000
  4.24159085e-03   0.0000
 -3.86717543e-02   0.0000
 -6.85809238e-04   0.0000
  3.22152562e-02   0.0000
 -1.89842150e-01   0.0000
  5.90566546e-03   0.0000
 -2.16687657e-02   0.0000
 -3.68297666e-01   0.0000
  1.30858615e-01   0.0000
 -4.86419171e-01   0.0000
  4.33843255e-01   0.0000
  7.83328593e-01   0.0000
 -1.69320190e+00   0.0000
 -6.92983091e-01   0.0000
  1.92614019e-01   0.0000
  5.96006393e-01   0.0000
 -5.83336592e-01   0.0000
  8.00726473e-01   0.0000
 -1.45452583e+00   0.0000
 -9.90294456e-01   0.0000
 -8.36636782e-01   0.0000
 -1.03632808e-01   0.0000
 -1.08804017e-01   0.0000
  6.85999453e-01   0.0000
 -2.10733101e-01   0.0000
  3.21838081e-01   0.0000
 -3.45841676e-01   0.0000
 -1.54815018e-01   0.0000
  1.44355106e+00   0.0000
  3.76416683e-01   0.0000
 -1.70300448e+00   0.0000
 -9.58487332e-01   0.0000
  5.47083378e-01   0.0000
 -2.66674787e-01   0.0000
  2.32478961e-01   0.0000
  1.41928881e-01   0.0000
 -4.47175682e-01   0.0000
 -3.42486471e-01   0.0000
  1.07252397e-01   0.0000
 -1.96497723e-01   0.0000
 -4.10097599e-01   0.0000
 -4.37346965e-01   0.0000
 -9.46136475e-01   0.0000
 -5.70606768e-01   0.0000
 -9.43581879e-01   0.0000
 -9.55522433e-02   0.0000
  3.83273214e-01   0.0000
  7.21867323e-01   0.0000
 -1.66431323e-01   0.0000
  3.80349427e-01   0.0000
 -1.80201396e-01   0.0000
 -4.39388901e-01   0.0000
  6.92600846e-01   0.0000
 -2.60983229e-01   0.0000
 -9.69633102e-01   0.0000
 -9.23623800e-01   0.0000
 -1.15489259e-01   0.0000
 -5.53622544e-01   0.0000
  2.36782227e-02   0.0000
 -1.93520159e-01   0.0000
 -5.12371957e-02   0.0000
 -8.87327969e-01   0.0000
 -3.21042142e-03   0.0000
 -6.03357106e-02   0.0000
 -3.81875157e-01   0.0000
 -2.39677206e-01   0.0000
 -7.44539440e-01   0.0000
 -1.97908342e-01   0.0000
 -8.41827035e-01   0.0000
 -7.77388662e-02   0.0000
  6.82019830e-01   0.0000
  7.41743445e-01   0.0000
 -5.06219231e-02   0.0000
  3.38094890e-01   0.0000
 -2.87414491e-01   0.0000
 -3.83371323e-01   0.0000
  1.87989146e-01   0.0000
  1.35598294e-02   0.0000
 -3.42360705e-01   0.0000
 -9.74402547e-01   0.0000
 -1.91372205e-02   0.0000
 -5.52414834e-01   0.0000
  4.33747694e-02   0.0000
 -1.52163897e-02   0.0000
 -1.32203372e-02   0.0000
 -3.38777781e-01   0.0000
  3.33269797e-02   0.0000
 -2.10665718e-01   0.0000
 -2.48716056e-01   0.0000
 -2.21334510e-02   0.0000
 -5.81086934e-01   0.0000
 -1.18918538e-01   0.0000
 -8.03397357e-01   0.0000
 -3.76110971e-02   0.0000
  5.83896279e-01   0.0000
  7.74641454e-01   0.0000
 -6.02117963e-02   0.0000
  2.76668042e-01   0.0000
 -1.22211091e-01   0.0000
 -2.33303607e-01   0.0000
  5.27909175e-02   0.0000
  6.68661147e-02   0.0000
 -2.09226483e-03   0.0000
 -9.32514668e-01   0.0000
 -7.01249838e-02   0.0000
 -3.90402645e-01   0.0000
  8.53350013e-03   0.0000
  3.16170365e-01   0.0000
 -2.07677688e-02   0.0000
  2.81772166e-01   0.0000
  4.36511822e-02   0.0000
 -3.71703625e-01   0.0000
 -2.91115463e-01   0.0000
 -4.41020615e-02   0.0000
 -6.25518262e-01   0.0000
 -3.17718200e-02   0.0000
 -6.05612397e-01   0.0000
 -2.58796234e-02   0.0000
  3.72353852e-01   0.0000
  8.29427958e-01   0.0000
 -1.36634454e-01   0.0000
  2.24843785e-01   0.0000
 -1.31436586e-01   0.0000
 -1.73391566e-01   0.0000
 -9.82639194e-03   0.0000
  1.13535866e-01   0.0000
  1.87446460e-01   0.0000
 -7.50453889e-01   0.0000
 -2.30483398e-01   0.0000
 -2.09184408e-01   0.0000
  4.45268536e-03   0.0000
  4.17185247e-01   0.0000
 -4.52903323e-02   0.0000
  5.78280807e-01   0.0000
  2.68249530e-02   0.0000
 -6.27499759e-01   0.0000
 -1.64348185e-01   0.0000
  8.34227074e-03   0.0000
 -5.44035077e-01   0.0000
 -3.04381214e-02   0.0000
 -6.00468159e-01   0.0000
 -2.21878719e-02   0.0000
  1.15439050e-01   0.0000
  6.71388030e-01   0.0000
 -4.86502200e-02   0.0000
  1.85127750e-01   0.0000
 -1.51665419e-01   0.0000
 -1.77804783e-01   0.0000
 -5.03595099e-02   0.0000
  1.70029983e-01   0.0000
  3.23640406e-01   0.0000
 -6.09209716e-01   0.0000
 -3.49074364e-01   0.0000
 -3.50838266e-02   0.0000
  2.90511409e-03   0.0000
  5.06676972e-01   0.0000
 -8.47258717e-02   0.0000
  6.30649984e-01   0.0000
 -5.79758640e-03   0.0000
 -6.79114044e-01   0.0000
 -2.01583490e-01   0.0000
 -1.13942504e-01   0.0000
 -5.09501517e-01   0.0000
 -1.74614206e-01   0.0000
 -5.53771853e-01   0.0000
 -3.39905806e-02   0.0000
 -1.00369126e-01   0.0000
  6.73192918e-01   0.0000
  5.14369598e-03   0.0000
  1.42251596e-01   0.0000
 -1.13484271e-01   0.0000
 -1.19356163e-01   0.0000
 -4.68020067e-02   0.0000
  1.94419220e-01   0.0000
  5.53804398e-01   0.0000
 -6.30124867e-01   0.0000
 -4.28425401e-01   0.0000
  9.52874944e-02   0.0000
  2.10853405e-02   0.0000
  3.08457106e-01   0.0000
 -1.09207824e-01   0.0000
  4.52371627e-01   0.0000
 -2.24374759e-04   0.0000
 -7.34185696e-01   0.0000
 -1.38452753e-01   0.0000
 -1.67884260e-01   0.0000
 -5.48000157e-01   0.0000
 -8.80883783e-02   0.0000
 -4.88274008e-01   0.0000
 -1.44716334e-02   0.0000
 -3.96936744e-01   0.0000
  6.76648200e-01   0.0000
 -2.47629881e-02   0.0000
  1.14016831e-01   0.0000
 -9.57588330e-02   0.0000
 -1.08027272e-02   0.0000
 -4.52188179e-02   0.0000
  2.45248318e-01   0.0000
  6.52480006e-01   0.0000
 -6.26106322e-01   0.0000
 -4.18275565e-01   0.0000
 -8.27130489e-03   0.0000
  1.69476211e-01   0.0000
 -9.53995883e-02   0.0000
 -4.71406966e-01   0.0000
 -5.41611731e-01   0.0000
  2.00255841e-01   0.0000
  2.18179718e-01   0.0000
 -5.41996777e-01   0.0000
 -1.76015887e-02   0.0000
 -2.21751714e+00   0.0000
 -2.05267236e-01   0.0000
  1.74608374e+00   0.0000
 -1.97338864e-01   0.0000
 -8.49615335e-01   0.0000
  2.43249327e-01   0.0000
 -2.62444168e-01   0.0000
  1.27941579e-01   0.0000
 -2.72750616e-01   0.0000
  7.28119195e-01   0.0000
 -4.33654152e-02   0.0000
  7.92927891e-02   0.0000
  6.46590650e-01   0.0000
  3.07305783e-01   0.0000
 -2.96266712e-02   0.0000
 -1.40137479e-01   0.0000
  4.34397422e-02   0.0000
 -3.35734576e-01   0.0000
 -6.08996749e-02   0.0000
 -1.06820092e-01   0.0000
  1.35792419e-01   0.0000
  4.98702794e-01   0.0000
 -3.93083274e-01   0.0000
 -1.90239102e-02   0.0000
 -1.38368213e+00   0.0000
 -5.87125942e-02   0.0000
  6.16351426e-01   0.0000
 -1.27532527e-01   0.0000
  1.44570976e-01   0.0000
  4.07685675e-02   0.0000
 -1.24188945e-01   0.0000
  2.37942532e-01   0.0000
 -2.01592296e-01   0.0000
 -2.62984425e-01   0.0000
 -2.23152503e-01   0.0000
  3.30223739e-01   0.0000
  3.02076697e-01   0.0000
  3.87571543e-01   0.0000
  5.32694221e-01   0.0000
 -1.58041224e-01   0.0000
  2.16337163e-02   0.0000
 -2.05212712e-01   0.0000
  2.67621130e-01   0.0000
  2.97354758e-01   0.0000
  1.00865670e-01   0.0000
  6.45134389e-01   0.0000
 -4.03516948e-01   0.0000
  3.22459638e-01   0.0000
 -1.01398528e+00   0.0000
  4.82840836e-02   0.0000
  1.01480715e-01   0.0000
 -8.31762701e-02   0.0000
  5.33630073e-01   0.0000
  5.04978783e-02   0.0000
 -6.68261871e-02   0.0000
  1.50174379e-01   0.0000
 -2.14452013e-01   0.0000
 -5.23703158e-01   0.0000
 -1.84056535e-01   0.0000
  2.40664169e-01   0.0000
 -2.81669915e-01   0.0000
  3.26141953e-01   0.0000
  3.75666797e-01   0.0000
 -1.49674669e-01   0.0000
  3.58272600e-03   0.0000
 -4.17587385e-02   0.0000
  4.47304070e-01   0.0000
  5.81693649e-01   0.0000
  7.75083303e-02   0.0000
  5.99705517e-01   0.0000
 -2.21263468e-01   0.0000
 -9.12953466e-02   0.0000
 -9.07908142e-01   0.0000
  1.79253921e-01   0.0000
 -6.87332451e-02   0.0000
 -3.22410725e-02   0.0000
  4.95687634e-01   0.0000
  1.26296327e-01   0.0000
 -6.94286637e-03   0.0000
  5.11014052e-02   0.0000
 -4.21827510e-02   0.0000
 -3.81135106e-01   0.0000
 -1.49029717e-01   0.0000
 -4.65818122e-02   0.0000
 -1.70335367e-01   0.0000
  3.34515154e-01   0.0000
 -3.85090597e-02   0.0000
 -1.30881175e-01   0.0000
 -3.18383845e-03   0.0000
  9.47926566e-02   0.0000
  5.02365351e-01   0.0000
  8.73525977e-01   0.0000
  1.00758836e-01   0.0000
  5.82053304e-01   0.0000
 -1.82034940e-01   0.0000
 -2.70661682e-01   0.0000
 -8.17650139e-01   0.0000
  2.46047094e-01   0.0000
 -4.90888804e-02   0.0000
 -1.62441414e-02   0.0000
  2.39468828e-01   0.0000
  1.27421364e-01   0.0000
 -6.62763491e-02   0.0000
  3.44655588e-02   0.0000
 -8.00904259e-02   0.0000
 -1.93810418e-01   0.0000
 -1.24731153e-01   0.0000
 -2.13368937e-01   0.0000
 -1.08163223e-01   0.0000
  3.77748698e-01   0.0000
 -3.00955802e-01   0.0000
 -4.71030585e-02   0.0000
  1.81257536e-04   0.0000
  2.64740109e-01   0.0000
  5.51465333e-01   0.0000
  1.15873265e+00   0.0000
  3.03554144e-02   0.0000
  4.64090884e-01   0.0000
 -1.44596219e-01   0.0000
 -2.40153983e-01   0.0000
 -7.60956705e-01   0.0000
  3.80079508e-01   0.0000
 -5.30888774e-02   0.0000
 -1.57195106e-02   0.0000
  4.70288619e-02   0.0000
  1.04911268e-01   0.0000
 -2.81140655e-02   0.0000
  2.61832029e-02   0.0000
 -6.78182170e-02   0.0000
  2.52410099e-02   0.0000
 -1.51318572e-02   0.0000
 -3.40135485e-01   0.0000
  4.21834514e-02   0.0000
  3.98266315e-01   0.0000
 -3.92951608e-01   0.0000
  1.56357605e-03   0.0000
  1.61238262e-04   0.0000
  3.34639043e-01   0.0000
  5.06138146e-01   0.0000
  1.44907665e+00   0.0000
  6.54200837e-02   0.0000
  4.14366305e-01   0.0000
 -1.37472257e-01   0.0000
  4.33209874e-02   0.0000
 -7.20554173e-01   0.0000
  4.26797599e-01   0.0000
  3.49882088e-04   0.0000
  4.69106669e-03   0.0000
 -2.03053534e-01   0.0000
  8.44679996e-02   0.0000
 -5.50670959e-02   0.0000
  2.98106149e-02   0.0000
 -2.41176952e-02   0.0000
  4.73705322e-01   0.0000
  1.16497204e-01   0.0000
 -3.74894351e-01   0.0000
  3.85310128e-02   0.0000
  4.30020422e-01   0.0000
 -3.60758781e-01   0.0000
  5.30540645e-02   0.0000
  4.68278630e-03   0.0000
  4.77129847e-01   0.0000
  5.88227093e-01   0.0000
  1.88092864e+00   0.0000
  3.25674540e-03   0.0000
  2.85306215e-01   0.0000
 -1.62728190e-01   0.0000
  4.60060120e-01   0.0000
 -6.10710740e-01   0.0000
  4.46382195e-01   0.0000
  8.89837816e-02   0.0000
  3.55631709e-02   0.0000
 -4.48445708e-01   0.0000
  1.43756554e-01   0.0000
 -1.04877435e-01   0.0000
  1.92828644e-02   0.0000
 -4.22785953e-02   0.0000
  9.41538811e-01   0.0000
  2.53875762e-01   0.0000
 -3.51464659e-01   0.0000
  9.35142562e-02   0.0000
  4.70323116e-01   0.0000
 -1.98809236e-01   0.0000
 -1.01962812e-01   0.0000
  1.27334744e-01   0.0000
 -1.80480182e-01   0.0000
 -3.94755512e-01   0.0000
 -2.38556147e-01   0.0000
  1.34387121e-01   0.0000
  7.07537532e-02   0.0000
 -8.03657621e-02   0.0000
  3.88743687e+00   0.0000
 -5.80949605e-01   0.0000
 -1.82994500e-01   0.0000
  1.39333695e-01   0.0000
  4.89624031e-02   0.0000
 -4.05837774e-01   0.0000
  2.94423848e-01   0.0000
 -3.74354757e-02   0.0000
 -2.73475610e-02   0.0000
 -1.55053779e-01   0.0000
  6.09240174e-01   0.0000
  6.39645457e-01   0.0000
  8.26103449e-01   0.0000
 -7.12106943e-01   0.0000
 -7.21498653e-02   0.0000
  8.38231742e-02   0.0000
 -1.25025526e-01   0.0000
  8.73157009e-03   0.0000
  2.84291673e-02   0.0000
  1.25849143e-01   0.0000
  3.66417086e-03   0.0000
  3.79323843e-03   0.0000
  1.93023570e-02   0.0000
  2.56254107e-01   0.0000
 -2.43008435e-02   0.0000
 -3.95688057e-01   0.0000
 -5.50843179e-01   0.0000
  3.80118579e-01   0.0000
  2.80370355e-01   0.0000
 -2.68573791e-01   0.0000
  1.25657722e-01   0.0000
  2.49714509e-01   0.0000
 -1.38298115e-02   0.0000
 -3.89569066e-03   0.0000
  1.03582367e-01   0.0000
 -4.51246858e-01   0.0000
 -9.77194607e-02   0.0000
 -1.89277902e-01   0.0000
  2.10384862e-03   0.0000
  9.85428989e-01   0.0000
  1.41011104e-01   0.0000
 -1.71193999e-04   0.0000
 -8.79391059e-02   0.0000
 -1.50575295e-01   0.0000
 -2.00828854e-02   0.0000
  2.41190370e-04   0.0000
 -1.03688687e-02   0.0000
 -2.32279852e-01   0.0000
  8.04760121e-03   0.0000
  6.77713826e-02   0.0000
  4.19910997e-02   0.0000
 -1.79289937e-01   0.0000
 -9.03333798e-02   0.0000
  2.45204151e-01   0.0000
 -1.74061060e-01   0.0000
 -2.79124528e-01   0.0000
  1.08201848e-02   0.0000
  6.04068637e-02   0.0000
 -1.78147748e-01   0.0000
  7.39540607e-02   0.0000
  1.90357372e-01   0.0000
  3.34676176e-01   0.0000
 -5.03952790e-04   0.0000
  2.42653787e-01   0.0000
 -3.37869674e-01   0.0000
  3.27051729e-02   0.0000
  2.38326088e-01   0.0000
  3.43546063e-01   0.0000
  2.83699837e-02   0.0000
  8.71919096e-04   0.0000
  5.84106073e-02   0.0000
  5.04851282e-01   0.0000
 -8.72573629e-02   0.0000
 -1.17198959e-01   0.0000
  1.81580186e-01   0.0000
  6.89754665e-01   0.0000
 -5.89036703e-01   0.0000
 -6.82553530e-01   0.0000
  5.48411787e-01   0.0000
  8.92899871e-01   0.0000
 -1.32404342e-01   0.0000
 -2.20610294e-02   0.0000
  3.87134731e-01   0.0000
 -5.53857014e-02   0.0000
 -4.22782570e-01   0.0000
 -9.16904807e-01   0.0000
 -1.21770179e-04   0.0000
 -3.73397499e-01   0.0000
 -9.42350104e-02   0.0000
 -1.24388430e-02   0.0000
  8.68588164e-02   0.0000
  5.84459342e-02   0.0000
 -3.72841652e-03   0.0000
  7.89453625e-04   0.0000
 -1.67554244e-02   0.0000
  1.83946222e-01   0.0000
  1.77924093e-02   0.0000
  1.17984023e-02   0.0000
  1.26330450e-01   0.0000
  3.65028262e-01   0.0000
 -4.02314216e-01   0.0000
 -3.07148010e-01   0.0000
  1.42067656e-01   0.0000
  3.03471893e-01   0.0000
 -1.66804530e-02   0.0000
 -1.00065179e-01   0.0000
  9.57076102e-02   0.0000
 -1.11841060e-01   0.0000
 -2.38911852e-01   0.0000
 -3.41052026e-01   0.0000
  2.07605935e-03   0.0000
 -3.36591512e-01   0.0000
 -6.54150784e-01   0.0000
  1.54156819e-01   0.0000
  4.26953346e-01   0.0000
  8.11495423e-01   0.0000
  1.09165847e-01   0.0000
 -2.46649462e-04   0.0000
  2.20244929e-01   0.0000
  1.02821243e+00   0.0000
 -2.44050667e-01   0.0000
 -8.33705723e-01   0.0000
 -7.26089537e-01   0.0000
  1.11732709e+00   0.0000
  5.25010526e-01   0.0000
 -1.04847860e+00   0.0000
  8.20987642e-01   0.0000
  1.08223891e+00   0.0000
 -3.14051747e-01   0.0000
 -1.30357996e-01   0.0000
  7.99696088e-01   0.0000
 -8.39796007e-01   0.0000
 -7.59135962e-01   0.0000
 -1.18402243e+00   0.0000
 -1.55119142e-02   0.0000
 -1.06632747e-01   0.0000
 -5.80173125e-03   0.0000
 -2.36787833e-03   0.0000
  8.81831814e-03   0.0000
  3.28556783e-02   0.0000
  2.77933292e-03   0.0000
 -2.23847460e-02   0.0000
 -2.74582524e-02   0.0000
  2.37562344e-03   0.0000
 -2.55231373e-03   0.0000
  7.96420574e-02   0.0000
  2.32759118e-02   0.0000
 -1.20451546e-03   0.0000
 -1.48032263e-01   0.0000
 -2.83369832e-02   0.0000
  2.64276154e-02   0.0000
  3.24274711e-02   0.0000
 -8.34714342e-03   0.0000
 -6.00772037e-04   0.0000
  1.74622587e-03   0.0000
  8.85803774e-02   0.0000
 -7.88378902e-03   0.0000
 -5.18339910e-02   0.0000
  1.26753724e-03   0.0000
  6.69547245e-02   0.0000
 -9.86070409e-02   0.0000
  9.82696889e-04   0.0000
  3.37054431e-02   0.0000
  9.40890014e-02   0.0000
  3.12977061e-02   0.0000
  7.18429685e-03   0.0000
  1.32435635e-02   0.0000
  1.42266780e-01   0.0000
 -3.03774886e-02   0.0000
 -2.80823596e-02   0.0000
  6.13217294e-01   0.0000
  7.63928592e-02   0.0000
 -1.57226408e+00   0.0000
 -1.03460684e-01   0.0000
  6.05953746e-02   0.0000
  9.46800634e-02   0.0000
 -2.10672636e-02   0.0000
 -5.48473373e-03   0.0000
  8.74376521e-02   0.0000
  5.28929830e-01   0.0000
 -5.64742126e-02   0.0000
 -1.25545189e-01   0.0000
  1.00802157e-04   0.0000
 -5.99354088e-01   0.0000
 -1.44021407e-01   0.0000
  2.32625809e-02   0.0000
  5.58972470e-02   0.0000
  1.97041601e-01   0.0000
  3.25109474e-02   0.0000
 -1.61179795e-03   0.0000
  6.55461615e-03   0.0000
  2.14353457e-01   0.0000
 -9.79759395e-02   0.0000
 -3.27665895e-01   0.0000
 -2.90136039e-01   0.0000
  3.77695948e-01   0.0000
  1.69052556e-01   0.0000
 -2.71742135e-01   0.0000
  1.69647306e-01   0.0000
  4.25524086e-01   0.0000
 -4.62381169e-03   0.0000
  5.15545893e-04   0.0000
  2.04301611e-01   0.0000
 -3.40125173e-01   0.0000
 -1.44444168e-01   0.0000
 -2.83948809e-01   0.0000
  2.35401909e-04   0.0000
 -6.10674508e-02   0.0000
 -1.19482470e+00   0.0000
  3.25799078e-01   0.0000
  3.55967462e-01   0.0000
  1.32381678e+00   0.0000
  3.03417325e-01   0.0000
 -1.69624373e-01   0.0000
  7.39554524e-01   0.0000
  1.61143994e+00   0.0000
 -4.74439353e-01   0.0000
 -1.94249511e+00   0.0000
 -2.23461771e+00   0.0000
  1.96133578e+00   0.0000
  3.36027002e+00   0.0000
 -1.56235373e+00   0.0000
  1.09120882e+00   0.0000
  1.74734056e+00   0.0000
 -4.54350591e-01   0.0000
  9.55095398e-04   0.0000
  1.33321035e+00   0.0000
 -2.01473022e+00   0.0000
 -1.14360380e+00   0.0000
 -1.74661314e+00   0.0000
  5.28560078e-04   0.0000
  6.73519564e+00   0.0000
  1.34035453e-01   0.0000
  1.45912200e-04   0.0000
  8.27816874e-03   0.0000
 -1.82882592e-01   0.0000
  7.66098965e-03   0.0000
  1.05590954e-01   0.0000
 -1.53270751e-01   0.0000
 -2.21650153e-01   0.0000
 -4.96605458e-03   0.0000
  3.55052978e-01   0.0000
  7.32824802e-01   0.0000
 -2.43953332e-01   0.0000
 -1.02514112e+00   0.0000
  2.20342264e-01   0.0000
 -6.37429506e-02   0.0000
 -1.22629903e-01   0.0000
  8.05172101e-02   0.0000
 -9.44466703e-03   0.0000
 -2.34031126e-01   0.0000
  5.21289289e-01   0.0000
 -1.66487042e-02   0.0000
  2.05318213e-01   0.0000
  7.51949986e-03   0.0000
 -1.74286258e+00   0.0000
  4.38863367e-01   0.0000
 -3.84931006e-02   0.0000
 -2.56846577e-01   0.0000
 -4.14919585e-01   0.0000
 -3.69602926e-02   0.0000
 -9.32531329e-05   0.0000
 -8.58473927e-02   0.0000
 -6.53675914e-01   0.0000
  8.87236446e-02   0.0000
  4.59471464e-01   0.0000
  5.71534395e-01   0.0000
 -7.38748252e-01   0.0000
 -1.06797457e+00   0.0000
  7.10500002e-01   0.0000
 -4.85153884e-01   0.0000
 -9.23371613e-01   0.0000
  1.41601011e-01   0.0000
  5.16997389e-02   0.0000
 -4.28394020e-01   0.0000
  6.12232089e-01   0.0000
  4.15389538e-01   0.0000
  9.69760537e-01   0.0000
 -3.27494945e-06   0.0000
 -2.71486729e-01   0.0000
 -1.23516932e-01   0.0000
  1.78917916e-03   0.0000
  5.00518084e-02   0.0000
  1.06255107e-01   0.0000
  2.19469587e-03   0.0000
 -2.99176136e-05   0.0000
  3.12567642e-03   0.0000
  2.37608597e-01   0.0000
 -3.12254950e-03   0.0000
 -6.36193082e-02   0.0000
 -9.07099694e-02   0.0000
  4.17481929e-01   0.0000
  3.42499465e-01   0.0000
 -2.54230946e-01   0.0000
  2.02896610e-01   0.0000
  3.43149632e-01   0.0000
 -3.08119804e-02   0.0000
 -5.07391915e-02   0.0000
  1.26423106e-01   0.0000
 -1.75633878e-01   0.0000
 -1.43193781e-01   0.0000
 -3.56282204e-01   0.0000
 -1.71800181e-02   0.0000
  2.19450176e-01   0.0000
  2.32644100e-02   0.0000
 -2.01871851e-03   0.0000
  2.53201686e-02   0.0000
 -1.87234506e-02   0.0000
 -6.84077269e-04   0.0000
  5.25713222e-05   0.0000
 -8.55915307e-04   0.0000
 -1.08984463e-01   0.0000
  1.45848855e-04   0.0000
  1.57684863e-01   0.0000
  7.82680735e-02   0.0000
 -1.99338153e-01   0.0000
  8.21314380e-03   0.0000
  7.75201023e-02   0.0000
 -2.27191746e-02   0.0000
 -7.46404156e-02   0.0000
 -5.52073680e-02   0.0000
 -7.05612823e-02   0.0000
 -1.49709471e-02   0.0000
  1.54518455e-01   0.0000
 -3.68817970e-02   0.0000
  8.49689022e-02   0.0000
 -1.04260689e-04   0.0000
 -1.73499018e-01   0.0000
  3.99867743e-01   0.0000
 -4.01511937e-02   0.0000
 -1.20037772e-01   0.0000
 -4.78429526e-01   0.0000
 -5.28585836e-02   0.0000
 -3.15152807e-03   0.0000
 -1.07453369e-01   0.0000
 -4.98757154e-01   0.0000
  9.09955353e-02   0.0000
  4.83968258e-01   0.0000
  6.36356294e-01   0.0000
 -4.85740840e-01   0.0000
 -8.39463592e-01   0.0000
  4.35569614e-01   0.0000
 -4.60257530e-01   0.0000
 -5.89648128e-01   0.0000
  2.11669192e-01   0.0000
  6.10463880e-02   0.0000
 -4.50464070e-01   0.0000
  6.74995065e-01   0.0000
  3.55281323e-01   0.0000
  5.66130340e-01   0.0000
 -6.68909997e-05   0.0000
  7.06642866e-02   0.0000
  2.86534011e-01   0.0000
 -2.73518208e-02   0.0000
 -9.32200551e-02   0.0000
 -3.12639236e-01   0.0000
 -7.82531500e-02   0.0000
 -4.43997924e-05   0.0000
 -1.11675017e-01   0.0000
 -3.72970253e-01   0.0000
  1.25797883e-01   0.0000
  5.60221255e-01   0.0000
  3.70636821e-01   0.0000
 -4.75820422e-01   0.0000
 -3.84377986e-01   0.0000
  3.81152749e-01   0.0000
 -2.83291668e-01   0.0000
 -4.39212322e-01   0.0000
  4.76295762e-02   0.0000
  1.00846880e-03   0.0000
 -3.00437242e-01   0.0000
  5.46513557e-01   0.0000
  2.59067118e-01   0.0000
  4.17293072e-01   0.0000
  3.38737294e-03   0.0000
  5.47579415e-02   0.0000
 -8.26181769e-02   0.0000
  7.41785159e-03   0.0000
  1.99626591e-02   0.0000
  6.67233542e-02   0.0000
  2.27984842e-02   0.0000
 -3.56438942e-03   0.0000
  1.73193123e-02   0.0000
  1.24612205e-01   0.0000
 -5.06295152e-02   0.0000
 -2.88815796e-01   0.0000
 -1.93496868e-01   0.0000
  2.17564881e-01   0.0000
  1.64991498e-01   0.0000
 -1.46653205e-01   0.0000
  4.06591222e-02   0.0000
  1.10923611e-01   0.0000
 -1.40093565e-02   0.0000
  2.68033985e-02   0.0000
  8.04457888e-02   0.0000
 -2.10462391e-01   0.0000
 -5.84399179e-02   0.0000
 -1.26964256e-01   0.0000
 -7.95659580e-05   0.0000
 -5.98603450e-02   0.0000
 -1.33565217e-01   0.0000
  1.04022743e-02   0.0000
  7.50611499e-02   0.0000
  1.43955618e-01   0.0000
  1.03000598e-03   0.0000
  3.79748672e-05   0.0000
  3.98570858e-02   0.0000
  2.03928337e-01   0.0000
 -4.05396931e-02   0.0000
 -1.31820336e-01   0.0000
 -8.85436386e-02   0.0000
  1.72309294e-01   0.0000
 -1.10135108e-01   0.0000
 -2.08585575e-01   0.0000
  1.51330665e-01   0.0000
  2.40649030e-01   0.0000
 -3.43493260e-02   0.0000
 -5.18898703e-02   0.0000
  1.38936654e-01   0.0000
 -1.66437194e-01   0.0000
 -1.21268749e-01   0.0000
 -2.54399240e-01   0.0000
 -7.59718605e-05   0.0000
  1.20511010e-01   0.0000
 -8.74495655e-02   0.0000
  1.54121211e-02   0.0000
  2.44056247e-02   0.0000
  6.71327710e-02   0.0000
  1.64290294e-02   0.0000
 -4.09270264e-03   0.0000
  5.33848107e-02   0.0000
  7.69456252e-02   0.0000
 -1.95136052e-02   0.0000
 -2.43239909e-01   0.0000
 -1.70499831e-01   0.0000
  1.93709999e-01   0.0000
  2.39000589e-01   0.0000
 -1.03753768e-01   0.0000
  4.86022830e-02   0.0000
  9.52871591e-02   0.0000
 -1.38054732e-02   0.0000
  2.02883792e-04   0.0000
  7.94209987e-02   0.0000
 -2.23504648e-01   0.0000
 -6.52024746e-02   0.0000
 -9.40192491e-02   0.0000
  9.46684740e-05   0.0000
 -5.95337898e-02   0.0000
  5.93596756e-01   0.0000
 -2.08516475e-02   0.0000
 -3.50706756e-01   0.0000
 -5.95554650e-01   0.0000
 -2.82791201e-02   0.0000
 -1.49329873e-02   0.0000
 -1.75338760e-02   0.0000
 -8.34437668e-01   0.0000
  2.92480767e-01   0.0000
  4.40357178e-01   0.0000
  8.40586066e-01   0.0000
 -1.04894817e+00   0.0000
 -1.44680095e+00   0.0000
  8.88429165e-01   0.0000
 -6.62440777e-01   0.0000
 -1.06064999e+00   0.0000
  2.36969590e-01   0.0000
  1.62760705e-01   0.0000
 -6.11207068e-01   0.0000
  8.22401345e-01   0.0000
  6.12330914e-01   0.0000
  1.14992309e+00   0.0000
  2.55491287e-02   0.0000
 -1.49833035e+00   0.0000
  9.73210260e-02   0.0000
 -2.05224585e-02   0.0000
 -2.66069863e-02   0.0000
 -1.41183153e-01   0.0000
 -2.62718787e-03   0.0000
  8.78773443e-03   0.0000
 -3.70546654e-02   0.0000
 -1.48164734e-01   0.0000
  1.03822658e-02   0.0000
  2.01445401e-01   0.0000
 -1.43572748e-01   0.0000
 -2.82034099e-01   0.0000
  5.32083809e-01   0.0000
  1.30937204e-01   0.0000
 -7.70713687e-02   0.0000
 -1.64803386e-01   0.0000
  1.19122015e-02   0.0000
  6.23692642e-04   0.0000
 -1.31312758e-01   0.0000
  5.09016514e-02   0.0000
  1.00291714e-01   0.0000
  2.42433295e-01   0.0000
  3.36517289e-04   0.0000
  1.35998595e+00   0.0000
  2.65802830e-01   0.0000
 -4.14043479e-02   0.0000
 -8.38822797e-02   0.0000
 -3.25786144e-01   0.0000
 -4.63951146e-03   0.0000
  2.89296359e-02   0.0000
 -7.21487701e-02   0.0000
 -4.71686214e-01   0.0000
  7.26982802e-02   0.0000
  4.50637817e-01   0.0000
  5.18459193e-02   0.0000
 -7.34436452e-01   0.0000
 -3.48679796e-02   0.0000
  5.30950487e-01   0.0000
 -3.35237384e-01   0.0000
 -6.43518090e-01   0.0000
  8.92889276e-02   0.0000
  4.59781382e-03   0.0000
 -3.05963963e-01   0.0000
  2.72840083e-01   0.0000
  2.83443898e-01   0.0000
  6.46449864e-01   0.0000
 -8.20269415e-05   0.0000
 -2.80243009e-01   0.0000
  1.06309146e-01   0.0000
 -1.98097471e-02   0.0000
 -3.50427106e-02   0.0000
 -2.08020627e-01   0.0000
 -1.18130073e-02   0.0000
  4.01204394e-04   0.0000
 -1.64293740e-02   0.0000
 -1.53945297e-01   0.0000
  1.53408041e-02   0.0000
  6.25922382e-02   0.0000
  7.20014870e-01   0.0000
 -1.64614171e-01   0.0000
 -1.35764575e+00   0.0000
  1.97620496e-01   0.0000
 -1.51964739e-01   0.0000
 -2.17609271e-01   0.0000
  2.03865226e-02   0.0000
  4.80039278e-04   0.0000
 -1.23914972e-01   0.0000
  4.74312752e-01   0.0000
  1.29925758e-01   0.0000
  3.33264202e-01   0.0000
 -1.08056563e-04   0.0000
 -2.87450314e+00   0.0000
  7.73125291e-02   0.0000
 -4.21207547e-02   0.0000
  1.76754408e-02   0.0000
 -1.49366647e-01   0.0000
 -1.44019639e-02   0.0000
  1.33628561e-03   0.0000
 -5.96845597e-02   0.0000
 -3.92173864e-02   0.0000
  8.47831294e-02   0.0000
  2.04854488e-01   0.0000
 -2.55313814e-01   0.0000
  2.27539197e-01   0.0000
  1.12233388e+00   0.0000
 -1.15019687e-01   0.0000
 -6.01735003e-02   0.0000
  5.89515865e-02   0.0000
  6.17643371e-02   0.0000
 -5.78824021e-02   0.0000
 -7.20019862e-02   0.0000
  6.77530989e-02   0.0000
 -8.70072916e-02   0.0000
 -1.01704553e-01   0.0000
  3.97139193e-05   0.0000
  1.34684825e+00   0.0000
  1.23382375e-01   0.0000
 -7.20768608e-03   0.0000
 -2.36501098e-02   0.0000
 -1.03319786e-01   0.0000
 -5.16189029e-03   0.0000
  2.77116126e-03   0.0000
 -1.07501196e-02   0.0000
 -3.45562160e-01   0.0000
  2.40457151e-02   0.0000
  3.49845171e-01   0.0000
  5.33661604e-01   0.0000
 -7.14696169e-01   0.0000
 -2.53049225e-01   0.0000
  3.84377152e-01   0.0000
 -1.25492200e-01   0.0000
 -3.24982554e-01   0.0000
  1.29012074e-02   0.0000
  1.14542013e-03   0.0000
 -1.05455458e-01   0.0000
  3.65923703e-01   0.0000
  1.41812846e-01   0.0000
  3.33989024e-01   0.0000
  1.22806770e-04   0.0000
 -7.92609990e-01   0.0000
  3.57222289e-01   0.0000
 -6.67511597e-02   0.0000
 -1.44735053e-01   0.0000
 -3.48034889e-01   0.0000
 -1.56628326e-01   0.0000
 -5.48690744e-02   0.0000
 -1.42438412e-01   0.0000
 -5.64648688e-01   0.0000
  1.80941969e-01   0.0000
  7.31916130e-01   0.0000
  5.50483763e-01   0.0000
 -7.31170893e-01   0.0000
 -4.18045163e-01   0.0000
  5.12680054e-01   0.0000
 -2.82310963e-01   0.0000
 -5.16479909e-01   0.0000
  1.94786042e-02   0.0000
 -4.94361948e-03   0.0000
 -2.88350701e-01   0.0000
  6.60087168e-01   0.0000
  3.09847116e-01   0.0000
  5.05616784e-01   0.0000
 -1.51790064e-02   0.0000
  1.80756688e-01   0.0000
  1.78424001e+00   0.0000
 -4.30201381e-01   0.0000
 -7.25982845e-01   0.0000
 -2.01593423e+00   0.0000
 -3.94874632e-01   0.0000
  4.27794643e-02   0.0000
 -7.29602754e-01   0.0000
 -2.63507080e+00   0.0000
  6.89755082e-01   0.0000
  2.59251475e+00   0.0000
  2.89650416e+00   0.0000
 -3.38822937e+00   0.0000
 -4.67584181e+00   0.0000
  2.71258640e+00   0.0000
 -1.91314030e+00   0.0000
 -3.24016714e+00   0.0000
  6.40151024e-01   0.0000
  5.44313900e-02   0.0000
 -1.98181391e+00   0.0000
  2.96774554e+00   0.0000
  1.78134537e+00   0.0000
  3.27446222e+00   0.0000
 -1.12607493e-04   0.0000
 -6.93009758e+00   0.0000
  0.00000000e+00   0.0000

