 5 0.000000 1
 1 
 Si 28.085500
 0 0.250001 4.500000 0.978124 2.000000 
 5 0 1 2 4 6
 8 0.10000 0.20000 0.30000 0.40000 0.50000 0.60000 0.70000 0.80000
 1 12.169200 6.172630 3.114710 0.755675 0.404939 0.036124 0.650018 0.572890
 4 40 24 24 1
  1.16514996e-01   0.0000
  4.10044104e-01   0.0000
  7.45544806e-02   0.0000
 -5.95992565e-01   0.0000
 -7.42063463e-01   0.0000
  2.24029854e-01   0.0000
 -3.04920226e-01   0.0000
 -3.62152308e-01   0.0000
  2.88151050e+00   0.0000
 -5.64244568e-01   0.0000
 -7.68271208e-01   0.0000
  6.40382826e-01   0.0000
 -2.41558909e-01   0.0000
 -5.76845109e-01   0.0000
  5.05079150e-01   0.0000
 -5.99066734e-01   0.0000
  8.75150189e-02   0.0000
 -2.84724802e-01   0.0000
  9.61219132e-01   0.0000
  1.01915765e+00   0.0000
  5.15445098e-02   0.0000
 -1.59382510e+00   0.0000
 -4.39359725e-01   0.0000
  2.71638453e-01   0.0000
  1.49907246e-01   0.0000
  2.57062852e-01   0.0000
 -1.12328246e-01   0.0000
 -1.63531959e-01   0.0000
 -1.98203087e-01   0.0000
  8.47719610e-02   0.0000
 -3.73197466e-01   0.0000
 -3.43200803e-01   0.0000
  1.99363112e-01   0.0000
  6.28762171e-02   0.0000
 -6.67406499e-01   0.0000
  5.12453198e-01   0.0000
 -1.71688214e-01   0.0000
 -2.79990256e-01   0.0000
  3.94381970e-01   0.0000
 -4.17589247e-01   0.0000
  1.26598746e-01   0.0000
 -1.73973098e-01   0.0000
  2.51797527e-01   0.0000
  2.86086291e-01   0.0000
 -1.78574309e-01   0.0000
 -4.92608935e-01   0.0000
 -5.24943881e-02   0.0000
  3.65556628e-02   0.0000
  6.23924024e-02   0.0000
  1.65016502e-01   0.0000
 -2.48218402e-01   0.0000
  1.84815808e-03   0.0000
 -2.11283699e-01   0.0000
  1.17631935e-01   0.0000
 -3.41541618e-01   0.0000
 -3.18794519e-01   0.0000
 -6.10293925e-01   0.0000
  3.51068854e-01   0.0000
 -4.87402290e-01   0.0000
  3.60523194e-01   0.0000
 -8.20497796e-02   0.0000
 -2.58679315e-02   0.0000
  3.88257086e-01   0.0000
 -3.41774344e-01   0.0000
  1.38782248e-01   0.0000
 -2.42251560e-01   0.0000
 -2.72720624e-02   0.0000
 -1.08914219e-01   0.0000
 -3.10923994e-01   0.0000
  3.89928631e-02   0.0000
 -7.25595355e-02   0.0000
 -1.38219580e-01   0.0000
  7.02951327e-02   0.0000
  6.16033003e-02   0.0000
 -2.73857027e-01   0.0000
  5.50540313e-02   0.0000
 -1.53279409e-01   0.0000
  2.61035264e-02   0.0000
 -2.68393248e-01   0.0000
 -2.47992530e-01   0.0000
 -1.01850462e+00   0.0000
  6.59339011e-01   0.0000
 -4.69608009e-01   0.0000
  2.93525308e-01   0.0000
 -6.97298050e-02   0.0000
 -6.23963661e-02   0.0000
  4.71911609e-01   0.0000
 -3.64551008e-01   0.0000
  1.67930946e-01   0.0000
 -1.72506869e-01   0.0000
 -1.02733679e-01   0.0000
 -1.77508667e-01   0.0000
 -2.28195488e-01   0.0000
  4.01644856e-01   0.0000
  4.47966605e-02   0.0000
 -1.81992114e-01   0.0000
  5.47361784e-02   0.0000
  1.62139237e-01   0.0000
 -2.52835631e-01   0.0000
  2.69654870e-01   0.0000
 -2.25712419e-01   0.0000
  4.06954475e-02   0.0000
 -2.70578235e-01   0.0000
 -1.91730350e-01   0.0000
 -1.10817754e+00   0.0000
  7.64146328e-01   0.0000
 -4.41999108e-01   0.0000
  3.61980438e-01   0.0000
 -5.59643582e-02   0.0000
  3.69765796e-02   0.0000
  4.40762818e-01   0.0000
 -3.47903609e-01   0.0000
  1.75329924e-01   0.0000
 -1.46900833e-01   0.0000
 -1.28730863e-01   0.0000
 -4.05181348e-01   0.0000
 -2.09724337e-01   0.0000
  6.21608734e-01   0.0000
  5.00068776e-02   0.0000
 -2.38985360e-01   0.0000
  5.89853153e-02   0.0000
  3.85504514e-02   0.0000
 -2.32309967e-01   0.0000
  2.06649184e-01   0.0000
 -3.84557694e-01   0.0000
  3.56317535e-02   0.0000
 -1.10062964e-01   0.0000
 -1.82000846e-01   0.0000
 -9.67363954e-01   0.0000
  9.30943489e-01   0.0000
 -3.76806259e-01   0.0000
  2.31445372e-01   0.0000
 -3.49695422e-02   0.0000
  1.78520501e-01   0.0000
  3.02776664e-01   0.0000
 -1.84510481e-02   0.0000
  1.23222299e-01   0.0000
 -2.49568313e-01   0.0000
 -1.13816179e-01   0.0000
 -4.56951082e-01   0.0000
 -1.68946926e-02   0.0000
  8.13373029e-01   0.0000
  2.06076831e-01   0.0000
 -2.67612249e-01   0.0000
  5.80008253e-02   0.0000
  1.46415174e-01   0.0000
 -2.09391803e-01   0.0000
  2.33703732e-01   0.0000
 -4.84050930e-01   0.0000
  4.60186675e-02   0.0000
  2.56729387e-02   0.0000
 -1.65573478e-01   0.0000
 -7.85234749e-01   0.0000
  8.68105054e-01   0.0000
 -3.85148287e-01   0.0000
  2.61689454e-01   0.0000
 -5.03224842e-02   0.0000
  1.74739033e-01   0.0000
  2.93754697e-01   0.0000
 -3.20253551e-01   0.0000
  1.22843713e-01   0.0000
 -2.07950145e-01   0.0000
 -1.22014761e-01   0.0000
 -4.27775055e-01   0.0000
  3.08673829e-02   0.0000
  1.04838049e+00   0.0000
  1.06429450e-01   0.0000
 -3.32813203e-01   0.0000
  6.67506307e-02   0.0000
  7.84081817e-02   0.0000
 -2.05833644e-01   0.0000
  2.60726929e-01   0.0000
 -6.64850831e-01   0.0000
  8.26745033e-02   0.0000
 -4.00218368e-03   0.0000
 -2.75188059e-01   0.0000
 -3.94640625e-01   0.0000
  9.33542669e-01   0.0000
 -3.92558426e-01   0.0000
  1.96868375e-01   0.0000
 -1.32158054e-02   0.0000
  2.41108552e-01   0.0000
  2.53431797e-01   0.0000
 -2.81837255e-01   0.0000
  1.55804098e-01   0.0000
 -1.51315987e-01   0.0000
 -9.29346979e-02   0.0000
 -4.42465216e-01   0.0000
  1.33312821e-01   0.0000
  1.08947301e+00   0.0000
  1.35487750e-01   0.0000
 -3.25564146e-01   0.0000
  6.49280250e-02   0.0000
  2.31347665e-01   0.0000
 -4.47206870e-02   0.0000
 -6.54708803e-01   0.0000
 -1.20256543e+00   0.0000
 -9.56560224e-02   0.0000
  2.83988982e-01   0.0000
 -5.65231852e-02   0.0000
 -7.18130648e-01   0.0000
  3.99650842e-01   0.0000
  9.36946690e-01   0.0000
  5.11249840e-01   0.0000
  7.26621831e-03   0.0000
 -2.83098221e-01   0.0000
 -5.98238766e-01   0.0000
 -6.33185208e-02   0.0000
 -1.17300823e-01   0.0000
  2.83777654e-01   0.0000
  4.11340564e-01   0.0000
 -1.93565711e-01   0.0000
  2.50344574e-01   0.0000
  1.07883799e+00   0.0000
  4.10323292e-01   0.0000
 -3.59776497e-01   0.0000
  7.28033260e-02   0.0000
  1.42391413e-01   0.0000
 -1.59015954e-01   0.0000
  4.23695184e-02   0.0000
 -6.70448363e-01   0.0000
 -7.38044679e-02   0.0000
  2.73866385e-01   0.0000
  1.67365279e-02   0.0000
  7.09434688e-01   0.0000
  1.13134913e-01   0.0000
  7.19837487e-01   0.0000
  2.84136623e-01   0.0000
  1.49056278e-02   0.0000
 -1.05088728e-03   0.0000
 -5.29184937e-01   0.0000
  1.90875232e-02   0.0000
  4.26379927e-02   0.0000
  1.16302848e-01   0.0000
  6.83092400e-02   0.0000
  1.77979037e-01   0.0000
  1.68926612e-01   0.0000
 -6.45640194e-01   0.0000
  5.13848603e-01   0.0000
 -1.47931725e-02   0.0000
  7.34195933e-02   0.0000
  2.31972262e-02   0.0000
 -8.07950273e-03   0.0000
  2.94636786e-01   0.0000
 -4.84552205e-01   0.0000
 -3.71050313e-02   0.0000
  1.11706294e-01   0.0000
 -2.63297334e-02   0.0000
  5.05906343e-01   0.0000
  5.04596345e-02   0.0000
  6.56496167e-01   0.0000
  1.39185235e-01   0.0000
 -2.09214413e-04   0.0000
  3.02553680e-02   0.0000
 -2.99761683e-01   0.0000
 -1.43467896e-02   0.0000
  2.60458421e-02   0.0000
  9.21726376e-02   0.0000
  6.97160736e-02   0.0000
  5.83589263e-02   0.0000
  1.12030111e-01   0.0000
 -9.17751372e-01   0.0000
  5.05074799e-01   0.0000
  6.94797412e-02   0.0000
  5.05903326e-02   0.0000
  8.07413924e-03   0.0000
  8.58916119e-02   0.0000
  2.93950111e-01   0.0000
 -2.75197476e-01   0.0000
 -1.03495922e-02   0.0000
  1.53148517e-01   0.0000
 -7.02059418e-02   0.0000
  1.76578060e-01   0.0000
  1.68886199e-05   0.0000
  6.66007698e-01   0.0000
  5.86758740e-02   0.0000
  7.24796628e-05   0.0000
  2.55810041e-02   0.0000
 -2.87920296e-01   0.0000
 -1.68303363e-02   0.0000
  4.02071923e-02   0.0000
  1.29719660e-01   0.0000
  2.58107185e-02   0.0000
  4.27594669e-02   0.0000
 -2.49609277e-02   0.0000
 -9.28126812e-01   0.0000
  5.23137331e-01   0.0000
  6.82066828e-02   0.0000
  4.50287238e-02   0.0000
  1.21653462e-02   0.0000
  1.35666847e-01   0.0000
  3.21402401e-01   0.0000
 -2.72590160e-01   0.0000
  5.03545487e-03   0.0000
  1.02063291e-01   0.0000
 -8.31255242e-02   0.0000
 -6.21439852e-02   0.0000
 -1.69827288e-03   0.0000
  6.49208426e-01   0.0000
  7.02997437e-03   0.0000
 -7.86357850e-04   0.0000
  6.38378114e-02   0.0000
 -2.32092068e-01   0.0000
 -2.36340915e-03   0.0000
  1.49481874e-02   0.0000
  5.12484051e-02   0.0000
  2.79660821e-02   0.0000
 -3.68761681e-02   0.0000
 -4.22664993e-02   0.0000
 -8.46718490e-01   0.0000
  5.20312905e-01   0.0000
  3.91561016e-02   0.0000
  4.70895171e-02   0.0000
  1.41290529e-02   0.0000
  8.59342739e-02   0.0000
  3.79118025e-01   0.0000
 -1.42165855e-01   0.0000
 -1.23118768e-02   0.0000
  1.94296286e-01   0.0000
 -7.70442262e-02   0.0000
 -2.61353165e-01   0.0000
  7.10593462e-02   0.0000
  6.61817431e-01   0.0000
  8.69414061e-02   0.0000
  6.42832369e-03   0.0000
  7.90500790e-02   0.0000
 -2.27094784e-01   0.0000
 -3.31014348e-03   0.0000
  5.77388215e-04   0.0000
  1.00797400e-01   0.0000
  8.26499332e-03   0.0000
 -5.62749766e-02   0.0000
  9.73290112e-03   0.0000
 -7.74683475e-01   0.0000
  4.93485659e-01   0.0000
  1.70325078e-02   0.0000
  5.05903400e-02   0.0000
  3.56739666e-03   0.0000
  1.07938044e-01   0.0000
  3.04125935e-01   0.0000
 -1.89461678e-01   0.0000
 -1.00781685e-02   0.0000
  2.05979556e-01   0.0000
 -7.09677935e-02   0.0000
 -4.80240107e-01   0.0000
 -7.04815192e-03   0.0000
  5.10319173e-01   0.0000
  7.59012923e-02   0.0000
 -1.04285602e-03   0.0000
 -2.17172746e-02   0.0000
 -2.24552467e-01   0.0000
 -1.21347411e-02   0.0000
  2.34093741e-02   0.0000
  5.84431179e-02   0.0000
  3.84587459e-02   0.0000
 -5.91339506e-02   0.0000
  8.05635825e-02   0.0000
 -7.78128684e-01   0.0000
  4.48326975e-01   0.0000
  2.10682079e-02   0.0000
  6.75514042e-02   0.0000
  1.39820259e-02   0.0000
  8.89200196e-02   0.0000
  3.51037532e-01   0.0000
 -1.78029820e-01   0.0000
 -2.44900696e-02   0.0000
  1.93647802e-01   0.0000
  9.13795899e-04   0.0000
 -6.16991341e-01   0.0000
  2.70725810e-04   0.0000
  4.36161518e-01   0.0000
  9.86017883e-02   0.0000
 -4.05529921e-04   0.0000
  1.48698790e-02   0.0000
 -2.00299978e-01   0.0000
 -2.72081088e-04   0.0000
  6.53545605e-03   0.0000
  3.67109254e-02   0.0000
  1.56147890e-02   0.0000
 -5.14047779e-02   0.0000
 -1.46678193e-02   0.0000
 -7.37783909e-01   0.0000
  4.15184647e-01   0.0000
  2.82703117e-02   0.0000
  7.42639648e-03   0.0000
  2.23577231e-01   0.0000
 -9.96152341e-01   0.0000
 -3.96510661e-01   0.0000
 -2.25930977e+00   0.0000
 -1.64322615e-01   0.0000
 -3.16414565e-01   0.0000
  5.95803596e-02   0.0000
 -1.96036756e-01   0.0000
  6.09761596e-01   0.0000
  6.89972341e-02   0.0000
 -2.54542321e-01   0.0000
  5.54804839e-02   0.0000
  8.37681293e-02   0.0000
 -7.23442078e-01   0.0000
 -5.21521047e-02   0.0000
 -3.54965925e-01   0.0000
  2.12156966e-01   0.0000
  4.67577189e-01   0.0000
  2.16195297e+00   0.0000
  3.81462932e-01   0.0000
 -3.36199433e-01   0.0000
 -5.72357476e-01   0.0000
 -3.34732890e-01   0.0000
  2.51689609e-02   0.0000
  1.64355889e-01   0.0000
  5.10941446e-01   0.0000
 -7.35146582e-01   0.0000
 -1.12392163e+00   0.0000
 -1.10984981e-01   0.0000
  1.24100186e-01   0.0000
  4.77505177e-02   0.0000
  4.30977345e-01   0.0000
  3.25513482e-01   0.0000
 -1.15365364e-01   0.0000
 -9.16395634e-02   0.0000
 -8.38970649e-04   0.0000
  1.06099613e-01   0.0000
 -5.92999279e-01   0.0000
  2.42489967e-02   0.0000
 -2.90500760e-01   0.0000
  2.94486135e-01   0.0000
  1.02077521e-01   0.0000
  5.51564395e-01   0.0000
 -2.47475892e-01   0.0000
 -6.79461837e-01   0.0000
 -7.75755584e-01   0.0000
 -3.91026437e-01   0.0000
  9.19689145e-03   0.0000
  1.53799662e-02   0.0000
  6.20405853e-01   0.0000
 -6.57514691e-01   0.0000
 -7.09360182e-01   0.0000
 -1.52558357e-01   0.0000
  2.05132648e-01   0.0000
  8.51078928e-02   0.0000
  3.14285219e-01   0.0000
  2.14091241e-01   0.0000
  1.75388828e-01   0.0000
 -1.17786802e-01   0.0000
 -3.82033642e-03   0.0000
  2.34908536e-01   0.0000
 -3.48024070e-01   0.0000
  4.43224125e-02   0.0000
 -1.01011187e-01   0.0000
  1.09615058e-01   0.0000
  2.05304399e-02   0.0000
  1.82601675e-01   0.0000
 -2.58424670e-01   0.0000
 -4.85359430e-01   0.0000
 -7.15367138e-01   0.0000
 -1.00060508e-01   0.0000
 -1.01546561e-02   0.0000
  5.26695698e-02   0.0000
  5.28603017e-01   0.0000
 -5.36502898e-01   0.0000
 -4.83206898e-01   0.0000
 -5.45996465e-02   0.0000
  2.90347368e-01   0.0000
  2.80867657e-03   0.0000
  1.90987498e-01   0.0000
  1.99988008e-01   0.0000
  5.55006385e-01   0.0000
 -1.09529756e-01   0.0000
 -3.05822631e-03   0.0000
  2.23650396e-01   0.0000
 -1.79169759e-01   0.0000
 -7.93149602e-03   0.0000
 -5.82057498e-02   0.0000
  5.09040505e-02   0.0000
  1.73373353e-02   0.0000
 -7.09402040e-02   0.0000
 -1.40466928e-01   0.0000
 -2.11688176e-01   0.0000
 -6.74196661e-01   0.0000
  4.36378457e-02   0.0000
 -1.10573238e-02   0.0000
  1.65544376e-02   0.0000
  4.38541919e-01   0.0000
 -4.61694568e-01   0.0000
 -3.70051801e-01   0.0000
 -8.59487876e-02   0.0000
  2.82136530e-01   0.0000
  2.34420523e-02   0.0000
 -9.83756408e-02   0.0000
  1.36372849e-01   0.0000
  5.56981385e-01   0.0000
 -1.28784627e-01   0.0000
  3.80003662e-03   0.0000
  2.78176159e-01   0.0000
 -9.45354253e-02   0.0000
 -6.24784967e-03   0.0000
 -4.53619510e-02   0.0000
  2.11039428e-02   0.0000
  1.40937734e-02   0.0000
 -1.27623990e-01   0.0000
 -7.69535899e-02   0.0000
 -1.51594535e-01   0.0000
 -6.56456709e-01   0.0000
  7.31380880e-02   0.0000
 -1.92437426e-03   0.0000
  3.84590439e-02   0.0000
  3.14151227e-01   0.0000
 -4.82421607e-01   0.0000
 -2.48393640e-01   0.0000
 -1.53294122e-02   0.0000
  1.63449183e-01   0.0000
 -8.65414459e-03   0.0000
 -1.83866769e-01   0.0000
  6.96685761e-02   0.0000
  5.49873888e-01   0.0000
 -4.86388989e-02   0.0000
 -2.77692615e-03   0.0000
  1.28543183e-01   0.0000
 -1.12397142e-01   0.0000
  1.14169829e-02   0.0000
 -5.00859991e-02   0.0000
  2.24596001e-02   0.0000
  4.58746543e-03   0.0000
 -1.31069943e-01   0.0000
 -7.15269148e-02   0.0000
  1.68236848e-02   0.0000
 -7.31893063e-01   0.0000
  9.23170149e-02   0.0000
 -8.20235815e-03   0.0000
  8.44398886e-03   0.0000
  2.39196509e-01   0.0000
 -3.94701362e-01   0.0000
 -3.07320893e-01   0.0000
 -2.23578364e-02   0.0000
  1.57878578e-01   0.0000
 -2.58278428e-03   0.0000
 -5.11069417e-01   0.0000
  9.29884091e-02   0.0000
  4.39995766e-01   0.0000
 -2.14699730e-02   0.0000
  2.35970970e-03   0.0000
  7.32565299e-02   0.0000
 -7.39080384e-02   0.0000
 -9.67431639e-04   0.0000
 -2.07270142e-02   0.0000
  7.97433220e-03   0.0000
  4.31682691e-02   0.0000
 -1.59202218e-01   0.0000
 -8.70330706e-02   0.0000
  3.56282964e-02   0.0000
 -6.44301176e-01   0.0000
  3.07927374e-02   0.0000
 -2.95946002e-03   0.0000
  1.42999562e-02   0.0000
  1.07321024e-01   0.0000
 -3.40384513e-01   0.0000
 -1.70972079e-01   0.0000
 -2.43635401e-02   0.0000
  2.65064865e-01   0.0000
 -1.88691146e-03   0.0000
 -7.72721410e-01   0.0000
  4.70102392e-02   0.0000
  2.28767976e-01   0.0000
 -2.10792515e-02   0.0000
  3.32306209e-03   0.0000
 -1.54809915e-02   0.0000
 -5.16447425e-02   0.0000
  1.60796416e-03   0.0000
 -6.53014630e-02   0.0000
  1.89263525e-03   0.0000
  1.37460036e-02   0.0000
 -1.78916559e-01   0.0000
 -1.23600945e-01   0.0000
  2.97649913e-02   0.0000
 -5.65859020e-01   0.0000
  1.54513400e-02   0.0000
 -6.35637119e-02   0.0000
  3.58747512e-01   0.0000
  8.29508662e-01   0.0000
 -1.14538026e+00   0.0000
 -7.18889117e-01   0.0000
  2.38640472e-01   0.0000
  2.70337373e-01   0.0000
 -5.99320650e-01   0.0000
  6.39232755e-01   0.0000
 -1.40839183e+00   0.0000
 -6.92616642e-01   0.0000
 -1.10878766e+00   0.0000
 -1.99038029e-01   0.0000
 -1.50385872e-02   0.0000
  5.08283079e-01   0.0000
 -2.53053218e-01   0.0000
  2.39194348e-01   0.0000
 -3.37778300e-01   0.0000
  2.89412290e-01   0.0000
  1.27463627e+00   0.0000
  3.78105789e-01   0.0000
 -1.50394547e+00   0.0000
 -9.16030824e-01   0.0000
  4.05578613e-01   0.0000
 -3.15015540e-02   0.0000
  2.15029046e-01   0.0000
  2.95487076e-01   0.0000
 -4.19369668e-01   0.0000
 -1.18438268e+00   0.0000
  1.92711964e-01   0.0000
 -4.45022136e-02   0.0000
 -4.32066381e-01   0.0000
 -5.12132525e-01   0.0000
 -8.97143662e-01   0.0000
 -4.63368088e-01   0.0000
 -9.16055858e-01   0.0000
 -6.47952259e-02   0.0000
  1.96654394e-01   0.0000
  5.61445832e-01   0.0000
 -1.98058531e-01   0.0000
  1.92920461e-01   0.0000
 -2.11769342e-01   0.0000
 -2.50580758e-01   0.0000
  5.10139585e-01   0.0000
 -1.41974553e-01   0.0000
 -6.53337419e-01   0.0000
 -9.03562605e-01   0.0000
 -7.46299624e-02   0.0000
 -5.87603152e-02   0.0000
  1.34647274e-02   0.0000
  1.67358667e-01   0.0000
 -6.45479187e-02   0.0000
 -1.22807539e+00   0.0000
  6.34011179e-02   0.0000
  8.96980837e-02   0.0000
 -4.10422564e-01   0.0000
 -1.37480915e-01   0.0000
 -7.02792823e-01   0.0000
 -3.07201117e-01   0.0000
 -6.82837307e-01   0.0000
 -3.98810990e-02   0.0000
  2.96389252e-01   0.0000
  4.41096604e-01   0.0000
 -7.84558877e-02   0.0000
  1.66250959e-01   0.0000
 -3.28042239e-01   0.0000
 -4.70268011e-01   0.0000
  6.19628765e-02   0.0000
 -1.21705621e-01   0.0000
 -2.38211453e-01   0.0000
 -9.42396820e-01   0.0000
 -1.95136800e-01   0.0000
 -4.96267006e-02   0.0000
  4.63286489e-02   0.0000
  2.30583981e-01   0.0000
 -2.01734956e-02   0.0000
 -4.18357134e-01   0.0000
  9.30723101e-02   0.0000
 -5.04088365e-02   0.0000
 -2.72117436e-01   0.0000
  1.05825871e-01   0.0000
 -5.40434599e-01   0.0000
 -3.13869506e-01   0.0000
 -6.24293029e-01   0.0000
 -1.13914227e-02   0.0000
  2.24153191e-01   0.0000
  4.02272105e-01   0.0000
 -8.98482129e-02   0.0000
  1.48328796e-01   0.0000
 -1.50641382e-01   0.0000
 -4.94542718e-01   0.0000
 -1.15087040e-01   0.0000
 -1.04212649e-01   0.0000
 -9.67927836e-03   0.0000
 -9.65051949e-01   0.0000
 -2.32793227e-01   0.0000
 -4.47024293e-02   0.0000
  9.66503937e-03   0.0000
  3.61230701e-01   0.0000
  1.48830079e-02   0.0000
  3.85263264e-01   0.0000
  9.50784013e-02   0.0000
 -6.91598877e-02   0.0000
 -3.18021357e-01   0.0000
 -3.54225026e-03   0.0000
 -5.97163379e-01   0.0000
 -2.22276673e-01   0.0000
 -4.31448758e-01   0.0000
 -5.99759072e-03   0.0000
  1.73058763e-01   0.0000
  4.47433382e-01   0.0000
 -1.70027152e-01   0.0000
  1.27628833e-01   0.0000
 -1.60718232e-01   0.0000
 -5.21362603e-01   0.0000
 -1.99998751e-01   0.0000
  4.66300547e-03   0.0000
  1.61620930e-01   0.0000
 -8.50193441e-01   0.0000
 -2.48412624e-01   0.0000
 -4.68093604e-02   0.0000
  1.53846631e-03   0.0000
  2.97809929e-01   0.0000
  1.80187784e-02   0.0000
  8.37599576e-01   0.0000
  7.28747621e-02   0.0000
 -1.99506730e-01   0.0000
 -1.85764238e-01   0.0000
 -3.23515455e-03   0.0000
 -5.20232856e-01   0.0000
 -1.93834379e-01   0.0000
 -4.63197321e-01   0.0000
  1.41954469e-03   0.0000
  1.31795973e-01   0.0000
  2.89754838e-01   0.0000
 -7.60450736e-02   0.0000
  1.12875067e-01   0.0000
 -1.81713700e-01   0.0000
 -5.58224261e-01   0.0000
 -2.68786162e-01   0.0000
  1.17204338e-01   0.0000
  2.45016769e-01   0.0000
 -7.58555114e-01   0.0000
 -2.29240060e-01   0.0000
 -4.36722003e-02   0.0000
  9.14156251e-03   0.0000
  2.86591798e-01   0.0000
 -3.14960964e-02   0.0000
  1.11800301e+00   0.0000
  2.53169481e-02   0.0000
 -1.53299242e-01   0.0000
 -2.28530735e-01   0.0000
 -1.54722095e-01   0.0000
 -4.88366663e-01   0.0000
 -3.17015558e-01   0.0000
 -4.46591556e-01   0.0000
 -3.10764983e-02   0.0000
  1.33526355e-01   0.0000
  3.09537619e-01   0.0000
 -1.97019018e-02   0.0000
  8.99502262e-02   0.0000
 -1.40092716e-01   0.0000
 -5.00652730e-01   0.0000
 -2.83811510e-01   0.0000
  1.87004179e-01   0.0000
  4.22120005e-01   0.0000
 -8.13613772e-01   0.0000
 -2.22337663e-01   0.0000
 -4.25824933e-02   0.0000
  2.05236636e-02   0.0000
  1.96001027e-02   0.0000
 -8.42926279e-03   0.0000
  1.24578607e+00   0.0000
  8.53359327e-03   0.0000
 -1.59544662e-01   0.0000
 -1.60185769e-01   0.0000
 -1.61870301e-01   0.0000
 -5.37990749e-01   0.0000
 -2.02726156e-01   0.0000
 -4.10691500e-01   0.0000
  1.45359826e-03   0.0000
  1.72279216e-02   0.0000
  3.24649394e-01   0.0000
 -5.32776341e-02   0.0000
  7.64974654e-02   0.0000
 -1.20427735e-01   0.0000
 -3.72572273e-01   0.0000
 -2.97703624e-01   0.0000
  2.66679794e-01   0.0000
  4.31074560e-01   0.0000
 -8.23903918e-01   0.0000
 -1.86034068e-01   0.0000
  2.06139348e-02   0.0000
  1.62448481e-01   0.0000
 -2.28138566e-01   0.0000
 -2.02609137e-01   0.0000
 -2.93620914e-01   0.0000
  1.93346739e-01   0.0000
  1.90150738e-01   0.0000
 -5.63425422e-01   0.0000
 -4.03589159e-02   0.0000
 -2.40025067e+00   0.0000
 -3.26400965e-01   0.0000
  6.55822158e-01   0.0000
 -2.73307472e-01   0.0000
 -5.33899665e-01   0.0000
  1.21392459e-01   0.0000
 -3.18878800e-01   0.0000
  5.19248657e-02   0.0000
 -2.16770619e-01   0.0000
  1.26921499e+00   0.0000
 -5.91647364e-02   0.0000
  3.43722045e-01   0.0000
  7.01603353e-01   0.0000
  2.26744086e-01   0.0000
  3.06064755e-01   0.0000
  5.75467991e-03   0.0000
  6.59157708e-02   0.0000
 -2.97263443e-01   0.0000
  1.42150313e-01   0.0000
  2.02362165e-01   0.0000
  1.55646980e-01   0.0000
  3.00847739e-01   0.0000
 -4.18184549e-01   0.0000
  1.48511708e-01   0.0000
 -1.50382674e+00   0.0000
 -1.69121310e-01   0.0000
  2.07378253e-01   0.0000
 -1.92207634e-01   0.0000
  7.23628029e-02   0.0000
  8.01697373e-02   0.0000
 -1.64995134e-01   0.0000
  1.73356637e-01   0.0000
 -1.89710096e-01   0.0000
 -2.40912527e-01   0.0000
 -3.27696830e-01   0.0000
  1.58535585e-01   0.0000
  7.46535718e-01   0.0000
  4.55531806e-01   0.0000
  1.83567464e-01   0.0000
 -9.75017715e-03   0.0000
  4.77392450e-02   0.0000
 -1.38773769e-01   0.0000
  4.01187956e-01   0.0000
  5.57708263e-01   0.0000
  1.14234254e-01   0.0000
  4.29313004e-01   0.0000
 -4.34954107e-01   0.0000
  4.49384034e-01   0.0000
 -1.10540116e+00   0.0000
 -7.54456073e-02   0.0000
  1.92652885e-02   0.0000
 -1.54147893e-01   0.0000
  3.77636999e-01   0.0000
  6.10604286e-02   0.0000
 -9.99184996e-02   0.0000
  1.14956088e-01   0.0000
 -2.16587394e-01   0.0000
 -3.16938639e-01   0.0000
 -3.36741596e-01   0.0000
  6.08133562e-02   0.0000
  1.74255371e-01   0.0000
  4.20371145e-01   0.0000
  1.75073475e-01   0.0000
 -6.54489920e-02   0.0000
  2.97773890e-02   0.0000
  2.68838219e-02   0.0000
  5.29674828e-01   0.0000
  7.46404886e-01   0.0000
  8.88456106e-02   0.0000
  4.01228666e-01   0.0000
 -2.45639920e-01   0.0000
  1.41087443e-01   0.0000
 -9.89379346e-01   0.0000
  5.59040457e-02   0.0000
 -1.53409420e-02   0.0000
 -1.11451834e-01   0.0000
  3.53239268e-01   0.0000
  7.61846229e-02   0.0000
 -3.91918458e-02   0.0000
  2.51588635e-02   0.0000
 -4.16041166e-02   0.0000
 -1.65066138e-01   0.0000
 -3.48509431e-01   0.0000
 -1.37685686e-01   0.0000
  1.22477151e-01   0.0000
  4.25438821e-01   0.0000
  7.23971203e-02   0.0000
 -9.35434252e-02   0.0000
  1.99107379e-02   0.0000
  1.37495443e-01   0.0000
  5.56186438e-01   0.0000
  9.20949101e-01   0.0000
  1.16766252e-01   0.0000
  4.07932639e-01   0.0000
 -2.06946045e-01   0.0000
 -2.11118713e-01   0.0000
 -8.89297426e-01   0.0000
  1.14864811e-01   0.0000
  1.11927770e-01   0.0000
 -9.95755568e-02   0.0000
  1.78759784e-01   0.0000
  2.66437102e-02   0.0000
 -9.87303033e-02   0.0000
  2.23557539e-02   0.0000
 -8.53295848e-02   0.0000
 -1.21369492e-02   0.0000
 -3.75628114e-01   0.0000
 -2.06689745e-01   0.0000
  1.92658100e-02   0.0000
  4.51606333e-01   0.0000
  6.24536211e-03   0.0000
 -4.06379588e-02   0.0000
  2.98192981e-03   0.0000
  3.21078360e-01   0.0000
  6.00040317e-01   0.0000
  1.06977260e+00   0.0000
  4.23380919e-02   0.0000
  3.05281997e-01   0.0000
 -1.67752430e-01   0.0000
 -3.70747298e-01   0.0000
 -8.26233745e-01   0.0000
  2.62919277e-01   0.0000
  1.77729219e-01   0.0000
 -9.75525752e-02   0.0000
  5.15243039e-02   0.0000
 -3.14237922e-02   0.0000
 -6.09816462e-02   0.0000
  2.32268199e-02   0.0000
 -7.48943463e-02   0.0000
  5.09702377e-02   0.0000
 -3.12748432e-01   0.0000
 -3.47914398e-01   0.0000
  2.31123399e-02   0.0000
  4.47194159e-01   0.0000
 -2.46757194e-02   0.0000
 -3.16139869e-02   0.0000
  6.55183382e-03   0.0000
  4.32197213e-01   0.0000
  5.63360929e-01   0.0000
  1.20894897e+00   0.0000
  8.24488774e-02   0.0000
  2.74227172e-01   0.0000
 -1.62170425e-01   0.0000
 -1.44444987e-01   0.0000
 -7.78361738e-01   0.0000
  3.17040026e-01   0.0000
  2.81940490e-01   0.0000
 -8.09834152e-02   0.0000
 -2.13795349e-01   0.0000
 -6.67470396e-02   0.0000
 -8.74955207e-02   0.0000
 -2.95635057e-03   0.0000
 -3.05968486e-02   0.0000
  1.61642149e-01   0.0000
 -2.28255689e-01   0.0000
 -4.75113899e-01   0.0000
 -2.03439057e-01   0.0000
  4.50645030e-01   0.0000
 -6.51023388e-02   0.0000
 -2.63804495e-02   0.0000
  2.88409069e-02   0.0000
  6.15189254e-01   0.0000
  6.74349189e-01   0.0000
  1.48558950e+00   0.0000
  9.25558154e-03   0.0000
  1.57813564e-01   0.0000
 -1.88702211e-01   0.0000
  3.31477165e-01   0.0000
 -6.58032358e-01   0.0000
  3.33253890e-01   0.0000
  3.79507929e-01   0.0000
  3.64408991e-03   0.0000
 -4.25187737e-01   0.0000
  2.40580589e-02   0.0000
 -1.42868698e-01   0.0000
 -7.70503283e-03   0.0000
 -5.05073145e-02   0.0000
  2.33764753e-01   0.0000
 -1.26889110e-01   0.0000
 -5.69222748e-01   0.0000
 -3.35271418e-01   0.0000
  4.60575104e-01   0.0000
 -6.17780834e-02   0.0000
 -1.03739984e-02   0.0000
  9.85464752e-02   0.0000
  9.83733460e-02   0.0000
 -3.07945102e-01   0.0000
 -3.93573910e-01   0.0000
  7.10083395e-02   0.0000
  2.24892184e-01   0.0000
 -9.41569433e-02   0.0000
  2.80454040e+00   0.0000
 -6.23589635e-01   0.0000
 -4.37895097e-02   0.0000
 -1.13131970e-01   0.0000
 -6.80640712e-02   0.0000
 -1.65959954e-01   0.0000
  1.94297805e-01   0.0000
 -8.26531351e-02   0.0000
  4.14363071e-02   0.0000
 -1.15401328e-01   0.0000
  6.60676599e-01   0.0000
  6.55613482e-01   0.0000
  4.66937542e-01   0.0000
 -9.02745426e-01   0.0000
 -2.84861147e-01   0.0000
  3.59600186e-01   0.0000
 -1.01413308e-02   0.0000
  1.50374100e-02   0.0000
  4.47990559e-03   0.0000
 -1.36581091e-02   0.0000
  2.14321446e-03   0.0000
 -1.54938251e-02   0.0000
  4.16514650e-03   0.0000
  5.11160530e-02   0.0000
 -3.67185380e-03   0.0000
 -2.07543537e-01   0.0000
 -4.09742624e-01   0.0000
  6.89783022e-02   0.0000
  2.95983166e-01   0.0000
 -3.44949178e-02   0.0000
 -4.62039188e-03   0.0000
 -4.35703807e-02   0.0000
  1.93489399e-02   0.0000
  2.57200263e-02   0.0000
 -3.38665508e-02   0.0000
 -2.90552974e-01   0.0000
  4.26589698e-02   0.0000
  1.06913254e-01   0.0000
 -1.65740903e-02   0.0000
  6.01505876e-01   0.0000
  1.50713623e-01   0.0000
 -6.51078008e-04   0.0000
 -1.02142207e-01   0.0000
 -1.42961487e-01   0.0000
 -4.14164737e-02   0.0000
 -6.53296447e-05   0.0000
 -2.23451946e-03   0.0000
 -2.36280248e-01   0.0000
  2.02224292e-02   0.0000
  1.86151806e-02   0.0000
 -1.85465533e-02   0.0000
 -1.75714940e-01   0.0000
  7.63115613e-03   0.0000
  2.57847846e-01   0.0000
 -1.79662928e-01   0.0000
 -2.56759018e-01   0.0000
  2.23780889e-02   0.0000
  8.99378881e-02   0.0000
 -1.78213030e-01   0.0000
 -9.90615040e-03   0.0000
  2.02609539e-01   0.0000
  3.16904068e-01   0.0000
  4.40709153e-03   0.0000
  1.59681290e-01   0.0000
 -1.98905364e-01   0.0000
  6.40748674e-03   0.0000
  1.97561800e-01   0.0000
  2.15321496e-01   0.0000
 -5.64433588e-03   0.0000
 -1.43783931e-02   0.0000
  3.23506468e-03   0.0000
  2.98277199e-01   0.0000
 -5.26654944e-02   0.0000
  4.58464026e-02   0.0000
  1.48914129e-01   0.0000
  3.79565537e-01   0.0000
 -3.39098394e-01   0.0000
 -4.56125408e-01   0.0000
  4.21321571e-01   0.0000
  6.68270886e-01   0.0000
 -9.83457565e-02   0.0000
 -4.18261178e-02   0.0000
  2.48537213e-01   0.0000
  4.83538024e-02   0.0000
 -2.75555491e-01   0.0000
 -6.92486286e-01   0.0000
 -8.61029956e-04   0.0000
 -3.79723638e-01   0.0000
 -1.89921737e-01   0.0000
 -9.42529086e-03   0.0000
  1.48815125e-01   0.0000
  1.51655778e-01   0.0000
 -9.73617285e-03   0.0000
 -9.43570584e-03   0.0000
 -1.00862654e-02   0.0000
  2.80411631e-01   0.0000
 -2.67918245e-03   0.0000
  2.28497386e-02   0.0000
  1.39790005e-04   0.0000
  4.14460152e-01   0.0000
  4.68598828e-02   0.0000
 -3.75652701e-01   0.0000
  2.46005148e-01   0.0000
  3.98120046e-01   0.0000
 -7.45941699e-02   0.0000
 -1.37186229e-01   0.0000
  1.98389173e-01   0.0000
 -1.44935131e-01   0.0000
 -3.20905268e-01   0.0000
 -4.20941442e-01   0.0000
 -1.39505090e-02   0.0000
  6.00374699e-01   0.0000
 -6.70641005e-01   0.0000
  1.70991734e-01   0.0000
  4.52326477e-01   0.0000
  8.29812706e-01   0.0000
  1.19381756e-01   0.0000
  7.06213573e-03   0.0000
  2.28427097e-01   0.0000
  1.06257045e+00   0.0000
 -2.55811006e-01   0.0000
 -8.21426749e-01   0.0000
 -7.38151252e-01   0.0000
  1.13148081e+00   0.0000
  6.45721614e-01   0.0000
 -1.09192109e+00   0.0000
  8.48006845e-01   0.0000
  1.10453916e+00   0.0000
 -3.36395442e-01   0.0000
 -1.67351022e-01   0.0000
  8.22243750e-01   0.0000
 -8.20138514e-01   0.0000
 -7.82559693e-01   0.0000
 -1.20743728e+00   0.0000
 -4.65257354e-02   0.0000
  3.83384675e-01   0.0000
  7.07368776e-02   0.0000
  7.36735947e-03   0.0000
  8.25350638e-03   0.0000
  2.14819587e-03   0.0000
 -2.86326464e-02   0.0000
 -4.96905074e-02   0.0000
 -7.13828802e-02   0.0000
 -1.03507027e-01   0.0000
 -1.16534345e-03   0.0000
  1.46297172e-01   0.0000
  6.28842935e-02   0.0000
 -1.13102086e-01   0.0000
 -1.04082190e-01   0.0000
  5.31186871e-02   0.0000
 -1.75776053e-02   0.0000
 -4.29450274e-02   0.0000
 -1.11495191e-02   0.0000
 -5.96427126e-03   0.0000
 -7.96828642e-02   0.0000
  1.37654886e-01   0.0000
  4.47111465e-02   0.0000
  2.38235984e-02   0.0000
 -1.08677410e-02   0.0000
 -4.26616892e-02   0.0000
 -2.37074289e-02   0.0000
  1.14531431e-03   0.0000
  1.66424233e-02   0.0000
  1.09766098e-02   0.0000
  2.77577937e-02   0.0000
  2.63264067e-02   0.0000
  8.77284631e-03   0.0000
  1.59552041e-02   0.0000
 -2.90401559e-03   0.0000
  5.45102172e-02   0.0000
  5.31483710e-01   0.0000
 -1.19632713e-01   0.0000
 -1.02004373e+00   0.0000
  3.49998847e-02   0.0000
 -6.36712015e-02   0.0000
 -1.31485224e-01   0.0000
 -5.21688862e-03   0.0000
  2.32551545e-02   0.0000
  6.77498151e-03   0.0000
  5.37566423e-01   0.0000
  3.52527499e-02   0.0000
  1.15685381e-01   0.0000
  2.69704411e-04   0.0000
  9.01923925e-02   0.0000
 -1.34890527e-01   0.0000
  3.61658931e-02   0.0000
  6.64778948e-02   0.0000
  1.72458276e-01   0.0000
  4.36865091e-02   0.0000
  1.19495690e-02   0.0000
  5.00538293e-03   0.0000
  1.88244030e-01   0.0000
 -1.10281661e-01   0.0000
 -2.62369663e-01   0.0000
 -2.31742784e-01   0.0000
  3.46226156e-01   0.0000
  6.08732924e-02   0.0000
 -2.64151603e-01   0.0000
  1.57408267e-01   0.0000
  3.78595531e-01   0.0000
 -1.19265886e-02   0.0000
  2.58363707e-05   0.0000
  1.88281864e-01   0.0000
 -2.52631783e-01   0.0000
 -1.43114582e-01   0.0000
 -2.32149199e-01   0.0000
  7.26193935e-03   0.0000
  5.46516627e-02   0.0000
 -1.13399649e+00   0.0000
  3.31282079e-01   0.0000
  3.28708649e-01   0.0000
  1.28777313e+00   0.0000
  3.07673186e-01   0.0000
 -2.09022343e-01   0.0000
  7.48028100e-01   0.0000
  1.54057288e+00   0.0000
 -4.62182730e-01   0.0000
 -1.99397433e+00   0.0000
 -2.26006603e+00   0.0000
  1.86298048e+00   0.0000
  3.25178814e+00   0.0000
 -1.45877421e+00   0.0000
  1.01052368e+00   0.0000
  1.67122221e+00   0.0000
 -4.48058009e-01   0.0000
 -1.03900377e-02   0.0000
  1.28607619e+00   0.0000
 -2.02775550e+00   0.0000
 -1.06736171e+00   0.0000
 -1.67213428e+00   0.0000
 -4.15413734e-03   0.0000
  6.58732080e+00   0.0000
  2.06117943e-01   0.0000
  1.44943641e-02   0.0000
 -4.08212431e-02   0.0000
 -2.77606666e-01   0.0000
 -3.09450328e-02   0.0000
  1.45249620e-01   0.0000
 -2.14792728e-01   0.0000
 -3.13029706e-01   0.0000
  4.09927666e-02   0.0000
  5.00561535e-01   0.0000
  8.57605696e-01   0.0000
 -3.42640668e-01   0.0000
 -1.17483556e+00   0.0000
  3.04395765e-01   0.0000
 -1.36873320e-01   0.0000
 -2.38354668e-01   0.0000
  1.38067096e-01   0.0000
 -2.69223116e-02   0.0000
 -3.27270687e-01   0.0000
  6.72335565e-01   0.0000
  4.09111418e-02   0.0000
  3.23104441e-01   0.0000
  4.01090384e-02   0.0000
 -1.75218511e+00   0.0000
  2.93819606e-01   0.0000
 -1.50585882e-02   0.0000
 -2.23381549e-01   0.0000
 -2.33374298e-01   0.0000
 -9.44579765e-03   0.0000
  6.44784514e-03   0.0000
 -2.85554007e-02   0.0000
 -4.29684103e-01   0.0000
  4.30205427e-02   0.0000
  2.27514565e-01   0.0000
  2.55513608e-01   0.0000
 -5.11216938e-01   0.0000
 -2.41592184e-01   0.0000
  4.89990950e-01   0.0000
 -3.10545504e-01   0.0000
 -6.24081373e-01   0.0000
  1.07891127e-01   0.0000
  7.57038072e-02   0.0000
 -2.54344374e-01   0.0000
  3.58210564e-01   0.0000
  2.90347487e-01   0.0000
  6.72990561e-01   0.0000
  2.52389553e-04   0.0000
 -1.58212766e-01   0.0000
 -1.44075990e-01   0.0000
  2.98263528e-03   0.0000
  7.97213167e-02   0.0000
  1.23085327e-01   0.0000
  5.13975974e-04   0.0000
 -1.18748117e-02   0.0000
  4.08013258e-03   0.0000
  2.37722486e-01   0.0000
 -8.35097209e-03   0.0000
 -8.83994401e-02   0.0000
 -1.74537465e-01   0.0000
  3.59583825e-01   0.0000
  3.10265064e-01   0.0000
 -2.42494762e-01   0.0000
  2.25718111e-01   0.0000
  3.54419142e-01   0.0000
 -5.67621887e-02   0.0000
 -7.94811100e-02   0.0000
  1.44756123e-01   0.0000
 -2.56976217e-01   0.0000
 -1.74234629e-01   0.0000
 -3.61473560e-01   0.0000
 -4.54787388e-02   0.0000
  1.68687686e-01   0.0000
 -1.48577336e-02   0.0000
  6.44562813e-03   0.0000
  6.93700388e-02   0.0000
 -4.61053522e-03   0.0000
 -1.36984531e-02   0.0000
 -1.72705576e-03   0.0000
 -9.26231593e-03   0.0000
 -6.62069321e-02   0.0000
 -2.21012486e-03   0.0000
  1.68518335e-01   0.0000
  1.12619594e-01   0.0000
 -1.39221147e-01   0.0000
 -1.54178590e-01   0.0000
  1.52332438e-02   0.0000
  1.58255156e-02   0.0000
 -1.01291873e-02   0.0000
 -9.69527811e-02   0.0000
 -1.06849514e-01   0.0000
  5.63339442e-02   0.0000
  1.85745120e-01   0.0000
 -1.18845783e-01   0.0000
  1.65393408e-02   0.0000
 -1.70929520e-03   0.0000
 -7.53999352e-02   0.0000
  3.31335932e-01   0.0000
 -3.80763374e-02   0.0000
 -1.07945427e-01   0.0000
 -3.83343875e-01   0.0000
 -4.84511852e-02   0.0000
  1.22907460e-02   0.0000
 -8.46827626e-02   0.0000
 -4.15504962e-01   0.0000
  7.05273151e-02   0.0000
  3.45089674e-01   0.0000
  4.31754827e-01   0.0000
 -4.66634780e-01   0.0000
 -5.26747108e-01   0.0000
  3.70267332e-01   0.0000
 -3.89417678e-01   0.0000
 -5.03669560e-01   0.0000
  2.06474334e-01   0.0000
  8.35646987e-02   0.0000
 -3.63417983e-01   0.0000
  4.85961407e-01   0.0000
  3.09633851e-01   0.0000
  4.73746628e-01   0.0000
  1.03622698e-03   0.0000
  1.17027387e-02   0.0000
  2.23130867e-01   0.0000
 -2.25225352e-02   0.0000
 -7.94693828e-02   0.0000
 -2.16351524e-01   0.0000
 -7.37945512e-02   0.0000
 -9.48284008e-03   0.0000
 -8.74311030e-02   0.0000
 -2.79920012e-01   0.0000
  1.12996586e-01   0.0000
  4.13314998e-01   0.0000
  2.03860357e-01   0.0000
 -3.78642768e-01   0.0000
 -1.90187708e-01   0.0000
  3.12130958e-01   0.0000
 -2.11709917e-01   0.0000
 -3.08560938e-01   0.0000
  3.15967128e-02   0.0000
 -1.02705024e-02   0.0000
 -2.15660959e-01   0.0000
  3.40734065e-01   0.0000
  2.05473348e-01   0.0000
  2.94389099e-01   0.0000
 -1.51829058e-02   0.0000
 -1.29376501e-02   0.0000
 -6.07030913e-02   0.0000
  6.63974462e-03   0.0000
  2.08970122e-02   0.0000
  2.23533399e-02   0.0000
  3.38484272e-02   0.0000
  2.07178053e-02   0.0000
  1.56264007e-02   0.0000
  7.96981081e-02   0.0000
 -5.62606975e-02   0.0000
 -2.11467087e-01   0.0000
 -1.12832144e-01   0.0000
  1.63855523e-01   0.0000
  2.54407655e-02   0.0000
 -1.15480579e-01   0.0000
  4.24498646e-03   0.0000
  2.85549592e-02   0.0000
  2.37812032e-03   0.0000
  6.15150370e-02   0.0000
  4.39586453e-02   0.0000
 -9.67153460e-02   0.0000
 -3.90275382e-02   0.0000
 -4.65601347e-02   0.0000
  1.34532223e-03   0.0000
  5.74675016e-02   0.0000
  9.38179065e-03   0.0000
 -4.66536917e-03   0.0000
  5.12800850e-02   0.0000
 -1.09298686e-02   0.0000
 -6.07561432e-02   0.0000
 -2.64668930e-03   0.0000
 -8.03301763e-03   0.0000
 -1.30456779e-02   0.0000
  1.96082774e-03   0.0000
  6.55834600e-02   0.0000
 -2.76137260e-04   0.0000
 -1.03972241e-01   0.0000
  2.34192121e-04   0.0000
 -1.02088051e-02   0.0000
  1.08560063e-02   0.0000
 -2.17066123e-03   0.0000
  3.30881751e-03   0.0000
 -8.07821229e-02   0.0000
 -1.69915762e-02   0.0000
 -3.26746679e-03   0.0000
  1.08869756e-02   0.0000
 -1.27667785e-02   0.0000
 -2.15510699e-05   0.0000
  3.22896391e-02   0.0000
 -9.38102603e-02   0.0000
 -2.42800289e-03   0.0000
  3.71051468e-02   0.0000
  5.14863841e-02   0.0000
  3.33942212e-02   0.0000
  1.80186424e-02   0.0000
  6.34418428e-02   0.0000
  7.04467446e-02   0.0000
 -1.19203217e-02   0.0000
 -2.03461960e-01   0.0000
 -1.11245774e-01   0.0000
  1.86948314e-01   0.0000
  1.06639870e-01   0.0000
 -1.14526048e-01   0.0000
  2.53559072e-02   0.0000
  4.61803265e-02   0.0000
  1.62887517e-02   0.0000
  3.54940747e-03   0.0000
  7.68352151e-02   0.0000
 -1.49146825e-01   0.0000
 -7.71277621e-02   0.0000
 -5.95061481e-02   0.0000
  8.25378671e-03   0.0000
  5.13693094e-02   0.0000
  6.22019827e-01   0.0000
 -3.73300835e-02   0.0000
 -3.78550917e-01   0.0000
 -6.05433583e-01   0.0000
 -4.47973795e-02   0.0000
 -4.84972745e-02   0.0000
 -2.32378747e-02   0.0000
 -8.65277708e-01   0.0000
  3.18939418e-01   0.0000
  3.97778898e-01   0.0000
  8.58085155e-01   0.0000
 -1.08700085e+00   0.0000
 -1.56115437e+00   0.0000
  9.31394577e-01   0.0000
 -6.88027501e-01   0.0000
 -1.07664716e+00   0.0000
  2.58447766e-01   0.0000
  1.96812153e-01   0.0000
 -6.27132475e-01   0.0000
  7.93395400e-01   0.0000
  6.45029008e-01   0.0000
  1.17224574e+00   0.0000
  5.55231534e-02   0.0000
 -1.68955672e+00   0.0000
  5.83162159e-02   0.0000
 -2.99501084e-02   0.0000
 -2.72892658e-02   0.0000
 -8.28098729e-02   0.0000
  2.79787667e-02   0.0000
  3.93242463e-02   0.0000
 -3.65527160e-02   0.0000
 -7.33421966e-02   0.0000
 -1.71419536e-03   0.0000
  2.91626658e-02   0.0000
 -4.12290245e-01   0.0000
 -1.54716015e-01   0.0000
  8.47547293e-01   0.0000
  5.40408120e-02   0.0000
 -3.67035605e-02   0.0000
 -1.14916889e-02   0.0000
  1.44465221e-02   0.0000
 -8.68227624e-04   0.0000
 -8.53835568e-02   0.0000
 -2.40051508e-01   0.0000
  6.62822798e-02   0.0000
  8.76983479e-02   0.0000
  3.97966796e-04   0.0000
  9.62934196e-01   0.0000
  1.62680119e-01   0.0000
 -3.39649394e-02   0.0000
 -6.01681806e-02   0.0000
 -2.12966084e-01   0.0000
 -4.43693367e-04   0.0000
  5.19190542e-02   0.0000
 -4.94659692e-02   0.0000
 -2.89854974e-01   0.0000
  4.83392328e-02   0.0000
  3.05864990e-01   0.0000
  1.68445870e-01   0.0000
 -4.77635801e-01   0.0000
 -2.56833404e-01   0.0000
  3.67057323e-01   0.0000
 -2.30057314e-01   0.0000
 -4.39059526e-01   0.0000
  7.00184554e-02   0.0000
  2.30383035e-02   0.0000
 -1.94225535e-01   0.0000
  2.57378519e-01   0.0000
  1.99957669e-01   0.0000
  4.30948347e-01   0.0000
  8.23635701e-03   0.0000
 -2.15562120e-01   0.0000
  8.28030109e-02   0.0000
 -3.92672233e-02   0.0000
 -4.38034832e-02   0.0000
 -2.01982498e-01   0.0000
  7.53158936e-03   0.0000
 -3.35192028e-03   0.0000
 -1.47404317e-02   0.0000
 -1.08524993e-01   0.0000
  1.50954789e-02   0.0000
  1.10923961e-01   0.0000
  8.39127183e-01   0.0000
 -1.16978243e-01   0.0000
 -1.58087802e+00   0.0000
  1.39875859e-01   0.0000
 -1.29623637e-01   0.0000
 -1.83536142e-01   0.0000
 -3.39028821e-03   0.0000
 -1.84063567e-04   0.0000
 -1.00688666e-01   0.0000
  5.86652279e-01   0.0000
  9.87233073e-02   0.0000
  3.05611253e-01   0.0000
  1.27428258e-02   0.0000
 -2.77465940e+00   0.0000
 -7.12781549e-02   0.0000
 -1.47460615e-02   0.0000
  1.19261235e-01   0.0000
 -4.32824604e-02   0.0000
 -5.20923920e-03   0.0000
  3.81268351e-03   0.0000
 -2.60268375e-02   0.0000
  9.26880538e-02   0.0000
  4.74890433e-02   0.0000
  1.55810475e-01   0.0000
 -8.07004645e-02   0.0000
  2.41063312e-01   0.0000
  3.40004116e-01   0.0000
 -2.39240274e-01   0.0000
  9.13021117e-02   0.0000
  2.13527501e-01   0.0000
  1.37369083e-02   0.0000
 -1.00986645e-01   0.0000
  6.08614273e-02   0.0000
  5.41216359e-02   0.0000
 -2.17280626e-01   0.0000
 -2.45094746e-01   0.0000
  2.06118450e-03   0.0000
  1.13921309e+00   0.0000
  9.43980515e-02   0.0000
 -5.64568164e-03   0.0000
 -2.29983609e-02   0.0000
 -1.13705419e-01   0.0000
 -1.04686664e-02   0.0000
 -2.64030378e-02   0.0000
 -3.27367336e-02   0.0000
 -2.55734950e-01   0.0000
  3.55727300e-02   0.0000
  4.07531857e-01   0.0000
  6.58241153e-01   0.0000
 -3.63369435e-01   0.0000
 -4.58618850e-01   0.0000
  2.00424656e-01   0.0000
 -1.01073124e-01   0.0000
 -2.34971881e-01   0.0000
 -2.16660928e-02   0.0000
  5.95282763e-03   0.0000
 -8.81774873e-02   0.0000
  5.35905957e-01   0.0000
  6.01397716e-02   0.0000
  2.35884055e-01   0.0000
  1.90736988e-04   0.0000
 -6.99826598e-01   0.0000
  3.10038865e-01   0.0000
 -6.46129251e-02   0.0000
 -1.32527038e-01   0.0000
 -2.55958736e-01   0.0000
 -1.55095860e-01   0.0000
 -8.06967318e-02   0.0000
 -1.19317375e-01   0.0000
 -4.86096859e-01   0.0000
  1.69869378e-01   0.0000
  5.63542068e-01   0.0000
  3.95795852e-01   0.0000
 -6.23852789e-01   0.0000
 -1.84275061e-01   0.0000
  4.56238508e-01   0.0000
 -2.19971240e-01   0.0000
 -3.67014050e-01   0.0000
  2.11578052e-04   0.0000
 -3.03770490e-02   0.0000
 -2.11800411e-01   0.0000
  4.43160385e-01   0.0000
  2.70973444e-01   0.0000
  3.58417332e-01   0.0000
 -3.52462716e-02   0.0000
  1.22436574e-02   0.0000
  1.61977470e+00   0.0000
 -4.14837331e-01   0.0000
 -6.61113977e-01   0.0000
 -1.83057904e+00   0.0000
 -3.85100424e-01   0.0000
  5.14525548e-02   0.0000
 -6.77847862e-01   0.0000
 -2.39845014e+00   0.0000
  6.39281332e-01   0.0000
  2.35890675e+00   0.0000
  2.74625731e+00   0.0000
 -3.10459590e+00   0.0000
 -4.51785183e+00   0.0000
  2.46450090e+00   0.0000
 -1.74065089e+00   0.0000
 -2.96142387e+00   0.0000
  5.95103920e-01   0.0000
  7.32118040e-02   0.0000
 -1.81110477e+00   0.0000
  2.78495932e+00   0.0000
  1.63712287e+00   0.0000
  2.99113035e+00   0.0000
  9.65254102e-03   0.0000
 -6.78073025e+00   0.0000
  0.00000000e+00   0.0000

