 5 0.000000 1
 1 
 Si 28.085500
 0 0.250001 4.500000 0.978124 2.000000 
 5 0 1 2 4 6
 8 0.10000 0.20000 0.30000 0.40000 0.50000 0.60000 0.70000 0.80000
 1 12.169200 6.172630 3.114710 0.755675 0.404939 0.036124 0.650018 0.572890
 4 40 24 24 1
  3.62647511e-02   0.0000
  4.84717071e-01   0.0000
  2.75356546e-02   0.0000
 -7.34943032e-01   0.0000
 -7.95609713e-01   0.0000
  2.81518936e-01   0.0000
 -3.75298917e-01   0.0000
 -4.04185265e-01   0.0000
  3.02550411e+00   0.0000
 -5.40835023e-01   0.0000
 -6.56990826e-01   0.0000
  6.08169734e-01   0.0000
 -1.18296288e-01   0.0000
 -6.83240771e-01   0.0000
  8.41294050e-01   0.0000
 -5.93983829e-01   0.0000
 -1.70655623e-02   0.0000
 -4.12553847e-01   0.0000
  6.63891733e-01   0.0000
  9.08575058e-01   0.0000
  3.93309183e-02   0.0000
 -1.20447850e+00   0.0000
 -5.29711843e-01   0.0000
  1.19130716e-01   0.0000
  1.27543345e-01   0.0000
  2.84149528e-01   0.0000
 -2.80245231e-03   0.0000
 -1.78502381e-01   0.0000
 -2.61077523e-01   0.0000
  9.62652937e-02   0.0000
 -4.25423414e-01   0.0000
 -3.53907824e-01   0.0000
 -3.12422886e-02   0.0000
  3.90341096e-02   0.0000
 -6.29147112e-01   0.0000
  3.96233320e-01   0.0000
 -1.07953951e-01   0.0000
 -2.66332150e-01   0.0000
  6.01100624e-01   0.0000
 -4.03608322e-01   0.0000
  6.02769107e-02   0.0000
 -2.41558522e-01   0.0000
  9.84782577e-02   0.0000
  1.52103007e-01   0.0000
 -3.20730180e-01   0.0000
 -3.27825278e-01   0.0000
 -1.07928097e-01   0.0000
  4.22092676e-02   0.0000
  9.20067579e-02   0.0000
  1.75166637e-01   0.0000
 -1.35017961e-01   0.0000
  3.41209769e-02   0.0000
 -2.56623924e-01   0.0000
  1.18933707e-01   0.0000
 -3.98028433e-01   0.0000
 -3.20395738e-01   0.0000
 -8.87679100e-01   0.0000
  3.16635579e-01   0.0000
 -5.08967280e-01   0.0000
  2.08427638e-01   0.0000
 -4.42048647e-02   0.0000
  2.05820557e-02   0.0000
  5.29138148e-01   0.0000
 -3.22192162e-01   0.0000
  9.98474881e-02   0.0000
 -2.92775840e-01   0.0000
 -7.13329986e-02   0.0000
 -2.29621053e-01   0.0000
 -4.39170927e-01   0.0000
  6.85791224e-02   0.0000
 -9.83235240e-02   0.0000
 -1.55297183e-02   0.0000
  1.32142112e-01   0.0000
  6.72951117e-02   0.0000
 -2.00047672e-01   0.0000
  1.01859957e-01   0.0000
 -1.82663396e-01   0.0000
  3.08255162e-02   0.0000
 -3.31886023e-01   0.0000
 -2.50221878e-01   0.0000
 -1.24410665e+00   0.0000
  6.15027905e-01   0.0000
 -5.43056071e-01   0.0000
  1.29985586e-01   0.0000
 -4.33535241e-02   0.0000
 -1.15842000e-02   0.0000
  5.65942526e-01   0.0000
 -3.44029993e-01   0.0000
  1.40353724e-01   0.0000
 -2.20561922e-01   0.0000
 -8.71983841e-02   0.0000
 -3.19047332e-01   0.0000
 -3.11375439e-01   0.0000
  3.75325263e-01   0.0000
  1.70534700e-02   0.0000
 -6.81954762e-03   0.0000
  1.42009124e-01   0.0000
  1.60675287e-01   0.0000
 -2.19725594e-01   0.0000
  3.26482177e-01   0.0000
 -2.33221129e-01   0.0000
  4.43284772e-02   0.0000
 -3.43941242e-01   0.0000
 -1.93106160e-01   0.0000
 -1.21389282e+00   0.0000
  7.18366683e-01   0.0000
 -5.72310627e-01   0.0000
  1.94444865e-01   0.0000
 -3.19315791e-02   0.0000
  3.84851098e-02   0.0000
  4.93154228e-01   0.0000
 -3.26444566e-01   0.0000
  1.52369678e-01   0.0000
 -1.91355661e-01   0.0000
 -8.23359191e-02   0.0000
 -5.57721257e-01   0.0000
 -2.29237393e-01   0.0000
  5.67714274e-01   0.0000
  3.67057137e-02   0.0000
 -3.52633074e-02   0.0000
  1.68938816e-01   0.0000
  3.95431444e-02   0.0000
 -2.38634229e-01   0.0000
  2.74498552e-01   0.0000
 -3.66110951e-01   0.0000
  3.94556485e-02   0.0000
 -2.02197596e-01   0.0000
 -1.82355151e-01   0.0000
 -9.10347819e-01   0.0000
  8.79078209e-01   0.0000
 -5.57124555e-01   0.0000
  6.82730079e-02   0.0000
 -9.02240630e-03   0.0000
  1.44255504e-01   0.0000
  3.25040758e-01   0.0000
 -1.16007151e-02   0.0000
  1.03190564e-01   0.0000
 -2.87821382e-01   0.0000
 -5.18255495e-02   0.0000
 -6.25078917e-01   0.0000
  2.22681127e-02   0.0000
  7.46014774e-01   0.0000
  1.94243863e-01   0.0000
 -5.26824631e-02   0.0000
  1.86698094e-01   0.0000
  1.42466933e-01   0.0000
 -2.58377939e-01   0.0000
  3.01316798e-01   0.0000
 -4.44928288e-01   0.0000
  5.04235700e-02   0.0000
 -9.96302217e-02   0.0000
 -1.65925726e-01   0.0000
 -5.31016827e-01   0.0000
  8.18377197e-01   0.0000
 -6.07897103e-01   0.0000
  8.95493329e-02   0.0000
 -2.36965939e-02   0.0000
  1.19873166e-01   0.0000
  2.86453396e-01   0.0000
 -2.98320830e-01   0.0000
  1.03625812e-01   0.0000
 -2.45310232e-01   0.0000
 -5.83800450e-02   0.0000
 -6.14950716e-01   0.0000
  1.30711019e-01   0.0000
  9.71414983e-01   0.0000
  1.12358987e-01   0.0000
 -1.08551204e-01   0.0000
  2.08622009e-01   0.0000
  7.78643936e-02   0.0000
 -3.01984161e-01   0.0000
  3.22674751e-01   0.0000
 -6.02439225e-01   0.0000
  8.63754228e-02   0.0000
 -1.34464487e-01   0.0000
 -2.70299643e-01   0.0000
  7.28435367e-02   0.0000
  8.82331371e-01   0.0000
 -6.49177551e-01   0.0000
  1.48837725e-02   0.0000
  9.95305926e-03   0.0000
  1.73362821e-01   0.0000
  2.23192558e-01   0.0000
 -2.60498524e-01   0.0000
  1.33882895e-01   0.0000
 -1.91931695e-01   0.0000
 -4.01947275e-02   0.0000
 -6.46142006e-01   0.0000
  3.19467187e-01   0.0000
  1.01792538e+00   0.0000
  1.54668227e-01   0.0000
 -9.12707373e-02   0.0000
  3.29003602e-01   0.0000
  2.42527634e-01   0.0000
  8.29301625e-02   0.0000
 -5.96979678e-01   0.0000
 -1.12097204e+00   0.0000
  3.64806294e-03   0.0000
 -1.07300825e-01   0.0000
 -8.84006396e-02   0.0000
 -6.84864640e-01   0.0000
  3.69619876e-01   0.0000
  1.00759912e+00   0.0000
  1.48215607e-01   0.0000
  8.73426795e-02   0.0000
 -3.55270356e-01   0.0000
 -7.02898562e-01   0.0000
 -6.71699122e-02   0.0000
 -2.12999329e-01   0.0000
  2.12954864e-01   0.0000
  6.23876870e-01   0.0000
 -1.31528769e-02   0.0000
  6.22184396e-01   0.0000
  7.12890267e-01   0.0000
  2.30809614e-01   0.0000
 -5.37641525e-01   0.0000
  1.65253744e-01   0.0000
  1.36855990e-01   0.0000
 -6.20680571e-01   0.0000
  8.65558162e-02   0.0000
 -6.23239875e-01   0.0000
 -1.30118504e-02   0.0000
  5.82273066e-01   0.0000
 -2.54334789e-03   0.0000
  3.98950994e-01   0.0000
  9.15045515e-02   0.0000
  7.49845803e-01   0.0000
  2.14035392e-01   0.0000
  5.33179305e-02   0.0000
  1.44586384e-01   0.0000
 -7.16566265e-01   0.0000
  6.05641585e-03   0.0000
 -6.41229302e-02   0.0000
  9.17263329e-02   0.0000
  9.84418243e-02   0.0000
  2.98128486e-01   0.0000
  3.85179549e-01   0.0000
 -6.06346846e-01   0.0000
  4.07221437e-01   0.0000
  7.02035129e-02   0.0000
  2.72954971e-01   0.0000
  2.29329523e-02   0.0000
 -2.25407958e-01   0.0000
  3.45040441e-01   0.0000
 -4.46608156e-01   0.0000
  4.44785180e-03   0.0000
  4.17050660e-01   0.0000
 -2.95911916e-02   0.0000
  3.95760864e-01   0.0000
  3.13520394e-02   0.0000
  6.76980793e-01   0.0000
  1.78485334e-01   0.0000
  1.94427799e-02   0.0000
  1.03327945e-01   0.0000
 -5.03907740e-01   0.0000
 -1.13048228e-02   0.0000
 -3.62227634e-02   0.0000
  7.14168996e-02   0.0000
  6.27109259e-02   0.0000
  1.55591384e-01   0.0000
  1.14773609e-01   0.0000
 -8.63371313e-01   0.0000
  4.34427619e-01   0.0000
  7.23201260e-02   0.0000
  2.98083961e-01   0.0000
  1.26780965e-03   0.0000
  3.13201696e-02   0.0000
  3.60709786e-01   0.0000
 -2.47241601e-01   0.0000
  1.02642598e-02   0.0000
  3.98893088e-01   0.0000
 -6.84313327e-02   0.0000
  2.01183319e-01   0.0000
 -3.75999312e-04   0.0000
  6.78827167e-01   0.0000
  1.36493996e-01   0.0000
  8.89496692e-03   0.0000
  1.09253049e-01   0.0000
 -4.83779848e-01   0.0000
 -8.80981609e-03   0.0000
 -4.52658115e-03   0.0000
  1.06275149e-01   0.0000
  1.62533503e-02   0.0000
  1.15803152e-01   0.0000
 -6.76388964e-02   0.0000
 -8.81021321e-01   0.0000
  4.68689024e-01   0.0000
  5.87904872e-03   0.0000
  3.17900956e-01   0.0000
  4.46727313e-03   0.0000
  1.90555990e-01   0.0000
  3.94618541e-01   0.0000
 -2.45108038e-01   0.0000
  1.02019962e-02   0.0000
  3.04552674e-01   0.0000
 -7.78623000e-02   0.0000
  5.12213521e-02   0.0000
 -1.46200458e-04   0.0000
  6.44767344e-01   0.0000
  1.15632579e-01   0.0000
  1.09036954e-03   0.0000
  1.36573792e-01   0.0000
 -4.26558018e-01   0.0000
  3.27324308e-03   0.0000
 -1.18478518e-02   0.0000
  2.87966877e-02   0.0000
  1.14106881e-02   0.0000
  4.16443795e-02   0.0000
 -1.06395848e-01   0.0000
 -8.07168126e-01   0.0000
  4.74254638e-01   0.0000
 -6.02046847e-02   0.0000
  3.32504094e-01   0.0000
  6.91044750e-03   0.0000
  2.07037106e-01   0.0000
  4.52112883e-01   0.0000
 -1.20516427e-01   0.0000
  2.54081469e-03   0.0000
  3.58598620e-01   0.0000
 -7.13305622e-02   0.0000
 -1.00591458e-01   0.0000
  4.97008190e-02   0.0000
  6.30162954e-01   0.0000
  2.01037377e-01   0.0000
  5.92142157e-03   0.0000
  1.35562867e-01   0.0000
 -4.26760912e-01   0.0000
  3.45863379e-03   0.0000
 -1.33309104e-02   0.0000
  7.65262693e-02   0.0000
 -8.20091460e-03   0.0000
  1.56149566e-02   0.0000
 -8.16204995e-02   0.0000
 -7.38072634e-01   0.0000
  4.55015868e-01   0.0000
 -1.04349159e-01   0.0000
  3.46397877e-01   0.0000
 -4.24111634e-03   0.0000
  2.64750361e-01   0.0000
  3.79000306e-01   0.0000
 -1.66091233e-01   0.0000
  2.54717562e-03   0.0000
  3.43726486e-01   0.0000
 -6.41564950e-02   0.0000
 -3.03004116e-01   0.0000
 -1.23361405e-03   0.0000
  4.50345248e-01   0.0000
  2.04948157e-01   0.0000
 -1.86304084e-03   0.0000
  1.86922997e-02   0.0000
 -4.26179588e-01   0.0000
 -4.06926172e-03   0.0000
  1.81225035e-03   0.0000
  3.49409394e-02   0.0000
  1.82636753e-02   0.0000
  1.44620230e-02   0.0000
 -3.28262933e-02   0.0000
 -7.39825428e-01   0.0000
  4.16411400e-01   0.0000
 -1.23701684e-01   0.0000
  3.64049762e-01   0.0000
  6.27828762e-03   0.0000
  2.73464382e-01   0.0000
  4.18815970e-01   0.0000
 -1.55292794e-01   0.0000
  1.84065884e-03   0.0000
  3.12660754e-01   0.0000
 -2.81808432e-03   0.0000
 -4.46898133e-01   0.0000
 -5.36423642e-04   0.0000
  3.41745585e-01   0.0000
  2.36387402e-01   0.0000
 -2.06695218e-03   0.0000
 -8.49159155e-03   0.0000
 -4.09623235e-01   0.0000
  1.23572268e-03   0.0000
 -4.15762793e-03   0.0000
  1.33886458e-02   0.0000
  1.95934577e-03   0.0000
  1.31888008e-02   0.0000
 -1.34603307e-01   0.0000
 -6.98564947e-01   0.0000
  3.89301538e-01   0.0000
 -1.35585785e-01   0.0000
  2.31769606e-01   0.0000
  2.42742777e-01   0.0000
 -6.66689277e-01   0.0000
 -5.15195355e-03   0.0000
 -2.76265025e+00   0.0000
 -1.12265825e-01   0.0000
 -1.97135717e-01   0.0000
  1.58809032e-02   0.0000
 -2.91088223e-01   0.0000
  5.81115365e-01   0.0000
 -1.96586877e-01   0.0000
 -3.49223793e-01   0.0000
  1.44939169e-01   0.0000
 -3.51975918e-01   0.0000
 -9.73868430e-01   0.0000
 -6.06820993e-02   0.0000
 -3.88182938e-01   0.0000
  1.83462620e-01   0.0000
  8.51026535e-01   0.0000
  2.42452097e+00   0.0000
  3.10535729e-01   0.0000
 -4.74858850e-01   0.0000
 -4.91131514e-01   0.0000
 -4.98694092e-01   0.0000
 -1.85496286e-02   0.0000
  1.58473909e-01   0.0000
  3.10859889e-01   0.0000
 -6.36065304e-01   0.0000
 -1.24331987e+00   0.0000
 -1.14628434e-01   0.0000
  2.94195741e-01   0.0000
  2.14923788e-02   0.0000
  2.90365368e-01   0.0000
  3.01151693e-01   0.0000
 -2.78752059e-01   0.0000
 -1.20389892e-03   0.0000
  4.36869487e-02   0.0000
  9.48719680e-04   0.0000
 -8.70964646e-01   0.0000
  5.83594339e-03   0.0000
 -3.03445399e-01   0.0000
  3.09699625e-01   0.0000
  2.19798595e-01   0.0000
  5.77714801e-01   0.0000
 -4.05248314e-01   0.0000
 -4.56185579e-01   0.0000
 -3.74751538e-01   0.0000
 -4.65503514e-01   0.0000
  2.81034666e-03   0.0000
  1.24911796e-02   0.0000
  4.54009414e-01   0.0000
 -6.78494751e-01   0.0000
 -7.57339895e-01   0.0000
 -1.56595618e-01   0.0000
  3.36080164e-01   0.0000
  6.09501638e-02   0.0000
  3.80277812e-01   0.0000
  1.90279067e-01   0.0000
  1.63858324e-01   0.0000
 -2.07804367e-02   0.0000
  2.19086669e-02   0.0000
  3.71020734e-01   0.0000
 -5.23546159e-01   0.0000
  2.20375154e-02   0.0000
 -9.70582739e-02   0.0000
  1.21723488e-01   0.0000
  8.30030963e-02   0.0000
  1.62507296e-01   0.0000
 -2.63804853e-01   0.0000
 -2.73009866e-01   0.0000
 -3.71002853e-01   0.0000
 -1.22641161e-01   0.0000
 -1.12809390e-02   0.0000
  4.14138995e-02   0.0000
  3.84134650e-01   0.0000
 -6.02370918e-01   0.0000
 -5.08083642e-01   0.0000
 -5.39288633e-02   0.0000
  4.09110099e-01   0.0000
  1.15789473e-03   0.0000
  2.91962415e-01   0.0000
  1.77065283e-01   0.0000
  6.66861892e-01   0.0000
 -5.91805279e-02   0.0000
  1.00920238e-02   0.0000
  4.42399085e-01   0.0000
 -2.51147687e-01   0.0000
  4.10574442e-03   0.0000
 -4.63812649e-02   0.0000
  5.18924035e-02   0.0000
  6.24888651e-02   0.0000
 -7.62604028e-02   0.0000
 -4.58591096e-02   0.0000
 -6.08355962e-02   0.0000
 -3.95889729e-01   0.0000
  4.26499881e-02   0.0000
 -2.82149315e-02   0.0000
  5.05461823e-03   0.0000
  2.87948459e-01   0.0000
 -5.41235983e-01   0.0000
 -3.85662854e-01   0.0000
 -7.58825988e-02   0.0000
  4.06105042e-01   0.0000
  4.79351962e-04   0.0000
  3.34702544e-02   0.0000
  1.16022989e-01   0.0000
  7.20173359e-01   0.0000
 -1.06432535e-01   0.0000
  2.58480129e-03   0.0000
  4.57815051e-01   0.0000
 -1.03318274e-01   0.0000
 -3.80137307e-03   0.0000
 -3.23597714e-02   0.0000
  1.46063091e-02   0.0000
  4.85977493e-02   0.0000
 -1.36050195e-01   0.0000
  3.78438346e-02   0.0000
 -4.49246466e-02   0.0000
 -4.21285838e-01   0.0000
  1.16404064e-01   0.0000
 -2.37504449e-02   0.0000
  2.43369173e-02   0.0000
  1.43868551e-01   0.0000
 -5.62679291e-01   0.0000
 -2.63897091e-01   0.0000
 -3.79356788e-03   0.0000
  2.99071759e-01   0.0000
 -2.18368741e-03   0.0000
 -5.27035557e-02   0.0000
  5.06555140e-02   0.0000
  7.06441998e-01   0.0000
 -4.30269465e-02   0.0000
  4.87880455e-03   0.0000
  2.07954720e-01   0.0000
 -8.55197534e-02   0.0000
  8.23446957e-04   0.0000
 -3.43022123e-02   0.0000
  9.61856451e-03   0.0000
  3.08903195e-02   0.0000
 -1.43106461e-01   0.0000
  2.77726837e-02   0.0000
  5.77507541e-02   0.0000
 -5.18390954e-01   0.0000
  1.68596819e-01   0.0000
 -3.70622016e-02   0.0000
  1.07670191e-03   0.0000
  4.11179289e-02   0.0000
 -4.78183717e-01   0.0000
 -3.18737060e-01   0.0000
 -1.06789339e-02   0.0000
  3.01225662e-01   0.0000
  2.44461768e-03   0.0000
 -3.79896075e-01   0.0000
  7.45754093e-02   0.0000
  5.56097925e-01   0.0000
 -1.03549520e-02   0.0000
  3.15584148e-05   0.0000
  2.78432295e-02   0.0000
 -3.71999927e-02   0.0000
  1.05008925e-03   0.0000
 -7.93862808e-03   0.0000
  5.26258023e-04   0.0000
  5.99907078e-02   0.0000
 -1.76003128e-01   0.0000
 -1.30601600e-02   0.0000
  4.97065336e-02   0.0000
 -4.46681082e-01   0.0000
  1.39175251e-01   0.0000
 -3.99818122e-02   0.0000
  6.36849366e-03   0.0000
 -1.16181105e-01   0.0000
 -4.23456728e-01   0.0000
 -1.87263578e-01   0.0000
 -1.23934941e-02   0.0000
  4.08378392e-01   0.0000
  1.92189997e-04   0.0000
 -6.48195326e-01   0.0000
  2.91933324e-02   0.0000
  2.93493450e-01   0.0000
  5.23692090e-03   0.0000
  8.95752292e-03   0.0000
 -1.87506676e-01   0.0000
 -2.06587072e-02   0.0000
  4.95766930e-04   0.0000
 -5.10405153e-02   0.0000
 -1.05208263e-03   0.0000
  3.39757763e-02   0.0000
 -1.96440831e-01   0.0000
 -9.96928215e-02   0.0000
  2.64869649e-02   0.0000
 -3.79752219e-01   0.0000
  1.55651525e-01   0.0000
 -5.46359122e-01   0.0000
  3.99099857e-01   0.0000
  8.51835310e-01   0.0000
 -1.51642752e+00   0.0000
 -4.92466271e-01   0.0000
  2.04683438e-01   0.0000
  3.75719488e-01   0.0000
 -6.26824558e-01   0.0000
  7.89945662e-01   0.0000
 -1.39851546e+00   0.0000
 -9.05747712e-01   0.0000
 -1.05121446e+00   0.0000
 -1.95942655e-01   0.0000
 -1.53881833e-02   0.0000
  5.98407686e-01   0.0000
 -2.53452986e-01   0.0000
  2.72353262e-01   0.0000
 -3.49675149e-01   0.0000
  1.25554323e-01   0.0000
  1.39507675e+00   0.0000
  2.45228752e-01   0.0000
 -1.59079945e+00   0.0000
 -8.67688477e-01   0.0000
  3.02508563e-01   0.0000
 -3.79917324e-01   0.0000
  2.17989832e-01   0.0000
  1.79847524e-01   0.0000
 -4.61323977e-01   0.0000
 -7.69478917e-01   0.0000
  1.30172372e-01   0.0000
 -1.23121813e-01   0.0000
 -4.36173797e-01   0.0000
 -4.79561180e-01   0.0000
 -8.97926092e-01   0.0000
 -5.04685283e-01   0.0000
 -9.83462214e-01   0.0000
 -9.95466262e-02   0.0000
  3.78466547e-01   0.0000
  6.92810774e-01   0.0000
 -1.88880146e-01   0.0000
  2.43823618e-01   0.0000
 -1.85880244e-01   0.0000
 -2.05149189e-01   0.0000
  6.40192986e-01   0.0000
 -2.02204719e-01   0.0000
 -8.31551969e-01   0.0000
 -8.64871919e-01   0.0000
 -1.79605767e-01   0.0000
 -4.32432503e-01   0.0000
  1.53993908e-02   0.0000
 -1.14546083e-02   0.0000
 -5.80532402e-02   0.0000
 -1.12142301e+00   0.0000
  1.64890289e-02   0.0000
  2.99534705e-02   0.0000
 -4.04402107e-01   0.0000
 -2.55796492e-01   0.0000
 -7.03416646e-01   0.0000
 -2.21187338e-01   0.0000
 -7.98895478e-01   0.0000
 -6.92802146e-02   0.0000
  5.89378238e-01   0.0000
  6.73812270e-01   0.0000
 -6.69150874e-02   0.0000
  2.01994091e-01   0.0000
 -2.99322426e-01   0.0000
 -3.10791641e-01   0.0000
  1.43980011e-01   0.0000
 -1.94310509e-02   0.0000
 -2.98444808e-01   0.0000
 -9.47522700e-01   0.0000
 -1.09994955e-01   0.0000
 -3.70060265e-01   0.0000
  4.07556593e-02   0.0000
  1.64091766e-01   0.0000
  6.08400023e-03   0.0000
 -4.35045421e-01   0.0000
  5.25312461e-02   0.0000
 -1.28559232e-01   0.0000
 -2.67070830e-01   0.0000
 -4.45001125e-02   0.0000
 -5.43932080e-01   0.0000
 -2.02222258e-01   0.0000
 -7.27138042e-01   0.0000
 -3.29598151e-02   0.0000
  4.90826875e-01   0.0000
  6.72200382e-01   0.0000
 -7.55003020e-02   0.0000
  1.68624878e-01   0.0000
 -1.31879911e-01   0.0000
 -2.79437304e-01   0.0000
 -1.17214955e-02   0.0000
  2.67337053e-03   0.0000
 -2.63168756e-03   0.0000
 -9.56995666e-01   0.0000
 -1.24239437e-01   0.0000
 -2.66827971e-01   0.0000
  6.72093872e-03   0.0000
  4.12667811e-01   0.0000
  2.49943566e-02   0.0000
  2.87392110e-01   0.0000
  6.13670275e-02   0.0000
 -2.36630544e-01   0.0000
 -3.09782177e-01   0.0000
 -8.03113207e-02   0.0000
 -5.95639229e-01   0.0000
 -1.33422077e-01   0.0000
 -5.16752422e-01   0.0000
 -2.55074911e-02   0.0000
  3.34145904e-01   0.0000
  7.13530481e-01   0.0000
 -1.52860731e-01   0.0000
  1.42976776e-01   0.0000
 -1.42484799e-01   0.0000
 -2.85120010e-01   0.0000
 -8.67631808e-02   0.0000
  5.74416779e-02   0.0000
  1.90089956e-01   0.0000
 -8.19782495e-01   0.0000
 -1.96473762e-01   0.0000
 -1.75547495e-01   0.0000
  8.93531775e-04   0.0000
  4.27845865e-01   0.0000
  1.40995039e-02   0.0000
  6.83304012e-01   0.0000
  4.31981310e-02   0.0000
 -4.41236198e-01   0.0000
 -1.79969028e-01   0.0000
 -6.15605852e-03   0.0000
 -5.17773986e-01   0.0000
 -1.33504629e-01   0.0000
 -5.17126441e-01   0.0000
 -2.42891032e-02   0.0000
  1.51878446e-01   0.0000
  5.48108101e-01   0.0000
 -6.23137429e-02   0.0000
  1.24493465e-01   0.0000
 -1.63585171e-01   0.0000
 -3.24348122e-01   0.0000
 -1.36868969e-01   0.0000
  1.31797031e-01   0.0000
  3.11378062e-01   0.0000
 -7.13069320e-01   0.0000
 -2.46527687e-01   0.0000
 -8.84607956e-02   0.0000
  2.50880513e-03   0.0000
  4.51268226e-01   0.0000
 -2.53520329e-02   0.0000
  8.76501560e-01   0.0000
  2.79428880e-03   0.0000
 -4.52679306e-01   0.0000
 -2.18244687e-01   0.0000
 -7.72076920e-02   0.0000
 -4.86481965e-01   0.0000
 -2.76699692e-01   0.0000
 -4.79658306e-01   0.0000
 -4.08781581e-02   0.0000
  4.43224702e-03   0.0000
  5.50780654e-01   0.0000
 -5.37633384e-03   0.0000
  9.83317867e-02   0.0000
 -1.24731787e-01   0.0000
 -2.84122020e-01   0.0000
 -1.39196083e-01   0.0000
  1.75026417e-01   0.0000
  5.20804524e-01   0.0000
 -7.61756539e-01   0.0000
 -2.96289146e-01   0.0000
 -2.53824778e-02   0.0000
  1.98915601e-02   0.0000
  2.00614840e-01   0.0000
 -2.90957894e-02   0.0000
  8.80840123e-01   0.0000
 -4.06972307e-04   0.0000
 -4.88347799e-01   0.0000
 -1.53201342e-01   0.0000
 -3.17671634e-02   0.0000
 -5.30385911e-01   0.0000
 -1.84527114e-01   0.0000
 -4.25472260e-01   0.0000
 -2.10775305e-02   0.0000
 -2.37231553e-01   0.0000
  5.55215180e-01   0.0000
 -3.80011871e-02   0.0000
  8.35008696e-02   0.0000
 -1.06717542e-01   0.0000
 -1.85242996e-01   0.0000
 -1.40729919e-01   0.0000
  2.43267044e-01   0.0000
  5.81055939e-01   0.0000
 -7.77104199e-01   0.0000
 -2.94622898e-01   0.0000
  1.95935071e-02   0.0000
  1.76319599e-01   0.0000
 -1.76721796e-01   0.0000
 -3.32293630e-01   0.0000
 -4.30868506e-01   0.0000
  2.12955326e-01   0.0000
  1.61925003e-01   0.0000
 -5.90957940e-01   0.0000
 -5.59041090e-02   0.0000
 -2.27839971e+00   0.0000
 -2.26510391e-01   0.0000
  1.42196953e+00   0.0000
 -2.25786656e-01   0.0000
 -9.87840891e-01   0.0000
  2.11474821e-01   0.0000
 -3.14466119e-01   0.0000
  5.47751971e-03   0.0000
 -2.68742263e-01   0.0000
  7.99729228e-01   0.0000
  8.33046138e-02   0.0000
  2.18442231e-01   0.0000
  4.96039182e-01   0.0000
  2.21280172e-01   0.0000
  1.31311625e-01   0.0000
 -9.38320234e-02   0.0000
  5.16727157e-02   0.0000
 -3.23005438e-01   0.0000
  1.01845048e-01   0.0000
  6.64058924e-02   0.0000
  1.52341023e-01   0.0000
  3.98227125e-01   0.0000
 -4.22556520e-01   0.0000
  1.49437981e-02   0.0000
 -1.42438459e+00   0.0000
 -9.51716378e-02   0.0000
  6.13092065e-01   0.0000
 -1.53428793e-01   0.0000
  9.58906338e-02   0.0000
  9.26507935e-02   0.0000
 -1.50982276e-01   0.0000
  1.34761438e-01   0.0000
 -1.98777616e-01   0.0000
 -1.63690045e-01   0.0000
 -1.77812874e-01   0.0000
  2.89785594e-01   0.0000
  3.81904244e-01   0.0000
  4.71436411e-01   0.0000
  3.73280883e-01   0.0000
 -9.34163705e-02   0.0000
  3.02683860e-02   0.0000
 -1.25907719e-01   0.0000
  4.24815536e-01   0.0000
  4.64516580e-01   0.0000
  1.15510903e-01   0.0000
  5.56383610e-01   0.0000
 -4.28793848e-01   0.0000
  2.75728047e-01   0.0000
 -1.04601622e+00   0.0000
  3.69305140e-03   0.0000
  1.82809487e-01   0.0000
 -1.12722896e-01   0.0000
  5.20419717e-01   0.0000
  7.67762586e-02   0.0000
 -8.63346979e-02   0.0000
  8.01316202e-02   0.0000
 -2.18483567e-01   0.0000
 -3.78573745e-01   0.0000
 -1.86713070e-01   0.0000
  1.20794266e-01   0.0000
 -1.73127890e-01   0.0000
  4.57745969e-01   0.0000
  2.70115882e-01   0.0000
 -8.75900239e-02   0.0000
  1.22221448e-02   0.0000
  4.89604808e-02   0.0000
  5.94290972e-01   0.0000
  7.10426331e-01   0.0000
  9.06140506e-02   0.0000
  5.28874099e-01   0.0000
 -2.40848407e-01   0.0000
  3.48156020e-02   0.0000
 -9.37517881e-01   0.0000
  1.16978586e-01   0.0000
  1.58302635e-02   0.0000
 -6.75344765e-02   0.0000
  4.64393437e-01   0.0000
  9.77886766e-02   0.0000
 -2.36495715e-02   0.0000
 -6.77144341e-03   0.0000
 -4.59551066e-02   0.0000
 -3.24056268e-01   0.0000
 -1.99372187e-01   0.0000
 -1.75657496e-01   0.0000
 -1.05145499e-01   0.0000
  4.74089861e-01   0.0000
 -2.37909909e-02   0.0000
 -8.82953331e-02   0.0000
  2.63675395e-03   0.0000
  1.41363800e-01   0.0000
  6.41580403e-01   0.0000
  9.45535004e-01   0.0000
  1.14206232e-01   0.0000
  5.30224025e-01   0.0000
 -2.00091019e-01   0.0000
 -1.86838910e-01   0.0000
 -8.44975233e-01   0.0000
  1.78103447e-01   0.0000
  4.36618216e-02   0.0000
 -5.51504865e-02   0.0000
  2.61525214e-01   0.0000
  5.80349229e-02   0.0000
 -8.28862563e-02   0.0000
 -1.03348456e-02   0.0000
 -8.62974152e-02   0.0000
 -1.54378787e-01   0.0000
 -2.21701488e-01   0.0000
 -2.85804391e-01   0.0000
 -5.68663552e-02   0.0000
  5.07699430e-01   0.0000
 -1.94476366e-01   0.0000
 -3.63023467e-02   0.0000
 -1.84704189e-03   0.0000
  2.65263140e-01   0.0000
  6.88482285e-01   0.0000
  1.15974903e+00   0.0000
  4.15438823e-02   0.0000
  4.28741097e-01   0.0000
 -1.61311999e-01   0.0000
 -2.55853683e-01   0.0000
 -7.86894143e-01   0.0000
  3.23030770e-01   0.0000
  4.29041721e-02   0.0000
 -5.62590286e-02   0.0000
  1.22857764e-01   0.0000
  1.02238161e-02   0.0000
 -4.39514481e-02   0.0000
 -1.01531483e-02   0.0000
 -7.46981800e-02   0.0000
  1.03338379e-02   0.0000
 -1.52242422e-01   0.0000
 -3.80513757e-01   0.0000
  9.23043117e-02   0.0000
  5.09890676e-01   0.0000
 -2.66147196e-01   0.0000
 -3.00425626e-02   0.0000
 -2.66023217e-05   0.0000
  2.95453429e-01   0.0000
  6.44157588e-01   0.0000
  1.36860490e+00   0.0000
  7.75450990e-02   0.0000
  3.97060066e-01   0.0000
 -1.53947070e-01   0.0000
 -8.30339454e-03   0.0000
 -7.45185912e-01   0.0000
  3.82043689e-01   0.0000
  9.88432616e-02   0.0000
 -3.77442390e-02   0.0000
 -1.21765174e-01   0.0000
 -2.72673015e-02   0.0000
 -7.09017143e-02   0.0000
 -8.16424377e-03   0.0000
 -3.07126921e-02   0.0000
  3.00899267e-01   0.0000
 -5.34198508e-02   0.0000
 -4.16605860e-01   0.0000
  3.54888663e-02   0.0000
  5.19286573e-01   0.0000
 -2.83493698e-01   0.0000
 -2.50978936e-02   0.0000
  1.28266849e-02   0.0000
  3.99240136e-01   0.0000
  7.33730197e-01   0.0000
  1.71402264e+00   0.0000
  1.25898253e-02   0.0000
  2.83838421e-01   0.0000
 -1.79452628e-01   0.0000
  4.35047299e-01   0.0000
 -6.32588267e-01   0.0000
  4.10855919e-01   0.0000
  1.75349966e-01   0.0000
  1.42995287e-02   0.0000
 -3.49388927e-01   0.0000
  4.49535847e-02   0.0000
 -1.22109771e-01   0.0000
 -1.41673507e-02   0.0000
 -4.96357381e-02   0.0000
  5.64712286e-01   0.0000
  6.19900487e-02   0.0000
 -4.11812276e-01   0.0000
  3.09313741e-02   0.0000
  5.34897268e-01   0.0000
 -2.14591607e-01   0.0000
 -1.01224277e-02   0.0000
  1.31329328e-01   0.0000
 -8.28756839e-02   0.0000
 -4.13076341e-01   0.0000
 -3.52913350e-01   0.0000
  1.32463381e-01   0.0000
  1.54430643e-01   0.0000
 -1.12054683e-01   0.0000
  3.32132077e+00   0.0000
 -5.89438081e-01   0.0000
 -2.67109610e-02   0.0000
 -4.51207720e-02   0.0000
 -4.11558384e-03   0.0000
 -2.80088425e-01   0.0000
  2.94997483e-01   0.0000
 -7.82351717e-02   0.0000
  1.74992755e-02   0.0000
 -1.79863006e-01   0.0000
  5.19428015e-01   0.0000
  6.53111219e-01   0.0000
  7.02174425e-01   0.0000
 -6.71718895e-01   0.0000
 -2.91197509e-01   0.0000
  2.40707234e-01   0.0000
 -1.23667620e-01   0.0000
  2.31477302e-02   0.0000
  4.08139788e-02   0.0000
  1.16833806e-01   0.0000
  1.64025277e-02   0.0000
 -4.85191727e-03   0.0000
  3.40239666e-02   0.0000
  2.25863472e-01   0.0000
 -3.68018001e-02   0.0000
 -3.50302786e-01   0.0000
 -5.09478271e-01   0.0000
  3.09645921e-01   0.0000
  3.46445829e-01   0.0000
 -2.29889289e-01   0.0000
  1.25451356e-01   0.0000
  1.94031030e-01   0.0000
 -2.57076565e-02   0.0000
  2.60479213e-03   0.0000
  9.89790335e-02   0.0000
 -4.09546614e-01   0.0000
 -8.73739272e-02   0.0000
 -1.35791764e-01   0.0000
 -7.64750130e-03   0.0000
  7.96369195e-01   0.0000
  1.36116803e-01   0.0000
 -1.52411766e-03   0.0000
 -9.11812931e-02   0.0000
 -1.39145344e-01   0.0000
 -2.63398234e-02   0.0000
 -1.05575786e-03   0.0000
 -4.49932646e-03   0.0000
 -2.21605629e-01   0.0000
  1.03383232e-02   0.0000
  4.27252613e-02   0.0000
  1.99673288e-02   0.0000
 -1.58575609e-01   0.0000
 -8.41168240e-02   0.0000
  2.39153728e-01   0.0000
 -1.67520925e-01   0.0000
 -2.57992715e-01   0.0000
  1.21429265e-02   0.0000
  7.20091984e-02   0.0000
 -1.69408649e-01   0.0000
  3.07425149e-02   0.0000
  1.88296869e-01   0.0000
  3.18728238e-01   0.0000
  1.07269071e-03   0.0000
  2.14081451e-01   0.0000
 -3.00197184e-01   0.0000
  2.52608303e-02   0.0000
  2.24870458e-01   0.0000
  3.13379258e-01   0.0000
  2.13493910e-02   0.0000
 -7.16593023e-03   0.0000
  4.14929017e-02   0.0000
  4.60107654e-01   0.0000
 -7.61039630e-02   0.0000
 -9.44520757e-02   0.0000
  1.46631911e-01   0.0000
  6.05724216e-01   0.0000
 -4.79838878e-01   0.0000
 -6.23859227e-01   0.0000
  5.13539433e-01   0.0000
  8.44797194e-01   0.0000
 -1.21242695e-01   0.0000
 -3.07056569e-02   0.0000
  3.52466792e-01   0.0000
 -5.91128655e-02   0.0000
 -3.78186375e-01   0.0000
 -8.66060853e-01   0.0000
 -5.72332829e-05   0.0000
 -3.89726430e-01   0.0000
 -1.24901965e-01   0.0000
 -1.34317074e-02   0.0000
  1.13266684e-01   0.0000
  8.20421875e-02   0.0000
 -6.66305376e-03   0.0000
  1.25190662e-03   0.0000
 -1.52948750e-02   0.0000
  1.93645760e-01   0.0000
  1.40939504e-02   0.0000
  4.53479961e-02   0.0000
  8.47449899e-02   0.0000
  3.39268774e-01   0.0000
 -1.26962915e-01   0.0000
 -3.09072196e-01   0.0000
  1.75725117e-01   0.0000
  2.93406725e-01   0.0000
 -4.12330329e-02   0.0000
 -1.15278065e-01   0.0000
  1.24433488e-01   0.0000
 -8.63855556e-02   0.0000
 -2.67482430e-01   0.0000
 -3.22275609e-01   0.0000
 -7.52098218e-04   0.0000
  7.78627116e-03   0.0000
 -6.97320938e-01   0.0000
  1.70229822e-01   0.0000
  4.52174634e-01   0.0000
  8.59810531e-01   0.0000
  1.23356193e-01   0.0000
  3.39130114e-04   0.0000
  2.38693193e-01   0.0000
  1.09419966e+00   0.0000
 -2.63824284e-01   0.0000
 -8.84096384e-01   0.0000
 -7.91242063e-01   0.0000
  1.18429649e+00   0.0000
  6.99268162e-01   0.0000
 -1.11957574e+00   0.0000
  8.71074200e-01   0.0000
  1.15398479e+00   0.0000
 -3.35206181e-01   0.0000
 -1.45655796e-01   0.0000
  8.48111033e-01   0.0000
 -8.85626256e-01   0.0000
 -8.05349708e-01   0.0000
 -1.25665581e+00   0.0000
 -2.75827888e-02   0.0000
  1.46261454e-01   0.0000
  2.65592709e-03   0.0000
  8.40142649e-03   0.0000
  1.88211165e-02   0.0000
  4.28950451e-02   0.0000
 -4.38842736e-03   0.0000
 -3.43024842e-02   0.0000
 -3.70001495e-02   0.0000
 -1.61712654e-02   0.0000
 -1.25420522e-02   0.0000
  8.74504298e-02   0.0000
  2.57099625e-02   0.0000
 -1.79073103e-02   0.0000
 -1.55480161e-01   0.0000
 -2.31360011e-02   0.0000
  3.15416604e-02   0.0000
  3.17906849e-02   0.0000
 -1.99611653e-02   0.0000
  1.20205432e-03   0.0000
 -1.04066748e-02   0.0000
  7.97527879e-02   0.0000
 -9.21253674e-03   0.0000
 -4.71623540e-02   0.0000
  5.05721371e-04   0.0000
  2.88147833e-02   0.0000
 -7.49604255e-02   0.0000
  2.07008282e-03   0.0000
  2.89247893e-02   0.0000
  6.51635453e-02   0.0000
  3.25259790e-02   0.0000
  1.81087311e-02   0.0000
  9.66366194e-03   0.0000
  1.05066471e-01   0.0000
 -2.49319226e-02   0.0000
  7.79345573e-04   0.0000
  6.51165187e-01   0.0000
  4.08785194e-02   0.0000
 -1.40769136e+00   0.0000
 -6.90558851e-02   0.0000
  2.34214868e-02   0.0000
  2.35220380e-02   0.0000
 -1.69914868e-02   0.0000
  3.88633600e-03   0.0000
  6.06139638e-02   0.0000
  5.92813909e-01   0.0000
 -3.16138305e-02   0.0000
 -4.90501709e-02   0.0000
  1.12331312e-04   0.0000
 -2.09694117e-01   0.0000
 -1.32442906e-01   0.0000
  2.66276449e-02   0.0000
  5.67366183e-02   0.0000
  1.79456934e-01   0.0000
  3.64328846e-02   0.0000
 -8.21615453e-04   0.0000
  3.06055672e-03   0.0000
  1.93214774e-01   0.0000
 -1.00137495e-01   0.0000
 -2.98361391e-01   0.0000
 -2.66173482e-01   0.0000
  3.49375993e-01   0.0000
  1.60945833e-01   0.0000
 -2.57272393e-01   0.0000
  1.56093553e-01   0.0000
  3.94616097e-01   0.0000
 -3.92916240e-03   0.0000
 -9.87129053e-04   0.0000
  1.89301759e-01   0.0000
 -2.93544978e-01   0.0000
 -1.36268914e-01   0.0000
 -2.54123598e-01   0.0000
  7.97124521e-04   0.0000
 -2.15334650e-02   0.0000
 -1.16376448e+00   0.0000
  3.25709611e-01   0.0000
  3.42377454e-01   0.0000
  1.30195105e+00   0.0000
  3.03877383e-01   0.0000
 -1.83560640e-01   0.0000
  7.38269687e-01   0.0000
  1.57447374e+00   0.0000
 -4.67514366e-01   0.0000
 -1.94241595e+00   0.0000
 -2.22777677e+00   0.0000
  1.90900183e+00   0.0000
  3.27493238e+00   0.0000
 -1.50943911e+00   0.0000
  1.05378664e+00   0.0000
  1.71421421e+00   0.0000
 -4.48670030e-01   0.0000
 -6.22375077e-03   0.0000
  1.30510676e+00   0.0000
 -2.00892019e+00   0.0000
 -1.10221636e+00   0.0000
 -1.71324909e+00   0.0000
 -1.33727957e-03   0.0000
  6.65303659e+00   0.0000
  1.71408370e-01   0.0000
  3.73120001e-03   0.0000
 -1.27777457e-02   0.0000
 -2.28732139e-01   0.0000
 -7.74831465e-03   0.0000
  1.20946005e-01   0.0000
 -1.81826189e-01   0.0000
 -2.70009071e-01   0.0000
  1.58678610e-02   0.0000
  4.16392475e-01   0.0000
  7.94511080e-01   0.0000
 -3.02064180e-01   0.0000
 -1.07325041e+00   0.0000
  2.65187740e-01   0.0000
 -1.02699444e-01   0.0000
 -1.83344111e-01   0.0000
  1.06060408e-01   0.0000
 -1.86289437e-02   0.0000
 -2.78910547e-01   0.0000
  6.01491988e-01   0.0000
  1.16100647e-02   0.0000
  2.63831854e-01   0.0000
  1.97065435e-02   0.0000
 -1.76051188e+00   0.0000
  3.81308258e-01   0.0000
 -3.14710103e-02   0.0000
 -2.44365528e-01   0.0000
 -3.43430489e-01   0.0000
 -3.01996544e-02   0.0000
 -5.34031897e-05   0.0000
 -6.74396232e-02   0.0000
 -5.63179731e-01   0.0000
  7.13228509e-02   0.0000
  3.66216481e-01   0.0000
  4.30852175e-01   0.0000
 -6.52500272e-01   0.0000
 -6.20409787e-01   0.0000
  6.26772404e-01   0.0000
 -4.17684704e-01   0.0000
 -8.09695780e-01   0.0000
  1.28886312e-01   0.0000
  6.13486059e-02   0.0000
 -3.60194564e-01   0.0000
  5.15609443e-01   0.0000
  3.68209958e-01   0.0000
  8.55349123e-01   0.0000
  3.57464945e-04   0.0000
 -2.29719460e-01   0.0000
 -1.19142994e-01   0.0000
 -4.01676120e-03   0.0000
  5.80702201e-02   0.0000
  9.61243436e-02   0.0000
 -3.75029934e-03   0.0000
 -8.86093080e-03   0.0000
 -3.10409674e-03   0.0000
  2.08329812e-01   0.0000
  3.36611038e-03   0.0000
 -3.67371067e-02   0.0000
 -7.06247985e-02   0.0000
  3.27466011e-01   0.0000
  1.77526146e-01   0.0000
 -2.14333281e-01   0.0000
  1.98759496e-01   0.0000
  3.05059463e-01   0.0000
 -3.83178070e-02   0.0000
 -6.24862723e-02   0.0000
  1.17953308e-01   0.0000
 -1.70242101e-01   0.0000
 -1.42608166e-01   0.0000
 -3.15190613e-01   0.0000
 -2.88071092e-02   0.0000
  9.36160311e-02   0.0000
  1.21825449e-02   0.0000
  2.52806838e-03   0.0000
  4.38779555e-02   0.0000
 -1.14286868e-02   0.0000
  1.27683871e-03   0.0000
  3.08282382e-04   0.0000
  3.69766238e-03   0.0000
 -8.67995769e-02   0.0000
  1.03171461e-03   0.0000
  1.54922843e-01   0.0000
  8.84863660e-02   0.0000
 -1.67597577e-01   0.0000
 -4.91728671e-02   0.0000
  4.53377105e-02   0.0000
 -9.21090040e-03   0.0000
 -3.71885188e-02   0.0000
 -7.15858415e-02   0.0000
 -8.43968615e-02   0.0000
  1.38238622e-02   0.0000
  1.69201761e-01   0.0000
 -7.36651048e-02   0.0000
  4.16613221e-02   0.0000
 -1.68679562e-05   0.0000
 -1.35745719e-01   0.0000
  4.10491705e-01   0.0000
 -5.20836711e-02   0.0000
 -1.34099126e-01   0.0000
 -4.84192967e-01   0.0000
 -6.40895143e-02   0.0000
  5.36292326e-03   0.0000
 -1.19844064e-01   0.0000
 -5.07681429e-01   0.0000
  1.01724409e-01   0.0000
  4.76148516e-01   0.0000
  5.89724898e-01   0.0000
 -5.19138634e-01   0.0000
 -7.39736557e-01   0.0000
  4.49477136e-01   0.0000
 -4.73755926e-01   0.0000
 -6.02175891e-01   0.0000
  2.27401182e-01   0.0000
  7.31733888e-02   0.0000
 -4.57741767e-01   0.0000
  6.62327528e-01   0.0000
  3.71078551e-01   0.0000
  5.74905574e-01   0.0000
 -3.60075093e-04   0.0000
  7.12196976e-02   0.0000
  2.75520891e-01   0.0000
 -2.94124968e-02   0.0000
 -9.32914764e-02   0.0000
 -2.93243468e-01   0.0000
 -8.16113800e-02   0.0000
 -1.51330707e-04   0.0000
 -1.08366780e-01   0.0000
 -3.56629848e-01   0.0000
  1.26876175e-01   0.0000
  5.32171547e-01   0.0000
  3.39524955e-01   0.0000
 -4.56074834e-01   0.0000
 -3.93433005e-01   0.0000
  3.71558607e-01   0.0000
 -2.70445466e-01   0.0000
 -4.13140208e-01   0.0000
  4.60056402e-02   0.0000
  1.95217167e-03   0.0000
 -2.83569664e-01   0.0000
  4.92851764e-01   0.0000
  2.50825405e-01   0.0000
  3.95891488e-01   0.0000
 -4.67340508e-03   0.0000
  2.56383196e-02   0.0000
 -5.99744655e-02   0.0000
  3.63936531e-03   0.0000
  1.54774720e-02   0.0000
  3.46568823e-02   0.0000
  2.46196110e-02   0.0000
  6.67672371e-03   0.0000
  1.04554873e-02   0.0000
  8.77884701e-02   0.0000
 -4.78492193e-02   0.0000
 -2.44937614e-01   0.0000
 -1.51469603e-01   0.0000
  1.71254158e-01   0.0000
  1.34831309e-01   0.0000
 -1.15928344e-01   0.0000
  1.24223474e-02   0.0000
  5.70362657e-02   0.0000
 -4.52579465e-03   0.0000
  4.08053622e-02   0.0000
  5.11331111e-02   0.0000
 -1.43384367e-01   0.0000
 -3.85143831e-02   0.0000
 -7.70697296e-02   0.0000
 -6.95835683e-04   0.0000
 -2.05721408e-02   0.0000
 -9.28531736e-02   0.0000
  9.94958356e-03   0.0000
  6.92907050e-02   0.0000
  9.89782512e-02   0.0000
 -2.09650137e-02   0.0000
 -1.04149338e-03   0.0000
  3.15449089e-02   0.0000
  1.35201812e-01   0.0000
 -3.24029289e-02   0.0000
 -7.28782639e-02   0.0000
 -1.01304062e-01   0.0000
  7.52673000e-02   0.0000
  4.09544781e-02   0.0000
 -1.37680411e-01   0.0000
  1.07617676e-01   0.0000
  1.55071959e-01   0.0000
 -2.82605216e-02   0.0000
 -6.31913990e-02   0.0000
  9.39539447e-02   0.0000
 -1.34741768e-01   0.0000
 -7.99645409e-02   0.0000
 -1.63842171e-01   0.0000
 -7.01961617e-05   0.0000
  9.17666629e-02   0.0000
 -6.22958876e-02   0.0000
  6.43909490e-03   0.0000
  1.88528001e-02   0.0000
  3.09095513e-02   0.0000
  1.73619110e-02   0.0000
  5.90429874e-03   0.0000
  4.56406735e-02   0.0000
  3.69911268e-02   0.0000
 -7.46837910e-03   0.0000
 -1.94484010e-01   0.0000
 -1.18623793e-01   0.0000
  1.47635013e-01   0.0000
  2.01589420e-01   0.0000
 -7.16690943e-02   0.0000
  1.14650875e-02   0.0000
  3.33313867e-02   0.0000
  1.01104761e-02   0.0000
  1.63139164e-04   0.0000
  4.75088544e-02   0.0000
 -1.49559423e-01   0.0000
 -4.39751185e-02   0.0000
 -3.95553559e-02   0.0000
  1.50704727e-04   0.0000
 -2.30320338e-02   0.0000
  6.05150342e-01   0.0000
 -2.64224987e-02   0.0000
 -3.60877216e-01   0.0000
 -6.02448463e-01   0.0000
 -3.45188789e-02   0.0000
 -2.80360058e-02   0.0000
 -1.87212024e-02   0.0000
 -8.51559520e-01   0.0000
  3.02244067e-01   0.0000
  4.36900765e-01   0.0000
  8.81499529e-01   0.0000
 -1.07149255e+00   0.0000
 -1.54985368e+00   0.0000
  9.10456359e-01   0.0000
 -6.72184527e-01   0.0000
 -1.07487965e+00   0.0000
  2.44150713e-01   0.0000
  1.76471442e-01   0.0000
 -6.20221853e-01   0.0000
  8.28225493e-01   0.0000
  6.26150668e-01   0.0000
  1.16942430e+00   0.0000
  3.75830010e-02   0.0000
 -1.60564137e+00   0.0000
  9.40592885e-02   0.0000
 -3.01148836e-02   0.0000
 -3.60528454e-02   0.0000
 -1.26674339e-01   0.0000
 -2.01400719e-03   0.0000
  2.07470469e-02   0.0000
 -4.41693440e-02   0.0000
 -1.21840373e-01   0.0000
  1.66441202e-02   0.0000
  1.45691052e-01   0.0000
 -2.51107067e-01   0.0000
 -2.24770993e-01   0.0000
  6.52725697e-01   0.0000
  1.05992362e-01   0.0000
 -7.23166764e-02   0.0000
 -9.97214764e-02   0.0000
  2.03166008e-02   0.0000
 -1.53742381e-03   0.0000
 -1.21340722e-01   0.0000
 -6.74792901e-02   0.0000
  1.01858772e-01   0.0000
  1.73500419e-01   0.0000
  6.09975657e-04   0.0000
  1.24573672e+00   0.0000
  2.12326467e-01   0.0000
 -3.70533466e-02   0.0000
 -7.07324371e-02   0.0000
 -2.64671206e-01   0.0000
 -1.21822522e-03   0.0000
  3.87031473e-02   0.0000
 -5.90613596e-02   0.0000
 -3.76607358e-01   0.0000
  5.91551028e-02   0.0000
  3.67626637e-01   0.0000
  6.77481964e-02   0.0000
 -5.98243058e-01   0.0000
 -1.33527339e-01   0.0000
  4.37424779e-01   0.0000
 -2.75298804e-01   0.0000
 -5.19827962e-01   0.0000
  7.86597878e-02   0.0000
  1.29202874e-02   0.0000
 -2.45589867e-01   0.0000
  2.29808226e-01   0.0000
  2.36196905e-01   0.0000
  5.14749408e-01   0.0000
  1.81656040e-04   0.0000
 -2.21814007e-01   0.0000
  7.56715238e-02   0.0000
 -2.05554962e-02   0.0000
 -2.71169618e-02   0.0000
 -1.83888808e-01   0.0000
 -3.31574562e-03   0.0000
  1.22514355e-03   0.0000
 -2.53367983e-03   0.0000
 -1.13100469e-01   0.0000
  2.81469198e-03   0.0000
  4.84619811e-02   0.0000
  7.22599268e-01   0.0000
 -1.18885919e-01   0.0000
 -1.32472396e+00   0.0000
  1.50174350e-01   0.0000
 -1.21662654e-01   0.0000
 -1.87753692e-01   0.0000
 -5.01119124e-04   0.0000
 -2.13842519e-04   0.0000
 -9.41482335e-02   0.0000
  4.87901449e-01   0.0000
  9.18473974e-02   0.0000
  3.07853699e-01   0.0000
 -6.38041645e-04   0.0000
 -2.86412311e+00   0.0000
 -4.01070854e-03   0.0000
 -2.55168434e-02   0.0000
  7.24735111e-02   0.0000
 -8.45097229e-02   0.0000
 -2.03285716e-03   0.0000
 -1.16060104e-03   0.0000
 -3.08789629e-02   0.0000
  3.99813354e-02   0.0000
  5.77575825e-02   0.0000
  1.63313851e-01   0.0000
 -2.31633678e-01   0.0000
  2.60117203e-01   0.0000
  9.00070310e-01   0.0000
 -1.89939916e-01   0.0000
  2.59433351e-02   0.0000
  1.28982574e-01   0.0000
  3.31983045e-02   0.0000
 -7.54505321e-02   0.0000
  2.15015700e-03   0.0000
  3.25258635e-02   0.0000
 -1.66391343e-01   0.0000
 -1.66742444e-01   0.0000
 -4.20399359e-04   0.0000
  1.24116373e+00   0.0000
  9.77114514e-02   0.0000
  9.19404789e-04   0.0000
 -1.53271360e-02   0.0000
 -9.09568295e-02   0.0000
  2.67675496e-03   0.0000
 -9.42188222e-03   0.0000
 -8.87152087e-03   0.0000
 -2.95468032e-01   0.0000
  2.15980727e-02   0.0000
  3.61590385e-01   0.0000
  5.58329165e-01   0.0000
 -5.67127049e-01   0.0000
 -2.67350078e-01   0.0000
  2.99936235e-01   0.0000
 -9.79505181e-02   0.0000
 -2.74712741e-01   0.0000
 -8.41984898e-03   0.0000
 -1.54471630e-03   0.0000
 -8.31044689e-02   0.0000
  4.19461757e-01   0.0000
  9.47322175e-02   0.0000
  2.78237075e-01   0.0000
 -8.18170520e-06   0.0000
 -6.43742800e-01   0.0000
  3.32289606e-01   0.0000
 -6.46370947e-02   0.0000
 -1.37900934e-01   0.0000
 -3.08424711e-01   0.0000
 -1.56990960e-01   0.0000
 -6.77451640e-02   0.0000
 -1.30727172e-01   0.0000
 -5.25308132e-01   0.0000
  1.75805539e-01   0.0000
  6.74211144e-01   0.0000
  5.02383828e-01   0.0000
 -6.73252523e-01   0.0000
 -4.09444481e-01   0.0000
  4.81222719e-01   0.0000
 -2.50756979e-01   0.0000
 -4.49048579e-01   0.0000
  9.71553568e-03   0.0000
 -1.72919016e-02   0.0000
 -2.52645701e-01   0.0000
  5.67978740e-01   0.0000
  2.89014578e-01   0.0000
  4.45581943e-01   0.0000
 -2.54002139e-02   0.0000
  1.11486048e-01   0.0000
  1.72893560e+00   0.0000
 -4.27839518e-01   0.0000
 -7.10241437e-01   0.0000
 -1.95694005e+00   0.0000
 -3.91592562e-01   0.0000
  5.05509786e-02   0.0000
 -7.13333607e-01   0.0000
 -2.55575657e+00   0.0000
  6.70932412e-01   0.0000
  2.50615931e+00   0.0000
  2.85048890e+00   0.0000
 -3.28035164e+00   0.0000
 -4.60398531e+00   0.0000
  2.62955785e+00   0.0000
 -1.85943258e+00   0.0000
 -3.14412975e+00   0.0000
  6.32329345e-01   0.0000
  6.75668046e-02   0.0000
 -1.92837095e+00   0.0000
  2.90778160e+00   0.0000
  1.73649812e+00   0.0000
  3.17680693e+00   0.0000
  1.10733607e-04   0.0000
 -6.84099865e+00   0.0000
  0.00000000e+00   0.0000

