11.612160 0.065910
11.641578 0.065909
11.671046 0.065907
11.700563 0.065906
11.730130 0.065904
11.759747 0.065903
11.789414 0.065901
11.819131 0.065900
11.848897 0.065899
11.878713 0.065897
11.908580 0.065896
11.938496 0.065894
11.968463 0.065893
11.998479 0.065891
12.028546 0.065890
12.058663 0.065889
12.088830 0.065887
12.119047 0.065886
12.149315 0.065884
12.179633 0.065883
12.210002 0.065881
12.240421 0.065880
12.270890 0.065879
12.301410 0.065877
12.331980 0.065876
12.362601 0.065874
12.393273 0.065873
12.423995 0.065871
12.454769 0.065870
12.485593 0.065869
12.516467 0.065867
12.547393 0.065866
12.578369 0.065864
12.609397 0.065863
12.640475 0.065861
12.671605 0.065860
12.702785 0.065859
12.734017 0.065857
12.765299 0.065856
12.796633 0.065854
12.828019 0.065853
12.859455 0.065851
12.890943 0.065850
12.922482 0.065849
12.954072 0.065847
12.985714 0.065846
13.017408 0.065844
13.049153 0.065843
13.080949 0.065841
13.112798 0.065840
13.144697 0.065838
13.176649 0.065837
13.208652 0.065836
13.240707 0.065834
13.272814 0.065833
13.304973 0.065831
13.337183 0.065830
13.369446 0.065828
13.401760 0.065827
13.434127 0.065825
13.466546 0.065824
13.499016 0.065822
13.531539 0.065821
13.564114 0.065819
13.596742 0.065818
13.629421 0.065816
13.662153 0.065815
13.694937 0.065813
13.727774 0.065812
13.760663 0.065810
13.793605 0.065809
13.826599 0.065807
13.859646 0.065806
13.892745 0.065805
13.925897 0.065803
13.959102 0.065802
13.992359 0.065800
14.025670 0.065799
14.059033 0.065797
14.092449 0.065796
14.125917 0.065794
14.159439 0.065793
14.193014 0.065791
14.226642 0.065790
14.260323 0.065788
14.294057 0.065786
14.327844 0.065785
14.361684 0.065783
14.395578 0.065782
14.429525 0.065780
14.463525 0.065779
14.497578 0.065777
14.531685 0.065776
14.565846 0.065774
14.600060 0.065773
14.634327 0.065771
14.668648 0.065770
14.703023 0.065768
14.737451 0.065767
14.771933 0.065765
14.806469 0.065764
14.841059 0.065762
14.875702 0.065761
14.910399 0.065759
14.945150 0.065758
14.979955 0.065756
15.014815 0.065755
15.049728 0.065753
15.084695 0.065752
15.119716 0.065750
15.154792 0.065749
15.189921 0.065747
15.225105 0.065746
15.260344 0.065744
15.295636 0.065743
15.330983 0.065741
15.366385 0.065740
15.401840 0.065738
15.437351 0.065737
15.472916 0.065736
15.508535 0.065734
15.544209 0.065733
15.579938 0.065731
15.615721 0.065730
15.651559 0.065728
15.687452 0.065727
15.723400 0.065725
15.759403 0.065724
15.795461 0.065722
15.831573 0.065721
15.867741 0.065719
15.903963 0.065718
15.940241 0.065717
15.976574 0.065715
16.012962 0.065714
16.049405 0.065712
16.085903 0.065711
16.122457 0.065709
16.159066 0.065708
16.195731 0.065707
16.232450 0.065705
16.269226 0.065704
16.306057 0.065702
16.342943 0.065701
16.379885 0.065700
16.416882 0.065698
16.453936 0.065697
16.491045 0.065696
16.528209 0.065694
16.565430 0.065693
16.602706 0.065691
16.640038 0.065690
16.677427 0.065689
16.714871 0.065687
16.752371 0.065686
16.789927 0.065685
16.827539 0.065683
16.865208 0.065682
16.902932 0.065681
16.940713 0.065679
16.978550 0.065678
17.016443 0.065677
17.054393 0.065675
17.092399 0.065674
17.130461 0.065673
17.168580 0.065671
17.206756 0.065670
17.244988 0.065669
17.283276 0.065668
17.321621 0.065666
17.360023 0.065665
17.398482 0.065664
17.436997 0.065662
17.475569 0.065661
17.514198 0.065660
17.552884 0.065659
17.591627 0.065657
17.630427 0.065656
17.669284 0.065655
17.708197 0.065654
17.747168 0.065652
17.786196 0.065651
17.825282 0.065650
17.864424 0.065649
17.903624 0.065647
17.942881 0.065646
17.982195 0.065645
18.021567 0.065644
18.060996 0.065642
18.100483 0.065641
18.140027 0.065640
18.179628 0.065639
18.219288 0.065638
18.259005 0.065636
18.298779 0.065635
18.338612 0.065634
18.378502 0.065633
18.418450 0.065632
18.458455 0.065630
18.498519 0.065629
18.538641 0.065628
18.578820 0.065627
18.619058 0.065626
18.659353 0.065624
18.699707 0.065623
18.740119 0.065622
18.780589 0.065621
18.821117 0.065620
18.861703 0.065618
18.902348 0.065617
18.943051 0.065616
18.983813 0.065615
19.024633 0.065614
19.065511 0.065613
19.106448 0.065611
19.147444 0.065610
19.188498 0.065609
19.229611 0.065608
19.270782 0.065607
19.312012 0.065605
19.353301 0.065604
19.394649 0.065603
19.436056 0.065602
19.477521 0.065601
19.519045 0.065600
19.560629 0.065598
19.602271 0.065597
19.643973 0.065596
19.685733 0.065595
19.727553 0.065594
19.769432 0.065593
19.811370 0.065591
19.853367 0.065590
19.895424 0.065589
19.937540 0.065588
19.979716 0.065587
20.021951 0.065586
20.064245 0.065584
20.106599 0.065583
20.149012 0.065582
20.191485 0.065581
20.234018 0.065580
20.276610 0.065578
20.319262 0.065577
20.361974 0.065576
20.404746 0.065575
20.447578 0.065574
20.490469 0.065573
20.533420 0.065571
20.576432 0.065570
20.619503 0.065569
20.662635 0.065568
20.705826 0.065567
20.749078 0.065565
20.792390 0.065564
20.835762 0.065563
20.879194 0.065562
20.922687 0.065560
20.966240 0.065559
21.009854 0.065558
21.053527 0.065557
21.097262 0.065556
21.141057 0.065554
21.184912 0.065553
21.228828 0.065552
21.272805 0.065551
21.316843 0.065549
21.360941 0.065548
21.405100 0.065547
21.449319 0.065546
21.493600 0.065544
21.537942 0.065543
21.582344 0.065542
21.626807 0.065541
21.671332 0.065539
21.715917 0.065538
21.760564 0.065537
21.805272 0.065536
21.850041 0.065534
21.894871 0.065533
21.939763 0.065532
21.984715 0.065531
22.029730 0.065529
22.074805 0.065528
22.119942 0.065527
22.165141 0.065525
22.210401 0.065524
22.255723 0.065523
22.301106 0.065521
22.346551 0.065520
22.392057 0.065519
22.437626 0.065518
22.483256 0.065516
22.528948 0.065515
22.574701 0.065514
22.620517 0.065512
22.666395 0.065511
22.712334 0.065510
22.758336 0.065508
22.804400 0.065507
22.850526 0.065506
22.896714 0.065504
22.942964 0.065503
22.989276 0.065501
23.035651 0.065500
23.082088 0.065499
23.128587 0.065497
23.175149 0.065496
23.221774 0.065495
23.268460 0.065493
23.315210 0.065492
23.362021 0.065490
23.408896 0.065489
23.455833 0.065488
23.502833 0.065486
23.549896 0.065485
23.597021 0.065483
23.644209 0.065482
23.691460 0.065481
23.738774 0.065479
23.786151 0.065478
23.833591 0.065476
23.881094 0.065475
23.928660 0.065474
23.976289 0.065472
24.023982 0.065471
24.071737 0.065469
24.119556 0.065468
24.167438 0.065466
24.215383 0.065465
24.263392 0.065464
24.311464 0.065462
24.359600 0.065461
24.407799 0.065459
24.456062 0.065458
24.504388 0.065456
24.552778 0.065455
24.601231 0.065453
24.649748 0.065452
24.698329 0.065450
24.746974 0.065449
24.795683 0.065448
24.844455 0.065446
24.893291 0.065445
24.942192 0.065443
24.991156 0.065442
25.040184 0.065440
25.089277 0.065439
25.138433 0.065437
25.187654 0.065436
25.236939 0.065434
25.286288 0.065433
25.335702 0.065431
25.385180 0.065430
25.434722 0.065428
25.484328 0.065427
25.534000 0.065425
25.583735 0.065424
25.633535 0.065422
25.683400 0.065421
25.733329 0.065419
25.783323 0.065418
25.833382 0.065416
25.883505 0.065415
25.933694 0.065413
25.983947 0.065412
26.034265 0.065410
26.084647 0.065409
26.135095 0.065407
26.185608 0.065406
26.236186 0.065404
26.286829 0.065403
26.337537 0.065401
26.388310 0.065400
26.439149 0.065398
26.490052 0.065397
26.541021 0.065395
26.592056 0.065394
26.643156 0.065392
26.694321 0.065391
26.745551 0.065389
26.796847 0.065388
26.848209 0.065386
26.899636 0.065385
26.951129 0.065383
27.002688 0.065382
27.054312 0.065380
27.106002 0.065379
27.157758 0.065377
27.209580 0.065376
27.261467 0.065374
27.313421 0.065373
27.365440 0.065371
27.417525 0.065369
27.469677 0.065368
27.521895 0.065366
27.574178 0.065365
27.626528 0.065364
27.678944 0.065362
27.731427 0.065361
27.783975 0.065359
27.836590 0.065358
27.889272 0.065356
27.942019 0.065355
27.994834 0.065353
28.047714 0.065352
28.100662 0.065350
28.153676 0.065349
28.206756 0.065347
28.259904 0.065346
28.313118 0.065344
28.366398 0.065343
28.419746 0.065341
28.473160 0.065340
28.526641 0.065338
28.580190 0.065337
28.633805 0.065335
28.687487 0.065334
28.741236 0.065332
28.795052 0.065331
28.848936 0.065330
28.902886 0.065328
28.956904 0.065327
29.010989 0.065325
29.065142 0.065324
29.119362 0.065322
29.173649 0.065321
29.228003 0.065319
29.282425 0.065318
29.336915 0.065317
29.391472 0.065315
29.446097 0.065314
29.500789 0.065312
29.555549 0.065311
29.610377 0.065309
29.665272 0.065308
29.720236 0.065307
29.775267 0.065305
29.830366 0.065304
29.885533 0.065302
29.940768 0.065301
29.996071 0.065300
30.051442 0.065298
30.106881 0.065297
30.162388 0.065296
30.217964 0.065294
30.273607 0.065293
30.329319 0.065291
30.385100 0.065290
30.440948 0.065289
30.496865 0.065287
30.552851 0.065286
30.608905 0.065285
30.665027 0.065283
30.721218 0.065282
30.777478 0.065281
30.833806 0.065279
30.890203 0.065278
30.946668 0.065277
31.003203 0.065275
31.059806 0.065274
31.116478 0.065273
31.173219 0.065272
31.230029 0.065270
31.286908 0.065269
31.343856 0.065268
31.400873 0.065266
31.457959 0.065265
31.515114 0.065264
31.572338 0.065263
31.629632 0.065261
31.686995 0.065260
31.744427 0.065259
31.801929 0.065258
31.859500 0.065256
31.917140 0.065255
31.974850 0.065254
32.032629 0.065253
32.090478 0.065251
32.148397 0.065250
32.206385 0.065249
32.264443 0.065248
32.322571 0.065247
32.380768 0.065245
32.439036 0.065244
32.497373 0.065243
32.555780 0.065242
32.614257 0.065241
32.672803 0.065240
32.731420 0.065238
32.790107 0.065237
32.848865 0.065236
32.907692 0.065235
32.966589 0.065234
33.025557 0.065233
33.084595 0.065232
33.143703 0.065230
33.202882 0.065229
33.262131 0.065228
33.321450 0.065227
33.380840 0.065226
33.440301 0.065225
33.499832 0.065224
33.559434 0.065223
33.619106 0.065222
33.678849 0.065221
33.738663 0.065220
33.798547 0.065218
33.858503 0.065217
33.918529 0.065216
33.978626 0.065215
34.038794 0.065214
34.099033 0.065213
34.159343 0.065212
34.219724 0.065211
34.280177 0.065210
34.340700 0.065209
34.401295 0.065208
34.461961 0.065207
34.522698 0.065206
34.583506 0.065205
34.644386 0.065204
34.705337 0.065203
34.766360 0.065202
34.827454 0.065201
34.888620 0.065201
34.949857 0.065200
35.011166 0.065199
35.072546 0.065198
35.133999 0.065197
35.195523 0.065196
35.257118 0.065195
35.318786 0.065194
35.380525 0.065193
35.442337 0.065192
35.504220 0.065191
35.566175 0.065191
35.628203 0.065190
35.690302 0.065189
35.752474 0.065188
35.814717 0.065187
35.877033 0.065186
35.939421 0.065185
36.001882 0.065185
36.064415 0.065184
36.127020 0.065183
36.189697 0.065182
36.252447 0.065181
36.315270 0.065181
36.378165 0.065180
36.441132 0.065179
36.504172 0.065178
36.567285 0.065177
36.630471 0.065177
36.693729 0.065176
36.757060 0.065175
36.820464 0.065174
36.883941 0.065174
36.947491 0.065173
37.011113 0.065172
37.074809 0.065171
37.138578 0.065171
37.202419 0.065170
37.266334 0.065169
37.330322 0.065169
37.394384 0.065168
37.458518 0.065167
37.522726 0.065167
37.587007 0.065166
37.651362 0.065165
37.715789 0.065165
37.780291 0.065164
37.844866 0.065163
37.909514 0.065163
37.974236 0.065162
38.039032 0.065161
38.103901 0.065161
38.168844 0.065160
38.233861 0.065160
38.298951 0.065159
38.364116 0.065158
38.429354 0.065158
38.494666 0.065157
38.560052 0.065157
38.625512 0.065156
38.691046 0.065156
38.756655 0.065155
38.822337 0.065154
38.888093 0.065154
38.953924 0.065153
39.019829 0.065153
39.085808 0.065152
39.151862 0.065152
39.217990 0.065151
39.284192 0.065151
39.350469 0.065150
39.416821 0.065150
39.483247 0.065149
39.549747 0.065149
39.616322 0.065148
39.682972 0.065148
39.749697 0.065148
39.816496 0.065147
39.883370 0.065147
39.950319 0.065146
40.017343 0.065146
40.084441 0.065145
40.151615 0.065145
40.218864 0.065145
40.286187 0.065144
40.353586 0.065144
40.421060 0.065143
40.488609 0.065143
40.556233 0.065143
40.623933 0.065142
40.691708 0.065142
40.759558 0.065141
40.827484 0.065141
40.895485 0.065141
40.963561 0.065140
41.031713 0.065140
41.099941 0.065140
41.168244 0.065139
41.236623 0.065139
41.305077 0.065139
41.373607 0.065138
41.442213 0.065138
41.510895 0.065138
41.579652 0.065138
41.648486 0.065137
41.717395 0.065137
41.786381 0.065137
41.855442 0.065136
41.924579 0.065136
41.993793 0.065136
42.063082 0.065136
42.132448 0.065135
42.201890 0.065135
42.271408 0.065135
42.341003 0.065135
42.410674 0.065135
42.480421 0.065134
42.550245 0.065134
42.620145 0.065134
42.690122 0.065134
42.760175 0.065134
42.830305 0.065133
42.900511 0.065133
42.970795 0.065133
43.041155 0.065133
43.111591 0.065133
43.182105 0.065132
43.252695 0.065132
43.323362 0.065132
43.394106 0.065132
43.464927 0.065132
43.535826 0.065132
43.606801 0.065132
43.677853 0.065132
43.748982 0.065131
43.820189 0.065131
43.891473 0.065131
43.962834 0.065131
44.034272 0.065131
44.105788 0.065131
44.177381 0.065131
44.249052 0.065131
44.320800 0.065131
44.392625 0.065131
44.464528 0.065131
44.536509 0.065131
44.608567 0.065130
44.680703 0.065130
44.752917 0.065130
44.825209 0.065130
44.897578 0.065130
44.970025 0.065130
45.042550 0.065130
45.115153 0.065130
45.187834 0.065130
45.260593 0.065130
45.333430 0.065130
45.406345 0.065130
45.479339 0.065130
45.552410 0.065130
45.625560 0.065130
45.698788 0.065130
45.772094 0.065130
45.845479 0.065130
45.918942 0.065130
45.992483 0.065130
46.066103 0.065130
46.139802 0.065130
46.213579 0.065131
46.287434 0.065131
46.361369 0.065131
46.435382 0.065131
46.509473 0.065131
46.583644 0.065131
46.657893 0.065131
46.732221 0.065131
46.806628 0.065131
46.881114 0.065131
46.955679 0.065131
47.030323 0.065131
47.105046 0.065132
47.179848 0.065132
47.254730 0.065132
47.329690 0.065132
47.404730 0.065132
47.479849 0.065132
47.555047 0.065132
47.630325 0.065132
47.705682 0.065133
47.781118 0.065133
47.856634 0.065133
47.932230 0.065133
48.007905 0.065133
48.083660 0.065133
48.159494 0.065133
48.235408 0.065134
48.311402 0.065134
48.387475 0.065134
48.463629 0.065134
48.539862 0.065134
48.616175 0.065135
48.692568 0.065135
48.769041 0.065135
48.845594 0.065135
48.922227 0.065135
48.998941 0.065136
49.075734 0.065136
49.152608 0.065136
49.229561 0.065136
49.306595 0.065136
49.383710 0.065137
49.460905 0.065137
49.538180 0.065137
49.615536 0.065137
49.692972 0.065138
49.770488 0.065138
49.848086 0.065138
49.925763 0.065138
50.003522 0.065138
50.081361 0.065139
50.159281 0.065139
50.237282 0.065139
50.315363 0.065140
50.393526 0.065140
50.471769 0.065140
50.550093 0.065140
50.628498 0.065141
50.706985 0.065141
50.785552 0.065141
50.864201 0.065141
50.942930 0.065142
51.021741 0.065142
51.100633 0.065142
51.179606 0.065143
51.258661 0.065143
51.337797 0.065143
51.417014 0.065144
51.496313 0.065144
51.575694 0.065144
51.655156 0.065144
51.734699 0.065145
51.814324 0.065145
51.894031 0.065145
51.973819 0.065146
52.053690 0.065146
52.133642 0.065146
52.213675 0.065147
52.293791 0.065147
52.373989 0.065147
52.454268 0.065148
52.534630 0.065148
52.615073 0.065148
52.695599 0.065149
52.776207 0.065149
52.856897 0.065149
52.937669 0.065150
53.018523 0.065150
53.099460 0.065151
53.180479 0.065151
53.261580 0.065151
53.342764 0.065152
53.424030 0.065152
53.505379 0.065152
53.586810 0.065153
53.668324 0.065153
53.749921 0.065153
53.831600 0.065154
53.913362 0.065154
53.995206 0.065155
54.077134 0.065155
54.159144 0.065155
54.241237 0.065156
54.323413 0.065156
54.405672 0.065156
54.488014 0.065157
54.570439 0.065157
54.652947 0.065158
54.735538 0.065158
54.818212 0.065158
54.900970 0.065159
54.983811 0.065159
55.066735 0.065160
55.149742 0.065160
55.232833 0.065160
55.316007 0.065161
55.399265 0.065161
55.482606 0.065162
55.566031 0.065162
55.649539 0.065162
55.733131 0.065163
55.816807 0.065163
55.900566 0.065164
55.984409 0.065164
56.068336 0.065164
56.152347 0.065165
56.236441 0.065165
56.320620 0.065166
56.404882 0.065166
56.489229 0.065167
56.573659 0.065167
56.658174 0.065167
56.742773 0.065168
56.827455 0.065168
56.912223 0.065169
56.997074 0.065169
57.082010 0.065169
57.167030 0.065170
57.252134 0.065170
57.337323 0.065171
57.422596 0.065171
57.507954 0.065172
57.593396 0.065172
57.678923 0.065172
57.764534 0.065173
57.850231 0.065173
57.936012 0.065174
58.021877 0.065174
58.107828 0.065175
58.193863 0.065175
58.279983 0.065175
58.366188 0.065176
58.452478 0.065176
58.538853 0.065177
58.625314 0.065177
58.711859 0.065178
58.798489 0.065178
58.885205 0.065178
58.972005 0.065179
59.058891 0.065179
59.145863 0.065180
59.232919 0.065180
59.320061 0.065180
59.407289 0.065181
59.494602 0.065181
59.582000 0.065182
59.669484 0.065182
59.757054 0.065183
59.844709 0.065183
59.932450 0.065183
60.020276 0.065184
60.108189 0.065184
60.196187 0.065185
60.284271 0.065185
60.372441 0.065185
60.460697 0.065186
60.549038 0.065186
60.637466 0.065187
60.725980 0.065187
60.814580 0.065188
60.903266 0.065188
60.992038 0.065188
61.080897 0.065189
61.169842 0.065189
61.258873 0.065190
61.347990 0.065190
61.437194 0.065190
61.526484 0.065191
61.615861 0.065191
61.705324 0.065192
61.794874 0.065192
61.884510 0.065192
61.974233 0.065193
62.064043 0.065193
62.153939 0.065194
62.243922 0.065194
62.333992 0.065194
62.424149 0.065195
62.514393 0.065195
62.604724 0.065195
62.695141 0.065196
62.785646 0.065196
62.876238 0.065197
62.966916 0.065197
63.057682 0.065197
63.148535 0.065198
63.239476 0.065198
63.330503 0.065199
63.421618 0.065199
63.512821 0.065199
63.604110 0.065200
63.695487 0.065200
63.786952 0.065200
63.878504 0.065201
63.970144 0.065201
64.061871 0.065201
64.153686 0.065202
64.245588 0.065202
64.337579 0.065203
64.429657 0.065203
64.521823 0.065203
64.614076 0.065204
64.706418 0.065204
64.798848 0.065204
64.891365 0.065205
64.983971 0.065205
65.076664 0.065205
65.169446 0.065206
65.262316 0.065206
65.355274 0.065206
65.448320 0.065207
65.541455 0.065207
65.634678 0.065207
65.727989 0.065208
65.821389 0.065208
65.914877 0.065208
66.008453 0.065209
66.102118 0.065209
66.195872 0.065209
66.289714 0.065210
66.383645 0.065210
66.477665 0.065210
66.571773 0.065210
66.665970 0.065211
66.760256 0.065211
66.854631 0.065211
66.949095 0.065212
67.043647 0.065212
67.138289 0.065212
67.233019 0.065213
67.327839 0.065213
67.422748 0.065213
67.517746 0.065213
67.612833 0.065214
67.708009 0.065214
67.803275 0.065214
67.898630 0.065214
67.994074 0.065215
68.089608 0.065215
68.185231 0.065215
68.280944 0.065216
68.376746 0.065216
68.472638 0.065216
68.568619 0.065216
68.664690 0.065217
68.760851 0.065217
68.857101 0.065217
68.953441 0.065217
69.049872 0.065218
69.146391 0.065218
69.243001 0.065218
69.339701 0.065218
69.436491 0.065219
69.533370 0.065219
69.630340 0.065219
69.727400 0.065219
69.824550 0.065219
69.921791 0.065220
70.019121 0.065220
70.116542 0.065220
70.214053 0.065220
70.311655 0.065221
70.409347 0.065221
70.507129 0.065221
70.605002 0.065221
70.702965 0.065221
70.801019 0.065222
70.899164 0.065222
70.997399 0.065222
71.095725 0.065222
71.194142 0.065222
71.292649 0.065223
71.391247 0.065223
71.489936 0.065223
71.588716 0.065223
71.687587 0.065223
71.786549 0.065224
71.885602 0.065224
71.984747 0.065224
72.083982 0.065224
72.183308 0.065224
72.282726 0.065224
72.382235 0.065225
72.481835 0.065225
72.581526 0.065225
72.681309 0.065225
72.781183 0.065225
72.881149 0.065225
72.981206 0.065226
73.081355 0.065226
73.181595 0.065226
73.281927 0.065226
73.382350 0.065226
73.482866 0.065226
73.583473 0.065226
73.684171 0.065227
73.784962 0.065227
73.885844 0.065227
73.986819 0.065227
74.087885 0.065227
74.189044 0.065227
74.290294 0.065227
74.391636 0.065228
74.493071 0.065228
74.594598 0.065228
74.696217 0.065228
74.797928 0.065228
74.899731 0.065228
75.001627 0.065228
75.103615 0.065228
75.205696 0.065229
75.307869 0.065229
75.410135 0.065229
75.512493 0.065229
75.614944 0.065229
75.717487 0.065229
75.820123 0.065229
75.922851 0.065229
76.025673 0.065229
76.128587 0.065229
76.231594 0.065230
76.334694 0.065230
76.437887 0.065230
76.541173 0.065230
76.644552 0.065230
76.748023 0.065230
76.851588 0.065230
76.955246 0.065230
77.058998 0.065230
77.162842 0.065230
77.266780 0.065230
77.370811 0.065231
77.474935 0.065231
77.579153 0.065231
77.683464 0.065231
77.787869 0.065231
77.892367 0.065231
77.996958 0.065231
78.101644 0.065231
78.206422 0.065231
78.311295 0.065231
78.416261 0.065231
78.521321 0.065231
78.626475 0.065231
78.731722 0.065231
78.837064 0.065232
78.942499 0.065232
79.048029 0.065232
79.153652 0.065232
79.259370 0.065232
79.365181 0.065232
79.471087 0.065232
79.577087 0.065232
79.683181 0.065232
79.789369 0.065232
79.895651 0.065232
80.002028 0.065232
80.108500 0.065232
80.215065 0.065232
80.321726 0.065232
80.428480 0.065232
80.535330 0.065232
80.642273 0.065232
80.749312 0.065232
80.856445 0.065232
80.963673 0.065233
81.070996 0.065233
81.178413 0.065233
81.285925 0.065233
81.393532 0.065233
81.501235 0.065233
81.609032 0.065233
81.716924 0.065233
81.824911 0.065233
81.932993 0.065233
82.041170 0.065233
82.149443 0.065233
82.257811 0.065233
82.366274 0.065233
82.474832 0.065233
82.583485 0.065233
82.692235 0.065233
82.801079 0.065233
82.910019 0.065233
83.019054 0.065233
83.128185 0.065233
83.237412 0.065233
83.346734 0.065233
83.456152 0.065233
83.565666 0.065233
83.675275 0.065233
83.784980 0.065233
83.894781 0.065233
84.004678 0.065233
84.114671 0.065233
84.224760 0.065233
84.334945 0.065233
84.445226 0.065233
84.555603 0.065233
84.666076 0.065233
84.776645 0.065233
84.887311 0.065233
84.998072 0.065233
85.108931 0.065233
85.219885 0.065233
85.330936 0.065233
85.442083 0.065233
85.553327 0.065233
85.664667 0.065233
85.776104 0.065234
85.887637 0.065234
85.999267 0.065234
86.110994 0.065234
86.222818 0.065234
86.334738 0.065234
86.446755 0.065234
86.558869 0.065234
86.671080 0.065234
86.783387 0.065234
86.895792 0.065234
87.008294 0.065234
87.120893 0.065234
87.233589 0.065234
87.346382 0.065234
87.459272 0.065234
87.572259 0.065234
87.685344 0.065234
87.798526 0.065234
87.911805 0.065234
88.025182 0.065234
88.138656 0.065234
88.252228 0.065234
88.365897 0.065234
88.479664 0.065234
88.593529 0.065234
88.707491 0.065234
88.821550 0.065234
88.935708 0.065234
89.049963 0.065234
89.164316 0.065234
89.278767 0.065234
89.393316 0.065234
89.507962 0.065234
89.622707 0.065234
89.737550 0.065234
89.852491 0.065234
89.967529 0.065234
90.082667 0.065234
90.197902 0.065234
90.313235 0.065234
90.428667 0.065234
90.544197 0.065234
90.659825 0.065234
90.775552 0.065234
90.891377 0.065234
91.007301 0.065234
91.123324 0.065234
91.239444 0.065234
91.355664 0.065234
91.471982 0.065234
91.588399 0.065234
91.704914 0.065234
91.821528 0.065234
91.938242 0.065234
92.055054 0.065234
92.171964 0.065234
92.288974 0.065234
92.406083 0.065234
92.523291 0.065234
92.640598 0.065234
92.758004 0.065234
92.875509 0.065234
92.993113 0.065234
93.110817 0.065234
93.228620 0.065234
93.346522 0.065234
93.464523 0.065234
93.582624 0.065234
93.700825 0.065234
93.819125 0.065234
93.937524 0.065234
94.056023 0.065234
94.174622 0.065234
94.293320 0.065234
94.412118 0.065234
94.531016 0.065234
94.650013 0.065234
94.769110 0.065234
94.888308 0.065234
95.007605 0.065234
95.127002 0.065234
95.246499 0.065234
95.366096 0.065234
95.485793 0.065234
95.605590 0.065234
95.725487 0.065234
95.845485 0.065234
95.965583 0.065234
96.085781 0.065234
96.206079 0.065234
96.326478 0.065234
96.446977 0.065234
96.567577 0.065234
96.688277 0.065234
96.809078 0.065234
96.929979 0.065234
97.050981 0.065234
97.172083 0.065234
97.293287 0.065234
97.414591 0.065234
97.535995 0.065234
97.657501 0.065234
97.779107 0.065234
97.900815 0.065234
98.022623 0.065234
98.144532 0.065234
98.266543 0.065234
98.388654 0.065234
98.510867 0.065234
98.633180 0.065234
98.755595 0.065234
98.878112 0.065234
99.000729 0.065234
99.123448 0.065234
99.246268 0.065234
99.369189 0.065234
99.492212 0.065234
99.615337 0.065234
99.738563 0.065234
99.861891 0.065234
99.985320 0.065234
100.108851 0.065234
100.232483 0.065234
100.356218 0.065234
100.480054 0.065234
100.603992 0.065234
100.728032 0.065234
100.852174 0.065234
100.976417 0.065234
101.100763 0.065234
101.225211 0.065234
101.349761 0.065234
101.474413 0.065234
101.599167 0.065233
101.724023 0.065233
101.848982 0.065233
101.974043 0.065233
102.099206 0.065233
102.224471 0.065233
102.349839 0.065233
102.475310 0.065233
102.600883 0.065233
102.726558 0.065233
102.852336 0.065233
102.978217 0.065233
103.104201 0.065233
103.230287 0.065233
103.356476 0.065233
103.482767 0.065233
103.609162 0.065233
103.735659 0.065233
103.862259 0.065233
103.988963 0.065233
104.115769 0.065233
104.242678 0.065233
104.369690 0.065233
104.496806 0.065233
104.624025 0.065233
104.751347 0.065233
104.878772 0.065233
105.006300 0.065233
105.133932 0.065233
105.261667 0.065233
105.389506 0.065233
105.517448 0.065233
105.645493 0.065233
105.773642 0.065233
105.901895 0.065233
106.030251 0.065233
106.158711 0.065233
106.287275 0.065233
106.415942 0.065233
106.544714 0.065233
106.673589 0.065233
106.802568 0.065233
106.931651 0.065233
107.060838 0.065233
107.190128 0.065233
107.319523 0.065233
107.449022 0.065233
107.578626 0.065233
107.708333 0.065233
107.838144 0.065233
107.968060 0.065233
108.098080 0.065233
108.228205 0.065233
108.358434 0.065233
108.488767 0.065233
108.619205 0.065233
108.749747 0.065233
108.880394 0.065233
109.011145 0.065233
109.142001 0.065233
109.272962 0.065233
109.404027 0.065233
109.535197 0.065233
109.666472 0.065233
109.797852 0.065233
109.929337 0.065233
110.060926 0.065233
110.192621 0.065233
110.324421 0.065233
110.456325 0.065233
110.588335 0.065233
110.720450 0.065233
110.852670 0.065233
110.984995 0.065233
111.117426 0.065233
111.249962 0.065233
111.382603 0.065233
111.515349 0.065233
111.648201 0.065233
111.781159 0.065233
111.914222 0.065233
112.047391 0.065233
112.180665 0.065233
112.314045 0.065233
112.447530 0.065233
112.581121 0.065233
112.714818 0.065233
112.848621 0.065233
112.982530 0.065233
113.116544 0.065233
113.250665 0.065233
113.384891 0.065233
113.519224 0.065233
113.653662 0.065233
113.788207 0.065233
113.922857 0.065233
114.057614 0.065233
114.192477 0.065233
114.327447 0.065233
114.462523 0.065233
114.597705 0.065233
114.732993 0.065233
114.868388 0.065233
115.003890 0.065233
115.139497 0.065233
115.275212 0.065233
115.411033 0.065233
115.546961 0.065233
115.682995 0.065233
115.819136 0.065233
115.955384 0.065233
116.091739 0.065233
116.228200 0.065233
116.364769 0.065233
116.501444 0.065233
116.638227 0.065233
116.775116 0.065233
116.912112 0.065233
117.049216 0.065233
117.186427 0.065233
117.323745 0.065233
117.461170 0.065233
117.598702 0.065233
117.736342 0.065233
117.874089 0.065233
118.011943 0.065233
118.149905 0.065233
118.287975 0.065233
118.426152 0.065233
118.564436 0.065233
118.702828 0.065233
118.841328 0.065233
118.979935 0.065233
119.118650 0.065233
119.257473 0.065233
119.396404 0.065233
119.535443 0.065233
119.674589 0.065233
119.813844 0.065233
119.953206 0.065233
120.092677 0.065233
120.232255 0.065233
120.371942 0.065233
120.511736 0.065233
120.651639 0.065233
120.791651 0.065233
120.931770 0.065233
121.071998 0.065233
121.212334 0.065233
121.352779 0.065233
121.493332 0.065233
121.633993 0.065233
121.774763 0.065233
121.915642 0.065233
122.056629 0.065233
122.197725 0.065233
122.338929 0.065233
122.480243 0.065233
122.621665 0.065233
122.763195 0.065233
122.904835 0.065233
123.046584 0.065233
123.188441 0.065233
123.330408 0.065233
123.472484 0.065233
123.614668 0.065233
123.756962 0.065233
123.899365 0.065233
124.041877 0.065233
124.184499 0.065233
124.327229 0.065233
124.470069 0.065233
124.613019 0.065233
124.756077 0.065233
124.899245 0.065233
125.042523 0.065233
125.185910 0.065233
125.329407 0.065233
125.473014 0.065233
125.616730 0.065233
125.760555 0.065233
125.904491 0.065233
126.048536 0.065233
126.192691 0.065233
126.336956 0.065233
126.481331 0.065233
126.625816 0.065233
126.770411 0.065233
126.915116 0.065233
127.059931 0.065233
127.204856 0.065233
127.349891 0.065233
127.495036 0.065233
127.640292 0.065233
127.785658 0.065233
127.931134 0.065233
128.076721 0.065233
128.222418 0.065233
128.368226 0.065233
128.514144 0.065233
128.660172 0.065233
128.806311 0.065233
128.952561 0.065233
129.098921 0.065233
129.245393 0.065233
129.391974 0.065233
129.538667 0.065233
129.685470 0.065233
129.832385 0.065233
129.979410 0.065233
130.126546 0.065233
130.273793 0.065233
130.421152 0.065233
130.568621 0.065233
130.716201 0.065233
130.863893 0.065233
131.011696 0.065233
131.159610 0.065233
131.307635 0.065233
131.455772 0.065233
131.604020 0.065233
131.752379 0.065233
131.900850 0.065233
132.049433 0.065233
132.198127 0.065233
132.346932 0.065233
132.495850 0.065233
132.644878 0.065233
132.794019 0.065233
132.943271 0.065233
133.092635 0.065233
133.242111 0.065233
133.391699 0.065233
133.541399 0.065233
133.691210 0.065233
133.841134 0.065233
133.991170 0.065233
134.141318 0.065233
134.291578 0.065233
134.441950 0.065233
134.592434 0.065233
134.743031 0.065233
134.893739 0.065233
135.044561 0.065233
135.195494 0.065233
135.346540 0.065233
135.497699 0.065233
135.648969 0.065233
135.800353 0.065233
135.951849 0.065233
136.103458 0.065233
136.255179 0.065233
136.407013 0.065233
136.558960 0.065233
136.711020 0.065233
136.863192 0.065233
137.015478 0.065233
137.167876 0.065233
137.320387 0.065233
137.473011 0.065233
137.625749 0.065233
137.778599 0.065233
137.931563 0.065233
138.084639 0.065233
138.237829 0.065233
138.391132 0.065233
138.544549 0.065233
138.698079 0.065233
138.851722 0.065233
139.005478 0.065233
139.159349 0.065233
139.313332 0.065233
139.467429 0.065233
139.621640 0.065233
139.775964 0.065233
139.930402 0.065233
140.084954 0.065233
140.239620 0.065233
140.394399 0.065233
140.549292 0.065233
140.704299 0.065233
140.859420 0.065233
141.014655 0.065233
141.170004 0.065233
141.325467 0.065233
141.481044 0.065233
141.636735 0.065233
141.792541 0.065233
141.948460 0.065233
142.104494 0.065233
142.260642 0.065233
142.416905 0.065233
142.573282 0.065233
142.729773 0.065233
142.886379 0.065233
143.043099 0.065233
143.199934 0.065233
143.356884 0.065233
143.513948 0.065233
143.671126 0.065233
143.828420 0.065233
143.985828 0.065233
144.143351 0.065233
144.300989 0.065233
144.458742 0.065233
144.616610 0.065233
144.774592 0.065233
144.932690 0.065233
145.090903 0.065233
145.249231 0.065233
145.407674 0.065233
145.566232 0.065233
145.724905 0.065233
145.883694 0.065233
146.042598 0.065233
146.201618 0.065233
146.360752 0.065233
146.520002 0.065233
146.679368 0.065233
146.838849 0.065233
146.998446 0.065233
147.158158 0.065233
147.317986 0.065233
147.477930 0.065233
147.637989 0.065233
147.798164 0.065233
147.958455 0.065233
148.118862 0.065233
148.279385 0.065233
148.440024 0.065233
148.600778 0.065233
148.761649 0.065233
148.922635 0.065233
149.083738 0.065233
149.244957 0.065233
149.406292 0.065233
149.567744 0.065233
149.729311 0.065233
149.890995 0.065233
150.052795 0.065233
150.214712 0.065233
150.376745 0.065233
150.538895 0.065233
150.701161 0.065233
150.863544 0.065233
151.026043 0.065233
151.188659 0.065233
151.351391 0.065233
151.514241 0.065233
151.677207 0.065233
151.840290 0.065233
152.003490 0.065233
152.166806 0.065233
152.330240 0.065233
152.493791 0.065233
152.657458 0.065233
152.821243 0.065233
152.985145 0.065233
153.149164 0.065233
153.313300 0.065233
153.477553 0.065233
153.641924 0.065233
153.806412 0.065233
153.971017 0.065233
154.135740 0.065233
154.300580 0.065233
154.465538 0.065233
154.630613 0.065233
154.795806 0.065233
154.961116 0.065233
155.126544 0.065233
155.292090 0.065233
155.457753 0.065233
155.623534 0.065233
155.789433 0.065233
155.955450 0.065233
156.121585 0.065233
156.287838 0.065233
156.454208 0.065233
156.620697 0.065233
156.787304 0.065233
156.954029 0.065233
157.120872 0.065233
157.287833 0.065233
157.454913 0.065233
157.622110 0.065233
157.789426 0.065233
157.956861 0.065233
158.124414 0.065233
158.292085 0.065233
158.459875 0.065233
158.627783 0.065233
158.795810 0.065233
158.963956 0.065233
159.132220 0.065233
159.300603 0.065233
159.469104 0.065233
159.637725 0.065233
159.806464 0.065233
159.975322 0.065233
160.144299 0.065233
160.313395 0.065233
160.482610 0.065233
160.651944 0.065233
160.821397 0.065233
160.990969 0.065233
161.160660 0.065233
161.330471 0.065233
161.500401 0.065233
161.670450 0.065233
161.840618 0.065233
162.010906 0.065233
162.181313 0.065233
162.351839 0.065233
162.522485 0.065233
162.693251 0.065233
162.864136 0.065233
163.035141 0.065233
163.206265 0.065233
163.377510 0.065233
163.548873 0.065233
163.720357 0.065233
163.891961 0.065233
164.063684 0.065233
164.235527 0.065233
164.407491 0.065233
164.579574 0.065233
164.751777 0.065233
164.924100 0.065233
165.096544 0.065233
165.269108 0.065233
165.441791 0.065233
165.614596 0.065233
165.787520 0.065233
165.960565 0.065233
166.133730 0.065233
166.307015 0.065233
166.480421 0.065233
166.653948 0.065233
166.827595 0.065233
167.001362 0.065233
167.175250 0.065233
167.349259 0.065233
167.523389 0.065233
167.697639 0.065233
167.872010 0.065233
168.046502 0.065233
168.221115 0.065233
168.395848 0.065233
168.570703 0.065233
168.745679 0.065233
168.920775 0.065233
169.095993 0.065233
169.271332 0.065233
169.446792 0.065233
169.622374 0.065233
169.798076 0.065233
169.973900 0.065233
170.149845 0.065233
170.325912 0.065233
170.502100 0.065233
170.678409 0.065233
170.854840 0.065233
171.031392 0.065233
171.208066 0.065233
171.384862 0.065233
171.561779 0.065233
171.738818 0.065233
171.915979 0.065233
172.093262 0.065233
172.270666 0.065233
172.448193 0.065233
172.625841 0.065233
172.803611 0.065233
172.981503 0.065233
173.159517 0.065233
173.337654 0.065233
173.515912 0.065233
173.694293 0.065233
173.872796 0.065233
174.051421 0.065233
174.230168 0.065233
174.409038 0.065233
174.588030 0.065233
174.767144 0.065233
174.946381 0.065233
175.125741 0.065233
175.305223 0.065233
175.484828 0.065233
175.664555 0.065233
175.844405 0.065233
176.024378 0.065233
176.204473 0.065233
176.384691 0.065233
176.565032 0.065233
176.745496 0.065233
176.926083 0.065233
177.106793 0.065233
177.287626 0.065233
177.468581 0.065233
177.649660 0.065233
177.830863 0.065233
178.012188 0.065233
178.193636 0.065233
178.375208 0.065233
178.556903 0.065233
178.738722 0.065233
178.920663 0.065233
179.102729 0.065233
179.284917 0.065233
179.467229 0.065233
179.649665 0.065233
179.832224 0.065233
180.014907 0.065233
180.197714 0.065233
180.380644 0.065233
180.563699 0.065233
180.746876 0.065233
180.930178 0.065233
181.113604 0.065233
181.297154 0.065233
181.480827 0.065233
181.664625 0.065233
181.848546 0.065233
182.032592 0.065233
182.216762 0.065233
182.401056 0.065233
182.585474 0.065233
182.770017 0.065233
182.954683 0.065233
183.139475 0.065233
183.324390 0.065233
183.509430 0.065233
183.694595 0.065233
183.879884 0.065233
184.065297 0.065233
184.250835 0.065233
184.436498 0.065233
184.622286 0.065233
184.808198 0.065233
184.994235 0.065233
185.180396 0.065233
185.366683 0.065233
185.553095 0.065233
185.739631 0.065233
185.926292 0.065233
186.113079 0.065233
186.299990 0.065233
186.487027 0.065233
186.674189 0.065233
186.861475 0.065233
187.048888 0.065233
187.236425 0.065233
187.424088 0.065233
187.611876 0.065233
187.799789 0.065233
187.987828 0.065233
188.175992 0.065233
188.364282 0.065233
188.552698 0.065233
188.741239 0.065233
188.929906 0.065233
189.118698 0.065233
189.307616 0.065233
189.496660 0.065233
189.685830 0.065233
189.875125 0.065233
190.064547 0.065233
190.254094 0.065233
190.443767 0.065233
190.633567 0.065233
190.823492 0.065233
191.013544 0.065233
191.203721 0.065233
191.394025 0.065233
191.584455 0.065233
191.775012 0.065233
191.965694 0.065233
192.156503 0.065233
192.347439 0.065233
192.538501 0.065233
192.729689 0.065233
192.921004 0.065233
193.112445 0.065233
193.304013 0.065233
193.495708 0.065233
193.687530 0.065233
193.879478 0.065233
194.071553 0.065233
194.263754 0.065233
194.456083 0.065233
194.648538 0.065233
194.841121 0.065233
195.033830 0.065233
195.226667 0.065233
195.419630 0.065233
195.612721 0.065233
195.805939 0.065233
195.999284 0.065233
196.192756 0.065233
196.386355 0.065233
196.580082 0.065233
196.773936 0.065233
196.967918 0.065233
197.162027 0.065233
197.356263 0.065233
197.550627 0.065233
197.745119 0.065233
197.939738 0.065233
198.134485 0.065233
198.329359 0.065233
198.524362 0.065233
198.719492 0.065233
198.914749 0.065233
199.110135 0.065233
199.305649 0.065233
199.501290 0.065233
199.697060 0.065233
199.892958 0.065233
200.088983 0.065233
200.285137 0.065233
200.481419 0.065233
200.677829 0.065233
200.874367 0.065233
201.071034 0.065233
201.267829 0.065233
201.464752 0.065233
201.661804 0.065233
201.858984 0.065233
202.056293 0.065233
202.253730 0.065233
202.451296 0.065233
202.648991 0.065233
202.846814 0.065233
203.044765 0.065233
203.242846 0.065233
203.441055 0.065233
203.639393 0.065233
203.837860 0.065233
204.036456 0.065233
204.235181 0.065233
204.434035 0.065233
204.633018 0.065233
204.832130 0.065233
205.031371 0.065233
205.230741 0.065233
205.430240 0.065233
205.629869 0.065233
205.829627 0.065233
206.029514 0.065233
206.229531 0.065233
206.429677 0.065233
206.629953 0.065233
206.830358 0.065233
207.030892 0.065233
207.231556 0.065233
207.432350 0.065233
207.633273 0.065233
207.834327 0.065233
208.035509 0.065233
208.236822 0.065233
208.438264 0.065233
208.639837 0.065233
208.841539 0.065233
209.043371 0.065233
209.245334 0.065233
209.447426 0.065233
209.649648 0.065233
209.852001 0.065233
210.054483 0.065233
210.257096 0.065233
210.459839 0.065233
210.662712 0.065233
210.865716 0.065233
211.068850 0.065233
211.272115 0.065233
211.475510 0.065233
211.679035 0.065233
211.882691 0.065233
212.086478 0.065233
212.290395 0.065233
212.494443 0.065233
212.698621 0.065233
212.902931 0.065233
213.107371 0.065233
213.311942 0.065233
213.516643 0.065233
213.721476 0.065233
213.926440 0.065233
214.131535 0.065233
214.336760 0.065233
214.542117 0.065233
214.747605 0.065233
214.953224 0.065233
215.158974 0.065233
215.364856 0.065233
215.570869 0.065233
215.777013 0.065233
215.983289 0.065233
216.189696 0.065233
216.396234 0.065233
216.602904 0.065233
216.809706 0.065233
217.016639 0.065233
217.223704 0.065233
217.430900 0.065233
217.638228 0.065233
217.845688 0.065233
218.053280 0.065233
218.261003 0.065233
218.468858 0.065233
218.676846 0.065233
218.884965 0.065233
219.093216 0.065233
219.301600 0.065233
219.510115 0.065233
219.718763 0.065233
219.927542 0.065233
220.136454 0.065233
220.345498 0.065233
220.554675 0.065233
220.763984 0.065233
220.973425 0.065233
221.182999 0.065233
221.392705 0.065233
221.602543 0.065233
221.812515 0.065233
222.022618 0.065233
222.232855 0.065233
222.443224 0.065233
222.653726 0.065233
222.864360 0.065233
223.075127 0.065233
223.286028 0.065233
223.497061 0.065233
223.708227 0.065233
223.919526 0.065233
224.130958 0.065233
224.342523 0.065233
224.554221 0.065233
224.766052 0.065233
224.978016 0.065233
225.190114 0.065233
