11.239424 0.066654
11.267898 0.066654
11.296420 0.066654
11.324990 0.066654
11.353608 0.066654
11.382274 0.066654
11.410988 0.066654
11.439751 0.066653
11.468562 0.066653
11.497421 0.066653
11.526329 0.066653
11.555285 0.066652
11.584290 0.066652
11.613343 0.066652
11.642444 0.066651
11.671595 0.066651
11.700793 0.066650
11.730041 0.066650
11.759337 0.066649
11.788682 0.066648
11.818076 0.066648
11.847518 0.066647
11.877009 0.066646
11.906550 0.066645
11.936139 0.066644
11.965777 0.066643
11.995464 0.066643
12.025201 0.066642
12.054986 0.066640
12.084820 0.066639
12.114704 0.066638
12.144637 0.066637
12.174619 0.066636
12.204651 0.066635
12.234731 0.066633
12.264862 0.066632
12.295041 0.066631
12.325270 0.066629
12.355549 0.066628
12.385877 0.066626
12.416255 0.066625
12.446682 0.066623
12.477159 0.066622
12.507686 0.066620
12.538263 0.066618
12.568889 0.066617
12.599565 0.066615
12.630291 0.066613
12.661067 0.066611
12.691893 0.066609
12.722769 0.066608
12.753695 0.066606
12.784671 0.066604
12.815697 0.066602
12.846773 0.066600
12.877899 0.066597
12.909076 0.066595
12.940303 0.066593
12.971580 0.066591
13.002908 0.066589
13.034286 0.066586
13.065715 0.066584
13.097193 0.066582
13.128723 0.066579
13.160303 0.066577
13.191934 0.066575
13.223615 0.066572
13.255347 0.066569
13.287130 0.066567
13.318963 0.066564
13.350847 0.066562
13.382782 0.066559
13.414768 0.066556
13.446805 0.066554
13.478893 0.066551
13.511032 0.066548
13.543222 0.066545
13.575463 0.066542
13.607755 0.066539
13.640098 0.066536
13.672493 0.066533
13.704939 0.066530
13.737436 0.066527
13.769984 0.066524
13.802584 0.066521
13.835235 0.066518
13.867938 0.066515
13.900692 0.066511
13.933497 0.066508
13.966355 0.066505
13.999264 0.066502
14.032224 0.066498
14.065236 0.066495
14.098300 0.066491
14.131416 0.066488
14.164583 0.066484
14.197803 0.066481
14.231074 0.066477
14.264397 0.066474
14.297772 0.066470
14.331200 0.066466
14.364679 0.066463
14.398210 0.066459
14.431794 0.066455
14.465429 0.066452
14.499117 0.066448
14.532858 0.066444
14.566650 0.066440
14.600495 0.066436
14.634392 0.066432
14.668342 0.066428
14.702344 0.066424
14.736398 0.066420
14.770505 0.066416
14.804665 0.066412
14.838878 0.066408
14.873143 0.066404
14.907460 0.066400
14.941831 0.066396
14.976254 0.066392
15.010730 0.066387
15.045259 0.066383
15.079841 0.066379
15.114476 0.066375
15.149164 0.066370
15.183905 0.066366
15.218699 0.066362
15.253546 0.066357
15.288446 0.066353
15.323399 0.066349
15.358406 0.066344
15.393466 0.066340
15.428579 0.066335
15.463745 0.066331
15.498965 0.066326
15.534239 0.066322
15.569566 0.066317
15.604946 0.066312
15.640380 0.066308
15.675868 0.066303
15.711409 0.066299
15.747004 0.066294
15.782652 0.066289
15.818355 0.066285
15.854111 0.066280
15.889921 0.066275
15.925785 0.066271
15.961702 0.066266
15.997674 0.066261
16.033700 0.066256
16.069780 0.066252
16.105914 0.066247
16.142102 0.066242
16.178344 0.066237
16.214640 0.066232
16.250991 0.066228
16.287396 0.066223
16.323855 0.066218
16.360369 0.066213
16.396937 0.066208
16.433559 0.066203
16.470236 0.066199
16.506968 0.066194
16.543754 0.066189
16.580595 0.066184
16.617490 0.066179
16.654440 0.066174
16.691445 0.066169
16.728504 0.066165
16.765619 0.066160
16.802788 0.066155
16.840012 0.066150
16.877291 0.066145
16.914625 0.066140
16.952014 0.066135
16.989458 0.066131
17.026958 0.066126
17.064512 0.066121
17.102121 0.066116
17.139786 0.066111
17.177506 0.066107
17.215281 0.066102
17.253112 0.066097
17.290998 0.066092
17.328940 0.066087
17.366936 0.066083
17.404989 0.066078
17.443097 0.066073
17.481260 0.066069
17.519479 0.066064
17.557754 0.066059
17.596085 0.066055
17.634471 0.066050
17.672913 0.066045
17.711411 0.066041
17.749965 0.066036
17.788574 0.066032
17.827240 0.066027
17.865962 0.066023
17.904739 0.066018
17.943573 0.066014
17.982463 0.066009
18.021409 0.066005
18.060411 0.066001
18.099469 0.065996
18.138584 0.065992
18.177755 0.065988
18.216982 0.065983
18.256266 0.065979
18.295606 0.065975
18.335003 0.065971
18.374456 0.065966
18.413966 0.065962
18.453532 0.065958
18.493155 0.065954
18.532834 0.065950
18.572571 0.065946
18.612364 0.065942
18.652214 0.065938
18.692121 0.065934
18.732084 0.065930
18.772105 0.065926
18.812182 0.065923
18.852317 0.065919
18.892508 0.065915
18.932757 0.065911
18.973063 0.065908
19.013425 0.065904
19.053846 0.065900
19.094323 0.065897
19.134858 0.065893
19.175449 0.065889
19.216099 0.065886
19.256806 0.065882
19.297570 0.065879
19.338391 0.065875
19.379271 0.065872
19.420207 0.065869
19.461202 0.065865
19.502254 0.065862
19.543364 0.065859
19.584531 0.065855
19.625756 0.065852
19.667039 0.065849
19.708380 0.065846
19.749779 0.065842
19.791236 0.065839
19.832750 0.065836
19.874323 0.065833
19.915954 0.065830
19.957643 0.065827
19.999390 0.065824
20.041195 0.065821
20.083058 0.065818
20.124980 0.065815
20.166960 0.065812
20.208998 0.065809
20.251095 0.065806
20.293250 0.065803
20.335463 0.065801
20.377735 0.065798
20.420066 0.065795
20.462455 0.065792
20.504903 0.065789
20.547409 0.065787
20.589974 0.065784
20.632598 0.065781
20.675281 0.065778
20.718022 0.065776
20.760823 0.065773
20.803682 0.065770
20.846600 0.065768
20.889577 0.065765
20.932614 0.065763
20.975709 0.065760
21.018863 0.065757
21.062077 0.065755
21.105350 0.065752
21.148682 0.065750
21.192073 0.065747
21.235523 0.065745
21.279033 0.065742
21.322603 0.065740
21.366231 0.065737
21.409919 0.065735
21.453667 0.065732
21.497474 0.065730
21.541341 0.065727
21.585268 0.065725
21.629254 0.065722
21.673300 0.065720
21.717405 0.065717
21.761571 0.065715
21.805796 0.065712
21.850081 0.065710
21.894426 0.065708
21.938831 0.065705
21.983296 0.065703
22.027822 0.065700
22.072407 0.065698
22.117052 0.065696
22.161757 0.065693
22.206523 0.065691
22.251349 0.065688
22.296235 0.065686
22.341182 0.065684
22.386188 0.065681
22.431256 0.065679
22.476383 0.065677
22.521571 0.065674
22.566820 0.065672
22.612129 0.065669
22.657499 0.065667
22.702930 0.065665
22.748421 0.065662
22.793973 0.065660
22.839586 0.065658
22.885259 0.065655
22.930994 0.065653
22.976789 0.065651
23.022645 0.065648
23.068562 0.065646
23.114540 0.065644
23.160580 0.065641
23.206680 0.065639
23.252841 0.065636
23.299064 0.065634
23.345348 0.065632
23.391693 0.065629
23.438099 0.065627
23.484567 0.065625
23.531096 0.065622
23.577687 0.065620
23.624339 0.065618
23.671052 0.065615
23.717827 0.065613
23.764664 0.065611
23.811562 0.065608
23.858522 0.065606
23.905543 0.065603
23.952627 0.065601
23.999772 0.065599
24.046979 0.065596
24.094248 0.065594
24.141578 0.065592
24.188971 0.065589
24.236425 0.065587
24.283942 0.065585
24.331521 0.065582
24.379162 0.065580
24.426865 0.065578
24.474630 0.065575
24.522457 0.065573
24.570347 0.065571
24.618299 0.065568
24.666313 0.065566
24.714390 0.065564
24.762529 0.065561
24.810730 0.065559
24.858994 0.065557
24.907321 0.065554
24.955710 0.065552
25.004162 0.065550
25.052677 0.065547
25.101254 0.065545
25.149894 0.065543
25.198597 0.065540
25.247362 0.065538
25.296191 0.065536
25.345082 0.065533
25.394037 0.065531
25.443054 0.065529
25.492135 0.065526
25.541278 0.065524
25.590485 0.065522
25.639754 0.065519
25.689087 0.065517
25.738484 0.065515
25.787943 0.065513
25.837466 0.065510
25.887052 0.065508
25.936702 0.065506
25.986415 0.065503
26.036191 0.065501
26.086031 0.065499
26.135935 0.065497
26.185902 0.065494
26.235933 0.065492
26.286027 0.065490
26.336186 0.065488
26.386408 0.065485
26.436694 0.065483
26.487043 0.065481
26.537457 0.065479
26.587934 0.065477
26.638476 0.065474
26.689081 0.065472
26.739751 0.065470
26.790484 0.065468
26.841282 0.065466
26.892144 0.065463
26.943070 0.065461
26.994060 0.065459
27.045115 0.065457
27.096234 0.065455
27.147417 0.065453
27.198665 0.065450
27.249978 0.065448
27.301354 0.065446
27.352796 0.065444
27.404301 0.065442
27.455872 0.065440
27.507507 0.065438
27.559207 0.065436
27.610971 0.065434
27.662801 0.065432
27.714695 0.065429
27.766654 0.065427
27.818678 0.065425
27.870767 0.065423
27.922921 0.065421
27.975139 0.065419
28.027423 0.065417
28.079772 0.065415
28.132187 0.065413
28.184666 0.065411
28.237211 0.065409
28.289820 0.065407
28.342496 0.065405
28.395236 0.065403
28.448042 0.065401
28.500913 0.065400
28.553850 0.065398
28.606852 0.065396
28.659920 0.065394
28.713054 0.065392
28.766253 0.065390
28.819517 0.065388
28.872848 0.065386
28.926244 0.065384
28.979706 0.065383
29.033234 0.065381
29.086828 0.065379
29.140487 0.065377
29.194213 0.065375
29.248004 0.065373
29.301862 0.065372
29.355786 0.065370
29.409775 0.065368
29.463831 0.065366
29.517953 0.065365
29.572142 0.065363
29.626396 0.065361
29.680717 0.065359
29.735105 0.065358
29.789559 0.065356
29.844079 0.065354
29.898665 0.065353
29.953319 0.065351
30.008038 0.065349
30.062825 0.065348
30.117678 0.065346
30.172597 0.065344
30.227584 0.065343
30.282637 0.065341
30.337757 0.065339
30.392943 0.065338
30.448197 0.065336
30.503518 0.065335
30.558905 0.065333
30.614360 0.065332
30.669882 0.065330
30.725470 0.065329
30.781126 0.065327
30.836849 0.065326
30.892639 0.065324
30.948497 0.065323
31.004422 0.065321
31.060414 0.065320
31.116473 0.065318
31.172600 0.065317
31.228794 0.065315
31.285056 0.065314
31.341386 0.065313
31.397783 0.065311
31.454247 0.065310
31.510779 0.065308
31.567379 0.065307
31.624047 0.065306
31.680782 0.065304
31.737585 0.065303
31.794457 0.065302
31.851396 0.065300
31.908402 0.065299
31.965477 0.065298
32.022620 0.065297
32.079831 0.065295
32.137110 0.065294
32.194458 0.065293
32.251873 0.065292
32.309357 0.065290
32.366909 0.065289
32.424529 0.065288
32.482217 0.065287
32.539974 0.065285
32.597800 0.065284
32.655693 0.065283
32.713656 0.065282
32.771687 0.065281
32.829786 0.065280
32.887954 0.065279
32.946191 0.065277
33.004496 0.065276
33.062870 0.065275
33.121313 0.065274
33.179825 0.065273
33.238406 0.065272
33.297056 0.065271
33.355774 0.065270
33.414562 0.065269
33.473418 0.065268
33.532344 0.065267
33.591339 0.065266
33.650403 0.065265
33.709536 0.065264
33.768738 0.065263
33.828010 0.065262
33.887351 0.065261
33.946761 0.065260
34.006241 0.065259
34.065790 0.065258
34.125408 0.065257
34.185097 0.065256
34.244854 0.065256
34.304682 0.065255
34.364579 0.065254
34.424545 0.065253
34.484581 0.065252
34.544688 0.065251
34.604863 0.065250
34.665109 0.065250
34.725425 0.065249
34.785810 0.065248
34.846266 0.065247
34.906791 0.065246
34.967387 0.065246
35.028053 0.065245
35.088788 0.065244
35.149594 0.065243
35.210470 0.065243
35.271417 0.065242
35.332434 0.065241
35.393521 0.065240
35.454678 0.065240
35.515906 0.065239
35.577204 0.065238
35.638573 0.065238
35.700012 0.065237
35.761522 0.065236
35.823102 0.065236
35.884753 0.065235
35.946475 0.065234
36.008268 0.065234
36.070131 0.065233
36.132065 0.065232
36.194070 0.065232
36.256146 0.065231
36.318293 0.065231
36.380510 0.065230
36.442799 0.065229
36.505159 0.065229
36.567590 0.065228
36.630092 0.065228
36.692665 0.065227
36.755310 0.065227
36.818026 0.065226
36.880813 0.065226
36.943671 0.065225
37.006601 0.065225
37.069602 0.065224
37.132675 0.065224
37.195819 0.065223
37.259035 0.065223
37.322322 0.065222
37.385681 0.065222
37.449111 0.065222
37.512614 0.065221
37.576188 0.065221
37.639834 0.065220
37.703551 0.065220
37.767341 0.065219
37.831202 0.065219
37.895136 0.065219
37.959141 0.065218
38.023218 0.065218
38.087368 0.065218
38.151589 0.065217
38.215883 0.065217
38.280249 0.065217
38.344687 0.065216
38.409198 0.065216
38.473780 0.065216
38.538435 0.065215
38.603163 0.065215
38.667963 0.065215
38.732835 0.065214
38.797780 0.065214
38.862798 0.065214
38.927888 0.065214
38.993050 0.065213
39.058286 0.065213
39.123594 0.065213
39.188975 0.065213
39.254428 0.065212
39.319955 0.065212
39.385554 0.065212
39.451227 0.065212
39.516972 0.065212
39.582790 0.065211
39.648681 0.065211
39.714646 0.065211
39.780683 0.065211
39.846794 0.065211
39.912978 0.065211
39.979235 0.065210
40.045566 0.065210
40.111969 0.065210
40.178446 0.065210
40.244997 0.065210
40.311621 0.065210
40.378318 0.065210
40.445089 0.065210
40.511934 0.065210
40.578852 0.065209
40.645844 0.065209
40.712909 0.065209
40.780049 0.065209
40.847262 0.065209
40.914548 0.065209
40.981909 0.065209
41.049344 0.065209
41.116852 0.065209
41.184435 0.065209
41.252091 0.065209
41.319822 0.065209
41.387626 0.065209
41.455505 0.065209
41.523458 0.065209
41.591485 0.065209
41.659587 0.065209
41.727762 0.065209
41.796012 0.065209
41.864337 0.065209
41.932736 0.065209
42.001209 0.065209
42.069757 0.065209
42.138379 0.065209
42.207076 0.065209
42.275848 0.065209
42.344694 0.065209
42.413615 0.065209
42.482611 0.065210
42.551681 0.065210
42.620826 0.065210
42.690047 0.065210
42.759342 0.065210
42.828712 0.065210
42.898157 0.065210
42.967677 0.065210
43.037272 0.065210
43.106942 0.065210
43.176687 0.065211
43.246508 0.065211
43.316404 0.065211
43.386375 0.065211
43.456421 0.065211
43.526543 0.065211
43.596740 0.065211
43.667012 0.065212
43.737360 0.065212
43.807784 0.065212
43.878283 0.065212
43.948858 0.065212
44.019508 0.065212
44.090234 0.065213
44.161036 0.065213
44.231913 0.065213
44.302866 0.065213
44.373895 0.065213
44.445000 0.065214
44.516181 0.065214
44.587438 0.065214
44.658771 0.065214
44.730180 0.065214
44.801665 0.065215
44.873226 0.065215
44.944863 0.065215
45.016577 0.065215
45.088366 0.065216
45.160232 0.065216
45.232175 0.065216
45.304193 0.065216
45.376288 0.065216
45.448460 0.065217
45.520708 0.065217
45.593032 0.065217
45.665433 0.065217
45.737911 0.065218
45.810465 0.065218
45.883096 0.065218
45.955804 0.065218
46.028589 0.065219
46.101450 0.065219
46.174388 0.065219
46.247403 0.065219
46.320495 0.065220
46.393664 0.065220
46.466910 0.065220
46.540233 0.065220
46.613634 0.065221
46.687111 0.065221
46.760665 0.065221
46.834297 0.065221
46.908006 0.065222
46.981792 0.065222
47.055656 0.065222
47.129597 0.065222
47.203615 0.065223
47.277711 0.065223
47.351884 0.065223
47.426135 0.065223
47.500463 0.065224
47.574869 0.065224
47.649353 0.065224
47.723915 0.065224
47.798554 0.065225
47.873271 0.065225
47.948065 0.065225
48.022938 0.065225
48.097889 0.065226
48.172917 0.065226
48.248024 0.065226
48.323208 0.065226
48.398471 0.065227
48.473811 0.065227
48.549230 0.065227
48.624727 0.065227
48.700302 0.065228
48.775956 0.065228
48.851687 0.065228
48.927498 0.065228
49.003386 0.065229
49.079353 0.065229
49.155399 0.065229
49.231522 0.065229
49.307725 0.065230
49.384006 0.065230
49.460366 0.065230
49.536804 0.065230
49.613321 0.065230
49.689917 0.065231
49.766592 0.065231
49.843345 0.065231
49.920178 0.065231
49.997089 0.065231
50.074079 0.065232
50.151148 0.065232
50.228297 0.065232
50.305524 0.065232
50.382830 0.065232
50.460216 0.065233
50.537681 0.065233
50.615225 0.065233
50.692848 0.065233
50.770551 0.065233
50.848333 0.065233
50.926194 0.065234
51.004135 0.065234
51.082156 0.065234
51.160256 0.065234
51.238435 0.065234
51.316694 0.065234
51.395033 0.065235
51.473451 0.065235
51.551949 0.065235
51.630527 0.065235
51.709185 0.065235
51.787922 0.065235
51.866740 0.065235
51.945637 0.065235
52.024615 0.065236
52.103672 0.065236
52.182809 0.065236
52.262027 0.065236
52.341324 0.065236
52.420702 0.065236
52.500160 0.065236
52.579698 0.065236
52.659317 0.065236
52.739016 0.065236
52.818795 0.065237
52.898655 0.065237
52.978595 0.065237
53.058615 0.065237
53.138717 0.065237
53.218898 0.065237
53.299161 0.065237
53.379504 0.065237
53.459927 0.065237
53.540432 0.065237
53.621017 0.065237
53.701683 0.065237
53.782430 0.065237
53.863258 0.065237
53.944166 0.065237
54.025156 0.065238
54.106227 0.065238
54.187379 0.065238
54.268612 0.065238
54.349926 0.065238
54.431321 0.065238
54.512797 0.065238
54.594355 0.065238
54.675994 0.065238
54.757715 0.065238
54.839516 0.065238
54.921400 0.065238
55.003364 0.065238
55.085410 0.065238
55.167538 0.065238
55.249748 0.065238
55.332038 0.065238
55.414411 0.065238
55.496865 0.065238
55.579402 0.065238
55.662019 0.065238
55.744719 0.065238
55.827501 0.065238
55.910364 0.065238
55.993310 0.065238
56.076337 0.065238
56.159447 0.065238
56.242638 0.065238
56.325912 0.065238
56.409268 0.065238
56.492706 0.065238
56.576226 0.065238
56.659828 0.065238
56.743513 0.065238
56.827281 0.065238
56.911130 0.065238
56.995062 0.065238
57.079077 0.065238
57.163174 0.065238
57.247354 0.065237
57.331616 0.065237
57.415961 0.065237
57.500388 0.065237
57.584898 0.065237
57.669491 0.065237
57.754167 0.065237
57.838926 0.065237
57.923768 0.065237
58.008692 0.065237
58.093700 0.065237
58.178790 0.065237
58.263964 0.065237
58.349220 0.065237
58.434560 0.065237
58.519983 0.065237
58.605489 0.065237
58.691078 0.065237
58.776751 0.065237
58.862507 0.065237
58.948346 0.065237
59.034269 0.065237
59.120276 0.065237
59.206365 0.065237
59.292539 0.065237
59.378795 0.065237
59.465136 0.065236
59.551560 0.065236
59.638068 0.065236
59.724659 0.065236
59.811335 0.065236
59.898094 0.065236
59.984937 0.065236
60.071864 0.065236
60.158875 0.065236
60.245969 0.065236
60.333148 0.065236
60.420411 0.065236
60.507758 0.065236
60.595189 0.065236
60.682705 0.065236
60.770304 0.065236
60.857988 0.065236
60.945756 0.065236
61.033609 0.065236
61.121545 0.065236
61.209567 0.065236
61.297672 0.065236
61.385863 0.065236
61.474137 0.065235
61.562497 0.065235
61.650941 0.065235
61.739469 0.065235
61.828083 0.065235
61.916781 0.065235
62.005564 0.065235
62.094432 0.065235
62.183384 0.065235
62.272422 0.065235
62.361544 0.065235
62.450752 0.065235
62.540044 0.065235
62.629422 0.065235
62.718885 0.065235
62.808432 0.065235
62.898065 0.065235
62.987784 0.065235
63.077587 0.065235
63.167476 0.065235
63.257450 0.065235
63.347510 0.065235
63.437655 0.065235
63.527886 0.065235
63.618202 0.065235
63.708603 0.065235
63.799091 0.065235
63.889663 0.065235
63.980322 0.065235
64.071066 0.065235
64.161896 0.065234
64.252812 0.065234
64.343814 0.065234
64.434901 0.065234
64.526075 0.065234
64.617334 0.065234
64.708680 0.065234
64.800111 0.065234
64.891629 0.065234
64.983233 0.065234
65.074922 0.065234
65.166699 0.065234
65.258561 0.065234
65.350510 0.065234
65.442544 0.065234
65.534666 0.065234
65.626874 0.065234
65.719168 0.065234
65.811548 0.065234
65.904016 0.065234
65.996569 0.065234
66.089210 0.065234
66.181937 0.065234
66.274751 0.065234
66.367651 0.065234
66.460638 0.065234
66.553712 0.065234
66.646873 0.065234
66.740121 0.065234
66.833456 0.065234
66.926878 0.065234
67.020386 0.065234
67.113982 0.065234
67.207665 0.065234
67.301435 0.065234
67.395292 0.065234
67.489237 0.065234
67.583269 0.065234
67.677388 0.065234
67.771594 0.065234
67.865888 0.065234
67.960269 0.065234
68.054737 0.065234
68.149294 0.065234
68.243937 0.065234
68.338668 0.065234
68.433487 0.065234
68.528394 0.065234
68.623388 0.065234
68.718470 0.065234
68.813640 0.065234
68.908898 0.065234
69.004243 0.065234
69.099676 0.065234
69.195198 0.065234
69.290807 0.065234
69.386504 0.065234
69.482290 0.065234
69.578163 0.065234
69.674125 0.065234
69.770175 0.065234
69.866313 0.065234
69.962539 0.065234
70.058854 0.065234
70.155257 0.065234
70.251749 0.065234
70.348329 0.065234
70.444997 0.065234
70.541754 0.065234
70.638599 0.065234
70.735533 0.065234
70.832556 0.065234
70.929667 0.065234
71.026867 0.065234
71.124156 0.065234
71.221534 0.065234
71.319000 0.065234
71.416556 0.065234
71.514200 0.065234
71.611933 0.065234
71.709756 0.065234
71.807667 0.065234
71.905667 0.065234
72.003757 0.065234
72.101935 0.065234
72.200203 0.065234
72.298560 0.065234
72.397007 0.065233
72.495543 0.065233
72.594168 0.065233
72.692882 0.065233
72.791686 0.065233
72.890580 0.065233
72.989562 0.065233
73.088635 0.065233
73.187797 0.065233
73.287049 0.065233
73.386390 0.065233
73.485822 0.065233
73.585343 0.065233
73.684953 0.065233
73.784654 0.065233
73.884445 0.065233
73.984325 0.065233
74.084296 0.065233
74.184356 0.065233
74.284507 0.065233
74.384747 0.065233
74.485078 0.065233
74.585499 0.065233
74.686010 0.065233
74.786612 0.065233
74.887303 0.065233
74.988085 0.065233
75.088958 0.065233
75.189921 0.065233
75.290974 0.065233
75.392118 0.065233
75.493352 0.065233
75.594677 0.065233
75.696093 0.065233
75.797599 0.065233
75.899196 0.065233
76.000884 0.065233
76.102662 0.065233
76.204531 0.065233
76.306492 0.065233
76.408543 0.065233
76.510685 0.065233
76.612918 0.065233
76.715242 0.065233
76.817657 0.065233
76.920163 0.065233
77.022760 0.065233
77.125449 0.065233
77.228229 0.065233
77.331100 0.065233
77.434062 0.065233
77.537116 0.065233
77.640261 0.065233
77.743497 0.065233
77.846825 0.065233
77.950245 0.065233
78.053756 0.065233
78.157359 0.065233
78.261053 0.065233
78.364839 0.065233
78.468717 0.065233
78.572686 0.065233
78.676747 0.065233
78.780901 0.065233
78.885146 0.065233
78.989482 0.065233
79.093911 0.065233
79.198432 0.065233
79.303045 0.065233
79.407750 0.065233
79.512547 0.065233
79.617436 0.065233
79.722418 0.065233
79.827492 0.065233
79.932658 0.065233
80.037916 0.065233
80.143267 0.065233
80.248710 0.065233
80.354245 0.065233
80.459873 0.065233
80.565594 0.065233
80.671407 0.065233
80.777313 0.065233
80.883311 0.065233
80.989402 0.065233
81.095586 0.065233
81.201862 0.065233
81.308232 0.065233
81.414694 0.065233
81.521249 0.065233
81.627897 0.065233
81.734638 0.065233
81.841472 0.065233
81.948399 0.065233
82.055419 0.065233
82.162533 0.065233
82.269739 0.065233
82.377039 0.065233
82.484432 0.065233
82.591918 0.065233
82.699498 0.065233
82.807171 0.065233
82.914937 0.065233
83.022797 0.065233
83.130750 0.065233
83.238797 0.065233
83.346938 0.065233
83.455172 0.065233
83.563499 0.065233
83.671921 0.065233
83.780436 0.065233
83.889045 0.065233
83.997748 0.065233
84.106545 0.065233
84.215435 0.065233
84.324420 0.065233
84.433498 0.065233
84.542671 0.065233
84.651937 0.065233
84.761298 0.065233
84.870753 0.065233
84.980302 0.065233
85.089945 0.065233
85.199683 0.065233
85.309514 0.065233
85.419441 0.065233
85.529461 0.065233
85.639576 0.065233
85.749786 0.065233
85.860090 0.065233
85.970488 0.065233
86.080981 0.065233
86.191569 0.065233
86.302251 0.065233
86.413029 0.065233
86.523901 0.065233
86.634867 0.065233
86.745929 0.065233
86.857085 0.065233
86.968337 0.065233
87.079683 0.065233
87.191124 0.065233
87.302660 0.065233
87.414292 0.065233
87.526018 0.065233
87.637840 0.065233
87.749757 0.065233
87.861769 0.065233
87.973876 0.065233
88.086079 0.065233
88.198377 0.065233
88.310771 0.065233
88.423260 0.065233
88.535844 0.065233
88.648524 0.065233
88.761300 0.065233
88.874171 0.065233
88.987138 0.065233
89.100200 0.065233
89.213358 0.065233
89.326612 0.065233
89.439962 0.065233
89.553407 0.065233
89.666949 0.065233
89.780586 0.065233
89.894320 0.065233
90.008149 0.065233
90.122075 0.065233
90.236096 0.065233
90.350214 0.065233
90.464428 0.065233
90.578738 0.065233
90.693144 0.065233
90.807647 0.065233
90.922246 0.065233
91.036941 0.065233
91.151733 0.065233
91.266621 0.065233
91.381605 0.065233
91.496687 0.065233
91.611865 0.065233
91.727139 0.065233
91.842510 0.065233
91.957978 0.065233
92.073542 0.065233
92.189204 0.065233
92.304962 0.065233
92.420817 0.065233
92.536769 0.065233
92.652817 0.065233
92.768963 0.065233
92.885206 0.065233
93.001546 0.065233
93.117983 0.065233
93.234517 0.065233
93.351148 0.065233
93.467877 0.065233
93.584703 0.065233
93.701626 0.065233
93.818646 0.065233
93.935764 0.065233
94.052980 0.065233
94.170292 0.065233
94.287703 0.065233
94.405210 0.065233
94.522816 0.065233
94.640519 0.065233
94.758319 0.065233
94.876218 0.065233
94.994214 0.065233
95.112308 0.065233
95.230500 0.065233
95.348790 0.065233
95.467177 0.065233
95.585663 0.065233
95.704246 0.065233
95.822928 0.065233
95.941707 0.065233
96.060585 0.065233
96.179561 0.065233
96.298635 0.065233
96.417808 0.065233
96.537078 0.065233
96.656447 0.065233
96.775915 0.065233
96.895480 0.065233
97.015144 0.065233
97.134907 0.065233
97.254768 0.065233
97.374728 0.065233
97.494786 0.065233
97.614943 0.065233
97.735199 0.065233
97.855553 0.065233
97.976006 0.065233
98.096558 0.065233
98.217209 0.065233
98.337959 0.065233
98.458807 0.065233
98.579755 0.065233
98.700802 0.065233
98.821947 0.065233
98.943192 0.065233
99.064536 0.065233
99.185979 0.065233
99.307521 0.065233
99.429163 0.065233
99.550903 0.065233
99.672744 0.065233
99.794683 0.065233
99.916722 0.065233
100.038860 0.065233
100.161098 0.065233
100.283435 0.065233
100.405872 0.065233
100.528409 0.065233
100.651045 0.065233
100.773781 0.065233
100.896617 0.065233
101.019552 0.065233
101.142588 0.065233
101.265723 0.065233
101.388958 0.065233
101.512293 0.065233
101.635728 0.065233
101.759262 0.065233
101.882898 0.065233
102.006633 0.065233
102.130468 0.065233
102.254403 0.065233
102.378439 0.065233
102.502575 0.065233
102.626811 0.065233
102.751148 0.065233
102.875585 0.065233
103.000122 0.065233
103.124760 0.065233
103.249498 0.065233
103.374337 0.065233
103.499277 0.065233
103.624317 0.065233
103.749458 0.065233
103.874699 0.065233
104.000041 0.065233
104.125484 0.065233
104.251028 0.065233
104.376673 0.065233
104.502419 0.065233
104.628265 0.065233
104.754213 0.065233
104.880262 0.065233
105.006411 0.065233
105.132662 0.065233
105.259014 0.065233
105.385467 0.065233
105.512022 0.065233
105.638677 0.065233
105.765434 0.065233
105.892293 0.065233
106.019253 0.065233
106.146314 0.065233
106.273476 0.065233
106.400741 0.065233
106.528106 0.065233
106.655574 0.065233
106.783143 0.065233
106.910814 0.065233
107.038586 0.065233
107.166460 0.065233
107.294436 0.065233
107.422514 0.065233
107.550694 0.065233
107.678975 0.065233
107.807359 0.065233
107.935844 0.065233
108.064432 0.065233
108.193122 0.065233
108.321914 0.065233
108.450808 0.065233
108.579804 0.065233
108.708902 0.065233
108.838103 0.065233
108.967406 0.065233
109.096812 0.065233
109.226320 0.065233
109.355930 0.065233
109.485643 0.065233
109.615458 0.065233
109.745376 0.065233
109.875397 0.065233
110.005520 0.065233
110.135746 0.065233
110.266074 0.065233
110.396506 0.065233
110.527040 0.065233
110.657677 0.065233
110.788417 0.065233
110.919260 0.065233
111.050206 0.065233
111.181255 0.065233
111.312407 0.065233
111.443662 0.065233
111.575020 0.065233
111.706481 0.065233
111.838046 0.065233
111.969714 0.065233
112.101485 0.065233
112.233359 0.065233
112.365337 0.065233
112.497419 0.065233
112.629603 0.065233
112.761892 0.065233
112.894284 0.065233
113.026779 0.065233
113.159378 0.065233
113.292081 0.065233
113.424887 0.065233
113.557797 0.065233
113.690811 0.065233
113.823929 0.065233
113.957151 0.065233
114.090476 0.065233
114.223906 0.065233
114.357439 0.065233
114.491077 0.065233
114.624818 0.065233
114.758664 0.065233
114.892614 0.065233
115.026668 0.065233
115.160826 0.065233
115.295089 0.065233
115.429456 0.065233
115.563927 0.065233
115.698503 0.065233
115.833183 0.065233
115.967967 0.065233
116.102856 0.065233
116.237850 0.065233
116.372948 0.065233
116.508151 0.065233
116.643458 0.065233
116.778871 0.065233
116.914388 0.065233
117.050010 0.065233
117.185736 0.065233
117.321568 0.065233
117.457504 0.065233
117.593546 0.065233
117.729692 0.065233
117.865944 0.065233
118.002300 0.065233
118.138762 0.065233
118.275329 0.065233
118.412001 0.065233
118.548778 0.065233
118.685661 0.065233
118.822648 0.065233
118.959742 0.065233
119.096940 0.065233
119.234245 0.065233
119.371654 0.065233
119.509169 0.065233
119.646790 0.065233
119.784516 0.065233
119.922348 0.065233
120.060286 0.065233
120.198329 0.065233
120.336479 0.065233
120.474734 0.065233
120.613094 0.065233
120.751561 0.065233
120.890134 0.065233
121.028813 0.065233
121.167597 0.065233
121.306488 0.065233
121.445485 0.065233
121.584588 0.065233
121.723797 0.065233
121.863112 0.065233
122.002534 0.065233
122.142062 0.065233
122.281696 0.065233
122.421437 0.065233
122.561284 0.065233
122.701237 0.065233
122.841297 0.065233
122.981464 0.065233
123.121737 0.065233
123.262117 0.065233
123.402603 0.065233
123.543196 0.065233
123.683896 0.065233
123.824703 0.065233
123.965616 0.065233
124.106637 0.065233
124.247764 0.065233
124.388998 0.065233
124.530339 0.065233
124.671788 0.065233
124.813343 0.065233
124.955005 0.065233
125.096775 0.065233
125.238652 0.065233
125.380636 0.065233
125.522727 0.065233
125.664926 0.065233
125.807231 0.065233
125.949645 0.065233
126.092166 0.065233
126.234794 0.065233
126.377529 0.065233
126.520373 0.065233
126.663324 0.065233
126.806382 0.065233
126.949548 0.065233
127.092822 0.065233
127.236204 0.065233
127.379693 0.065233
127.523291 0.065233
127.666996 0.065233
127.810809 0.065233
127.954730 0.065233
128.098759 0.065233
128.242896 0.065233
128.387142 0.065233
128.531495 0.065233
128.675956 0.065233
128.820526 0.065233
128.965204 0.065233
129.109990 0.065233
129.254885 0.065233
129.399888 0.065233
129.544999 0.065233
129.690219 0.065233
129.835547 0.065233
129.980984 0.065233
130.126529 0.065233
130.272183 0.065233
130.417946 0.065233
130.563817 0.065233
130.709797 0.065233
130.855886 0.065233
131.002083 0.065233
131.148390 0.065233
131.294805 0.065233
131.441329 0.065233
131.587963 0.065233
131.734705 0.065233
131.881556 0.065233
132.028517 0.065233
132.175586 0.065233
132.322765 0.065233
132.470053 0.065233
132.617450 0.065233
132.764956 0.065233
132.912572 0.065233
133.060297 0.065233
133.208132 0.065233
133.356076 0.065233
133.504130 0.065233
133.652293 0.065233
133.800566 0.065233
133.948948 0.065233
134.097440 0.065233
134.246042 0.065233
134.394753 0.065233
134.543574 0.065233
134.692505 0.065233
134.841546 0.065233
134.990697 0.065233
135.139958 0.065233
135.289328 0.065233
135.438809 0.065233
135.588400 0.065233
135.738101 0.065233
135.887912 0.065233
136.037833 0.065233
136.187865 0.065233
136.338007 0.065233
136.488259 0.065233
136.638621 0.065233
136.789094 0.065233
136.939677 0.065233
137.090371 0.065233
137.241175 0.065233
137.392090 0.065233
137.543115 0.065233
137.694251 0.065233
137.845498 0.065233
137.996855 0.065233
138.148324 0.065233
138.299902 0.065233
138.451592 0.065233
138.603393 0.065233
138.755305 0.065233
138.907327 0.065233
139.059461 0.065233
139.211705 0.065233
139.364061 0.065233
139.516528 0.065233
139.669106 0.065233
139.821795 0.065233
139.974595 0.065233
140.127507 0.065233
140.280530 0.065233
140.433664 0.065233
140.586910 0.065233
140.740267 0.065233
140.893736 0.065233
141.047316 0.065233
141.201008 0.065233
141.354811 0.065233
141.508726 0.065233
141.662753 0.065233
141.816891 0.065233
141.971141 0.065233
142.125503 0.065233
142.279977 0.065233
142.434563 0.065233
142.589261 0.065233
142.744070 0.065233
142.898992 0.065233
143.054026 0.065233
143.209172 0.065233
143.364430 0.065233
143.519800 0.065233
143.675282 0.065233
143.830877 0.065233
143.986583 0.065233
144.142403 0.065233
144.298334 0.065233
144.454378 0.065233
144.610535 0.065233
144.766804 0.065233
144.923185 0.065233
145.079679 0.065233
145.236286 0.065233
145.393005 0.065233
145.549837 0.065233
145.706782 0.065233
145.863840 0.065233
146.021010 0.065233
146.178293 0.065233
146.335690 0.065233
146.493199 0.065233
146.650821 0.065233
146.808556 0.065233
146.966404 0.065233
147.124365 0.065233
147.282440 0.065233
147.440627 0.065233
147.598928 0.065233
147.757342 0.065233
147.915870 0.065233
148.074510 0.065233
148.233265 0.065233
148.392132 0.065233
148.551113 0.065233
148.710208 0.065233
148.869416 0.065233
149.028738 0.065233
149.188173 0.065233
149.347722 0.065233
149.507385 0.065233
149.667161 0.065233
149.827051 0.065233
149.987055 0.065233
150.147173 0.065233
150.307405 0.065233
150.467751 0.065233
150.628211 0.065233
150.788785 0.065233
150.949473 0.065233
151.110275 0.065233
151.271191 0.065233
151.432221 0.065233
151.593366 0.065233
151.754625 0.065233
151.915998 0.065233
152.077486 0.065233
152.239088 0.065233
152.400804 0.065233
152.562635 0.065233
152.724581 0.065233
152.886641 0.065233
153.048815 0.065233
153.211105 0.065233
153.373509 0.065233
153.536027 0.065233
153.698661 0.065233
153.861409 0.065233
154.024272 0.065233
154.187250 0.065233
154.350343 0.065233
154.513551 0.065233
154.676874 0.065233
154.840312 0.065233
155.003865 0.065233
155.167533 0.065233
155.331316 0.065233
155.495215 0.065233
155.659229 0.065233
155.823358 0.065233
155.987602 0.065233
156.151962 0.065233
156.316437 0.065233
156.481028 0.065233
156.645734 0.065233
156.810556 0.065233
156.975493 0.065233
157.140546 0.065233
157.305714 0.065233
157.470999 0.065233
157.636398 0.065233
157.801914 0.065233
157.967546 0.065233
158.133293 0.065233
158.299157 0.065233
158.465136 0.065233
158.631231 0.065233
158.797442 0.065233
158.963770 0.065233
159.130213 0.065233
159.296773 0.065233
159.463448 0.065233
159.630240 0.065233
159.797149 0.065233
159.964173 0.065233
160.131314 0.065233
160.298571 0.065233
160.465945 0.065233
160.633435 0.065233
160.801042 0.065233
160.968765 0.065233
161.136605 0.065233
161.304562 0.065233
161.472635 0.065233
161.640825 0.065233
161.809131 0.065233
161.977554 0.065233
162.146095 0.065233
162.314752 0.065233
162.483526 0.065233
162.652417 0.065233
162.821425 0.065233
162.990550 0.065233
163.159792 0.065233
163.329151 0.065233
163.498627 0.065233
163.668221 0.065233
163.837931 0.065233
164.007759 0.065233
164.177705 0.065233
164.347767 0.065233
164.517948 0.065233
164.688245 0.065233
164.858660 0.065233
165.029193 0.065233
165.199843 0.065233
165.370610 0.065233
165.541496 0.065233
165.712499 0.065233
165.883620 0.065233
166.054858 0.065233
166.226214 0.065233
166.397689 0.065233
166.569281 0.065233
166.740991 0.065233
166.912818 0.065233
167.084764 0.065233
167.256828 0.065233
167.429010 0.065233
167.601311 0.065233
167.773729 0.065233
167.946266 0.065233
168.118920 0.065233
168.291694 0.065233
168.464585 0.065233
168.637595 0.065233
168.810723 0.065233
168.983970 0.065233
169.157335 0.065233
169.330819 0.065233
169.504421 0.065233
169.678142 0.065233
169.851981 0.065233
170.025940 0.065233
170.200017 0.065233
170.374212 0.065233
170.548527 0.065233
170.722960 0.065233
170.897513 0.065233
171.072184 0.065233
171.246974 0.065233
171.421883 0.065233
171.596912 0.065233
171.772059 0.065233
171.947326 0.065233
172.122711 0.065233
172.298216 0.065233
172.473841 0.065233
172.649584 0.065233
172.825447 0.065233
173.001429 0.065233
173.177531 0.065233
173.353752 0.065233
173.530093 0.065233
173.706553 0.065233
173.883133 0.065233
174.059832 0.065233
174.236651 0.065233
174.413590 0.065233
174.590648 0.065233
174.767827 0.065233
174.945125 0.065233
175.122543 0.065233
175.300081 0.065233
175.477739 0.065233
175.655517 0.065233
175.833414 0.065233
176.011432 0.065233
176.189571 0.065233
176.367829 0.065233
176.546207 0.065233
176.724706 0.065233
176.903325 0.065233
177.082064 0.065233
177.260924 0.065233
177.439904 0.065233
177.619004 0.065233
177.798225 0.065233
177.977566 0.065233
178.157028 0.065233
178.336611 0.065233
178.516314 0.065233
178.696138 0.065233
178.876083 0.065233
179.056148 0.065233
179.236334 0.065233
179.416641 0.065233
179.597069 0.065233
179.777618 0.065233
179.958288 0.065233
180.139079 0.065233
180.319991 0.065233
180.501024 0.065233
180.682178 0.065233
180.863453 0.065233
181.044849 0.065233
181.226367 0.065233
181.408006 0.065233
181.589766 0.065233
181.771648 0.065233
181.953651 0.065233
182.135775 0.065233
182.318021 0.065233
182.500389 0.065233
182.682878 0.065233
182.865489 0.065233
183.048221 0.065233
183.231075 0.065233
183.414051 0.065233
183.597149 0.065233
183.780368 0.065233
183.963709 0.065233
184.147172 0.065233
184.330757 0.065233
184.514464 0.065233
184.698294 0.065233
184.882245 0.065233
185.066318 0.065233
185.250513 0.065233
185.434831 0.065233
185.619271 0.065233
185.803833 0.065233
185.988517 0.065233
186.173324 0.065233
186.358253 0.065233
186.543304 0.065233
186.728478 0.065233
186.913774 0.065233
187.099193 0.065233
187.284735 0.065233
187.470399 0.065233
187.656186 0.065233
187.842095 0.065233
188.028128 0.065233
188.214283 0.065233
188.400561 0.065233
188.586961 0.065233
188.773485 0.065233
188.960132 0.065233
189.146901 0.065233
189.333794 0.065233
189.520810 0.065233
189.707949 0.065233
189.895210 0.065233
190.082596 0.065233
190.270104 0.065233
190.457736 0.065233
190.645491 0.065233
190.833369 0.065233
191.021371 0.065233
191.209496 0.065233
191.397745 0.065233
191.586117 0.065233
191.774612 0.065233
191.963232 0.065233
192.151975 0.065233
192.340841 0.065233
192.529832 0.065233
192.718946 0.065233
192.908184 0.065233
193.097545 0.065233
193.287031 0.065233
193.476640 0.065233
193.666374 0.065233
193.856231 0.065233
194.046213 0.065233
194.236319 0.065233
194.426548 0.065233
194.616902 0.065233
194.807380 0.065233
194.997983 0.065233
195.188709 0.065233
195.379560 0.065233
195.570536 0.065233
195.761635 0.065233
195.952859 0.065233
196.144208 0.065233
196.335681 0.065233
196.527279 0.065233
196.719001 0.065233
196.910848 0.065233
197.102820 0.065233
197.294917 0.065233
197.487138 0.065233
197.679484 0.065233
197.871955 0.065233
198.064550 0.065233
198.257271 0.065233
198.450117 0.065233
198.643088 0.065233
198.836183 0.065233
199.029404 0.065233
199.222750 0.065233
199.416221 0.065233
199.609818 0.065233
199.803539 0.065233
199.997386 0.065233
200.191358 0.065233
200.385456 0.065233
200.579679 0.065233
200.774028 0.065233
200.968502 0.065233
201.163101 0.065233
201.357826 0.065233
201.552677 0.065233
201.747654 0.065233
201.942756 0.065233
202.137984 0.065233
202.333337 0.065233
202.528817 0.065233
202.724422 0.065233
202.920153 0.065233
203.116010 0.065233
203.311994 0.065233
203.508103 0.065233
203.704338 0.065233
203.900699 0.065233
204.097187 0.065233
204.293801 0.065233
204.490541 0.065233
204.687407 0.065233
204.884399 0.065233
205.081518 0.065233
205.278764 0.065233
205.476135 0.065233
205.673633 0.065233
205.871258 0.065233
206.069009 0.065233
206.266887 0.065233
206.464892 0.065233
206.663023 0.065233
206.861281 0.065233
207.059665 0.065233
207.258177 0.065233
207.456815 0.065233
207.655580 0.065233
207.854472 0.065233
208.053491 0.065233
208.252637 0.065233
208.451910 0.065233
208.651310 0.065233
208.850837 0.065233
209.050492 0.065233
209.250273 0.065233
209.450182 0.065233
209.650218 0.065233
209.850382 0.065233
210.050673 0.065233
210.251091 0.065233
210.451636 0.065233
210.652310 0.065233
210.853110 0.065233
211.054039 0.065233
211.255094 0.065233
211.456278 0.065233
211.657589 0.065233
211.859028 0.065233
212.060595 0.065233
212.262289 0.065233
212.464111 0.065233
212.666062 0.065233
212.868140 0.065233
213.070346 0.065233
213.272680 0.065233
213.475142 0.065233
213.677732 0.065233
213.880451 0.065233
214.083297 0.065233
214.286272 0.065233
214.489375 0.065233
214.692607 0.065233
214.895966 0.065233
215.099454 0.065233
215.303071 0.065233
215.506816 0.065233
215.710689 0.065233
215.914691 0.065233
216.118822 0.065233
216.323081 0.065233
216.527469 0.065233
216.731985 0.065233
216.936631 0.065233
217.141405 0.065233
217.346307 0.065233
217.551339 0.065233
217.756500 0.065233
217.961789 0.065233
