60.750000 0.065879
60.871561 0.065879
60.993243 0.065880
61.115047 0.065881
61.236972 0.065881
61.359019 0.065882
61.481187 0.065882
61.603477 0.065883
61.725888 0.065883
61.848421 0.065884
61.971075 0.065885
62.093851 0.065885
62.216748 0.065886
62.339767 0.065886
62.462907 0.065887
62.586169 0.065887
62.709552 0.065888
62.833057 0.065889
62.956683 0.065889
63.080431 0.065890
63.204300 0.065890
63.328291 0.065891
63.452403 0.065891
63.576637 0.065892
63.700992 0.065892
63.825469 0.065893
63.950067 0.065893
64.074787 0.065894
64.199628 0.065894
64.324591 0.065895
64.449675 0.065895
64.574881 0.065896
64.700208 0.065896
64.825657 0.065897
64.951227 0.065897
65.076919 0.065898
65.202732 0.065898
65.328667 0.065899
65.454723 0.065899
65.580901 0.065900
65.707200 0.065900
65.833621 0.065901
65.960163 0.065901
66.086827 0.065902
66.213612 0.065902
66.340519 0.065903
66.467547 0.065903
66.594697 0.065904
66.721968 0.065904
66.849361 0.065905
66.976875 0.065905
67.104511 0.065905
67.232268 0.065906
67.360147 0.065906
67.488147 0.065907
67.616269 0.065907
67.744512 0.065908
67.872877 0.065908
68.001363 0.065908
68.129971 0.065909
68.258700 0.065909
68.387551 0.065910
68.516523 0.065910
68.645617 0.065910
68.774832 0.065911
68.904169 0.065911
69.033627 0.065912
69.163207 0.065912
69.292908 0.065912
69.422731 0.065913
69.552675 0.065913
69.682741 0.065914
69.812928 0.065914
69.943237 0.065914
70.073667 0.065915
70.204219 0.065915
70.334892 0.065915
70.465687 0.065916
70.596603 0.065916
70.727641 0.065917
70.858800 0.065917
70.990081 0.065917
71.121483 0.065918
71.253007 0.065918
71.384652 0.065918
71.516419 0.065919
71.648307 0.065919
71.780317 0.065919
71.912448 0.065920
72.044701 0.065920
72.177075 0.065920
72.309571 0.065921
72.442188 0.065921
72.574927 0.065921
72.707787 0.065921
72.840769 0.065922
72.973872 0.065922
73.107097 0.065922
73.240443 0.065923
73.373911 0.065923
73.507500 0.065923
73.641211 0.065924
73.775043 0.065924
73.908997 0.065924
74.043072 0.065924
74.177269 0.065925
74.311587 0.065925
74.446027 0.065925
74.580588 0.065925
74.715271 0.065926
74.850075 0.065926
74.985001 0.065926
75.120048 0.065926
75.255217 0.065927
75.390507 0.065927
75.525919 0.065927
75.661452 0.065927
75.797107 0.065928
75.932883 0.065928
76.068781 0.065928
76.204800 0.065928
76.340941 0.065928
76.477203 0.065929
76.613587 0.065929
76.750092 0.065929
76.886719 0.065929
77.023467 0.065929
77.160337 0.065930
77.297328 0.065930
77.434441 0.065930
77.571675 0.065930
77.709031 0.065930
77.846508 0.065931
77.984107 0.065931
78.121827 0.065931
78.259669 0.065931
78.397632 0.065931
78.535717 0.065931
78.673923 0.065932
78.812251 0.065932
78.950700 0.065932
79.089271 0.065932
79.227963 0.065932
79.366777 0.065932
79.505712 0.065932
79.644769 0.065932
79.783947 0.065933
79.923247 0.065933
80.062668 0.065933
80.202211 0.065933
80.341875 0.065933
80.481661 0.065933
80.621568 0.065933
80.761597 0.065933
80.901747 0.065933
81.042019 0.065934
81.182412 0.065934
81.322927 0.065934
81.463563 0.065934
81.604321 0.065934
81.745200 0.065934
81.886201 0.065934
82.027323 0.065934
82.168567 0.065934
82.309932 0.065934
82.451419 0.065934
82.593027 0.065934
82.734757 0.065934
82.876608 0.065935
83.018581 0.065935
83.160675 0.065935
83.302891 0.065935
83.445228 0.065935
83.587687 0.065935
83.730267 0.065935
83.872969 0.065935
84.015792 0.065935
84.158737 0.065935
84.301803 0.065935
84.444991 0.065935
84.588300 0.065935
84.731731 0.065935
84.875283 0.065935
85.018957 0.065935
85.162752 0.065935
85.306669 0.065935
85.450707 0.065935
85.594867 0.065935
85.739148 0.065935
85.883551 0.065935
86.028075 0.065935
86.172721 0.065935
86.317488 0.065935
86.462377 0.065935
86.607387 0.065935
86.752519 0.065934
86.897772 0.065934
87.043147 0.065934
87.188643 0.065934
87.334261 0.065934
87.480000 0.065934
87.625861 0.065934
87.771843 0.065934
87.917947 0.065934
88.064172 0.065934
88.210519 0.065934
88.356987 0.065934
88.503577 0.065934
88.650288 0.065934
88.797121 0.065933
88.944075 0.065933
89.091151 0.065933
89.238348 0.065933
89.385667 0.065933
89.533107 0.065933
89.680669 0.065933
89.828352 0.065933
89.976157 0.065933
90.124083 0.065932
90.272131 0.065932
90.420300 0.065932
90.568591 0.065932
90.717003 0.065932
90.865537 0.065932
91.014192 0.065932
91.162969 0.065931
91.311867 0.065931
91.460887 0.065931
91.610028 0.065931
91.759291 0.065931
91.908675 0.065931
92.058181 0.065930
92.207808 0.065930
92.357557 0.065930
92.507427 0.065930
92.657419 0.065930
92.807532 0.065929
92.957767 0.065929
93.108123 0.065929
93.258601 0.065929
93.409200 0.065929
93.559921 0.065928
93.710763 0.065928
93.861727 0.065928
94.012812 0.065928
94.164019 0.065928
94.315347 0.065927
94.466797 0.065927
94.618368 0.065927
94.770061 0.065927
94.921875 0.065926
95.073811 0.065926
95.225868 0.065926
95.378047 0.065926
95.530347 0.065925
95.682769 0.065925
95.835312 0.065925
95.987977 0.065925
96.140763 0.065924
96.293671 0.065924
96.446700 0.065924
96.599851 0.065923
96.753123 0.065923
96.906517 0.065923
97.060032 0.065923
97.213669 0.065922
97.367427 0.065922
97.521307 0.065922
97.675308 0.065921
97.829431 0.065921
97.983675 0.065921
98.138041 0.065920
98.292528 0.065920
98.447137 0.065920
98.601867 0.065920
98.756719 0.065919
98.911692 0.065919
99.066787 0.065918
99.222003 0.065918
99.377341 0.065918
99.532800 0.065917
99.688381 0.065917
99.844083 0.065917
99.999907 0.065916
100.155852 0.065916
100.311919 0.065916
100.468107 0.065915
100.624417 0.065915
100.780848 0.065915
100.937401 0.065914
101.094075 0.065914
101.250871 0.065913
101.407788 0.065913
101.564827 0.065913
101.721987 0.065912
101.879269 0.065912
102.036672 0.065911
102.194197 0.065911
102.351843 0.065911
102.509611 0.065910
102.667500 0.065910
102.825511 0.065909
102.983643 0.065909
103.141897 0.065908
103.300272 0.065908
103.458769 0.065908
103.617387 0.065907
103.776127 0.065907
103.934988 0.065906
104.093971 0.065906
104.253075 0.065905
104.412301 0.065905
104.571648 0.065904
104.731117 0.065904
104.890707 0.065903
105.050419 0.065903
105.210252 0.065903
105.370207 0.065902
105.530283 0.065902
105.690481 0.065901
105.850800 0.065901
106.011241 0.065900
106.171803 0.065900
106.332487 0.065899
106.493292 0.065899
106.654219 0.065898
106.815267 0.065898
106.976437 0.065897
107.137728 0.065897
107.299141 0.065896
107.460675 0.065896
107.622331 0.065895
107.784108 0.065894
107.946007 0.065894
108.108027 0.065893
108.270169 0.065893
108.432432 0.065892
108.594817 0.065892
108.757323 0.065891
108.919951 0.065891
109.082700 0.065890
109.245571 0.065890
109.408563 0.065889
109.571677 0.065888
109.734912 0.065888
109.898269 0.065887
110.061747 0.065887
110.225347 0.065886
110.389068 0.065885
110.552911 0.065885
110.716875 0.065884
110.880961 0.065884
111.045168 0.065883
111.209497 0.065883
111.373947 0.065882
111.538519 0.065881
111.703212 0.065881
111.868027 0.065880
112.032963 0.065879
112.198021 0.065879
112.363200 0.065878
112.528501 0.065878
112.693923 0.065877
112.859467 0.065876
113.025132 0.065876
113.190919 0.065875
113.356827 0.065874
113.522857 0.065874
113.689008 0.065873
113.855281 0.065872
114.021675 0.065872
114.188191 0.065871
114.354828 0.065870
114.521587 0.065870
114.688467 0.065869
114.855469 0.065868
115.022592 0.065868
115.189837 0.065867
115.357203 0.065866
115.524691 0.065866
115.692300 0.065865
115.860031 0.065864
116.027883 0.065864
116.195857 0.065863
116.363952 0.065862
116.532169 0.065862
116.700507 0.065861
116.868967 0.065860
117.037548 0.065859
117.206251 0.065859
117.375075 0.065858
117.544021 0.065857
117.713088 0.065856
117.882277 0.065856
118.051587 0.065855
118.221019 0.065854
118.390572 0.065854
118.560247 0.065853
118.730043 0.065852
118.899961 0.065851
119.070000 0.065851
119.240161 0.065850
119.410443 0.065849
119.580847 0.065848
119.751372 0.065847
119.922019 0.065847
120.092787 0.065846
120.263677 0.065845
120.434688 0.065844
120.605821 0.065844
120.777075 0.065843
120.948451 0.065842
121.119948 0.065841
121.291567 0.065840
121.463307 0.065840
121.635169 0.065839
121.807152 0.065838
121.979257 0.065837
122.151483 0.065836
122.323831 0.065836
122.496300 0.065835
122.668891 0.065834
122.841603 0.065833
123.014437 0.065832
123.187392 0.065831
123.360469 0.065831
123.533667 0.065830
123.706987 0.065829
123.880428 0.065828
124.053991 0.065827
124.227675 0.065826
124.401481 0.065826
124.575408 0.065825
124.749457 0.065824
124.923627 0.065823
125.097919 0.065822
125.272332 0.065821
125.446867 0.065820
125.621523 0.065820
125.796301 0.065819
125.971200 0.065818
126.146221 0.065817
126.321363 0.065816
126.496627 0.065815
126.672012 0.065814
126.847519 0.065813
127.023147 0.065812
127.198897 0.065812
127.374768 0.065811
127.550761 0.065810
127.726875 0.065809
127.903111 0.065808
128.079468 0.065807
128.255947 0.065806
128.432547 0.065805
128.609269 0.065804
128.786112 0.065803
128.963077 0.065802
129.140163 0.065802
129.317371 0.065801
129.494700 0.065800
129.672151 0.065799
129.849723 0.065798
130.027417 0.065797
130.205232 0.065796
130.383169 0.065795
130.561227 0.065794
130.739407 0.065793
130.917708 0.065792
131.096131 0.065791
131.274675 0.065790
131.453341 0.065789
131.632128 0.065788
131.811037 0.065787
131.990067 0.065786
132.169219 0.065785
132.348492 0.065784
132.527887 0.065783
132.707403 0.065782
132.887041 0.065781
133.066800 0.065780
133.246681 0.065779
133.426683 0.065778
133.606807 0.065777
133.787052 0.065776
133.967419 0.065775
134.147907 0.065774
134.328517 0.065773
134.509248 0.065772
134.690101 0.065771
134.871075 0.065770
135.052171 0.065769
135.233388 0.065768
135.414727 0.065767
135.596187 0.065766
135.777769 0.065765
135.959472 0.065764
136.141297 0.065763
136.323243 0.065762
136.505311 0.065761
136.687500 0.065760
136.869811 0.065759
137.052243 0.065758
137.234797 0.065757
137.417472 0.065756
137.600269 0.065755
137.783187 0.065754
137.966227 0.065753
138.149388 0.065752
138.332671 0.065751
138.516075 0.065750
138.699601 0.065749
138.883248 0.065748
139.067017 0.065746
139.250907 0.065745
139.434919 0.065744
139.619052 0.065743
139.803307 0.065742
139.987683 0.065741
140.172181 0.065740
140.356800 0.065739
140.541541 0.065738
140.726403 0.065737
140.911387 0.065736
141.096492 0.065735
141.281719 0.065734
141.467067 0.065732
141.652537 0.065731
141.838128 0.065730
142.023841 0.065729
142.209675 0.065728
142.395631 0.065727
142.581708 0.065726
142.767907 0.065725
142.954227 0.065724
143.140669 0.065722
143.327232 0.065721
143.513917 0.065720
143.700723 0.065719
143.887651 0.065718
144.074700 0.065717
144.261871 0.065716
144.449163 0.065715
144.636577 0.065713
144.824112 0.065712
145.011769 0.065711
145.199547 0.065710
145.387447 0.065709
145.575468 0.065708
145.763611 0.065707
145.951875 0.065706
146.140261 0.065704
146.328768 0.065703
146.517397 0.065702
146.706147 0.065701
146.895019 0.065700
147.084012 0.065699
147.273127 0.065697
147.462363 0.065696
147.651721 0.065695
147.841200 0.065694
148.030801 0.065693
148.220523 0.065692
148.410367 0.065690
148.600332 0.065689
148.790419 0.065688
148.980627 0.065687
149.170957 0.065686
149.361408 0.065685
149.551981 0.065683
149.742675 0.065682
149.933491 0.065681
150.124428 0.065680
150.315487 0.065679
150.506667 0.065677
150.697969 0.065676
150.889392 0.065675
151.080937 0.065674
151.272603 0.065673
151.464391 0.065672
151.656300 0.065670
151.848331 0.065669
152.040483 0.065668
152.232757 0.065667
152.425152 0.065666
152.617669 0.065664
152.810307 0.065663
153.003067 0.065662
153.195948 0.065661
153.388951 0.065660
153.582075 0.065658
153.775321 0.065657
153.968688 0.065656
154.162177 0.065655
154.355787 0.065653
154.549519 0.065652
154.743372 0.065651
154.937347 0.065650
155.131443 0.065649
155.325661 0.065647
155.520000 0.065646
155.714461 0.065645
155.909043 0.065644
156.103747 0.065642
156.298572 0.065641
156.493519 0.065640
156.688587 0.065639
156.883777 0.065638
157.079088 0.065636
157.274521 0.065635
157.470075 0.065634
157.665751 0.065633
157.861548 0.065631
158.057467 0.065630
158.253507 0.065629
158.449669 0.065628
158.645952 0.065626
158.842357 0.065625
159.038883 0.065624
159.235531 0.065623
159.432300 0.065621
159.629191 0.065620
159.826203 0.065619
160.023337 0.065618
160.220592 0.065616
160.417969 0.065615
160.615467 0.065614
160.813087 0.065613
161.010828 0.065611
161.208691 0.065610
161.406675 0.065609
161.604781 0.065608
161.803008 0.065606
162.001357 0.065605
162.199827 0.065604
162.398419 0.065603
162.597132 0.065601
162.795967 0.065600
162.994923 0.065599
163.194001 0.065598
163.393200 0.065596
163.592521 0.065595
163.791963 0.065594
163.991527 0.065592
164.191212 0.065591
164.391019 0.065590
164.590947 0.065589
164.790997 0.065587
164.991168 0.065586
165.191461 0.065585
165.391875 0.065584
165.592411 0.065582
165.793068 0.065581
165.993847 0.065580
166.194747 0.065579
166.395769 0.065577
166.596912 0.065576
166.798177 0.065575
166.999563 0.065573
167.201071 0.065572
167.402700 0.065571
167.604451 0.065570
167.806323 0.065568
168.008317 0.065567
168.210432 0.065566
168.412669 0.065564
168.615027 0.065563
168.817507 0.065562
169.020108 0.065561
169.222831 0.065559
169.425675 0.065558
169.628641 0.065557
169.831728 0.065556
170.034937 0.065554
170.238267 0.065553
170.441719 0.065552
170.645292 0.065550
170.848987 0.065549
171.052803 0.065548
171.256741 0.065547
171.460800 0.065545
171.664981 0.065544
171.869283 0.065543
172.073707 0.065541
172.278252 0.065540
172.482919 0.065539
172.687707 0.065538
172.892617 0.065536
173.097648 0.065535
173.302801 0.065534
173.508075 0.065532
173.713471 0.065531
173.918988 0.065530
174.124627 0.065529
174.330387 0.065527
174.536269 0.065526
174.742272 0.065525
174.948397 0.065523
175.154643 0.065522
175.361011 0.065521
175.567500 0.065520
175.774111 0.065518
175.980843 0.065517
176.187697 0.065516
176.394672 0.065514
176.601769 0.065513
176.808987 0.065512
177.016327 0.065511
177.223788 0.065509
177.431371 0.065508
177.639075 0.065507
177.846901 0.065506
178.054848 0.065504
178.262917 0.065503
178.471107 0.065502
178.679419 0.065500
178.887852 0.065499
179.096407 0.065498
179.305083 0.065497
179.513881 0.065495
179.722800 0.065494
179.931841 0.065493
180.141003 0.065491
180.350287 0.065490
180.559692 0.065489
180.769219 0.065488
180.978867 0.065486
181.188637 0.065485
181.398528 0.065484
181.608541 0.065483
181.818675 0.065481
182.028931 0.065480
182.239308 0.065479
182.449807 0.065477
182.660427 0.065476
182.871169 0.065475
183.082032 0.065474
183.293017 0.065472
183.504123 0.065471
183.715351 0.065470
183.926700 0.065469
184.138171 0.065467
184.349763 0.065466
184.561477 0.065465
184.773312 0.065464
184.985269 0.065462
185.197347 0.065461
185.409547 0.065460
185.621868 0.065458
185.834311 0.065457
186.046875 0.065456
186.259561 0.065455
186.472368 0.065453
186.685297 0.065452
186.898347 0.065451
187.111519 0.065450
187.324812 0.065448
187.538227 0.065447
187.751763 0.065446
187.965421 0.065445
188.179200 0.065443
188.393101 0.065442
188.607123 0.065441
188.821267 0.065440
189.035532 0.065438
189.249919 0.065437
189.464427 0.065436
189.679057 0.065435
189.893808 0.065434
190.108681 0.065432
190.323675 0.065431
190.538791 0.065430
190.754028 0.065429
190.969387 0.065427
191.184867 0.065426
191.400469 0.065425
191.616192 0.065424
191.832037 0.065422
192.048003 0.065421
192.264091 0.065420
192.480300 0.065419
192.696631 0.065417
192.913083 0.065416
193.129657 0.065415
193.346352 0.065414
193.563169 0.065413
193.780107 0.065411
193.997167 0.065410
194.214348 0.065409
194.431651 0.065408
194.649075 0.065407
194.866621 0.065405
195.084288 0.065404
195.302077 0.065403
195.519987 0.065402
195.738019 0.065400
195.956172 0.065399
196.174447 0.065398
196.392843 0.065397
196.611361 0.065396
196.830000 0.065394
197.048761 0.065393
197.267643 0.065392
197.486647 0.065391
197.705772 0.065390
197.925019 0.065389
198.144387 0.065387
198.363877 0.065386
198.583488 0.065385
198.803221 0.065384
199.023075 0.065383
199.243051 0.065381
199.463148 0.065380
199.683367 0.065379
199.903707 0.065378
200.124169 0.065377
200.344752 0.065376
200.565457 0.065374
200.786283 0.065373
201.007231 0.065372
201.228300 0.065371
201.449491 0.065370
201.670803 0.065369
201.892237 0.065367
202.113792 0.065366
202.335469 0.065365
202.557267 0.065364
202.779187 0.065363
203.001228 0.065362
203.223391 0.065360
203.445675 0.065359
203.668081 0.065358
203.890608 0.065357
204.113257 0.065356
204.336027 0.065355
204.558919 0.065354
204.781932 0.065352
205.005067 0.065351
205.228323 0.065350
205.451701 0.065349
205.675200 0.065348
205.898821 0.065347
206.122563 0.065346
206.346427 0.065345
206.570412 0.065343
206.794519 0.065342
207.018747 0.065341
207.243097 0.065340
207.467568 0.065339
207.692161 0.065338
207.916875 0.065337
208.141711 0.065336
208.366668 0.065335
208.591747 0.065333
208.816947 0.065332
209.042269 0.065331
209.267712 0.065330
209.493277 0.065329
209.718963 0.065328
209.944771 0.065327
210.170700 0.065326
210.396751 0.065325
210.622923 0.065324
210.849217 0.065323
211.075632 0.065321
211.302169 0.065320
211.528827 0.065319
211.755607 0.065318
211.982508 0.065317
212.209531 0.065316
212.436675 0.065315
212.663941 0.065314
212.891328 0.065313
213.118837 0.065312
213.346467 0.065311
213.574219 0.065310
213.802092 0.065309
214.030087 0.065308
214.258203 0.065307
214.486441 0.065306
214.714800 0.065305
214.943281 0.065304
215.171883 0.065303
215.400607 0.065301
215.629452 0.065300
215.858419 0.065299
216.087507 0.065298
216.316717 0.065297
216.546048 0.065296
216.775501 0.065295
217.005075 0.065294
217.234771 0.065293
217.464588 0.065292
217.694527 0.065291
217.924587 0.065290
218.154769 0.065289
218.385072 0.065288
218.615497 0.065287
218.846043 0.065286
219.076711 0.065285
219.307500 0.065284
219.538411 0.065283
219.769443 0.065282
220.000597 0.065281
220.231872 0.065280
220.463269 0.065279
220.694787 0.065278
220.926427 0.065277
221.158188 0.065277
221.390071 0.065276
221.622075 0.065275
221.854201 0.065274
222.086448 0.065273
222.318817 0.065272
222.551307 0.065271
222.783919 0.065270
223.016652 0.065269
223.249507 0.065268
223.482483 0.065267
223.715581 0.065266
223.948800 0.065265
224.182141 0.065264
224.415603 0.065263
224.649187 0.065262
224.882892 0.065261
225.116719 0.065260
225.350667 0.065260
225.584737 0.065259
225.818928 0.065258
226.053241 0.065257
226.287675 0.065256
226.522231 0.065255
226.756908 0.065254
226.991707 0.065253
227.226627 0.065252
227.461669 0.065251
227.696832 0.065251
227.932117 0.065250
228.167523 0.065249
228.403051 0.065248
228.638700 0.065247
228.874471 0.065246
229.110363 0.065245
229.346377 0.065244
229.582512 0.065244
229.818769 0.065243
230.055147 0.065242
230.291647 0.065241
230.528268 0.065240
230.765011 0.065239
231.001875 0.065238
231.238861 0.065238
231.475968 0.065237
231.713197 0.065236
231.950547 0.065235
232.188019 0.065234
232.425612 0.065233
232.663327 0.065233
232.901163 0.065232
233.139121 0.065231
233.377200 0.065230
233.615401 0.065229
233.853723 0.065228
234.092167 0.065228
234.330732 0.065227
234.569419 0.065226
234.808227 0.065225
235.047157 0.065224
235.286208 0.065224
235.525381 0.065223
235.764675 0.065222
236.004091 0.065221
236.243628 0.065221
236.483287 0.065220
236.723067 0.065219
236.962969 0.065218
237.202992 0.065217
237.443137 0.065217
237.683403 0.065216
237.923791 0.065215
238.164300 0.065214
238.404931 0.065214
238.645683 0.065213
238.886557 0.065212
239.127552 0.065211
239.368669 0.065211
239.609907 0.065210
239.851267 0.065209
240.092748 0.065208
240.334351 0.065208
240.576075 0.065207
240.817921 0.065206
241.059888 0.065206
241.301977 0.065205
241.544187 0.065204
241.786519 0.065203
242.028972 0.065203
242.271547 0.065202
242.514243 0.065201
242.757061 0.065201
243.000000 0.065200
243.243061 0.065199
243.486243 0.065199
243.729547 0.065198
243.972972 0.065197
244.216519 0.065197
244.460187 0.065196
244.703977 0.065195
244.947888 0.065194
245.191921 0.065194
245.436075 0.065193
245.680351 0.065193
245.924748 0.065192
246.169267 0.065191
246.413907 0.065191
246.658669 0.065190
246.903552 0.065189
247.148557 0.065189
247.393683 0.065188
247.638931 0.065187
247.884300 0.065187
248.129791 0.065186
248.375403 0.065186
248.621137 0.065185
248.866992 0.065184
249.112969 0.065184
249.359067 0.065183
249.605287 0.065182
249.851628 0.065182
250.098091 0.065181
250.344675 0.065181
250.591381 0.065180
250.838208 0.065179
251.085157 0.065179
251.332227 0.065178
251.579419 0.065178
251.826732 0.065177
252.074167 0.065177
252.321723 0.065176
252.569401 0.065175
252.817200 0.065175
253.065121 0.065174
253.313163 0.065174
253.561327 0.065173
253.809612 0.065173
254.058019 0.065172
254.306547 0.065172
254.555197 0.065171
254.803968 0.065170
255.052861 0.065170
255.301875 0.065169
255.551011 0.065169
255.800268 0.065168
256.049647 0.065168
256.299147 0.065167
256.548769 0.065167
256.798512 0.065166
257.048377 0.065166
257.298363 0.065165
257.548471 0.065165
257.798700 0.065164
258.049051 0.065164
258.299523 0.065163
258.550117 0.065163
258.800832 0.065162
259.051669 0.065162
259.302627 0.065161
259.553707 0.065161
259.804908 0.065160
260.056231 0.065160
260.307675 0.065160
260.559241 0.065159
260.810928 0.065159
261.062737 0.065158
261.314667 0.065158
261.566719 0.065157
261.818892 0.065157
262.071187 0.065156
262.323603 0.065156
262.576141 0.065156
262.828800 0.065155
263.081581 0.065155
263.334483 0.065154
263.587507 0.065154
263.840652 0.065153
264.093919 0.065153
264.347307 0.065153
264.600817 0.065152
264.854448 0.065152
265.108201 0.065151
265.362075 0.065151
265.616071 0.065151
265.870188 0.065150
266.124427 0.065150
266.378787 0.065149
266.633269 0.065149
266.887872 0.065149
267.142597 0.065148
267.397443 0.065148
267.652411 0.065148
267.907500 0.065147
268.162711 0.065147
268.418043 0.065146
268.673497 0.065146
268.929072 0.065146
269.184769 0.065145
269.440587 0.065145
269.696527 0.065145
269.952588 0.065144
270.208771 0.065144
270.465075 0.065144
270.721501 0.065143
270.978048 0.065143
271.234717 0.065143
271.491507 0.065142
271.748419 0.065142
272.005452 0.065142
272.262607 0.065141
272.519883 0.065141
272.777281 0.065141
273.034800 0.065141
273.292441 0.065140
273.550203 0.065140
273.808087 0.065140
274.066092 0.065139
274.324219 0.065139
274.582467 0.065139
274.840837 0.065139
275.099328 0.065138
275.357941 0.065138
275.616675 0.065138
275.875531 0.065137
276.134508 0.065137
276.393607 0.065137
276.652827 0.065137
276.912169 0.065136
277.171632 0.065136
277.431217 0.065136
277.690923 0.065136
277.950751 0.065135
278.210700 0.065135
278.470771 0.065135
278.730963 0.065135
278.991277 0.065135
279.251712 0.065134
279.512269 0.065134
279.772947 0.065134
280.033747 0.065134
280.294668 0.065133
280.555711 0.065133
280.816875 0.065133
281.078161 0.065133
281.339568 0.065133
281.601097 0.065132
281.862747 0.065132
282.124519 0.065132
282.386412 0.065132
282.648427 0.065132
282.910563 0.065131
283.172821 0.065131
283.435200 0.065131
283.697701 0.065131
283.960323 0.065131
284.223067 0.065131
284.485932 0.065130
284.748919 0.065130
285.012027 0.065130
285.275257 0.065130
285.538608 0.065130
285.802081 0.065130
286.065675 0.065130
286.329391 0.065129
286.593228 0.065129
286.857187 0.065129
287.121267 0.065129
287.385469 0.065129
287.649792 0.065129
287.914237 0.065129
288.178803 0.065129
288.443491 0.065128
288.708300 0.065128
288.973231 0.065128
289.238283 0.065128
289.503457 0.065128
289.768752 0.065128
290.034169 0.065128
290.299707 0.065128
290.565367 0.065128
290.831148 0.065127
291.097051 0.065127
291.363075 0.065127
291.629221 0.065127
291.895488 0.065127
292.161877 0.065127
292.428387 0.065127
292.695019 0.065127
292.961772 0.065127
293.228647 0.065127
293.495643 0.065127
293.762761 0.065127
294.030000 0.065127
294.297361 0.065127
294.564843 0.065126
294.832447 0.065126
295.100172 0.065126
295.368019 0.065126
295.635987 0.065126
295.904077 0.065126
296.172288 0.065126
296.440621 0.065126
296.709075 0.065126
296.977651 0.065126
297.246348 0.065126
297.515167 0.065126
297.784107 0.065126
298.053169 0.065126
298.322352 0.065126
298.591657 0.065126
298.861083 0.065126
299.130631 0.065126
299.400300 0.065126
299.670091 0.065126
299.940003 0.065126
300.210037 0.065126
300.480192 0.065126
300.750469 0.065126
301.020867 0.065126
301.291387 0.065126
301.562028 0.065126
301.832791 0.065126
302.103675 0.065126
302.374681 0.065126
302.645808 0.065126
302.917057 0.065126
303.188427 0.065126
303.459919 0.065126
303.731532 0.065126
304.003267 0.065126
304.275123 0.065126
304.547101 0.065126
304.819200 0.065126
305.091421 0.065127
305.363763 0.065127
305.636227 0.065127
305.908812 0.065127
306.181519 0.065127
306.454347 0.065127
306.727297 0.065127
307.000368 0.065127
307.273561 0.065127
307.546875 0.065127
307.820311 0.065127
308.093868 0.065127
308.367547 0.065127
308.641347 0.065127
308.915269 0.065128
309.189312 0.065128
309.463477 0.065128
309.737763 0.065128
310.012171 0.065128
310.286700 0.065128
310.561351 0.065128
310.836123 0.065128
311.111017 0.065128
311.386032 0.065128
311.661169 0.065128
311.936427 0.065129
312.211807 0.065129
312.487308 0.065129
312.762931 0.065129
313.038675 0.065129
313.314541 0.065129
313.590528 0.065129
313.866637 0.065129
314.142867 0.065130
314.419219 0.065130
314.695692 0.065130
314.972287 0.065130
315.249003 0.065130
315.525841 0.065130
315.802800 0.065130
316.079881 0.065131
316.357083 0.065131
316.634407 0.065131
316.911852 0.065131
317.189419 0.065131
317.467107 0.065131
317.744917 0.065131
318.022848 0.065132
318.300901 0.065132
318.579075 0.065132
318.857371 0.065132
319.135788 0.065132
319.414327 0.065132
319.692987 0.065133
319.971769 0.065133
320.250672 0.065133
320.529697 0.065133
320.808843 0.065133
321.088111 0.065133
321.367500 0.065134
321.647011 0.065134
321.926643 0.065134
322.206397 0.065134
322.486272 0.065134
322.766269 0.065135
323.046387 0.065135
323.326627 0.065135
323.606988 0.065135
323.887471 0.065135
324.168075 0.065136
324.448801 0.065136
324.729648 0.065136
325.010617 0.065136
325.291707 0.065136
325.572919 0.065137
325.854252 0.065137
326.135707 0.065137
326.417283 0.065137
326.698981 0.065137
326.980800 0.065138
327.262741 0.065138
327.544803 0.065138
327.826987 0.065138
328.109292 0.065139
328.391719 0.065139
328.674267 0.065139
328.956937 0.065139
329.239728 0.065140
329.522641 0.065140
329.805675 0.065140
330.088831 0.065140
330.372108 0.065140
330.655507 0.065141
330.939027 0.065141
331.222669 0.065141
331.506432 0.065141
331.790317 0.065142
332.074323 0.065142
332.358451 0.065142
332.642700 0.065142
332.927071 0.065143
333.211563 0.065143
333.496177 0.065143
333.780912 0.065143
334.065769 0.065144
334.350747 0.065144
334.635847 0.065144
334.921068 0.065144
335.206411 0.065145
335.491875 0.065145
335.777461 0.065145
336.063168 0.065146
336.348997 0.065146
336.634947 0.065146
336.921019 0.065146
337.207212 0.065147
337.493527 0.065147
337.779963 0.065147
338.066521 0.065147
338.353200 0.065148
338.640001 0.065148
338.926923 0.065148
339.213967 0.065149
339.501132 0.065149
339.788419 0.065149
340.075827 0.065149
340.363357 0.065150
340.651008 0.065150
340.938781 0.065150
341.226675 0.065151
341.514691 0.065151
341.802828 0.065151
342.091087 0.065151
342.379467 0.065152
342.667969 0.065152
342.956592 0.065152
343.245337 0.065153
343.534203 0.065153
343.823191 0.065153
344.112300 0.065154
344.401531 0.065154
344.690883 0.065154
344.980357 0.065154
345.269952 0.065155
345.559669 0.065155
345.849507 0.065155
346.139467 0.065156
346.429548 0.065156
346.719751 0.065156
347.010075 0.065157
347.300521 0.065157
347.591088 0.065157
347.881777 0.065157
348.172587 0.065158
348.463519 0.065158
348.754572 0.065158
349.045747 0.065159
349.337043 0.065159
349.628461 0.065159
349.920000 0.065160
350.211661 0.065160
350.503443 0.065160
350.795347 0.065161
351.087372 0.065161
351.379519 0.065161
351.671787 0.065162
351.964177 0.065162
352.256688 0.065162
352.549321 0.065163
352.842075 0.065163
353.134951 0.065163
353.427948 0.065164
353.721067 0.065164
354.014307 0.065164
354.307669 0.065164
354.601152 0.065165
354.894757 0.065165
355.188483 0.065165
355.482331 0.065166
355.776300 0.065166
356.070391 0.065166
356.364603 0.065167
356.658937 0.065167
356.953392 0.065167
357.247969 0.065168
357.542667 0.065168
357.837487 0.065168
358.132428 0.065169
358.427491 0.065169
358.722675 0.065169
359.017981 0.065170
359.313408 0.065170
359.608957 0.065170
359.904627 0.065171
360.200419 0.065171
360.496332 0.065171
360.792367 0.065172
361.088523 0.065172
361.384801 0.065172
361.681200 0.065173
361.977721 0.065173
362.274363 0.065173
362.571127 0.065174
362.868012 0.065174
363.165019 0.065174
363.462147 0.065175
363.759397 0.065175
364.056768 0.065175
364.354261 0.065176
364.651875 0.065176
364.949611 0.065176
365.247468 0.065177
365.545447 0.065177
365.843547 0.065177
366.141769 0.065178
366.440112 0.065178
366.738577 0.065178
367.037163 0.065179
367.335871 0.065179
367.634700 0.065179
367.933651 0.065180
368.232723 0.065180
368.531917 0.065180
368.831232 0.065181
369.130669 0.065181
369.430227 0.065181
369.729907 0.065182
370.029708 0.065182
370.329631 0.065182
370.629675 0.065183
370.929841 0.065183
371.230128 0.065183
371.530537 0.065184
371.831067 0.065184
372.131719 0.065184
372.432492 0.065185
372.733387 0.065185
373.034403 0.065185
373.335541 0.065186
373.636800 0.065186
373.938181 0.065186
374.239683 0.065187
374.541307 0.065187
374.843052 0.065187
375.144919 0.065188
375.446907 0.065188
375.749017 0.065188
376.051248 0.065188
376.353601 0.065189
376.656075 0.065189
376.958671 0.065189
377.261388 0.065190
377.564227 0.065190
377.867187 0.065190
378.170269 0.065191
378.473472 0.065191
378.776797 0.065191
379.080243 0.065192
379.383811 0.065192
379.687500 0.065192
379.991311 0.065193
380.295243 0.065193
380.599297 0.065193
380.903472 0.065194
381.207769 0.065194
381.512187 0.065194
381.816727 0.065194
382.121388 0.065195
382.426171 0.065195
382.731075 0.065195
383.036101 0.065196
383.341248 0.065196
383.646517 0.065196
383.951907 0.065197
384.257419 0.065197
384.563052 0.065197
384.868807 0.065197
385.174683 0.065198
385.480681 0.065198
385.786800 0.065198
386.093041 0.065199
386.399403 0.065199
386.705887 0.065199
387.012492 0.065200
387.319219 0.065200
387.626067 0.065200
387.933037 0.065200
388.240128 0.065201
388.547341 0.065201
388.854675 0.065201
389.162131 0.065202
389.469708 0.065202
389.777407 0.065202
390.085227 0.065202
390.393169 0.065203
390.701232 0.065203
391.009417 0.065203
391.317723 0.065204
391.626151 0.065204
391.934700 0.065204
392.243371 0.065204
392.552163 0.065205
392.861077 0.065205
393.170112 0.065205
393.479269 0.065205
393.788547 0.065206
394.097947 0.065206
394.407468 0.065206
394.717111 0.065207
395.026875 0.065207
395.336761 0.065207
395.646768 0.065207
395.956897 0.065208
396.267147 0.065208
396.577519 0.065208
396.888012 0.065208
397.198627 0.065209
397.509363 0.065209
397.820221 0.065209
398.131200 0.065209
398.442301 0.065210
398.753523 0.065210
399.064867 0.065210
399.376332 0.065210
399.687919 0.065211
399.999627 0.065211
400.311457 0.065211
400.623408 0.065211
400.935481 0.065212
401.247675 0.065212
401.559991 0.065212
401.872428 0.065212
402.184987 0.065213
402.497667 0.065213
402.810469 0.065213
403.123392 0.065213
403.436437 0.065213
403.749603 0.065214
404.062891 0.065214
404.376300 0.065214
404.689831 0.065214
405.003483 0.065215
405.317257 0.065215
405.631152 0.065215
405.945169 0.065215
406.259307 0.065215
406.573567 0.065216
406.887948 0.065216
407.202451 0.065216
407.517075 0.065216
407.831821 0.065216
408.146688 0.065217
408.461677 0.065217
408.776787 0.065217
409.092019 0.065217
409.407372 0.065217
409.722847 0.065218
410.038443 0.065218
410.354161 0.065218
410.670000 0.065218
410.985961 0.065218
411.302043 0.065219
411.618247 0.065219
411.934572 0.065219
412.251019 0.065219
412.567587 0.065219
412.884277 0.065220
413.201088 0.065220
413.518021 0.065220
413.835075 0.065220
414.152251 0.065220
414.469548 0.065221
414.786967 0.065221
415.104507 0.065221
415.422169 0.065221
415.739952 0.065221
416.057857 0.065221
416.375883 0.065222
416.694031 0.065222
417.012300 0.065222
417.330691 0.065222
417.649203 0.065222
417.967837 0.065222
418.286592 0.065223
418.605469 0.065223
418.924467 0.065223
419.243587 0.065223
419.562828 0.065223
419.882191 0.065223
420.201675 0.065223
420.521281 0.065224
420.841008 0.065224
421.160857 0.065224
421.480827 0.065224
421.800919 0.065224
422.121132 0.065224
422.441467 0.065225
422.761923 0.065225
423.082501 0.065225
423.403200 0.065225
423.724021 0.065225
424.044963 0.065225
424.366027 0.065225
424.687212 0.065225
425.008519 0.065226
425.329947 0.065226
425.651497 0.065226
425.973168 0.065226
426.294961 0.065226
426.616875 0.065226
426.938911 0.065226
427.261068 0.065226
427.583347 0.065227
427.905747 0.065227
428.228269 0.065227
428.550912 0.065227
428.873677 0.065227
429.196563 0.065227
429.519571 0.065227
429.842700 0.065227
430.165951 0.065228
430.489323 0.065228
430.812817 0.065228
431.136432 0.065228
431.460169 0.065228
431.784027 0.065228
432.108007 0.065228
432.432108 0.065228
432.756331 0.065228
433.080675 0.065228
433.405141 0.065229
433.729728 0.065229
434.054437 0.065229
434.379267 0.065229
434.704219 0.065229
435.029292 0.065229
435.354487 0.065229
435.679803 0.065229
436.005241 0.065229
436.330800 0.065229
436.656481 0.065229
436.982283 0.065230
437.308207 0.065230
437.634252 0.065230
437.960419 0.065230
438.286707 0.065230
438.613117 0.065230
438.939648 0.065230
439.266301 0.065230
439.593075 0.065230
439.919971 0.065230
440.246988 0.065230
440.574127 0.065230
440.901387 0.065230
441.228769 0.065231
441.556272 0.065231
441.883897 0.065231
442.211643 0.065231
442.539511 0.065231
442.867500 0.065231
443.195611 0.065231
443.523843 0.065231
443.852197 0.065231
444.180672 0.065231
444.509269 0.065231
444.837987 0.065231
445.166827 0.065231
445.495788 0.065231
445.824871 0.065231
446.154075 0.065231
446.483401 0.065232
446.812848 0.065232
447.142417 0.065232
447.472107 0.065232
447.801919 0.065232
448.131852 0.065232
448.461907 0.065232
448.792083 0.065232
449.122381 0.065232
449.452800 0.065232
449.783341 0.065232
450.114003 0.065232
450.444787 0.065232
450.775692 0.065232
451.106719 0.065232
451.437867 0.065232
451.769137 0.065232
452.100528 0.065232
452.432041 0.065232
452.763675 0.065232
453.095431 0.065232
453.427308 0.065232
453.759307 0.065232
454.091427 0.065233
454.423669 0.065233
454.756032 0.065233
455.088517 0.065233
455.421123 0.065233
455.753851 0.065233
456.086700 0.065233
456.419671 0.065233
456.752763 0.065233
457.085977 0.065233
457.419312 0.065233
457.752769 0.065233
458.086347 0.065233
458.420047 0.065233
458.753868 0.065233
459.087811 0.065233
459.421875 0.065233
459.756061 0.065233
460.090368 0.065233
460.424797 0.065233
460.759347 0.065233
461.094019 0.065233
461.428812 0.065233
461.763727 0.065233
462.098763 0.065233
462.433921 0.065233
462.769200 0.065233
463.104601 0.065233
463.440123 0.065233
463.775767 0.065233
464.111532 0.065233
464.447419 0.065233
464.783427 0.065233
465.119557 0.065233
465.455808 0.065233
465.792181 0.065233
466.128675 0.065233
466.465291 0.065233
466.802028 0.065233
467.138887 0.065233
467.475867 0.065233
467.812969 0.065233
468.150192 0.065233
468.487537 0.065234
468.825003 0.065234
469.162591 0.065234
469.500300 0.065234
469.838131 0.065234
470.176083 0.065234
470.514157 0.065234
470.852352 0.065234
471.190669 0.065234
471.529107 0.065234
471.867667 0.065234
472.206348 0.065234
472.545151 0.065234
472.884075 0.065234
473.223121 0.065234
473.562288 0.065234
473.901577 0.065234
474.240987 0.065234
474.580519 0.065234
474.920172 0.065234
475.259947 0.065234
475.599843 0.065234
475.939861 0.065234
476.280000 0.065234
476.620261 0.065234
476.960643 0.065234
477.301147 0.065234
477.641772 0.065234
477.982519 0.065234
478.323387 0.065234
478.664377 0.065234
479.005488 0.065234
479.346721 0.065234
479.688075 0.065234
480.029551 0.065234
480.371148 0.065234
480.712867 0.065234
481.054707 0.065234
481.396669 0.065234
481.738752 0.065234
482.080957 0.065234
482.423283 0.065234
482.765731 0.065234
483.108300 0.065234
483.450991 0.065234
483.793803 0.065234
484.136737 0.065234
484.479792 0.065234
484.822969 0.065234
485.166267 0.065234
485.509687 0.065234
485.853228 0.065234
486.196891 0.065234
486.540675 0.065234
486.884581 0.065234
487.228608 0.065234
487.572757 0.065234
487.917027 0.065234
488.261419 0.065234
488.605932 0.065234
488.950567 0.065234
489.295323 0.065234
489.640201 0.065234
489.985200 0.065234
490.330321 0.065234
490.675563 0.065234
491.020927 0.065234
491.366412 0.065234
491.712019 0.065234
492.057747 0.065234
492.403597 0.065234
492.749568 0.065234
493.095661 0.065234
493.441875 0.065234
493.788211 0.065234
494.134668 0.065234
494.481247 0.065234
494.827947 0.065234
495.174769 0.065234
495.521712 0.065234
495.868777 0.065234
496.215963 0.065234
496.563271 0.065234
496.910700 0.065234
497.258251 0.065234
497.605923 0.065234
497.953717 0.065234
498.301632 0.065234
498.649669 0.065234
498.997827 0.065234
499.346107 0.065234
499.694508 0.065234
500.043031 0.065234
500.391675 0.065234
500.740441 0.065234
501.089328 0.065234
501.438337 0.065234
501.787467 0.065234
502.136719 0.065234
502.486092 0.065234
502.835587 0.065234
503.185203 0.065234
503.534941 0.065234
503.884800 0.065234
504.234781 0.065234
504.584883 0.065234
504.935107 0.065234
505.285452 0.065234
505.635919 0.065234
505.986507 0.065234
506.337217 0.065234
506.688048 0.065234
507.039001 0.065234
507.390075 0.065234
507.741271 0.065234
508.092588 0.065234
508.444027 0.065234
508.795587 0.065234
509.147269 0.065234
509.499072 0.065234
509.850997 0.065234
510.203043 0.065234
510.555211 0.065234
510.907500 0.065234
511.259911 0.065234
511.612443 0.065234
511.965097 0.065234
512.317872 0.065234
512.670769 0.065234
513.023787 0.065234
513.376927 0.065234
513.730188 0.065234
514.083571 0.065234
514.437075 0.065234
514.790701 0.065234
515.144448 0.065234
515.498317 0.065234
515.852307 0.065234
516.206419 0.065234
516.560652 0.065234
516.915007 0.065234
517.269483 0.065234
517.624081 0.065234
517.978800 0.065234
518.333641 0.065234
518.688603 0.065234
519.043687 0.065234
519.398892 0.065234
519.754219 0.065234
520.109667 0.065234
520.465237 0.065234
520.820928 0.065234
521.176741 0.065234
521.532675 0.065234
521.888731 0.065234
522.244908 0.065234
522.601207 0.065234
522.957627 0.065234
523.314169 0.065234
523.670832 0.065234
524.027617 0.065234
524.384523 0.065234
524.741551 0.065234
525.098700 0.065234
525.455971 0.065234
525.813363 0.065234
526.170877 0.065234
526.528512 0.065234
526.886269 0.065234
527.244147 0.065234
527.602147 0.065234
527.960268 0.065234
528.318511 0.065234
528.676875 0.065234
529.035361 0.065234
529.393968 0.065234
529.752697 0.065234
530.111547 0.065234
530.470519 0.065234
530.829612 0.065234
531.188827 0.065234
531.548163 0.065234
531.907621 0.065234
532.267200 0.065234
532.626901 0.065233
532.986723 0.065233
533.346667 0.065233
533.706732 0.065233
534.066919 0.065233
534.427227 0.065233
534.787657 0.065233
535.148208 0.065233
535.508881 0.065233
535.869675 0.065233
536.230591 0.065233
536.591628 0.065233
536.952787 0.065233
537.314067 0.065233
537.675469 0.065233
538.036992 0.065233
538.398637 0.065233
538.760403 0.065233
539.122291 0.065233
539.484300 0.065233
539.846431 0.065233
540.208683 0.065233
540.571057 0.065233
540.933552 0.065233
541.296169 0.065233
541.658907 0.065233
542.021767 0.065233
542.384748 0.065233
542.747851 0.065233
543.111075 0.065233
543.474421 0.065233
543.837888 0.065233
544.201477 0.065233
544.565187 0.065233
544.929019 0.065233
545.292972 0.065233
545.657047 0.065233
546.021243 0.065233
546.385561 0.065233
