 5 0.000000 1
 1 
 Si 28.085500
 0 0.250000 4.500000 1.000000 1.500000 
 5 0 1 2 3 4
 6 1.00000 1.25000 1.50000 1.75000 4.50000 4.75000
 1 12.169200 6.172630 3.114710 0.755675 0.404939 0.036124 0.650018 0.572890
 4 30 24 24 1
  1.38705766e+00   0.0000
  3.21619540e-01   0.0000
 -7.16659054e-02   0.0000
 -3.09218693e+00   0.0000
  3.77182841e-01   0.0000
  5.10688484e-01   0.0000
  3.50453675e-01   0.0000
  4.18252200e-01   0.0000
 -5.65341651e-01   0.0000
 -1.41432822e-01   0.0000
  2.30415016e-01   0.0000
  8.43398124e-02   0.0000
 -1.02825594e+00   0.0000
  1.14610136e+00   0.0000
 -4.69299853e-01   0.0000
 -8.66402209e-01   0.0000
 -4.18960750e-01   0.0000
 -2.02175111e-01   0.0000
  3.08763444e-01   0.0000
 -5.29593468e-01   0.0000
 -2.90293127e-01   0.0000
  1.43679154e+00   0.0000
 -2.69090652e-01   0.0000
  2.98877001e-01   0.0000
  2.90999524e-02   0.0000
  1.94865599e-01   0.0000
  2.79908061e-01   0.0000
 -1.03175208e-01   0.0000
  2.52867579e-01   0.0000
  7.13693738e-01   0.0000
  4.12005007e-01   0.0000
  5.11038005e-01   0.0000
  2.01766863e-01   0.0000
  3.94753546e-01   0.0000
  2.73536980e-01   0.0000
  4.69909191e-01   0.0000
 -1.07530522e+00   0.0000
  1.08911014e+00   0.0000
 -5.36897779e-01   0.0000
 -8.37556601e-01   0.0000
 -7.63316214e-01   0.0000
 -1.43369541e-01   0.0000
  5.85748255e-01   0.0000
 -4.24021453e-01   0.0000
 -2.69376226e-02   0.0000
  6.26600862e-01   0.0000
 -3.97481292e-01   0.0000
  6.42636716e-01   0.0000
 -4.55198765e-01   0.0000
  2.90133685e-01   0.0000
  3.60002577e-01   0.0000
  1.07465947e+00   0.0000
  1.97801873e-01   0.0000
  8.61956328e-02   0.0000
 -9.35593918e-02   0.0000
  2.82056957e-01   0.0000
  2.27879062e-01   0.0000
  6.07327998e-01   0.0000
  5.42950094e-01   0.0000
  6.28999054e-01   0.0000
 -9.42376196e-01   0.0000
  7.58833170e-01   0.0000
 -6.55865788e-01   0.0000
 -5.29136121e-01   0.0000
 -9.54513490e-01   0.0000
 -4.36957002e-01   0.0000
  3.94732326e-01   0.0000
 -3.19624543e-01   0.0000
  1.86214015e-01   0.0000
  2.35703200e-01   0.0000
 -6.16044402e-01   0.0000
  5.42743981e-01   0.0000
 -7.66919136e-01   0.0000
  4.23346370e-01   0.0000
  1.50475562e-01   0.0000
  1.16199434e+00   0.0000
  2.53549695e-01   0.0000
 -1.22775805e+00   0.0000
 -2.22579151e-01   0.0000
 -4.07407969e-01   0.0000
 -3.48615237e-02   0.0000
  7.65838385e-01   0.0000
  3.59064877e-01   0.0000
  6.90956235e-01   0.0000
 -1.03635979e+00   0.0000
  7.37030864e-01   0.0000
 -7.49825776e-01   0.0000
 -8.95396352e-01   0.0000
 -1.23520315e+00   0.0000
 -3.87716442e-01   0.0000
  5.98854244e-01   0.0000
 -4.36309546e-01   0.0000
  2.76930332e-01   0.0000
  3.55503112e-02   0.0000
 -4.46557134e-01   0.0000
  1.01825440e+00   0.0000
 -2.90102512e-01   0.0000
  5.91619909e-01   0.0000
  7.10542321e-01   0.0000
 -1.27328813e+00   0.0000
  4.74988580e-01   0.0000
  1.47383332e+00   0.0000
  5.99548640e-03   0.0000
  1.87138110e-01   0.0000
 -8.35470796e-01   0.0000
  2.33290374e-01   0.0000
  6.92049742e-01   0.0000
  3.77363682e-01   0.0000
 -4.16060761e-02   0.0000
  5.13301730e-01   0.0000
 -2.82479197e-01   0.0000
 -1.03553152e+00   0.0000
 -3.99952233e-01   0.0000
 -3.86479408e-01   0.0000
  5.18209338e-01   0.0000
 -3.32533598e-01   0.0000
 -2.48527929e-01   0.0000
  4.44236964e-01   0.0000
 -5.97070634e-01   0.0000
  6.64715707e-01   0.0000
  8.04024220e-01   0.0000
  3.16123724e-01   0.0000
  3.08707654e-01   0.0000
  1.00548041e+00   0.0000
  1.35838017e-01   0.0000
 -5.19143820e-01   0.0000
  4.33714598e-01   0.0000
 -3.90513912e-02   0.0000
  3.73326808e-01   0.0000
  2.41542622e-01   0.0000
  5.96023679e-01   0.0000
  2.29868621e-01   0.0000
 -7.77504683e-01   0.0000
  5.06802559e-01   0.0000
 -1.23102076e-01   0.0000
 -8.29634786e-01   0.0000
 -4.33082759e-01   0.0000
 -3.15903217e-01   0.0000
  2.23101854e-01   0.0000
  3.73386741e-02   0.0000
 -3.10048640e-01   0.0000
 -3.01122833e-02   0.0000
 -3.53335202e-01   0.0000
  3.30925792e-01   0.0000
 -3.05376053e-01   0.0000
  1.71372607e-01   0.0000
  3.61631304e-01   0.0000
 -9.50441599e-01   0.0000
 -4.21183445e-02   0.0000
  1.01684771e-01   0.0000
  1.21971918e-02   0.0000
 -9.63445127e-01   0.0000
 -3.81175339e-01   0.0000
  4.04075161e-02   0.0000
  3.38472605e-01   0.0000
  7.61801004e-02   0.0000
  7.31648386e-01   0.0000
 -1.99951530e-01   0.0000
 -1.78133965e-01   0.0000
 -1.84604198e-01   0.0000
 -3.29217225e-01   0.0000
  6.49386644e-02   0.0000
  2.22717822e-01   0.0000
 -5.24665773e-01   0.0000
 -4.46747422e-01   0.0000
 -2.88769871e-01   0.0000
 -5.69325350e-02   0.0000
  2.30089694e-01   0.0000
  4.60645258e-01   0.0000
  1.06965564e-01   0.0000
  2.55238563e-01   0.0000
 -5.47582209e-01   0.0000
  2.23560348e-01   0.0000
  1.29479504e+00   0.0000
 -2.89632589e-01   0.0000
  1.88658442e-02   0.0000
  9.76776183e-01   0.0000
  1.75043210e-01   0.0000
 -1.64921343e-01   0.0000
  1.33841455e-01   0.0000
 -3.19504946e-01   0.0000
  9.44618434e-02   0.0000
 -1.96114872e-02   0.0000
  1.16821326e-01   0.0000
 -4.65226099e-02   0.0000
 -1.66577846e-01   0.0000
  3.35067272e-01   0.0000
  1.62386611e-01   0.0000
 -7.94472620e-02   0.0000
  2.16501262e-02   0.0000
 -3.51231769e-02   0.0000
  2.94777781e-01   0.0000
  5.68361700e-01   0.0000
  1.11239053e-01   0.0000
 -2.55542248e-01   0.0000
  4.07640725e-01   0.0000
  2.50400871e-01   0.0000
  8.67304802e-02   0.0000
 -3.29017043e-01   0.0000
  1.29227221e-01   0.0000
  1.43277258e-01   0.0000
  5.32763422e-01   0.0000
  1.68751981e-02   0.0000
 -7.03136846e-02   0.0000
  1.13073826e-01   0.0000
 -4.34244126e-01   0.0000
 -3.57085228e-01   0.0000
  1.42140463e-01   0.0000
  2.40496490e-02   0.0000
 -3.16322684e-01   0.0000
  1.28757119e-01   0.0000
  9.77447331e-02   0.0000
 -3.85814197e-02   0.0000
  2.02315897e-02   0.0000
 -1.06862709e-01   0.0000
  2.52050757e-01   0.0000
  3.76395941e-01   0.0000
 -1.03866810e-03   0.0000
 -5.05930066e-01   0.0000
  1.51737440e+00   0.0000
  1.60779715e-01   0.0000
 -8.65205884e-01   0.0000
 -7.66004026e-01   0.0000
 -2.26149871e-03   0.0000
 -9.37547147e-01   0.0000
  2.78055549e-01   0.0000
 -4.03077841e-01   0.0000
 -5.77135123e-02   0.0000
  6.70617163e-01   0.0000
 -7.03742385e-01   0.0000
 -6.14579916e-02   0.0000
  5.07745326e-01   0.0000
 -2.03026146e-01   0.0000
 -1.11662187e-01   0.0000
  3.03084403e-01   0.0000
  1.18272759e-01   0.0000
 -3.34176183e-01   0.0000
  6.83424532e-01   0.0000
 -2.08621547e-01   0.0000
  4.17255878e-01   0.0000
  1.77188352e-01   0.0000
  1.91970140e-01   0.0000
 -8.30855593e-02   0.0000
 -1.95706725e-01   0.0000
  2.16757983e-01   0.0000
  8.10215354e-01   0.0000
 -7.06283823e-02   0.0000
 -7.27961123e-01   0.0000
  2.23532006e-01   0.0000
 -3.42336625e-01   0.0000
 -4.01468366e-01   0.0000
 -1.56374499e-01   0.0000
 -7.74142146e-03   0.0000
 -2.62346566e-01   0.0000
 -1.65409103e-01   0.0000
 -8.47894251e-01   0.0000
 -3.14068884e-01   0.0000
  3.96541283e-02   0.0000
  2.36334860e-01   0.0000
 -2.49253251e-02   0.0000
 -3.05682302e-01   0.0000
 -2.81883568e-01   0.0000
 -4.87671159e-02   0.0000
  1.63858265e-01   0.0000
 -1.50404856e-01   0.0000
  2.34286383e-01   0.0000
 -1.48700923e-01   0.0000
  1.42904103e-01   0.0000
  7.86427110e-02   0.0000
 -7.58483410e-01   0.0000
  3.38739097e-01   0.0000
  5.00092983e-01   0.0000
 -8.43038559e-02   0.0000
 -1.60113666e-02   0.0000
 -8.49562511e-02   0.0000
  5.92061430e-02   0.0000
 -3.82036753e-02   0.0000
 -2.16241419e-01   0.0000
 -4.22926277e-01   0.0000
 -5.60817301e-01   0.0000
 -2.55960047e-01   0.0000
  1.16242297e-01   0.0000
  2.82645494e-01   0.0000
 -4.23796624e-01   0.0000
 -3.73007298e-01   0.0000
 -4.09906358e-01   0.0000
 -3.46754283e-01   0.0000
  2.69873422e-02   0.0000
 -1.43338919e-01   0.0000
  1.71314910e-01   0.0000
 -1.38958573e+00   0.0000
  1.29613593e-01   0.0000
 -6.96834130e-03   0.0000
 -6.34221435e-01   0.0000
  3.96432132e-01   0.0000
  4.60148245e-01   0.0000
 -1.11770129e+00   0.0000
 -1.70227941e-02   0.0000
  2.12911993e-01   0.0000
  1.23456515e-01   0.0000
  3.48701000e-01   0.0000
  6.21661186e-01   0.0000
  1.22590274e-01   0.0000
  4.01865840e-01   0.0000
 -1.75919726e-01   0.0000
 -3.25702839e-02   0.0000
  2.03565851e-01   0.0000
  1.07022798e+00   0.0000
 -2.44928169e+00   0.0000
 -1.18708827e-01   0.0000
  5.29252887e-02   0.0000
  3.75946641e-01   0.0000
 -1.05433321e+00   0.0000
 -1.15579881e-01   0.0000
 -1.63458788e+00   0.0000
 -2.07694054e-01   0.0000
  9.73015726e-02   0.0000
  1.60110652e-01   0.0000
  5.65039337e-01   0.0000
  6.51491061e-02   0.0000
  9.46548223e-01   0.0000
  7.78608629e-03   0.0000
 -6.00620210e-02   0.0000
 -5.25467703e-03   0.0000
 -5.61169386e-01   0.0000
  1.09980375e-01   0.0000
 -2.36495987e-01   0.0000
  5.36088347e-01   0.0000
 -2.98430324e-01   0.0000
 -9.31581035e-02   0.0000
  3.49605560e-01   0.0000
  1.93814740e-01   0.0000
 -1.45987296e+00   0.0000
 -9.07634199e-02   0.0000
  4.37255427e-02   0.0000
  2.23238505e-02   0.0000
 -3.25477600e-01   0.0000
  1.01832293e-01   0.0000
 -1.42518127e+00   0.0000
 -4.57561553e-01   0.0000
  2.82435179e-01   0.0000
 -1.92609429e-01   0.0000
  3.00403774e-01   0.0000
 -4.63796854e-02   0.0000
  7.88930118e-01   0.0000
 -2.62398362e-01   0.0000
  1.12175103e-02   0.0000
 -2.81166993e-02   0.0000
 -3.28434885e-01   0.0000
 -1.73168421e-01   0.0000
 -9.90089551e-02   0.0000
  2.11626455e-01   0.0000
 -7.14142546e-02   0.0000
 -2.71880060e-01   0.0000
  2.63405859e-01   0.0000
 -4.99825746e-01   0.0000
 -4.57776457e-01   0.0000
 -8.88327956e-01   0.0000
 -2.18819737e-01   0.0000
  1.10774934e-01   0.0000
  9.20069695e-01   0.0000
  1.86982360e-02   0.0000
 -1.60866797e+00   0.0000
  4.08340663e-01   0.0000
 -1.06432661e-02   0.0000
 -8.23448658e-01   0.0000
  6.23620749e-01   0.0000
 -5.02498507e-01   0.0000
 -3.88731599e-01   0.0000
  1.97436839e-01   0.0000
 -2.81582147e-01   0.0000
 -2.69484594e-02   0.0000
  4.83153224e-01   0.0000
 -6.48787737e-01   0.0000
 -2.63477176e-01   0.0000
  2.61747211e-01   0.0000
 -9.71684903e-02   0.0000
 -3.15228462e-01   0.0000
  1.59184232e-01   0.0000
 -1.06135750e+00   0.0000
 -4.73230273e-01   0.0000
 -1.24321890e+00   0.0000
 -1.99486122e-01   0.0000
  1.63639098e-01   0.0000
  1.65484950e-01   0.0000
  1.28224213e-02   0.0000
 -4.24364805e-01   0.0000
  8.20197612e-02   0.0000
  2.02744186e-01   0.0000
 -3.66835445e-01   0.0000
 -9.47926268e-02   0.0000
 -8.35838690e-02   0.0000
  2.57719219e-01   0.0000
  1.80439129e-01   0.0000
  4.43671077e-01   0.0000
  2.69012958e-01   0.0000
  9.08828527e-02   0.0000
 -2.39960134e-01   0.0000
  4.36629921e-01   0.0000
 -1.08532393e+00   0.0000
 -3.79406750e-01   0.0000
 -1.54315934e-01   0.0000
 -1.32095188e-01   0.0000
 -7.23518431e-01   0.0000
 -5.86086325e-02   0.0000
  3.95671790e-03   0.0000
  9.17829350e-02   0.0000
 -4.02590223e-02   0.0000
 -2.69290864e-01   0.0000
  1.28359580e-03   0.0000
 -1.12528563e-01   0.0000
 -6.53625727e-02   0.0000
  1.09325685e-01   0.0000
  2.06677198e-01   0.0000
  1.80964947e-01   0.0000
 -1.08105689e-01   0.0000
 -1.34130880e-01   0.0000
 -2.12469012e-01   0.0000
  2.52298445e-01   0.0000
  2.12741807e-01   0.0000
  3.29193294e-01   0.0000
  1.43470131e-02   0.0000
  3.38584781e-01   0.0000
 -8.16367567e-01   0.0000
 -3.49600792e-01   0.0000
 -2.83965051e-01   0.0000
  2.25626469e-01   0.0000
  6.16823733e-01   0.0000
 -3.45618546e-01   0.0000
 -1.41791012e-02   0.0000
 -6.55774167e-03   0.0000
  2.44531315e-02   0.0000
  1.16962767e+00   0.0000
 -8.20926204e-02   0.0000
 -9.79626849e-02   0.0000
  9.83459875e-02   0.0000
  2.80008346e-01   0.0000
 -7.81247258e-01   0.0000
  7.52788931e-02   0.0000
  3.74382436e-01   0.0000
 -7.67284870e-01   0.0000
 -6.12856448e-02   0.0000
  4.08091038e-01   0.0000
  4.30400252e-01   0.0000
  1.51992142e+00   0.0000
  3.39465290e-01   0.0000
 -4.11827058e-01   0.0000
 -7.52323866e-01   0.0000
 -4.29368317e-01   0.0000
 -1.90030262e-01   0.0000
  2.81651020e-01   0.0000
 -2.95533538e-01   0.0000
 -3.52286220e-01   0.0000
  5.54691613e-01   0.0000
 -7.92905316e-02   0.0000
  3.17389190e-01   0.0000
  2.96011306e-02   0.0000
  2.97841281e-01   0.0000
  1.43390447e-01   0.0000
 -3.35875928e-01   0.0000
  4.13796008e-01   0.0000
  3.40234578e-01   0.0000
 -1.26981452e-01   0.0000
 -3.09338987e-01   0.0000
  6.39947355e-01   0.0000
 -1.00046717e-01   0.0000
  6.73540961e-03   0.0000
  4.51910168e-01   0.0000
  6.58553421e-01   0.0000
  2.81372637e-01   0.0000
 -2.81327993e-01   0.0000
 -1.16818202e+00   0.0000
 -7.61558473e-01   0.0000
 -4.15291488e-01   0.0000
  3.81524235e-01   0.0000
  8.11955392e-01   0.0000
  8.51989686e-02   0.0000
  3.12113464e-02   0.0000
 -4.06451553e-01   0.0000
  5.26186705e-01   0.0000
 -5.81651211e-01   0.0000
  8.41464624e-02   0.0000
 -8.33573788e-02   0.0000
 -2.79948600e-02   0.0000
  1.88038573e-01   0.0000
  2.58626640e-01   0.0000
  1.62295163e-01   0.0000
  2.54434556e-01   0.0000
  7.77134717e-01   0.0000
 -3.05046111e-01   0.0000
  1.02224045e-01   0.0000
  2.58573055e-01   0.0000
  2.72863428e-04   0.0000
 -7.17192590e-02   0.0000
 -5.71530700e-01   0.0000
 -1.34517467e+00   0.0000
 -4.57381278e-01   0.0000
 -4.50459659e-01   0.0000
  1.68442860e-01   0.0000
  4.78806406e-01   0.0000
  4.01899070e-01   0.0000
 -1.98813885e-01   0.0000
 -4.05115664e-01   0.0000
  7.28068888e-01   0.0000
 -1.07301855e+00   0.0000
  2.26970106e-01   0.0000
 -5.12124002e-01   0.0000
 -6.85439110e-02   0.0000
  4.91612911e-01   0.0000
  4.01841283e-01   0.0000
  9.92883220e-02   0.0000
  3.08263689e-01   0.0000
 -9.90524650e-01   0.0000
 -1.89222604e-01   0.0000
  2.36591518e-01   0.0000
  1.44293562e-01   0.0000
 -1.63329971e+00   0.0000
 -3.04387063e-01   0.0000
 -5.63884616e-01   0.0000
 -1.41387260e+00   0.0000
 -8.08402896e-01   0.0000
 -4.03729469e-01   0.0000
  3.34607005e-01   0.0000
  2.39175335e-01   0.0000
  7.13654518e-01   0.0000
  5.37801869e-02   0.0000
 -2.92375326e-01   0.0000
  8.35029781e-01   0.0000
 -4.73945409e-01   0.0000
  1.81784943e-01   0.0000
 -3.30844164e-01   0.0000
 -1.59941930e-02   0.0000
  1.90494359e-01   0.0000
  8.07556450e-01   0.0000
 -1.48396850e-01   0.0000
  2.55850703e-01   0.0000
 -4.07613724e-01   0.0000
 -1.51786637e-02   0.0000
  7.53464937e-01   0.0000
  1.52699992e-01   0.0000
 -2.72725791e-01   0.0000
  2.39743561e-01   0.0000
  1.04204426e-02   0.0000
 -2.50237405e-01   0.0000
 -3.63236576e-01   0.0000
 -4.49604958e-01   0.0000
  1.50402695e-01   0.0000
 -3.22752036e-02   0.0000
 -6.39000833e-01   0.0000
  8.66017461e-01   0.0000
 -8.59982986e-03   0.0000
  5.47126770e-01   0.0000
  2.74928898e-01   0.0000
  3.20780039e-01   0.0000
 -1.25086784e-01   0.0000
  4.89774114e-03   0.0000
  2.43389383e-01   0.0000
 -7.16951668e-01   0.0000
 -1.33472130e-01   0.0000
 -1.09933712e-01   0.0000
  2.11617738e-01   0.0000
 -6.26146555e-01   0.0000
  4.75196958e-01   0.0000
  3.80128473e-01   0.0000
 -4.82792646e-01   0.0000
  3.32706213e-01   0.0000
  7.35947769e-03   0.0000
  1.03771482e-02   0.0000
 -3.73652071e-01   0.0000
 -2.38126561e-01   0.0000
  4.28670645e-01   0.0000
  1.81223571e-01   0.0000
  7.45503187e-01   0.0000
  7.60326684e-01   0.0000
  3.71298671e-01   0.0000
  3.32780421e-01   0.0000
  1.71185851e+00   0.0000
  1.05636325e-02   0.0000
 -9.06305909e-01   0.0000
 -1.03161871e+00   0.0000
  1.38855502e-01   0.0000
 -1.51211119e+00   0.0000
  4.95401382e-01   0.0000
  9.36022818e-01   0.0000
 -3.70057464e-01   0.0000
 -1.01593927e-01   0.0000
  2.07697049e-01   0.0000
  2.59722918e-01   0.0000
 -3.90294418e-02   0.0000
  4.01869655e-01   0.0000
 -2.88110703e-01   0.0000
 -4.52927321e-01   0.0000
 -6.32283509e-01   0.0000
 -3.34054261e-01   0.0000
  2.29826748e-01   0.0000
 -5.25216162e-01   0.0000
  2.34619126e-01   0.0000
  5.04316390e-01   0.0000
 -4.94405478e-02   0.0000
  5.63856959e-01   0.0000
 -1.85446247e-01   0.0000
  9.24838409e-02   0.0000
 -3.14901653e-03   0.0000
  8.47909808e-01   0.0000
  4.57508415e-01   0.0000
  3.19986403e-01   0.0000
  1.40342772e-01   0.0000
 -5.71032286e-01   0.0000
  1.22637737e+00   0.0000
  8.34662914e-02   0.0000
  2.40952983e-01   0.0000
  2.66940236e-01   0.0000
  5.80498716e-03   0.0000
  4.48950559e-01   0.0000
 -6.81344450e-01   0.0000
 -1.83121726e-01   0.0000
 -6.68223560e-01   0.0000
 -2.09299549e-01   0.0000
  6.04611933e-01   0.0000
 -1.42612010e-01   0.0000
  2.10879013e-01   0.0000
  1.10445046e+00   0.0000
 -7.20670149e-02   0.0000
  5.98489225e-01   0.0000
 -5.27544618e-01   0.0000
  4.95405942e-01   0.0000
  5.18493593e-01   0.0000
  7.73084521e-01   0.0000
  5.44629991e-01   0.0000
  6.33118451e-01   0.0000
  2.99047083e-01   0.0000
 -6.40105426e-01   0.0000
 -3.99771512e-01   0.0000
  6.94481004e-03   0.0000
  5.59503555e-01   0.0000
  2.27393180e-01   0.0000
  5.87559283e-01   0.0000
  5.61122060e-01   0.0000
 -7.79957175e-01   0.0000
 -2.36353830e-01   0.0000
 -7.19786584e-01   0.0000
 -5.11822402e-01   0.0000
  4.87210780e-01   0.0000
  6.98685870e-02   0.0000
 -7.94205666e-02   0.0000
  1.67288291e+00   0.0000
 -4.78798389e-01   0.0000
  9.07438219e-01   0.0000
 -2.74301082e-01   0.0000
  3.63249242e-01   0.0000
  1.79530457e-01   0.0000
 -4.75824475e-01   0.0000
  6.37893975e-01   0.0000
  3.34524155e-01   0.0000
  1.85706049e-01   0.0000
  5.10407627e-01   0.0000
 -3.23599428e-01   0.0000
  1.45239487e-01   0.0000
  3.95490468e-01   0.0000
  3.45273763e-01   0.0000
  1.01432979e+00   0.0000
  1.32079363e-01   0.0000
 -6.48745894e-01   0.0000
  3.15135717e-01   0.0000
 -1.02466798e+00   0.0000
 -7.54366636e-01   0.0000
  5.26841283e-01   0.0000
  9.50942710e-02   0.0000
 -1.30344617e+00   0.0000
  1.29342747e+00   0.0000
 -4.38934505e-01   0.0000
  7.15572238e-01   0.0000
 -1.25291020e-01   0.0000
  3.09261084e-01   0.0000
  2.91218907e-01   0.0000
  3.07555273e-02   0.0000
  4.66658413e-01   0.0000
  3.24784011e-01   0.0000
 -7.21909225e-01   0.0000
 -6.46808967e-02   0.0000
 -1.66223809e-01   0.0000
  6.48947358e-01   0.0000
  5.57318866e-01   0.0000
  5.24857342e-01   0.0000
  2.14302883e-01   0.0000
  9.08812463e-01   0.0000
 -4.24727172e-01   0.0000
 -7.81978443e-02   0.0000
 -5.48108578e-01   0.0000
 -6.18283689e-01   0.0000
  4.44604874e-01   0.0000
 -3.62271339e-01   0.0000
 -3.20790321e-01   0.0000
  2.08981380e-01   0.0000
 -5.27798891e-01   0.0000
  9.85337853e-01   0.0000
  5.09953499e-02   0.0000
  5.95179856e-01   0.0000
  2.46596247e-01   0.0000
 -3.75533774e-02   0.0000
  4.12806123e-01   0.0000
 -1.26766533e-01   0.0000
  9.40782487e-01   0.0000
  1.85641512e-01   0.0000
  3.57658565e-02   0.0000
  3.08105797e-01   0.0000
  2.69074202e-01   0.0000
  5.88258624e-01   0.0000
 -3.47900093e-01   0.0000
  4.75719035e-01   0.0000
 -1.91245809e-01   0.0000
  3.19027483e-01   0.0000
 -2.62340546e-01   0.0000
 -3.05448174e-01   0.0000
  5.96335649e-01   0.0000
  3.73430640e-01   0.0000
  2.69165277e-01   0.0000
 -8.11699182e-02   0.0000
 -5.45142710e-01   0.0000
  9.18276012e-01   0.0000
 -7.13947058e-01   0.0000
  7.22729936e-02   0.0000
 -2.65360296e-01   0.0000
  5.78719568e+00   0.0000
  3.95153344e-01   0.0000
 -1.38704598e+00   0.0000
  3.45921874e-01   0.0000
 -2.15136504e+00   0.0000
  6.80658817e-01   0.0000
 -1.22457817e-02   0.0000
  5.15380442e-01   0.0000
  2.22848088e-01   0.0000
  6.52623594e-01   0.0000
  1.25311911e+00   0.0000
 -9.57325026e-02   0.0000
 -4.33508039e-01   0.0000
 -3.90776098e-01   0.0000
 -1.93131715e-01   0.0000
  2.12997034e-01   0.0000
  8.49643052e-02   0.0000
 -2.47216773e+00   0.0000
 -7.42800891e-01   0.0000
  7.09616989e-02   0.0000
  9.98064131e-02   0.0000
  1.28496635e+00   0.0000
 -2.29775190e-01   0.0000
  1.55250594e-01   0.0000
  8.83593023e-01   0.0000
  1.20372558e+00   0.0000
  2.22768807e+00   0.0000
  2.40347311e-01   0.0000
  1.15563326e-01   0.0000
 -6.56856745e-02   0.0000
  2.82798797e-01   0.0000
 -7.88475513e-01   0.0000
  5.10628045e-01   0.0000
  1.33982226e-01   0.0000
  1.00471866e+00   0.0000
  2.15929803e-02   0.0000
  5.94225764e-01   0.0000
 -1.20478697e-01   0.0000
 -1.06576777e+00   0.0000
  1.39135510e-01   0.0000
  1.31622064e+00   0.0000
  9.67032239e-02   0.0000
 -3.96139920e-01   0.0000
  1.09755903e-01   0.0000
  1.30519974e+00   0.0000
 -1.36310905e-01   0.0000
 -3.41573149e-01   0.0000
 -4.52172346e-02   0.0000
 -4.57392454e-01   0.0000
 -5.69988601e-02   0.0000
 -2.73665428e-01   0.0000
  2.35800207e-01   0.0000
 -9.55473036e-02   0.0000
  9.34804082e-02   0.0000
 -4.69764434e-02   0.0000
  1.48441285e-01   0.0000
  8.89871716e-02   0.0000
  1.15356632e-01   0.0000
 -1.61692396e-01   0.0000
 -2.85513073e-01   0.0000
 -3.84216785e-01   0.0000
  6.98201135e-02   0.0000
 -3.51068377e-01   0.0000
 -3.22975218e-01   0.0000
  6.64215505e-01   0.0000
 -8.10971856e-02   0.0000
 -1.32910997e-01   0.0000
 -1.81313396e-01   0.0000
 -7.82169700e-02   0.0000
 -3.37758325e-02   0.0000
 -1.48515090e-01   0.0000
 -8.45036209e-02   0.0000
  1.54144719e-01   0.0000
 -4.40835625e-01   0.0000
  2.15138376e-01   0.0000
  3.27123374e-01   0.0000
  7.07498267e-02   0.0000
 -9.47594717e-02   0.0000
 -1.59605369e-01   0.0000
  5.74341536e-01   0.0000
  5.77084303e-01   0.0000
 -1.61501411e-02   0.0000
 -6.65538728e-01   0.0000
  4.02756244e-01   0.0000
 -6.02076888e-01   0.0000
 -6.68385020e-03   0.0000
 -1.16911650e+00   0.0000
 -3.84525865e-01   0.0000
  1.26121426e+00   0.0000
  8.93520415e-02   0.0000
 -3.42901647e-01   0.0000
 -1.68294217e-02   0.0000
 -4.27332461e-01   0.0000
  2.51196694e+00   0.0000
 -1.62136185e+00   0.0000
  2.55713373e-01   0.0000
 -3.47080112e+00   0.0000
  1.32841659e+00   0.0000
 -6.28811646e+00   0.0000
 -5.84092081e-01   0.0000
 -1.83024049e-01   0.0000
  2.06258610e-01   0.0000
  4.58247304e-01   0.0000
  2.78764844e-01   0.0000
 -1.28498530e+00   0.0000
 -1.74748063e+00   0.0000
 -7.19925702e-01   0.0000
  2.32820964e+00   0.0000
 -4.24319696e+00   0.0000
  6.10468268e-01   0.0000
  3.12784934e+00   0.0000
  5.15818596e-01   0.0000
 -2.41261053e+00   0.0000
  3.30619849e-02   0.0000
  2.11215425e+00   0.0000
  7.32081354e-01   0.0000
  1.86725044e+00   0.0000
  2.43650451e-02   0.0000
  8.91159475e-02   0.0000
 -7.85105824e-02   0.0000
 -9.75748450e-02   0.0000
 -2.06058815e-01   0.0000
 -8.32132176e-02   0.0000
 -1.81521386e-01   0.0000
 -2.74460241e-02   0.0000
  1.40308082e-01   0.0000
  3.25762242e-01   0.0000
 -2.76465595e-01   0.0000
  2.02884361e-01   0.0000
  1.75619721e-01   0.0000
  1.61577553e-01   0.0000
  4.05527428e-02   0.0000
  7.01543987e-02   0.0000
 -2.18322933e-01   0.0000
  4.72505279e-02   0.0000
  1.96135533e-03   0.0000
  1.59604177e-01   0.0000
  2.56274074e-01   0.0000
 -1.64627701e-01   0.0000
 -8.23059008e-02   0.0000
 -2.73302257e-01   0.0000
  8.56006667e-02   0.0000
 -2.47797906e-01   0.0000
  2.03423053e-01   0.0000
 -1.04041469e+00   0.0000
  4.45519835e-01   0.0000
 -1.35618746e+00   0.0000
 -1.62635833e-01   0.0000
 -8.32842141e-02   0.0000
 -4.03706729e-02   0.0000
 -6.76919222e-02   0.0000
 -1.49454594e-01   0.0000
  1.03490308e-01   0.0000
  1.47612602e-01   0.0000
 -2.84631729e-01   0.0000
  7.96096101e-02   0.0000
 -1.30918086e+00   0.0000
  1.15606703e-01   0.0000
  2.96951056e-01   0.0000
  1.53032884e-01   0.0000
 -4.44013894e-01   0.0000
  3.93006206e-02   0.0000
 -7.49813393e-02   0.0000
  2.07370505e-01   0.0000
  5.62313378e-01   0.0000
 -2.79618680e-01   0.0000
  5.57957351e-01   0.0000
  1.17682487e-01   0.0000
 -8.22442770e-03   0.0000
 -3.69218647e-01   0.0000
 -6.06888235e-02   0.0000
 -6.50228322e-01   0.0000
  5.11047959e-01   0.0000
 -8.09792131e-02   0.0000
  6.07124388e-01   0.0000
 -5.60280740e-01   0.0000
 -2.06143394e-01   0.0000
 -1.98967010e-01   0.0000
  5.73562860e-01   0.0000
 -1.86330736e-01   0.0000
  1.06684349e-01   0.0000
  9.20865089e-02   0.0000
  7.15619266e-01   0.0000
  6.47703767e-01   0.0000
 -6.80938900e-01   0.0000
  4.23254997e-01   0.0000
  1.09200299e-01   0.0000
 -2.57204592e-01   0.0000
 -3.42066467e-01   0.0000
  1.02218580e+00   0.0000
 -3.12042594e-01   0.0000
  2.96443880e-01   0.0000
  1.91227323e-03   0.0000
  3.01564075e-02   0.0000
 -7.78836608e-01   0.0000
 -4.39757586e-01   0.0000
  2.19264254e-01   0.0000
 -6.48950264e-02   0.0000
  3.56988758e-01   0.0000
 -4.21168208e-01   0.0000
 -2.64085263e-01   0.0000
 -5.54098368e-01   0.0000
 -3.63549381e-01   0.0000
  7.24245489e-01   0.0000
  4.76495385e-01   0.0000
  9.81978178e-02   0.0000
  4.17883903e-01   0.0000
  4.11469042e-01   0.0000
 -2.43007764e-01   0.0000
  1.47097066e-01   0.0000
  6.21086717e-01   0.0000
  2.73769766e-01   0.0000
  7.60367513e-01   0.0000
  5.54023743e-01   0.0000
 -1.30342528e-01   0.0000
  3.09774011e-01   0.0000
 -1.98212552e+00   0.0000
  5.55636108e-01   0.0000
 -1.85283589e+00   0.0000
 -7.39225507e-01   0.0000
  5.88329770e-02   0.0000
  1.74928918e-01   0.0000
  3.09066772e-01   0.0000
 -4.51170683e-01   0.0000
 -5.98077178e-01   0.0000
 -7.46011138e-01   0.0000
  4.30894703e-01   0.0000
  9.35136855e-01   0.0000
 -2.16785192e+00   0.0000
  2.46032000e-01   0.0000
  9.98106420e-01   0.0000
  3.88413817e-01   0.0000
 -1.20258653e+00   0.0000
  2.94427454e-01   0.0000
  9.65668976e-01   0.0000
  2.63605416e-01   0.0000
  6.49731755e-01   0.0000
 -1.99546982e-02   0.0000
 -2.12070689e-01   0.0000
  3.89929973e-02   0.0000
 -4.93754715e-01   0.0000
  3.86565700e-02   0.0000
 -1.61245659e-01   0.0000
 -5.12414992e-01   0.0000
  2.98285246e-01   0.0000
 -1.92624509e-01   0.0000
  5.75997531e-01   0.0000
 -4.11350876e-01   0.0000
 -3.36367965e-01   0.0000
 -6.77595586e-02   0.0000
 -6.44655004e-02   0.0000
  2.58510619e-01   0.0000
 -7.93652415e-01   0.0000
  1.14477798e-01   0.0000
  2.32231215e-01   0.0000
  6.29440844e-01   0.0000
 -3.73637468e-01   0.0000
  3.10051680e-01   0.0000
  4.51399386e-01   0.0000
 -8.26298222e-02   0.0000
  1.43791929e-01   0.0000
 -3.92876029e-01   0.0000
 -2.84440350e-02   0.0000
  8.30636993e-02   0.0000
  1.10337526e-01   0.0000
  3.91010828e-02   0.0000
 -4.74069566e-01   0.0000
  4.74093825e-01   0.0000
  6.55831546e-02   0.0000
 -1.49527788e-01   0.0000
 -4.59848315e-01   0.0000
  1.06445074e-01   0.0000
  1.14084639e-01   0.0000
  4.24589425e-01   0.0000
  3.29019651e-02   0.0000
 -5.37824929e-01   0.0000
  7.83790722e-02   0.0000
 -3.16190362e-01   0.0000
 -4.40805584e-01   0.0000
 -5.84468961e-01   0.0000
  4.94101137e-01   0.0000
  4.26292494e-02   0.0000
 -4.97751504e-01   0.0000
 -1.75935715e-01   0.0000
 -4.89311486e-01   0.0000
 -2.47191474e-01   0.0000
 -3.34393203e-01   0.0000
 -1.02976330e-01   0.0000
 -7.94531778e-02   0.0000
 -7.31407925e-02   0.0000
 -3.74282509e-01   0.0000
  3.82350028e-01   0.0000
  1.38696492e-01   0.0000
  2.41506360e-02   0.0000
 -6.73462451e-02   0.0000
  1.00012586e-01   0.0000
  1.90111220e-01   0.0000
  3.96857351e-01   0.0000
 -3.64319026e-01   0.0000
 -2.72840131e-02   0.0000
 -1.57464236e-01   0.0000
 -5.29414453e-02   0.0000
 -7.18902498e-02   0.0000
 -8.25102851e-02   0.0000
  2.96303481e-01   0.0000
 -1.05612591e-01   0.0000
 -2.17823923e-01   0.0000
  1.91608429e-01   0.0000
 -3.19694519e-01   0.0000
 -1.01750076e+00   0.0000
  2.04069108e-01   0.0000
 -2.28043683e-02   0.0000
 -1.44278333e-02   0.0000
 -7.77708232e-01   0.0000
  1.42858863e+00   0.0000
  5.84104717e-01   0.0000
 -1.03240483e-01   0.0000
 -5.40221371e-02   0.0000
 -6.76283479e-01   0.0000
  9.45130765e-01   0.0000
  1.98507562e-01   0.0000
  3.02838981e-02   0.0000
 -3.25638950e-01   0.0000
  1.33564929e-02   0.0000
 -1.54898331e-01   0.0000
 -2.03529432e-01   0.0000
 -4.67201024e-01   0.0000
 -9.22521532e-01   0.0000
  6.13109291e-01   0.0000
 -4.43026304e-01   0.0000
  1.00786164e-02   0.0000
  7.56668970e-02   0.0000
 -1.03964043e+00   0.0000
 -7.59442031e-01   0.0000
  3.96724969e-01   0.0000
  1.68530554e-01   0.0000
  7.19404995e-01   0.0000
 -3.10961604e-01   0.0000
  3.07310551e-01   0.0000
  1.49045780e-01   0.0000
  1.20902970e-01   0.0000
  5.87767325e-02   0.0000
 -1.45077288e-01   0.0000
 -1.36619553e-01   0.0000
  4.83562142e-01   0.0000
  4.94242966e-01   0.0000
  1.70947269e-01   0.0000
 -6.90756857e-01   0.0000
  6.55875146e-01   0.0000
 -5.43745123e-02   0.0000
 -6.85380340e-01   0.0000
 -1.26361489e-01   0.0000
  6.87871099e-01   0.0000
  1.20973364e-01   0.0000
 -4.07388210e-01   0.0000
 -6.19175844e-02   0.0000
 -5.96078336e-01   0.0000
 -3.75063270e-01   0.0000
  3.54124814e-01   0.0000
 -1.48260772e-01   0.0000
  5.22382617e-01   0.0000
 -3.91280688e-02   0.0000
  2.39569381e-01   0.0000
  1.09166065e-02   0.0000
 -1.00759957e-02   0.0000
  1.86759844e-01   0.0000
  4.10434753e-02   0.0000
  1.82532649e-02   0.0000
  1.20919093e-01   0.0000
  3.83855067e-02   0.0000
  2.55948395e-01   0.0000
 -1.30145192e-01   0.0000
  9.65317309e-01   0.0000
  7.89129883e-02   0.0000
 -2.77154911e-02   0.0000
 -9.63586643e-02   0.0000
  9.37576294e-02   0.0000
  8.46832693e-02   0.0000
  1.20464094e-01   0.0000
  1.44220084e-01   0.0000
 -2.46295825e-01   0.0000
 -3.65395606e-01   0.0000
  4.41766605e-02   0.0000
  4.13453653e-02   0.0000
  4.06669140e-01   0.0000
  1.44898891e-01   0.0000
  2.66965717e-01   0.0000
  3.76729906e-01   0.0000
 -1.35318130e-01   0.0000
 -2.28259906e-01   0.0000
 -4.38730776e-01   0.0000
  2.44163632e-01   0.0000
  2.05135524e-01   0.0000
  3.20996284e-01   0.0000
  4.35387604e-02   0.0000
 -2.13161871e-01   0.0000
  1.44378945e-01   0.0000
 -2.22407326e-01   0.0000
 -4.51580703e-01   0.0000
 -3.25274676e-01   0.0000
  1.47533402e-01   0.0000
 -3.55479449e-01   0.0000
 -4.07172382e-01   0.0000
 -3.41552868e-02   0.0000
 -2.04713464e-01   0.0000
  3.99606973e-01   0.0000
 -2.01072320e-01   0.0000
 -4.59218286e-02   0.0000
 -1.89412922e-01   0.0000
  3.12827677e-01   0.0000
  1.66832522e-01   0.0000
 -2.59775281e-01   0.0000
  2.36750077e-02   0.0000
  1.69935077e-01   0.0000
  1.12915374e-01   0.0000
 -2.56561249e-01   0.0000
 -1.74531057e-01   0.0000
 -3.19657624e-01   0.0000
 -1.66707635e-02   0.0000
  3.34336996e-01   0.0000
 -1.09945655e-01   0.0000
  1.46083102e-01   0.0000
  4.85896587e-01   0.0000
  1.22393437e-01   0.0000
 -4.74327207e-01   0.0000
  2.33604297e-01   0.0000
  3.54510754e-01   0.0000
  2.34238416e-01   0.0000
  2.25269526e-01   0.0000
  2.34038100e-01   0.0000
 -4.32730883e-01   0.0000
 -1.27350360e-01   0.0000
 -2.74280757e-01   0.0000
  2.53441215e-01   0.0000
  3.20614070e-01   0.0000
  1.10026352e-01   0.0000
 -2.57290006e-01   0.0000
 -8.65205303e-02   0.0000
 -5.75896502e-01   0.0000
  1.11203909e-01   0.0000
 -1.91899940e-01   0.0000
 -3.88250686e-02   0.0000
 -3.49622130e-01   0.0000
  4.09633011e-01   0.0000
 -1.81456983e-01   0.0000
  2.43973047e-01   0.0000
 -9.92849618e-02   0.0000
 -5.37873924e-01   0.0000
  2.00605065e-01   0.0000
 -3.55696201e-01   0.0000
 -1.00048073e-01   0.0000
  4.43652794e-02   0.0000
  4.04089183e-01   0.0000
 -1.60691410e-01   0.0000
  9.73351523e-02   0.0000
 -4.72113974e-02   0.0000
 -2.60094106e-01   0.0000
  2.93909125e-02   0.0000
 -5.73673509e-02   0.0000
  1.46676451e-01   0.0000
  4.52108011e-02   0.0000
 -2.03688562e-01   0.0000
 -1.79630458e-01   0.0000
  3.16400737e-01   0.0000
  1.59053117e-01   0.0000
  5.53857446e-01   0.0000
  1.03890315e-01   0.0000
 -1.72898412e-01   0.0000
 -3.48610282e-01   0.0000
 -1.36371940e-01   0.0000
 -9.07016620e-02   0.0000
 -1.68178543e-01   0.0000
  6.64022386e-01   0.0000
 -3.92011292e-02   0.0000
 -2.97220200e-01   0.0000
 -2.84846544e-01   0.0000
 -3.14925671e-01   0.0000
 -4.17702377e-01   0.0000
  2.74951220e-01   0.0000
  5.13751619e-02   0.0000
  3.64307106e-01   0.0000
  1.89583581e-02   0.0000
  2.69303709e-01   0.0000
  2.26034835e-01   0.0000
 -1.91632614e-01   0.0000
 -2.29324579e-01   0.0000
 -1.03547707e-01   0.0000
  1.04675338e-01   0.0000
 -4.86290790e-02   0.0000
  1.12861417e-01   0.0000
  4.11847651e-01   0.0000
 -2.54167348e-01   0.0000
  5.68064630e-01   0.0000
 -1.08813956e-01   0.0000
 -2.47403234e-01   0.0000
 -2.21899256e-01   0.0000
  6.12568446e-02   0.0000
 -1.45395875e-01   0.0000
 -2.14127198e-01   0.0000
  9.70932916e-02   0.0000
 -1.52258277e-01   0.0000
  7.34769046e-01   0.0000
 -1.80362374e-01   0.0000
 -2.84662712e-02   0.0000
 -8.15687299e-01   0.0000
  4.52808201e-01   0.0000
 -1.45349014e+00   0.0000
 -1.03190696e+00   0.0000
 -1.51516676e-01   0.0000
  1.63390651e-01   0.0000
  4.17509258e-01   0.0000
 -2.75134534e-01   0.0000
 -3.86943787e-01   0.0000
 -8.36194336e-01   0.0000
 -1.12331569e-01   0.0000
  7.58622408e-01   0.0000
 -1.21158373e+00   0.0000
  2.16969013e-01   0.0000
  1.01781702e+00   0.0000
  7.07086980e-01   0.0000
 -1.02056539e+00   0.0000
  2.74843484e-01   0.0000
  9.89805520e-01   0.0000
  2.38359481e-01   0.0000
  7.97174275e-01   0.0000
  1.84574708e-01   0.0000
 -2.09051549e-01   0.0000
  1.54315889e-01   0.0000
 -5.10482967e-01   0.0000
  4.61179465e-01   0.0000
 -1.03521228e+00   0.0000
  1.78998366e-01   0.0000
 -2.94629857e-02   0.0000
  4.76418212e-02   0.0000
 -1.28906161e-01   0.0000
  3.35474797e-02   0.0000
 -5.67863323e-02   0.0000
 -5.85800894e-02   0.0000
 -5.99515848e-02   0.0000
 -3.88514735e-02   0.0000
 -2.93344170e-01   0.0000
 -2.79598199e-02   0.0000
 -9.07770544e-02   0.0000
 -1.36117637e-01   0.0000
  2.31151178e-01   0.0000
 -1.69181034e-01   0.0000
  1.91540882e-01   0.0000
  1.92418084e-01   0.0000
  1.20605931e-01   0.0000
 -1.08876206e-01   0.0000
 -8.92017856e-02   0.0000
 -2.50229716e-01   0.0000
  5.05703270e-01   0.0000
  2.93250047e-02   0.0000
  2.16379046e-01   0.0000
  5.17605484e-01   0.0000
 -2.41899014e-01   0.0000
  1.33807421e-01   0.0000
 -5.11852562e-01   0.0000
  2.60618150e-01   0.0000
  3.65951478e-01   0.0000
  3.61230940e-01   0.0000
 -1.81800827e-01   0.0000
 -3.24431151e-01   0.0000
  5.95840871e-01   0.0000
  2.07217813e-01   0.0000
 -4.56995964e-01   0.0000
 -6.53237224e-01   0.0000
  2.05010548e-01   0.0000
 -1.34879261e-01   0.0000
 -5.26198030e-01   0.0000
  6.67557819e-03   0.0000
  1.32464841e-01   0.0000
  1.27245337e-01   0.0000
  8.14630911e-02   0.0000
  1.81796253e-01   0.0000
 -2.26949573e-01   0.0000
 -2.21200332e-01   0.0000
 -3.77027810e-01   0.0000
 -3.92312735e-01   0.0000
 -3.50337941e-03   0.0000
 -7.46534690e-02   0.0000
  3.86173725e-01   0.0000
 -1.76085874e-01   0.0000
 -1.03458911e-02   0.0000
  3.38830538e-02   0.0000
  3.38541061e-01   0.0000
  1.48924679e-01   0.0000
 -3.74247551e-01   0.0000
 -2.18950525e-01   0.0000
  4.16472763e-01   0.0000
  3.73012841e-01   0.0000
  3.74185704e-02   0.0000
  1.24280423e-01   0.0000
  2.78280735e-01   0.0000
 -1.75369218e-01   0.0000
  1.67015791e-02   0.0000
 -9.52439308e-01   0.0000
  1.20048118e+00   0.0000
  4.31091279e-01   0.0000
  9.13735867e-01   0.0000
 -1.23374593e+00   0.0000
  1.36583817e+00   0.0000
 -1.77770042e+00   0.0000
  8.75088573e-01   0.0000
  9.87819675e-03   0.0000
  2.30233335e+00   0.0000
 -1.67188799e+00   0.0000
 -4.65517759e-01   0.0000
 -4.22995359e-01   0.0000
  1.76651013e+00   0.0000
 -4.47406232e-01   0.0000
  1.05842578e+00   0.0000
 -3.77777249e-01   0.0000
  4.66942251e-01   0.0000
  1.88936770e+00   0.0000
 -1.55571485e+00   0.0000
  6.23673797e-01   0.0000
  5.77105701e-01   0.0000
 -5.32422721e-01   0.0000
 -9.32095051e-01   0.0000
 -3.87790132e+00   0.0000
  2.75741029e+00   0.0000
  1.14687964e-01   0.0000
  5.01182270e+00   0.0000
 -2.62948251e+00   0.0000
  7.48183346e+00   0.0000
  1.84293002e-01   0.0000
  9.12808776e-01   0.0000
 -2.63897449e-01   0.0000
  1.42242575e+00   0.0000
 -1.94546843e+00   0.0000
  1.35659838e+00   0.0000
  2.00444889e+00   0.0000
  3.05603051e+00   0.0000
 -3.28046370e+00   0.0000
  5.82364893e+00   0.0000
 -9.61072206e-01   0.0000
 -3.69829130e+00   0.0000
  6.52090907e-01   0.0000
  2.78793955e+00   0.0000
  3.86786997e-01   0.0000
 -2.78439665e+00   0.0000
 -1.21820128e+00   0.0000
 -3.37025166e+00   0.0000
  0.00000000e+00   0.0000

