 5 0.000000 1
 1 
 Si 28.085500
 0 0.250000 4.500000 1.000000 1.500000 
 5 0 1 2 3 4
 6 1.00000 1.25000 1.50000 1.75000 4.50000 4.75000
 1 12.169200 6.172630 3.114710 0.755675 0.404939 0.036124 0.650018 0.572890
 4 30 24 24 1
  4.64767575e-01   0.0000
  3.27407837e-01   0.0000
  2.74318695e-01   0.0000
  3.73455323e-02   0.0000
  9.56169844e-01   0.0000
 -2.27659091e-01   0.0000
  4.47811067e-01   0.0000
 -1.86038718e-01   0.0000
  1.79571599e-01   0.0000
  3.03851068e-01   0.0000
 -9.24950004e-01   0.0000
  7.00690508e-01   0.0000
  1.32173046e-01   0.0000
  1.10806513e+00   0.0000
 -7.70085156e-01   0.0000
 -2.04673752e-01   0.0000
  3.97699438e-02   0.0000
 -4.11820590e-01   0.0000
  4.87626016e-01   0.0000
  4.32366639e-01   0.0000
 -1.66810930e+00   0.0000
 -3.48792635e-02   0.0000
  1.86726734e-01   0.0000
 -1.05364859e-01   0.0000
  2.23644093e-01   0.0000
  4.22510803e-01   0.0000
  1.81915730e-01   0.0000
 -5.54848798e-02   0.0000
  3.11946779e-01   0.0000
 -9.12565961e-02   0.0000
 -1.65727437e-01   0.0000
 -5.65945096e-02   0.0000
 -3.82014811e-02   0.0000
 -2.78611064e-01   0.0000
  9.31254253e-02   0.0000
  6.91860676e-01   0.0000
  2.49247938e-01   0.0000
 -9.38515645e-04   0.0000
 -4.90924269e-02   0.0000
 -3.65904629e-01   0.0000
  1.46053940e-01   0.0000
 -2.29279786e-01   0.0000
  3.37925971e-01   0.0000
 -1.56351313e-01   0.0000
 -2.63627052e-01   0.0000
  2.55824089e-01   0.0000
  2.31850758e-01   0.0000
  1.89035103e-01   0.0000
 -2.46254742e-01   0.0000
  1.75255343e-01   0.0000
  9.32890177e-02   0.0000
  6.23761602e-02   0.0000
 -5.26918054e-01   0.0000
 -1.15751224e-02   0.0000
 -3.50547396e-02   0.0000
  5.17853945e-02   0.0000
 -4.18455750e-01   0.0000
  2.52377298e-02   0.0000
  5.18112600e-01   0.0000
  3.11348289e-01   0.0000
 -2.17689067e-01   0.0000
 -7.07213223e-01   0.0000
  3.11537683e-01   0.0000
  2.02250361e-01   0.0000
  2.31333897e-01   0.0000
  1.00155085e-01   0.0000
 -2.34499216e-01   0.0000
 -2.96908766e-01   0.0000
  5.81704855e-01   0.0000
 -7.78396055e-02   0.0000
  1.99796751e-01   0.0000
 -1.35630500e-02   0.0000
 -1.07561760e-01   0.0000
  1.90981939e-01   0.0000
 -2.95729518e-01   0.0000
  4.51272866e-03   0.0000
 -1.05919528e+00   0.0000
  8.28475878e-02   0.0000
 -3.40862215e-01   0.0000
  4.46548359e-03   0.0000
 -5.86740017e-01   0.0000
  2.85899490e-01   0.0000
  8.98862898e-01   0.0000
  3.64353418e-01   0.0000
 -4.56816912e-01   0.0000
 -1.50237989e+00   0.0000
  5.75877190e-01   0.0000
  2.16671631e-01   0.0000
  2.04191118e-01   0.0000
 -6.53897896e-02   0.0000
 -1.04192577e-01   0.0000
 -4.50714886e-01   0.0000
  9.16405797e-01   0.0000
 -2.06664391e-02   0.0000
 -4.23324741e-02   0.0000
 -4.99190167e-02   0.0000
  6.52517378e-02   0.0000
 -9.28426348e-03   0.0000
 -1.59515500e-01   0.0000
 -3.37858617e-01   0.0000
  3.24254557e-02   0.0000
 -9.89817381e-02   0.0000
 -1.09663799e-01   0.0000
 -5.99417627e-01   0.0000
 -2.23933056e-01   0.0000
  7.73093998e-02   0.0000
 -6.17697716e-01   0.0000
  5.92962623e-01   0.0000
  1.24465294e-01   0.0000
  2.82410860e-01   0.0000
 -1.71179771e-01   0.0000
 -3.85812297e-02   0.0000
  5.54084852e-02   0.0000
  1.76291406e-01   0.0000
 -1.02057777e-01   0.0000
 -7.49521714e-04   0.0000
  8.73197466e-02   0.0000
  3.59134018e-01   0.0000
 -2.67031312e-01   0.0000
  2.77229398e-01   0.0000
 -5.67700416e-02   0.0000
  1.85673103e-01   0.0000
 -2.63696820e-01   0.0000
 -5.58215939e-02   0.0000
  8.55873466e-01   0.0000
 -1.65345834e-03   0.0000
 -2.70907789e-01   0.0000
 -4.74023044e-01   0.0000
 -1.67677790e-01   0.0000
 -8.27378109e-02   0.0000
 -2.52569377e-01   0.0000
  4.11441326e-01   0.0000
  6.72730803e-02   0.0000
  1.23814070e+00   0.0000
 -6.90368950e-01   0.0000
  3.09154302e-01   0.0000
  1.69952631e-01   0.0000
 -9.52291265e-02   0.0000
 -3.26730072e-01   0.0000
  2.03299195e-01   0.0000
 -1.76630870e-01   0.0000
  3.63180637e-01   0.0000
 -5.93646951e-02   0.0000
  5.65827191e-02   0.0000
 -7.50201046e-02   0.0000
 -1.17067121e-01   0.0000
  8.44256133e-02   0.0000
 -3.05901468e-01   0.0000
 -1.89190820e-01   0.0000
 -8.17975253e-02   0.0000
  7.70835802e-02   0.0000
  1.92695439e-01   0.0000
 -1.44534931e-01   0.0000
 -1.68412969e-01   0.0000
  3.39873612e-01   0.0000
  3.80613804e-02   0.0000
  6.18027970e-02   0.0000
 -1.76476449e-01   0.0000
  1.64584681e-01   0.0000
 -3.46127339e-02   0.0000
 -1.45030320e-01   0.0000
  6.92817718e-02   0.0000
  1.73867717e-01   0.0000
 -2.19299152e-01   0.0000
 -2.15608165e-01   0.0000
  7.19300583e-02   0.0000
  2.49284536e-01   0.0000
 -3.51845771e-02   0.0000
  1.28825307e-01   0.0000
 -1.91685051e-01   0.0000
  3.23566812e-04   0.0000
 -3.31031501e-01   0.0000
 -1.92722399e-02   0.0000
  1.07460342e-01   0.0000
  1.16862670e-01   0.0000
  2.22666070e-01   0.0000
 -4.91602160e-02   0.0000
  1.15372159e-01   0.0000
  2.53648877e-01   0.0000
  7.43095353e-02   0.0000
  4.43373881e-02   0.0000
 -1.01076819e-01   0.0000
  2.54047364e-01   0.0000
  4.49860208e-02   0.0000
 -2.36970648e-01   0.0000
 -1.97384879e-02   0.0000
 -1.42790273e-01   0.0000
 -1.55054033e-01   0.0000
  9.11118835e-02   0.0000
 -1.15937635e-01   0.0000
  1.93602562e-01   0.0000
 -1.17859267e-01   0.0000
 -1.62545443e-01   0.0000
 -2.68803269e-01   0.0000
 -9.48886797e-02   0.0000
 -3.43760490e-01   0.0000
  2.91176111e-01   0.0000
 -3.31667483e-01   0.0000
  1.68688774e-01   0.0000
 -8.47545713e-02   0.0000
 -1.81454346e-01   0.0000
  6.31610453e-02   0.0000
  1.48468107e-01   0.0000
 -6.19876273e-02   0.0000
  2.22534224e-01   0.0000
  3.92001718e-02   0.0000
  4.30646688e-01   0.0000
 -7.78720016e-03   0.0000
  4.95055988e-02   0.0000
  4.15289760e-01   0.0000
  3.38563807e-02   0.0000
  3.64231676e-01   0.0000
 -7.26381838e-02   0.0000
 -1.04819424e-02   0.0000
  2.72513896e-01   0.0000
  1.85234286e-02   0.0000
 -1.41125888e-01   0.0000
 -2.55415052e-01   0.0000
 -1.32297128e-02   0.0000
 -1.43483594e-01   0.0000
  1.54182076e-01   0.0000
 -1.02162130e-01   0.0000
 -4.55055088e-02   0.0000
 -1.24299722e-02   0.0000
 -2.75950432e-01   0.0000
  3.95039201e-01   0.0000
  4.58815753e-01   0.0000
  2.58539826e-01   0.0000
  6.13041639e-01   0.0000
 -2.02624708e-01   0.0000
  2.40207285e-01   0.0000
 -7.43784234e-02   0.0000
  3.45113827e-03   0.0000
  3.53580326e-01   0.0000
  2.48038128e-01   0.0000
  7.64573157e-01   0.0000
  2.13891312e-01   0.0000
 -8.95056222e-03   0.0000
 -1.69143870e-01   0.0000
  1.11798253e-02   0.0000
 -3.63360763e-01   0.0000
  8.00934434e-02   0.0000
 -8.46305862e-02   0.0000
 -6.39719516e-02   0.0000
 -1.15197599e-01   0.0000
 -9.93204862e-02   0.0000
 -2.20831513e-01   0.0000
  1.75974265e-01   0.0000
 -1.39648214e-01   0.0000
  3.30478460e-01   0.0000
  8.70651752e-03   0.0000
 -3.29202563e-02   0.0000
 -1.51586339e-01   0.0000
 -1.22929923e-01   0.0000
 -2.63792008e-01   0.0000
  1.65794957e-02   0.0000
 -1.36488989e-01   0.0000
 -3.51833373e-01   0.0000
  4.31421876e-01   0.0000
  3.00187543e-02   0.0000
  5.73378094e-02   0.0000
  1.72232300e-01   0.0000
 -2.65051778e-02   0.0000
  5.39312512e-03   0.0000
 -1.13966838e-02   0.0000
  4.00709867e-01   0.0000
  4.22597453e-02   0.0000
 -1.01663917e-02   0.0000
  3.46996821e-02   0.0000
 -6.21021017e-02   0.0000
 -9.26243663e-02   0.0000
  1.32086888e-01   0.0000
 -4.79017608e-02   0.0000
 -3.67152959e-01   0.0000
  7.65346438e-02   0.0000
 -4.80143458e-01   0.0000
 -2.02436104e-01   0.0000
  3.36879492e-01   0.0000
  5.32982647e-02   0.0000
  1.85313031e-01   0.0000
 -2.39308216e-02   0.0000
 -1.83117673e-01   0.0000
  2.30087548e-01   0.0000
  1.05414629e-01   0.0000
 -3.11369617e-02   0.0000
  3.41522992e-01   0.0000
  6.92821145e-02   0.0000
  2.48524353e-01   0.0000
  1.56713370e-02   0.0000
  9.13836658e-02   0.0000
 -9.15059969e-02   0.0000
 -1.80368707e-01   0.0000
 -4.97784197e-01   0.0000
  2.43540809e-01   0.0000
 -3.12974721e-01   0.0000
 -4.24805954e-02   0.0000
  1.58535808e-01   0.0000
 -1.45617366e-01   0.0000
 -3.55825871e-01   0.0000
 -2.31597111e-01   0.0000
 -1.98139429e-01   0.0000
  3.52843292e-02   0.0000
  1.57942563e-01   0.0000
 -1.84225827e-01   0.0000
 -2.44713888e-01   0.0000
  2.19320774e-01   0.0000
 -1.14927664e-01   0.0000
 -1.21645667e-01   0.0000
 -1.18847422e-01   0.0000
 -3.05966109e-01   0.0000
  3.11824501e-01   0.0000
  3.82966071e-01   0.0000
  3.09623126e-02   0.0000
  1.38314188e-01   0.0000
  9.58700012e-03   0.0000
 -2.36900494e-01   0.0000
 -5.45609184e-02   0.0000
  1.79542318e-01   0.0000
  6.22577518e-02   0.0000
 -3.57150175e-02   0.0000
 -1.51202112e-01   0.0000
 -3.06617785e-02   0.0000
  2.19828039e-01   0.0000
 -2.66401246e-02   0.0000
 -9.64174867e-02   0.0000
  5.53648323e-02   0.0000
  4.49154750e-02   0.0000
 -2.44534180e-01   0.0000
 -1.61952257e-01   0.0000
  1.09575316e-01   0.0000
 -9.66322348e-02   0.0000
 -3.89716327e-02   0.0000
  1.26658753e-01   0.0000
 -1.70846641e-01   0.0000
 -1.18181437e-01   0.0000
  1.69176802e-01   0.0000
  2.42178828e-01   0.0000
 -2.10911781e-01   0.0000
  2.91705102e-01   0.0000
  5.13188131e-02   0.0000
  2.44133566e-02   0.0000
 -3.19268554e-02   0.0000
 -1.70356497e-01   0.0000
  8.64900872e-02   0.0000
 -6.59215152e-02   0.0000
 -8.04029256e-02   0.0000
 -1.54682875e-01   0.0000
  2.61340529e-01   0.0000
 -1.32482067e-01   0.0000
 -3.24910996e-03   0.0000
 -2.41098523e-01   0.0000
 -1.23644359e-01   0.0000
 -1.01822034e-01   0.0000
  1.59181818e-01   0.0000
  1.23043098e-01   0.0000
  3.54580320e-02   0.0000
  1.43487334e-01   0.0000
 -2.15281993e-01   0.0000
  6.65305182e-02   0.0000
  3.57273221e-01   0.0000
  2.68186420e-01   0.0000
 -1.99240595e-01   0.0000
  3.71425718e-01   0.0000
  6.53190613e-02   0.0000
  3.44811440e-01   0.0000
  1.17219575e-01   0.0000
 -1.44766050e-03   0.0000
 -1.80135369e-01   0.0000
 -4.77560073e-01   0.0000
  3.26652735e-01   0.0000
  2.23469824e-01   0.0000
  2.43668079e-01   0.0000
 -1.72093391e-01   0.0000
  9.94769186e-02   0.0000
 -2.70650908e-02   0.0000
  1.58221722e-01   0.0000
  3.05795491e-01   0.0000
  6.44089803e-02   0.0000
 -2.13446394e-01   0.0000
  8.12920481e-02   0.0000
 -7.71742389e-02   0.0000
 -3.63488555e-01   0.0000
 -2.50411272e-01   0.0000
  1.29292518e-01   0.0000
 -1.98169395e-01   0.0000
 -3.42704952e-02   0.0000
 -1.05901703e-01   0.0000
 -1.57437444e-01   0.0000
 -1.77161954e-02   0.0000
  2.68388867e-01   0.0000
 -8.39791745e-02   0.0000
 -9.70204733e-03   0.0000
 -1.23146653e-01   0.0000
  7.58042634e-02   0.0000
 -3.91836703e-01   0.0000
  1.86359212e-01   0.0000
 -5.78074232e-02   0.0000
  1.45619974e-01   0.0000
 -3.54027629e-01   0.0000
  2.13106666e-02   0.0000
 -2.96250045e-01   0.0000
 -2.67224997e-01   0.0000
  1.40718073e-01   0.0000
 -1.69049263e-01   0.0000
  2.77182907e-01   0.0000
  1.05495248e-02   0.0000
 -5.84645160e-02   0.0000
  2.08720118e-01   0.0000
 -1.86237529e-01   0.0000
  2.93051243e-01   0.0000
  4.71047200e-02   0.0000
  9.74379778e-02   0.0000
  7.08641484e-02   0.0000
  1.59932166e-01   0.0000
  8.91651809e-02   0.0000
 -7.21669421e-02   0.0000
  2.49793202e-01   0.0000
 -2.30082870e-01   0.0000
  2.23768115e-01   0.0000
  5.34849353e-02   0.0000
 -9.65091586e-02   0.0000
 -8.98674503e-02   0.0000
  1.92925438e-01   0.0000
  1.14016771e-01   0.0000
 -4.84220088e-02   0.0000
  2.67407149e-01   0.0000
 -3.96454215e-01   0.0000
 -2.70998836e-01   0.0000
 -3.42339456e-01   0.0000
  5.20936921e-02   0.0000
  1.10972151e-01   0.0000
 -2.82451302e-01   0.0000
 -1.60654068e-01   0.0000
  4.65031713e-02   0.0000
  2.00567871e-01   0.0000
  2.77804285e-01   0.0000
  3.03152889e-01   0.0000
 -3.10937703e-01   0.0000
  1.17420070e-01   0.0000
 -1.81225732e-01   0.0000
  2.07286067e-02   0.0000
 -7.91450590e-02   0.0000
 -3.65145952e-01   0.0000
  5.95917404e-01   0.0000
  1.30217671e-01   0.0000
  2.60478199e-01   0.0000
 -2.00958237e-01   0.0000
 -5.74283637e-02   0.0000
  3.82572860e-01   0.0000
  2.14475766e-01   0.0000
 -1.40747368e-01   0.0000
 -2.35529274e-01   0.0000
 -6.57046735e-01   0.0000
 -4.01654057e-02   0.0000
 -1.32039368e-01   0.0000
 -4.29196030e-01   0.0000
 -1.57796741e-01   0.0000
  4.16891649e-02   0.0000
 -1.85989767e-01   0.0000
  2.49668360e-01   0.0000
  2.37420842e-01   0.0000
 -8.50356221e-02   0.0000
  2.76103199e-01   0.0000
 -5.08232005e-02   0.0000
 -2.37260342e-01   0.0000
 -1.12461578e-02   0.0000
 -9.48066916e-03   0.0000
  4.72963810e-01   0.0000
  2.67605156e-01   0.0000
  5.12488708e-02   0.0000
 -2.81024724e-01   0.0000
 -2.46173978e-01   0.0000
 -1.92864481e-02   0.0000
  1.79563046e-01   0.0000
 -3.76037925e-01   0.0000
 -7.81321824e-02   0.0000
  5.67213595e-02   0.0000
 -1.26220854e-02   0.0000
  1.56115696e-01   0.0000
 -2.36267611e-01   0.0000
 -2.13214204e-01   0.0000
 -4.97667529e-02   0.0000
 -2.94558018e-01   0.0000
  1.13056609e-02   0.0000
 -2.83261742e-02   0.0000
  2.94839770e-01   0.0000
  1.77958637e-01   0.0000
 -9.42517966e-02   0.0000
  9.35737342e-02   0.0000
  2.96551764e-01   0.0000
 -6.66610599e-02   0.0000
 -3.43512923e-01   0.0000
  6.35914365e-03   0.0000
  1.54290229e-01   0.0000
  5.58567792e-02   0.0000
 -2.82573044e-01   0.0000
 -1.01697832e-01   0.0000
  2.01451987e-01   0.0000
 -4.56584632e-01   0.0000
 -2.67870247e-01   0.0000
  1.90692276e-01   0.0000
  8.79320968e-03   0.0000
  1.43437356e-01   0.0000
 -4.46202189e-01   0.0000
 -4.32968616e-01   0.0000
 -1.79166108e-01   0.0000
 -1.26990139e-01   0.0000
 -1.21012792e-01   0.0000
 -1.69032127e-01   0.0000
  3.51803511e-01   0.0000
 -2.33310863e-01   0.0000
 -2.50549346e-01   0.0000
 -1.46752208e-01   0.0000
  2.23877102e-01   0.0000
  1.85920134e-01   0.0000
 -4.94157791e-01   0.0000
  1.72065109e-01   0.0000
  1.04476221e-01   0.0000
  3.29479486e-01   0.0000
 -1.58409864e-01   0.0000
 -6.79225102e-02   0.0000
  2.73642987e-01   0.0000
 -6.30099848e-02   0.0000
  1.62235573e-01   0.0000
  4.96216774e-01   0.0000
  1.10096177e-02   0.0000
  4.36772346e-01   0.0000
 -4.98187006e-01   0.0000
 -1.63375601e-01   0.0000
 -1.14502870e-01   0.0000
 -7.30443969e-02   0.0000
  1.16562545e-01   0.0000
 -6.32824227e-02   0.0000
  5.50231278e-01   0.0000
  4.45430636e-01   0.0000
 -3.02002341e-01   0.0000
 -1.91981003e-01   0.0000
 -2.38702297e-01   0.0000
 -2.10465088e-01   0.0000
  7.66722411e-02   0.0000
 -8.14878717e-02   0.0000
  2.27626219e-01   0.0000
 -1.87553510e-01   0.0000
 -1.29668964e-02   0.0000
 -2.05737337e-01   0.0000
  3.85014087e-01   0.0000
 -2.40449220e-01   0.0000
 -1.10221028e-01   0.0000
 -2.46263295e-01   0.0000
 -2.55359441e-01   0.0000
  2.03967001e-02   0.0000
  7.08653480e-02   0.0000
  3.31156075e-01   0.0000
 -2.02871561e-01   0.0000
  2.53736854e-01   0.0000
  7.19785392e-02   0.0000
  2.20720693e-01   0.0000
  6.89172819e-02   0.0000
  3.22133958e-01   0.0000
 -6.88465387e-02   0.0000
 -3.45312625e-01   0.0000
  1.97098956e-01   0.0000
 -1.05378471e-01   0.0000
  1.68134034e-01   0.0000
  3.02180678e-01   0.0000
 -1.22194476e-01   0.0000
  1.05405770e-01   0.0000
  1.56840295e-01   0.0000
  6.01786375e-02   0.0000
  3.11194837e-01   0.0000
  1.28122373e-02   0.0000
 -1.78609759e-01   0.0000
  1.62563816e-01   0.0000
 -1.45264998e-01   0.0000
 -4.94111292e-02   0.0000
 -1.77339673e-01   0.0000
 -3.50177675e-01   0.0000
  1.27552167e-01   0.0000
 -1.46041274e-01   0.0000
 -3.10529154e-02   0.0000
  9.15863514e-01   0.0000
 -5.46099067e-01   0.0000
  2.08695874e-01   0.0000
 -2.12741315e-01   0.0000
  5.07239759e-01   0.0000
  1.00005496e+00   0.0000
 -4.26299363e-01   0.0000
 -1.49719924e-01   0.0000
 -3.98845613e-01   0.0000
  9.03961718e-01   0.0000
 -1.46606743e-01   0.0000
  7.11747229e-01   0.0000
  3.43137473e-01   0.0000
 -1.86103508e-02   0.0000
 -6.34090602e-01   0.0000
  4.19467568e-01   0.0000
 -1.41098189e+00   0.0000
  5.97578734e-02   0.0000
 -7.80080631e-02   0.0000
  1.22436136e-01   0.0000
 -3.28815281e-01   0.0000
  4.37548980e-02   0.0000
  2.77019441e-01   0.0000
  1.64928749e-01   0.0000
  5.93946695e-01   0.0000
  7.27940425e-02   0.0000
  7.96341673e-02   0.0000
  5.01010902e-02   0.0000
 -1.15093201e-01   0.0000
 -5.37040710e-01   0.0000
  5.29079616e-01   0.0000
 -5.84576428e-02   0.0000
  2.67879277e-01   0.0000
 -5.41421771e-01   0.0000
  4.20607269e-01   0.0000
 -1.37848035e-01   0.0000
  3.66792142e-01   0.0000
 -4.88668792e-02   0.0000
 -2.31515855e-01   0.0000
  5.80722690e-01   0.0000
  1.36902404e+00   0.0000
 -9.31182131e-02   0.0000
 -1.33109512e-03   0.0000
 -4.10359889e-01   0.0000
 -5.85897446e-01   0.0000
 -5.55825457e-02   0.0000
 -2.07722679e-01   0.0000
 -1.06244847e-01   0.0000
 -2.38724694e-01   0.0000
  3.08021069e-01   0.0000
 -5.38672626e-01   0.0000
 -3.36427987e-01   0.0000
 -3.33007962e-01   0.0000
 -6.49322033e-01   0.0000
  4.35470581e-01   0.0000
 -2.11839274e-01   0.0000
 -2.13916227e-01   0.0000
 -5.98921776e-01   0.0000
  3.62700343e-01   0.0000
 -3.31051052e-01   0.0000
  4.27357219e-02   0.0000
  6.64128140e-02   0.0000
 -2.12195396e-01   0.0000
 -2.76226159e-02   0.0000
  1.02084911e+00   0.0000
 -2.11245883e-02   0.0000
  1.42485902e-01   0.0000
  6.30370947e-03   0.0000
 -7.19073355e-01   0.0000
 -1.80421218e-01   0.0000
 -4.69059646e-01   0.0000
 -4.39370930e-01   0.0000
 -9.19528842e-01   0.0000
  8.67332742e-02   0.0000
 -8.09310079e-01   0.0000
 -2.70236641e-01   0.0000
 -4.24738973e-01   0.0000
 -2.24638075e-01   0.0000
 -4.48966801e-01   0.0000
  5.16689867e-02   0.0000
 -4.09002870e-01   0.0000
  4.45640057e-01   0.0000
 -3.90808731e-01   0.0000
 -1.38730854e-01   0.0000
  5.03364861e-01   0.0000
  1.04578853e+00   0.0000
 -2.98044831e-01   0.0000
 -1.99102193e-01   0.0000
 -6.91564739e-01   0.0000
 -2.29444981e-01   0.0000
  4.70984131e-02   0.0000
  4.25713360e-02   0.0000
  1.23083487e-01   0.0000
  1.10498615e-01   0.0000
  1.39404044e-01   0.0000
  1.71851724e-01   0.0000
 -4.22986180e-01   0.0000
  1.78487122e-01   0.0000
 -5.71091056e-01   0.0000
 -3.98731261e-01   0.0000
  1.35573685e-01   0.0000
 -4.59153116e-01   0.0000
 -2.98001975e-01   0.0000
  3.07839394e-01   0.0000
  5.81570156e-02   0.0000
 -2.65882183e-02   0.0000
 -2.14112028e-01   0.0000
  1.72675058e-01   0.0000
 -5.06857783e-02   0.0000
  5.17167151e-01   0.0000
 -6.28631413e-01   0.0000
 -3.77298981e-01   0.0000
 -3.90296012e-01   0.0000
 -4.09260899e-01   0.0000
 -2.03447431e-01   0.0000
 -9.35866311e-02   0.0000
 -6.54330105e-02   0.0000
 -2.59873599e-01   0.0000
 -1.12615883e-01   0.0000
  2.03291118e-01   0.0000
  3.10312510e-01   0.0000
 -2.02930033e-01   0.0000
 -2.36144260e-01   0.0000
 -3.74640137e-01   0.0000
 -2.93406069e-01   0.0000
  4.48824793e-01   0.0000
  1.04052089e-01   0.0000
 -1.16927356e-01   0.0000
 -4.29760758e-03   0.0000
 -1.60378993e-01   0.0000
  9.72340554e-02   0.0000
  1.10806532e-01   0.0000
 -1.57731950e-01   0.0000
 -1.84806228e-01   0.0000
  5.56897461e-01   0.0000
  4.35283244e-01   0.0000
  2.95226008e-01   0.0000
 -2.87366003e-01   0.0000
  1.82172045e-01   0.0000
 -3.94572198e-01   0.0000
 -3.50726485e-01   0.0000
 -8.05418417e-02   0.0000
  3.52071375e-01   0.0000
 -8.69080350e-02   0.0000
 -1.49126792e+00   0.0000
  5.32714501e-02   0.0000
 -3.47222388e-01   0.0000
 -1.82461843e-01   0.0000
 -2.71461636e-01   0.0000
 -1.04408383e+00   0.0000
  8.33151639e-01   0.0000
 -7.37048268e-01   0.0000
  1.20790102e-01   0.0000
 -1.93424249e+00   0.0000
  1.69290829e+00   0.0000
 -1.28440738e-01   0.0000
  3.13514397e-02   0.0000
  5.61956950e-02   0.0000
 -2.69653857e-01   0.0000
 -2.60739952e-01   0.0000
  2.36066389e+00   0.0000
 -3.30804676e-01   0.0000
 -2.56644219e-01   0.0000
 -3.42558205e-01   0.0000
  4.12355624e-02   0.0000
 -7.94115961e-02   0.0000
 -2.11763959e-02   0.0000
 -2.90721714e-01   0.0000
 -9.56744775e-02   0.0000
  1.53411180e-01   0.0000
  5.68218470e-01   0.0000
 -4.11202349e-02   0.0000
  8.62106532e-02   0.0000
 -1.49497896e-01   0.0000
 -1.84809249e-02   0.0000
  6.47565722e-02   0.0000
 -4.21473384e-01   0.0000
  7.22658879e-04   0.0000
  3.58584896e-03   0.0000
 -1.14666879e-01   0.0000
  7.84438699e-02   0.0000
 -2.39603654e-01   0.0000
  4.36549217e-01   0.0000
  9.94478539e-02   0.0000
  5.43907881e-01   0.0000
  2.97269523e-02   0.0000
  1.24860212e-01   0.0000
 -2.01084927e-01   0.0000
 -9.30320099e-02   0.0000
  2.40474120e-01   0.0000
 -6.35240786e-03   0.0000
  4.03263241e-01   0.0000
 -3.93147394e-02   0.0000
  1.96514800e-01   0.0000
 -7.72150531e-02   0.0000
 -1.36256129e-01   0.0000
  2.09086109e-02   0.0000
  1.94756046e-01   0.0000
  1.60895467e-01   0.0000
  2.51495659e-01   0.0000
  4.94080424e-01   0.0000
  6.55404925e-02   0.0000
  1.63585752e-01   0.0000
  6.94530457e-02   0.0000
 -1.64978251e-01   0.0000
 -1.22308441e-01   0.0000
 -1.14554442e-01   0.0000
  2.32847989e-01   0.0000
 -3.14528286e-01   0.0000
 -1.44235477e-01   0.0000
 -6.06537499e-02   0.0000
 -1.76427841e-01   0.0000
  2.67159883e-02   0.0000
  2.10134894e-01   0.0000
 -3.04566115e-01   0.0000
  5.68616152e-01   0.0000
 -2.21559018e-01   0.0000
 -1.16105437e-01   0.0000
 -2.11158231e-01   0.0000
  1.47689655e-01   0.0000
  4.57585663e-01   0.0000
  2.99761444e-01   0.0000
  1.32261053e-01   0.0000
  3.21687341e-01   0.0000
  3.38143349e-01   0.0000
 -7.32890889e-02   0.0000
  2.70352006e-01   0.0000
  5.99903166e-02   0.0000
  3.42268683e-02   0.0000
  2.41431668e-01   0.0000
 -5.72155535e-01   0.0000
  1.88373461e-01   0.0000
 -2.15928361e-01   0.0000
  3.14495385e-01   0.0000
 -7.44359335e-03   0.0000
  3.25155169e-01   0.0000
  6.81422055e-02   0.0000
  1.99294433e-01   0.0000
 -3.81203853e-02   0.0000
  2.43805811e-01   0.0000
 -1.67770192e-01   0.0000
  7.60534257e-02   0.0000
 -2.13864416e-01   0.0000
  7.14899823e-02   0.0000
  3.03652883e-01   0.0000
  1.62922129e-01   0.0000
  2.97933980e-03   0.0000
 -1.28895208e-01   0.0000
  1.30784854e-01   0.0000
  9.25981849e-02   0.0000
  5.45783788e-02   0.0000
  1.72337234e-01   0.0000
  1.56263694e-01   0.0000
  7.42598483e-03   0.0000
  5.60238538e-03   0.0000
  5.84358945e-02   0.0000
 -2.36445904e-01   0.0000
 -1.09764598e-02   0.0000
  1.17644679e-03   0.0000
  2.23311514e-01   0.0000
  1.31981820e-01   0.0000
 -2.94392169e-01   0.0000
 -3.39858025e-01   0.0000
  1.71525702e-02   0.0000
  2.51058340e-01   0.0000
 -2.55391240e-01   0.0000
  1.69142727e-02   0.0000
 -1.52032882e-01   0.0000
  1.46513283e-01   0.0000
  3.99781287e-01   0.0000
  1.64461195e-01   0.0000
 -1.77783787e-01   0.0000
  2.75039583e-01   0.0000
  7.20781609e-02   0.0000
  2.30914265e-01   0.0000
  2.32193679e-01   0.0000
 -1.16336778e-01   0.0000
  7.68841850e-03   0.0000
 -3.67183656e-01   0.0000
 -2.11882696e-01   0.0000
 -1.28683746e-01   0.0000
  8.37965608e-02   0.0000
 -5.03443144e-02   0.0000
  1.57663330e-01   0.0000
  1.14852734e-01   0.0000
  1.36917576e-01   0.0000
  3.14833760e-01   0.0000
  3.04061800e-01   0.0000
 -1.46589339e-01   0.0000
  7.72883967e-02   0.0000
 -4.54301089e-01   0.0000
  1.47025838e-01   0.0000
  1.19024172e-01   0.0000
  6.82987496e-02   0.0000
  4.97233532e-02   0.0000
  1.02634527e-01   0.0000
  1.52538061e-01   0.0000
 -5.77776544e-02   0.0000
  3.28429759e-01   0.0000
 -2.34653475e-03   0.0000
 -1.20302200e-01   0.0000
  1.45998374e-01   0.0000
 -2.01433167e-01   0.0000
  8.53804201e-02   0.0000
 -3.56452465e-01   0.0000
 -1.21613428e-01   0.0000
  1.24319084e-01   0.0000
  1.21712871e-01   0.0000
 -8.74003395e-02   0.0000
 -1.98901400e-01   0.0000
 -2.86951929e-01   0.0000
 -2.51002431e-01   0.0000
 -2.23860726e-01   0.0000
 -9.24791247e-02   0.0000
  2.73354232e-01   0.0000
  5.01371957e-02   0.0000
  3.07985812e-01   0.0000
  1.75161287e-01   0.0000
  1.55085087e-01   0.0000
 -1.59988090e-01   0.0000
 -1.45323295e-02   0.0000
 -3.24799865e-02   0.0000
  2.66976774e-01   0.0000
 -2.36540791e-02   0.0000
 -6.73104590e-03   0.0000
  1.83573812e-01   0.0000
 -1.11741409e-01   0.0000
 -9.32742655e-02   0.0000
  5.90137318e-02   0.0000
  2.14430109e-01   0.0000
  1.27689064e-01   0.0000
  9.11868587e-02   0.0000
 -8.30111206e-02   0.0000
  1.86328620e-01   0.0000
 -3.63674425e-02   0.0000
 -3.32273364e-01   0.0000
  1.11288682e-01   0.0000
  9.61252078e-02   0.0000
  4.46894795e-01   0.0000
  1.94131091e-01   0.0000
  8.24823305e-02   0.0000
  7.38934614e-03   0.0000
 -6.89964443e-02   0.0000
 -1.56059921e-01   0.0000
 -2.40818650e-01   0.0000
 -1.35635257e-01   0.0000
  9.13342908e-02   0.0000
  1.43205285e-01   0.0000
 -5.43350503e-02   0.0000
 -8.18000734e-02   0.0000
 -1.03819273e-01   0.0000
  1.35685667e-01   0.0000
  4.08016771e-01   0.0000
  1.49923131e-01   0.0000
  7.21632764e-02   0.0000
 -2.12107804e-02   0.0000
  2.35179365e-01   0.0000
  1.81603879e-01   0.0000
 -1.53456420e-01   0.0000
 -2.22666502e-01   0.0000
 -8.51379707e-02   0.0000
 -6.65504113e-02   0.0000
  3.34931642e-01   0.0000
 -3.66144604e-03   0.0000
  1.94040537e-01   0.0000
  1.35721758e-01   0.0000
  3.76655757e-02   0.0000
  2.59730339e-01   0.0000
 -1.80427700e-01   0.0000
 -1.62643984e-01   0.0000
 -1.38355643e-01   0.0000
 -6.67872280e-02   0.0000
 -1.55591249e-01   0.0000
  8.64342749e-02   0.0000
  1.41389305e-02   0.0000
  2.22247560e-02   0.0000
  3.46197188e-01   0.0000
 -8.32465291e-02   0.0000
  1.47460043e-01   0.0000
 -1.87800437e-01   0.0000
 -1.01643220e-01   0.0000
 -5.44160679e-02   0.0000
  2.52092421e-01   0.0000
 -5.73696196e-01   0.0000
  3.55686136e-02   0.0000
 -3.87096964e-02   0.0000
  9.47717071e-01   0.0000
  2.70908000e-03   0.0000
 -1.39469430e-01   0.0000
 -4.30800080e-01   0.0000
 -1.75107762e-01   0.0000
 -1.91204950e-01   0.0000
 -7.71077931e-01   0.0000
 -6.49243891e-02   0.0000
 -2.80715555e-01   0.0000
 -4.30166483e-01   0.0000
 -5.81180938e-02   0.0000
 -2.48221070e-01   0.0000
  6.23459637e-01   0.0000
 -1.02851495e-01   0.0000
  1.03747594e+00   0.0000
  1.18054770e-01   0.0000
 -1.31598011e-01   0.0000
 -1.65331215e-01   0.0000
  5.55466674e-02   0.0000
  2.40816623e-02   0.0000
 -2.18779758e-01   0.0000
  4.23506111e-01   0.0000
  1.43449232e-01   0.0000
 -5.68000488e-02   0.0000
 -8.47062707e-01   0.0000
 -8.84563923e-02   0.0000
  2.44606748e-01   0.0000
  8.18800926e-02   0.0000
  1.65625408e-01   0.0000
  9.35136750e-02   0.0000
  5.89462042e-01   0.0000
 -1.27685577e-01   0.0000
  1.38424829e-01   0.0000
  3.68191570e-01   0.0000
 -7.20575824e-02   0.0000
 -1.15114324e-01   0.0000
 -1.75753146e-01   0.0000
 -9.42324847e-02   0.0000
 -7.37581611e-01   0.0000
  1.47115901e-01   0.0000
  8.20632875e-02   0.0000
  1.31834716e-01   0.0000
 -1.74210090e-02   0.0000
  8.68851095e-02   0.0000
 -3.05030197e-02   0.0000
  6.54016674e-01   0.0000
  1.64605886e-01   0.0000
 -8.56375471e-02   0.0000
 -6.41759455e-01   0.0000
  1.23721153e-01   0.0000
  2.49134883e-01   0.0000
 -8.62048790e-02   0.0000
  1.51029274e-01   0.0000
  1.56917602e-01   0.0000
  5.80430984e-01   0.0000
  5.77012114e-02   0.0000
  6.69199824e-02   0.0000
  2.68997192e-01   0.0000
 -6.91400543e-02   0.0000
 -2.01259814e-02   0.0000
 -4.39750612e-01   0.0000
 -2.28965029e-01   0.0000
 -6.35820866e-01   0.0000
  2.33499452e-01   0.0000
  2.38965377e-01   0.0000
  1.56270638e-01   0.0000
  3.55909616e-01   0.0000
  1.46629037e-02   0.0000
 -2.18243867e-01   0.0000
  2.82092571e-01   0.0000
 -2.82630306e-02   0.0000
  4.84452993e-02   0.0000
 -5.07448852e-01   0.0000
  3.01058926e-02   0.0000
  4.28360164e-01   0.0000
  2.71053702e-01   0.0000
  3.41100097e-01   0.0000
  1.37975305e-01   0.0000
  3.03569227e-01   0.0000
  1.43131658e-01   0.0000
  2.72805393e-01   0.0000
  3.93093854e-01   0.0000
 -2.69344687e-01   0.0000
  3.56722206e-01   0.0000
 -3.39949042e-01   0.0000
 -5.08444086e-02   0.0000
 -2.96983540e-01   0.0000
  2.17439294e-01   0.0000
  2.61682421e-01   0.0000
 -3.17759924e-02   0.0000
  1.19798787e-01   0.0000
 -6.11532480e-02   0.0000
  1.80603862e-01   0.0000
 -2.21156090e-01   0.0000
 -3.14763874e-01   0.0000
  1.81570351e-01   0.0000
  1.14033449e+00   0.0000
  1.02253132e-01   0.0000
  3.58897597e-02   0.0000
 -9.23291594e-03   0.0000
 -3.43146801e-01   0.0000
 -1.09991804e-01   0.0000
 -4.20424908e-01   0.0000
  1.11747377e-01   0.0000
  6.80167228e-02   0.0000
 -1.35899082e-01   0.0000
  3.16506112e-03   0.0000
 -1.94609374e-01   0.0000
  1.03782967e-01   0.0000
 -1.29092753e-01   0.0000
  5.85745633e-01   0.0000
 -1.00661321e-02   0.0000
  2.73698941e-02   0.0000
  1.98422879e-01   0.0000
 -4.23577577e-01   0.0000
 -4.85207662e-02   0.0000
  3.82145941e-01   0.0000
 -6.47571862e-01   0.0000
 -1.18735991e-01   0.0000
  4.88900468e-02   0.0000
  2.05280185e-01   0.0000
 -1.96311146e-01   0.0000
 -3.42458278e-01   0.0000
 -4.39957142e-01   0.0000
  2.39530636e-04   0.0000
 -1.36331707e-01   0.0000
 -3.33759457e-01   0.0000
  2.12981433e-01   0.0000
 -4.35049862e-01   0.0000
 -4.67218369e-01   0.0000
  1.89798772e-01   0.0000
 -3.61679167e-01   0.0000
  6.01627946e-01   0.0000
 -1.39720798e-01   0.0000
  7.14810431e-01   0.0000
 -3.22824806e-01   0.0000
 -1.71756506e-01   0.0000
 -2.73026049e-01   0.0000
 -2.85990119e-01   0.0000
 -2.53257044e-02   0.0000
  1.26873285e-01   0.0000
 -2.07622424e-01   0.0000
  9.28114168e-03   0.0000
 -2.80317031e-02   0.0000
  5.73095500e-01   0.0000
 -1.57471970e-01   0.0000
 -3.05958390e-01   0.0000
 -2.50209749e-01   0.0000
 -2.40555510e-01   0.0000
  1.41090930e-01   0.0000
 -3.04874778e-01   0.0000
 -1.27719298e-01   0.0000
 -9.79310945e-02   0.0000
 -2.35119253e-01   0.0000
  2.31456123e-02   0.0000
 -3.61508913e-02   0.0000
  3.33177835e-01   0.0000
 -2.44174972e-01   0.0000
  3.47281635e-01   0.0000
 -8.25176835e-02   0.0000
  5.37162647e-02   0.0000
  2.94582658e-02   0.0000
 -3.16658579e-02   0.0000
 -8.53000879e-02   0.0000
  1.20605677e-02   0.0000
  1.24286152e-01   0.0000
 -1.11673526e-01   0.0000
 -2.94619054e-02   0.0000
 -4.18394744e-01   0.0000
  2.08889037e-01   0.0000
  1.83792993e-01   0.0000
  1.45268857e-01   0.0000
 -1.10647932e-01   0.0000
 -1.04250215e-01   0.0000
  1.01284675e-01   0.0000
  5.74136078e-02   0.0000
 -1.49706095e-01   0.0000
  1.36531214e-03   0.0000
  3.93199921e-02   0.0000
  1.14717804e-01   0.0000
 -2.87456393e-01   0.0000
  1.94641516e-01   0.0000
 -1.85467154e-01   0.0000
 -8.12623184e-03   0.0000
  1.59588128e-01   0.0000
 -4.31405846e-03   0.0000
 -2.31704578e-01   0.0000
 -6.89816177e-02   0.0000
  2.42939129e-01   0.0000
 -2.02392582e-02   0.0000
 -1.12261370e-01   0.0000
 -1.22879170e-01   0.0000
  4.84164394e-02   0.0000
 -9.00619403e-02   0.0000
 -2.79394060e-01   0.0000
 -2.99260199e-01   0.0000
 -5.96000664e-02   0.0000
 -9.69682261e-02   0.0000
  9.27378610e-02   0.0000
  2.47246683e-01   0.0000
 -2.58073390e-01   0.0000
 -2.21793234e-01   0.0000
 -6.69966191e-02   0.0000
 -2.90134624e-02   0.0000
  5.62659800e-02   0.0000
 -1.72471210e-01   0.0000
  2.63842493e-02   0.0000
 -2.06167504e-01   0.0000
 -1.94921922e-02   0.0000
 -1.58670455e-01   0.0000
  2.85882860e-01   0.0000
 -4.05822396e-02   0.0000
 -3.42377663e-01   0.0000
  2.47768164e-01   0.0000
 -1.30405813e-01   0.0000
 -1.23986900e-01   0.0000
 -2.37074077e-01   0.0000
  1.71862870e-01   0.0000
  1.82292864e-01   0.0000
  3.81536454e-01   0.0000
 -7.44283125e-02   0.0000
 -3.43787298e-02   0.0000
  3.23169142e-01   0.0000
 -4.08970304e-02   0.0000
  3.40327501e-01   0.0000
  1.67413265e-01   0.0000
  9.24822539e-02   0.0000
  2.51431048e-01   0.0000
 -1.16976470e-01   0.0000
  1.79257274e-01   0.0000
 -2.91211512e-02   0.0000
  3.05875003e-01   0.0000
  2.15184316e-01   0.0000
  1.24951296e-01   0.0000
  9.73525792e-02   0.0000
  2.07604632e-01   0.0000
 -2.09838063e-01   0.0000
  2.92654604e-01   0.0000
  4.48168851e-02   0.0000
  1.47955874e-02   0.0000
 -4.25430268e-01   0.0000
  1.27412960e-01   0.0000
  1.22799411e-01   0.0000
  4.15056884e-01   0.0000
  1.79703921e-01   0.0000
 -1.98069274e-01   0.0000
  5.12461901e-01   0.0000
 -1.52972817e-01   0.0000
  3.95186245e-01   0.0000
  2.93364041e-02   0.0000
 -8.62784386e-02   0.0000
  1.88443922e-02   0.0000
 -7.21475706e-02   0.0000
  2.29714885e-01   0.0000
 -1.24632336e-01   0.0000
  2.42471769e-01   0.0000
  2.32922763e-01   0.0000
  2.78845757e-01   0.0000
  1.72930269e-03   0.0000
  8.82152393e-02   0.0000
 -3.48374873e-01   0.0000
  8.79231811e-01   0.0000
  6.04531057e-02   0.0000
 -2.02849418e-01   0.0000
 -1.51853752e+00   0.0000
  2.37698272e-01   0.0000
  4.06359047e-01   0.0000
  3.20240468e-01   0.0000
  4.29443121e-01   0.0000
  2.32301727e-01   0.0000
  1.01410723e+00   0.0000
 -1.67516217e-01   0.0000
  3.91989917e-01   0.0000
  2.79272228e-01   0.0000
 -3.29987973e-01   0.0000
  3.48861217e-01   0.0000
 -7.30917513e-01   0.0000
  3.55819315e-02   0.0000
 -1.27645314e+00   0.0000
  7.81025141e-02   0.0000
  4.35293391e-02   0.0000
  3.94792974e-01   0.0000
  1.88589156e-01   0.0000
  5.38632683e-02   0.0000
 -7.59033784e-02   0.0000
 -2.26303026e-01   0.0000
  1.05425157e-02   0.0000
  1.54161632e-01   0.0000
 -2.81104833e-01   0.0000
 -1.65222183e-01   0.0000
  1.29400983e-01   0.0000
  2.21406922e-01   0.0000
  4.60631624e-02   0.0000
 -1.76535562e-01   0.0000
  1.76348891e-02   0.0000
  1.58983707e-01   0.0000
 -5.59684448e-02   0.0000
  5.99109270e-02   0.0000
 -1.02048792e-01   0.0000
 -1.72295585e-01   0.0000
 -4.36619222e-02   0.0000
  1.89347759e-01   0.0000
 -1.12152278e-01   0.0000
  8.55628923e-02   0.0000
  1.81747586e-01   0.0000
 -1.82406291e-01   0.0000
 -2.72793174e-01   0.0000
  4.23255786e-02   0.0000
  2.87567377e-01   0.0000
 -2.23147050e-01   0.0000
 -1.12395801e-01   0.0000
 -3.62889953e-02   0.0000
  1.76603854e-01   0.0000
 -1.27704382e-01   0.0000
 -2.67555624e-01   0.0000
 -4.39605974e-02   0.0000
 -3.90883014e-02   0.0000
  4.29647341e-02   0.0000
 -2.26710826e-01   0.0000
  2.16690883e-01   0.0000
 -3.74067686e-02   0.0000
 -2.25745127e-01   0.0000
  3.59975956e-02   0.0000
  1.20280161e-02   0.0000
  1.08633660e-01   0.0000
  1.34032562e-01   0.0000
  1.64130583e-01   0.0000
 -1.60825372e-01   0.0000
 -1.86956629e-01   0.0000
 -2.97167808e-01   0.0000
 -1.97104260e-01   0.0000
  2.14231297e-01   0.0000
  1.36882618e-01   0.0000
 -2.48448104e-01   0.0000
  5.34061454e-02   0.0000
  4.54598814e-02   0.0000
  3.34117055e-01   0.0000
  1.47765726e-01   0.0000
 -2.31468022e-01   0.0000
 -1.48110285e-01   0.0000
  6.06708601e-02   0.0000
  1.96639940e-01   0.0000
 -1.08418912e-01   0.0000
  2.31320020e-02   0.0000
 -2.57873714e-01   0.0000
  3.20626795e-02   0.0000
 -5.54965734e-02   0.0000
  2.85545103e-02   0.0000
  1.71443626e-01   0.0000
 -2.65916996e-02   0.0000
  3.91461849e-01   0.0000
  1.53033704e-01   0.0000
 -1.20466821e-01   0.0000
  1.39428899e-01   0.0000
 -6.35807455e-01   0.0000
 -1.44419938e-01   0.0000
  6.91970944e-01   0.0000
 -4.45687324e-01   0.0000
  7.86163509e-02   0.0000
 -8.65381360e-02   0.0000
 -2.52385791e-02   0.0000
 -1.25172153e-01   0.0000
 -4.69895303e-01   0.0000
 -5.44993460e-01   0.0000
 -5.55591378e-03   0.0000
 -3.20313901e-01   0.0000
 -4.86892946e-02   0.0000
  4.37300354e-01   0.0000
 -2.10532635e-01   0.0000
 -4.36630219e-01   0.0000
  2.43840307e-01   0.0000
 -2.97031879e-01   0.0000
  5.13341784e-01   0.0000
 -1.19653381e-01   0.0000
  2.88292825e-01   0.0000
 -1.94557682e-01   0.0000
 -3.99387479e-01   0.0000
 -2.68722862e-01   0.0000
 -7.68891215e-01   0.0000
 -3.13459694e-01   0.0000
  1.09883428e+00   0.0000
 -1.71925688e+00   0.0000
  2.05654100e-01   0.0000
  3.13382223e-02   0.0000
  1.87284350e+00   0.0000
 -4.89172071e-01   0.0000
 -1.10992980e+00   0.0000
 -1.07658398e+00   0.0000
 -2.99837112e-01   0.0000
 -5.02094150e-01   0.0000
 -1.44779134e+00   0.0000
  4.48538333e-01   0.0000
 -6.66156769e-01   0.0000
 -8.51458371e-01   0.0000
  3.71013343e-01   0.0000
 -6.27624631e-01   0.0000
  1.50721192e+00   0.0000
 -2.48100549e-01   0.0000
  1.80181015e+00   0.0000
 -5.55333197e-01   0.0000
 -5.36960781e-01   0.0000
 -6.80839598e-01   0.0000
  0.00000000e+00   0.0000

