 5 0.000000 1
 1 
 Si 28.085500
 0 0.250000 4.500000 1.000000 1.500000 
 5 0 1 2 3 4
 6 1.00000 1.25000 1.50000 1.75000 4.50000 4.75000
 1 12.169200 6.172630 3.114710 0.755675 0.404939 0.036124 0.650018 0.572890
 4 30 24 24 1
  4.65746224e-01   0.0000
  2.19119504e-01   0.0000
  2.27471679e-01   0.0000
  2.99679190e-02   0.0000
  8.47337306e-01   0.0000
 -3.02935302e-01   0.0000
  4.04991031e-01   0.0000
 -1.49482384e-01   0.0000
  1.63036838e-01   0.0000
  2.98006624e-01   0.0000
 -1.00872731e+00   0.0000
  7.97989607e-01   0.0000
  1.26401335e-01   0.0000
  1.09489858e+00   0.0000
 -9.19430494e-01   0.0000
 -2.22401738e-01   0.0000
 -3.03671975e-02   0.0000
 -4.23657984e-01   0.0000
  5.12138963e-01   0.0000
  3.76318127e-01   0.0000
 -1.76887858e+00   0.0000
 -2.17416771e-02   0.0000
  9.99045447e-02   0.0000
 -8.99405405e-02   0.0000
  1.75986260e-01   0.0000
  4.05282766e-01   0.0000
  1.75740421e-01   0.0000
 -9.22460295e-03   0.0000
  2.67588556e-01   0.0000
 -1.26808241e-01   0.0000
 -1.63314506e-01   0.0000
 -3.68643482e-03   0.0000
 -3.75981703e-02   0.0000
 -2.98712194e-01   0.0000
  1.28311589e-01   0.0000
  7.65700817e-01   0.0000
  2.84717560e-01   0.0000
 -4.53457274e-02   0.0000
 -1.05919749e-01   0.0000
 -3.01274955e-01   0.0000
  1.64019033e-01   0.0000
 -2.34377459e-01   0.0000
  3.61141890e-01   0.0000
 -1.11093350e-01   0.0000
 -2.30616778e-01   0.0000
  2.77020425e-01   0.0000
  1.83638662e-01   0.0000
  1.86936438e-01   0.0000
 -1.83679581e-01   0.0000
  1.97413400e-01   0.0000
  5.83694614e-02   0.0000
  8.86029303e-02   0.0000
 -5.13844490e-01   0.0000
 -2.19464558e-03   0.0000
 -5.00686504e-02   0.0000
  1.19683184e-01   0.0000
 -3.80837560e-01   0.0000
  9.18376520e-02   0.0000
  5.70509374e-01   0.0000
  3.31882954e-01   0.0000
 -2.35685125e-01   0.0000
 -6.64314032e-01   0.0000
  3.35274309e-01   0.0000
  1.94207743e-01   0.0000
  2.18277514e-01   0.0000
  1.08052827e-01   0.0000
 -1.74851805e-01   0.0000
 -2.95033246e-01   0.0000
  5.97860694e-01   0.0000
 -1.11306971e-02   0.0000
  1.41785994e-01   0.0000
  2.52438039e-02   0.0000
 -1.43191576e-01   0.0000
  2.42336959e-01   0.0000
 -2.92165935e-01   0.0000
  3.53226550e-02   0.0000
 -9.64800298e-01   0.0000
  1.56198457e-01   0.0000
 -3.25267315e-01   0.0000
  9.55586359e-02   0.0000
 -5.28036952e-01   0.0000
  3.74755293e-01   0.0000
  8.49679708e-01   0.0000
  2.89669365e-01   0.0000
 -5.07409453e-01   0.0000
 -1.50322437e+00   0.0000
  6.22527540e-01   0.0000
  2.15689853e-01   0.0000
  2.03676283e-01   0.0000
  3.55507317e-03   0.0000
 -2.44639255e-02   0.0000
 -4.00119096e-01   0.0000
  8.61948669e-01   0.0000
  4.87433635e-02   0.0000
 -9.03791040e-02   0.0000
  3.80027667e-02   0.0000
  8.26069936e-02   0.0000
  1.36845469e-01   0.0000
 -1.00181527e-01   0.0000
 -3.52300078e-01   0.0000
 -1.07414192e-02   0.0000
 -2.99609136e-02   0.0000
 -1.94146365e-01   0.0000
 -5.78159273e-01   0.0000
 -2.08062619e-01   0.0000
  4.34741490e-02   0.0000
 -6.58504009e-01   0.0000
  6.65444076e-01   0.0000
  1.41992018e-01   0.0000
  3.72364014e-01   0.0000
 -1.50397733e-01   0.0000
 -6.17708080e-03   0.0000
  2.31798068e-02   0.0000
  1.54323816e-01   0.0000
 -1.48804411e-01   0.0000
 -4.19422500e-02   0.0000
 -3.90511267e-02   0.0000
  3.40076208e-01   0.0000
 -2.68813729e-01   0.0000
  2.30601758e-01   0.0000
 -8.34311992e-02   0.0000
  2.24463522e-01   0.0000
 -2.68522143e-01   0.0000
 -1.12672277e-01   0.0000
  8.05226564e-01   0.0000
  4.94658900e-03   0.0000
 -3.43734920e-01   0.0000
 -4.38724279e-01   0.0000
 -1.48597300e-01   0.0000
 -1.89310655e-01   0.0000
 -1.65101528e-01   0.0000
  3.47715795e-01   0.0000
  7.84747303e-02   0.0000
  1.09726512e+00   0.0000
 -6.63712561e-01   0.0000
  3.05958539e-01   0.0000
  1.03110254e-01   0.0000
 -9.96415839e-02   0.0000
 -3.49864572e-01   0.0000
  8.56587142e-02   0.0000
  4.52639014e-02   0.0000
  3.45987052e-01   0.0000
 -2.28866674e-02   0.0000
 -5.25232367e-02   0.0000
 -3.75410356e-02   0.0000
 -7.95035958e-02   0.0000
  2.18219012e-01   0.0000
 -3.23467284e-01   0.0000
 -1.17853440e-01   0.0000
 -6.01924248e-02   0.0000
  9.79612619e-02   0.0000
  2.66223848e-01   0.0000
 -1.03156105e-01   0.0000
 -4.34825905e-02   0.0000
  3.13585162e-01   0.0000
  7.60000199e-03   0.0000
  3.27686220e-02   0.0000
 -1.95279703e-01   0.0000
  1.16596095e-01   0.0000
  3.91502678e-02   0.0000
 -1.83854073e-01   0.0000
  6.86439872e-02   0.0000
  3.99030894e-02   0.0000
 -2.59545565e-01   0.0000
 -3.15442502e-01   0.0000
 -2.06128508e-02   0.0000
  1.66165605e-01   0.0000
 -4.68233116e-02   0.0000
  1.00887991e-01   0.0000
 -1.64658844e-01   0.0000
  7.88515732e-02   0.0000
 -3.56534541e-01   0.0000
  3.73259261e-02   0.0000
  1.08355023e-01   0.0000
  1.32581204e-01   0.0000
  2.38093808e-01   0.0000
 -3.44958566e-02   0.0000
  4.13153730e-02   0.0000
  2.66483456e-01   0.0000
  7.96200261e-02   0.0000
  1.37691528e-01   0.0000
 -1.07897744e-01   0.0000
  2.40932077e-01   0.0000
  1.01145469e-01   0.0000
 -2.09896728e-01   0.0000
 -4.74664383e-03   0.0000
 -2.30238989e-01   0.0000
 -1.29637539e-01   0.0000
  1.27810270e-01   0.0000
 -1.85379580e-01   0.0000
  1.41007796e-01   0.0000
 -1.13535702e-01   0.0000
 -2.04324812e-01   0.0000
 -2.77387768e-01   0.0000
 -1.12903222e-01   0.0000
 -3.64618927e-01   0.0000
  2.89141327e-01   0.0000
 -3.29522610e-01   0.0000
  1.82937041e-01   0.0000
 -6.21275157e-02   0.0000
 -1.66246682e-01   0.0000
 -1.73777156e-03   0.0000
  1.52912751e-01   0.0000
 -6.38435334e-02   0.0000
  2.67789334e-01   0.0000
  5.20009696e-02   0.0000
  4.47596759e-01   0.0000
  3.37138399e-02   0.0000
  9.16122943e-02   0.0000
  4.14021373e-01   0.0000
  3.36333327e-02   0.0000
  3.77496392e-01   0.0000
  3.82503420e-02   0.0000
 -8.34178850e-02   0.0000
  2.48750478e-01   0.0000
  2.17259154e-02   0.0000
 -2.17034593e-01   0.0000
 -3.18167686e-01   0.0000
 -1.27185091e-01   0.0000
 -1.80432886e-01   0.0000
  1.22119591e-01   0.0000
 -1.67790189e-01   0.0000
 -8.71076994e-03   0.0000
 -9.07672290e-03   0.0000
 -2.60223448e-01   0.0000
  3.58836412e-01   0.0000
  3.70054722e-01   0.0000
  1.97100401e-01   0.0000
  5.62812209e-01   0.0000
 -1.31056607e-01   0.0000
  3.31069559e-01   0.0000
 -3.22623886e-02   0.0000
  8.68677869e-02   0.0000
  3.79936934e-01   0.0000
  3.63387764e-01   0.0000
  7.56765604e-01   0.0000
  3.00039351e-01   0.0000
 -7.95561150e-02   0.0000
 -1.30160972e-01   0.0000
  1.09181562e-02   0.0000
 -3.65136653e-01   0.0000
  7.94737265e-02   0.0000
 -8.04880708e-02   0.0000
 -1.25771344e-01   0.0000
 -1.60450593e-01   0.0000
 -1.27609089e-01   0.0000
 -1.85841054e-01   0.0000
  1.37302846e-01   0.0000
 -1.41045913e-01   0.0000
  3.91104192e-01   0.0000
  7.62794316e-02   0.0000
  4.73966114e-02   0.0000
 -2.14590847e-01   0.0000
 -1.38728619e-01   0.0000
 -4.37376589e-01   0.0000
 -5.92006594e-02   0.0000
  7.44319404e-04   0.0000
 -3.65574092e-01   0.0000
  5.24390161e-01   0.0000
  3.19102854e-02   0.0000
  4.63805497e-02   0.0000
  2.03981295e-01   0.0000
  4.30837320e-03   0.0000
  2.49353852e-02   0.0000
  2.47532837e-02   0.0000
  4.15744722e-01   0.0000
 -2.72604614e-03   0.0000
 -6.73160031e-02   0.0000
 -6.07195403e-03   0.0000
 -6.26919195e-02   0.0000
 -6.31983280e-02   0.0000
  1.08418740e-01   0.0000
 -3.07136271e-02   0.0000
 -4.36806113e-01   0.0000
  1.06236391e-01   0.0000
 -5.30905187e-01   0.0000
 -1.04508296e-01   0.0000
  3.18095952e-01   0.0000
  1.82594836e-01   0.0000
  1.83556661e-01   0.0000
 -3.51690352e-02   0.0000
 -1.91349357e-01   0.0000
  1.33298457e-01   0.0000
  3.70489471e-02   0.0000
 -4.96967733e-02   0.0000
  3.82335305e-01   0.0000
  1.35281369e-01   0.0000
  2.97034830e-01   0.0000
 -5.49009554e-02   0.0000
  1.54938847e-01   0.0000
 -1.25590459e-01   0.0000
 -1.75093576e-01   0.0000
 -5.02438843e-01   0.0000
  2.13058352e-01   0.0000
 -2.08187416e-01   0.0000
 -3.15779597e-02   0.0000
  1.94622219e-01   0.0000
 -8.83489028e-02   0.0000
 -3.83556336e-01   0.0000
 -3.44231933e-01   0.0000
 -3.91511083e-01   0.0000
 -4.83227521e-02   0.0000
  1.10048845e-01   0.0000
 -2.63647914e-01   0.0000
 -2.77032703e-01   0.0000
  1.62542179e-01   0.0000
 -1.74245313e-02   0.0000
 -9.83357504e-02   0.0000
 -7.20810965e-02   0.0000
 -3.10642034e-01   0.0000
  2.14607328e-01   0.0000
  3.56391102e-01   0.0000
  1.38787378e-03   0.0000
  1.80252060e-01   0.0000
  8.54352303e-03   0.0000
 -2.47686461e-01   0.0000
 -4.14955840e-02   0.0000
  1.97145745e-01   0.0000
  1.29599020e-01   0.0000
 -6.03194125e-02   0.0000
 -1.19913287e-01   0.0000
 -1.23622864e-01   0.0000
  1.91134095e-01   0.0000
 -6.64605349e-02   0.0000
 -6.21002465e-02   0.0000
  3.50378230e-02   0.0000
  6.25841022e-02   0.0000
 -2.44752839e-01   0.0000
 -1.79251805e-01   0.0000
  9.78952944e-02   0.0000
 -2.80027688e-02   0.0000
  8.94363690e-03   0.0000
  2.19255880e-01   0.0000
 -1.94849372e-01   0.0000
 -1.00432225e-01   0.0000
  1.54401198e-01   0.0000
  2.92143255e-01   0.0000
 -1.85878798e-01   0.0000
  2.40068555e-01   0.0000
  3.19450274e-02   0.0000
  4.76431586e-02   0.0000
 -3.23172696e-02   0.0000
 -7.64910951e-02   0.0000
  5.03840744e-02   0.0000
 -6.23851269e-02   0.0000
 -5.65170571e-02   0.0000
 -1.23119242e-01   0.0000
  2.72421598e-01   0.0000
 -8.73301104e-02   0.0000
  2.84346100e-02   0.0000
 -1.99368998e-01   0.0000
 -6.69052675e-02   0.0000
 -1.08417012e-01   0.0000
  1.83211133e-01   0.0000
  1.11011393e-01   0.0000
  1.93243530e-02   0.0000
  1.05116382e-01   0.0000
 -2.34184057e-01   0.0000
  9.91605818e-02   0.0000
  3.79138559e-01   0.0000
  3.91574115e-01   0.0000
 -2.31356993e-01   0.0000
  3.79660636e-01   0.0000
  1.09301001e-01   0.0000
  3.36724162e-01   0.0000
  9.48325247e-02   0.0000
  9.39803496e-02   0.0000
 -1.90726489e-01   0.0000
 -4.49143082e-01   0.0000
  3.53096038e-01   0.0000
  2.60673672e-01   0.0000
  3.43121856e-01   0.0000
 -1.48113355e-01   0.0000
  1.29028872e-01   0.0000
 -1.45549208e-01   0.0000
  1.70409441e-01   0.0000
  2.85292149e-01   0.0000
  1.09560065e-01   0.0000
 -1.97854966e-01   0.0000
  3.32475342e-02   0.0000
 -2.72805154e-01   0.0000
 -3.55873197e-01   0.0000
 -2.71838844e-01   0.0000
  1.59900501e-01   0.0000
 -2.56953001e-01   0.0000
 -7.48441517e-02   0.0000
 -5.92102408e-02   0.0000
 -1.64222643e-01   0.0000
 -6.53741136e-02   0.0000
  3.40657085e-01   0.0000
 -7.12380111e-02   0.0000
 -1.06613152e-03   0.0000
 -1.06853917e-01   0.0000
  1.94466293e-01   0.0000
 -4.23574120e-01   0.0000
  1.75347537e-01   0.0000
 -1.21134363e-01   0.0000
  1.46676213e-01   0.0000
 -3.84218305e-01   0.0000
 -1.26975328e-01   0.0000
 -3.14834416e-01   0.0000
 -3.39553654e-01   0.0000
  2.28394389e-01   0.0000
 -9.10283029e-02   0.0000
  3.52702379e-01   0.0000
 -3.93441096e-02   0.0000
 -2.41064038e-02   0.0000
  2.07822576e-01   0.0000
 -8.68702605e-02   0.0000
  2.81190872e-01   0.0000
  3.79056036e-02   0.0000
  4.19341885e-02   0.0000
  7.81448931e-02   0.0000
  6.06041476e-02   0.0000
  7.33052716e-02   0.0000
 -5.65929525e-02   0.0000
  2.57555544e-01   0.0000
 -3.15609246e-01   0.0000
  2.12537050e-01   0.0000
  3.04822121e-02   0.0000
  5.23196645e-02   0.0000
 -5.36223575e-02   0.0000
  1.68077096e-01   0.0000
  2.39698201e-01   0.0000
 -1.11562222e-01   0.0000
  3.73800427e-01   0.0000
 -5.28172910e-01   0.0000
 -3.27291816e-01   0.0000
 -3.75395566e-01   0.0000
 -1.21086966e-02   0.0000
  9.81864799e-03   0.0000
 -2.03293338e-01   0.0000
 -2.06599668e-01   0.0000
  2.50872597e-02   0.0000
  3.00184846e-01   0.0000
  2.53897429e-01   0.0000
  2.67311335e-01   0.0000
 -3.26030910e-01   0.0000
  1.21222753e-02   0.0000
 -2.10502759e-01   0.0000
  3.42497155e-02   0.0000
 -2.09919307e-02   0.0000
 -4.07316536e-01   0.0000
  7.00191736e-01   0.0000
  6.65054694e-02   0.0000
  1.75371319e-01   0.0000
 -1.77210808e-01   0.0000
 -5.81854545e-02   0.0000
  3.45608115e-01   0.0000
  2.26421863e-01   0.0000
 -2.00698912e-01   0.0000
 -3.07235152e-01   0.0000
 -6.46639109e-01   0.0000
 -5.07202651e-03   0.0000
 -1.00166671e-01   0.0000
 -5.17705202e-01   0.0000
 -1.84798986e-01   0.0000
  2.39029690e-03   0.0000
 -3.34803723e-02   0.0000
  2.37520859e-01   0.0000
  2.13250324e-01   0.0000
 -8.73036683e-02   0.0000
  1.69343203e-01   0.0000
 -8.44979659e-02   0.0000
 -2.07047582e-01   0.0000
 -3.65185961e-02   0.0000
  7.45125394e-03   0.0000
  5.11400282e-01   0.0000
  1.98273078e-01   0.0000
  3.62876803e-02   0.0000
 -2.91229308e-01   0.0000
 -2.16113940e-01   0.0000
 -7.69355819e-02   0.0000
  1.84030622e-01   0.0000
 -4.53434974e-01   0.0000
 -9.11012813e-02   0.0000
  8.39626491e-02   0.0000
  2.11641099e-02   0.0000
  1.97151437e-01   0.0000
 -3.50090295e-01   0.0000
 -2.00399891e-01   0.0000
 -1.06761903e-01   0.0000
 -2.14616865e-01   0.0000
  3.76410447e-02   0.0000
 -9.72694065e-03   0.0000
  2.80363709e-01   0.0000
  9.98487622e-02   0.0000
 -1.11015931e-01   0.0000
  8.89434442e-02   0.0000
  2.84387350e-01   0.0000
 -2.83163283e-02   0.0000
 -3.19167376e-01   0.0000
 -1.48973335e-02   0.0000
  1.61920473e-01   0.0000
  8.31944793e-02   0.0000
 -2.55212039e-01   0.0000
 -1.84675127e-01   0.0000
  1.90338209e-01   0.0000
 -5.23989499e-01   0.0000
 -2.53028542e-01   0.0000
  1.85334295e-01   0.0000
  4.23289537e-02   0.0000
  1.80037618e-01   0.0000
 -5.07578611e-01   0.0000
 -4.07807857e-01   0.0000
 -2.26691499e-01   0.0000
 -1.59100503e-01   0.0000
 -4.84231934e-02   0.0000
 -9.86132696e-02   0.0000
  4.08135563e-01   0.0000
 -2.60819644e-01   0.0000
 -2.57734478e-01   0.0000
 -1.32774308e-01   0.0000
  2.10547015e-01   0.0000
  1.14132047e-01   0.0000
 -4.86875623e-01   0.0000
  2.01949194e-01   0.0000
  1.07643269e-01   0.0000
  3.38590562e-01   0.0000
 -2.17182800e-01   0.0000
 -1.79723695e-01   0.0000
  2.39931598e-01   0.0000
 -8.03921148e-02   0.0000
  1.74418226e-01   0.0000
  3.86234343e-01   0.0000
  5.05126193e-02   0.0000
  3.86816770e-01   0.0000
 -5.29846132e-01   0.0000
 -1.27034232e-01   0.0000
 -8.22493806e-02   0.0000
 -1.12154461e-01   0.0000
  1.72065511e-01   0.0000
 -4.41410132e-02   0.0000
  4.86304134e-01   0.0000
  4.61763322e-01   0.0000
 -3.26585770e-01   0.0000
 -6.98893294e-02   0.0000
 -2.50051618e-01   0.0000
 -2.08023846e-01   0.0000
  5.47564104e-02   0.0000
 -7.30656907e-02   0.0000
  2.45126367e-01   0.0000
 -2.24036410e-01   0.0000
 -3.63763282e-03   0.0000
 -2.44021922e-01   0.0000
  4.42131788e-01   0.0000
 -2.73281455e-01   0.0000
 -1.86434403e-01   0.0000
 -1.89732611e-01   0.0000
 -2.51329541e-01   0.0000
  1.18457852e-02   0.0000
  2.23802373e-01   0.0000
  2.54760772e-01   0.0000
 -2.00930342e-01   0.0000
  2.56844401e-01   0.0000
  3.45060118e-02   0.0000
  2.29073882e-01   0.0000
  1.12758450e-01   0.0000
  3.31664056e-01   0.0000
 -1.74255162e-01   0.0000
 -2.13471785e-01   0.0000
  2.21706077e-01   0.0000
 -1.26927167e-01   0.0000
  2.09365934e-01   0.0000
  3.09172779e-01   0.0000
 -1.26734883e-01   0.0000
  1.97859421e-01   0.0000
  1.39513344e-01   0.0000
  2.12526433e-02   0.0000
  2.43438452e-01   0.0000
  3.85053605e-02   0.0000
 -1.08863890e-01   0.0000
  1.34689271e-01   0.0000
 -1.62117705e-01   0.0000
 -8.25622678e-02   0.0000
 -2.37746567e-01   0.0000
 -3.09399694e-01   0.0000
  1.86874777e-01   0.0000
 -7.20467279e-03   0.0000
  2.26953942e-02   0.0000
  9.15150166e-01   0.0000
 -4.62311953e-01   0.0000
  1.10697888e-01   0.0000
 -1.92896590e-01   0.0000
  4.81030077e-01   0.0000
  9.50439334e-01   0.0000
 -3.54081154e-01   0.0000
 -1.93927363e-01   0.0000
 -2.80924201e-01   0.0000
  8.64870310e-01   0.0000
 -7.39487335e-02   0.0000
  5.97743154e-01   0.0000
  3.42618763e-01   0.0000
 -1.20686159e-01   0.0000
 -6.57762527e-01   0.0000
  4.18266892e-01   0.0000
 -1.38556004e+00   0.0000
 -1.65322088e-02   0.0000
 -1.57174543e-01   0.0000
  2.05063552e-01   0.0000
 -3.02608609e-01   0.0000
  5.57715930e-02   0.0000
  2.37011775e-01   0.0000
  1.22357540e-01   0.0000
  5.30341804e-01   0.0000
  4.75192741e-02   0.0000
 -4.06350708e-04   0.0000
  2.55643707e-02   0.0000
 -9.39491540e-02   0.0000
 -5.77787697e-01   0.0000
  4.88390952e-01   0.0000
 -1.00622907e-01   0.0000
  3.31178486e-01   0.0000
 -5.02512515e-01   0.0000
  4.55574721e-01   0.0000
 -9.80480239e-02   0.0000
  3.83720905e-01   0.0000
 -9.99845713e-02   0.0000
 -3.09634030e-01   0.0000
  4.90267426e-01   0.0000
  1.21453440e+00   0.0000
 -1.10069342e-01   0.0000
  4.61845733e-02   0.0000
 -3.12391669e-01   0.0000
 -5.49195945e-01   0.0000
 -3.27710249e-02   0.0000
 -3.09027761e-01   0.0000
 -1.43628240e-01   0.0000
 -2.36609325e-01   0.0000
  2.64196396e-01   0.0000
 -5.54246783e-01   0.0000
 -3.47268492e-01   0.0000
 -2.98562974e-01   0.0000
 -6.38084471e-01   0.0000
  4.60416526e-01   0.0000
 -2.30550393e-01   0.0000
 -1.55072376e-01   0.0000
 -5.23413658e-01   0.0000
  2.84128487e-01   0.0000
 -2.61106193e-01   0.0000
  1.33190736e-01   0.0000
  7.88458809e-02   0.0000
 -2.40184426e-01   0.0000
 -1.63210239e-02   0.0000
  9.56663489e-01   0.0000
 -4.77448059e-03   0.0000
  2.14956462e-01   0.0000
  1.62740070e-02   0.0000
 -7.24952459e-01   0.0000
 -1.26097456e-01   0.0000
 -5.70501566e-01   0.0000
 -4.60236222e-01   0.0000
 -7.92754471e-01   0.0000
  6.61126971e-02   0.0000
 -7.89300621e-01   0.0000
 -3.22651118e-01   0.0000
 -3.85328412e-01   0.0000
 -2.09249809e-01   0.0000
 -4.15545940e-01   0.0000
  7.47300759e-02   0.0000
 -4.61949438e-01   0.0000
  4.89394456e-01   0.0000
 -3.63168687e-01   0.0000
 -2.03770623e-01   0.0000
  5.63215971e-01   0.0000
  1.03775358e+00   0.0000
 -1.68515697e-01   0.0000
 -4.97230813e-02   0.0000
 -5.23306727e-01   0.0000
 -1.48656100e-01   0.0000
  1.41939029e-01   0.0000
 -6.40207008e-02   0.0000
  2.70018190e-01   0.0000
  2.02447008e-02   0.0000
  2.05769211e-01   0.0000
  8.18779916e-02   0.0000
 -4.03741151e-01   0.0000
  1.36266962e-01   0.0000
 -4.22575325e-01   0.0000
 -4.91397262e-01   0.0000
  1.63389206e-01   0.0000
 -4.43957865e-01   0.0000
 -3.07490736e-01   0.0000
  3.02919775e-01   0.0000
  1.47567868e-01   0.0000
 -3.04424148e-02   0.0000
 -2.57062793e-01   0.0000
  2.49304399e-01   0.0000
 -1.36940414e-02   0.0000
  5.92477679e-01   0.0000
 -5.98799288e-01   0.0000
 -3.95136625e-01   0.0000
 -3.27407002e-01   0.0000
 -5.17973304e-01   0.0000
 -2.24480152e-01   0.0000
 -7.95799419e-02   0.0000
 -2.32774481e-01   0.0000
 -2.46368021e-01   0.0000
 -2.06428915e-01   0.0000
  2.85248637e-01   0.0000
  2.66960442e-01   0.0000
 -1.96726173e-01   0.0000
 -1.73067853e-01   0.0000
 -4.50553924e-01   0.0000
 -2.37195432e-01   0.0000
  4.64815885e-01   0.0000
  1.34884104e-01   0.0000
 -1.11152671e-01   0.0000
 -2.51600780e-02   0.0000
 -1.62913337e-01   0.0000
  1.53445005e-01   0.0000
  1.11439638e-02   0.0000
 -1.73196509e-01   0.0000
 -2.17140585e-01   0.0000
  5.23114622e-01   0.0000
  4.58910674e-01   0.0000
  2.23812565e-01   0.0000
 -3.31632286e-01   0.0000
  2.43440256e-01   0.0000
 -4.36176658e-01   0.0000
 -2.22908333e-01   0.0000
 -2.01225206e-01   0.0000
  4.37480867e-01   0.0000
 -6.27727881e-02   0.0000
 -1.53777111e+00   0.0000
 -4.12352309e-02   0.0000
 -2.68596679e-01   0.0000
 -3.38468343e-01   0.0000
 -2.27074802e-01   0.0000
 -1.00403750e+00   0.0000
  7.07580268e-01   0.0000
 -7.65449226e-01   0.0000
  7.15966672e-02   0.0000
 -1.95353889e+00   0.0000
  1.68663430e+00   0.0000
 -1.94327191e-01   0.0000
  8.82461574e-03   0.0000
  7.30492026e-02   0.0000
 -2.21682772e-01   0.0000
 -2.02825502e-01   0.0000
  2.62673187e+00   0.0000
 -3.13125998e-01   0.0000
 -2.98923373e-01   0.0000
 -3.96813124e-01   0.0000
  3.72051597e-02   0.0000
 -7.87678361e-02   0.0000
 -1.54776610e-02   0.0000
 -3.54688644e-01   0.0000
 -8.26056749e-02   0.0000
  1.40329406e-01   0.0000
  7.00034022e-01   0.0000
 -4.76957113e-02   0.0000
  8.38922337e-02   0.0000
 -1.24102518e-01   0.0000
 -2.36377958e-02   0.0000
  4.47580516e-02   0.0000
 -4.58056957e-01   0.0000
  7.04382733e-03   0.0000
 -3.03652044e-03   0.0000
 -1.16720065e-01   0.0000
  7.75854737e-02   0.0000
 -2.28868037e-01   0.0000
  4.24488485e-01   0.0000
  8.72446746e-02   0.0000
  6.53361976e-01   0.0000
  1.84977334e-02   0.0000
  1.12599961e-01   0.0000
 -2.02271283e-01   0.0000
 -8.33533406e-02   0.0000
  2.19043523e-01   0.0000
  1.31336367e-02   0.0000
  4.28499103e-01   0.0000
 -3.56229134e-02   0.0000
  1.78399026e-01   0.0000
 -1.93545580e-01   0.0000
 -1.22372121e-01   0.0000
  7.50561105e-03   0.0000
  1.63887873e-01   0.0000
  1.51597396e-01   0.0000
  2.27822781e-01   0.0000
  5.24427235e-01   0.0000
  5.96952476e-02   0.0000
  1.51850417e-01   0.0000
  5.31396866e-02   0.0000
 -1.48295045e-01   0.0000
 -1.05583511e-01   0.0000
 -1.14556916e-01   0.0000
  2.12074354e-01   0.0000
 -3.79463851e-01   0.0000
 -1.47805631e-01   0.0000
 -6.28200695e-02   0.0000
 -1.59042656e-01   0.0000
  7.02996477e-02   0.0000
  2.15779617e-01   0.0000
 -3.25238943e-01   0.0000
  6.25151396e-01   0.0000
 -2.17926741e-01   0.0000
 -1.08347431e-01   0.0000
 -1.80148005e-01   0.0000
  1.74886689e-01   0.0000
  4.95434374e-01   0.0000
  3.46589386e-01   0.0000
  1.42427444e-01   0.0000
  3.32750589e-01   0.0000
  3.71812433e-01   0.0000
 -9.82851386e-02   0.0000
  2.95358300e-01   0.0000
  1.23092808e-01   0.0000
 -1.51368405e-03   0.0000
  2.71718264e-01   0.0000
 -6.47625208e-01   0.0000
  1.92471564e-01   0.0000
 -2.24128261e-01   0.0000
  3.28015625e-01   0.0000
  3.80282328e-02   0.0000
  3.45956266e-01   0.0000
  1.00294821e-01   0.0000
  1.97362706e-01   0.0000
 -7.38000274e-02   0.0000
  2.76484907e-01   0.0000
 -1.63993210e-01   0.0000
  6.71221688e-02   0.0000
 -3.88219953e-01   0.0000
  9.48114917e-02   0.0000
  3.24381322e-01   0.0000
  2.13893443e-01   0.0000
  2.03339923e-02   0.0000
 -8.64405483e-02   0.0000
  2.02003315e-01   0.0000
  6.27910718e-02   0.0000
  8.69226158e-02   0.0000
  2.02901512e-01   0.0000
  1.18062072e-01   0.0000
  3.84087227e-02   0.0000
 -6.62365928e-02   0.0000
  6.78987876e-02   0.0000
 -3.15084308e-01   0.0000
  1.95019972e-02   0.0000
  3.13882045e-02   0.0000
  2.42838606e-01   0.0000
  1.67868912e-01   0.0000
 -2.61460096e-01   0.0000
 -3.48382294e-01   0.0000
 -1.05033247e-02   0.0000
  2.25715861e-01   0.0000
 -2.32884362e-01   0.0000
  5.46216480e-02   0.0000
 -1.23937771e-01   0.0000
  1.72880501e-01   0.0000
  4.25836414e-01   0.0000
  1.58840150e-01   0.0000
 -1.51540890e-01   0.0000
  2.64010727e-01   0.0000
  5.58948070e-02   0.0000
  2.40117311e-01   0.0000
  2.40013331e-01   0.0000
 -1.13408893e-01   0.0000
  4.05457094e-02   0.0000
 -3.76156628e-01   0.0000
 -1.87121525e-01   0.0000
 -6.07439615e-02   0.0000
  8.09855908e-02   0.0000
 -3.03437728e-02   0.0000
  1.64921135e-01   0.0000
  1.24042749e-01   0.0000
  1.36113480e-01   0.0000
  2.65057027e-01   0.0000
  3.37352008e-01   0.0000
 -1.40864685e-01   0.0000
  6.89911768e-02   0.0000
 -4.73036379e-01   0.0000
  1.47695184e-01   0.0000
  1.49608999e-01   0.0000
  7.88167939e-02   0.0000
  5.41751124e-02   0.0000
  1.12391420e-01   0.0000
  2.03765243e-01   0.0000
 -6.07992895e-02   0.0000
  3.04546058e-01   0.0000
  2.95093916e-02   0.0000
 -1.21028118e-01   0.0000
  1.42143756e-01   0.0000
 -2.22811446e-01   0.0000
  8.64414200e-02   0.0000
 -4.01260734e-01   0.0000
 -8.30857158e-02   0.0000
  1.29272059e-01   0.0000
  1.25350371e-01   0.0000
 -6.28760234e-02   0.0000
 -1.70168191e-01   0.0000
 -2.66355366e-01   0.0000
 -2.81808108e-01   0.0000
 -2.11202100e-01   0.0000
 -8.53448659e-02   0.0000
  3.06012899e-01   0.0000
  6.48445189e-02   0.0000
  3.04225355e-01   0.0000
  1.60144091e-01   0.0000
  1.51330233e-01   0.0000
 -1.26580194e-01   0.0000
 -7.28368480e-03   0.0000
 -5.11811003e-02   0.0000
  2.61382729e-01   0.0000
  5.22315688e-03   0.0000
 -1.92866325e-02   0.0000
  1.88854918e-01   0.0000
 -1.39744893e-01   0.0000
 -7.66110644e-02   0.0000
  1.28709182e-01   0.0000
  2.12775558e-01   0.0000
  1.33078560e-01   0.0000
  1.06583610e-01   0.0000
 -3.23849097e-02   0.0000
  1.85892761e-01   0.0000
 -6.26405627e-02   0.0000
 -3.08707863e-01   0.0000
  9.03855488e-02   0.0000
  8.53630826e-02   0.0000
  4.45244759e-01   0.0000
  2.02507406e-01   0.0000
  1.12786733e-01   0.0000
  5.00657484e-02   0.0000
 -4.80561517e-02   0.0000
 -1.15943804e-01   0.0000
 -2.09462270e-01   0.0000
 -1.45841748e-01   0.0000
  1.18241757e-01   0.0000
  1.73585534e-01   0.0000
 -7.02605620e-02   0.0000
 -4.17899564e-02   0.0000
 -1.54782280e-01   0.0000
  1.38687477e-01   0.0000
  4.20643538e-01   0.0000
  1.61283016e-01   0.0000
  9.32993293e-02   0.0000
  1.62388179e-02   0.0000
  2.19099939e-01   0.0000
  1.63841650e-01   0.0000
 -1.34802595e-01   0.0000
 -2.91386425e-01   0.0000
 -7.69780800e-02   0.0000
 -6.06249273e-02   0.0000
  3.53387773e-01   0.0000
 -5.32140303e-03   0.0000
  1.59048632e-01   0.0000
  1.25615120e-01   0.0000
  3.13404724e-02   0.0000
  2.33720779e-01   0.0000
 -2.14739978e-01   0.0000
 -1.47621468e-01   0.0000
 -1.31696165e-01   0.0000
 -6.48063719e-02   0.0000
 -1.41560748e-01   0.0000
  7.35132545e-02   0.0000
  3.96056697e-02   0.0000
  2.30612960e-02   0.0000
  3.91027927e-01   0.0000
 -7.52858445e-02   0.0000
  1.34785712e-01   0.0000
 -1.75385609e-01   0.0000
 -9.71908718e-02   0.0000
 -6.44872114e-02   0.0000
  2.54258692e-01   0.0000
 -6.47730708e-01   0.0000
  4.20244671e-02   0.0000
 -3.36783975e-02   0.0000
  9.89668787e-01   0.0000
 -1.93291549e-02   0.0000
 -1.41659170e-01   0.0000
 -4.08474445e-01   0.0000
 -1.73737675e-01   0.0000
 -2.00161263e-01   0.0000
 -7.68337369e-01   0.0000
 -4.19381447e-02   0.0000
 -2.74931014e-01   0.0000
 -4.24799323e-01   0.0000
 -3.53681780e-02   0.0000
 -2.46877000e-01   0.0000
  6.32823706e-01   0.0000
 -1.05103381e-01   0.0000
  1.08360207e+00   0.0000
  8.05003643e-02   0.0000
 -1.38490722e-01   0.0000
 -1.81431726e-01   0.0000
  5.34461290e-02   0.0000
  3.41265947e-02   0.0000
 -2.16490597e-01   0.0000
  4.44889963e-01   0.0000
  1.21969104e-01   0.0000
 -5.27727157e-02   0.0000
 -9.17192936e-01   0.0000
 -6.27750233e-02   0.0000
  2.19899148e-01   0.0000
  6.05029613e-02   0.0000
  1.60526767e-01   0.0000
  1.05311982e-01   0.0000
  5.80399394e-01   0.0000
 -1.36235580e-01   0.0000
  1.44209400e-01   0.0000
  3.60034555e-01   0.0000
 -7.89309442e-02   0.0000
 -8.32792670e-02   0.0000
 -2.14652926e-01   0.0000
 -7.78353140e-02   0.0000
 -7.66774535e-01   0.0000
  1.51489422e-01   0.0000
  8.95879269e-02   0.0000
  1.43737510e-01   0.0000
 -2.44755503e-02   0.0000
  8.24511573e-02   0.0000
 -1.50740985e-02   0.0000
  7.17425048e-01   0.0000
  1.48095831e-01   0.0000
 -7.83038214e-02   0.0000
 -6.75001740e-01   0.0000
  1.19776659e-01   0.0000
  2.38866195e-01   0.0000
 -9.53589007e-02   0.0000
  1.44005358e-01   0.0000
  1.49136901e-01   0.0000
  6.29024148e-01   0.0000
  4.92894202e-02   0.0000
  6.65248856e-02   0.0000
  2.46956170e-01   0.0000
 -6.63271546e-02   0.0000
 -6.56413799e-03   0.0000
 -4.42283243e-01   0.0000
 -2.08452344e-01   0.0000
 -6.92589641e-01   0.0000
  2.04893127e-01   0.0000
  2.18861893e-01   0.0000
  1.51452750e-01   0.0000
  3.54468286e-01   0.0000
  2.15752516e-02   0.0000
 -2.43296519e-01   0.0000
  2.80421853e-01   0.0000
 -3.06488182e-02   0.0000
  4.31997031e-02   0.0000
 -4.84682560e-01   0.0000
  4.22413275e-02   0.0000
  4.37745303e-01   0.0000
  2.97960222e-01   0.0000
  3.17780465e-01   0.0000
  1.37878671e-01   0.0000
  3.10771614e-01   0.0000
  1.15339361e-01   0.0000
  2.72470474e-01   0.0000
  3.87660325e-01   0.0000
 -2.57494241e-01   0.0000
  3.38352978e-01   0.0000
 -3.43169630e-01   0.0000
 -3.85760590e-02   0.0000
 -3.02948713e-01   0.0000
  2.28868783e-01   0.0000
  2.54153430e-01   0.0000
 -6.51896652e-03   0.0000
  1.31695926e-01   0.0000
 -4.55609858e-02   0.0000
  1.28058985e-01   0.0000
 -2.28271365e-01   0.0000
 -2.89920092e-01   0.0000
  1.63797244e-01   0.0000
  1.34220505e+00   0.0000
  1.07669577e-01   0.0000
  7.03448579e-02   0.0000
  4.91183884e-02   0.0000
 -3.04103553e-01   0.0000
 -8.67484882e-02   0.0000
 -4.52115804e-01   0.0000
  9.04457271e-02   0.0000
  8.05009007e-02   0.0000
 -8.92784074e-02   0.0000
 -8.82247370e-03   0.0000
 -1.52414948e-01   0.0000
  5.64268380e-02   0.0000
 -1.07711606e-01   0.0000
  6.91012323e-01   0.0000
  6.51979307e-03   0.0000
  4.13746387e-02   0.0000
  2.01709524e-01   0.0000
 -4.09977436e-01   0.0000
 -3.36303376e-02   0.0000
  3.80924612e-01   0.0000
 -5.87377071e-01   0.0000
 -1.16887428e-01   0.0000
  4.35674898e-02   0.0000
  1.70425534e-01   0.0000
 -1.63770825e-01   0.0000
 -3.43223095e-01   0.0000
 -4.49944615e-01   0.0000
  7.50419172e-03   0.0000
 -1.05974846e-01   0.0000
 -3.08060825e-01   0.0000
  1.81103721e-01   0.0000
 -3.93733144e-01   0.0000
 -4.06419784e-01   0.0000
  1.60327151e-01   0.0000
 -3.13972354e-01   0.0000
  5.11787653e-01   0.0000
 -1.21237174e-01   0.0000
  6.88144565e-01   0.0000
 -2.92191148e-01   0.0000
 -1.49993613e-01   0.0000
 -2.34543160e-01   0.0000
 -2.68774211e-01   0.0000
 -2.96583045e-02   0.0000
  1.17647022e-01   0.0000
 -1.52069286e-01   0.0000
  1.27914585e-02   0.0000
 -2.49629300e-02   0.0000
  5.01681805e-01   0.0000
 -1.51231959e-01   0.0000
 -2.94314682e-01   0.0000
 -2.25716129e-01   0.0000
 -2.23009184e-01   0.0000
  1.19439393e-01   0.0000
 -2.78643548e-01   0.0000
 -1.10391147e-01   0.0000
 -9.79982391e-02   0.0000
 -2.30913833e-01   0.0000
  2.73955222e-02   0.0000
 -4.33045737e-02   0.0000
  3.21925163e-01   0.0000
 -2.27209508e-01   0.0000
  2.87198424e-01   0.0000
 -7.79894218e-02   0.0000
  4.50869277e-02   0.0000
  1.84277948e-02   0.0000
 -3.57231013e-02   0.0000
 -8.38691667e-02   0.0000
  2.45577525e-02   0.0000
  1.34892955e-01   0.0000
 -9.66486409e-02   0.0000
 -2.63371449e-02   0.0000
 -4.55940664e-01   0.0000
  1.80527851e-01   0.0000
  1.66949987e-01   0.0000
  1.13640644e-01   0.0000
 -1.04967184e-01   0.0000
 -1.03529170e-01   0.0000
  1.20889902e-01   0.0000
  6.54574037e-02   0.0000
 -1.47856742e-01   0.0000
 -1.72250755e-02   0.0000
  4.56453711e-02   0.0000
  1.00147769e-01   0.0000
 -2.44390875e-01   0.0000
  1.70761988e-01   0.0000
 -2.24818245e-01   0.0000
 -2.20637824e-02   0.0000
  1.31887764e-01   0.0000
 -1.71232838e-02   0.0000
 -2.47231409e-01   0.0000
 -5.51730953e-02   0.0000
  2.36000061e-01   0.0000
  9.41375922e-03   0.0000
 -1.06356516e-01   0.0000
 -1.12588830e-01   0.0000
  7.24772960e-02   0.0000
 -7.27011785e-02   0.0000
 -2.58181930e-01   0.0000
 -3.02318573e-01   0.0000
 -4.93362807e-02   0.0000
 -7.32195750e-02   0.0000
  8.45272616e-02   0.0000
  2.20043153e-01   0.0000
 -2.42506072e-01   0.0000
 -1.85520917e-01   0.0000
 -6.77026883e-02   0.0000
 -2.37001237e-02   0.0000
  2.64569726e-02   0.0000
 -1.53894544e-01   0.0000
  1.80691164e-02   0.0000
 -1.81735709e-01   0.0000
 -2.12106574e-02   0.0000
 -1.32837728e-01   0.0000
  2.95439750e-01   0.0000
 -3.22985053e-02   0.0000
 -3.30273300e-01   0.0000
  2.22294673e-01   0.0000
 -1.21969678e-01   0.0000
 -1.13820620e-01   0.0000
 -2.74712175e-01   0.0000
  1.62889510e-01   0.0000
  1.74633995e-01   0.0000
  3.79964411e-01   0.0000
 -6.13144487e-02   0.0000
 -2.63222530e-02   0.0000
  3.47977042e-01   0.0000
 -4.97177094e-02   0.0000
  3.18684816e-01   0.0000
  1.67530626e-01   0.0000
  7.75538236e-02   0.0000
  2.34827667e-01   0.0000
 -1.15208521e-01   0.0000
  1.69533819e-01   0.0000
 -1.64546762e-02   0.0000
  2.84450293e-01   0.0000
  2.05237910e-01   0.0000
  1.19554311e-01   0.0000
  1.07065007e-01   0.0000
  1.94700241e-01   0.0000
 -2.32602537e-01   0.0000
  2.96896338e-01   0.0000
  3.92673090e-02   0.0000
  1.26961712e-02   0.0000
 -4.86934513e-01   0.0000
  1.22486465e-01   0.0000
  1.19980723e-01   0.0000
  4.03515846e-01   0.0000
  1.69731021e-01   0.0000
 -1.67488635e-01   0.0000
  5.09848177e-01   0.0000
 -1.50721624e-01   0.0000
  3.69275451e-01   0.0000
  5.13723642e-02   0.0000
 -8.80034864e-02   0.0000
  2.58483700e-02   0.0000
 -8.76385495e-02   0.0000
  2.14057922e-01   0.0000
 -1.63493752e-01   0.0000
  2.40400642e-01   0.0000
  2.22254202e-01   0.0000
  2.64619172e-01   0.0000
  3.37081426e-03   0.0000
  8.49098414e-02   0.0000
 -3.14624637e-01   0.0000
  9.14795399e-01   0.0000
  5.21677434e-02   0.0000
 -1.85470328e-01   0.0000
 -1.64806175e+00   0.0000
  2.22195864e-01   0.0000
  3.68589520e-01   0.0000
  2.80575573e-01   0.0000
  3.97064090e-01   0.0000
  2.21197337e-01   0.0000
  1.03108251e+00   0.0000
 -1.52908608e-01   0.0000
  3.52569640e-01   0.0000
  2.63245404e-01   0.0000
 -3.04629087e-01   0.0000
  3.14871132e-01   0.0000
 -6.78769767e-01   0.0000
  3.54565233e-02   0.0000
 -1.36249733e+00   0.0000
  8.41820762e-02   0.0000
  4.11933400e-02   0.0000
  3.64405781e-01   0.0000
  2.14725167e-01   0.0000
  4.47723009e-02   0.0000
 -4.93559204e-02   0.0000
 -2.50227004e-01   0.0000
  9.53837391e-03   0.0000
  1.40431434e-01   0.0000
 -3.46455634e-01   0.0000
 -1.48292914e-01   0.0000
  1.30009785e-01   0.0000
  2.05275208e-01   0.0000
  4.28918339e-02   0.0000
 -1.70580670e-01   0.0000
  8.52360353e-02   0.0000
  1.38435245e-01   0.0000
 -3.21624093e-02   0.0000
  3.60533521e-02   0.0000
 -8.47952515e-02   0.0000
 -1.45935446e-01   0.0000
 -1.84207130e-02   0.0000
  1.70507386e-01   0.0000
 -1.36718124e-01   0.0000
  6.64809048e-02   0.0000
  1.69010654e-01   0.0000
 -1.59312248e-01   0.0000
 -2.63010800e-01   0.0000
  3.16684805e-02   0.0000
  2.70910770e-01   0.0000
 -2.12883085e-01   0.0000
 -9.76921991e-02   0.0000
 -3.19939926e-02   0.0000
  1.59000695e-01   0.0000
 -1.27567410e-01   0.0000
 -2.57368594e-01   0.0000
 -6.41672686e-02   0.0000
 -4.28964496e-02   0.0000
  2.64053624e-02   0.0000
 -2.17799813e-01   0.0000
  2.09409446e-01   0.0000
 -4.64063361e-02   0.0000
 -2.26426318e-01   0.0000
  4.20493670e-02   0.0000
 -9.54700809e-04   0.0000
  1.23261780e-01   0.0000
  1.14598580e-01   0.0000
  1.32423848e-01   0.0000
 -1.61678374e-01   0.0000
 -1.83022350e-01   0.0000
 -2.85698026e-01   0.0000
 -1.75153583e-01   0.0000
  1.95705786e-01   0.0000
  1.55082226e-01   0.0000
 -2.59058475e-01   0.0000
  4.60626297e-02   0.0000
  4.12388816e-02   0.0000
  4.83482897e-01   0.0000
  1.38954863e-01   0.0000
 -2.07150161e-01   0.0000
 -1.47070155e-01   0.0000
  5.82664572e-02   0.0000
  1.74598694e-01   0.0000
 -1.11179739e-01   0.0000
  1.42090982e-02   0.0000
 -2.24607900e-01   0.0000
  2.74897590e-02   0.0000
 -5.08648902e-02   0.0000
  4.14755382e-02   0.0000
  1.30487159e-01   0.0000
 -2.38003600e-02   0.0000
  4.63232636e-01   0.0000
  1.33074626e-01   0.0000
 -1.08545974e-01   0.0000
  1.39673620e-01   0.0000
 -6.58354044e-01   0.0000
 -1.61999375e-01   0.0000
  7.23097742e-01   0.0000
 -3.94366920e-01   0.0000
  9.19047222e-02   0.0000
 -7.47424215e-02   0.0000
  7.54448399e-02   0.0000
 -1.64308861e-01   0.0000
 -5.11747539e-01   0.0000
 -6.04157507e-01   0.0000
 -3.34490873e-02   0.0000
 -3.42613041e-01   0.0000
 -1.16232812e-01   0.0000
  4.45819914e-01   0.0000
 -2.52173960e-01   0.0000
 -4.80683178e-01   0.0000
  2.62569100e-01   0.0000
 -3.28656256e-01   0.0000
  5.77863216e-01   0.0000
 -1.38714388e-01   0.0000
  3.17333370e-01   0.0000
 -2.32791752e-01   0.0000
 -4.19128686e-01   0.0000
 -3.06655586e-01   0.0000
 -8.13937783e-01   0.0000
 -3.34059805e-01   0.0000
  1.12829936e+00   0.0000
 -1.74893892e+00   0.0000
  2.32858807e-01   0.0000
  2.68114693e-02   0.0000
  2.07543588e+00   0.0000
 -4.88876075e-01   0.0000
 -1.15956175e+00   0.0000
 -1.12153053e+00   0.0000
 -3.18112433e-01   0.0000
 -4.89613324e-01   0.0000
 -1.50802267e+00   0.0000
  4.53157753e-01   0.0000
 -7.11562395e-01   0.0000
 -8.74290884e-01   0.0000
  3.65517378e-01   0.0000
 -6.27879500e-01   0.0000
  1.52020109e+00   0.0000
 -2.43693173e-01   0.0000
  1.91175687e+00   0.0000
 -5.70012927e-01   0.0000
 -5.58592439e-01   0.0000
 -7.24793494e-01   0.0000
  0.00000000e+00   0.0000

