 5 0.000000 1
 1 
 Si 28.085500
 0 0.250000 4.500000 1.000000 1.500000 
 5 0 1 2 3 4
 6 1.00000 1.25000 1.50000 1.75000 4.50000 4.75000
 1 12.169200 6.172630 3.114710 0.755675 0.404939 0.036124 0.650018 0.572890
 4 30 24 24 1
  4.63181287e-01   0.0000
  2.94956863e-01   0.0000
  2.54384756e-01   0.0000
  4.20964248e-02   0.0000
  8.96891892e-01   0.0000
 -2.85074383e-01   0.0000
  4.21280295e-01   0.0000
 -1.61395982e-01   0.0000
  1.71222031e-01   0.0000
  2.93905288e-01   0.0000
 -9.64063644e-01   0.0000
  7.64768541e-01   0.0000
  1.40069142e-01   0.0000
  1.11660218e+00   0.0000
 -8.50401878e-01   0.0000
 -2.13192254e-01   0.0000
 -1.31297195e-02   0.0000
 -4.17174965e-01   0.0000
  5.17384648e-01   0.0000
  4.01145548e-01   0.0000
 -1.73405087e+00   0.0000
 -3.41226459e-02   0.0000
  1.38466939e-01   0.0000
 -9.63605493e-02   0.0000
  2.03874886e-01   0.0000
  4.29827213e-01   0.0000
  1.66041866e-01   0.0000
 -2.92193666e-02   0.0000
  2.89574325e-01   0.0000
 -1.23648673e-01   0.0000
 -1.70824647e-01   0.0000
 -2.19298080e-02   0.0000
 -3.81472372e-02   0.0000
 -2.73341656e-01   0.0000
  1.04755282e-01   0.0000
  7.35898912e-01   0.0000
  2.63084531e-01   0.0000
 -2.19579320e-02   0.0000
 -7.15005696e-02   0.0000
 -3.35781962e-01   0.0000
  1.34642601e-01   0.0000
 -2.24902883e-01   0.0000
  3.54990423e-01   0.0000
 -1.36378229e-01   0.0000
 -2.50165761e-01   0.0000
  2.64888912e-01   0.0000
  2.10474014e-01   0.0000
  1.92702040e-01   0.0000
 -2.15150580e-01   0.0000
  2.06467420e-01   0.0000
  6.94750249e-02   0.0000
  8.16386417e-02   0.0000
 -5.14694095e-01   0.0000
 -2.96104560e-03   0.0000
 -4.99823727e-02   0.0000
  9.43910033e-02   0.0000
 -4.00085837e-01   0.0000
  6.17384873e-02   0.0000
  5.48260927e-01   0.0000
  3.27964365e-01   0.0000
 -2.21013948e-01   0.0000
 -6.90510929e-01   0.0000
  3.10040951e-01   0.0000
  1.85453206e-01   0.0000
  2.11632445e-01   0.0000
  1.06789835e-01   0.0000
 -2.00844735e-01   0.0000
 -2.84407526e-01   0.0000
  5.95398486e-01   0.0000
 -3.77525054e-02   0.0000
  1.67794392e-01   0.0000
  9.23898711e-04   0.0000
 -1.25624999e-01   0.0000
  2.34604910e-01   0.0000
 -3.08302283e-01   0.0000
  2.71472875e-02   0.0000
 -1.00153923e+00   0.0000
  1.29046723e-01   0.0000
 -3.39358538e-01   0.0000
  5.84950373e-02   0.0000
 -5.59158981e-01   0.0000
  3.38607341e-01   0.0000
  8.70279491e-01   0.0000
  3.40596586e-01   0.0000
 -4.79747802e-01   0.0000
 -1.50512207e+00   0.0000
  5.87780356e-01   0.0000
  1.99455515e-01   0.0000
  1.95349410e-01   0.0000
 -2.95717549e-02   0.0000
 -6.43261895e-02   0.0000
 -4.11783129e-01   0.0000
  9.00132418e-01   0.0000
  2.72828974e-02   0.0000
 -6.87455609e-02   0.0000
 -1.83363762e-02   0.0000
  6.18931353e-02   0.0000
  7.93340877e-02   0.0000
 -1.18438497e-01   0.0000
 -3.67617160e-01   0.0000
  6.90409288e-05   0.0000
 -6.50617555e-02   0.0000
 -1.53451771e-01   0.0000
 -5.92460752e-01   0.0000
 -2.23977432e-01   0.0000
  6.83262050e-02   0.0000
 -6.26175165e-01   0.0000
  6.47208333e-01   0.0000
  1.29066348e-01   0.0000
  3.43646616e-01   0.0000
 -1.42049909e-01   0.0000
 -3.03061008e-02   0.0000
  5.57203144e-02   0.0000
  1.48148656e-01   0.0000
 -1.27288312e-01   0.0000
 -3.98982950e-02   0.0000
  3.17825228e-02   0.0000
  3.83538336e-01   0.0000
 -2.67907441e-01   0.0000
  2.59746224e-01   0.0000
 -7.15430677e-02   0.0000
  2.13339895e-01   0.0000
 -2.54217982e-01   0.0000
 -9.45846215e-02   0.0000
  8.13707411e-01   0.0000
  7.48642907e-03   0.0000
 -3.13181996e-01   0.0000
 -4.54792291e-01   0.0000
 -1.63562447e-01   0.0000
 -1.63884774e-01   0.0000
 -1.98836491e-01   0.0000
  3.60423237e-01   0.0000
  6.72383383e-02   0.0000
  1.17398846e+00   0.0000
 -6.60227060e-01   0.0000
  3.13635439e-01   0.0000
  1.45019144e-01   0.0000
 -1.19086415e-01   0.0000
 -3.45314324e-01   0.0000
  1.31638855e-01   0.0000
 -5.68931773e-02   0.0000
  3.87469381e-01   0.0000
 -3.36838737e-02   0.0000
  1.04552116e-02   0.0000
 -4.87890728e-02   0.0000
 -1.01834469e-01   0.0000
  1.59960672e-01   0.0000
 -3.17116171e-01   0.0000
 -1.49260402e-01   0.0000
 -5.27284779e-02   0.0000
  8.10606331e-02   0.0000
  2.41257027e-01   0.0000
 -1.21416271e-01   0.0000
 -1.10720016e-01   0.0000
  3.27367246e-01   0.0000
  1.15363095e-02   0.0000
  3.59215811e-02   0.0000
 -2.04621300e-01   0.0000
  1.36474624e-01   0.0000
 -1.35460002e-02   0.0000
 -1.77584678e-01   0.0000
  6.89143836e-02   0.0000
  1.11290060e-01   0.0000
 -2.24679098e-01   0.0000
 -2.82613873e-01   0.0000
  1.37501862e-02   0.0000
  1.96412265e-01   0.0000
 -4.20815796e-02   0.0000
  1.11274853e-01   0.0000
 -1.85514271e-01   0.0000
  4.48217764e-02   0.0000
 -3.46852541e-01   0.0000
  1.25435917e-02   0.0000
  1.19275324e-01   0.0000
  1.21046983e-01   0.0000
  2.36605331e-01   0.0000
 -4.01036777e-02   0.0000
  6.73212335e-02   0.0000
  2.59728134e-01   0.0000
  6.52170479e-02   0.0000
  8.64028186e-02   0.0000
 -1.14996009e-01   0.0000
  2.54047215e-01   0.0000
  6.79793358e-02   0.0000
 -2.27680892e-01   0.0000
 -1.35206068e-02   0.0000
 -1.93093017e-01   0.0000
 -1.35869280e-01   0.0000
  1.03531152e-01   0.0000
 -1.59468055e-01   0.0000
  1.61348268e-01   0.0000
 -1.17838442e-01   0.0000
 -1.98230147e-01   0.0000
 -2.84335494e-01   0.0000
 -1.11159869e-01   0.0000
 -3.53976250e-01   0.0000
  2.90403694e-01   0.0000
 -3.30862224e-01   0.0000
  1.74252778e-01   0.0000
 -6.95054457e-02   0.0000
 -1.72612265e-01   0.0000
  3.09740547e-02   0.0000
  1.49744675e-01   0.0000
 -7.15215281e-02   0.0000
  2.37304613e-01   0.0000
  4.22135890e-02   0.0000
  4.50069577e-01   0.0000
  1.53898355e-02   0.0000
  7.21555948e-02   0.0000
  4.09063995e-01   0.0000
  2.29779966e-02   0.0000
  3.68188947e-01   0.0000
 -2.07618102e-02   0.0000
 -5.31549901e-02   0.0000
  2.53638923e-01   0.0000
  2.03374978e-02   0.0000
 -2.07424611e-01   0.0000
 -2.94657767e-01   0.0000
 -7.72531480e-02   0.0000
 -1.55750379e-01   0.0000
  1.36945590e-01   0.0000
 -1.44995496e-01   0.0000
 -2.61378512e-02   0.0000
 -1.03972564e-02   0.0000
 -2.67544925e-01   0.0000
  3.73380840e-01   0.0000
  4.14338976e-01   0.0000
  2.29297921e-01   0.0000
  5.82175851e-01   0.0000
 -1.65169984e-01   0.0000
  2.96909183e-01   0.0000
 -4.94241305e-02   0.0000
  5.52859306e-02   0.0000
  3.55829895e-01   0.0000
  3.01678717e-01   0.0000
  7.58814394e-01   0.0000
  2.51730531e-01   0.0000
 -4.78000976e-02   0.0000
 -1.64342538e-01   0.0000
  7.70013873e-03   0.0000
 -3.56253445e-01   0.0000
  6.57807663e-02   0.0000
 -8.33000615e-02   0.0000
 -8.92438367e-02   0.0000
 -1.35874897e-01   0.0000
 -1.30868718e-01   0.0000
 -1.92469478e-01   0.0000
  1.48026988e-01   0.0000
 -1.34654298e-01   0.0000
  3.83325070e-01   0.0000
  4.47687395e-02   0.0000
  2.12654062e-02   0.0000
 -1.96557224e-01   0.0000
 -1.23060524e-01   0.0000
 -3.55175883e-01   0.0000
 -1.83229744e-02   0.0000
 -3.40397246e-02   0.0000
 -3.60413253e-01   0.0000
  4.98135656e-01   0.0000
  2.37627197e-02   0.0000
  4.28655706e-02   0.0000
  1.83476850e-01   0.0000
 -1.30984597e-02   0.0000
  1.04583241e-02   0.0000
  3.81985903e-02   0.0000
  3.98304135e-01   0.0000
  1.66475736e-02   0.0000
 -3.17025110e-02   0.0000
  9.32587124e-03   0.0000
 -6.19424395e-02   0.0000
 -6.92801848e-02   0.0000
  1.18560426e-01   0.0000
 -2.98864432e-02   0.0000
 -4.17679787e-01   0.0000
  9.05246958e-02   0.0000
 -5.17631829e-01   0.0000
 -1.38173863e-01   0.0000
  3.36114734e-01   0.0000
  1.17759421e-01   0.0000
  1.88128173e-01   0.0000
 -4.64946032e-03   0.0000
 -1.76326618e-01   0.0000
  1.79540858e-01   0.0000
  7.44097084e-02   0.0000
 -3.18997577e-02   0.0000
  3.56715858e-01   0.0000
  1.12905793e-01   0.0000
  2.71271080e-01   0.0000
 -3.26811150e-02   0.0000
  1.49258345e-01   0.0000
 -1.05614662e-01   0.0000
 -1.90715700e-01   0.0000
 -5.21255732e-01   0.0000
  2.32311726e-01   0.0000
 -2.60097533e-01   0.0000
 -4.05139178e-02   0.0000
  1.80386826e-01   0.0000
 -1.31134748e-01   0.0000
 -3.65762800e-01   0.0000
 -2.95692891e-01   0.0000
 -2.99223602e-01   0.0000
 -1.47414384e-02   0.0000
  1.14898130e-01   0.0000
 -2.24607706e-01   0.0000
 -2.52721161e-01   0.0000
  1.89461291e-01   0.0000
 -5.41349687e-02   0.0000
 -1.15453839e-01   0.0000
 -7.80662969e-02   0.0000
 -3.16109598e-01   0.0000
  2.55786836e-01   0.0000
  3.69722873e-01   0.0000
  1.74327549e-02   0.0000
  1.70847833e-01   0.0000
  2.21372326e-03   0.0000
 -2.58131176e-01   0.0000
 -6.41588643e-02   0.0000
  1.91937283e-01   0.0000
  9.67152193e-02   0.0000
 -5.53112514e-02   0.0000
 -1.32342562e-01   0.0000
 -7.06143677e-02   0.0000
  1.87379390e-01   0.0000
 -4.41042520e-02   0.0000
 -7.52254948e-02   0.0000
  4.16843072e-02   0.0000
  5.67890033e-02   0.0000
 -2.36497059e-01   0.0000
 -1.64491609e-01   0.0000
  1.08760595e-01   0.0000
 -5.43999709e-02   0.0000
 -1.64562035e-02   0.0000
  1.73250347e-01   0.0000
 -1.92479983e-01   0.0000
 -1.11174658e-01   0.0000
  1.67250812e-01   0.0000
  2.77023762e-01   0.0000
 -1.97660282e-01   0.0000
  2.62306392e-01   0.0000
  3.07088047e-02   0.0000
  2.81989705e-02   0.0000
 -3.18553895e-02   0.0000
 -1.20852001e-01   0.0000
  5.97318783e-02   0.0000
 -6.20228201e-02   0.0000
 -5.11744469e-02   0.0000
 -1.56509057e-01   0.0000
  2.70913124e-01   0.0000
 -1.02983639e-01   0.0000
  8.53290316e-03   0.0000
 -2.18276024e-01   0.0000
 -8.36509913e-02   0.0000
 -1.00678362e-01   0.0000
  1.78777277e-01   0.0000
  1.19241595e-01   0.0000
  3.03545855e-02   0.0000
  1.12882644e-01   0.0000
 -2.34651849e-01   0.0000
  7.57804886e-02   0.0000
  3.77904236e-01   0.0000
  3.39575529e-01   0.0000
 -2.21626714e-01   0.0000
  3.85666370e-01   0.0000
  8.96037370e-02   0.0000
  3.43251616e-01   0.0000
  1.05573721e-01   0.0000
  5.10490723e-02   0.0000
 -1.94838986e-01   0.0000
 -4.61775512e-01   0.0000
  3.50308567e-01   0.0000
  2.48947129e-01   0.0000
  3.00477773e-01   0.0000
 -1.45024538e-01   0.0000
  1.04235269e-01   0.0000
 -1.14495747e-01   0.0000
  1.69561386e-01   0.0000
  2.99247563e-01   0.0000
  9.15300101e-02   0.0000
 -2.05438554e-01   0.0000
  6.64418042e-02   0.0000
 -1.87401742e-01   0.0000
 -3.67667913e-01   0.0000
 -2.84395367e-01   0.0000
  1.53330639e-01   0.0000
 -2.19933808e-01   0.0000
 -6.68572783e-02   0.0000
 -7.85860717e-02   0.0000
 -1.60423905e-01   0.0000
 -2.48774160e-02   0.0000
  3.17724317e-01   0.0000
 -7.32910037e-02   0.0000
  1.16873125e-03   0.0000
 -1.09000869e-01   0.0000
  1.65138125e-01   0.0000
 -4.09942359e-01   0.0000
  1.96160555e-01   0.0000
 -8.73016268e-02   0.0000
  1.38884723e-01   0.0000
 -3.66324008e-01   0.0000
 -6.80708215e-02   0.0000
 -3.20246339e-01   0.0000
 -3.25119376e-01   0.0000
  1.95994824e-01   0.0000
 -1.22711785e-01   0.0000
  3.43601584e-01   0.0000
  2.38159578e-03   0.0000
 -2.36501843e-02   0.0000
  2.07885250e-01   0.0000
 -1.19236149e-01   0.0000
  2.81437755e-01   0.0000
  6.57666475e-02   0.0000
  6.69812262e-02   0.0000
  6.91159293e-02   0.0000
  1.12206832e-01   0.0000
  8.36230591e-02   0.0000
 -5.31204082e-02   0.0000
  2.62342900e-01   0.0000
 -2.70186394e-01   0.0000
  2.06105784e-01   0.0000
  2.64633000e-02   0.0000
  7.90501363e-05   0.0000
 -4.18500602e-02   0.0000
  1.60232037e-01   0.0000
  1.94046065e-01   0.0000
 -7.85399377e-02   0.0000
  3.15600604e-01   0.0000
 -4.75828469e-01   0.0000
 -2.94827342e-01   0.0000
 -3.68729860e-01   0.0000
  3.33451629e-02   0.0000
  7.65562132e-02   0.0000
 -2.45241404e-01   0.0000
 -1.84545934e-01   0.0000
  3.53195071e-02   0.0000
  2.65054852e-01   0.0000
  2.74175406e-01   0.0000
  2.87436008e-01   0.0000
 -3.42270374e-01   0.0000
  5.48959672e-02   0.0000
 -2.03789219e-01   0.0000
  2.78778411e-02   0.0000
 -5.12685701e-02   0.0000
 -3.77627671e-01   0.0000
  6.67224407e-01   0.0000
  7.49444738e-02   0.0000
  2.08700404e-01   0.0000
 -1.98905662e-01   0.0000
 -5.56515977e-02   0.0000
  3.55631858e-01   0.0000
  2.14204565e-01   0.0000
 -1.78971767e-01   0.0000
 -2.88488418e-01   0.0000
 -6.74195826e-01   0.0000
 -1.27604324e-02   0.0000
 -1.15129948e-01   0.0000
 -4.91273224e-01   0.0000
 -1.68814465e-01   0.0000
  1.94383934e-02   0.0000
 -1.02276579e-01   0.0000
  2.52249569e-01   0.0000
  2.24420398e-01   0.0000
 -9.55253765e-02   0.0000
  2.09881529e-01   0.0000
 -7.47506320e-02   0.0000
 -2.21738607e-01   0.0000
 -2.35993266e-02   0.0000
  4.57363529e-03   0.0000
  4.90771770e-01   0.0000
  2.13903219e-01   0.0000
  3.54742073e-02   0.0000
 -2.91105300e-01   0.0000
 -2.27565974e-01   0.0000
 -5.94070293e-02   0.0000
  1.76406175e-01   0.0000
 -4.28320497e-01   0.0000
 -9.34081227e-02   0.0000
  6.06241114e-02   0.0000
  1.24582406e-02   0.0000
  1.79993495e-01   0.0000
 -3.14865857e-01   0.0000
 -2.00938523e-01   0.0000
 -8.03719759e-02   0.0000
 -2.50770122e-01   0.0000
  3.27944867e-02   0.0000
 -2.03068852e-02   0.0000
  2.86586910e-01   0.0000
  1.25092581e-01   0.0000
 -1.08248658e-01   0.0000
  9.08832327e-02   0.0000
  2.92133361e-01   0.0000
 -4.71214913e-02   0.0000
 -3.46735865e-01   0.0000
 -1.23503953e-02   0.0000
  1.48969725e-01   0.0000
  7.61494264e-02   0.0000
 -2.70844996e-01   0.0000
 -1.53843656e-01   0.0000
  1.90081075e-01   0.0000
 -5.05156755e-01   0.0000
 -2.65566468e-01   0.0000
  1.86781526e-01   0.0000
  3.31274197e-02   0.0000
  1.62121519e-01   0.0000
 -5.03759265e-01   0.0000
 -4.18736786e-01   0.0000
 -2.02106521e-01   0.0000
 -1.37347266e-01   0.0000
 -7.54290298e-02   0.0000
 -1.29374504e-01   0.0000
  3.85682046e-01   0.0000
 -2.59709954e-01   0.0000
 -2.60522217e-01   0.0000
 -1.40359968e-01   0.0000
  2.12164134e-01   0.0000
  1.36470109e-01   0.0000
 -5.05983591e-01   0.0000
  1.90789342e-01   0.0000
  9.03085619e-02   0.0000
  3.49331319e-01   0.0000
 -1.99485585e-01   0.0000
 -1.31976187e-01   0.0000
  2.49454945e-01   0.0000
 -8.15089867e-02   0.0000
  1.66153178e-01   0.0000
  4.53962982e-01   0.0000
  3.87004726e-02   0.0000
  4.07937407e-01   0.0000
 -5.49084961e-01   0.0000
 -1.31390676e-01   0.0000
 -8.51247683e-02   0.0000
 -9.39696431e-02   0.0000
  1.48756772e-01   0.0000
 -5.24227917e-02   0.0000
  5.34091234e-01   0.0000
  4.64700490e-01   0.0000
 -3.16092014e-01   0.0000
 -1.27042562e-01   0.0000
 -2.40419790e-01   0.0000
 -2.04304382e-01   0.0000
  7.88592249e-02   0.0000
 -7.13762268e-02   0.0000
  2.27644026e-01   0.0000
 -2.02779129e-01   0.0000
  1.22966599e-02   0.0000
 -2.33328119e-01   0.0000
  4.41503942e-01   0.0000
 -2.62591243e-01   0.0000
 -1.38197765e-01   0.0000
 -2.01363310e-01   0.0000
 -2.47532845e-01   0.0000
  4.37285984e-03   0.0000
  1.70196518e-01   0.0000
  2.95114517e-01   0.0000
 -2.16152042e-01   0.0000
  2.82980263e-01   0.0000
  4.32265699e-02   0.0000
  2.19203323e-01   0.0000
  8.44053626e-02   0.0000
  3.41080964e-01   0.0000
 -1.22919172e-01   0.0000
 -2.72964090e-01   0.0000
  2.11072728e-01   0.0000
 -1.34302661e-01   0.0000
  1.92915395e-01   0.0000
  3.04639190e-01   0.0000
 -1.34228438e-01   0.0000
  1.61142245e-01   0.0000
  1.42563596e-01   0.0000
  2.89323535e-02   0.0000
  2.80291110e-01   0.0000
  2.80088000e-02   0.0000
 -1.53003797e-01   0.0000
  1.41021296e-01   0.0000
 -1.43307447e-01   0.0000
 -8.10638741e-02   0.0000
 -2.06930861e-01   0.0000
 -3.23280454e-01   0.0000
  1.56812668e-01   0.0000
 -5.26566431e-02   0.0000
 -1.28277522e-02   0.0000
  9.25742090e-01   0.0000
 -5.13895988e-01   0.0000
  1.55061245e-01   0.0000
 -2.04881817e-01   0.0000
  4.94956404e-01   0.0000
  9.76490974e-01   0.0000
 -3.87139291e-01   0.0000
 -1.68937355e-01   0.0000
 -3.32863361e-01   0.0000
  8.79023612e-01   0.0000
 -9.23466608e-02   0.0000
  6.47664130e-01   0.0000
  3.41992080e-01   0.0000
 -5.83467856e-02   0.0000
 -6.46666050e-01   0.0000
  4.07963425e-01   0.0000
 -1.39128757e+00   0.0000
  1.43679651e-02   0.0000
 -1.28541604e-01   0.0000
  1.84570819e-01   0.0000
 -3.10207844e-01   0.0000
  4.60008085e-02   0.0000
  2.59164125e-01   0.0000
  1.35313317e-01   0.0000
  5.68378806e-01   0.0000
  6.93523437e-02   0.0000
  3.41758505e-02   0.0000
  3.38732004e-02   0.0000
 -1.03050008e-01   0.0000
 -5.66078007e-01   0.0000
  5.23470283e-01   0.0000
 -8.00812617e-02   0.0000
  3.09806615e-01   0.0000
 -5.21637857e-01   0.0000
  4.27998036e-01   0.0000
 -1.14006862e-01   0.0000
  3.72300416e-01   0.0000
 -6.49230778e-02   0.0000
 -2.71351129e-01   0.0000
  5.38383484e-01   0.0000
  1.29760730e+00   0.0000
 -1.04682460e-01   0.0000
  1.73170324e-02   0.0000
 -3.39242607e-01   0.0000
 -5.64258337e-01   0.0000
 -5.68842627e-02   0.0000
 -2.72616446e-01   0.0000
 -1.39237732e-01   0.0000
 -2.34503657e-01   0.0000
  3.00248504e-01   0.0000
 -5.51872969e-01   0.0000
 -3.46878171e-01   0.0000
 -3.14240783e-01   0.0000
 -6.52221918e-01   0.0000
  4.56003785e-01   0.0000
 -2.29923323e-01   0.0000
 -1.81192875e-01   0.0000
 -5.52805066e-01   0.0000
  3.13030899e-01   0.0000
 -2.84119844e-01   0.0000
  8.75347108e-02   0.0000
  7.46423528e-02   0.0000
 -2.29872882e-01   0.0000
 -1.69016067e-02   0.0000
  9.86229777e-01   0.0000
 -1.26183508e-02   0.0000
  1.85514376e-01   0.0000
  2.45561283e-02   0.0000
 -7.18639314e-01   0.0000
 -1.71843886e-01   0.0000
 -5.34901977e-01   0.0000
 -4.65344161e-01   0.0000
 -8.56633604e-01   0.0000
  9.46478397e-02   0.0000
 -8.03391457e-01   0.0000
 -3.06064874e-01   0.0000
 -4.04028714e-01   0.0000
 -2.37274423e-01   0.0000
 -4.38302577e-01   0.0000
  5.75468466e-02   0.0000
 -4.27450389e-01   0.0000
  4.83131617e-01   0.0000
 -3.64051372e-01   0.0000
 -1.73697323e-01   0.0000
  5.41565418e-01   0.0000
  1.02376759e+00   0.0000
 -2.34425426e-01   0.0000
 -1.23319283e-01   0.0000
 -6.30812407e-01   0.0000
 -1.81427404e-01   0.0000
  1.08538888e-01   0.0000
 -2.32950486e-02   0.0000
  1.96183354e-01   0.0000
  7.74693936e-02   0.0000
  1.60608321e-01   0.0000
  1.36920512e-01   0.0000
 -4.12962228e-01   0.0000
  1.35532349e-01   0.0000
 -4.76383150e-01   0.0000
 -4.58731234e-01   0.0000
  1.31732374e-01   0.0000
 -4.33064193e-01   0.0000
 -3.02562416e-01   0.0000
  3.16221058e-01   0.0000
  1.23674825e-01   0.0000
 -3.16398889e-02   0.0000
 -2.52441376e-01   0.0000
  2.07921833e-01   0.0000
 -3.64282727e-02   0.0000
  5.73545098e-01   0.0000
 -6.18527412e-01   0.0000
 -3.81246328e-01   0.0000
 -3.58360559e-01   0.0000
 -4.64919984e-01   0.0000
 -2.30509982e-01   0.0000
 -5.58495559e-02   0.0000
 -1.55788973e-01   0.0000
 -2.53775775e-01   0.0000
 -1.75362051e-01   0.0000
  2.39821166e-01   0.0000
  2.81605452e-01   0.0000
 -2.07569197e-01   0.0000
 -1.87169850e-01   0.0000
 -4.19761986e-01   0.0000
 -2.86416173e-01   0.0000
  4.48232561e-01   0.0000
  1.01211272e-01   0.0000
 -1.16027586e-01   0.0000
 -1.12132700e-02   0.0000
 -1.66811317e-01   0.0000
  1.28293514e-01   0.0000
  7.44862705e-02   0.0000
 -1.70380265e-01   0.0000
 -2.19276339e-01   0.0000
  5.54270744e-01   0.0000
  4.49942887e-01   0.0000
  2.58749902e-01   0.0000
 -3.18560004e-01   0.0000
  2.21276015e-01   0.0000
 -4.16002601e-01   0.0000
 -2.92311132e-01   0.0000
 -1.50227010e-01   0.0000
  4.04477865e-01   0.0000
 -6.60902187e-02   0.0000
 -1.51256680e+00   0.0000
  5.65245049e-03   0.0000
 -3.01548779e-01   0.0000
 -2.75914311e-01   0.0000
 -2.51627028e-01   0.0000
 -1.02457893e+00   0.0000
  7.53069162e-01   0.0000
 -7.40700245e-01   0.0000
  9.17153656e-02   0.0000
 -1.94243014e+00   0.0000
  1.68013573e+00   0.0000
 -1.52562901e-01   0.0000
  2.04577800e-02   0.0000
  6.29289299e-02   0.0000
 -2.58644462e-01   0.0000
 -2.25581363e-01   0.0000
  2.49082923e+00   0.0000
 -3.04613769e-01   0.0000
 -2.73208141e-01   0.0000
 -3.81867290e-01   0.0000
  3.88341248e-02   0.0000
 -7.90732279e-02   0.0000
 -2.01058835e-02   0.0000
 -3.24967444e-01   0.0000
 -8.88134316e-02   0.0000
  1.46740809e-01   0.0000
  6.47143066e-01   0.0000
 -4.46600839e-02   0.0000
  8.46337080e-02   0.0000
 -1.37309894e-01   0.0000
 -2.15495899e-02   0.0000
  5.37732504e-02   0.0000
 -4.42849398e-01   0.0000
  3.74859571e-03   0.0000
 -7.53977656e-05   0.0000
 -1.16214588e-01   0.0000
  7.81302676e-02   0.0000
 -2.34104291e-01   0.0000
  4.30011839e-01   0.0000
  9.31288600e-02   0.0000
  6.04627669e-01   0.0000
  2.37034708e-02   0.0000
  1.18749008e-01   0.0000
 -2.03034654e-01   0.0000
 -8.63889456e-02   0.0000
  2.30985910e-01   0.0000
  3.33121908e-03   0.0000
  4.20075744e-01   0.0000
 -3.86204459e-02   0.0000
  1.87026724e-01   0.0000
 -1.42190561e-01   0.0000
 -1.26836330e-01   0.0000
  1.69202257e-02   0.0000
  1.79940924e-01   0.0000
  1.58019558e-01   0.0000
  2.42038310e-01   0.0000
  5.18116415e-01   0.0000
  6.07324988e-02   0.0000
  1.60396338e-01   0.0000
  6.42390847e-02   0.0000
 -1.58041507e-01   0.0000
 -1.10471971e-01   0.0000
 -1.20280929e-01   0.0000
  2.23073259e-01   0.0000
 -3.51079941e-01   0.0000
 -1.45196944e-01   0.0000
 -5.99439815e-02   0.0000
 -1.63900673e-01   0.0000
  5.22311851e-02   0.0000
  2.15082034e-01   0.0000
 -3.20872188e-01   0.0000
  6.12074971e-01   0.0000
 -2.20646232e-01   0.0000
 -1.12353377e-01   0.0000
 -1.87979579e-01   0.0000
  1.64881110e-01   0.0000
  4.82987493e-01   0.0000
  3.30889165e-01   0.0000
  1.39117002e-01   0.0000
  3.30790818e-01   0.0000
  3.60355347e-01   0.0000
 -8.86016563e-02   0.0000
  2.86739558e-01   0.0000
  9.76650193e-02   0.0000
  1.32888369e-02   0.0000
  2.61122853e-01   0.0000
 -6.22440100e-01   0.0000
  1.92368641e-01   0.0000
 -2.25978851e-01   0.0000
  3.24951559e-01   0.0000
  1.93330646e-02   0.0000
  3.39092135e-01   0.0000
  8.87192264e-02   0.0000
  2.00689495e-01   0.0000
 -6.40444010e-02   0.0000
  2.71856815e-01   0.0000
 -1.67026237e-01   0.0000
  7.12200031e-02   0.0000
 -3.09663981e-01   0.0000
  8.70084465e-02   0.0000
  3.20626199e-01   0.0000
  1.96774021e-01   0.0000
  1.40835252e-02   0.0000
 -1.02961428e-01   0.0000
  1.72569886e-01   0.0000
  7.42782503e-02   0.0000
  7.57638365e-02   0.0000
  1.94682330e-01   0.0000
  1.33727998e-01   0.0000
  2.76776459e-02   0.0000
 -4.46900427e-02   0.0000
  6.51607290e-02   0.0000
 -2.80824602e-01   0.0000
  8.37958138e-03   0.0000
  2.09079739e-02   0.0000
  2.37597808e-01   0.0000
  1.51033551e-01   0.0000
 -2.78421283e-01   0.0000
 -3.37262094e-01   0.0000
 -7.62944994e-03   0.0000
  2.38314241e-01   0.0000
 -2.43754894e-01   0.0000
  3.84117104e-02   0.0000
 -1.38822764e-01   0.0000
  1.56741470e-01   0.0000
  4.09503669e-01   0.0000
  1.61032349e-01   0.0000
 -1.65783569e-01   0.0000
  2.66408384e-01   0.0000
  6.58176988e-02   0.0000
  2.33998939e-01   0.0000
  2.33888328e-01   0.0000
 -1.13884695e-01   0.0000
  2.39161868e-02   0.0000
 -3.65392208e-01   0.0000
 -1.99754447e-01   0.0000
 -7.58027360e-02   0.0000
  7.84802437e-02   0.0000
 -4.11549993e-02   0.0000
  1.58377826e-01   0.0000
  1.18890859e-01   0.0000
  1.37179777e-01   0.0000
  2.87364870e-01   0.0000
  3.22380126e-01   0.0000
 -1.43924221e-01   0.0000
  7.29287565e-02   0.0000
 -4.61203992e-01   0.0000
  1.48773819e-01   0.0000
  1.36018306e-01   0.0000
  7.64684975e-02   0.0000
  5.27041666e-02   0.0000
  1.09485127e-01   0.0000
  1.77833080e-01   0.0000
 -6.03259206e-02   0.0000
  3.18339795e-01   0.0000
  1.64587386e-02   0.0000
 -1.21482790e-01   0.0000
  1.45236745e-01   0.0000
 -2.16949269e-01   0.0000
  8.65817294e-02   0.0000
 -3.77743691e-01   0.0000
 -1.00672275e-01   0.0000
  1.26952425e-01   0.0000
  1.26797900e-01   0.0000
 -7.55613670e-02   0.0000
 -1.84196547e-01   0.0000
 -2.74036855e-01   0.0000
 -2.69951344e-01   0.0000
 -2.17012122e-01   0.0000
 -8.88209939e-02   0.0000
  3.03849280e-01   0.0000
  5.75883202e-02   0.0000
  3.02606434e-01   0.0000
  1.63418472e-01   0.0000
  1.52999476e-01   0.0000
 -1.43006146e-01   0.0000
 -1.24699390e-02   0.0000
 -4.26466726e-02   0.0000
  2.63695002e-01   0.0000
 -9.67676379e-03   0.0000
 -1.30261565e-02   0.0000
  1.86629742e-01   0.0000
 -1.27061874e-01   0.0000
 -8.47491622e-02   0.0000
  1.03922136e-01   0.0000
  2.12283418e-01   0.0000
  1.29771933e-01   0.0000
  9.85212177e-02   0.0000
 -5.15964516e-02   0.0000
  1.87972397e-01   0.0000
 -5.46895005e-02   0.0000
 -3.11954588e-01   0.0000
  9.96009633e-02   0.0000
  9.03683081e-02   0.0000
  4.46894497e-01   0.0000
  2.01198071e-01   0.0000
  1.02528736e-01   0.0000
  3.46602090e-02   0.0000
 -5.65949157e-02   0.0000
 -1.32818729e-01   0.0000
 -2.19812915e-01   0.0000
 -1.43376425e-01   0.0000
  1.08832575e-01   0.0000
  1.64241731e-01   0.0000
 -6.47030324e-02   0.0000
 -5.76352663e-02   0.0000
 -1.39919624e-01   0.0000
  1.38843730e-01   0.0000
  4.13645029e-01   0.0000
  1.58274680e-01   0.0000
  8.58069137e-02   0.0000
  1.18137267e-03   0.0000
  2.30678007e-01   0.0000
  1.73984706e-01   0.0000
 -1.49335682e-01   0.0000
 -2.50275642e-01   0.0000
 -8.18242431e-02   0.0000
 -6.36277273e-02   0.0000
  3.43830436e-01   0.0000
 -2.22401321e-03   0.0000
  1.80311278e-01   0.0000
  1.35228708e-01   0.0000
  3.55784558e-02   0.0000
  2.48292491e-01   0.0000
 -1.93310231e-01   0.0000
 -1.56843737e-01   0.0000
 -1.31759092e-01   0.0000
 -6.14355542e-02   0.0000
 -1.50173724e-01   0.0000
  8.27322304e-02   0.0000
  1.85994133e-02   0.0000
  2.39735991e-02   0.0000
  3.66118580e-01   0.0000
 -7.62781799e-02   0.0000
  1.43601686e-01   0.0000
 -1.78962603e-01   0.0000
 -9.86772403e-02   0.0000
 -5.93194254e-02   0.0000
  2.52063394e-01   0.0000
 -6.11351192e-01   0.0000
  3.88276801e-02   0.0000
 -3.61090712e-02   0.0000
  9.75491226e-01   0.0000
 -8.62743147e-03   0.0000
 -1.41351134e-01   0.0000
 -4.18526888e-01   0.0000
 -1.74347445e-01   0.0000
 -1.95911855e-01   0.0000
 -7.71170199e-01   0.0000
 -5.34015708e-02   0.0000
 -2.78483510e-01   0.0000
 -4.27261204e-01   0.0000
 -4.64552753e-02   0.0000
 -2.47572228e-01   0.0000
  6.28957570e-01   0.0000
 -1.03719369e-01   0.0000
  1.06320119e+00   0.0000
  9.88514349e-02   0.0000
 -1.34728417e-01   0.0000
 -1.74182311e-01   0.0000
  5.44228591e-02   0.0000
  3.07277422e-02   0.0000
 -2.15942234e-01   0.0000
  4.40073490e-01   0.0000
  1.31379545e-01   0.0000
 -5.48562855e-02   0.0000
 -8.77918065e-01   0.0000
 -7.30541423e-02   0.0000
  2.31467947e-01   0.0000
  7.04600438e-02   0.0000
  1.64374575e-01   0.0000
  1.01711564e-01   0.0000
  5.89095294e-01   0.0000
 -1.33813396e-01   0.0000
  1.42580926e-01   0.0000
  3.66535336e-01   0.0000
 -7.70999789e-02   0.0000
 -9.63601395e-02   0.0000
 -2.02790827e-01   0.0000
 -8.47356841e-02   0.0000
 -7.58097351e-01   0.0000
  1.50735259e-01   0.0000
  8.76427665e-02   0.0000
  1.40894517e-01   0.0000
 -2.18288172e-02   0.0000
  8.48448500e-02   0.0000
 -2.08431631e-02   0.0000
  6.87420607e-01   0.0000
  1.55821398e-01   0.0000
 -8.19194987e-02   0.0000
 -6.64053321e-01   0.0000
  1.22217044e-01   0.0000
  2.45099664e-01   0.0000
 -9.13561583e-02   0.0000
  1.47975445e-01   0.0000
  1.53893560e-01   0.0000
  6.09094560e-01   0.0000
  5.29864877e-02   0.0000
  6.72479868e-02   0.0000
  2.57749259e-01   0.0000
 -6.78988919e-02   0.0000
 -1.23026371e-02   0.0000
 -4.41416413e-01   0.0000
 -2.18330652e-01   0.0000
 -6.69524908e-01   0.0000
  2.17990726e-01   0.0000
  2.28620619e-01   0.0000
  1.55084863e-01   0.0000
  3.54393929e-01   0.0000
  1.69779658e-02   0.0000
 -2.31227055e-01   0.0000
  2.75939763e-01   0.0000
 -2.84200925e-02   0.0000
  4.58349399e-02   0.0000
 -4.90696698e-01   0.0000
  3.45163830e-02   0.0000
  4.29953396e-01   0.0000
  2.84153521e-01   0.0000
  3.27832699e-01   0.0000
  1.35925308e-01   0.0000
  3.00893605e-01   0.0000
  1.30034432e-01   0.0000
  2.70763218e-01   0.0000
  3.87794286e-01   0.0000
 -2.62020022e-01   0.0000
  3.45120072e-01   0.0000
 -3.36990595e-01   0.0000
 -4.53153886e-02   0.0000
 -2.92637378e-01   0.0000
  2.21970558e-01   0.0000
  2.56077766e-01   0.0000
 -2.17998642e-02   0.0000
  1.34979814e-01   0.0000
 -4.87175994e-02   0.0000
  1.44036725e-01   0.0000
 -2.06322715e-01   0.0000
 -3.04829925e-01   0.0000
  1.71979293e-01   0.0000
  1.24466741e+00   0.0000
  1.11808583e-01   0.0000
  6.58636466e-02   0.0000
  3.55020054e-02   0.0000
 -3.18721116e-01   0.0000
 -9.13183913e-02   0.0000
 -4.27776158e-01   0.0000
  9.58163366e-02   0.0000
  8.42706636e-02   0.0000
 -9.94920582e-02   0.0000
 -8.46242439e-03   0.0000
 -1.63771212e-01   0.0000
  5.83270788e-02   0.0000
 -1.14561103e-01   0.0000
  6.40235901e-01   0.0000
  4.15336620e-03   0.0000
  4.20043059e-02   0.0000
  2.09096864e-01   0.0000
 -4.14984107e-01   0.0000
 -3.91436070e-02   0.0000
  3.80000114e-01   0.0000
 -6.07148528e-01   0.0000
 -1.18975475e-01   0.0000
  4.60040830e-02   0.0000
  1.84022516e-01   0.0000
 -1.76825479e-01   0.0000
 -3.39517236e-01   0.0000
 -4.43144530e-01   0.0000
  5.47163468e-03   0.0000
 -1.18021071e-01   0.0000
 -3.12353134e-01   0.0000
  1.94097713e-01   0.0000
 -4.10776466e-01   0.0000
 -4.32101727e-01   0.0000
  1.72724038e-01   0.0000
 -3.33917797e-01   0.0000
  5.47102630e-01   0.0000
 -1.28938183e-01   0.0000
  6.88483953e-01   0.0000
 -3.04338783e-01   0.0000
 -1.58488214e-01   0.0000
 -2.49193981e-01   0.0000
 -2.73326010e-01   0.0000
 -2.55340207e-02   0.0000
  1.14660308e-01   0.0000
 -1.65238619e-01   0.0000
  9.71207116e-03   0.0000
 -2.66247243e-02   0.0000
  5.23801446e-01   0.0000
 -1.51676685e-01   0.0000
 -2.93720514e-01   0.0000
 -2.30551273e-01   0.0000
 -2.29629487e-01   0.0000
  1.32884949e-01   0.0000
 -2.84639418e-01   0.0000
 -1.20716684e-01   0.0000
 -9.46345553e-02   0.0000
 -2.28365272e-01   0.0000
  2.30088141e-02   0.0000
 -3.67967747e-02   0.0000
  3.17715406e-01   0.0000
 -2.34058768e-01   0.0000
  3.08359683e-01   0.0000
 -7.69558623e-02   0.0000
  5.32772429e-02   0.0000
  2.66618859e-02   0.0000
 -3.42801549e-02   0.0000
 -8.32581595e-02   0.0000
  1.95964500e-02   0.0000
  1.30946577e-01   0.0000
 -1.04892768e-01   0.0000
 -2.79879831e-02   0.0000
 -4.41954881e-01   0.0000
  1.96386248e-01   0.0000
  1.76938057e-01   0.0000
  1.27837092e-01   0.0000
 -1.06312625e-01   0.0000
 -1.01807624e-01   0.0000
  1.16643339e-01   0.0000
  5.96642047e-02   0.0000
 -1.46868601e-01   0.0000
 -5.50979050e-03   0.0000
  4.12558131e-02   0.0000
  1.09948061e-01   0.0000
 -2.69286752e-01   0.0000
  1.83157429e-01   0.0000
 -2.10924521e-01   0.0000
 -1.36609664e-02   0.0000
  1.45843044e-01   0.0000
 -6.87768217e-03   0.0000
 -2.36170113e-01   0.0000
 -5.99932782e-02   0.0000
  2.31365666e-01   0.0000
  4.18861536e-03   0.0000
 -1.10293590e-01   0.0000
 -1.17794439e-01   0.0000
  4.99031506e-02   0.0000
 -7.83036202e-02   0.0000
 -2.60330349e-01   0.0000
 -2.92402357e-01   0.0000
 -5.22453673e-02   0.0000
 -8.11449885e-02   0.0000
  9.45927203e-02   0.0000
  2.30592430e-01   0.0000
 -2.45306388e-01   0.0000
 -1.97181419e-01   0.0000
 -6.96387663e-02   0.0000
 -2.30818093e-02   0.0000
  3.14997509e-02   0.0000
 -1.61530226e-01   0.0000
  1.39535768e-02   0.0000
 -1.90250978e-01   0.0000
 -1.73812695e-02   0.0000
 -1.39338672e-01   0.0000
  2.95322448e-01   0.0000
 -3.53338793e-02   0.0000
 -3.40371519e-01   0.0000
  2.41602927e-01   0.0000
 -1.26625016e-01   0.0000
 -1.18891910e-01   0.0000
 -2.56784469e-01   0.0000
  1.68415561e-01   0.0000
  1.81315869e-01   0.0000
  3.85263711e-01   0.0000
 -6.69694841e-02   0.0000
 -2.93439794e-02   0.0000
  3.40147167e-01   0.0000
 -4.65056002e-02   0.0000
  3.30820739e-01   0.0000
  1.70181781e-01   0.0000
  8.36692452e-02   0.0000
  2.44160026e-01   0.0000
 -1.20904773e-01   0.0000
  1.75170392e-01   0.0000
 -2.54972056e-02   0.0000
  2.96871364e-01   0.0000
  2.11956412e-01   0.0000
  1.22550815e-01   0.0000
  1.05075836e-01   0.0000
  2.02135563e-01   0.0000
 -2.22788468e-01   0.0000
  2.98467994e-01   0.0000
  4.11557034e-02   0.0000
  1.35961901e-02   0.0000
 -4.62999612e-01   0.0000
  1.26699105e-01   0.0000
  1.24742672e-01   0.0000
  4.09932107e-01   0.0000
  1.75708562e-01   0.0000
 -1.80713519e-01   0.0000
  5.19072235e-01   0.0000
 -1.53439566e-01   0.0000
  3.83470058e-01   0.0000
  4.33491394e-02   0.0000
 -8.85365605e-02   0.0000
  2.47400533e-02   0.0000
 -8.59606788e-02   0.0000
  2.22626492e-01   0.0000
 -1.50122702e-01   0.0000
  2.43291572e-01   0.0000
  2.29537040e-01   0.0000
  2.73298472e-01   0.0000
  5.97158959e-03   0.0000
  8.81843343e-02   0.0000
 -3.35662156e-01   0.0000
  9.08290446e-01   0.0000
  5.49505576e-02   0.0000
 -1.94137231e-01   0.0000
 -1.59762084e+00   0.0000
  2.32338563e-01   0.0000
  3.93188119e-01   0.0000
  3.05038095e-01   0.0000
  4.14661199e-01   0.0000
  2.29725838e-01   0.0000
  1.03288078e+00   0.0000
 -1.62034824e-01   0.0000
  3.75274718e-01   0.0000
  2.75535196e-01   0.0000
 -3.18978727e-01   0.0000
  3.34219337e-01   0.0000
 -7.11833239e-01   0.0000
  3.67851220e-02   0.0000
 -1.33548594e+00   0.0000
  8.47521275e-02   0.0000
  4.52219099e-02   0.0000
  3.83458138e-01   0.0000
  2.03210145e-01   0.0000
  4.80903499e-02   0.0000
 -6.73494935e-02   0.0000
 -2.41280347e-01   0.0000
  1.05128838e-02   0.0000
  1.47179812e-01   0.0000
 -3.31552863e-01   0.0000
 -1.57553673e-01   0.0000
  1.25893280e-01   0.0000
  2.12193459e-01   0.0000
  4.42664474e-02   0.0000
 -1.75671414e-01   0.0000
  5.90971857e-02   0.0000
  1.47900522e-01   0.0000
 -4.40752357e-02   0.0000
  4.54274416e-02   0.0000
 -9.19565260e-02   0.0000
 -1.59541607e-01   0.0000
 -2.35766228e-02   0.0000
  1.78649619e-01   0.0000
 -1.44444346e-01   0.0000
  7.67280012e-02   0.0000
  1.73642799e-01   0.0000
 -1.70634240e-01   0.0000
 -2.69844681e-01   0.0000
  3.59203517e-02   0.0000
  2.83570319e-01   0.0000
 -2.26075679e-01   0.0000
 -1.04403146e-01   0.0000
 -3.39587964e-02   0.0000
  1.74478158e-01   0.0000
 -1.29058808e-01   0.0000
 -2.64425546e-01   0.0000
 -5.71349598e-02   0.0000
 -4.18772995e-02   0.0000
  3.30374055e-02   0.0000
 -2.27378994e-01   0.0000
  2.14442313e-01   0.0000
 -4.36742641e-02   0.0000
 -2.28757605e-01   0.0000
  4.03322205e-02   0.0000
  3.55558284e-03   0.0000
  1.21375285e-01   0.0000
  1.23260103e-01   0.0000
  1.54403552e-01   0.0000
 -1.63455322e-01   0.0000
 -1.86703041e-01   0.0000
 -2.92484909e-01   0.0000
 -1.90631807e-01   0.0000
  2.03710750e-01   0.0000
  1.54545516e-01   0.0000
 -2.57799387e-01   0.0000
  5.01893759e-02   0.0000
  4.33924757e-02   0.0000
  4.35572922e-01   0.0000
  1.41682386e-01   0.0000
 -2.25694939e-01   0.0000
 -1.56946540e-01   0.0000
  5.83696179e-02   0.0000
  1.83246106e-01   0.0000
 -1.14110366e-01   0.0000
  1.95048545e-02   0.0000
 -2.45142400e-01   0.0000
  2.47955155e-02   0.0000
 -5.15965782e-02   0.0000
  3.33437994e-02   0.0000
  1.56723440e-01   0.0000
 -2.58127935e-02   0.0000
  4.35335726e-01   0.0000
  1.39837459e-01   0.0000
 -1.16860874e-01   0.0000
  1.35857925e-01   0.0000
 -6.52552009e-01   0.0000
 -1.55098587e-01   0.0000
  7.14926481e-01   0.0000
 -4.26724762e-01   0.0000
  8.59970450e-02   0.0000
 -8.02252814e-02   0.0000
  2.86635552e-02   0.0000
 -1.48083508e-01   0.0000
 -4.95001286e-01   0.0000
 -5.81710637e-01   0.0000
 -2.13080831e-02   0.0000
 -3.34272981e-01   0.0000
 -8.85513723e-02   0.0000
  4.44221437e-01   0.0000
 -2.35541791e-01   0.0000
 -4.65036482e-01   0.0000
  2.55756140e-01   0.0000
 -3.17125797e-01   0.0000
  5.58585048e-01   0.0000
 -1.31251454e-01   0.0000
  3.04738790e-01   0.0000
 -2.17307672e-01   0.0000
 -4.12317574e-01   0.0000
 -2.90243179e-01   0.0000
 -7.95679271e-01   0.0000
 -3.29638392e-01   0.0000
  1.11713076e+00   0.0000
 -1.74235201e+00   0.0000
  2.28206009e-01   0.0000
  2.73040254e-02   0.0000
  1.98423457e+00   0.0000
 -4.93524641e-01   0.0000
 -1.14262164e+00   0.0000
 -1.10337877e+00   0.0000
 -3.04972142e-01   0.0000
 -4.97272909e-01   0.0000
 -1.48536777e+00   0.0000
  4.53715235e-01   0.0000
 -6.94334447e-01   0.0000
 -8.61797214e-01   0.0000
  3.69251966e-01   0.0000
 -6.26204193e-01   0.0000
  1.51849818e+00   0.0000
 -2.46237963e-01   0.0000
  1.86158681e+00   0.0000
 -5.62680662e-01   0.0000
 -5.52946091e-01   0.0000
 -7.10985005e-01   0.0000
  0.00000000e+00   0.0000

