 5 0.000000 1
 1 
 Si 28.085500
 0 0.250000 4.500000 1.000000 1.500000 
 5 0 1 2 3 4
 6 1.00000 1.25000 1.50000 1.75000 4.50000 4.75000
 1 12.169200 6.172630 3.114710 0.755675 0.404939 0.036124 0.650018 0.572890
 4 30 24 24 1
  4.47922111e-01   0.0000
  3.15669775e-01   0.0000
  2.20068216e-01   0.0000
  1.15250938e-01   0.0000
  1.07358193e+00   0.0000
 -7.59345219e-02   0.0000
  5.10524929e-01   0.0000
 -2.05341727e-01   0.0000
  2.36426964e-01   0.0000
  3.24489623e-01   0.0000
 -9.59594846e-01   0.0000
  2.82569736e-01   0.0000
  1.49499163e-01   0.0000
  1.07719553e+00   0.0000
 -6.22265816e-01   0.0000
 -5.44239655e-02   0.0000
  6.62081838e-02   0.0000
 -4.44823146e-01   0.0000
  3.02586198e-01   0.0000
  4.61719811e-01   0.0000
 -1.50620532e+00   0.0000
  2.13730428e-02   0.0000
  1.30439684e-01   0.0000
 -1.83622301e-01   0.0000
  2.19283447e-01   0.0000
  3.88537467e-01   0.0000
  1.92769930e-01   0.0000
 -5.63679682e-03   0.0000
  3.38838786e-01   0.0000
 -5.70350559e-03   0.0000
 -1.55383632e-01   0.0000
 -1.54563725e-01   0.0000
  4.15921723e-03   0.0000
 -2.84771919e-01   0.0000
  1.06043458e-01   0.0000
  3.49486887e-01   0.0000
  2.75921047e-01   0.0000
  1.16777408e-03   0.0000
 -8.36556107e-02   0.0000
 -2.32077941e-01   0.0000
  1.39451176e-01   0.0000
 -2.38419071e-01   0.0000
  2.33804300e-01   0.0000
 -1.76188216e-01   0.0000
 -3.19819868e-01   0.0000
  3.07734549e-01   0.0000
  1.93085164e-01   0.0000
  1.00988604e-01   0.0000
 -2.44258374e-01   0.0000
  6.62645474e-02   0.0000
  1.23199746e-01   0.0000
  1.05761029e-01   0.0000
 -6.12471759e-01   0.0000
 -5.22602908e-02   0.0000
  6.66484237e-04   0.0000
 -1.01542160e-01   0.0000
 -4.12132710e-01   0.0000
  1.59105379e-02   0.0000
  4.74433362e-01   0.0000
  9.92500931e-02   0.0000
 -2.58519799e-01   0.0000
 -6.54599667e-01   0.0000
  3.17416906e-01   0.0000
  3.73584360e-01   0.0000
  1.66869253e-01   0.0000
  9.98603925e-02   0.0000
 -3.11705768e-01   0.0000
 -3.87222797e-01   0.0000
  4.54045355e-01   0.0000
 -1.04971699e-01   0.0000
  2.36976415e-01   0.0000
 -1.13373689e-01   0.0000
 -5.77867888e-02   0.0000
  1.06617838e-01   0.0000
 -1.56865895e-01   0.0000
  6.40634075e-02   0.0000
 -1.13472199e+00   0.0000
  1.92660186e-02   0.0000
 -3.35750073e-01   0.0000
 -1.82821989e-01   0.0000
 -6.18604720e-01   0.0000
  7.26856217e-02   0.0000
  9.11000192e-01   0.0000
  3.67991418e-01   0.0000
 -4.33472514e-01   0.0000
 -1.46481216e+00   0.0000
  4.85177785e-01   0.0000
  2.45050520e-01   0.0000
  1.11183465e-01   0.0000
 -1.69479743e-01   0.0000
 -5.71948327e-02   0.0000
 -5.37783682e-01   0.0000
  9.74519372e-01   0.0000
 -7.32482374e-02   0.0000
 -8.65934603e-03   0.0000
 -1.70775905e-01   0.0000
  7.29383305e-02   0.0000
 -1.79920122e-02   0.0000
 -2.17312783e-01   0.0000
 -4.34295237e-01   0.0000
  3.23494188e-02   0.0000
 -1.89281508e-01   0.0000
 -3.20071355e-02   0.0000
 -5.30773640e-01   0.0000
 -2.03610078e-01   0.0000
  1.20080732e-01   0.0000
 -5.23392975e-01   0.0000
  4.00817961e-01   0.0000
  1.30787432e-01   0.0000
  1.48241982e-01   0.0000
 -2.79372543e-01   0.0000
 -1.15989983e-01   0.0000
 -3.15894037e-02   0.0000
  3.05799991e-01   0.0000
 -5.81887588e-02   0.0000
  1.34214520e-01   0.0000
  2.94440895e-01   0.0000
  3.09656531e-01   0.0000
 -2.78379411e-01   0.0000
  2.87616730e-01   0.0000
 -3.00290547e-02   0.0000
  3.37729216e-01   0.0000
 -3.69290918e-01   0.0000
 -1.28776819e-01   0.0000
  7.71640837e-01   0.0000
 -1.78679284e-02   0.0000
 -1.97758004e-01   0.0000
 -4.24431890e-01   0.0000
 -1.49896428e-01   0.0000
  7.69217014e-02   0.0000
 -3.85634065e-01   0.0000
  4.38671798e-01   0.0000
  1.29333079e-01   0.0000
  1.41977119e+00   0.0000
 -7.10077941e-01   0.0000
  1.45806313e-01   0.0000
  1.29815295e-01   0.0000
  1.08386822e-01   0.0000
 -3.35496724e-01   0.0000
  3.97364408e-01   0.0000
 -3.89776617e-01   0.0000
  3.36321801e-01   0.0000
 -1.19870201e-01   0.0000
  1.34817749e-01   0.0000
 -1.75170779e-01   0.0000
 -3.63634005e-02   0.0000
 -6.29827008e-02   0.0000
 -1.63152009e-01   0.0000
 -9.30342227e-02   0.0000
 -1.07086048e-01   0.0000
  1.66288167e-02   0.0000
  1.11408681e-01   0.0000
 -1.68307096e-01   0.0000
 -1.92400515e-01   0.0000
  1.82711393e-01   0.0000
  7.27398098e-02   0.0000
  2.12489992e-01   0.0000
 -2.13947400e-01   0.0000
  1.76940769e-01   0.0000
 -9.83371288e-02   0.0000
 -4.72867638e-02   0.0000
  5.92575632e-02   0.0000
  1.50852501e-01   0.0000
 -2.81150520e-01   0.0000
 -5.98745495e-02   0.0000
  1.38487339e-01   0.0000
  1.69721797e-01   0.0000
  1.21912107e-01   0.0000
  7.15162978e-02   0.0000
 -7.18901828e-02   0.0000
 -8.29232186e-02   0.0000
 -1.34456366e-01   0.0000
 -8.54783133e-03   0.0000
  1.65406123e-01   0.0000
  6.40401989e-02   0.0000
  1.70772389e-01   0.0000
 -4.54521216e-02   0.0000
  1.17803022e-01   0.0000
  1.15289122e-01   0.0000
  1.33143842e-01   0.0000
  1.97876152e-03   0.0000
 -1.59654409e-01   0.0000
  2.07175702e-01   0.0000
 -7.05573931e-02   0.0000
 -1.99298605e-01   0.0000
 -9.29428451e-03   0.0000
 -5.47761731e-02   0.0000
 -2.12549672e-01   0.0000
  1.90840110e-01   0.0000
 -7.53867999e-02   0.0000
  1.41548410e-01   0.0000
 -1.04731061e-01   0.0000
 -1.69071883e-01   0.0000
 -1.20061271e-01   0.0000
 -9.38107222e-02   0.0000
 -1.55577853e-01   0.0000
  2.76211083e-01   0.0000
 -2.87208349e-01   0.0000
  1.18372507e-01   0.0000
 -1.09887943e-01   0.0000
 -1.74872279e-01   0.0000
  1.69338062e-02   0.0000
  3.26789878e-02   0.0000
 -2.04952937e-02   0.0000
  7.11995363e-02   0.0000
 -1.01201050e-02   0.0000
  3.71931523e-01   0.0000
 -2.01891251e-02   0.0000
  7.39190429e-02   0.0000
  5.05436718e-01   0.0000
  5.88328950e-02   0.0000
  2.97481358e-01   0.0000
 -5.62308133e-02   0.0000
  2.71054450e-02   0.0000
  3.16820115e-01   0.0000
 -3.73730212e-02   0.0000
 -3.97320874e-02   0.0000
 -7.57038742e-02   0.0000
  2.01725196e-02   0.0000
  4.76104505e-02   0.0000
  5.59058189e-02   0.0000
 -2.45568510e-02   0.0000
 -1.24080122e-01   0.0000
  6.49115518e-02   0.0000
 -2.64767855e-01   0.0000
  4.26729500e-01   0.0000
  4.20741111e-01   0.0000
  3.10146570e-01   0.0000
  4.13255572e-01   0.0000
 -2.42462009e-01   0.0000
  1.50535733e-01   0.0000
  6.12680847e-03   0.0000
 -3.39522511e-02   0.0000
  4.72382098e-01   0.0000
  1.17532738e-01   0.0000
  6.13435507e-01   0.0000
  1.86660662e-01   0.0000
  1.66000091e-02   0.0000
 -7.13657141e-02   0.0000
 -3.66782993e-02   0.0000
 -3.66903245e-01   0.0000
 -1.02016002e-01   0.0000
  8.33459273e-02   0.0000
 -4.43175994e-03   0.0000
 -1.49029776e-01   0.0000
 -1.16329700e-01   0.0000
 -2.67089486e-01   0.0000
  2.34617472e-01   0.0000
 -2.07721606e-01   0.0000
  1.04173124e-01   0.0000
  4.30472456e-02   0.0000
  1.12661673e-02   0.0000
 -1.34377740e-02   0.0000
 -1.67110767e-02   0.0000
 -1.26227796e-01   0.0000
  5.90535998e-02   0.0000
 -4.21255156e-02   0.0000
 -2.08718821e-01   0.0000
  3.24321508e-01   0.0000
  6.54717982e-02   0.0000
  7.83794839e-03   0.0000
  2.15734821e-02   0.0000
  6.78079724e-02   0.0000
 -5.28281815e-02   0.0000
 -1.29044354e-01   0.0000
  8.65245983e-02   0.0000
 -4.68184464e-02   0.0000
 -1.34429857e-01   0.0000
  7.72295520e-02   0.0000
 -1.46746919e-01   0.0000
 -1.25632972e-01   0.0000
  8.99137184e-02   0.0000
 -1.48383752e-01   0.0000
 -2.25009233e-01   0.0000
  1.81189835e-01   0.0000
 -3.39310676e-01   0.0000
 -2.83409119e-01   0.0000
  2.71296918e-01   0.0000
  4.80846390e-02   0.0000
  4.29820195e-02   0.0000
  1.69307172e-01   0.0000
 -1.11284591e-01   0.0000
  4.01375979e-01   0.0000
  1.62192062e-01   0.0000
 -2.19541769e-02   0.0000
  1.93301290e-01   0.0000
  5.76071329e-02   0.0000
  1.98584974e-01   0.0000
  6.11695647e-02   0.0000
 -1.81855336e-02   0.0000
  5.04407026e-02   0.0000
 -2.02391848e-01   0.0000
 -2.64157683e-01   0.0000
  1.91225946e-01   0.0000
 -4.12521094e-01   0.0000
 -2.66995765e-02   0.0000
  1.59830064e-01   0.0000
 -6.94542974e-02   0.0000
 -2.25048468e-01   0.0000
 -2.29847178e-01   0.0000
 -1.42327711e-01   0.0000
 -8.47547427e-02   0.0000
  9.70328227e-02   0.0000
 -3.08088809e-02   0.0000
 -2.85462707e-01   0.0000
  3.04890603e-01   0.0000
 -2.07997322e-01   0.0000
 -9.38518643e-02   0.0000
 -2.38508508e-01   0.0000
 -2.98105150e-01   0.0000
  3.84863138e-01   0.0000
  5.15993536e-01   0.0000
 -4.52954359e-02   0.0000
  1.16735168e-01   0.0000
  5.95228784e-02   0.0000
 -2.56515652e-01   0.0000
  2.68447306e-02   0.0000
  1.53441563e-01   0.0000
  6.89942949e-03   0.0000
 -2.52230186e-02   0.0000
 -1.51210725e-01   0.0000
 -3.60598341e-02   0.0000
  2.85647422e-01   0.0000
  1.33879641e-02   0.0000
 -1.05857506e-01   0.0000
 -6.13174262e-03   0.0000
  7.79448599e-02   0.0000
 -1.04251839e-01   0.0000
 -1.94225013e-01   0.0000
  1.26208380e-01   0.0000
 -1.78359807e-01   0.0000
 -3.32902819e-02   0.0000
  4.67080139e-02   0.0000
 -1.39514625e-01   0.0000
 -1.09995246e-01   0.0000
  1.28894702e-01   0.0000
  6.42755106e-02   0.0000
 -1.94274843e-01   0.0000
  2.18904942e-01   0.0000
  4.19878811e-02   0.0000
 -4.71579507e-02   0.0000
 -1.53791858e-02   0.0000
 -2.54190832e-01   0.0000
  1.39119983e-01   0.0000
 -3.19682024e-02   0.0000
 -1.90972954e-01   0.0000
 -1.95497826e-01   0.0000
  2.44454905e-01   0.0000
 -1.34493738e-01   0.0000
  1.60734039e-02   0.0000
 -2.26075962e-01   0.0000
 -8.37534741e-02   0.0000
 -1.43848658e-01   0.0000
  1.12141445e-01   0.0000
  1.36300415e-01   0.0000
 -2.17451714e-02   0.0000
  1.37982100e-01   0.0000
 -1.84424549e-01   0.0000
  1.51251599e-01   0.0000
  1.94486395e-01   0.0000
  2.85410155e-02   0.0000
 -6.14423677e-02   0.0000
  1.72790587e-01   0.0000
  3.49396765e-02   0.0000
  1.87750712e-01   0.0000
  1.81157976e-01   0.0000
 -8.18961710e-02   0.0000
 -1.06829353e-01   0.0000
 -4.69296962e-01   0.0000
  2.22208440e-01   0.0000
  1.91439912e-01   0.0000
  9.26656574e-02   0.0000
 -1.45978183e-01   0.0000
  2.58353770e-01   0.0000
  1.66292600e-02   0.0000
 -1.47784688e-02   0.0000
  2.82810301e-01   0.0000
 -2.39783619e-02   0.0000
 -1.64381072e-01   0.0000
 -4.62428108e-02   0.0000
 -3.38241085e-02   0.0000
 -3.56061488e-01   0.0000
 -6.07820563e-02   0.0000
 -9.80098471e-02   0.0000
 -9.26707499e-03   0.0000
  5.25993295e-02   0.0000
 -7.40849078e-02   0.0000
  9.98793393e-02   0.0000
 -6.71607405e-02   0.0000
  9.41905230e-02   0.0000
 -1.17729619e-01   0.0000
 -2.10034251e-02   0.0000
 -2.35526964e-01   0.0000
 -1.59106389e-01   0.0000
 -4.14519399e-01   0.0000
  1.13498203e-01   0.0000
  8.74388292e-02   0.0000
  2.24080995e-01   0.0000
 -3.30509096e-01   0.0000
  1.85109466e-01   0.0000
 -2.24990755e-01   0.0000
 -7.42601752e-02   0.0000
  2.15052627e-02   0.0000
 -2.12504745e-01   0.0000
  1.86354920e-01   0.0000
 -5.97244799e-02   0.0000
 -1.01559207e-01   0.0000
  2.97770172e-01   0.0000
 -2.29483709e-01   0.0000
  1.93004459e-01   0.0000
 -5.33115231e-02   0.0000
  3.39450240e-01   0.0000
  8.05171058e-02   0.0000
  3.68204951e-01   0.0000
  7.99577460e-02   0.0000
 -1.41484931e-01   0.0000
  1.42162472e-01   0.0000
  7.58645916e-03   0.0000
  2.10417584e-01   0.0000
  6.88398480e-02   0.0000
 -2.01866359e-01   0.0000
 -3.02721292e-01   0.0000
  1.62863985e-01   0.0000
 -1.62355546e-02   0.0000
 -4.03896393e-03   0.0000
  7.10260272e-02   0.0000
 -3.35902900e-01   0.0000
 -3.46385300e-01   0.0000
 -2.71463364e-01   0.0000
  3.83846201e-02   0.0000
  5.14537804e-02   0.0000
 -2.58610427e-01   0.0000
 -1.99007615e-01   0.0000
  5.99879846e-02   0.0000
  6.42673895e-02   0.0000
  2.45315164e-01   0.0000
  4.31802452e-01   0.0000
 -1.71884805e-01   0.0000
  2.37959832e-01   0.0000
 -3.18017900e-02   0.0000
  2.66965237e-02   0.0000
 -4.76523638e-02   0.0000
 -3.19468826e-01   0.0000
  2.83510149e-01   0.0000
  2.04809323e-01   0.0000
  5.01696289e-01   0.0000
 -1.81691378e-01   0.0000
 -5.36734099e-03   0.0000
  3.89769346e-01   0.0000
  1.75407395e-01   0.0000
 -1.20110072e-01   0.0000
 -2.39269286e-02   0.0000
 -5.97864032e-01   0.0000
 -9.87401605e-02   0.0000
 -1.46308556e-01   0.0000
 -1.74081206e-01   0.0000
 -2.37530127e-01   0.0000
  5.89575432e-02   0.0000
 -3.30407977e-01   0.0000
  2.20860779e-01   0.0000
  3.36211532e-01   0.0000
 -4.87431772e-02   0.0000
  4.11604077e-01   0.0000
  4.84054051e-02   0.0000
 -2.47569054e-01   0.0000
  7.07095191e-02   0.0000
 -6.53148144e-02   0.0000
  4.03682411e-01   0.0000
  3.49437833e-01   0.0000
  6.55760169e-02   0.0000
 -1.85558945e-01   0.0000
 -2.69924045e-01   0.0000
  1.24300895e-02   0.0000
  1.26975164e-01   0.0000
 -3.24249208e-01   0.0000
  3.42650781e-03   0.0000
  1.06208339e-01   0.0000
 -6.89496621e-02   0.0000
  1.08504713e-01   0.0000
  3.18462998e-02   0.0000
 -3.03463995e-01   0.0000
  1.32900663e-02   0.0000
 -2.73797691e-01   0.0000
  4.86652087e-03   0.0000
 -2.30614487e-02   0.0000
  3.09168905e-01   0.0000
  2.98733681e-01   0.0000
 -6.01664856e-02   0.0000
  1.26369745e-01   0.0000
  3.02630454e-01   0.0000
 -9.39043760e-02   0.0000
 -1.68151602e-01   0.0000
  5.98853081e-02   0.0000
  5.78401722e-02   0.0000
  9.00484025e-02   0.0000
 -3.85681450e-01   0.0000
 -3.05361766e-02   0.0000
  1.45830095e-01   0.0000
 -4.19098109e-01   0.0000
 -2.55970359e-01   0.0000
  2.17553258e-01   0.0000
 -4.92039882e-02   0.0000
  6.05484843e-02   0.0000
 -2.21987590e-01   0.0000
 -4.40251142e-01   0.0000
 -1.15351297e-01   0.0000
 -2.76850890e-02   0.0000
 -1.36371836e-01   0.0000
 -3.02329123e-01   0.0000
  2.99207032e-01   0.0000
 -1.66441873e-01   0.0000
 -2.21537992e-01   0.0000
 -1.33281842e-01   0.0000
  2.73206890e-01   0.0000
  3.10711086e-01   0.0000
 -1.64869681e-01   0.0000
  1.54032037e-01   0.0000
 -9.15289111e-03   0.0000
  3.53936970e-01   0.0000
 -1.54538155e-01   0.0000
  2.02930570e-02   0.0000
  2.40779266e-01   0.0000
 -1.07101455e-01   0.0000
  1.49729952e-01   0.0000
  4.86818731e-01   0.0000
 -5.64047806e-02   0.0000
  4.30393666e-01   0.0000
 -2.48081893e-01   0.0000
 -1.96197689e-01   0.0000
 -9.82859209e-02   0.0000
 -1.02863453e-01   0.0000
  1.01510584e-01   0.0000
 -1.35337245e-02   0.0000
  2.39733160e-01   0.0000
  4.70700532e-01   0.0000
 -2.77298450e-01   0.0000
 -3.07289600e-01   0.0000
 -1.64561048e-01   0.0000
 -2.89268136e-01   0.0000
  1.48732930e-01   0.0000
 -1.10100694e-01   0.0000
  1.42061666e-01   0.0000
 -1.93151623e-01   0.0000
 -2.24355504e-01   0.0000
 -1.88642114e-01   0.0000
  1.79476827e-01   0.0000
 -1.00178927e-01   0.0000
 -7.44075626e-02   0.0000
 -3.27596068e-01   0.0000
 -3.89723003e-01   0.0000
 -4.41527879e-03   0.0000
 -2.52848286e-02   0.0000
  2.60578424e-01   0.0000
 -1.72112167e-01   0.0000
  1.17395267e-01   0.0000
  1.56365767e-01   0.0000
  1.38921037e-01   0.0000
  1.71219975e-01   0.0000
  3.31383824e-01   0.0000
  8.96840468e-02   0.0000
 -4.67646003e-01   0.0000
  1.18781507e-01   0.0000
 -2.66859140e-02   0.0000
  8.36999267e-02   0.0000
  2.55822659e-01   0.0000
  3.53995636e-02   0.0000
  3.15423533e-02   0.0000
  3.44571590e-01   0.0000
  4.46188413e-02   0.0000
  2.28891611e-01   0.0000
 -4.73517366e-02   0.0000
 -1.12693779e-01   0.0000
  2.52569705e-01   0.0000
 -2.31351033e-01   0.0000
 -4.81691249e-02   0.0000
 -9.02400091e-02   0.0000
 -2.42088765e-01   0.0000
  1.45986751e-01   0.0000
 -3.94886732e-01   0.0000
  5.88607527e-02   0.0000
  8.19692373e-01   0.0000
 -5.21209300e-01   0.0000
  3.21069926e-01   0.0000
 -1.80951640e-01   0.0000
  5.55038869e-01   0.0000
  1.17071819e+00   0.0000
 -5.14998376e-01   0.0000
 -6.84019402e-02   0.0000
 -4.95069146e-01   0.0000
  9.63726401e-01   0.0000
 -3.38565856e-01   0.0000
  7.27472484e-01   0.0000
  3.18189740e-01   0.0000
  5.69487251e-02   0.0000
 -6.09481096e-01   0.0000
  2.88033873e-01   0.0000
 -1.49171114e+00   0.0000
  1.86295643e-01   0.0000
  1.93795674e-02   0.0000
  1.57431230e-01   0.0000
 -2.27159187e-01   0.0000
  9.58001316e-02   0.0000
  3.31121057e-01   0.0000
  2.91619986e-01   0.0000
  6.36088490e-01   0.0000
  1.11878127e-01   0.0000
  1.75619498e-01   0.0000
  1.33050054e-01   0.0000
 -1.17776334e-01   0.0000
 -5.03012598e-01   0.0000
  4.86437291e-01   0.0000
  8.86487514e-02   0.0000
  3.02988768e-01   0.0000
 -5.82821667e-01   0.0000
  3.77702594e-01   0.0000
 -2.64738619e-01   0.0000
  2.95833915e-01   0.0000
 -3.18421535e-02   0.0000
 -1.28413096e-01   0.0000
  6.00797355e-01   0.0000
  1.34604239e+00   0.0000
 -3.36646885e-02   0.0000
  6.35556225e-03   0.0000
 -5.03212512e-01   0.0000
 -5.92392087e-01   0.0000
 -5.76655343e-02   0.0000
 -1.43120186e-02   0.0000
 -3.37757207e-02   0.0000
 -1.95901304e-01   0.0000
  3.26141268e-01   0.0000
 -5.15300453e-01   0.0000
 -2.38159940e-01   0.0000
 -3.42089355e-01   0.0000
 -7.01398551e-01   0.0000
  4.11109865e-01   0.0000
 -1.13153644e-01   0.0000
 -2.12856650e-01   0.0000
 -7.41071641e-01   0.0000
  4.97516423e-01   0.0000
 -4.46064740e-01   0.0000
 -1.59421980e-01   0.0000
  1.11594899e-02   0.0000
 -1.08057179e-01   0.0000
  1.79433392e-03   0.0000
  1.01808715e+00   0.0000
  6.24177326e-03   0.0000
  1.55802175e-01   0.0000
 -4.85236570e-02   0.0000
 -8.49137187e-01   0.0000
 -3.17907006e-01   0.0000
 -2.65804201e-01   0.0000
 -4.66064036e-01   0.0000
 -9.50974286e-01   0.0000
  1.25874449e-02   0.0000
 -8.26780021e-01   0.0000
 -3.31046730e-02   0.0000
 -4.24964547e-01   0.0000
 -1.67668298e-01   0.0000
 -3.53052884e-01   0.0000
 -5.63311502e-02   0.0000
 -4.87092286e-01   0.0000
  3.38002950e-01   0.0000
 -3.44312727e-01   0.0000
  5.63320052e-03   0.0000
  2.36314073e-01   0.0000
  1.03586102e+00   0.0000
 -3.17806393e-01   0.0000
 -2.55145133e-01   0.0000
 -5.85173309e-01   0.0000
 -2.71574706e-01   0.0000
  8.95858556e-02   0.0000
  1.38484746e-01   0.0000
 -1.41939586e-02   0.0000
  8.59344527e-02   0.0000
  1.14381105e-01   0.0000
 -2.21303441e-02   0.0000
 -6.54114962e-01   0.0000
  2.49427423e-01   0.0000
 -7.12876022e-01   0.0000
 -2.24658802e-01   0.0000
  1.53823227e-01   0.0000
 -5.47775686e-01   0.0000
 -2.87558109e-01   0.0000
  2.05246970e-01   0.0000
 -9.70537290e-02   0.0000
  1.41809687e-01   0.0000
 -2.54674405e-01   0.0000
  1.47606164e-01   0.0000
 -9.46027413e-02   0.0000
  3.40092361e-01   0.0000
 -7.05532849e-01   0.0000
 -3.20540190e-01   0.0000
 -3.54810447e-01   0.0000
 -4.90123689e-01   0.0000
 -1.54602870e-01   0.0000
 -1.97363093e-01   0.0000
  6.59409612e-02   0.0000
 -1.62634492e-01   0.0000
  2.45362688e-02   0.0000
  1.11128613e-01   0.0000
  5.26093662e-01   0.0000
 -1.72906503e-01   0.0000
 -3.03608000e-01   0.0000
 -3.30132186e-01   0.0000
 -2.77156323e-01   0.0000
  5.18082976e-01   0.0000
  1.49967715e-01   0.0000
 -5.48614822e-02   0.0000
  5.71433902e-02   0.0000
 -3.39800537e-01   0.0000
  1.58925846e-01   0.0000
  5.26706874e-02   0.0000
 -1.01408340e-01   0.0000
 -1.36531994e-01   0.0000
  3.14185888e-01   0.0000
  3.46314073e-01   0.0000
  2.84424841e-01   0.0000
 -3.32680225e-01   0.0000
  2.14986145e-01   0.0000
 -3.37000400e-01   0.0000
 -4.59844381e-01   0.0000
  7.75010958e-02   0.0000
  2.36853302e-01   0.0000
 -1.39566049e-01   0.0000
 -1.33242917e+00   0.0000
  1.57888308e-01   0.0000
 -4.10548061e-01   0.0000
  4.22096588e-02   0.0000
 -2.97879875e-01   0.0000
 -1.10483551e+00   0.0000
  8.83096457e-01   0.0000
 -6.16726816e-01   0.0000
  8.46149772e-02   0.0000
 -1.99686933e+00   0.0000
  1.71563470e+00   0.0000
 -2.05286235e-01   0.0000
 -2.60532815e-02   0.0000
  1.19212503e-02   0.0000
 -1.57093495e-01   0.0000
 -3.21686685e-01   0.0000
  1.91034031e+00   0.0000
 -4.15620267e-01   0.0000
 -9.35972258e-02   0.0000
 -3.56740594e-01   0.0000
  7.18704611e-02   0.0000
 -7.34783486e-02   0.0000
 -2.64457054e-02   0.0000
 -1.79331362e-01   0.0000
 -1.14230953e-01   0.0000
  1.66851625e-01   0.0000
  3.32357168e-01   0.0000
 -2.10736543e-02   0.0000
  1.05335452e-01   0.0000
 -1.54778779e-01   0.0000
 -3.09437327e-03   0.0000
  1.05585776e-01   0.0000
 -3.36548954e-01   0.0000
 -1.23759964e-02   0.0000
  2.59033460e-02   0.0000
 -9.34882313e-02   0.0000
  7.15379268e-02   0.0000
 -2.43348494e-01   0.0000
  4.19371665e-01   0.0000
  1.19600736e-01   0.0000
  3.51761162e-01   0.0000
  5.49115352e-02   0.0000
  1.52381390e-01   0.0000
 -1.86376870e-01   0.0000
 -1.26303375e-01   0.0000
  2.46116742e-01   0.0000
 -5.50315203e-03   0.0000
  2.75243700e-01   0.0000
 -3.62038501e-02   0.0000
  2.20981956e-01   0.0000
  5.29459193e-02   0.0000
 -1.80848300e-01   0.0000
 -1.24479728e-02   0.0000
  1.79722980e-01   0.0000
  1.49400070e-01   0.0000
  2.39026666e-01   0.0000
  3.72564167e-01   0.0000
  9.63290706e-02   0.0000
  1.45831376e-01   0.0000
  3.41100395e-02   0.0000
 -1.64057523e-01   0.0000
 -1.84098378e-01   0.0000
 -8.35661485e-04   0.0000
  2.40604028e-01   0.0000
 -1.62655324e-01   0.0000
 -1.61028326e-01   0.0000
 -7.78632611e-02   0.0000
 -2.41907701e-01   0.0000
 -2.92371735e-02   0.0000
  2.00479791e-01   0.0000
 -2.31807843e-01   0.0000
  4.60489929e-01   0.0000
 -2.25520939e-01   0.0000
 -1.23967782e-01   0.0000
 -1.94770187e-01   0.0000
  1.09338515e-01   0.0000
  3.92082155e-01   0.0000
  2.13576809e-01   0.0000
  1.17205814e-01   0.0000
  3.03150237e-01   0.0000
  2.94361979e-01   0.0000
 -3.64691652e-02   0.0000
  2.31394112e-01   0.0000
 -2.79821269e-02   0.0000
  8.04024339e-02   0.0000
  1.96692884e-01   0.0000
 -4.71549183e-01   0.0000
  1.78733096e-01   0.0000
 -1.75901875e-01   0.0000
  2.88268834e-01   0.0000
 -6.93747327e-02   0.0000
  2.91553020e-01   0.0000
  4.71668132e-02   0.0000
  2.07772672e-01   0.0000
 -1.28736775e-02   0.0000
  2.25268528e-01   0.0000
 -1.75813496e-01   0.0000
  8.59020352e-02   0.0000
 -9.74538028e-02   0.0000
  5.45583963e-02   0.0000
  3.13202530e-01   0.0000
  1.33089855e-01   0.0000
 -1.06626004e-02   0.0000
 -1.70331761e-01   0.0000
  9.52007025e-02   0.0000
  1.19998023e-01   0.0000
  3.68537158e-02   0.0000
  1.56530395e-01   0.0000
  1.91743433e-01   0.0000
 -1.13337794e-02   0.0000
  6.66002482e-02   0.0000
  5.26004955e-02   0.0000
 -1.85504109e-01   0.0000
 -3.43484543e-02   0.0000
 -2.64866576e-02   0.0000
  2.21931845e-01   0.0000
  1.08921327e-01   0.0000
 -3.20949674e-01   0.0000
 -3.68597150e-01   0.0000
  1.72520980e-01   0.0000
  2.71459162e-01   0.0000
 -2.82788128e-01   0.0000
 -1.56189248e-01   0.0000
 -1.60595879e-01   0.0000
  1.61412835e-01   0.0000
  4.10358608e-01   0.0000
  1.82388783e-01   0.0000
 -1.89289749e-01   0.0000
  3.74395549e-01   0.0000
  7.78686404e-02   0.0000
  2.49491125e-01   0.0000
  2.55557686e-01   0.0000
 -1.34030208e-01   0.0000
 -2.44729500e-03   0.0000
 -4.27166164e-01   0.0000
 -2.31591284e-01   0.0000
 -2.98164159e-01   0.0000
  1.11558653e-01   0.0000
 -5.20976782e-02   0.0000
  1.80407956e-01   0.0000
  1.10372052e-01   0.0000
  1.41221076e-01   0.0000
  3.45431030e-01   0.0000
  2.69300759e-01   0.0000
 -1.54474467e-01   0.0000
  8.75006095e-02   0.0000
 -3.96193355e-01   0.0000
  1.45164430e-01   0.0000
  1.01248585e-01   0.0000
  6.33362159e-02   0.0000
  4.69774827e-02   0.0000
  8.90472829e-02   0.0000
  1.02606595e-01   0.0000
 -6.29148185e-02   0.0000
  3.57655764e-01   0.0000
 -3.23964842e-02   0.0000
 -1.19510800e-01   0.0000
  1.57806098e-01   0.0000
 -1.87176049e-01   0.0000
  8.67073089e-02   0.0000
 -3.37685883e-01   0.0000
 -1.56161204e-01   0.0000
  1.21627785e-01   0.0000
  1.18805721e-01   0.0000
 -1.18269444e-01   0.0000
 -2.35701874e-01   0.0000
 -2.78786331e-01   0.0000
 -2.93392092e-01   0.0000
 -2.33316869e-01   0.0000
 -1.00144222e-01   0.0000
  2.82377690e-01   0.0000
  2.27197465e-02   0.0000
  2.89456397e-01   0.0000
  2.09021062e-01   0.0000
  1.57145128e-01   0.0000
 -2.08645597e-01   0.0000
 -5.96785396e-02   0.0000
  4.57751751e-03   0.0000
  2.60854483e-01   0.0000
 -7.18863681e-02   0.0000
  1.66638661e-02   0.0000
  1.56593248e-01   0.0000
 -3.90747152e-02   0.0000
 -1.12128280e-01   0.0000
 -1.61008388e-02   0.0000
  2.00540021e-01   0.0000
  1.05824888e-01   0.0000
  6.17172159e-02   0.0000
 -1.74705371e-01   0.0000
  1.79914713e-01   0.0000
  3.82194780e-02   0.0000
 -4.06218052e-01   0.0000
  1.39291510e-01   0.0000
  1.10574082e-01   0.0000
  4.69797790e-01   0.0000
  1.71109542e-01   0.0000
  2.15783380e-02   0.0000
 -7.64639527e-02   0.0000
 -1.00733586e-01   0.0000
 -2.12907657e-01   0.0000
 -2.82457620e-01   0.0000
 -1.09007560e-01   0.0000
  4.10531014e-02   0.0000
  7.44402483e-02   0.0000
 -2.44606193e-02   0.0000
 -1.47350624e-01   0.0000
 -1.27485394e-02   0.0000
  1.25373498e-01   0.0000
  4.28732276e-01   0.0000
  1.14870138e-01   0.0000
  3.36413495e-02   0.0000
 -8.19792375e-02   0.0000
  2.31827989e-01   0.0000
  1.92772523e-01   0.0000
 -1.38869256e-01   0.0000
 -2.03005031e-01   0.0000
 -8.72876048e-02   0.0000
 -7.22393095e-02   0.0000
  3.26553494e-01   0.0000
 -1.89390406e-02   0.0000
  2.06835121e-01   0.0000
  1.17485158e-01   0.0000
  3.61561775e-02   0.0000
  2.76193440e-01   0.0000
 -1.59896895e-01   0.0000
 -1.66037321e-01   0.0000
 -1.69784531e-01   0.0000
 -9.96864662e-02   0.0000
 -1.57437429e-01   0.0000
  7.78338760e-02   0.0000
  3.32672410e-02   0.0000
  1.23840049e-02   0.0000
  3.38425040e-01   0.0000
 -1.15098953e-01   0.0000
  1.44891158e-01   0.0000
 -2.23441571e-01   0.0000
 -1.18977956e-01   0.0000
 -5.17715663e-02   0.0000
  2.84194916e-01   0.0000
 -5.10517418e-01   0.0000
  3.16202827e-02   0.0000
 -4.39770594e-02   0.0000
  8.45110476e-01   0.0000
  1.83566418e-02   0.0000
 -1.49072662e-01   0.0000
 -4.83203441e-01   0.0000
 -1.83811367e-01   0.0000
 -1.94514588e-01   0.0000
 -7.63975739e-01   0.0000
 -7.67183900e-02   0.0000
 -2.96423852e-01   0.0000
 -4.58662122e-01   0.0000
 -7.47824162e-02   0.0000
 -2.64099360e-01   0.0000
  6.44756973e-01   0.0000
 -1.07786968e-01   0.0000
  9.92757916e-01   0.0000
  1.48553386e-01   0.0000
 -1.36728659e-01   0.0000
 -1.63506538e-01   0.0000
  6.62408322e-02   0.0000
  2.12714113e-02   0.0000
 -2.33999401e-01   0.0000
  4.02394086e-01   0.0000
  1.61668718e-01   0.0000
 -6.19461462e-02   0.0000
 -6.94682717e-01   0.0000
 -1.02462277e-01   0.0000
  2.99887449e-01   0.0000
  1.07450642e-01   0.0000
  1.79278925e-01   0.0000
  9.84702483e-02   0.0000
  6.04553699e-01   0.0000
 -1.33725569e-01   0.0000
  1.54397115e-01   0.0000
  3.99092674e-01   0.0000
 -7.47280940e-02   0.0000
 -1.25470847e-01   0.0000
 -1.77967489e-01   0.0000
 -1.10587403e-01   0.0000
 -6.32777333e-01   0.0000
  1.43939525e-01   0.0000
  8.89945179e-02   0.0000
  1.38338029e-01   0.0000
 -8.24081898e-03   0.0000
  8.53135586e-02   0.0000
 -5.09544164e-02   0.0000
  5.46299517e-01   0.0000
  1.84091121e-01   0.0000
 -9.30989608e-02   0.0000
 -5.85980654e-01   0.0000
  1.20004870e-01   0.0000
  2.46234372e-01   0.0000
 -8.48435760e-02   0.0000
  1.52002886e-01   0.0000
  1.48277134e-01   0.0000
  4.67583954e-01   0.0000
  7.71335512e-02   0.0000
  5.89823499e-02   0.0000
  2.81236887e-01   0.0000
 -6.73481077e-02   0.0000
 -4.73374575e-02   0.0000
 -3.93725276e-01   0.0000
 -2.56834865e-01   0.0000
 -5.57322919e-01   0.0000
  2.64751673e-01   0.0000
  2.57214099e-01   0.0000
  1.45893961e-01   0.0000
  3.57835203e-01   0.0000
  4.62799566e-03   0.0000
 -1.76743016e-01   0.0000
  2.55307436e-01   0.0000
 -2.41419673e-02   0.0000
  5.52069694e-02   0.0000
 -5.21125615e-01   0.0000
  1.11895828e-02   0.0000
  4.20110762e-01   0.0000
  2.36356363e-01   0.0000
  3.65008384e-01   0.0000
  1.32468805e-01   0.0000
  2.79649973e-01   0.0000
  1.83420137e-01   0.0000
  2.65450150e-01   0.0000
  3.93524140e-01   0.0000
 -2.77964026e-01   0.0000
  3.67412984e-01   0.0000
 -3.19053948e-01   0.0000
 -6.73024431e-02   0.0000
 -2.87966251e-01   0.0000
  1.97091773e-01   0.0000
  2.65348643e-01   0.0000
 -6.52628466e-02   0.0000
  7.22982436e-02   0.0000
 -9.82674882e-02   0.0000
  2.61703312e-01   0.0000
 -2.66214877e-01   0.0000
 -3.30908895e-01   0.0000
  2.04840884e-01   0.0000
  8.97601247e-01   0.0000
  6.33781925e-02   0.0000
 -4.74135615e-02   0.0000
 -1.32110044e-01   0.0000
 -4.08776909e-01   0.0000
 -1.69085234e-01   0.0000
 -4.06646967e-01   0.0000
  1.61566675e-01   0.0000
  7.16061844e-03   0.0000
 -2.40839869e-01   0.0000
  4.16518860e-02   0.0000
 -2.93415636e-01   0.0000
  2.51557827e-01   0.0000
 -1.68213099e-01   0.0000
  4.87608761e-01   0.0000
 -4.68601286e-02   0.0000
 -1.34518417e-02   0.0000
  1.51748464e-01   0.0000
 -4.24032450e-01   0.0000
 -5.66954687e-02   0.0000
  3.49633574e-01   0.0000
 -6.85131371e-01   0.0000
 -1.24506928e-01   0.0000
  5.38981594e-02   0.0000
  2.56497502e-01   0.0000
 -2.18525603e-01   0.0000
 -3.12986791e-01   0.0000
 -4.01512176e-01   0.0000
  2.57638493e-03   0.0000
 -1.52135894e-01   0.0000
 -3.38882953e-01   0.0000
  2.32494980e-01   0.0000
 -4.63184714e-01   0.0000
 -5.07226765e-01   0.0000
  2.11972609e-01   0.0000
 -3.89280856e-01   0.0000
  6.41558051e-01   0.0000
 -1.54984057e-01   0.0000
  7.58426726e-01   0.0000
 -3.45729768e-01   0.0000
 -1.83183670e-01   0.0000
 -2.95813173e-01   0.0000
 -3.07393819e-01   0.0000
 -2.15740539e-02   0.0000
  2.01227859e-01   0.0000
 -3.24505776e-01   0.0000
  5.25666401e-03   0.0000
 -3.14307921e-02   0.0000
  6.56397462e-01   0.0000
 -1.66306466e-01   0.0000
 -3.54004323e-01   0.0000
 -3.13768774e-01   0.0000
 -2.61752129e-01   0.0000
  1.65148661e-01   0.0000
 -3.51863623e-01   0.0000
 -1.41652986e-01   0.0000
 -1.06262133e-01   0.0000
 -2.43745491e-01   0.0000
  1.99856572e-02   0.0000
 -3.70752849e-02   0.0000
  3.78369957e-01   0.0000
 -2.63526648e-01   0.0000
  4.69724894e-01   0.0000
 -1.08359650e-01   0.0000
  5.53301610e-02   0.0000
  3.92724611e-02   0.0000
 -6.12335987e-02   0.0000
 -1.14685349e-01   0.0000
  3.61013226e-02   0.0000
  6.41343277e-03   0.0000
 -1.15762413e-01   0.0000
 -2.93505769e-02   0.0000
 -2.87159085e-01   0.0000
  1.99822426e-01   0.0000
  1.49683446e-01   0.0000
  1.28159240e-01   0.0000
 -1.45863563e-01   0.0000
 -1.52873546e-01   0.0000
 -3.05820983e-02   0.0000
  8.86058211e-02   0.0000
 -2.07904845e-01   0.0000
 -4.81246300e-02   0.0000
  6.24178052e-02   0.0000
  7.57902712e-02   0.0000
 -1.95282757e-01   0.0000
  1.99685678e-01   0.0000
 -1.44204041e-02   0.0000
 -2.93292776e-02   0.0000
  1.67418301e-01   0.0000
 -5.62448613e-02   0.0000
 -2.36749306e-01   0.0000
 -8.61328542e-02   0.0000
  2.43217006e-01   0.0000
 -7.98764676e-02   0.0000
 -1.16988711e-01   0.0000
 -1.34440169e-01   0.0000
  1.05494857e-01   0.0000
 -1.13305449e-01   0.0000
 -3.25633526e-01   0.0000
 -3.17444712e-01   0.0000
 -7.35609159e-02   0.0000
 -1.30674899e-01   0.0000
  6.55652955e-02   0.0000
  2.75613964e-01   0.0000
 -2.85218030e-01   0.0000
 -2.64439076e-01   0.0000
 -6.46937266e-02   0.0000
 -3.34627777e-02   0.0000
  9.31491405e-02   0.0000
 -1.94283053e-01   0.0000
  7.08642080e-02   0.0000
 -2.31129095e-01   0.0000
 -2.53273845e-02   0.0000
 -1.93423212e-01   0.0000
  2.48132735e-01   0.0000
 -5.69077358e-02   0.0000
 -3.03505838e-01   0.0000
  2.25972936e-01   0.0000
 -1.35209575e-01   0.0000
 -1.34142116e-01   0.0000
 -1.79647833e-01   0.0000
  1.70074135e-01   0.0000
  1.69945419e-01   0.0000
  3.35515231e-01   0.0000
 -9.59768146e-02   0.0000
 -5.08573353e-02   0.0000
  3.05300236e-01   0.0000
 -1.99877303e-02   0.0000
  3.47430706e-01   0.0000
  1.41355217e-01   0.0000
  1.19966239e-01   0.0000
  2.52856791e-01   0.0000
 -8.42087865e-02   0.0000
  1.82816327e-01   0.0000
  2.47155000e-02   0.0000
  3.05866867e-01   0.0000
  2.12553188e-01   0.0000
  1.16094239e-01   0.0000
  6.81708977e-02   0.0000
  2.22443938e-01   0.0000
 -1.86702967e-01   0.0000
  3.27203363e-01   0.0000
  5.25671504e-02   0.0000
  1.67454090e-02   0.0000
 -4.02384222e-01   0.0000
  1.35776654e-01   0.0000
  1.18672609e-01   0.0000
  4.34946865e-01   0.0000
  1.90547347e-01   0.0000
 -2.29224116e-01   0.0000
  5.31761646e-01   0.0000
 -1.57482341e-01   0.0000
  4.29808259e-01   0.0000
  4.82918182e-03   0.0000
 -8.55774656e-02   0.0000
  1.59853175e-02   0.0000
 -6.69327900e-02   0.0000
  2.48090416e-01   0.0000
 -8.27564672e-02   0.0000
  2.42240071e-01   0.0000
  2.39144936e-01   0.0000
  2.99673766e-01   0.0000
 -5.69433719e-02   0.0000
  6.88719451e-02   0.0000
 -3.25631440e-01   0.0000
  6.86015785e-01   0.0000
  8.12131912e-02   0.0000
 -2.18727767e-01   0.0000
 -1.21524405e+00   0.0000
  2.19379202e-01   0.0000
  3.76635671e-01   0.0000
  2.83699661e-01   0.0000
  4.40442383e-01   0.0000
  1.99808061e-01   0.0000
  8.57028067e-01   0.0000
 -1.54150888e-01   0.0000
  3.85989070e-01   0.0000
  2.29389921e-01   0.0000
 -3.30627054e-01   0.0000
  3.47073793e-01   0.0000
 -6.63178623e-01   0.0000
  1.54084014e-02   0.0000
 -1.02131701e+00   0.0000
  2.74098609e-02   0.0000
  3.13660828e-03   0.0000
  3.80049944e-01   0.0000
  1.68333113e-01   0.0000
  6.19125292e-02   0.0000
 -4.91684079e-02   0.0000
 -2.16419235e-01   0.0000
  9.20579396e-03   0.0000
  1.70041502e-01   0.0000
 -2.53709793e-01   0.0000
 -1.82877064e-01   0.0000
  1.48150325e-01   0.0000
  2.20836222e-01   0.0000
  4.51863073e-02   0.0000
 -1.81801781e-01   0.0000
  1.65270385e-03   0.0000
  1.96551174e-01   0.0000
 -9.67731923e-02   0.0000
  7.44355321e-02   0.0000
 -1.16634049e-01   0.0000
 -2.08714366e-01   0.0000
 -4.33258973e-02   0.0000
  2.09227175e-01   0.0000
 -4.53725457e-02   0.0000
  9.45004076e-02   0.0000
  1.95009470e-01   0.0000
 -2.19095469e-01   0.0000
 -2.63511777e-01   0.0000
  6.69909194e-02   0.0000
  2.38297611e-01   0.0000
 -1.30009264e-01   0.0000
 -1.36638537e-01   0.0000
 -4.33536731e-02   0.0000
  1.31695718e-01   0.0000
 -1.04421064e-01   0.0000
 -2.29923844e-01   0.0000
  2.80798133e-02   0.0000
 -2.05823034e-02   0.0000
  8.32390487e-02   0.0000
 -1.69236973e-01   0.0000
  2.01763168e-01   0.0000
  1.11690937e-02   0.0000
 -1.84421286e-01   0.0000
  1.09842550e-02   0.0000
  5.97163700e-02   0.0000
  1.30876917e-02   0.0000
  1.66478291e-01   0.0000
  1.03194885e-01   0.0000
 -1.21962599e-01   0.0000
 -1.67885840e-01   0.0000
 -2.80537307e-01   0.0000
 -2.03250647e-01   0.0000
  2.38444328e-01   0.0000
  1.09877951e-01   0.0000
 -2.20696449e-01   0.0000
  6.04570359e-02   0.0000
  5.00102378e-02   0.0000
  1.18178464e-01   0.0000
  1.64308473e-01   0.0000
 -2.35035345e-01   0.0000
 -1.32858813e-01   0.0000
  6.80026188e-02   0.0000
  2.30917543e-01   0.0000
 -5.64895794e-02   0.0000
  2.89521776e-02   0.0000
 -2.82607168e-01   0.0000
  4.28452976e-02   0.0000
 -6.25232160e-02   0.0000
  2.07013674e-02   0.0000
  1.84731051e-01   0.0000
 -2.90045012e-02   0.0000
  2.70373195e-01   0.0000
  1.82915732e-01   0.0000
 -1.29981756e-01   0.0000
  1.56527817e-01   0.0000
 -5.75498641e-01   0.0000
 -1.13774262e-01   0.0000
  5.98461211e-01   0.0000
 -4.32186753e-01   0.0000
  5.62963448e-02   0.0000
 -1.02895878e-01   0.0000
 -1.20631337e-01   0.0000
 -5.74778840e-02   0.0000
 -3.90924037e-01   0.0000
 -4.31384087e-01   0.0000
  3.80872488e-02   0.0000
 -2.76203066e-01   0.0000
  2.99662128e-02   0.0000
  4.04862523e-01   0.0000
 -1.30699858e-01   0.0000
 -3.38607699e-01   0.0000
  2.01990992e-01   0.0000
 -2.26001844e-01   0.0000
  3.73176962e-01   0.0000
 -8.50317255e-02   0.0000
  2.12963372e-01   0.0000
 -1.17172517e-01   0.0000
 -3.55020970e-01   0.0000
 -1.99233964e-01   0.0000
 -6.79297030e-01   0.0000
 -2.65178233e-01   0.0000
  9.98346746e-01   0.0000
 -1.62078059e+00   0.0000
  1.30028099e-01   0.0000
  4.69049811e-02   0.0000
  1.56447256e+00   0.0000
 -4.31561291e-01   0.0000
 -9.78927612e-01   0.0000
 -9.86057639e-01   0.0000
 -2.85075158e-01   0.0000
 -4.91904378e-01   0.0000
 -1.31604207e+00   0.0000
  4.11954999e-01   0.0000
 -5.79691887e-01   0.0000
 -8.10846090e-01   0.0000
  3.24842751e-01   0.0000
 -5.89189112e-01   0.0000
  1.40732706e+00   0.0000
 -2.22695172e-01   0.0000
  1.61884689e+00   0.0000
 -5.11817753e-01   0.0000
 -4.58519489e-01   0.0000
 -6.03900254e-01   0.0000
  0.00000000e+00   0.0000

