 5 0.000000 1
 1 
 Si 28.085500
 0 0.250001 4.500000 0.978124 1.000000 
 5 0 1 2 4 6
 8 2.25000 2.50000 2.75000 3.00000 3.25000 3.50000 3.75000 4.00000
 1 12.169200 6.172630 3.114710 0.755675 0.404939 0.036124 0.650018 0.572890
 4 40 24 24 1
 -7.79388726e-01   0.0000
  3.59961867e-01   0.0000
  1.07173860e+00   0.0000
  6.67180717e-02   0.0000
 -2.13231015e+00   0.0000
 -1.26720611e-02   0.0000
 -1.20050216e+00   0.0000
 -9.35835317e-02   0.0000
 -8.16694200e-01   0.0000
  1.61508210e-02   0.0000
  7.32214749e-02   0.0000
  2.81937301e-01   0.0000
  1.00002718e+00   0.0000
 -8.66625905e-01   0.0000
 -7.91018844e-01   0.0000
 -3.95093918e-01   0.0000
 -1.81442082e-01   0.0000
 -1.97888291e+00   0.0000
  7.91214481e-02   0.0000
  1.06328011e+00   0.0000
 -8.40989202e-02   0.0000
 -1.53813624e+00   0.0000
  5.57057083e-01   0.0000
 -3.99627894e-01   0.0000
 -3.09773058e-01   0.0000
  4.98749971e-01   0.0000
 -5.22094481e-02   0.0000
  6.77031815e-01   0.0000
  3.08411479e-01   0.0000
 -5.44258356e-02   0.0000
 -3.91403705e-01   0.0000
 -7.79924572e-01   0.0000
  3.78177166e-01   0.0000
  9.11379904e-02   0.0000
 -5.87689221e-01   0.0000
 -4.52341944e-01   0.0000
 -1.55207753e-01   0.0000
 -1.71310973e+00   0.0000
 -6.48345128e-02   0.0000
  8.84997666e-01   0.0000
  4.48853165e-01   0.0000
  7.07241774e-01   0.0000
  1.36476994e-01   0.0000
 -2.86773704e-02   0.0000
  1.92627862e-01   0.0000
 -1.44821727e+00   0.0000
 -7.34264374e-01   0.0000
 -2.97517061e-01   0.0000
 -4.20568258e-01   0.0000
  3.82732719e-01   0.0000
 -3.86697799e-01   0.0000
  6.22139096e-01   0.0000
  1.19247615e+00   0.0000
 -2.40940556e-01   0.0000
 -8.93790349e-02   0.0000
 -1.00574923e+00   0.0000
  6.90951288e-01   0.0000
  4.04700786e-01   0.0000
 -8.68184209e-01   0.0000
 -5.16731381e-01   0.0000
 -4.70212042e-01   0.0000
 -1.39124262e+00   0.0000
  3.46333310e-02   0.0000
  1.07320452e+00   0.0000
 -1.77060083e-01   0.0000
  1.32637942e+00   0.0000
  1.64795801e-01   0.0000
 -5.86886227e-01   0.0000
  5.10944128e-01   0.0000
 -1.28620005e+00   0.0000
 -1.15542138e+00   0.0000
 -8.72344971e-01   0.0000
 -5.65997958e-01   0.0000
  2.79748291e-01   0.0000
 -2.90217608e-01   0.0000
  4.13285680e-02   0.0000
  6.95163548e-01   0.0000
 -3.76340181e-01   0.0000
  9.45557654e-02   0.0000
 -4.24104273e-01   0.0000
  8.34526956e-01   0.0000
  3.96155059e-01   0.0000
 -3.80652994e-01   0.0000
 -1.29450053e-01   0.0000
  1.37538195e-01   0.0000
  3.41109097e-01   0.0000
  4.63457778e-02   0.0000
  1.55655980e-01   0.0000
 -9.48863626e-01   0.0000
  4.38675046e-01   0.0000
  2.50604004e-01   0.0000
 -6.02616407e-02   0.0000
  6.95775270e-01   0.0000
 -1.19217837e+00   0.0000
 -3.62713337e-01   0.0000
 -8.65973294e-01   0.0000
 -1.58717364e-01   0.0000
  1.08883858e-01   0.0000
 -1.86935693e-01   0.0000
 -3.07299823e-01   0.0000
 -3.23264152e-01   0.0000
 -3.51451099e-01   0.0000
  6.20607197e-01   0.0000
 -2.68380105e-01   0.0000
  4.22741532e-01   0.0000
  2.13034198e-01   0.0000
 -2.28356600e-01   0.0000
 -2.38049090e-01   0.0000
  3.69607210e-01   0.0000
  7.82765448e-01   0.0000
  1.55261561e-01   0.0000
 -4.85709935e-01   0.0000
  8.58348757e-02   0.0000
 -8.72439295e-02   0.0000
  2.25915939e-01   0.0000
 -6.61673695e-02   0.0000
  5.97881973e-01   0.0000
 -9.49258864e-01   0.0000
  2.67233759e-01   0.0000
  2.60295849e-02   0.0000
  1.99598759e-01   0.0000
  8.43637064e-02   0.0000
 -1.72337964e-01   0.0000
 -5.39209962e-01   0.0000
 -6.10639155e-01   0.0000
 -2.88361788e-01   0.0000
  4.81537879e-01   0.0000
  9.69901532e-02   0.0000
 -3.54826450e-01   0.0000
  2.30220363e-01   0.0000
  7.75064826e-02   0.0000
  1.71161875e-01   0.0000
  4.39390272e-01   0.0000
  8.27179968e-01   0.0000
  5.99427938e-01   0.0000
 -4.48933363e-01   0.0000
  3.48193437e-01   0.0000
 -2.55801946e-01   0.0000
  1.50211543e-01   0.0000
  2.32262328e-01   0.0000
  3.65042597e-01   0.0000
 -4.91377026e-01   0.0000
  5.24569213e-01   0.0000
  6.09723389e-01   0.0000
  4.25291330e-01   0.0000
  5.91098666e-02   0.0000
 -2.00851455e-01   0.0000
 -1.78458124e-01   0.0000
 -4.55587029e-01   0.0000
 -2.74200588e-01   0.0000
 -1.67788193e-02   0.0000
  8.15205351e-02   0.0000
 -1.17957187e+00   0.0000
  2.26124361e-01   0.0000
 -2.83933692e-02   0.0000
  4.23316687e-01   0.0000
  1.14723146e-01   0.0000
  2.97911111e-02   0.0000
  8.36849809e-01   0.0000
 -1.07218530e-02   0.0000
  4.35658187e-01   0.0000
 -7.30089307e-01   0.0000
  8.64012837e-02   0.0000
  5.00685871e-01   0.0000
  3.04585367e-01   0.0000
 -1.16060406e-01   0.0000
  1.64538935e-01   0.0000
  5.49542904e-01   0.0000
 -1.61746889e-02   0.0000
  3.05116810e-02   0.0000
  1.46177977e-01   0.0000
 -1.12927154e-01   0.0000
 -4.15862620e-01   0.0000
 -1.97772473e-01   0.0000
 -6.78750575e-01   0.0000
 -1.59889802e-01   0.0000
 -1.10570741e+00   0.0000
  1.41291797e-01   0.0000
 -2.06254825e-01   0.0000
  3.32916111e-01   0.0000
  2.23396420e-01   0.0000
 -1.01791048e+00   0.0000
  2.76631210e-02   0.0000
 -7.36201406e-01   0.0000
 -2.88620681e-01   0.0000
 -1.69174361e+00   0.0000
 -1.75391994e-02   0.0000
 -9.81321931e-02   0.0000
  2.01323316e-01   0.0000
  7.15596080e-02   0.0000
 -7.68959299e-02   0.0000
 -4.20287371e-01   0.0000
  1.37713218e+00   0.0000
 -1.27481401e-01   0.0000
  2.29882270e-01   0.0000
 -4.59559619e-01   0.0000
 -1.75386989e+00   0.0000
 -1.71461016e-01   0.0000
 -2.01566428e-01   0.0000
  3.87855858e-01   0.0000
  8.77413213e-01   0.0000
  6.34978488e-02   0.0000
  5.41732907e-01   0.0000
  1.27188023e-02   0.0000
  2.27222070e-02   0.0000
  8.77899587e-01   0.0000
 -2.64831871e-01   0.0000
  1.48696885e-01   0.0000
 -4.00548697e-01   0.0000
 -7.37733006e-01   0.0000
  3.34733963e-01   0.0000
 -2.76579881e+00   0.0000
 -8.46059546e-02   0.0000
 -9.29705024e-01   0.0000
  8.40986595e-02   0.0000
 -1.01317441e+00   0.0000
  6.49353385e-01   0.0000
 -4.98325080e-02   0.0000
  2.48066679e-01   0.0000
 -8.26072335e-01   0.0000
 -1.07439291e+00   0.0000
 -1.21438473e-01   0.0000
 -8.54333282e-01   0.0000
  4.94737357e-01   0.0000
  5.71673989e-01   0.0000
  2.13449430e-02   0.0000
  6.31037235e-01   0.0000
  2.78506577e-01   0.0000
  5.06584883e-01   0.0000
  6.69623673e-01   0.0000
 -6.26125574e-01   0.0000
  3.87313068e-02   0.0000
 -2.08184794e-01   0.0000
 -5.02061129e-01   0.0000
  1.75661132e-01   0.0000
 -8.39772880e-01   0.0000
  6.32745102e-02   0.0000
 -6.30365610e-01   0.0000
 -1.08016934e-02   0.0000
  3.69229130e-02   0.0000
  5.16558886e-01   0.0000
 -1.97060797e-02   0.0000
 -3.38547021e-01   0.0000
 -7.47542560e-01   0.0000
 -9.95684206e-01   0.0000
 -1.66472569e-01   0.0000
 -4.37576562e-01   0.0000
  2.27929100e-01   0.0000
 -6.86231032e-02   0.0000
  7.84109086e-02   0.0000
  3.28888148e-01   0.0000
  4.37261797e-02   0.0000
  3.13296199e-01   0.0000
  5.01009226e-01   0.0000
 -4.18221831e-01   0.0000
  1.81896135e-01   0.0000
 -2.22341448e-01   0.0000
 -1.93204105e-01   0.0000
  1.85974464e-01   0.0000
  6.80759177e-02   0.0000
  9.31924284e-02   0.0000
 -6.46120191e-01   0.0000
 -4.38446790e-01   0.0000
  6.09867275e-01   0.0000
  4.45217431e-01   0.0000
 -5.33392467e-02   0.0000
 -8.88833642e-01   0.0000
 -4.82954472e-01   0.0000
 -1.01321936e+00   0.0000
 -2.46834338e-01   0.0000
  5.37565164e-02   0.0000
 -7.92990550e-02   0.0000
 -2.84102798e-01   0.0000
  1.13613039e-01   0.0000
  2.14976724e-02   0.0000
 -2.09872052e-01   0.0000
 -1.67833909e-01   0.0000
  1.88102767e-01   0.0000
 -1.24867432e-01   0.0000
  2.86429912e-01   0.0000
 -2.09601801e-02   0.0000
 -1.11066036e-01   0.0000
  2.88441777e-01   0.0000
  1.80945948e-01   0.0000
  8.35626721e-02   0.0000
 -7.64401615e-01   0.0000
 -6.40243292e-01   0.0000
  3.69903386e-01   0.0000
 -2.26071458e-02   0.0000
 -3.13500091e-02   0.0000
 -9.20844913e-01   0.0000
 -1.45220146e-01   0.0000
 -7.60257542e-01   0.0000
 -2.37507463e-01   0.0000
  6.13411702e-02   0.0000
 -2.47996449e-01   0.0000
  6.55101761e-02   0.0000
  1.64606050e-01   0.0000
 -1.29809216e-01   0.0000
 -3.30536455e-01   0.0000
 -4.15449828e-01   0.0000
  4.66376990e-02   0.0000
 -1.16223209e-01   0.0000
  1.25575542e-01   0.0000
  1.01562910e-01   0.0000
 -1.69155553e-01   0.0000
  2.81873882e-01   0.0000
  2.07962155e-01   0.0000
  6.69480860e-02   0.0000
 -6.86990082e-01   0.0000
 -4.64380801e-01   0.0000
 -9.64020640e-02   0.0000
 -3.78366381e-01   0.0000
  1.48943793e-02   0.0000
 -5.31524837e-01   0.0000
 -2.60850806e-02   0.0000
 -2.52883613e-01   0.0000
 -1.61980435e-01   0.0000
 -2.24848673e-01   0.0000
 -6.24305159e-02   0.0000
  4.16089475e-01   0.0000
  9.25133005e-02   0.0000
  2.57503986e-02   0.0000
 -1.57440543e-01   0.0000
 -1.99194938e-01   0.0000
  2.40190566e-01   0.0000
 -1.47402972e-01   0.0000
 -1.25680551e-01   0.0000
 -1.49139604e-02   0.0000
 -1.67945489e-01   0.0000
  1.85052186e-01   0.0000
  2.33557716e-01   0.0000
  5.65535054e-02   0.0000
 -3.87117147e-01   0.0000
 -3.55815440e-02   0.0000
 -2.43831024e-01   0.0000
 -5.18578708e-01   0.0000
  3.71249504e-02   0.0000
 -2.20546454e-01   0.0000
 -7.54010156e-02   0.0000
  1.03992090e-01   0.0000
 -3.66181023e-02   0.0000
 -3.11798930e-01   0.0000
  1.08207412e-01   0.0000
  5.22502780e-01   0.0000
 -3.32963653e-02   0.0000
  9.58317593e-02   0.0000
 -3.13384160e-02   0.0000
  8.89260769e-02   0.0000
  4.73695815e-01   0.0000
 -1.36855394e-01   0.0000
 -2.15075791e-01   0.0000
 -3.88274267e-02   0.0000
 -9.44035128e-02   0.0000
  4.56268638e-02   0.0000
  3.10518026e-01   0.0000
  5.81773780e-02   0.0000
 -1.17604323e-01   0.0000
  1.92039654e-01   0.0000
 -6.30027056e-02   0.0000
 -3.90261441e-01   0.0000
  2.49769259e-02   0.0000
  9.10141785e-03   0.0000
 -1.14234045e-01   0.0000
  1.65778562e-01   0.0000
  2.32415739e-02   0.0000
 -2.91851670e-01   0.0000
  1.28535137e-01   0.0000
  4.15160269e-01   0.0000
 -3.85117866e-02   0.0000
  1.52141020e-01   0.0000
  4.76790071e-02   0.0000
  2.32716128e-01   0.0000
  5.17317832e-01   0.0000
 -1.12118892e-01   0.0000
 -2.15749666e-01   0.0000
 -1.11525757e-02   0.0000
 -1.00441957e-02   0.0000
 -2.55763140e-02   0.0000
  2.96751142e-01   0.0000
  4.57823090e-02   0.0000
  4.74329442e-02   0.0000
  2.58658260e-01   0.0000
  1.16622791e-01   0.0000
  7.02828944e-01   0.0000
  1.46667212e-01   0.0000
 -7.38124371e-01   0.0000
  1.86339065e-01   0.0000
 -7.49712408e-01   0.0000
  3.96392792e-01   0.0000
  1.72327906e-01   0.0000
  7.12863863e-01   0.0000
 -6.59100235e-01   0.0000
 -3.56436551e-01   0.0000
  8.32230747e-01   0.0000
  8.28343108e-02   0.0000
  7.22833514e-01   0.0000
  5.56920826e-01   0.0000
  7.14593083e-02   0.0000
 -4.14987773e-01   0.0000
  2.44386718e-02   0.0000
  1.45166814e-02   0.0000
 -1.68662503e-01   0.0000
  7.15499938e-01   0.0000
 -2.99663186e-01   0.0000
  1.68574855e-01   0.0000
  6.33827209e-01   0.0000
  1.26125908e+00   0.0000
  2.69229710e-01   0.0000
  1.25654684e-02   0.0000
 -8.95468533e-01   0.0000
  3.10681641e-01   0.0000
 -2.06200376e-01   0.0000
  1.94967777e-01   0.0000
 -3.45304787e-01   0.0000
  7.95919299e-02   0.0000
 -6.93858027e-01   0.0000
 -1.02391958e-01   0.0000
  1.97322398e-01   0.0000
 -1.02195092e-01   0.0000
  2.07551718e-01   0.0000
 -6.08389199e-01   0.0000
  1.92169026e-01   0.0000
 -2.68781096e-01   0.0000
 -2.90347487e-01   0.0000
  4.53725904e-01   0.0000
 -7.46435151e-02   0.0000
  9.91227925e-01   0.0000
 -2.66124815e-01   0.0000
  2.12563932e-01   0.0000
 -1.39519811e-01   0.0000
  1.26853079e-01   0.0000
  3.61553952e-02   0.0000
 -2.48454977e-03   0.0000
 -5.65394521e-01   0.0000
  6.57086521e-02   0.0000
 -2.18256079e-02   0.0000
  4.18956764e-03   0.0000
 -5.04779935e-01   0.0000
 -5.01355678e-02   0.0000
 -6.05458796e-01   0.0000
  8.26698840e-02   0.0000
  6.87902197e-02   0.0000
 -1.50190353e-01   0.0000
 -4.19323817e-02   0.0000
 -5.68053484e-01   0.0000
  3.02900374e-02   0.0000
 -3.03411305e-01   0.0000
 -2.93269753e-01   0.0000
  5.72650313e-01   0.0000
  4.00427617e-02   0.0000
  1.08306587e+00   0.0000
 -1.63991362e-01   0.0000
 -6.39348105e-02   0.0000
 -2.68820345e-01   0.0000
 -7.42489338e-01   0.0000
  1.67943519e-02   0.0000
 -2.15770421e-03   0.0000
 -6.07797354e-02   0.0000
 -2.74683714e-01   0.0000
  9.74653848e-03   0.0000
 -1.50649533e-01   0.0000
 -2.81807274e-01   0.0000
 -5.62648382e-03   0.0000
 -3.01401675e-01   0.0000
  1.57177731e-01   0.0000
  1.30365983e-01   0.0000
 -1.72177181e-02   0.0000
 -1.53439835e-01   0.0000
  1.15308776e-01   0.0000
 -1.68641493e-01   0.0000
 -3.03992033e-01   0.0000
 -2.03771561e-01   0.0000
  3.01312089e-01   0.0000
  1.39883518e-01   0.0000
  7.48859823e-01   0.0000
 -4.32006419e-02   0.0000
 -2.60040373e-01   0.0000
 -9.44503304e-03   0.0000
 -1.30673134e+00   0.0000
  1.99799612e-01   0.0000
 -1.38544117e-03   0.0000
  2.77791739e-01   0.0000
 -4.91402209e-01   0.0000
 -8.19627836e-04   0.0000
 -1.87532976e-01   0.0000
 -4.14673463e-02   0.0000
  3.02989762e-02   0.0000
 -9.18788984e-02   0.0000
  1.67957887e-01   0.0000
  1.98442444e-01   0.0000
  9.78838000e-03   0.0000
 -1.38544634e-01   0.0000
  6.44153416e-01   0.0000
 -3.30885887e-01   0.0000
 -2.96451241e-01   0.0000
 -1.50271446e-01   0.0000
 -5.44447266e-02   0.0000
  1.27394527e-01   0.0000
  3.89316157e-02   0.0000
 -1.68439876e-02   0.0000
 -3.46028864e-01   0.0000
  2.77476609e-01   0.0000
 -1.22877038e+00   0.0000
  4.15760010e-01   0.0000
  1.10618733e-02   0.0000
  3.18074822e-01   0.0000
 -3.46572280e-01   0.0000
 -5.23361415e-02   0.0000
 -1.20152168e-01   0.0000
  2.03238696e-01   0.0000
  3.54215736e-03   0.0000
 -2.07872465e-01   0.0000
  1.03010513e-01   0.0000
  1.21644475e-01   0.0000
 -5.03388718e-02   0.0000
 -7.18306303e-02   0.0000
  6.30345225e-01   0.0000
 -2.94136703e-01   0.0000
 -2.56989926e-01   0.0000
  3.03970836e-03   0.0000
 -2.02379122e-01   0.0000
  9.30139422e-02   0.0000
 -4.57266390e-01   0.0000
 -1.95081383e-02   0.0000
 -2.26047054e-01   0.0000
  3.40078592e-01   0.0000
 -6.71599269e-01   0.0000
  4.89014417e-01   0.0000
  1.49826584e-02   0.0000
  1.94595546e-01   0.0000
 -9.76185873e-02   0.0000
 -7.74054751e-02   0.0000
 -1.57584269e-02   0.0000
  1.67789668e-01   0.0000
 -5.75165525e-02   0.0000
 -3.79237235e-01   0.0000
  2.11750604e-02   0.0000
 -8.86185793e-04   0.0000
 -1.54669926e-01   0.0000
  1.94992195e-03   0.0000
  3.00768107e-01   0.0000
 -1.95630431e-01   0.0000
 -1.80121794e-01   0.0000
  1.56883329e-01   0.0000
 -1.06778018e-01   0.0000
  1.66640095e-02   0.0000
 -6.28708780e-01   0.0000
 -1.04393214e-02   0.0000
 -5.36646619e-02   0.0000
  2.25702360e-01   0.0000
 -1.45571917e-01   0.0000
  3.78442198e-01   0.0000
  1.24503588e-02   0.0000
  8.34113657e-02   0.0000
  6.74981102e-02   0.0000
 -2.01223269e-02   0.0000
  2.08598133e-02   0.0000
  1.53488949e-01   0.0000
 -4.56757136e-02   0.0000
 -4.22206521e-01   0.0000
 -1.25479568e-02   0.0000
 -1.32320309e-02   0.0000
 -2.04079404e-01   0.0000
 -3.43499221e-02   0.0000
 -1.18372496e-02   0.0000
 -6.04624599e-02   0.0000
 -9.35360417e-02   0.0000
  2.22409308e-01   0.0000
 -3.62901911e-02   0.0000
 -1.86616555e-02   0.0000
 -4.38557029e-01   0.0000
 -4.06852691e-04   0.0000
  5.40125519e-02   0.0000
  8.21285546e-02   0.0000
  1.03054084e-01   0.0000
 -1.73292744e+00   0.0000
  1.37746468e-01   0.0000
 -1.05205321e+00   0.0000
 -7.30208635e-01   0.0000
 -8.20883065e-02   0.0000
 -1.46634758e-01   0.0000
  7.28431344e-01   0.0000
 -1.68374032e-01   0.0000
 -2.57097077e+00   0.0000
  1.82612017e-01   0.0000
 -2.03268863e-02   0.0000
  1.34715036e-01   0.0000
 -1.47049129e+00   0.0000
  7.61586905e-01   0.0000
  9.90084887e-01   0.0000
  1.05092156e+00   0.0000
  1.91608453e+00   0.0000
  6.42877668e-02   0.0000
 -3.72427516e-02   0.0000
  1.19157338e+00   0.0000
  1.71038002e-01   0.0000
  6.34875819e-02   0.0000
  5.29692233e-01   0.0000
  2.57801700e+00   0.0000
 -1.05345643e+00   0.0000
  2.54430890e-01   0.0000
 -5.82269192e-01   0.0000
 -4.01969314e-01   0.0000
  5.00253975e-01   0.0000
 -4.18110676e-02   0.0000
 -1.33340746e-01   0.0000
 -2.75387973e-01   0.0000
  6.45511031e-01   0.0000
 -7.50660850e-03   0.0000
 -8.87169540e-02   0.0000
  3.48570459e-02   0.0000
 -1.22941768e+00   0.0000
  8.53262544e-01   0.0000
 -4.67760473e-01   0.0000
  5.72106004e-01   0.0000
  3.66423666e-01   0.0000
  1.79026753e-01   0.0000
 -2.96766646e-02   0.0000
  3.53771627e-01   0.0000
  1.61488861e-01   0.0000
  2.86262661e-01   0.0000
  4.70247895e-01   0.0000
 -5.66380560e-01   0.0000
 -1.04160571e+00   0.0000
  2.66833365e-01   0.0000
 -3.18318903e-01   0.0000
 -5.20303607e-01   0.0000
  2.40812048e-01   0.0000
 -1.43293301e-02   0.0000
  4.11737897e-02   0.0000
 -1.87500075e-01   0.0000
  5.96853137e-01   0.0000
 -3.39310169e-02   0.0000
 -2.29737591e-02   0.0000
  4.86447098e-05   0.0000
 -5.62627494e-01   0.0000
  1.01438832e+00   0.0000
 -7.74272501e-01   0.0000
 -3.96170318e-02   0.0000
 -7.26002455e-02   0.0000
  4.15231362e-02   0.0000
 -1.72063801e-02   0.0000
  6.44536853e-01   0.0000
  1.43677026e-01   0.0000
  1.37167335e-01   0.0000
  3.46903950e-01   0.0000
 -2.43656492e+00   0.0000
 -9.23073947e-01   0.0000
  1.61863253e-01   0.0000
 -7.58650839e-01   0.0000
 -6.23175085e-01   0.0000
 -2.65695751e-01   0.0000
 -2.53037047e-02   0.0000
  7.38216043e-01   0.0000
 -1.06654346e-01   0.0000
 -5.46396613e-01   0.0000
  3.60977985e-02   0.0000
 -5.42292511e-03   0.0000
 -3.29199955e-02   0.0000
 -1.96238562e-01   0.0000
  5.34796655e-01   0.0000
 -1.27045304e-01   0.0000
 -2.80768842e-01   0.0000
  1.91334412e-01   0.0000
  3.62602353e-01   0.0000
  6.12842571e-03   0.0000
  9.43821251e-01   0.0000
  1.46904439e-01   0.0000
 -6.07633404e-02   0.0000
  2.01754406e-01   0.0000
 -9.68184650e-01   0.0000
 -6.59839213e-01   0.0000
  4.45794538e-02   0.0000
 -9.89327908e-01   0.0000
 -1.62524551e-01   0.0000
 -6.32949352e-01   0.0000
 -5.46337031e-02   0.0000
  7.81695426e-01   0.0000
 -1.78367108e-01   0.0000
 -1.06894720e+00   0.0000
  2.79043652e-02   0.0000
 -1.17327437e-01   0.0000
 -3.50886807e-02   0.0000
 -2.10470617e-01   0.0000
 -4.63312358e-01   0.0000
  4.51853395e-01   0.0000
 -3.48124027e-01   0.0000
  1.87592253e-01   0.0000
  3.19003791e-01   0.0000
  1.78363621e-02   0.0000
  8.22140753e-01   0.0000
  1.42394871e-01   0.0000
 -1.07497223e-01   0.0000
  4.56091901e-03   0.0000
  3.52987677e-01   0.0000
 -3.22130919e-01   0.0000
  1.71848480e-02   0.0000
 -5.23169279e-01   0.0000
  2.72516191e-01   0.0000
 -6.03320837e-01   0.0000
 -4.95003946e-02   0.0000
  1.85698122e-01   0.0000
 -2.71000236e-01   0.0000
 -3.91976923e-01   0.0000
  9.81736481e-02   0.0000
 -2.26807758e-01   0.0000
  2.82631554e-02   0.0000
 -1.64198041e-01   0.0000
 -9.03321743e-01   0.0000
  3.73784959e-01   0.0000
 -3.50413471e-01   0.0000
  2.23153662e-02   0.0000
  3.17830861e-01   0.0000
  2.59294137e-02   0.0000
  5.34366071e-01   0.0000
  1.20845117e-01   0.0000
 -3.62585559e-02   0.0000
  6.30482892e-03   0.0000
  5.15651563e-03   0.0000
 -1.63941994e-01   0.0000
  3.10668424e-02   0.0000
 -9.87676680e-02   0.0000
  3.67913723e-01   0.0000
 -3.79307598e-01   0.0000
 -7.59106278e-02   0.0000
 -6.35030508e-01   0.0000
 -2.07592234e-01   0.0000
  5.97903848e-01   0.0000
  1.06866136e-01   0.0000
 -2.18636200e-01   0.0000
  2.11095408e-01   0.0000
  7.20344633e-02   0.0000
 -6.37201726e-01   0.0000
  9.19131488e-02   0.0000
 -2.99895287e-01   0.0000
 -4.25314367e-01   0.0000
  5.25780097e-02   0.0000
  1.77289434e-02   0.0000
  3.41299713e-01   0.0000
  1.09603122e-01   0.0000
  1.09516047e-02   0.0000
  7.60094896e-02   0.0000
 -9.23596501e-01   0.0000
 -2.39618838e-01   0.0000
  5.40018687e-03   0.0000
  9.72571149e-02   0.0000
  2.00773805e-01   0.0000
 -1.10533789e-01   0.0000
 -4.54879999e-02   0.0000
 -9.16990638e-01   0.0000
 -3.81847173e-02   0.0000
  1.12517858e+00   0.0000
  8.43761414e-02   0.0000
 -8.85085538e-02   0.0000
  3.40501100e-01   0.0000
  2.15522602e-01   0.0000
 -1.59026399e-01   0.0000
 -2.19548121e-01   0.0000
 -2.62782782e-01   0.0000
 -6.00359023e-01   0.0000
 -1.61769792e-01   0.0000
  4.34449117e-04   0.0000
  2.93801188e-01   0.0000
  6.40074760e-02   0.0000
  3.39845493e-02   0.0000
  1.07643135e-01   0.0000
 -1.25627422e+00   0.0000
  3.12758803e+00   0.0000
  4.29931544e-02   0.0000
  1.54459143e+00   0.0000
  1.51427937e+00   0.0000
 -1.25687540e+00   0.0000
 -4.53324318e-01   0.0000
  4.34165984e-01   0.0000
  2.42001221e-01   0.0000
  1.37489712e+00   0.0000
  3.57524902e-01   0.0000
  2.09753379e-01   0.0000
  7.37855434e-01   0.0000
  4.59294617e-01   0.0000
 -8.05023089e-02   0.0000
 -4.84296113e-01   0.0000
 -7.17894360e-02   0.0000
 -1.34161964e-01   0.0000
  2.28867149e+00   0.0000
  2.64880776e-01   0.0000
 -4.35407847e-01   0.0000
  4.25701976e-01   0.0000
 -8.70346248e-01   0.0000
  3.28421205e-01   0.0000
  2.53719974e+00   0.0000
  7.83453822e-01   0.0000
  2.37718880e-01   0.0000
  7.96542346e-01   0.0000
  8.50638270e-01   0.0000
  4.46832180e-01   0.0000
 -1.92808166e-01   0.0000
 -1.81804895e-01   0.0000
  2.93342203e-01   0.0000
  1.15839148e+00   0.0000
  5.17121181e-02   0.0000
  1.68402389e-01   0.0000
  3.21695596e-01   0.0000
  2.23802850e-02   0.0000
 -3.44739288e-01   0.0000
 -1.56006157e+00   0.0000
 -1.56838936e-03   0.0000
 -4.61237580e-01   0.0000
 -4.57934022e-01   0.0000
  1.71791807e-01   0.0000
  1.52956203e-01   0.0000
  4.22294080e-01   0.0000
 -6.21127486e-01   0.0000
 -2.58467525e-01   0.0000
 -3.68027717e-01   0.0000
  9.00497794e-01   0.0000
  1.23769246e-01   0.0000
 -4.69962656e-01   0.0000
  2.66155303e-01   0.0000
  7.72915423e-01   0.0000
  2.12307665e-02   0.0000
  9.02512133e-01   0.0000
  4.93657798e-01   0.0000
  2.34006912e-01   0.0000
 -2.82616436e-01   0.0000
  1.52587563e-01   0.0000
 -4.31237280e-01   0.0000
 -4.69044447e-01   0.0000
 -1.78024247e-01   0.0000
 -3.67745340e-01   0.0000
  6.21995449e-01   0.0000
 -8.43818486e-01   0.0000
  3.73082519e-01   0.0000
  4.22278419e-02   0.0000
 -1.95482224e-01   0.0000
  2.99591064e-01   0.0000
 -4.83781993e-01   0.0000
 -6.30982697e-01   0.0000
  2.09748983e-01   0.0000
  1.02429271e+00   0.0000
  2.83079967e-02   0.0000
  1.51186094e-01   0.0000
 -1.55909047e-01   0.0000
  2.60965586e-01   0.0000
  1.24862313e-01   0.0000
  6.30869031e-01   0.0000
  5.26107788e-01   0.0000
  4.23008591e-01   0.0000
 -3.11093569e-01   0.0000
  1.26250833e-01   0.0000
 -2.24456325e-01   0.0000
 -5.34780324e-01   0.0000
  6.11958057e-02   0.0000
  9.65629052e-03   0.0000
 -1.84789121e-01   0.0000
 -4.68445212e-01   0.0000
 -4.47163939e-01   0.0000
 -1.46806473e-02   0.0000
 -6.63973033e-01   0.0000
  1.77164420e-01   0.0000
 -5.04070103e-01   0.0000
 -2.53524363e-01   0.0000
 -1.94454253e-01   0.0000
  7.52330959e-01   0.0000
  3.23894583e-02   0.0000
  4.21445906e-01   0.0000
 -2.44394898e-01   0.0000
 -1.16006963e-01   0.0000
  1.18538357e-01   0.0000
 -5.16346514e-01   0.0000
  3.63815069e-01   0.0000
 -6.67036027e-02   0.0000
 -1.77301586e-01   0.0000
  4.26506549e-02   0.0000
  6.31886542e-01   0.0000
 -6.10515237e-01   0.0000
 -4.13080156e-01   0.0000
  1.25471607e-01   0.0000
 -8.67673576e-01   0.0000
 -5.27672887e-01   0.0000
 -7.47580767e-01   0.0000
 -6.14413060e-03   0.0000
 -1.34218782e-01   0.0000
  1.27974853e-01   0.0000
 -4.56552178e-01   0.0000
  3.55551466e-02   0.0000
  2.15557337e-01   0.0000
  1.92080632e-01   0.0000
  4.23056334e-02   0.0000
  3.87103468e-01   0.0000
 -2.03655928e-01   0.0000
 -1.93713114e-01   0.0000
  4.87488601e-03   0.0000
 -1.17971396e+00   0.0000
  2.11219713e-01   0.0000
 -5.64083278e-01   0.0000
 -5.66329882e-02   0.0000
  4.41949330e-02   0.0000
  1.09257483e+00   0.0000
 -4.34957117e-01   0.0000
 -2.01930672e-01   0.0000
  3.26611757e-01   0.0000
 -7.50188828e-01   0.0000
 -4.22759801e-01   0.0000
  6.20875537e-01   0.0000
  1.34232137e-02   0.0000
  2.21203879e-01   0.0000
  1.69531330e-01   0.0000
 -2.82886386e-01   0.0000
  2.33393356e-01   0.0000
  8.42467904e-01   0.0000
  4.89412099e-02   0.0000
  5.08534089e-02   0.0000
  2.06222609e-01   0.0000
  1.69156089e-01   0.0000
 -1.53100312e-01   0.0000
 -1.19828865e-01   0.0000
 -5.41399300e-01   0.0000
  7.91167095e-02   0.0000
 -5.54270186e-02   0.0000
  3.21160667e-02   0.0000
  2.83171982e-02   0.0000
  7.64326870e-01   0.0000
 -4.14241612e-01   0.0000
  1.21404178e-01   0.0000
  4.34026480e-01   0.0000
 -1.12330124e-01   0.0000
  2.70935446e-01   0.0000
  1.38306594e+00   0.0000
  1.58466888e-03   0.0000
 -5.78670800e-01   0.0000
  1.90907061e-01   0.0000
 -9.23167095e-02   0.0000
  4.16548640e-01   0.0000
  1.42197716e+00   0.0000
  2.86817923e-03   0.0000
  1.58172939e-02   0.0000
  9.72153917e-02   0.0000
  2.86684036e-01   0.0000
 -9.84125063e-02   0.0000
 -1.28436193e-01   0.0000
 -4.22936952e-04   0.0000
  2.56261323e-02   0.0000
  4.45445448e-01   0.0000
  9.50387493e-02   0.0000
  3.27012800e-02   0.0000
  4.30920362e-01   0.0000
 -1.26690507e-01   0.0000
  2.81244546e-01   0.0000
  4.29369420e-01   0.0000
  2.51947939e-01   0.0000
  7.06502855e-01   0.0000
  6.10860527e-01   0.0000
 -4.60733240e-03   0.0000
 -7.46370196e-01   0.0000
  1.80665210e-01   0.0000
  1.72847714e-02   0.0000
  3.45980912e-01   0.0000
  1.32842076e+00   0.0000
 -9.68214512e-01   0.0000
  1.21694720e+00   0.0000
  1.36572134e+00   0.0000
 -1.84112060e+00   0.0000
  1.48863971e+00   0.0000
  4.95630592e-01   0.0000
  6.20062947e-01   0.0000
  1.25451565e+00   0.0000
 -6.79425597e-01   0.0000
 -5.69271982e-01   0.0000
  1.13390779e+00   0.0000
  2.96548337e-01   0.0000
  4.23820555e-01   0.0000
  2.08633327e+00   0.0000
 -2.09976718e-01   0.0000
  9.40204203e-01   0.0000
  2.00850892e+00   0.0000
  2.02258897e+00   0.0000
 -1.88594326e-01   0.0000
 -1.81600645e-01   0.0000
 -3.70327085e-01   0.0000
 -3.02581251e-01   0.0000
  7.02268243e-01   0.0000
  4.28946972e+00   0.0000
 -3.10997695e-01   0.0000
 -3.52796942e-01   0.0000
 -4.13877307e-04   0.0000
  2.49321340e-03   0.0000
 -1.96798861e-01   0.0000
  4.54725046e-03   0.0000
  2.27489397e-01   0.0000
 -6.25519082e-02   0.0000
 -4.13549542e-01   0.0000
  1.16061477e-03   0.0000
  2.42572546e-01   0.0000
 -1.52318895e-01   0.0000
  2.79812306e-01   0.0000
  2.42014155e-01   0.0000
  1.62936777e-01   0.0000
  2.14914918e-01   0.0000
 -8.29737425e-01   0.0000
  6.84072614e-01   0.0000
  1.60929829e-01   0.0000
 -2.85436928e-01   0.0000
 -1.24030747e-03   0.0000
 -1.84561595e-01   0.0000
  7.07489491e-01   0.0000
  1.98380068e-01   0.0000
  1.26791492e-01   0.0000
 -8.05625971e-03   0.0000
  8.89263488e-03   0.0000
  2.12443923e-03   0.0000
  2.44548142e-01   0.0000
  3.18966853e-03   0.0000
 -1.14318773e-01   0.0000
  3.50135118e-02   0.0000
  2.37554789e-01   0.0000
 -1.18387705e-02   0.0000
 -2.39383012e-01   0.0000
  7.56508335e-02   0.0000
 -2.36259028e-01   0.0000
 -1.66657463e-01   0.0000
 -3.57467942e-02   0.0000
 -1.33541375e-01   0.0000
  2.91565090e-01   0.0000
 -1.63588285e-01   0.0000
 -7.78722093e-02   0.0000
  1.55651674e-01   0.0000
 -2.22786376e-03   0.0000
  8.87831673e-02   0.0000
 -6.14814162e-02   0.0000
 -1.40064135e-01   0.0000
  3.00019085e-01   0.0000
  8.58605444e-01   0.0000
  6.22800849e-02   0.0000
  3.74977360e-04   0.0000
  8.49820953e-03   0.0000
 -5.54437796e-03   0.0000
 -5.67436099e-01   0.0000
  1.97902936e-02   0.0000
  2.54846364e-02   0.0000
 -3.84421379e-04   0.0000
 -6.35962710e-02   0.0000
  6.89473609e-03   0.0000
 -4.24924605e-02   0.0000
 -5.33432188e-03   0.0000
 -8.15954432e-03   0.0000
  7.32443901e-03   0.0000
 -7.31280506e-01   0.0000
 -1.27659166e+00   0.0000
  7.71550741e-03   0.0000
  7.02451915e-02   0.0000
  5.41208312e-03   0.0000
  4.83998563e-03   0.0000
 -1.28504419e+00   0.0000
 -1.97333470e-02   0.0000
 -4.88490313e-01   0.0000
 -3.91873628e-01   0.0000
 -2.60435566e-02   0.0000
 -3.79829900e-03   0.0000
 -1.71092842e-02   0.0000
 -4.09706554e-04   0.0000
  4.53568250e-01   0.0000
 -5.36805019e-03   0.0000
 -1.43579602e-01   0.0000
 -2.00540617e-05   0.0000
  2.78616428e-01   0.0000
 -1.20244790e-02   0.0000
  1.40057683e-01   0.0000
  4.44252156e-02   0.0000
  1.73448380e-02   0.0000
  8.09444189e-01   0.0000
 -6.60675704e-01   0.0000
  4.55098093e-01   0.0000
  1.98234748e-02   0.0000
 -3.23343366e-01   0.0000
 -2.60719261e-03   0.0000
 -2.13396214e-02   0.0000
  4.91679877e-01   0.0000
  1.34352976e-02   0.0000
  1.86867505e-01   0.0000
  7.23214924e-01   0.0000
 -7.79755414e-03   0.0000
  1.35646085e-03   0.0000
 -5.41968504e-04   0.0000
 -1.02262152e-02   0.0000
 -5.42781651e-01   0.0000
 -4.11151676e-03   0.0000
  2.20481325e-02   0.0000
  5.09832334e-03   0.0000
  1.84888355e-02   0.0000
 -9.43528209e-03   0.0000
 -3.45853642e-02   0.0000
 -2.18816139e-02   0.0000
  1.07995393e-02   0.0000
 -2.01152295e-01   0.0000
  1.06566501e+00   0.0000
 -8.66385877e-01   0.0000
  1.92635693e-03   0.0000
  1.57770570e-02   0.0000
 -1.06239785e-03   0.0000
 -9.03848372e-03   0.0000
 -1.00077713e+00   0.0000
  7.28695979e-03   0.0000
 -2.32422337e-01   0.0000
  3.27522457e-01   0.0000
 -2.34418293e-03   0.0000
  6.61086813e-02   0.0000
 -2.47117385e-01   0.0000
  4.68277335e-02   0.0000
  1.77322745e-01   0.0000
 -1.80018589e-01   0.0000
 -3.04066449e-01   0.0000
  2.52684671e-03   0.0000
  2.74313867e-01   0.0000
 -2.57952571e-01   0.0000
  1.93260312e-01   0.0000
  2.95419484e-01   0.0000
  1.79083854e-01   0.0000
  5.98441005e-01   0.0000
 -5.19223869e-01   0.0000
 -6.22863352e-01   0.0000
  2.54429996e-01   0.0000
 -3.31774503e-01   0.0000
 -7.00708702e-02   0.0000
 -2.20128819e-01   0.0000
 -7.10372806e-01   0.0000
  2.45619863e-01   0.0000
 -3.47508103e-01   0.0000
 -1.38911736e+00   0.0000
 -6.01585442e-03   0.0000
  2.39160769e-02   0.0000
 -2.87752189e-02   0.0000
  1.37300519e-02   0.0000
  9.95252013e-01   0.0000
 -2.76618022e-02   0.0000
 -6.02719299e-02   0.0000
  4.37951833e-02   0.0000
  2.04893112e-01   0.0000
 -3.35717723e-02   0.0000
  5.32173775e-02   0.0000
  3.54736447e-02   0.0000
  3.09207495e-02   0.0000
  1.77038327e-01   0.0000
  2.00779825e-01   0.0000
  1.52202368e+00   0.0000
  3.67246866e-02   0.0000
 -1.61513656e-01   0.0000
 -3.73522611e-03   0.0000
 -3.44687812e-02   0.0000
  1.64775729e+00   0.0000
  3.62530611e-02   0.0000
  2.60513127e-01   0.0000
  8.54212403e-01   0.0000
  1.65669946e-04   0.0000
  3.05054407e-03   0.0000
 -9.41458195e-02   0.0000
  1.39483612e-03   0.0000
 -6.62409425e-01   0.0000
 -6.63163587e-02   0.0000
 -1.11249395e-01   0.0000
  6.21443440e-04   0.0000
  8.44690278e-02   0.0000
 -1.05643980e-01   0.0000
  8.99004862e-02   0.0000
  1.01626396e-01   0.0000
  5.67728393e-02   0.0000
 -1.12700373e-01   0.0000
 -1.58274379e-02   0.0000
 -9.00688350e-01   0.0000
  8.46529901e-02   0.0000
 -9.79628637e-02   0.0000
 -1.02503663e-02   0.0000
 -6.72304034e-02   0.0000
 -9.46808577e-01   0.0000
  8.99007916e-02   0.0000
  6.45836592e-01   0.0000
  1.74980497e+00   0.0000
 -3.16626276e-04   0.0000
  1.81590170e-02   0.0000
 -1.86927877e-02   0.0000
  1.46515379e-02   0.0000
 -1.33548939e+00   0.0000
 -3.60730737e-02   0.0000
  3.02811656e-02   0.0000
  6.10928703e-03   0.0000
  3.61264311e-02   0.0000
 -3.39471512e-02   0.0000
  5.02232760e-02   0.0000
  2.55291089e-02   0.0000
  3.41132581e-02   0.0000
 -2.34937787e-01   0.0000
  2.96996206e-01   0.0000
 -1.97164190e+00   0.0000
  2.74007898e-02   0.0000
 -1.10558115e-01   0.0000
 -2.17306316e-02   0.0000
 -2.96528842e-02   0.0000
 -2.07183695e+00   0.0000
  3.84410620e-02   0.0000
  2.09058583e-01   0.0000
 -4.07344013e-01   0.0000
  2.67582340e-03   0.0000
 -1.07311625e-02   0.0000
  2.15728655e-01   0.0000
 -4.11973335e-02   0.0000
  9.88755152e-02   0.0000
  1.59464747e-01   0.0000
  2.56953090e-01   0.0000
 -4.89746919e-04   0.0000
 -1.78271189e-01   0.0000
  2.28773117e-01   0.0000
 -2.08172962e-01   0.0000
 -2.76576281e-01   0.0000
 -1.61224246e-01   0.0000
 -4.66582626e-01   0.0000
  3.53048742e-01   0.0000
  5.18183112e-01   0.0000
 -2.15421349e-01   0.0000
  2.98186541e-01   0.0000
  4.96668704e-02   0.0000
  2.40817890e-01   0.0000
  6.23703599e-01   0.0000
 -2.26811558e-01   0.0000
  3.04406255e-01   0.0000
  7.03652740e-01   0.0000
 -1.38122967e-04   0.0000
  1.49558112e-03   0.0000
 -5.50610647e-02   0.0000
 -1.09326723e-03   0.0000
 -5.81104696e-01   0.0000
 -4.05714288e-02   0.0000
 -6.24819286e-02   0.0000
 -3.11716017e-03   0.0000
  3.05920299e-02   0.0000
 -5.86337373e-02   0.0000
  3.77206877e-02   0.0000
  6.00228496e-02   0.0000
  3.41428779e-02   0.0000
 -3.51205319e-01   0.0000
  2.49220416e-01   0.0000
 -7.52115726e-01   0.0000
  8.91054273e-02   0.0000
 -2.03073919e-02   0.0000
 -1.82327977e-03   0.0000
 -1.07594393e-01   0.0000
 -8.35191488e-01   0.0000
  4.19784412e-02   0.0000
  1.88203841e-01   0.0000
  5.68176985e-01   0.0000
  2.37049479e-02   0.0000
 -1.11725263e-01   0.0000
  7.87475035e-02   0.0000
  1.10411376e-03   0.0000
 -7.00005054e-01   0.0000
  2.03649830e-02   0.0000
  9.06038284e-02   0.0000
 -2.43563019e-02   0.0000
 -2.66227752e-01   0.0000
  6.53748587e-02   0.0000
 -1.36656776e-01   0.0000
 -1.63766325e-01   0.0000
 -2.04681661e-02   0.0000
 -7.19615340e-01   0.0000
  3.22469562e-01   0.0000
 -5.37201226e-01   0.0000
 -3.79872173e-02   0.0000
  4.33965027e-01   0.0000
  3.77447680e-02   0.0000
  3.46382074e-02   0.0000
 -5.64605057e-01   0.0000
 -4.81478870e-02   0.0000
  4.16098982e-01   0.0000
  1.05177164e+00   0.0000
 -2.25421716e-03   0.0000
 -5.15589071e-03   0.0000
 -7.57972850e-03   0.0000
 -1.41583672e-02   0.0000
 -1.27128923e+00   0.0000
  1.28157968e-02   0.0000
 -4.00324836e-02   0.0000
 -6.52581919e-03   0.0000
 -1.78755090e-01   0.0000
  1.01155248e-02   0.0000
 -1.85185336e-02   0.0000
 -2.85310876e-02   0.0000
 -6.02750480e-03   0.0000
  4.38162237e-02   0.0000
 -3.59051824e-01   0.0000
 -8.16345632e-01   0.0000
  4.04001027e-03   0.0000
  2.04690531e-01   0.0000
  2.34384909e-02   0.0000
 -5.58617117e-04   0.0000
 -8.14309895e-01   0.0000
 -1.46274203e-02   0.0000
  8.67791831e-01   0.0000
  9.56957698e-01   0.0000
  4.86678630e-03   0.0000
  2.68176245e-03   0.0000
  5.04940003e-02   0.0000
  1.28588919e-02   0.0000
 -9.52192307e-01   0.0000
 -5.83708566e-03   0.0000
  1.88807696e-01   0.0000
  1.87863468e-03   0.0000
 -1.22608334e-01   0.0000
  4.96570859e-03   0.0000
 -5.47780655e-02   0.0000
 -4.03098501e-02   0.0000
 -7.73589651e-04   0.0000
 -1.10672319e+00   0.0000
  7.08940268e-01   0.0000
 -1.24781680e+00   0.0000
 -1.92484967e-02   0.0000
  3.30298036e-01   0.0000
 -1.05238482e-02   0.0000
  1.73718575e-02   0.0000
 -1.25416565e+00   0.0000
 -1.91766322e-02   0.0000
 -1.16643600e-01   0.0000
 -6.85438991e-01   0.0000
 -9.11588408e-03   0.0000
  7.82187562e-03   0.0000
 -1.46721601e-02   0.0000
  1.22732092e-02   0.0000
  1.59839410e-02   0.0000
 -2.03176439e-02   0.0000
 -4.63122763e-02   0.0000
  6.58433978e-03   0.0000
  1.35104507e-01   0.0000
 -2.53682043e-02   0.0000
  4.62006181e-02   0.0000
  1.12859188e-02   0.0000
  2.57319119e-02   0.0000
  2.71264762e-01   0.0000
 -4.98089164e-01   0.0000
  9.19583797e-01   0.0000
  1.74992960e-02   0.0000
 -7.89577067e-02   0.0000
 -1.77484777e-04   0.0000
 -2.39854343e-02   0.0000
  9.86431360e-01   0.0000
  2.00841241e-02   0.0000
 -8.44462872e-01   0.0000
 -7.56215513e-01   0.0000
 -8.44927970e-03   0.0000
  1.96120553e-02   0.0000
 -1.15623102e-01   0.0000
  2.58437358e-02   0.0000
  8.57368231e-01   0.0000
 -6.96710348e-02   0.0000
 -1.71927974e-01   0.0000
  3.44357756e-03   0.0000
  2.99029529e-01   0.0000
 -9.17743817e-02   0.0000
  2.43386373e-01   0.0000
  1.89015314e-01   0.0000
  7.02266544e-02   0.0000
  7.55710244e-01   0.0000
 -2.03458264e-01   0.0000
  7.03615963e-01   0.0000
  8.68427753e-02   0.0000
 -3.37616503e-01   0.0000
 -3.03364638e-02   0.0000
 -8.68546441e-02   0.0000
  6.44713402e-01   0.0000
  9.59356800e-02   0.0000
 -1.09439182e+00   0.0000
 -1.66625643e+00   0.0000
  1.48236391e-03   0.0000
  7.51259795e-04   0.0000
 -1.91667274e-01   0.0000
 -1.03848067e-03   0.0000
  1.49823010e+00   0.0000
 -1.82729885e-02   0.0000
 -3.36464554e-01   0.0000
 -2.38932407e-04   0.0000
  2.12835476e-01   0.0000
 -7.57656544e-02   0.0000
  1.29920125e-01   0.0000
  7.93171525e-02   0.0000
  1.01457991e-01   0.0000
  8.48185062e-01   0.0000
 -7.43600011e-01   0.0000
  1.68159294e+00   0.0000
  1.23456940e-01   0.0000
 -2.93437302e-01   0.0000
  2.63209292e-03   0.0000
 -1.08477570e-01   0.0000
  1.72626483e+00   0.0000
  8.83424804e-02   0.0000
 -9.79304016e-01   0.0000
 -2.12661076e+00   0.0000
 -3.99245881e-02   0.0000
  7.08056539e-02   0.0000
 -1.06313907e-01   0.0000
  2.07321215e-02   0.0000
  1.70157230e+00   0.0000
 -3.49822566e-02   0.0000
 -1.94746017e-01   0.0000
  4.44671139e-03   0.0000
  4.36561048e-01   0.0000
 -4.33755405e-02   0.0000
  2.41808072e-01   0.0000
  1.06115289e-01   0.0000
  3.13052312e-02   0.0000
  9.89785314e-01   0.0000
 -9.12269056e-01   0.0000
  2.32537794e+00   0.0000
  4.33644205e-02   0.0000
 -6.38308883e-01   0.0000
 -1.35461586e-02   0.0000
 -3.97470295e-02   0.0000
  2.42225504e+00   0.0000
  5.98331094e-02   0.0000
  1.08938150e-01   0.0000
 -2.15097383e-01   0.0000
  3.37127550e-03   0.0000
 -5.35122491e-02   0.0000
  1.85182989e-01   0.0000
 -2.52622403e-02   0.0000
 -1.95085213e-01   0.0000
  1.36679903e-01   0.0000
  2.01944381e-01   0.0000
  3.39409569e-04   0.0000
 -1.83738217e-01   0.0000
  1.74594089e-01   0.0000
 -1.48416623e-01   0.0000
 -2.30917409e-01   0.0000
 -1.34586141e-01   0.0000
 -3.80937576e-01   0.0000
  3.81831229e-01   0.0000
  4.71808165e-01   0.0000
 -1.77561045e-01   0.0000
  2.33950347e-01   0.0000
  2.01729219e-02   0.0000
  1.71778679e-01   0.0000
  5.71408689e-01   0.0000
 -1.70087516e-01   0.0000
  5.58368027e-01   0.0000
  1.48855138e+00   0.0000
  3.36726778e-03   0.0000
 -7.73970187e-02   0.0000
  2.98426569e-01   0.0000
 -3.11301704e-02   0.0000
 -9.83532548e-01   0.0000
  1.24246575e-01   0.0000
  4.49264169e-01   0.0000
 -3.65029126e-02   0.0000
 -4.32898253e-01   0.0000
  1.97650850e-01   0.0000
 -4.28903013e-01   0.0000
 -4.41181421e-01   0.0000
 -1.62044391e-01   0.0000
 -9.41852152e-01   0.0000
  1.07168841e+00   0.0000
 -1.58400881e+00   0.0000
 -1.95856020e-01   0.0000
  6.03386819e-01   0.0000
  3.09543908e-02   0.0000
  1.78948283e-01   0.0000
 -1.67576480e+00   0.0000
 -2.66233355e-01   0.0000
  3.59304070e-01   0.0000
 -9.96136367e-02   0.0000
  1.77568675e-03   0.0000
 -3.28840539e-02   0.0000
  3.38402659e-01   0.0000
 -4.86447662e-02   0.0000
 -2.39087358e-01   0.0000
  1.73555627e-01   0.0000
  3.88738245e-01   0.0000
  9.42470506e-04   0.0000
 -3.05748791e-01   0.0000
  2.74000019e-01   0.0000
 -3.42068791e-01   0.0000
 -4.09076899e-01   0.0000
 -1.83030084e-01   0.0000
 -6.62693918e-01   0.0000
  7.70625353e-01   0.0000
  2.43954927e-01   0.0000
 -3.02211702e-01   0.0000
  3.40031207e-01   0.0000
  5.38732558e-02   0.0000
  2.36050487e-01   0.0000
  3.75067860e-01   0.0000
 -3.21611613e-01   0.0000
  5.57899535e-01   0.0000
  9.68073845e-01   0.0000
 -4.78679314e-02   0.0000
  1.86369233e-02   0.0000
  8.09886307e-03   0.0000
 -6.05791854e-03   0.0000
 -3.98541510e-01   0.0000
  1.29836919e-02   0.0000
  6.86908662e-02   0.0000
 -2.65344256e-03   0.0000
 -1.23624494e-02   0.0000
  1.57183129e-02   0.0000
 -1.20078428e-02   0.0000
 -2.34895200e-02   0.0000
 -5.54002915e-03   0.0000
 -3.99900705e-01   0.0000
  1.53568208e-01   0.0000
 -1.17691648e+00   0.0000
 -1.16257243e-01   0.0000
  2.24452391e-02   0.0000
  3.88859073e-03   0.0000
  1.02447696e-01   0.0000
 -1.37067521e+00   0.0000
 -1.78755783e-02   0.0000
  4.76914436e-01   0.0000
  5.97099066e-01   0.0000
 -5.34191262e-04   0.0000
 -2.51585036e-04   0.0000
 -2.48413086e-02   0.0000
  1.87297096e-03   0.0000
 -4.42569643e-01   0.0000
 -4.49351082e-03   0.0000
  4.16448824e-02   0.0000
  2.47874344e-03   0.0000
  1.50876874e-02   0.0000
 -1.21308556e-02   0.0000
  1.38205448e-02   0.0000
  3.70230116e-02   0.0000
  9.56083089e-03   0.0000
 -3.19914550e-01   0.0000
  5.05333440e-03   0.0000
 -8.93323302e-01   0.0000
  1.71482265e-02   0.0000
  7.24387318e-02   0.0000
  3.32768564e-03   0.0000
 -1.34533681e-02   0.0000
 -9.15386498e-01   0.0000
  1.69693213e-02   0.0000
 -6.71280861e-01   0.0000
 -1.70745349e+00   0.0000
 -1.58451386e-02   0.0000
 -6.60124933e-03   0.0000
  9.06463061e-03   0.0000
 -3.74292629e-03   0.0000
  6.82682395e-01   0.0000
  1.08274976e-02   0.0000
 -6.47607073e-02   0.0000
 -4.99361381e-03   0.0000
  8.43818039e-02   0.0000
  5.06353751e-03   0.0000
  2.37858575e-02   0.0000
 -5.45836240e-03   0.0000
 -7.14231702e-03   0.0000
  4.00465667e-01   0.0000
  3.82713795e-01   0.0000
  2.31503797e+00   0.0000
 -1.17769847e-02   0.0000
 -2.01498121e-01   0.0000
  5.59604261e-03   0.0000
  8.61342344e-03   0.0000
  2.50019526e+00   0.0000
 -7.55136227e-03   0.0000
  4.25428361e-01   0.0000
  2.30594978e-01   0.0000
 -2.21601367e-01   0.0000
 -6.94180280e-03   0.0000
  5.43879688e-01   0.0000
 -1.69044912e-01   0.0000
 -2.06326351e-01   0.0000
  4.85934734e-01   0.0000
  5.13397276e-01   0.0000
 -1.68613531e-02   0.0000
 -3.35642993e-02   0.0000
  4.83809739e-01   0.0000
 -3.02391052e-01   0.0000
 -5.69856942e-01   0.0000
 -5.12523770e-01   0.0000
 -6.62682772e-01   0.0000
  1.14790988e+00   0.0000
 -6.12469554e-01   0.0000
 -7.41857529e-01   0.0000
  8.95200148e-02   0.0000
  1.06441975e-01   0.0000
  6.20716095e-01   0.0000
 -8.26386452e-01   0.0000
 -4.78652894e-01   0.0000
  2.19269919e+00   0.0000
  4.15817928e+00   0.0000
 -5.34770563e-02   0.0000
 -1.91666797e-01   0.0000
  1.05207586e+00   0.0000
 -2.27355719e-01   0.0000
 -3.29861808e+00   0.0000
  6.51687264e-01   0.0000
  1.17264760e+00   0.0000
 -9.28388461e-02   0.0000
 -9.59791720e-01   0.0000
  9.04606760e-01   0.0000
 -9.56380844e-01   0.0000
 -1.29672050e+00   0.0000
 -6.83045685e-01   0.0000
 -2.96453738e+00   0.0000
  3.18795609e+00   0.0000
 -4.72063160e+00   0.0000
 -1.00192666e+00   0.0000
  1.33948636e+00   0.0000
  2.39600644e-01   0.0000
  8.78750682e-01   0.0000
 -5.12207603e+00   0.0000
 -9.44857299e-01   0.0000
  0.00000000e+00   0.0000

