 5 0.000000 1
 1 
 Si 28.085500
 0 0.250001 4.500000 0.978124 1.000000 
 5 0 1 2 4 6
 8 2.25000 2.50000 2.75000 3.00000 3.25000 3.50000 3.75000 4.00000
 1 12.169200 6.172630 3.114710 0.755675 0.404939 0.036124 0.650018 0.572890
 4 40 24 24 1
 -8.05285811e-01   0.0000
  3.41982096e-01   0.0000
  9.43649888e-01   0.0000
 -4.44330461e-02   0.0000
 -2.20235872e+00   0.0000
 -3.50467451e-02   0.0000
 -1.20768344e+00   0.0000
  1.06295496e-01   0.0000
 -9.32903886e-01   0.0000
  2.85996534e-02   0.0000
  4.74130511e-02   0.0000
  3.00238848e-01   0.0000
  8.67607594e-01   0.0000
 -7.43400156e-01   0.0000
 -7.79361546e-01   0.0000
 -4.30668563e-01   0.0000
 -1.24728218e-01   0.0000
 -1.99170017e+00   0.0000
  4.19917107e-02   0.0000
  1.06891131e+00   0.0000
 -1.19496301e-01   0.0000
 -1.44376349e+00   0.0000
  5.39762616e-01   0.0000
 -3.73700619e-01   0.0000
 -3.44748586e-01   0.0000
  4.86603081e-01   0.0000
 -1.30568102e-01   0.0000
  5.97937107e-01   0.0000
  3.30089301e-01   0.0000
 -8.77291933e-02   0.0000
 -4.41910356e-01   0.0000
 -6.85485899e-01   0.0000
  4.62447196e-01   0.0000
  1.11941084e-01   0.0000
 -6.39950693e-01   0.0000
 -4.62177217e-01   0.0000
 -1.84198558e-01   0.0000
 -1.82533753e+00   0.0000
 -5.86699769e-02   0.0000
  9.22387719e-01   0.0000
  4.95467603e-01   0.0000
  8.03776026e-01   0.0000
  1.19584695e-01   0.0000
 -5.64104021e-02   0.0000
  1.80777997e-01   0.0000
 -1.40386450e+00   0.0000
 -7.58519948e-01   0.0000
 -2.83729583e-01   0.0000
 -4.68392342e-01   0.0000
  3.81555200e-01   0.0000
 -4.15803313e-01   0.0000
  5.84086716e-01   0.0000
  1.26792300e+00   0.0000
 -2.91852117e-01   0.0000
 -1.55722857e-01   0.0000
 -9.19497490e-01   0.0000
  8.57159078e-01   0.0000
  4.30351079e-01   0.0000
 -9.09473479e-01   0.0000
 -5.00348508e-01   0.0000
 -3.93606067e-01   0.0000
 -1.49218631e+00   0.0000
  1.17702791e-02   0.0000
  1.09818280e+00   0.0000
 -2.21669123e-01   0.0000
  1.38634956e+00   0.0000
  1.72591403e-01   0.0000
 -5.91021717e-01   0.0000
  5.48793852e-01   0.0000
 -1.28137469e+00   0.0000
 -1.14413416e+00   0.0000
 -8.86639237e-01   0.0000
 -5.60877800e-01   0.0000
  2.84011960e-01   0.0000
 -2.75482386e-01   0.0000
  6.98189959e-02   0.0000
  7.16171920e-01   0.0000
 -4.13356274e-01   0.0000
  1.30722150e-01   0.0000
 -3.70582461e-01   0.0000
  8.86431277e-01   0.0000
  4.05868500e-01   0.0000
 -4.66033638e-01   0.0000
 -1.37960196e-01   0.0000
  2.09331781e-01   0.0000
  3.67427468e-01   0.0000
  1.75884999e-02   0.0000
  1.47306427e-01   0.0000
 -9.90094364e-01   0.0000
  3.61394763e-01   0.0000
  2.61700481e-01   0.0000
 -1.00913748e-01   0.0000
  7.39865899e-01   0.0000
 -1.19653463e+00   0.0000
 -3.20019215e-01   0.0000
 -8.91332924e-01   0.0000
 -9.55194980e-02   0.0000
  1.14900298e-01   0.0000
 -1.21445619e-01   0.0000
 -2.14714080e-01   0.0000
 -3.17298263e-01   0.0000
 -3.57916415e-01   0.0000
  7.65058339e-01   0.0000
 -3.24596077e-01   0.0000
  2.72093743e-01   0.0000
  2.07482457e-01   0.0000
 -3.89158875e-01   0.0000
 -3.22372645e-01   0.0000
  3.76226217e-01   0.0000
  8.23199630e-01   0.0000
  1.29088476e-01   0.0000
 -4.81960565e-01   0.0000
  1.86873227e-01   0.0000
 -1.68715253e-01   0.0000
  2.29761168e-01   0.0000
 -1.39098004e-01   0.0000
  5.77804565e-01   0.0000
 -9.42858279e-01   0.0000
  2.51303524e-01   0.0000
 -1.30299022e-02   0.0000
  1.93311632e-01   0.0000
  9.42332223e-02   0.0000
 -8.35469291e-02   0.0000
 -5.35240948e-01   0.0000
 -5.32237530e-01   0.0000
 -3.09139252e-01   0.0000
  5.24530590e-01   0.0000
  6.90664649e-02   0.0000
 -4.84075218e-01   0.0000
  2.38581076e-01   0.0000
 -2.47311629e-02   0.0000
  1.62429810e-01   0.0000
  4.48407829e-01   0.0000
  9.16866302e-01   0.0000
  5.82382739e-01   0.0000
 -4.20728534e-01   0.0000
  3.27929646e-01   0.0000
 -2.94268101e-01   0.0000
  1.57614768e-01   0.0000
  3.54738861e-01   0.0000
  3.43254775e-01   0.0000
 -4.72757369e-01   0.0000
  5.35466909e-01   0.0000
  5.71981609e-01   0.0000
  3.78559619e-01   0.0000
  6.77664354e-02   0.0000
 -1.89050168e-01   0.0000
 -1.98916495e-01   0.0000
 -3.61096680e-01   0.0000
 -3.04607630e-01   0.0000
 -3.66030782e-02   0.0000
  1.04271270e-01   0.0000
 -1.20188284e+00   0.0000
  2.37519041e-01   0.0000
 -5.44290543e-02   0.0000
  4.56364602e-01   0.0000
  6.42633587e-02   0.0000
  7.94486701e-02   0.0000
  8.50812852e-01   0.0000
  8.67046341e-02   0.0000
  3.70760679e-01   0.0000
 -7.11155355e-01   0.0000
  8.92237201e-02   0.0000
  6.22035265e-01   0.0000
  3.19745302e-01   0.0000
 -9.15824473e-02   0.0000
  2.06214517e-01   0.0000
  5.72821200e-01   0.0000
  3.40479589e-03   0.0000
  3.47616188e-02   0.0000
  5.77749684e-02   0.0000
 -7.05020353e-02   0.0000
 -3.66860896e-01   0.0000
 -2.18046188e-01   0.0000
 -6.71347201e-01   0.0000
 -1.28086939e-01   0.0000
 -9.80710804e-01   0.0000
  1.41572922e-01   0.0000
 -2.10019380e-01   0.0000
  3.55972052e-01   0.0000
  9.52574238e-02   0.0000
 -1.05187678e+00   0.0000
  3.50285172e-02   0.0000
 -5.60998380e-01   0.0000
 -2.73222476e-01   0.0000
 -1.63275969e+00   0.0000
 -1.89849455e-02   0.0000
 -2.25924373e-01   0.0000
  2.34304279e-01   0.0000
  8.52635801e-02   0.0000
 -2.56904569e-02   0.0000
 -3.67033780e-01   0.0000
  1.31495512e+00   0.0000
 -1.17601179e-01   0.0000
  2.27541342e-01   0.0000
 -6.26388013e-01   0.0000
 -1.74172699e+00   0.0000
 -1.32867813e-01   0.0000
 -2.37724945e-01   0.0000
  4.01414245e-01   0.0000
  8.25430632e-01   0.0000
  5.34862876e-02   0.0000
  4.75681752e-01   0.0000
 -2.94391289e-02   0.0000
 -4.73346487e-02   0.0000
  1.00726497e+00   0.0000
 -2.81947941e-01   0.0000
  6.04354078e-03   0.0000
 -3.11798811e-01   0.0000
 -7.70028174e-01   0.0000
  2.89616406e-01   0.0000
 -2.90847659e+00   0.0000
 -4.50232401e-02   0.0000
 -8.39816034e-01   0.0000
  1.76381934e-02   0.0000
 -9.77698505e-01   0.0000
  6.50862932e-01   0.0000
 -3.26066390e-02   0.0000
  2.17921242e-01   0.0000
 -8.90741825e-01   0.0000
 -1.10309875e+00   0.0000
 -1.09489851e-01   0.0000
 -9.24442887e-01   0.0000
  4.80419010e-01   0.0000
  5.81044972e-01   0.0000
  2.77024209e-02   0.0000
  5.61715186e-01   0.0000
  2.22420618e-01   0.0000
  5.11577070e-01   0.0000
  6.60517693e-01   0.0000
 -6.16319478e-01   0.0000
 -5.77463731e-02   0.0000
 -6.62718117e-02   0.0000
 -5.05486488e-01   0.0000
  1.45231158e-01   0.0000
 -9.07199740e-01   0.0000
  1.19926609e-01   0.0000
 -5.95667779e-01   0.0000
 -1.22645058e-01   0.0000
  9.34447423e-02   0.0000
  5.46972275e-01   0.0000
  3.29040666e-03   0.0000
 -3.55349213e-01   0.0000
 -7.30634153e-01   0.0000
 -1.04698932e+00   0.0000
 -1.76874176e-01   0.0000
 -5.54300547e-01   0.0000
  2.46334895e-01   0.0000
 -3.39525454e-02   0.0000
  8.96399021e-02   0.0000
  3.02898586e-01   0.0000
  2.19981000e-02   0.0000
  3.70685518e-01   0.0000
  4.99402165e-01   0.0000
 -4.09639150e-01   0.0000
  1.05537094e-01   0.0000
 -1.57751799e-01   0.0000
 -2.51509607e-01   0.0000
  1.69366539e-01   0.0000
  7.29515404e-02   0.0000
  1.67746857e-01   0.0000
 -6.55088067e-01   0.0000
 -5.50196588e-01   0.0000
  6.08840466e-01   0.0000
  4.68327910e-01   0.0000
 -3.27518098e-02   0.0000
 -8.94672275e-01   0.0000
 -3.98059994e-01   0.0000
 -1.07772636e+00   0.0000
 -2.53778189e-01   0.0000
 -7.22895563e-02   0.0000
 -1.44607909e-02   0.0000
 -3.37001026e-01   0.0000
  1.14148200e-01   0.0000
  3.12629193e-02   0.0000
 -2.04415202e-01   0.0000
 -9.77499411e-02   0.0000
  2.45833725e-01   0.0000
 -1.04130626e-01   0.0000
  2.26678088e-01   0.0000
 -4.89818268e-02   0.0000
 -1.99479431e-01   0.0000
  2.71770775e-01   0.0000
  1.87387377e-01   0.0000
  1.45329878e-01   0.0000
 -7.83651054e-01   0.0000
 -7.30346918e-01   0.0000
  3.27282339e-01   0.0000
 -3.13627534e-02   0.0000
 -1.45291863e-02   0.0000
 -9.28144515e-01   0.0000
 -2.45858785e-02   0.0000
 -8.13949049e-01   0.0000
 -2.25660518e-01   0.0000
 -2.55524851e-02   0.0000
 -1.74877420e-01   0.0000
 -6.86209872e-02   0.0000
  1.46746144e-01   0.0000
 -1.01448357e-01   0.0000
 -3.38889778e-01   0.0000
 -3.71152431e-01   0.0000
  1.13509074e-01   0.0000
 -7.19727874e-02   0.0000
  7.56994337e-02   0.0000
  4.20599543e-02   0.0000
 -2.21249253e-01   0.0000
  2.57424504e-01   0.0000
  1.89701408e-01   0.0000
  1.00270383e-01   0.0000
 -6.92083955e-01   0.0000
 -5.15802443e-01   0.0000
 -1.11748561e-01   0.0000
 -4.19993728e-01   0.0000
  2.13036928e-02   0.0000
 -5.47906816e-01   0.0000
  9.35501307e-02   0.0000
 -2.78357238e-01   0.0000
 -1.37358829e-01   0.0000
 -2.55542129e-01   0.0000
 -1.92315562e-03   0.0000
  2.89042681e-01   0.0000
  6.42939433e-02   0.0000
  3.44105102e-02   0.0000
 -1.84640169e-01   0.0000
 -1.77301720e-01   0.0000
  2.62087375e-01   0.0000
 -8.76007527e-02   0.0000
 -1.61311612e-01   0.0000
 -3.65149789e-02   0.0000
 -1.75045103e-01   0.0000
  1.56388417e-01   0.0000
  2.02679619e-01   0.0000
  7.15118945e-02   0.0000
 -3.74873698e-01   0.0000
 -5.16663864e-02   0.0000
 -2.15932444e-01   0.0000
 -5.67179501e-01   0.0000
  3.90199535e-02   0.0000
 -2.30668768e-01   0.0000
  1.16611701e-02   0.0000
  9.87645462e-02   0.0000
 -1.37708634e-02   0.0000
 -3.25146407e-01   0.0000
  1.40973046e-01   0.0000
  4.60827470e-01   0.0000
 -5.14312349e-02   0.0000
  9.40094814e-02   0.0000
 -5.66619672e-02   0.0000
  9.60436314e-02   0.0000
  4.71800834e-01   0.0000
 -8.64429548e-02   0.0000
 -2.43237287e-01   0.0000
 -3.75803187e-02   0.0000
 -8.91939625e-02   0.0000
  2.18622368e-02   0.0000
  2.94189483e-01   0.0000
  6.92245960e-02   0.0000
 -9.65933055e-02   0.0000
  1.89611062e-01   0.0000
 -2.23937668e-02   0.0000
 -4.27497327e-01   0.0000
  2.45353710e-02   0.0000
  8.16956256e-03   0.0000
 -7.20938370e-02   0.0000
  1.79767489e-01   0.0000
  2.81669404e-02   0.0000
 -3.10606658e-01   0.0000
  1.51487246e-01   0.0000
  4.15273160e-01   0.0000
 -4.40285355e-02   0.0000
  1.52963132e-01   0.0000
  3.44673842e-02   0.0000
  2.44203866e-01   0.0000
  5.19142270e-01   0.0000
 -8.50430056e-02   0.0000
 -2.37746283e-01   0.0000
 -2.41329484e-02   0.0000
 -1.50243361e-02   0.0000
 -2.93610822e-02   0.0000
  3.05252552e-01   0.0000
  5.47721535e-02   0.0000
  5.95599636e-02   0.0000
  2.69609809e-01   0.0000
  1.27024859e-01   0.0000
  6.77290916e-01   0.0000
  1.47291631e-01   0.0000
 -6.53428555e-01   0.0000
  2.29869679e-01   0.0000
 -7.26058543e-01   0.0000
  4.04185653e-01   0.0000
  1.28867507e-01   0.0000
  7.30243862e-01   0.0000
 -6.91126525e-01   0.0000
 -3.43641758e-01   0.0000
  8.96851420e-01   0.0000
  9.56312642e-02   0.0000
  7.72430658e-01   0.0000
  3.36114675e-01   0.0000
  2.46962160e-02   0.0000
 -4.81976271e-01   0.0000
 -2.53084093e-01   0.0000
 -2.31685042e-02   0.0000
 -1.94478422e-01   0.0000
  7.95660198e-01   0.0000
 -3.25288266e-01   0.0000
  2.76281565e-01   0.0000
  5.81173003e-01   0.0000
  1.22329140e+00   0.0000
  2.81066954e-01   0.0000
  1.27386861e-02   0.0000
 -8.80350053e-01   0.0000
  3.69256407e-01   0.0000
 -2.18796462e-01   0.0000
  1.70975819e-01   0.0000
 -3.40895236e-01   0.0000
  9.02160928e-02   0.0000
 -6.89469635e-01   0.0000
 -6.47781864e-02   0.0000
  2.34404013e-01   0.0000
 -9.90637392e-02   0.0000
  2.18435138e-01   0.0000
 -8.94268811e-01   0.0000
  1.98337719e-01   0.0000
 -2.65098244e-01   0.0000
 -4.08859044e-01   0.0000
  6.05182469e-01   0.0000
 -7.89447129e-02   0.0000
  9.87568080e-01   0.0000
 -2.43843168e-01   0.0000
  2.39645407e-01   0.0000
 -1.62175074e-01   0.0000
  1.80545211e-01   0.0000
  9.56338122e-02   0.0000
  4.54017054e-03   0.0000
 -5.87314069e-01   0.0000
  8.87518376e-02   0.0000
 -1.14457592e-01   0.0000
 -3.95631976e-02   0.0000
 -4.94417697e-01   0.0000
 -1.78847630e-02   0.0000
 -5.50277591e-01   0.0000
  1.27694696e-01   0.0000
  8.70423913e-02   0.0000
 -1.36671826e-01   0.0000
 -3.56561616e-02   0.0000
 -7.29912519e-01   0.0000
  2.70101614e-02   0.0000
 -3.01782399e-01   0.0000
 -3.08368117e-01   0.0000
  7.41743445e-01   0.0000
  4.47706357e-02   0.0000
  1.07513285e+00   0.0000
 -1.15026727e-01   0.0000
 -8.60165581e-02   0.0000
 -2.62939930e-01   0.0000
 -5.93696356e-01   0.0000
  1.25861108e-01   0.0000
  9.80836921e-04   0.0000
 -8.04129690e-02   0.0000
 -2.87958890e-01   0.0000
 -1.44478664e-01   0.0000
 -1.86691955e-01   0.0000
 -2.66899616e-01   0.0000
  2.01019272e-02   0.0000
 -2.43280262e-01   0.0000
  2.01358274e-01   0.0000
  1.34178832e-01   0.0000
  1.18779400e-02   0.0000
 -1.43939361e-01   0.0000
  1.17953256e-01   0.0000
 -2.07077846e-01   0.0000
 -3.38631511e-01   0.0000
 -1.76453903e-01   0.0000
  3.97458047e-01   0.0000
  1.54118776e-01   0.0000
  7.47329295e-01   0.0000
 -7.56575121e-03   0.0000
 -2.95555532e-01   0.0000
  2.23095901e-03   0.0000
 -1.14598310e+00   0.0000
  3.26466948e-01   0.0000
 -4.28666407e-03   0.0000
  2.74230480e-01   0.0000
 -5.32282531e-01   0.0000
 -1.53655887e-01   0.0000
 -2.13461980e-01   0.0000
 -3.67471613e-02   0.0000
  3.79359350e-02   0.0000
 -5.72661236e-02   0.0000
  2.01688007e-01   0.0000
  1.97109774e-01   0.0000
  5.12922928e-02   0.0000
 -1.12163767e-01   0.0000
  7.54996598e-01   0.0000
 -4.02385175e-01   0.0000
 -3.61856341e-01   0.0000
 -1.38715774e-01   0.0000
 -1.74637306e-02   0.0000
  1.40963778e-01   0.0000
  4.11584936e-02   0.0000
 -5.42530464e-03   0.0000
 -3.63861740e-01   0.0000
  2.89107144e-01   0.0000
 -1.12702787e+00   0.0000
  5.26287377e-01   0.0000
  6.23285538e-03   0.0000
  3.39094698e-01   0.0000
 -3.80219519e-01   0.0000
 -1.55519634e-01   0.0000
 -1.30698919e-01   0.0000
  1.90463394e-01   0.0000
  1.67259257e-02   0.0000
 -2.01901719e-01   0.0000
  1.18069299e-01   0.0000
  1.19167112e-01   0.0000
 -6.73507666e-03   0.0000
 -3.41128297e-02   0.0000
  7.49800861e-01   0.0000
 -3.63480836e-01   0.0000
 -3.21977943e-01   0.0000
 -1.05007971e-02   0.0000
 -1.96743339e-01   0.0000
  9.87422913e-02   0.0000
 -4.42023695e-01   0.0000
 -1.84770022e-02   0.0000
 -2.21139193e-01   0.0000
  3.59616905e-01   0.0000
 -6.42826557e-01   0.0000
  5.64157009e-01   0.0000
  1.23843532e-02   0.0000
  2.21953422e-01   0.0000
 -1.06317669e-01   0.0000
 -1.22495793e-01   0.0000
 -1.35361925e-02   0.0000
  1.52001247e-01   0.0000
 -4.21602465e-02   0.0000
 -3.96430224e-01   0.0000
  2.02438701e-02   0.0000
  4.41003649e-04   0.0000
 -1.29074737e-01   0.0000
  3.27632576e-02   0.0000
  3.77812028e-01   0.0000
 -2.37873733e-01   0.0000
 -2.23501489e-01   0.0000
  1.55498952e-01   0.0000
 -9.87425819e-02   0.0000
  1.39464401e-02   0.0000
 -6.14436209e-01   0.0000
 -6.27676677e-03   0.0000
 -3.65181379e-02   0.0000
  2.43898690e-01   0.0000
 -1.56387061e-01   0.0000
  4.14495766e-01   0.0000
  1.03985555e-02   0.0000
  1.04531609e-01   0.0000
  6.66250437e-02   0.0000
 -2.67916173e-02   0.0000
  1.72292031e-02   0.0000
  1.35896936e-01   0.0000
 -3.11171487e-02   0.0000
 -4.42960590e-01   0.0000
 -9.20461211e-03   0.0000
 -5.27154421e-03   0.0000
 -1.92693546e-01   0.0000
 -1.01570440e-02   0.0000
  3.36989760e-02   0.0000
 -7.58598372e-02   0.0000
 -1.12356022e-01   0.0000
  2.32326493e-01   0.0000
 -2.13994849e-02   0.0000
 -1.39099117e-02   0.0000
 -4.21245128e-01   0.0000
  6.32558065e-03   0.0000
  6.29029348e-02   0.0000
  9.31627974e-02   0.0000
  7.57353455e-02   0.0000
 -2.00505280e+00   0.0000
  1.30836591e-01   0.0000
 -1.08635986e+00   0.0000
 -8.02031159e-01   0.0000
 -1.17611192e-01   0.0000
 -1.53983757e-01   0.0000
  9.32127118e-01   0.0000
 -1.01022787e-01   0.0000
 -2.60179615e+00   0.0000
  1.67952687e-01   0.0000
 -2.06640344e-02   0.0000
  7.34911188e-02   0.0000
 -1.60217714e+00   0.0000
  9.22425389e-01   0.0000
  9.38408554e-01   0.0000
  1.10732877e+00   0.0000
  1.98508608e+00   0.0000
  9.43632051e-02   0.0000
 -3.80803943e-02   0.0000
  1.27576435e+00   0.0000
  2.14198142e-01   0.0000
  1.75222114e-01   0.0000
  5.90597212e-01   0.0000
  2.65679097e+00   0.0000
 -1.20776522e+00   0.0000
  2.45633408e-01   0.0000
 -6.36354685e-01   0.0000
 -4.56432909e-01   0.0000
  4.47096556e-01   0.0000
 -2.38929410e-02   0.0000
 -4.30169282e-03   0.0000
 -2.92294949e-01   0.0000
  6.94002151e-01   0.0000
 -3.94017398e-02   0.0000
 -1.35814294e-01   0.0000
 -6.25620782e-02   0.0000
 -1.29512060e+00   0.0000
  9.12279785e-01   0.0000
 -4.88579810e-01   0.0000
  7.10759878e-01   0.0000
  3.88061613e-01   0.0000
  2.50332505e-01   0.0000
 -4.61814031e-02   0.0000
  4.26517189e-01   0.0000
  2.06265807e-01   0.0000
  3.10121655e-01   0.0000
  5.19684136e-01   0.0000
 -5.87205470e-01   0.0000
 -1.10008693e+00   0.0000
  2.57779449e-01   0.0000
 -3.87278497e-01   0.0000
 -5.60441613e-01   0.0000
  2.09169134e-01   0.0000
  4.53050388e-03   0.0000
  7.64089599e-02   0.0000
 -2.23444134e-01   0.0000
  5.80960870e-01   0.0000
 -6.04549050e-02   0.0000
 -5.43488003e-02   0.0000
 -7.66431168e-02   0.0000
 -5.64181864e-01   0.0000
  1.05159211e+00   0.0000
 -7.83139765e-01   0.0000
  1.05513990e-01   0.0000
 -7.77507424e-02   0.0000
  9.18486118e-02   0.0000
 -2.78187785e-02   0.0000
  7.05866039e-01   0.0000
  1.92309603e-01   0.0000
  9.60727930e-02   0.0000
  3.87304842e-01   0.0000
 -2.45167923e+00   0.0000
 -9.37145233e-01   0.0000
  1.55943543e-01   0.0000
 -7.83671439e-01   0.0000
 -6.49927735e-01   0.0000
 -2.64559209e-01   0.0000
 -2.05331519e-02   0.0000
  7.10480750e-01   0.0000
 -1.12496912e-01   0.0000
 -5.19132614e-01   0.0000
  1.72168147e-02   0.0000
 -1.08186505e-03   0.0000
 -5.22245578e-02   0.0000
 -1.61336526e-01   0.0000
  5.78699708e-01   0.0000
 -1.52548805e-01   0.0000
 -1.98595986e-01   0.0000
  9.38558131e-02   0.0000
  2.91995704e-01   0.0000
 -1.82813569e-03   0.0000
  9.81737435e-01   0.0000
  1.91912457e-01   0.0000
 -1.12058073e-01   0.0000
  2.22504348e-01   0.0000
 -9.71729875e-01   0.0000
 -6.53946698e-01   0.0000
  4.34589200e-02   0.0000
 -9.73827958e-01   0.0000
 -1.72074124e-01   0.0000
 -6.25709832e-01   0.0000
 -5.74400723e-02   0.0000
  7.89506018e-01   0.0000
 -1.61552474e-01   0.0000
 -9.95343924e-01   0.0000
  1.68544352e-02   0.0000
 -9.27453861e-02   0.0000
 -5.87857217e-02   0.0000
 -1.58982038e-01   0.0000
 -4.53053057e-01   0.0000
  4.31567729e-01   0.0000
 -3.17737132e-01   0.0000
  1.14664920e-01   0.0000
  2.65510976e-01   0.0000
  1.55755281e-02   0.0000
  8.12172115e-01   0.0000
  1.77059203e-01   0.0000
 -1.36665672e-01   0.0000
  2.85100099e-03   0.0000
  3.35966229e-01   0.0000
 -3.25269729e-01   0.0000
  1.92755666e-02   0.0000
 -5.02650857e-01   0.0000
  2.67546505e-01   0.0000
 -5.76560974e-01   0.0000
 -5.32084666e-02   0.0000
  2.34379277e-01   0.0000
 -2.41257221e-01   0.0000
 -3.06109965e-01   0.0000
  9.17639211e-02   0.0000
 -2.04319060e-01   0.0000
 -2.24654917e-02   0.0000
 -1.06431663e-01   0.0000
 -9.61198449e-01   0.0000
  3.99097323e-01   0.0000
 -3.49318564e-01   0.0000
  5.30780517e-02   0.0000
  3.41488510e-01   0.0000
  2.86091417e-02   0.0000
  5.20253539e-01   0.0000
  1.44557357e-01   0.0000
 -3.70253436e-02   0.0000
  1.05902448e-03   0.0000
  2.22255513e-02   0.0000
 -1.91912770e-01   0.0000
  3.35669592e-02   0.0000
 -7.66999945e-02   0.0000
  3.56621593e-01   0.0000
 -3.20198327e-01   0.0000
 -8.60977247e-02   0.0000
 -5.89150012e-01   0.0000
 -1.72633544e-01   0.0000
  6.94599211e-01   0.0000
  1.07071988e-01   0.0000
 -1.93967760e-01   0.0000
  1.84959173e-01   0.0000
  1.19632646e-01   0.0000
 -6.92181051e-01   0.0000
  1.28853187e-01   0.0000
 -3.19527894e-01   0.0000
 -3.64634424e-01   0.0000
  9.59534869e-02   0.0000
  2.41968371e-02   0.0000
  3.55049402e-01   0.0000
  1.28798991e-01   0.0000
  1.50577277e-02   0.0000
  8.52915868e-02   0.0000
 -9.13024485e-01   0.0000
 -2.80488163e-01   0.0000
  4.91712335e-03   0.0000
  1.02509603e-01   0.0000
  1.77099928e-01   0.0000
 -4.21231128e-02   0.0000
 -5.70690967e-02   0.0000
 -9.08660114e-01   0.0000
 -6.27685012e-03   0.0000
  1.22500467e+00   0.0000
  8.84563178e-02   0.0000
 -6.26035333e-02   0.0000
  3.51564646e-01   0.0000
  2.49909177e-01   0.0000
 -1.72704384e-01   0.0000
 -1.95560783e-01   0.0000
 -2.88398772e-01   0.0000
 -5.76430559e-01   0.0000
 -1.41892657e-01   0.0000
  6.72839768e-03   0.0000
  3.37657690e-01   0.0000
  7.49715194e-02   0.0000
  3.76846194e-02   0.0000
  1.26902610e-01   0.0000
 -1.26999652e+00   0.0000
  3.26341391e+00   0.0000
  3.13895084e-02   0.0000
  1.77166116e+00   0.0000
  1.80375922e+00   0.0000
 -1.22266448e+00   0.0000
 -5.08111894e-01   0.0000
  3.47016066e-01   0.0000
  3.82626444e-01   0.0000
  1.37941015e+00   0.0000
  3.90043765e-01   0.0000
  2.37900168e-01   0.0000
  8.77738774e-01   0.0000
  6.38739049e-01   0.0000
 -1.53282443e-02   0.0000
 -3.79920363e-01   0.0000
  3.44635756e-03   0.0000
 -3.17806780e-01   0.0000
  2.27857876e+00   0.0000
  2.36128032e-01   0.0000
 -3.39938700e-01   0.0000
  4.46534574e-01   0.0000
 -8.07531178e-01   0.0000
  3.20987225e-01   0.0000
  2.57333803e+00   0.0000
  8.04589450e-01   0.0000
  2.33033821e-01   0.0000
  7.48742759e-01   0.0000
  8.93562794e-01   0.0000
  4.07791138e-01   0.0000
 -2.43549392e-01   0.0000
 -2.16467634e-01   0.0000
  3.04929584e-01   0.0000
  1.07832217e+00   0.0000
  7.93614835e-02   0.0000
  1.74457207e-01   0.0000
  4.05888408e-01   0.0000
 -7.82012567e-02   0.0000
 -4.21908259e-01   0.0000
 -1.57847500e+00   0.0000
  1.00280829e-01   0.0000
 -3.20223540e-01   0.0000
 -5.28009236e-01   0.0000
  1.66966617e-01   0.0000
  1.46036655e-01   0.0000
  4.63510245e-01   0.0000
 -6.25642419e-01   0.0000
 -3.01841080e-01   0.0000
 -3.27779531e-01   0.0000
  8.75170827e-01   0.0000
  1.25046253e-01   0.0000
 -4.81675714e-01   0.0000
  2.07378447e-01   0.0000
  7.11076558e-01   0.0000
 -2.03657076e-02   0.0000
  8.43378067e-01   0.0000
  4.31327194e-01   0.0000
  2.63999134e-01   0.0000
 -2.56708562e-01   0.0000
  1.58323929e-01   0.0000
 -3.51824611e-01   0.0000
 -4.99127597e-01   0.0000
 -2.11996675e-01   0.0000
 -3.66415739e-01   0.0000
  6.32302880e-01   0.0000
 -9.87013876e-01   0.0000
  4.68897462e-01   0.0000
  5.38829193e-02   0.0000
 -2.16473177e-01   0.0000
  3.41354549e-01   0.0000
 -5.38216650e-01   0.0000
 -7.17770100e-01   0.0000
  1.15351744e-01   0.0000
  1.03295040e+00   0.0000
  3.09781712e-02   0.0000
  1.32738188e-01   0.0000
 -1.76586896e-01   0.0000
  1.74324542e-01   0.0000
  1.08433843e-01   0.0000
  6.46261215e-01   0.0000
  4.27916586e-01   0.0000
  4.76177782e-01   0.0000
 -2.97206461e-01   0.0000
  1.13739148e-01   0.0000
 -2.49884188e-01   0.0000
 -4.60556954e-01   0.0000
  8.11990872e-02   0.0000
  4.97054448e-03   0.0000
 -2.96598077e-01   0.0000
 -4.71857727e-01   0.0000
 -4.73233849e-01   0.0000
  1.43733444e-02   0.0000
 -7.11632073e-01   0.0000
  2.05642879e-01   0.0000
 -5.63153565e-01   0.0000
 -2.70923138e-01   0.0000
 -2.90818304e-01   0.0000
  8.01782072e-01   0.0000
  3.60269137e-02   0.0000
  3.80666107e-01   0.0000
 -1.75365597e-01   0.0000
 -1.75586402e-01   0.0000
  1.25286326e-01   0.0000
 -5.32500982e-01   0.0000
  2.64962405e-01   0.0000
 -1.45286500e-01   0.0000
 -1.78670615e-01   0.0000
  7.15708919e-03   0.0000
  6.39925539e-01   0.0000
 -5.05469561e-01   0.0000
 -4.47665632e-01   0.0000
  1.11723460e-01   0.0000
 -1.02091372e+00   0.0000
 -4.80273575e-01   0.0000
 -8.52504075e-01   0.0000
  5.42987697e-03   0.0000
 -1.15081728e-01   0.0000
  1.43598452e-01   0.0000
 -4.88967359e-01   0.0000
  4.92063127e-02   0.0000
  1.28801152e-01   0.0000
  2.11667359e-01   0.0000
  4.62716073e-02   0.0000
  3.13077241e-01   0.0000
 -9.89525169e-02   0.0000
 -1.94308385e-01   0.0000
  1.65321138e-02   0.0000
 -1.15251637e+00   0.0000
  1.49805620e-01   0.0000
 -6.67915106e-01   0.0000
 -6.62197620e-02   0.0000
  1.05636362e-02   0.0000
  1.06687009e+00   0.0000
 -3.28330457e-01   0.0000
 -2.89986223e-01   0.0000
  3.07730347e-01   0.0000
 -8.56454611e-01   0.0000
 -3.97327691e-01   0.0000
  6.85720682e-01   0.0000
  8.23805481e-03   0.0000
  2.25343004e-01   0.0000
  1.94097027e-01   0.0000
 -2.86855429e-01   0.0000
  2.54607707e-01   0.0000
  8.41182411e-01   0.0000
  3.55735533e-02   0.0000
  5.60382195e-02   0.0000
  1.47004202e-01   0.0000
  3.06829274e-01   0.0000
 -7.90140182e-02   0.0000
 -1.18964233e-01   0.0000
 -5.38412392e-01   0.0000
  6.38035014e-02   0.0000
 -9.14908201e-02   0.0000
  2.07075402e-02   0.0000
  1.54363113e-02   0.0000
  7.61942565e-01   0.0000
 -2.94656307e-01   0.0000
  2.96758506e-02   0.0000
  4.03131783e-01   0.0000
 -1.50846899e-01   0.0000
  2.03794926e-01   0.0000
  1.50236344e+00   0.0000
 -5.70241036e-03   0.0000
 -4.98214036e-01   0.0000
  2.28338063e-01   0.0000
 -8.15320462e-02   0.0000
  4.49637294e-01   0.0000
  1.43133783e+00   0.0000
 -1.80013254e-02   0.0000
  1.68749914e-02   0.0000
  7.00368434e-02   0.0000
  4.07934904e-01   0.0000
 -1.35351671e-02   0.0000
 -1.36358738e-01   0.0000
 -2.45631766e-02   0.0000
  3.36471908e-02   0.0000
  4.54368979e-01   0.0000
  9.03603807e-02   0.0000
  3.65911648e-02   0.0000
  4.52517658e-01   0.0000
 -4.44830470e-02   0.0000
  2.31038824e-01   0.0000
  3.94594878e-01   0.0000
  2.51826257e-01   0.0000
  6.42438769e-01   0.0000
  6.21385992e-01   0.0000
 -3.90605698e-03   0.0000
 -6.78849816e-01   0.0000
  2.16369152e-01   0.0000
  2.29182560e-02   0.0000
  3.79748255e-01   0.0000
  1.31690526e+00   0.0000
 -8.69008541e-01   0.0000
  1.17459571e+00   0.0000
  1.51243389e+00   0.0000
 -1.95866144e+00   0.0000
  1.60678363e+00   0.0000
  5.10886252e-01   0.0000
  6.84918463e-01   0.0000
  1.24441004e+00   0.0000
 -6.25058711e-01   0.0000
 -5.64905047e-01   0.0000
  1.08528113e+00   0.0000
  2.66796023e-01   0.0000
  4.25224572e-01   0.0000
  2.07852578e+00   0.0000
 -2.32022271e-01   0.0000
  9.44763243e-01   0.0000
  1.84758222e+00   0.0000
  1.94735694e+00   0.0000
 -2.03751981e-01   0.0000
 -2.30946794e-01   0.0000
 -4.28256601e-01   0.0000
 -3.70242804e-01   0.0000
  6.45069718e-01   0.0000
  4.33778000e+00   0.0000
 -3.17401469e-01   0.0000
 -3.78344774e-01   0.0000
 -1.28284923e-03   0.0000
  7.37772090e-03   0.0000
 -2.15958610e-01   0.0000
  9.77345929e-03   0.0000
  2.65797764e-01   0.0000
 -7.29326010e-02   0.0000
 -4.36829835e-01   0.0000
  2.45399238e-03   0.0000
  2.59288132e-01   0.0000
 -1.68892905e-01   0.0000
  2.93412447e-01   0.0000
  2.63529211e-01   0.0000
  1.73216507e-01   0.0000
  3.08677226e-01   0.0000
 -8.70850921e-01   0.0000
  7.76650488e-01   0.0000
  1.80554375e-01   0.0000
 -3.09919208e-01   0.0000
 -2.28556129e-03   0.0000
 -2.00435415e-01   0.0000
  8.28572154e-01   0.0000
  2.15173572e-01   0.0000
  1.14260800e-01   0.0000
 -2.33881343e-02   0.0000
  6.48141466e-03   0.0000
 -6.86209183e-04   0.0000
  2.28069946e-01   0.0000
  8.50495067e-04   0.0000
 -8.37333724e-02   0.0000
  2.42207274e-02   0.0000
  2.23259509e-01   0.0000
 -4.60486347e-03   0.0000
 -2.26945505e-01   0.0000
  6.27110973e-02   0.0000
 -2.19934195e-01   0.0000
 -1.47273824e-01   0.0000
 -2.48671491e-02   0.0000
 -1.45218715e-01   0.0000
  3.07702184e-01   0.0000
 -1.49299935e-01   0.0000
 -6.37593269e-02   0.0000
  1.47505954e-01   0.0000
 -4.64917393e-03   0.0000
  7.59301633e-02   0.0000
 -3.97442505e-02   0.0000
 -1.25900760e-01   0.0000
  3.10904711e-01   0.0000
  8.18761349e-01   0.0000
  5.46968542e-02   0.0000
  2.91239261e-03   0.0000
 -2.91389879e-05   0.0000
  1.58356456e-03   0.0000
 -4.85310137e-01   0.0000
  1.21036638e-02   0.0000
  1.48119563e-02   0.0000
  1.66842749e-03   0.0000
 -5.33298664e-02   0.0000
  7.39336654e-04   0.0000
 -2.84745377e-02   0.0000
  5.56850759e-03   0.0000
 -9.95424576e-04   0.0000
 -7.99800083e-03   0.0000
 -7.98424184e-01   0.0000
 -1.29126990e+00   0.0000
  7.26801343e-03   0.0000
  6.20417111e-02   0.0000
 -1.84260262e-03   0.0000
 -7.43814919e-04   0.0000
 -1.28427839e+00   0.0000
 -1.04901185e-02   0.0000
 -5.12496531e-01   0.0000
 -4.49213624e-01   0.0000
 -1.70550607e-02   0.0000
  4.26338566e-03   0.0000
 -4.10244800e-02   0.0000
  3.13518918e-03   0.0000
  5.21343410e-01   0.0000
 -1.79529097e-02   0.0000
 -1.76249415e-01   0.0000
  4.56573500e-04   0.0000
  2.97377586e-01   0.0000
 -3.34435925e-02   0.0000
  1.60559729e-01   0.0000
  7.83669949e-02   0.0000
  3.20291854e-02   0.0000
  9.29195285e-01   0.0000
 -7.67987847e-01   0.0000
  5.68990231e-01   0.0000
  4.22361195e-02   0.0000
 -3.55471522e-01   0.0000
 -8.54972750e-03   0.0000
 -4.15561944e-02   0.0000
  6.57239199e-01   0.0000
  3.70131470e-02   0.0000
  2.00428903e-01   0.0000
  7.04042017e-01   0.0000
 -6.07196614e-03   0.0000
 -4.91856784e-03   0.0000
  6.12210075e-04   0.0000
 -9.51394439e-03   0.0000
 -6.60522640e-01   0.0000
  3.21852160e-03   0.0000
  3.18152597e-03   0.0000
 -6.33628049e-04   0.0000
  1.22538907e-02   0.0000
 -4.56067640e-03   0.0000
 -2.56218668e-02   0.0000
 -1.12985875e-02   0.0000
  2.83435243e-03   0.0000
 -1.62404358e-01   0.0000
  1.01493394e+00   0.0000
 -8.25540304e-01   0.0000
 -7.11796631e-04   0.0000
  1.80822369e-02   0.0000
  6.04888098e-03   0.0000
 -4.63434588e-03   0.0000
 -9.45946693e-01   0.0000
  3.18640238e-03   0.0000
 -2.50829428e-01   0.0000
  3.03885639e-01   0.0000
  9.48541216e-04   0.0000
  6.26393706e-02   0.0000
 -2.61322379e-01   0.0000
  4.37840112e-02   0.0000
  2.17471063e-01   0.0000
 -1.85080186e-01   0.0000
 -3.22959691e-01   0.0000
 -2.14881566e-03   0.0000
  2.85234839e-01   0.0000
 -2.68549293e-01   0.0000
  2.04349533e-01   0.0000
  3.14344406e-01   0.0000
  1.85325742e-01   0.0000
  6.35432065e-01   0.0000
 -5.75678766e-01   0.0000
 -5.99326372e-01   0.0000
  2.66166240e-01   0.0000
 -3.49710613e-01   0.0000
 -6.77476004e-02   0.0000
 -2.30490863e-01   0.0000
 -6.85367882e-01   0.0000
  2.57562280e-01   0.0000
 -3.36445898e-01   0.0000
 -1.39127588e+00   0.0000
  1.47814339e-03   0.0000
  1.80500690e-02   0.0000
 -3.84049229e-02   0.0000
  1.19287930e-02   0.0000
  9.45377588e-01   0.0000
 -2.97595244e-02   0.0000
 -7.41742849e-02   0.0000
  3.70725319e-02   0.0000
  2.01848418e-01   0.0000
 -4.09578197e-02   0.0000
  5.58428541e-02   0.0000
  4.80725542e-02   0.0000
  3.50336246e-02   0.0000
  2.14575067e-01   0.0000
  5.93305640e-02   0.0000
  1.54308701e+00   0.0000
  4.49704863e-02   0.0000
 -1.56757712e-01   0.0000
 -8.56179220e-04   0.0000
 -4.09269780e-02   0.0000
  1.67745245e+00   0.0000
  4.44816723e-02   0.0000
  2.46967435e-01   0.0000
  8.52858901e-01   0.0000
 -4.26569983e-04   0.0000
  1.02498299e-04   0.0000
 -1.09306455e-01   0.0000
 -6.76570693e-04   0.0000
 -6.17728829e-01   0.0000
 -7.25245997e-02   0.0000
 -1.32463381e-01   0.0000
  2.61537824e-03   0.0000
  9.67434645e-02   0.0000
 -1.17208481e-01   0.0000
  1.02273889e-01   0.0000
  1.21233784e-01   0.0000
  6.40324131e-02   0.0000
 -5.85265718e-02   0.0000
 -7.07741827e-02   0.0000
 -9.00824845e-01   0.0000
  9.76889729e-02   0.0000
 -1.20514363e-01   0.0000
 -8.79378337e-03   0.0000
 -7.88028538e-02   0.0000
 -9.43001926e-01   0.0000
  1.02614388e-01   0.0000
  6.41248584e-01   0.0000
  1.77356684e+00   0.0000
 -1.99995251e-04   0.0000
  1.84845701e-02   0.0000
 -3.52896191e-02   0.0000
  1.51634272e-02   0.0000
 -1.39978147e+00   0.0000
 -4.52758446e-02   0.0000
  2.36766948e-03   0.0000
  3.34325666e-03   0.0000
  5.67200929e-02   0.0000
 -4.57080454e-02   0.0000
  6.21663034e-02   0.0000
  3.89628671e-02   0.0000
  4.23463024e-02   0.0000
 -1.17485963e-01   0.0000
  2.86175251e-01   0.0000
 -1.97339022e+00   0.0000
  3.84405814e-02   0.0000
 -1.41243607e-01   0.0000
 -2.31092423e-02   0.0000
 -4.01027352e-02   0.0000
 -2.07768154e+00   0.0000
  4.93632481e-02   0.0000
  2.16195196e-01   0.0000
 -3.95865381e-01   0.0000
 -6.94424554e-04   0.0000
 -7.32505741e-03   0.0000
  2.28005648e-01   0.0000
 -3.76592278e-02   0.0000
  5.95700257e-02   0.0000
  1.63395375e-01   0.0000
  2.73176938e-01   0.0000
 -2.48283171e-03   0.0000
 -1.88177630e-01   0.0000
  2.37856433e-01   0.0000
 -2.17268720e-01   0.0000
 -2.92842925e-01   0.0000
 -1.65842339e-01   0.0000
 -4.96111333e-01   0.0000
  3.87247384e-01   0.0000
  5.08529961e-01   0.0000
 -2.25424811e-01   0.0000
  3.14147681e-01   0.0000
  4.71167639e-02   0.0000
  2.48666346e-01   0.0000
  6.12326860e-01   0.0000
 -2.36992553e-01   0.0000
  2.90497363e-01   0.0000
  7.43158579e-01   0.0000
 -5.50975965e-04   0.0000
  2.38551502e-03   0.0000
 -6.24578707e-02   0.0000
  3.68254283e-03   0.0000
 -5.17002463e-01   0.0000
 -4.23024744e-02   0.0000
 -6.99693784e-02   0.0000
  1.27514289e-03   0.0000
  3.43565308e-02   0.0000
 -6.35640994e-02   0.0000
  4.20285538e-02   0.0000
  6.87482208e-02   0.0000
  3.66058871e-02   0.0000
 -3.40648443e-01   0.0000
  2.74019212e-01   0.0000
 -8.01728249e-01   0.0000
  9.46763158e-02   0.0000
 -3.19255292e-02   0.0000
 -2.88774609e-03   0.0000
 -1.11426271e-01   0.0000
 -8.89056742e-01   0.0000
  4.76870500e-02   0.0000
  1.97612703e-01   0.0000
  5.60874701e-01   0.0000
  1.57309342e-02   0.0000
 -1.05981022e-01   0.0000
  7.89990202e-02   0.0000
  8.20087327e-04   0.0000
 -6.90893829e-01   0.0000
  1.96554866e-02   0.0000
  9.13586020e-02   0.0000
 -1.84620358e-02   0.0000
 -2.69506454e-01   0.0000
  6.55534044e-02   0.0000
 -1.36760741e-01   0.0000
 -1.60761967e-01   0.0000
 -2.10315045e-02   0.0000
 -7.64542699e-01   0.0000
  2.88884372e-01   0.0000
 -5.77098191e-01   0.0000
 -3.75174806e-02   0.0000
  4.44537610e-01   0.0000
  3.35223190e-02   0.0000
  3.44471447e-02   0.0000
 -6.11825407e-01   0.0000
 -4.78758290e-02   0.0000
  4.24572587e-01   0.0000
  1.12614071e+00   0.0000
 -5.49529539e-03   0.0000
 -1.50880311e-03   0.0000
 -5.00670960e-03   0.0000
 -1.23966429e-02   0.0000
 -1.20743692e+00   0.0000
  1.47526152e-02   0.0000
 -3.40146162e-02   0.0000
 -3.33573436e-03   0.0000
 -1.73792616e-01   0.0000
  6.60793018e-03   0.0000
 -1.37890652e-02   0.0000
 -2.03851406e-02   0.0000
 -9.59379226e-03   0.0000
  6.54100701e-02   0.0000
 -4.33423579e-01   0.0000
 -8.72436047e-01   0.0000
  4.34856978e-04   0.0000
  2.04650998e-01   0.0000
  1.66766327e-02   0.0000
  3.45028681e-03   0.0000
 -8.51103723e-01   0.0000
 -1.05873039e-02   0.0000
  8.09042335e-01   0.0000
  1.07054007e+00   0.0000
  1.95283396e-03   0.0000
  1.69051380e-03   0.0000
  3.14493515e-02   0.0000
  1.38067082e-02   0.0000
 -9.64145541e-01   0.0000
 -1.71610098e-02   0.0000
  1.71737477e-01   0.0000
  8.48562049e-05   0.0000
 -9.89224538e-02   0.0000
 -1.24307824e-02   0.0000
 -3.67596336e-02   0.0000
 -2.60587521e-02   0.0000
  1.47863282e-02   0.0000
 -1.04598498e+00   0.0000
  7.35687613e-01   0.0000
 -1.37914550e+00   0.0000
 -2.04131147e-03   0.0000
  2.98886061e-01   0.0000
 -1.07019339e-02   0.0000
 -7.19151139e-05   0.0000
 -1.41272736e+00   0.0000
 -1.80371548e-03   0.0000
 -1.24566503e-01   0.0000
 -7.65093565e-01   0.0000
 -2.08639447e-03   0.0000
  1.33563275e-03   0.0000
  1.79183483e-03   0.0000
  5.90977957e-03   0.0000
 -1.10867910e-01   0.0000
 -1.08388122e-02   0.0000
 -2.79150438e-02   0.0000
  1.15968275e-03   0.0000
  1.21397920e-01   0.0000
 -1.35147823e-02   0.0000
  2.86396798e-02   0.0000
 -8.16476811e-03   0.0000
  1.52311418e-02   0.0000
  2.74286091e-01   0.0000
 -5.56034267e-01   0.0000
  1.05000293e+00   0.0000
  5.49519388e-03   0.0000
 -6.19268455e-02   0.0000
  5.99460397e-03   0.0000
 -1.17128817e-02   0.0000
  1.13063109e+00   0.0000
  6.69678720e-03   0.0000
 -9.11971509e-01   0.0000
 -7.70850122e-01   0.0000
  1.49839639e-03   0.0000
  2.20136810e-02   0.0000
 -1.42241105e-01   0.0000
  2.95245741e-02   0.0000
  9.73406494e-01   0.0000
 -8.78681466e-02   0.0000
 -1.98158413e-01   0.0000
  1.68300024e-03   0.0000
  3.23414475e-01   0.0000
 -1.16089270e-01   0.0000
  2.66889393e-01   0.0000
  2.17916697e-01   0.0000
  8.91617313e-02   0.0000
  8.22230577e-01   0.0000
 -2.13117778e-01   0.0000
  6.94847524e-01   0.0000
  1.11929089e-01   0.0000
 -3.70336503e-01   0.0000
 -3.50060239e-02   0.0000
 -1.09737128e-01   0.0000
  6.36119008e-01   0.0000
  1.19657882e-01   0.0000
 -1.11053813e+00   0.0000
 -1.65421307e+00   0.0000
  4.05648956e-03   0.0000
  8.04777443e-03   0.0000
 -2.11477578e-01   0.0000
  7.82687403e-03   0.0000
  1.51613414e+00   0.0000
 -2.62518693e-02   0.0000
 -3.56927544e-01   0.0000
  1.83761539e-03   0.0000
  2.23139077e-01   0.0000
 -9.02356505e-02   0.0000
  1.46581411e-01   0.0000
  1.08253136e-01   0.0000
  1.09910525e-01   0.0000
  8.37899864e-01   0.0000
 -8.13136101e-01   0.0000
  1.65801358e+00   0.0000
  1.40614972e-01   0.0000
 -3.04849863e-01   0.0000
 -6.83512911e-03   0.0000
 -1.22656129e-01   0.0000
  1.70758939e+00   0.0000
  1.04453549e-01   0.0000
 -1.10104740e+00   0.0000
 -2.21820354e+00   0.0000
 -2.95186732e-02   0.0000
  7.24335015e-02   0.0000
 -1.34718284e-01   0.0000
  2.83388328e-02   0.0000
  1.88629472e+00   0.0000
 -5.78488931e-02   0.0000
 -2.21352339e-01   0.0000
  4.07001330e-03   0.0000
  4.58843052e-01   0.0000
 -7.04319924e-02   0.0000
  2.69360095e-01   0.0000
  1.43024832e-01   0.0000
  5.42740747e-02   0.0000
  1.05147874e+00   0.0000
 -9.31705713e-01   0.0000
  2.39369321e+00   0.0000
  7.09363744e-02   0.0000
 -6.63679898e-01   0.0000
 -2.02012695e-02   0.0000
 -6.70394078e-02   0.0000
  2.48006868e+00   0.0000
  8.71720836e-02   0.0000
  1.16657086e-01   0.0000
 -1.94697037e-01   0.0000
 -3.39365477e-04   0.0000
 -4.80698943e-02   0.0000
  1.89159214e-01   0.0000
 -2.04099268e-02   0.0000
 -2.06274465e-01   0.0000
  1.35441855e-01   0.0000
  2.10161537e-01   0.0000
 -8.81357235e-04   0.0000
 -1.85262382e-01   0.0000
  1.76615760e-01   0.0000
 -1.49955362e-01   0.0000
 -2.37045541e-01   0.0000
 -1.34200051e-01   0.0000
 -4.09266055e-01   0.0000
  4.32704628e-01   0.0000
  4.43078965e-01   0.0000
 -1.80091113e-01   0.0000
  2.38804892e-01   0.0000
  1.56379454e-02   0.0000
  1.73681840e-01   0.0000
  5.40206075e-01   0.0000
 -1.72980472e-01   0.0000
  5.29023826e-01   0.0000
  1.48429608e+00   0.0000
 -3.17612110e-04   0.0000
 -7.02922791e-02   0.0000
  2.92041957e-01   0.0000
 -2.42083631e-02   0.0000
 -9.42207277e-01   0.0000
  1.17431477e-01   0.0000
  4.40792859e-01   0.0000
 -2.97151282e-02   0.0000
 -4.23473239e-01   0.0000
  1.91298008e-01   0.0000
 -4.17603314e-01   0.0000
 -4.31640357e-01   0.0000
 -1.54790506e-01   0.0000
 -9.39261615e-01   0.0000
  1.02129793e+00   0.0000
 -1.63585877e+00   0.0000
 -1.90333307e-01   0.0000
  5.94626606e-01   0.0000
  2.46096477e-02   0.0000
  1.72589079e-01   0.0000
 -1.73082507e+00   0.0000
 -2.58835018e-01   0.0000
  3.73841971e-01   0.0000
 -7.22168088e-02   0.0000
  4.31544241e-03   0.0000
 -2.99474467e-02   0.0000
  3.49138647e-01   0.0000
 -4.56118397e-02   0.0000
 -2.89026946e-01   0.0000
  1.77719980e-01   0.0000
  4.04717028e-01   0.0000
  1.39183260e-03   0.0000
 -3.16306800e-01   0.0000
  2.82634765e-01   0.0000
 -3.49767238e-01   0.0000
 -4.22218949e-01   0.0000
 -1.88151762e-01   0.0000
 -6.99742854e-01   0.0000
  8.55812728e-01   0.0000
  2.18545064e-01   0.0000
 -3.10992956e-01   0.0000
  3.59853655e-01   0.0000
  5.16834185e-02   0.0000
  2.44492024e-01   0.0000
  3.52742851e-01   0.0000
 -3.30341846e-01   0.0000
  5.51144242e-01   0.0000
  9.50282753e-01   0.0000
 -4.08946238e-02   0.0000
  1.01409201e-02   0.0000
  1.98476110e-02   0.0000
 -3.95735120e-03   0.0000
 -4.12073135e-01   0.0000
  1.14648137e-02   0.0000
  7.05798939e-02   0.0000
  7.31362263e-04   0.0000
 -1.82670075e-02   0.0000
  2.22226921e-02   0.0000
 -2.23390628e-02   0.0000
 -3.63640822e-02   0.0000
 -1.21694813e-02   0.0000
 -3.81208032e-01   0.0000
  1.38722286e-01   0.0000
 -1.13766372e+00   0.0000
 -1.18266918e-01   0.0000
  1.89969577e-02   0.0000
  1.85445382e-03   0.0000
  1.02670960e-01   0.0000
 -1.33155668e+00   0.0000
 -2.52298843e-02   0.0000
  4.40575570e-01   0.0000
  5.98650336e-01   0.0000
 -1.33432914e-04   0.0000
  4.56694019e-04   0.0000
 -2.28857435e-02   0.0000
  2.94031401e-04   0.0000
 -3.31349432e-01   0.0000
 -2.74536759e-03   0.0000
  2.40039136e-02   0.0000
  1.86121545e-03   0.0000
  6.43584877e-03   0.0000
 -7.76736625e-03   0.0000
  8.61660764e-03   0.0000
  3.98223586e-02   0.0000
  5.60987135e-03   0.0000
 -3.55857521e-01   0.0000
 -1.32500246e-01   0.0000
 -9.34418440e-01   0.0000
  1.49908261e-02   0.0000
  7.59752989e-02   0.0000
  1.96438562e-03   0.0000
 -9.95542575e-03   0.0000
 -9.73936558e-01   0.0000
  1.35781346e-02   0.0000
 -5.85652590e-01   0.0000
 -1.65758359e+00   0.0000
 -9.74967051e-03   0.0000
 -6.92292070e-03   0.0000
  1.72944553e-02   0.0000
 -4.13581682e-03   0.0000
  6.22435153e-01   0.0000
  1.67013947e-02   0.0000
 -4.23174053e-02   0.0000
 -3.38022364e-03   0.0000
  5.80684617e-02   0.0000
  1.32180806e-02   0.0000
  5.54578612e-03   0.0000
 -7.29027856e-03   0.0000
 -1.59074701e-02   0.0000
  3.46466243e-01   0.0000
  5.02507746e-01   0.0000
  2.22364450e+00   0.0000
 -1.81175750e-02   0.0000
 -1.69473410e-01   0.0000
  8.37286375e-03   0.0000
  2.06703451e-02   0.0000
  2.41000032e+00   0.0000
 -2.13504471e-02   0.0000
  3.84138912e-01   0.0000
  1.63070455e-01   0.0000
 -2.09719151e-01   0.0000
  2.90221738e-04   0.0000
  5.02116978e-01   0.0000
 -1.54311284e-01   0.0000
 -1.16788574e-01   0.0000
  4.56871003e-01   0.0000
  4.74794656e-01   0.0000
 -8.31735786e-03   0.0000
 -8.59398395e-03   0.0000
  4.47596520e-01   0.0000
 -2.65367121e-01   0.0000
 -5.16321957e-01   0.0000
 -4.82538730e-01   0.0000
 -6.52442694e-01   0.0000
  1.17138505e+00   0.0000
 -5.52446723e-01   0.0000
 -6.99004650e-01   0.0000
  6.60235807e-02   0.0000
  9.33579728e-02   0.0000
  5.83861172e-01   0.0000
 -7.39022434e-01   0.0000
 -4.41281497e-01   0.0000
  2.23122573e+00   0.0000
  4.26058245e+00   0.0000
 -4.00254875e-02   0.0000
 -1.89204723e-01   0.0000
  1.05409265e+00   0.0000
 -2.20153183e-01   0.0000
 -3.39723992e+00   0.0000
  6.44558012e-01   0.0000
  1.19365442e+00   0.0000
 -8.41417611e-02   0.0000
 -1.00127614e+00   0.0000
  9.04367745e-01   0.0000
 -9.78646219e-01   0.0000
 -1.30114639e+00   0.0000
 -6.79370642e-01   0.0000
 -3.01559496e+00   0.0000
  3.24340439e+00   0.0000
 -4.83275700e+00   0.0000
 -9.97425556e-01   0.0000
  1.38946223e+00   0.0000
  2.32350230e-01   0.0000
  8.76486540e-01   0.0000
 -5.22904444e+00   0.0000
 -9.46041644e-01   0.0000
  0.00000000e+00   0.0000

