 5 0.000000 1
 1 
 Si 28.085500
 0 0.250001 4.500000 0.978124 1.000000 
 5 0 1 2 4 6
 8 2.25000 2.50000 2.75000 3.00000 3.25000 3.50000 3.75000 4.00000
 1 12.169200 6.172630 3.114710 0.755675 0.404939 0.036124 0.650018 0.572890
 4 40 24 24 1
 -7.64626741e-01   0.0000
  3.67283463e-01   0.0000
  1.09343731e+00   0.0000
  8.89677703e-02   0.0000
 -2.10552835e+00   0.0000
 -2.61585810e-03   0.0000
 -1.20326972e+00   0.0000
 -1.46883994e-01   0.0000
 -7.80481458e-01   0.0000
  1.10060703e-02   0.0000
  7.21304417e-02   0.0000
  2.95508325e-01   0.0000
  1.02859855e+00   0.0000
 -8.75209749e-01   0.0000
 -8.06300819e-01   0.0000
 -4.00929838e-01   0.0000
 -2.00405121e-01   0.0000
 -1.97730839e+00   0.0000
  9.62659717e-02   0.0000
  1.07865787e+00   0.0000
 -8.24053586e-02   0.0000
 -1.55682671e+00   0.0000
  5.52125216e-01   0.0000
 -3.76591444e-01   0.0000
 -2.86500752e-01   0.0000
  5.02348602e-01   0.0000
 -4.07608189e-02   0.0000
  6.98712051e-01   0.0000
  2.95999110e-01   0.0000
 -4.19046655e-02   0.0000
 -3.74342501e-01   0.0000
 -7.94092774e-01   0.0000
  3.43477011e-01   0.0000
  8.51688609e-02   0.0000
 -5.75494885e-01   0.0000
 -4.34877276e-01   0.0000
 -1.57931983e-01   0.0000
 -1.67306280e+00   0.0000
 -7.21280128e-02   0.0000
  8.74098539e-01   0.0000
  4.32429403e-01   0.0000
  6.94189787e-01   0.0000
  1.48999959e-01   0.0000
 -4.04145531e-02   0.0000
  1.86385706e-01   0.0000
 -1.45888495e+00   0.0000
 -7.32643783e-01   0.0000
 -2.89608091e-01   0.0000
 -4.01873916e-01   0.0000
  3.83423358e-01   0.0000
 -3.81339937e-01   0.0000
  6.31296217e-01   0.0000
  1.16501236e+00   0.0000
 -2.27039263e-01   0.0000
 -7.03215748e-02   0.0000
 -1.00947404e+00   0.0000
  6.47902966e-01   0.0000
  3.99550050e-01   0.0000
 -8.53815913e-01   0.0000
 -5.07101834e-01   0.0000
 -4.95488226e-01   0.0000
 -1.36417401e+00   0.0000
  3.74165066e-02   0.0000
  1.06811798e+00   0.0000
 -1.71910360e-01   0.0000
  1.31957400e+00   0.0000
  1.73083171e-01   0.0000
 -5.99071383e-01   0.0000
  4.95494872e-01   0.0000
 -1.29154038e+00   0.0000
 -1.15863204e+00   0.0000
 -8.72850001e-01   0.0000
 -5.70412278e-01   0.0000
  2.79277086e-01   0.0000
 -2.92582095e-01   0.0000
  3.25726196e-02   0.0000
  6.88093066e-01   0.0000
 -3.70830685e-01   0.0000
  9.03672278e-02   0.0000
 -4.23680186e-01   0.0000
  8.29411268e-01   0.0000
  3.98570567e-01   0.0000
 -3.58312607e-01   0.0000
 -1.24722824e-01   0.0000
  1.15933158e-01   0.0000
  3.19758296e-01   0.0000
  5.38729802e-02   0.0000
  1.61299095e-01   0.0000
 -9.32651520e-01   0.0000
  4.65046972e-01   0.0000
  2.60809422e-01   0.0000
 -4.74065319e-02   0.0000
  6.80391610e-01   0.0000
 -1.19975364e+00   0.0000
 -3.83513510e-01   0.0000
 -8.74991894e-01   0.0000
 -1.84681833e-01   0.0000
  1.08036026e-01   0.0000
 -2.00511351e-01   0.0000
 -3.37335646e-01   0.0000
 -3.15801501e-01   0.0000
 -3.59084696e-01   0.0000
  5.91935396e-01   0.0000
 -2.45763615e-01   0.0000
  4.69289333e-01   0.0000
  2.22442001e-01   0.0000
 -1.91177115e-01   0.0000
 -2.26513505e-01   0.0000
  3.68438482e-01   0.0000
  7.58133411e-01   0.0000
  1.65057197e-01   0.0000
 -4.80722874e-01   0.0000
  6.81698620e-02   0.0000
 -6.23499341e-02   0.0000
  2.39999816e-01   0.0000
 -2.89284363e-02   0.0000
  6.01835310e-01   0.0000
 -9.61850047e-01   0.0000
  2.52274603e-01   0.0000
  1.76792108e-02   0.0000
  1.89725175e-01   0.0000
  8.25574249e-02   0.0000
 -1.92105621e-01   0.0000
 -5.57811201e-01   0.0000
 -6.19756401e-01   0.0000
 -2.94651657e-01   0.0000
  4.76402402e-01   0.0000
  1.10870093e-01   0.0000
 -3.15687418e-01   0.0000
  2.36196056e-01   0.0000
  1.01374678e-01   0.0000
  1.56777665e-01   0.0000
  4.37388450e-01   0.0000
  7.96367466e-01   0.0000
  6.10210419e-01   0.0000
 -4.46949095e-01   0.0000
  3.56411636e-01   0.0000
 -2.50903487e-01   0.0000
  1.62978515e-01   0.0000
  2.19177991e-01   0.0000
  3.72354239e-01   0.0000
 -5.06094456e-01   0.0000
  5.02192497e-01   0.0000
  6.08682632e-01   0.0000
  4.29080933e-01   0.0000
  5.73348328e-02   0.0000
 -2.03597143e-01   0.0000
 -1.95380121e-01   0.0000
 -4.80703861e-01   0.0000
 -2.76272058e-01   0.0000
 -1.40996864e-02   0.0000
  8.31365138e-02   0.0000
 -1.17888224e+00   0.0000
  2.29204699e-01   0.0000
 -1.93211827e-02   0.0000
  3.96803021e-01   0.0000
  1.20135590e-01   0.0000
  1.10697458e-02   0.0000
  8.48575652e-01   0.0000
 -2.07257923e-02   0.0000
  4.49668169e-01   0.0000
 -7.50430822e-01   0.0000
  9.67445448e-02   0.0000
  4.67791378e-01   0.0000
  3.03003430e-01   0.0000
 -1.29373103e-01   0.0000
  1.35449991e-01   0.0000
  5.44561803e-01   0.0000
 -2.45127697e-02   0.0000
  2.94818170e-02   0.0000
  1.65998399e-01   0.0000
 -1.37897670e-01   0.0000
 -4.37969267e-01   0.0000
 -1.98046818e-01   0.0000
 -7.06228673e-01   0.0000
 -1.62997097e-01   0.0000
 -1.15322018e+00   0.0000
  1.43963709e-01   0.0000
 -2.02869818e-01   0.0000
  3.23015302e-01   0.0000
  2.40455508e-01   0.0000
 -1.01495445e+00   0.0000
  5.19937314e-02   0.0000
 -7.65351713e-01   0.0000
 -2.93537050e-01   0.0000
 -1.73685372e+00   0.0000
 -1.05628362e-02   0.0000
 -5.72001450e-02   0.0000
  1.93995103e-01   0.0000
  6.38883561e-02   0.0000
 -1.06463410e-01   0.0000
 -4.25554127e-01   0.0000
  1.40312326e+00   0.0000
 -1.27665028e-01   0.0000
  2.31617182e-01   0.0000
 -4.09247041e-01   0.0000
 -1.77077913e+00   0.0000
 -1.89563781e-01   0.0000
 -1.93074957e-01   0.0000
  3.81055683e-01   0.0000
  9.04937088e-01   0.0000
  7.12732077e-02   0.0000
  5.60570300e-01   0.0000
  2.05484852e-02   0.0000
  3.35176960e-02   0.0000
  8.37837875e-01   0.0000
 -2.78708458e-01   0.0000
  1.78531617e-01   0.0000
 -4.12748784e-01   0.0000
 -7.39647269e-01   0.0000
  3.49814147e-01   0.0000
 -2.69898510e+00   0.0000
 -9.21011269e-02   0.0000
 -9.48776186e-01   0.0000
  1.05175413e-01   0.0000
 -1.00615990e+00   0.0000
  6.64394736e-01   0.0000
 -5.41077070e-02   0.0000
  2.65533775e-01   0.0000
 -7.98723161e-01   0.0000
 -1.07968533e+00   0.0000
 -1.33436546e-01   0.0000
 -8.32809329e-01   0.0000
  5.00993252e-01   0.0000
  5.67441285e-01   0.0000
  2.63949614e-02   0.0000
  6.54318810e-01   0.0000
  2.89176166e-01   0.0000
  4.90460426e-01   0.0000
  6.68703377e-01   0.0000
 -6.37981236e-01   0.0000
  6.61140084e-02   0.0000
 -2.42826834e-01   0.0000
 -4.96779263e-01   0.0000
  1.87375724e-01   0.0000
 -8.19755197e-01   0.0000
  4.83853780e-02   0.0000
 -6.39438510e-01   0.0000
  2.09993422e-02   0.0000
  2.57126708e-02   0.0000
  5.15454412e-01   0.0000
 -2.61037834e-02   0.0000
 -3.16672027e-01   0.0000
 -7.41956353e-01   0.0000
 -9.86545682e-01   0.0000
 -1.71814829e-01   0.0000
 -4.09947038e-01   0.0000
  2.31447875e-01   0.0000
 -7.28268996e-02   0.0000
  8.16462785e-02   0.0000
  3.43980551e-01   0.0000
  4.71212082e-02   0.0000
  2.84110695e-01   0.0000
  5.03669918e-01   0.0000
 -4.22305733e-01   0.0000
  2.07493663e-01   0.0000
 -2.41501808e-01   0.0000
 -1.75701723e-01   0.0000
  1.93311095e-01   0.0000
  6.30748048e-02   0.0000
  7.45946392e-02   0.0000
 -6.47695541e-01   0.0000
 -4.09384787e-01   0.0000
  6.08362138e-01   0.0000
  4.37221795e-01   0.0000
 -5.91314100e-02   0.0000
 -8.69875968e-01   0.0000
 -4.92858768e-01   0.0000
 -9.93305802e-01   0.0000
 -2.51071513e-01   0.0000
  8.15261304e-02   0.0000
 -8.72886255e-02   0.0000
 -2.57723719e-01   0.0000
  1.17562555e-01   0.0000
  2.49561425e-02   0.0000
 -2.17674151e-01   0.0000
 -1.99478105e-01   0.0000
  1.75288498e-01   0.0000
 -1.24612920e-01   0.0000
  3.10802788e-01   0.0000
 -1.29435509e-02   0.0000
 -8.37344229e-02   0.0000
  2.94178665e-01   0.0000
  1.73943222e-01   0.0000
  6.88100457e-02   0.0000
 -7.66912758e-01   0.0000
 -6.23957455e-01   0.0000
  3.80140424e-01   0.0000
 -2.35299878e-02   0.0000
 -3.61872949e-02   0.0000
 -9.09182191e-01   0.0000
 -1.63535908e-01   0.0000
 -7.39469886e-01   0.0000
 -2.45107621e-01   0.0000
  8.06873366e-02   0.0000
 -2.60056019e-01   0.0000
  1.15925275e-01   0.0000
  1.71746582e-01   0.0000
 -1.35642096e-01   0.0000
 -3.39188427e-01   0.0000
 -4.39473510e-01   0.0000
  2.88802963e-02   0.0000
 -1.16844416e-01   0.0000
  1.50415570e-01   0.0000
  1.22161500e-01   0.0000
 -1.42605633e-01   0.0000
  2.88555026e-01   0.0000
  2.04246491e-01   0.0000
  6.03371076e-02   0.0000
 -6.94923162e-01   0.0000
 -4.62610364e-01   0.0000
 -9.01230052e-02   0.0000
 -3.68358940e-01   0.0000
  1.24975964e-02   0.0000
 -5.25864899e-01   0.0000
 -4.76852246e-02   0.0000
 -2.38180727e-01   0.0000
 -1.72277808e-01   0.0000
 -2.18339264e-01   0.0000
 -7.38325492e-02   0.0000
  4.64018673e-01   0.0000
  1.01959258e-01   0.0000
  2.22915765e-02   0.0000
 -1.61244169e-01   0.0000
 -2.15365097e-01   0.0000
  2.31423780e-01   0.0000
 -1.51826337e-01   0.0000
 -1.03907958e-01   0.0000
  2.43860894e-04   0.0000
 -1.45330548e-01   0.0000
  1.92869052e-01   0.0000
  2.31559560e-01   0.0000
  5.50904162e-02   0.0000
 -3.98679912e-01   0.0000
 -4.17032428e-02   0.0000
 -2.47470424e-01   0.0000
 -5.05372584e-01   0.0000
  3.62184756e-02   0.0000
 -2.20208287e-01   0.0000
 -9.41071883e-02   0.0000
  1.13070145e-01   0.0000
 -4.61137369e-02   0.0000
 -3.10647517e-01   0.0000
  1.02055848e-01   0.0000
  5.51180840e-01   0.0000
 -2.60979235e-02   0.0000
  9.56633836e-02   0.0000
 -3.12403049e-02   0.0000
  8.09154510e-02   0.0000
  4.71303701e-01   0.0000
 -1.42226279e-01   0.0000
 -1.98377356e-01   0.0000
 -3.10927760e-02   0.0000
 -7.49413297e-02   0.0000
  5.27752489e-02   0.0000
  3.08102638e-01   0.0000
  5.73615953e-02   0.0000
 -1.29033640e-01   0.0000
  1.86917067e-01   0.0000
 -7.07105696e-02   0.0000
 -3.80249649e-01   0.0000
  2.48588622e-02   0.0000
  6.44236943e-03   0.0000
 -1.25613734e-01   0.0000
  1.67846411e-01   0.0000
  1.90272667e-02   0.0000
 -2.90053487e-01   0.0000
  1.23621926e-01   0.0000
  4.24082130e-01   0.0000
 -3.51473875e-02   0.0000
  1.52204990e-01   0.0000
  4.89903130e-02   0.0000
  2.27651194e-01   0.0000
  5.15681744e-01   0.0000
 -1.15267985e-01   0.0000
 -2.04631671e-01   0.0000
 -2.37583742e-03   0.0000
  5.84667269e-03   0.0000
 -2.33727358e-02   0.0000
  2.92134404e-01   0.0000
  4.46989760e-02   0.0000
  4.06500027e-02   0.0000
  2.53879219e-01   0.0000
  1.15655035e-01   0.0000
  7.12450087e-01   0.0000
  1.46325782e-01   0.0000
 -7.71991253e-01   0.0000
  1.61392719e-01   0.0000
 -7.66074419e-01   0.0000
  3.90414655e-01   0.0000
  2.01465890e-01   0.0000
  7.10643768e-01   0.0000
 -6.65758193e-01   0.0000
 -3.56486142e-01   0.0000
  8.22595775e-01   0.0000
  7.92466700e-02   0.0000
  7.11469293e-01   0.0000
  6.06388628e-01   0.0000
  8.90083387e-02   0.0000
 -3.83919120e-01   0.0000
  9.43199098e-02   0.0000
  3.31187882e-02   0.0000
 -1.58637449e-01   0.0000
  6.84023619e-01   0.0000
 -2.94709712e-01   0.0000
  1.39503941e-01   0.0000
  6.46166503e-01   0.0000
  1.30188489e+00   0.0000
  2.67138451e-01   0.0000
  1.15366280e-02   0.0000
 -9.09392178e-01   0.0000
  2.82729179e-01   0.0000
 -2.10394338e-01   0.0000
  1.99267149e-01   0.0000
 -3.35229039e-01   0.0000
  8.44915956e-02   0.0000
 -7.03019798e-01   0.0000
 -1.10443301e-01   0.0000
  1.96893722e-01   0.0000
 -8.86566490e-02   0.0000
  2.06489533e-01   0.0000
 -5.36550462e-01   0.0000
  1.94453269e-01   0.0000
 -2.58763075e-01   0.0000
 -2.75801927e-01   0.0000
  4.08505023e-01   0.0000
 -7.11172596e-02   0.0000
  9.96836543e-01   0.0000
 -2.74597138e-01   0.0000
  2.03670517e-01   0.0000
 -1.29138812e-01   0.0000
  1.36823863e-01   0.0000
  2.33197454e-02   0.0000
 -5.74696297e-03   0.0000
 -5.67312360e-01   0.0000
  5.49736358e-02   0.0000
 -1.17165071e-03   0.0000
  1.55702345e-02   0.0000
 -4.99729306e-01   0.0000
 -5.28164618e-02   0.0000
 -6.25924230e-01   0.0000
  7.16240481e-02   0.0000
  6.93241209e-02   0.0000
 -1.34824783e-01   0.0000
 -4.37485129e-02   0.0000
 -5.28007090e-01   0.0000
  3.38932090e-02   0.0000
 -2.94876188e-01   0.0000
 -2.98826933e-01   0.0000
  5.22259414e-01   0.0000
  4.06158753e-02   0.0000
  1.10039651e+00   0.0000
 -1.80820391e-01   0.0000
 -6.05748966e-02   0.0000
 -2.67745882e-01   0.0000
 -7.71569729e-01   0.0000
 -4.04282007e-03   0.0000
 -4.00979212e-03   0.0000
 -6.03543110e-02   0.0000
 -2.68809289e-01   0.0000
  4.77234982e-02   0.0000
 -1.41895562e-01   0.0000
 -2.75840133e-01   0.0000
 -1.14839990e-02   0.0000
 -3.25745970e-01   0.0000
  1.46973103e-01   0.0000
  1.28949612e-01   0.0000
 -1.23746656e-02   0.0000
 -1.58454970e-01   0.0000
  1.13884151e-01   0.0000
 -1.56314105e-01   0.0000
 -2.87465274e-01   0.0000
 -2.03416854e-01   0.0000
  2.81155020e-01   0.0000
  1.38425142e-01   0.0000
  7.60008156e-01   0.0000
 -5.69833815e-02   0.0000
 -2.54596859e-01   0.0000
 -1.36717437e-02   0.0000
 -1.35262692e+00   0.0000
  1.76708907e-01   0.0000
 -4.79025708e-04   0.0000
  2.77787179e-01   0.0000
 -4.79315370e-01   0.0000
  3.90625149e-02   0.0000
 -1.82728246e-01   0.0000
 -3.28679793e-02   0.0000
  2.70723421e-02   0.0000
 -1.09791301e-01   0.0000
  1.61482096e-01   0.0000
  1.96071178e-01   0.0000
  4.33435431e-03   0.0000
 -1.46554396e-01   0.0000
  6.19011879e-01   0.0000
 -3.11344415e-01   0.0000
 -2.74754316e-01   0.0000
 -1.37944013e-01   0.0000
 -5.14777750e-02   0.0000
  1.27087191e-01   0.0000
  4.23136167e-02   0.0000
 -2.26344056e-02   0.0000
 -3.46192360e-01   0.0000
  2.72899866e-01   0.0000
 -1.26586378e+00   0.0000
  3.94642442e-01   0.0000
  1.20618986e-02   0.0000
  3.14281225e-01   0.0000
 -3.42297971e-01   0.0000
 -2.36234963e-02   0.0000
 -1.20218493e-01   0.0000
  2.11834744e-01   0.0000
 -2.44818768e-03   0.0000
 -2.13304490e-01   0.0000
  1.01934217e-01   0.0000
  1.20037861e-01   0.0000
 -5.71634173e-02   0.0000
 -7.97679350e-02   0.0000
  6.05566621e-01   0.0000
 -2.77042449e-01   0.0000
 -2.38563403e-01   0.0000
  1.84722450e-02   0.0000
 -1.94614455e-01   0.0000
  9.50682536e-02   0.0000
 -4.58891660e-01   0.0000
 -2.07496714e-02   0.0000
 -2.31982514e-01   0.0000
  3.35502207e-01   0.0000
 -6.88992441e-01   0.0000
  4.74064261e-01   0.0000
  1.54757863e-02   0.0000
  1.89691097e-01   0.0000
 -1.03264593e-01   0.0000
 -6.45555258e-02   0.0000
 -1.87659916e-02   0.0000
  1.73604146e-01   0.0000
 -6.38992265e-02   0.0000
 -3.74060184e-01   0.0000
  2.38799453e-02   0.0000
 -2.96923099e-03   0.0000
 -1.56791136e-01   0.0000
 -3.83348949e-03   0.0000
  2.85267860e-01   0.0000
 -1.86621547e-01   0.0000
 -1.68977097e-01   0.0000
  1.61938861e-01   0.0000
 -1.07688829e-01   0.0000
  2.01555360e-02   0.0000
 -6.29368007e-01   0.0000
 -1.18665714e-02   0.0000
 -6.17319271e-02   0.0000
  2.22073898e-01   0.0000
 -1.48654312e-01   0.0000
  3.71837616e-01   0.0000
  1.27824899e-02   0.0000
  7.93887749e-02   0.0000
  6.09987080e-02   0.0000
 -1.86793841e-02   0.0000
  2.04056557e-02   0.0000
  1.58744365e-01   0.0000
 -5.20641394e-02   0.0000
 -4.14939493e-01   0.0000
 -1.19452998e-02   0.0000
 -1.66912638e-02   0.0000
 -2.03827322e-01   0.0000
 -3.88456881e-02   0.0000
 -2.26661209e-02   0.0000
 -5.81415780e-02   0.0000
 -8.89339000e-02   0.0000
  2.21089512e-01   0.0000
 -4.35716063e-02   0.0000
 -1.83813758e-02   0.0000
 -4.40548509e-01   0.0000
 -3.20373150e-03   0.0000
  4.92887013e-02   0.0000
  7.95008540e-02   0.0000
  1.07877217e-01   0.0000
 -1.64647269e+00   0.0000
  1.40349865e-01   0.0000
 -1.04880238e+00   0.0000
 -7.24680603e-01   0.0000
 -8.95346776e-02   0.0000
 -1.41207173e-01   0.0000
  6.67272031e-01   0.0000
 -1.74098790e-01   0.0000
 -2.57035589e+00   0.0000
  1.84784591e-01   0.0000
 -1.55433659e-02   0.0000
  1.59119844e-01   0.0000
 -1.46268129e+00   0.0000
  7.22172976e-01   0.0000
  9.94588196e-01   0.0000
  1.03090060e+00   0.0000
  1.88175285e+00   0.0000
  7.53983930e-02   0.0000
 -3.38239409e-02   0.0000
  1.17131126e+00   0.0000
  1.55814156e-01   0.0000
  3.31096835e-02   0.0000
  5.21316648e-01   0.0000
  2.55283332e+00   0.0000
 -1.00386477e+00   0.0000
  2.56581634e-01   0.0000
 -5.67952573e-01   0.0000
 -3.91417086e-01   0.0000
  4.89955127e-01   0.0000
 -4.20008115e-02   0.0000
 -1.88862845e-01   0.0000
 -2.62514502e-01   0.0000
  6.19756401e-01   0.0000
 -3.95595824e-04   0.0000
 -7.22658336e-02   0.0000
  6.78651482e-02   0.0000
 -1.22957885e+00   0.0000
  8.24033856e-01   0.0000
 -4.51732159e-01   0.0000
  5.35037518e-01   0.0000
  3.51417661e-01   0.0000
  1.74964100e-01   0.0000
 -2.43253820e-02   0.0000
  3.28165531e-01   0.0000
  1.45277470e-01   0.0000
  2.80103743e-01   0.0000
  4.67017531e-01   0.0000
 -5.55897534e-01   0.0000
 -1.02728283e+00   0.0000
  2.68690944e-01   0.0000
 -2.98902512e-01   0.0000
 -5.00473619e-01   0.0000
  2.26275697e-01   0.0000
 -1.46427630e-02   0.0000
  2.15547998e-03   0.0000
 -1.74192578e-01   0.0000
  5.87153256e-01   0.0000
 -2.86397897e-02   0.0000
 -1.01623982e-02   0.0000
  2.62510702e-02   0.0000
 -5.71438968e-01   0.0000
  9.82723534e-01   0.0000
 -7.48634160e-01   0.0000
 -7.63735324e-02   0.0000
 -7.38903061e-02   0.0000
  2.14689709e-02   0.0000
 -1.53329307e-02   0.0000
  6.11824274e-01   0.0000
  1.25596672e-01   0.0000
  1.49230868e-01   0.0000
  3.44155312e-01   0.0000
 -2.42623496e+00   0.0000
 -9.26784039e-01   0.0000
  1.63023323e-01   0.0000
 -7.51201272e-01   0.0000
 -6.02576733e-01   0.0000
 -2.73948759e-01   0.0000
 -2.49661095e-02   0.0000
  7.21607268e-01   0.0000
 -1.02016583e-01   0.0000
 -5.61048269e-01   0.0000
  4.12573703e-02   0.0000
  4.55961970e-04   0.0000
 -2.81715337e-02   0.0000
 -2.07060546e-01   0.0000
  5.08764565e-01   0.0000
 -9.65623409e-02   0.0000
 -3.00329804e-01   0.0000
  2.18399227e-01   0.0000
  3.67148995e-01   0.0000
  7.91713130e-03   0.0000
  9.02483940e-01   0.0000
  1.30646929e-01   0.0000
 -4.57096621e-02   0.0000
  2.01367393e-01   0.0000
 -9.67084765e-01   0.0000
 -6.69813633e-01   0.0000
  4.48596925e-02   0.0000
 -9.92709517e-01   0.0000
 -1.57479972e-01   0.0000
 -6.23286963e-01   0.0000
 -5.64323813e-02   0.0000
  7.70298243e-01   0.0000
 -1.77877992e-01   0.0000
 -1.08368313e+00   0.0000
  3.39180343e-02   0.0000
 -1.15456097e-01   0.0000
 -3.68674695e-02   0.0000
 -2.17661947e-01   0.0000
 -4.69758004e-01   0.0000
  4.73240048e-01   0.0000
 -3.55686516e-01   0.0000
  2.10495755e-01   0.0000
  3.24544787e-01   0.0000
  2.07591075e-02   0.0000
  7.89777458e-01   0.0000
  1.31528959e-01   0.0000
 -9.95166004e-02   0.0000
  9.78345703e-03   0.0000
  3.53586167e-01   0.0000
 -3.30256313e-01   0.0000
  1.68271065e-02   0.0000
 -5.28679609e-01   0.0000
  2.63175398e-01   0.0000
 -5.88090599e-01   0.0000
 -5.30638173e-02   0.0000
  1.71219647e-01   0.0000
 -2.73909420e-01   0.0000
 -4.05433565e-01   0.0000
  1.04208112e-01   0.0000
 -2.25275353e-01   0.0000
  3.44366133e-02   0.0000
 -1.69516951e-01   0.0000
 -8.86367261e-01   0.0000
  3.76206964e-01   0.0000
 -3.51319253e-01   0.0000
  1.70476455e-02   0.0000
  3.15245539e-01   0.0000
  2.92315092e-02   0.0000
  5.18240392e-01   0.0000
  1.15121484e-01   0.0000
 -3.67638245e-02   0.0000
  1.27290124e-02   0.0000
 -4.43474902e-03   0.0000
 -1.65782824e-01   0.0000
  3.05496193e-02   0.0000
 -1.05615377e-01   0.0000
  3.56517434e-01   0.0000
 -3.74997973e-01   0.0000
 -7.68495351e-02   0.0000
 -6.45441055e-01   0.0000
 -2.14340910e-01   0.0000
  5.79742551e-01   0.0000
  1.10405378e-01   0.0000
 -2.21027210e-01   0.0000
  2.13575289e-01   0.0000
  6.66709766e-02   0.0000
 -6.22073293e-01   0.0000
  8.70369077e-02   0.0000
 -2.94850796e-01   0.0000
 -4.41008240e-01   0.0000
  5.00062145e-02   0.0000
  1.98510960e-02   0.0000
  3.35269958e-01   0.0000
  1.05240367e-01   0.0000
  8.37744866e-03   0.0000
  7.74995983e-02   0.0000
 -9.29386914e-01   0.0000
 -2.35289872e-01   0.0000
  5.48942154e-03   0.0000
  9.43447128e-02   0.0000
  1.97193727e-01   0.0000
 -1.17040493e-01   0.0000
 -4.42177989e-02   0.0000
 -9.16130662e-01   0.0000
 -4.67117988e-02   0.0000
  1.10197055e+00   0.0000
  8.53956640e-02   0.0000
 -9.43905339e-02   0.0000
  3.34759057e-01   0.0000
  2.09342614e-01   0.0000
 -1.57265171e-01   0.0000
 -2.22495511e-01   0.0000
 -2.55219758e-01   0.0000
 -6.06328845e-01   0.0000
 -1.59438729e-01   0.0000
  1.33363158e-03   0.0000
  2.88073540e-01   0.0000
  6.11314140e-02   0.0000
  3.18092853e-02   0.0000
  1.04323506e-01   0.0000
 -1.25345516e+00   0.0000
  3.09757900e+00   0.0000
  4.62103002e-02   0.0000
  1.49750280e+00   0.0000
  1.47879589e+00   0.0000
 -1.24941933e+00   0.0000
 -4.31846768e-01   0.0000
  4.50157583e-01   0.0000
  1.95981309e-01   0.0000
  1.34550631e+00   0.0000
  3.45093489e-01   0.0000
  2.01753095e-01   0.0000
  6.98055148e-01   0.0000
  4.29810375e-01   0.0000
 -8.59035701e-02   0.0000
 -4.98722702e-01   0.0000
 -8.57895613e-02   0.0000
 -9.13645029e-02   0.0000
  2.29076529e+00   0.0000
  2.67088920e-01   0.0000
 -4.75953728e-01   0.0000
  4.04475302e-01   0.0000
 -8.84024203e-01   0.0000
  3.14890623e-01   0.0000
  2.50070786e+00   0.0000
  7.82288790e-01   0.0000
  2.37994358e-01   0.0000
  8.23117912e-01   0.0000
  8.73725057e-01   0.0000
  4.63129550e-01   0.0000
 -1.77621618e-01   0.0000
 -1.79650024e-01   0.0000
  2.92386472e-01   0.0000
  1.17107844e+00   0.0000
  4.61006686e-02   0.0000
  1.78482145e-01   0.0000
  3.01605642e-01   0.0000
  5.97655848e-02   0.0000
 -2.96614319e-01   0.0000
 -1.56707501e+00   0.0000
 -3.20678018e-02   0.0000
 -4.99866486e-01   0.0000
 -4.47037041e-01   0.0000
  1.71737671e-01   0.0000
  1.40928075e-01   0.0000
  3.99769962e-01   0.0000
 -6.19354904e-01   0.0000
 -2.37315431e-01   0.0000
 -3.81475776e-01   0.0000
  9.02523696e-01   0.0000
  1.22424126e-01   0.0000
 -4.56401020e-01   0.0000
  3.07352036e-01   0.0000
  7.93546259e-01   0.0000
  2.96705235e-02   0.0000
  9.07428622e-01   0.0000
  5.16029418e-01   0.0000
  2.29805499e-01   0.0000
 -2.83511788e-01   0.0000
  1.66457504e-01   0.0000
 -4.49610174e-01   0.0000
 -4.46225911e-01   0.0000
 -1.44929081e-01   0.0000
 -4.01545912e-01   0.0000
  6.05633318e-01   0.0000
 -7.98781872e-01   0.0000
  3.35933983e-01   0.0000
  4.17114273e-02   0.0000
 -1.89970806e-01   0.0000
  2.82283843e-01   0.0000
 -4.70313132e-01   0.0000
 -5.89694977e-01   0.0000
  2.43735418e-01   0.0000
  1.03311729e+00   0.0000
  2.67961789e-02   0.0000
  1.65798277e-01   0.0000
 -1.30302146e-01   0.0000
  2.89125830e-01   0.0000
  1.24813266e-01   0.0000
  6.25844896e-01   0.0000
  5.54383576e-01   0.0000
  4.05861139e-01   0.0000
 -3.07880014e-01   0.0000
  1.37886703e-01   0.0000
 -2.30106875e-01   0.0000
 -5.38137972e-01   0.0000
  6.43667057e-02   0.0000
 -8.28970503e-03   0.0000
 -1.62620962e-01   0.0000
 -4.55997497e-01   0.0000
 -4.35371578e-01   0.0000
 -1.70789137e-02   0.0000
 -6.46582663e-01   0.0000
  1.66672647e-01   0.0000
 -4.91191804e-01   0.0000
 -2.43351012e-01   0.0000
 -1.69708446e-01   0.0000
  7.62540817e-01   0.0000
  3.08817159e-02   0.0000
  4.34905380e-01   0.0000
 -2.52894670e-01   0.0000
 -9.72929671e-02   0.0000
  1.13106117e-01   0.0000
 -5.09337246e-01   0.0000
  3.89600098e-01   0.0000
 -4.84429784e-02   0.0000
 -1.72166660e-01   0.0000
  5.17557003e-02   0.0000
  6.09041810e-01   0.0000
 -6.24613941e-01   0.0000
 -4.07442927e-01   0.0000
  1.25474021e-01   0.0000
 -8.25231493e-01   0.0000
 -5.28495014e-01   0.0000
 -7.24350393e-01   0.0000
 -3.17438366e-03   0.0000
 -1.39126733e-01   0.0000
  1.23203129e-01   0.0000
 -4.52036887e-01   0.0000
  2.62423027e-02   0.0000
  2.32019305e-01   0.0000
  2.07219437e-01   0.0000
  4.09942791e-02   0.0000
  4.02528852e-01   0.0000
 -2.36326560e-01   0.0000
 -1.88576117e-01   0.0000
 -6.16752659e-04   0.0000
 -1.17941904e+00   0.0000
  2.27915198e-01   0.0000
 -5.38392365e-01   0.0000
 -5.22032045e-02   0.0000
  4.98888232e-02   0.0000
  1.07991600e+00   0.0000
 -4.43643600e-01   0.0000
 -1.84383407e-01   0.0000
  3.34744602e-01   0.0000
 -7.18186855e-01   0.0000
 -4.27169740e-01   0.0000
  5.80536366e-01   0.0000
  1.91021748e-02   0.0000
  2.16842085e-01   0.0000
  1.63708419e-01   0.0000
 -2.85971433e-01   0.0000
  2.22335860e-01   0.0000
  8.31752658e-01   0.0000
  6.51612505e-02   0.0000
  4.92484942e-02   0.0000
  2.16392934e-01   0.0000
  1.21055223e-01   0.0000
 -1.64138749e-01   0.0000
 -1.19716488e-01   0.0000
 -5.41992903e-01   0.0000
  8.39583576e-02   0.0000
 -5.07161245e-02   0.0000
  3.46949957e-02   0.0000
  2.83944849e-02   0.0000
  7.59405315e-01   0.0000
 -4.27527905e-01   0.0000
  1.41302645e-01   0.0000
  4.47049171e-01   0.0000
 -9.77345109e-02   0.0000
  2.82545269e-01   0.0000
  1.32131064e+00   0.0000
  6.50997367e-03   0.0000
 -5.87005556e-01   0.0000
  1.81472674e-01   0.0000
 -9.84253287e-02   0.0000
  4.04872179e-01   0.0000
  1.40112817e+00   0.0000
  1.46477530e-02   0.0000
  1.53051158e-02   0.0000
  1.01215817e-01   0.0000
  2.45562553e-01   0.0000
 -1.18288286e-01   0.0000
 -1.24768205e-01   0.0000
  7.12030847e-03   0.0000
  2.35702656e-02   0.0000
  4.33560431e-01   0.0000
  9.46120992e-02   0.0000
  2.88128499e-02   0.0000
  4.23409492e-01   0.0000
 -1.41807809e-01   0.0000
  2.90545553e-01   0.0000
  4.40466553e-01   0.0000
  2.53087789e-01   0.0000
  7.17518568e-01   0.0000
  5.83544254e-01   0.0000
 -3.72693781e-03   0.0000
 -7.52701759e-01   0.0000
  1.70866057e-01   0.0000
  1.33605991e-02   0.0000
  3.35382313e-01   0.0000
  1.31601286e+00   0.0000
 -1.01204813e+00   0.0000
  1.22861564e+00   0.0000
  1.31236935e+00   0.0000
 -1.80318546e+00   0.0000
  1.44402289e+00   0.0000
  4.96439695e-01   0.0000
  5.92221439e-01   0.0000
  1.28859365e+00   0.0000
 -6.47024572e-01   0.0000
 -5.71565747e-01   0.0000
  1.16822731e+00   0.0000
  3.14050138e-01   0.0000
  4.14926142e-01   0.0000
  2.06388354e+00   0.0000
 -1.98589429e-01   0.0000
  9.48073089e-01   0.0000
  2.04637313e+00   0.0000
  2.04818845e+00   0.0000
 -1.84357464e-01   0.0000
 -1.73472464e-01   0.0000
 -3.67225856e-01   0.0000
 -3.06802720e-01   0.0000
  7.16388106e-01   0.0000
  4.27404261e+00   0.0000
 -3.09709162e-01   0.0000
 -3.46899360e-01   0.0000
  6.18392427e-04   0.0000
  8.34025559e-04   0.0000
 -1.94274366e-01   0.0000
  2.91931094e-03   0.0000
  2.20228717e-01   0.0000
 -6.09882437e-02   0.0000
 -4.10954833e-01   0.0000
  4.48450533e-04   0.0000
  2.40696728e-01   0.0000
 -1.49892911e-01   0.0000
  2.78677404e-01   0.0000
  2.39716426e-01   0.0000
  1.61541954e-01   0.0000
  1.94721594e-01   0.0000
 -8.40030253e-01   0.0000
  6.62833393e-01   0.0000
  1.58073917e-01   0.0000
 -2.82803535e-01   0.0000
 -1.31206936e-03   0.0000
 -1.82378978e-01   0.0000
  6.79030180e-01   0.0000
  1.96038768e-01   0.0000
  1.28656432e-01   0.0000
 -3.39499000e-03   0.0000
  9.41266026e-03   0.0000
  2.89855851e-03   0.0000
  2.48497695e-01   0.0000
  3.74832889e-03   0.0000
 -1.25157133e-01   0.0000
  3.76454294e-02   0.0000
  2.40722343e-01   0.0000
 -1.37405917e-02   0.0000
 -2.42830262e-01   0.0000
  7.87475631e-02   0.0000
 -2.40447342e-01   0.0000
 -1.71421409e-01   0.0000
 -3.83610539e-02   0.0000
 -1.24150902e-01   0.0000
  2.84093231e-01   0.0000
 -1.61669418e-01   0.0000
 -8.12161043e-02   0.0000
  1.58359826e-01   0.0000
 -9.92692658e-04   0.0000
  9.18665975e-02   0.0000
 -6.02420494e-02   0.0000
 -1.43490583e-01   0.0000
  2.90038824e-01   0.0000
  8.70750129e-01   0.0000
  6.45517930e-02   0.0000
 -3.58154575e-05   0.0000
  6.90186210e-03   0.0000
 -6.45799050e-03   0.0000
 -5.86631238e-01   0.0000
  1.92101132e-02   0.0000
  2.38132831e-02   0.0000
 -3.05125519e-04   0.0000
 -6.26313388e-02   0.0000
  4.92443237e-03   0.0000
 -4.26917635e-02   0.0000
 -3.76625545e-03   0.0000
 -7.23359920e-03   0.0000
  2.54065655e-02   0.0000
 -7.18940914e-01   0.0000
 -1.27337670e+00   0.0000
  1.10595906e-02   0.0000
  6.79120198e-02   0.0000
  6.30690483e-03   0.0000
  2.73757940e-03   0.0000
 -1.28693223e+00   0.0000
 -1.86259467e-02   0.0000
 -4.92693067e-01   0.0000
 -3.87980372e-01   0.0000
 -2.81154830e-02   0.0000
 -4.84433072e-03   0.0000
 -1.61295459e-02   0.0000
  3.88176268e-04   0.0000
  4.48802650e-01   0.0000
 -5.43018291e-03   0.0000
 -1.41128719e-01   0.0000
  7.06122839e-04   0.0000
  2.79821217e-01   0.0000
 -1.08905816e-02   0.0000
  1.40226483e-01   0.0000
  4.21472415e-02   0.0000
  1.70531571e-02   0.0000
  7.89814413e-01   0.0000
 -6.43666506e-01   0.0000
  4.32760119e-01   0.0000
  1.87353976e-02   0.0000
 -3.23309362e-01   0.0000
 -1.76797400e-03   0.0000
 -2.04407126e-02   0.0000
  4.51190680e-01   0.0000
  1.20108649e-02   0.0000
  1.70533344e-01   0.0000
  7.28526056e-01   0.0000
 -7.72351818e-03   0.0000
  4.80330829e-03   0.0000
 -7.66202156e-03   0.0000
 -8.61139409e-03   0.0000
 -5.00709891e-01   0.0000
 -1.05946241e-02   0.0000
  2.05177423e-02   0.0000
  7.34204147e-03   0.0000
  2.75734346e-02   0.0000
 -1.64412763e-02   0.0000
 -3.06651853e-02   0.0000
 -1.66530721e-02   0.0000
  1.71989370e-02   0.0000
 -1.90420762e-01   0.0000
  1.07786858e+00   0.0000
 -8.85656953e-01   0.0000
  8.65106750e-03   0.0000
  3.33400909e-03   0.0000
 -5.10662748e-03   0.0000
 -1.54606169e-02   0.0000
 -1.02733922e+00   0.0000
  1.42094726e-02   0.0000
 -2.30159402e-01   0.0000
  3.33923340e-01   0.0000
 -3.04435752e-03   0.0000
  6.72712028e-02   0.0000
 -2.44222343e-01   0.0000
  4.79321145e-02   0.0000
  1.69885516e-01   0.0000
 -1.79381073e-01   0.0000
 -2.99934983e-01   0.0000
  4.03885171e-03   0.0000
  2.73247361e-01   0.0000
 -2.56026149e-01   0.0000
  1.91520736e-01   0.0000
  2.91485250e-01   0.0000
  1.78126141e-01   0.0000
  5.90140939e-01   0.0000
 -5.03366113e-01   0.0000
 -6.35478914e-01   0.0000
  2.52096713e-01   0.0000
 -3.30043525e-01   0.0000
 -7.09927157e-02   0.0000
 -2.18181148e-01   0.0000
 -7.25553930e-01   0.0000
  2.43373454e-01   0.0000
 -3.52192134e-01   0.0000
 -1.38935232e+00   0.0000
 -8.00960790e-03   0.0000
  2.56436653e-02   0.0000
 -2.66711600e-02   0.0000
  1.43303890e-02   0.0000
  1.01004493e+00   0.0000
 -2.75433715e-02   0.0000
 -5.75564541e-02   0.0000
  4.56672944e-02   0.0000
  2.06956625e-01   0.0000
 -3.20978537e-02   0.0000
  5.35979755e-02   0.0000
  3.32236737e-02   0.0000
  3.02072745e-02   0.0000
  1.69540390e-01   0.0000
  2.32233152e-01   0.0000
  1.50624979e+00   0.0000
  3.50344479e-02   0.0000
 -1.64697975e-01   0.0000
 -4.57496056e-03   0.0000
 -3.32546532e-02   0.0000
  1.62877643e+00   0.0000
  3.47105190e-02   0.0000
  2.70779192e-01   0.0000
  8.46705198e-01   0.0000
  2.09237929e-04   0.0000
  3.19657521e-03   0.0000
 -8.76686797e-02   0.0000
  1.27693848e-03   0.0000
 -6.79817736e-01   0.0000
 -6.28277659e-02   0.0000
 -1.03206836e-01   0.0000
 -7.94910011e-04   0.0000
  7.87090883e-02   0.0000
 -1.00266702e-01   0.0000
  8.43406543e-02   0.0000
  9.39951241e-02   0.0000
  5.30167744e-02   0.0000
 -1.35192767e-01   0.0000
 -5.25140110e-03   0.0000
 -8.97749066e-01   0.0000
  7.89129734e-02   0.0000
 -8.84584114e-02   0.0000
 -9.83095076e-03   0.0000
 -6.20364919e-02   0.0000
 -9.44693863e-01   0.0000
  8.42982754e-02   0.0000
  6.54199064e-01   0.0000
  1.74550962e+00   0.0000
  1.10742381e-04   0.0000
  1.73454080e-02   0.0000
 -1.15037719e-02   0.0000
  1.36845037e-02   0.0000
 -1.32832074e+00   0.0000
 -3.17250304e-02   0.0000
  4.00448702e-02   0.0000
  6.49361499e-03   0.0000
  2.80257445e-02   0.0000
 -2.85494234e-02   0.0000
  4.48953882e-02   0.0000
  1.99702904e-02   0.0000
  3.00310086e-02   0.0000
 -2.75922507e-01   0.0000
  3.02838713e-01   0.0000
 -1.96921051e+00   0.0000
  2.22872552e-02   0.0000
 -9.87818837e-02   0.0000
 -2.04662569e-02   0.0000
 -2.47377716e-02   0.0000
 -2.06815577e+00   0.0000
  3.33956666e-02   0.0000
  2.08265483e-01   0.0000
 -4.09116536e-01   0.0000
  3.42245516e-03   0.0000
 -1.17273685e-02   0.0000
  2.12818265e-01   0.0000
 -4.22318652e-02   0.0000
  1.08020134e-01   0.0000
  1.58677191e-01   0.0000
  2.53046304e-01   0.0000
  5.84685476e-04   0.0000
 -1.76711440e-01   0.0000
  2.26720586e-01   0.0000
 -2.06399381e-01   0.0000
 -2.72832423e-01   0.0000
 -1.60268337e-01   0.0000
 -4.59159225e-01   0.0000
  3.44521523e-01   0.0000
  5.25104642e-01   0.0000
 -2.13030741e-01   0.0000
  2.95816153e-01   0.0000
  5.04511967e-02   0.0000
  2.39034027e-01   0.0000
  6.32663548e-01   0.0000
 -2.24527255e-01   0.0000
  3.13642114e-01   0.0000
  6.85912907e-01   0.0000
  3.52921779e-04   0.0000
  2.98441912e-04   0.0000
 -5.09304181e-02   0.0000
 -3.15516721e-03   0.0000
 -6.03443325e-01   0.0000
 -3.85808162e-02   0.0000
 -5.84165901e-02   0.0000
 -4.50567622e-03   0.0000
  2.75784787e-02   0.0000
 -5.53296953e-02   0.0000
  3.45763862e-02   0.0000
  5.53157888e-02   0.0000
  3.19853500e-02   0.0000
 -3.61082286e-01   0.0000
  2.33686700e-01   0.0000
 -7.36811459e-01   0.0000
  8.55829939e-02   0.0000
 -1.42429192e-02   0.0000
 -4.57222166e-04   0.0000
 -1.04715645e-01   0.0000
 -8.18047523e-01   0.0000
  3.85087468e-02   0.0000
  1.88751012e-01   0.0000
  5.69339335e-01   0.0000
  2.58350056e-02   0.0000
 -1.13314807e-01   0.0000
  7.86491632e-02   0.0000
  3.47757828e-04   0.0000
 -7.04107344e-01   0.0000
  2.07006279e-02   0.0000
  8.98828357e-02   0.0000
 -2.59405486e-02   0.0000
 -2.65976697e-01   0.0000
  6.54090866e-02   0.0000
 -1.36838943e-01   0.0000
 -1.64712891e-01   0.0000
 -2.04082932e-02   0.0000
 -7.05969691e-01   0.0000
  3.26308191e-01   0.0000
 -5.23869336e-01   0.0000
 -3.80923264e-02   0.0000
  4.31767642e-01   0.0000
  3.89366858e-02   0.0000
  3.47079001e-02   0.0000
 -5.48250616e-01   0.0000
 -4.83097285e-02   0.0000
  4.01084960e-01   0.0000
  1.03738034e+00   0.0000
 -2.18236994e-04   0.0000
 -4.45273798e-03   0.0000
 -1.27719073e-02   0.0000
 -1.27127906e-02   0.0000
 -1.28516352e+00   0.0000
  7.86428526e-03   0.0000
 -4.67774346e-02   0.0000
 -6.47087395e-03   0.0000
 -1.74229935e-01   0.0000
  6.19632425e-03   0.0000
 -1.48680164e-02   0.0000
 -2.63863020e-02   0.0000
 -4.64801822e-04   0.0000
  5.75176291e-02   0.0000
 -3.46918434e-01   0.0000
 -8.06609094e-01   0.0000
  9.22233332e-03   0.0000
  1.97663754e-01   0.0000
  2.34025624e-02   0.0000
 -6.26811339e-03   0.0000
 -8.09221089e-01   0.0000
 -1.10921180e-02   0.0000
  8.78752649e-01   0.0000
  9.24443603e-01   0.0000
  5.66826202e-03   0.0000
  3.37798288e-03   0.0000
  5.36348000e-02   0.0000
  1.30849043e-02   0.0000
 -9.51473892e-01   0.0000
 -3.69840371e-03   0.0000
  1.91641867e-01   0.0000
  2.36923900e-03   0.0000
 -1.26516342e-01   0.0000
  7.99611956e-03   0.0000
 -5.77092655e-02   0.0000
 -4.19837832e-02   0.0000
 -3.91109148e-03   0.0000
 -1.11687386e+00   0.0000
  6.93173051e-01   0.0000
 -1.21234882e+00   0.0000
 -2.20666695e-02   0.0000
  3.35618049e-01   0.0000
 -1.10541154e-02   0.0000
  2.03698408e-02   0.0000
 -1.20897353e+00   0.0000
 -2.20044013e-02   0.0000
 -1.09560154e-01   0.0000
 -6.67696774e-01   0.0000
 -1.12399356e-02   0.0000
  8.82494915e-03   0.0000
 -1.66406557e-02   0.0000
  1.30995987e-02   0.0000
  5.99689856e-02   0.0000
 -2.09433567e-02   0.0000
 -4.86349091e-02   0.0000
  7.63707981e-03   0.0000
  1.35371506e-01   0.0000
 -2.62404494e-02   0.0000
  4.83489372e-02   0.0000
  1.38772093e-02   0.0000
  2.65761726e-02   0.0000
  2.62189984e-01   0.0000
 -4.70807314e-01   0.0000
  8.86764884e-01   0.0000
  1.83955375e-02   0.0000
 -7.98896849e-02   0.0000
 -1.45841960e-03   0.0000
 -2.51485817e-02   0.0000
  9.49947476e-01   0.0000
  2.12924574e-02   0.0000
 -8.25700581e-01   0.0000
 -7.52937198e-01   0.0000
 -1.12395547e-02   0.0000
  1.87285915e-02   0.0000
 -1.07885629e-01   0.0000
  2.45900415e-02   0.0000
  8.22084129e-01   0.0000
 -6.42361194e-02   0.0000
 -1.64208069e-01   0.0000
  3.77439917e-03   0.0000
  2.91253984e-01   0.0000
 -8.46887976e-02   0.0000
  2.36252636e-01   0.0000
  1.80832326e-01   0.0000
  6.46209493e-02   0.0000
  7.35426664e-01   0.0000
 -2.00320780e-01   0.0000
  7.11566925e-01   0.0000
  7.96073899e-02   0.0000
 -3.26608747e-01   0.0000
 -2.87795383e-02   0.0000
 -8.01682398e-02   0.0000
  6.53132319e-01   0.0000
  8.90016779e-02   0.0000
 -1.09322906e+00   0.0000
 -1.67034435e+00   0.0000
  1.43135767e-04   0.0000
 -1.58699485e-03   0.0000
 -1.87666625e-01   0.0000
 -3.45302466e-03   0.0000
  1.49477875e+00   0.0000
 -1.70032401e-02   0.0000
 -3.32688540e-01   0.0000
 -5.74791571e-04   0.0000
  2.10934013e-01   0.0000
 -7.30246231e-02   0.0000
  1.26580387e-01   0.0000
  7.27898926e-02   0.0000
  1.00172766e-01   0.0000
  8.57952714e-01   0.0000
 -7.32166052e-01   0.0000
  1.68696594e+00   0.0000
  1.20002508e-01   0.0000
 -2.91452974e-01   0.0000
  5.02159307e-03   0.0000
 -1.05776496e-01   0.0000
  1.73014736e+00   0.0000
  8.52136314e-02   0.0000
 -9.47136402e-01   0.0000
 -2.09562159e+00   0.0000
 -4.28168215e-02   0.0000
  7.00876042e-02   0.0000
 -9.84131247e-02   0.0000
  1.82874557e-02   0.0000
  1.65239191e+00   0.0000
 -2.81640459e-02   0.0000
 -1.87502429e-01   0.0000
  4.37168311e-03   0.0000
  4.29307967e-01   0.0000
 -3.56918313e-02   0.0000
  2.33753562e-01   0.0000
  9.61273685e-02   0.0000
  2.45387722e-02   0.0000
  9.71046627e-01   0.0000
 -9.05452132e-01   0.0000
  2.30428672e+00   0.0000
  3.56991254e-02   0.0000
 -6.29258573e-01   0.0000
 -1.13963746e-02   0.0000
 -3.19545083e-02   0.0000
  2.40609384e+00   0.0000
  5.21659069e-02   0.0000
  1.06387809e-01   0.0000
 -2.23204285e-01   0.0000
  4.24604863e-03   0.0000
 -5.49378768e-02   0.0000
  1.84025973e-01   0.0000
 -2.65387408e-02   0.0000
 -1.92380667e-01   0.0000
  1.36985481e-01   0.0000
  1.99515387e-01   0.0000
  4.93486121e-04   0.0000
 -1.83894470e-01   0.0000
  1.74033105e-01   0.0000
 -1.48186758e-01   0.0000
 -2.29328260e-01   0.0000
 -1.34638265e-01   0.0000
 -3.69583845e-01   0.0000
  3.63979310e-01   0.0000
  4.89014655e-01   0.0000
 -1.76785007e-01   0.0000
  2.33771145e-01   0.0000
  2.13494319e-02   0.0000
  1.71212211e-01   0.0000
  5.91230690e-01   0.0000
 -1.69315428e-01   0.0000
  5.63119352e-01   0.0000
  1.48993158e+00   0.0000
  4.28267242e-03   0.0000
 -7.91883990e-02   0.0000
  2.99170524e-01   0.0000
 -3.28700580e-02   0.0000
 -9.85854447e-01   0.0000
  1.25649199e-01   0.0000
  4.50516135e-01   0.0000
 -3.82651240e-02   0.0000
 -4.35355008e-01   0.0000
  1.98589608e-01   0.0000
 -4.31357205e-01   0.0000
 -4.42494750e-01   0.0000
 -1.63472608e-01   0.0000
 -9.41550076e-01   0.0000
  1.08525002e+00   0.0000
 -1.56982207e+00   0.0000
 -1.96465880e-01   0.0000
  6.05903327e-01   0.0000
  3.25204208e-02   0.0000
  1.79929212e-01   0.0000
 -1.66128087e+00   0.0000
 -2.67369002e-01   0.0000
  3.56960326e-01   0.0000
 -1.05237253e-01   0.0000
  3.05032125e-04   0.0000
 -3.37836668e-02   0.0000
  3.35857779e-01   0.0000
 -4.95959148e-02   0.0000
 -2.29938835e-01   0.0000
  1.72746107e-01   0.0000
  3.84797752e-01   0.0000
  1.05628424e-05   0.0000
 -3.04133654e-01   0.0000
  2.72078574e-01   0.0000
 -3.40695202e-01   0.0000
 -4.06017303e-01   0.0000
 -1.81954592e-01   0.0000
 -6.51421130e-01   0.0000
  7.48452902e-01   0.0000
  2.54245907e-01   0.0000
 -3.00125450e-01   0.0000
  3.36806536e-01   0.0000
  5.45956492e-02   0.0000
  2.34124541e-01   0.0000
  3.86338085e-01   0.0000
 -3.19673151e-01   0.0000
  5.58532596e-01   0.0000
  9.71508682e-01   0.0000
 -4.96791452e-02   0.0000
  2.10701190e-02   0.0000
  3.59546207e-03   0.0000
 -6.32283324e-03   0.0000
 -3.87592882e-01   0.0000
  1.28878178e-02   0.0000
  6.76131845e-02   0.0000
 -3.45986662e-03   0.0000
 -9.06715542e-03   0.0000
  1.31383194e-02   0.0000
 -7.72062875e-03   0.0000
 -1.89753436e-02   0.0000
 -2.59797019e-03   0.0000
 -4.08708781e-01   0.0000
  1.59837693e-01   0.0000
 -1.19220829e+00   0.0000
 -1.15105301e-01   0.0000
  2.11988762e-02   0.0000
  4.12102882e-03   0.0000
  1.01782367e-01   0.0000
 -1.38783956e+00   0.0000
 -1.50402840e-02   0.0000
  4.95697767e-01   0.0000
  5.92324495e-01   0.0000
 -3.65806423e-04   0.0000
 -1.88342680e-03   0.0000
 -2.11870819e-02   0.0000
  2.54424085e-04   0.0000
 -4.68422472e-01   0.0000
 -1.07341213e-03   0.0000
  5.05712442e-02   0.0000
  1.37872703e-03   0.0000
  1.19230859e-02   0.0000
 -9.38237365e-03   0.0000
  1.10274572e-02   0.0000
  3.20783481e-02   0.0000
  7.04731047e-03   0.0000
 -3.32048982e-01   0.0000
  4.64425460e-02   0.0000
 -8.83766711e-01   0.0000
  1.39182396e-02   0.0000
  7.87164867e-02   0.0000
  5.03055612e-03   0.0000
 -1.07563576e-02   0.0000
 -9.01431203e-01   0.0000
  1.39772100e-02   0.0000
 -6.92015648e-01   0.0000
 -1.71310282e+00   0.0000
 -1.75021943e-02   0.0000
 -6.58290880e-03   0.0000
  6.97848620e-03   0.0000
 -3.74031533e-03   0.0000
  6.93960845e-01   0.0000
  9.59080271e-03   0.0000
 -7.13017285e-02   0.0000
 -5.41270804e-03   0.0000
  9.00741518e-02   0.0000
  2.93164491e-03   0.0000
  2.79973336e-02   0.0000
 -5.39937709e-03   0.0000
 -4.77259979e-03   0.0000
  4.21784908e-01   0.0000
  3.48304182e-01   0.0000
  2.33344936e+00   0.0000
 -1.02409711e-02   0.0000
 -2.08002225e-01   0.0000
  4.88473009e-03   0.0000
  5.14070457e-03   0.0000
  2.52099180e+00   0.0000
 -3.49619798e-03   0.0000
  4.33594823e-01   0.0000
  2.48582989e-01   0.0000
 -2.24708021e-01   0.0000
 -8.67075846e-03   0.0000
  5.54051101e-01   0.0000
 -1.72791690e-01   0.0000
 -2.37415165e-01   0.0000
  4.93177444e-01   0.0000
  5.22220969e-01   0.0000
 -1.90988779e-02   0.0000
 -4.04822826e-02   0.0000
  4.92719531e-01   0.0000
 -3.11907470e-01   0.0000
 -5.83253086e-01   0.0000
 -5.19896090e-01   0.0000
 -6.51630223e-01   0.0000
  1.13425255e+00   0.0000
 -6.15691423e-01   0.0000
 -7.52360046e-01   0.0000
  9.68919173e-02   0.0000
  1.09783657e-01   0.0000
  6.29779160e-01   0.0000
 -8.33306789e-01   0.0000
 -4.87860352e-01   0.0000
  2.18509889e+00   0.0000
  4.12803936e+00   0.0000
 -5.71883768e-02   0.0000
 -1.92293897e-01   0.0000
  1.05175626e+00   0.0000
 -2.29068577e-01   0.0000
 -3.27378798e+00   0.0000
  6.53409541e-01   0.0000
  1.16861808e+00   0.0000
 -9.51474980e-02   0.0000
 -9.48871970e-01   0.0000
  9.04841781e-01   0.0000
 -9.50698197e-01   0.0000
 -1.29560399e+00   0.0000
 -6.84303164e-01   0.0000
 -2.95651627e+00   0.0000
  3.17683744e+00   0.0000
 -4.68690920e+00   0.0000
 -1.00317073e+00   0.0000
  1.32641709e+00   0.0000
  2.41435826e-01   0.0000
  8.79475892e-01   0.0000
 -5.08999681e+00   0.0000
 -9.44700360e-01   0.0000
  0.00000000e+00   0.0000

