         10.00000          1.47283          1.47283          0.00000          0.00000          0.00021          1.47304          2.57188          0.00125 
         20.00000          0.22840          0.22840          0.00000          0.00000          0.00063          0.22903          4.65213          0.05095 
         30.00000          0.04795          0.04795          0.00000          0.00000          0.00087          0.04882          5.44023          0.10065 
         40.00000          0.02723          0.02723          0.00000          0.00000          0.00095          0.02818          5.63045          0.10090 
         50.00000          0.01909          0.01909          0.00000          0.00000          0.00098          0.02007          5.69551          0.10090 
         60.00000          0.01504          0.01504          0.00000          0.00000          0.00101          0.01605          5.72187          0.10090 
         70.00000          0.01287          0.01287          0.00000          0.00000          0.00103          0.01390          5.76039          0.10090 
         80.00000          0.01102          0.01102          0.00000          0.00000          0.00105          0.01207          5.78022          0.10090 
         90.00000          0.00977          0.00977          0.00000          0.00000          0.00106          0.01083          5.78598          0.10090 
        100.00000          0.00838          0.00838          0.00000          0.00000          0.00107          0.00945          5.78552          0.10090 
        110.00000          0.00710          0.00710          0.00000          0.00000          0.00108          0.00818          5.79077          0.10090 
        120.00000          0.00607          0.00607          0.00000          0.00000          0.00109          0.00717          5.80642          0.10090 
        130.00000          0.00541          0.00541          0.00000          0.00000          0.00111          0.00651          5.81351          0.10090 
        140.00000          0.00485          0.00485          0.00000          0.00000          0.00112          0.00597          5.81671          0.10090 
        150.00000          0.00436          0.00436          0.00000          0.00000          0.00112          0.00548          5.81538          0.10090 
        160.00000          0.00401          0.00401          0.00000          0.00000          0.00113          0.00514          5.81382          0.10090 
        170.00000          0.00374          0.00374          0.00000          0.00000          0.00113          0.00487          5.80928          0.10090 
        180.00000          0.00347          0.00347          0.00000          0.00000          0.00113          0.00460          5.80376          0.10090 
        190.00000          0.00329          0.00329          0.00000          0.00000          0.00113          0.00442          5.80024          0.10090 
        200.00000          0.00310          0.00310          0.00000          0.00000          0.00114          0.00424          5.79937          0.10090 
        210.00000          0.00298          0.00298          0.00000          0.00000          0.00114          0.00412          5.79893          0.10090 
        220.00000          0.00287          0.00287          0.00000          0.00000          0.00114          0.00401          5.80104          0.10090 
        230.00000          0.00270          0.00270          0.00000          0.00000          0.00115          0.00385          5.80725          0.10090 
        240.00000          0.00257          0.00257          0.00000          0.00000          0.00115          0.00372          5.81206          0.10090 
        250.00000          0.00246          0.00246          0.00000          0.00000          0.00116          0.00361          5.81624          0.10090 
        260.00000          0.00236          0.00236          0.00000          0.00000          0.00116          0.00352          5.82138          0.10090 
        270.00000          0.00227          0.00227          0.00000          0.00000          0.00116          0.00343          5.82618          0.10090 
        280.00000          0.00218          0.00218          0.00000          0.00000          0.00116          0.00334          5.83311          0.10090 
        290.00000          0.00210          0.00210          0.00000          0.00000          0.00116          0.00326          5.83807          0.10090 
        300.00000          0.00204          0.00204          0.00000          0.00000          0.00117          0.00320          5.84181          0.10090 
        310.00000          0.00198          0.00198          0.00000          0.00000          0.00117          0.00315          5.84544          0.10090 
        320.00000          0.00194          0.00194          0.00000          0.00000          0.00117          0.00311          5.84888          0.10090 
        330.00000          0.00190          0.00190          0.00000          0.00000          0.00117          0.00307          5.85225          0.10090 
        340.00000          0.00186          0.00186          0.00000          0.00000          0.00117          0.00303          5.85434          0.10090 
        350.00000          0.00183          0.00183          0.00000          0.00000          0.00117          0.00300          5.85597          0.10090 
        360.00000          0.00180          0.00180          0.00000          0.00000          0.00118          0.00298          5.85744          0.10090 
        370.00000          0.00177          0.00177          0.00000          0.00000          0.00118          0.00295          5.85904          0.10090 
        380.00000          0.00175          0.00175          0.00000          0.00000          0.00118          0.00293          5.85993          0.10090 
        390.00000          0.00173          0.00173          0.00000          0.00000          0.00118          0.00291          5.86099          0.10090 
        400.00000          0.00171          0.00171          0.00000          0.00000          0.00118          0.00289          5.86168          0.10090 
        410.00000          0.00170          0.00170          0.00000          0.00000          0.00118          0.00287          5.86163          0.10090 
        420.00000          0.00168          0.00168          0.00000          0.00000          0.00118          0.00286          5.86102          0.10090 
        430.00000          0.00166          0.00166          0.00000          0.00000          0.00118          0.00283          5.85943          0.10090 
        440.00000          0.00164          0.00164          0.00000          0.00000          0.00118          0.00282          5.85818          0.10090 
        450.00000          0.00162          0.00162          0.00000          0.00000          0.00118          0.00280          5.85662          0.10090 
        460.00000          0.00160          0.00160          0.00000          0.00000          0.00118          0.00278          5.85388          0.10090 
        470.00000          0.00158          0.00158          0.00000          0.00000          0.00118          0.00276          5.85123          0.10090 
        480.00000          0.00156          0.00156          0.00000          0.00000          0.00118          0.00274          5.84846          0.10090 
        490.00000          0.00154          0.00154          0.00000          0.00000          0.00118          0.00272          5.84588          0.10090 
        500.00000          0.00152          0.00152          0.00000          0.00000          0.00118          0.00270          5.84209          0.10090 
        510.00000          0.00151          0.00151          0.00000          0.00000          0.00118          0.00268          5.84002          0.10090 
        520.00000          0.00150          0.00150          0.00000          0.00000          0.00118          0.00267          5.83790          0.10090 
        530.00000          0.00149          0.00149          0.00000          0.00000          0.00118          0.00266          5.83512          0.10090 
        540.00000          0.00148          0.00148          0.00000          0.00000          0.00117          0.00265          5.83220          0.10090 
        550.00000          0.00146          0.00146          0.00000          0.00000          0.00117          0.00264          5.82898          0.10090 
        560.00000          0.00146          0.00146          0.00000          0.00000          0.00117          0.00263          5.82632          0.10090 
        570.00000          0.00144          0.00144          0.00000          0.00000          0.00117          0.00262          5.82218          0.10090 
        580.00000          0.00144          0.00144          0.00000          0.00000          0.00117          0.00261          5.81955          0.10090 
        590.00000          0.00142          0.00142          0.00000          0.00000          0.00117          0.00260          5.81559          0.10090 
        600.00000          0.00141          0.00141          0.00000          0.00000          0.00117          0.00258          5.81108          0.10090 
        610.00000          0.00140          0.00140          0.00000          0.00000          0.00117          0.00257          5.80623          0.10090 
        620.00000          0.00139          0.00139          0.00000          0.00000          0.00117          0.00256          5.80290          0.10090 
        630.00000          0.00139          0.00139          0.00000          0.00000          0.00117          0.00256          5.80083          0.10090 
        640.00000          0.00138          0.00138          0.00000          0.00000          0.00117          0.00255          5.79691          0.10090 
        650.00000          0.00138          0.00138          0.00000          0.00000          0.00117          0.00254          5.79429          0.10090 
        660.00000          0.00137          0.00137          0.00000          0.00000          0.00117          0.00254          5.79121          0.10090 
        670.00000          0.00136          0.00136          0.00000          0.00000          0.00117          0.00253          5.78549          0.10090 
        680.00000          0.00136          0.00136          0.00000          0.00000          0.00117          0.00253          5.78238          0.10090 
        690.00000          0.00136          0.00136          0.00000          0.00000          0.00117          0.00252          5.77969          0.10090 
        700.00000          0.00135          0.00135          0.00000          0.00000          0.00117          0.00252          5.77767          0.10090 
        710.00000          0.00135          0.00135          0.00000          0.00000          0.00117          0.00252          5.77434          0.10090 
        720.00000          0.00135          0.00135          0.00000          0.00000          0.00116          0.00251          5.76988          0.10090 
        730.00000          0.00135          0.00135          0.00000          0.00000          0.00116          0.00251          5.76673          0.10090 
        740.00000          0.00134          0.00134          0.00000          0.00000          0.00116          0.00251          5.76380          0.10090 
        750.00000          0.00134          0.00134          0.00000          0.00000          0.00116          0.00250          5.76138          0.10090 
        760.00000          0.00134          0.00134          0.00000          0.00000          0.00116          0.00250          5.75695          0.10090 
        770.00000          0.00134          0.00134          0.00000          0.00000          0.00116          0.00250          5.75336          0.10090 
        780.00000          0.00133          0.00133          0.00000          0.00000          0.00116          0.00249          5.74857          0.10090 
        790.00000          0.00133          0.00133          0.00000          0.00000          0.00116          0.00249          5.74162          0.10090 
        800.00000          0.00132          0.00132          0.00000          0.00000          0.00116          0.00248          5.73746          0.10090 
        810.00000          0.00132          0.00132          0.00000          0.00000          0.00116          0.00248          5.73082          0.10090 
        820.00000          0.00132          0.00132          0.00000          0.00000          0.00115          0.00247          5.72686          0.10090 
        830.00000          0.00132          0.00132          0.00000          0.00000          0.00115          0.00247          5.71853          0.10090 
        840.00000          0.00131          0.00131          0.00000          0.00000          0.00115          0.00246          5.71610          0.10090 
        850.00000          0.00131          0.00131          0.00000          0.00000          0.00115          0.00246          5.70993          0.10090 
        860.00000          0.00131          0.00131          0.00000          0.00000          0.00115          0.00246          5.70220          0.10090 
        870.00000          0.00131          0.00131          0.00000          0.00000          0.00115          0.00245          5.69873          0.10090 
        880.00000          0.00130          0.00130          0.00000          0.00000          0.00115          0.00245          5.69540          0.10090 
        890.00000          0.00130          0.00130          0.00000          0.00000          0.00115          0.00245          5.69235          0.10090 
        900.00000          0.00130          0.00130          0.00000          0.00000          0.00114          0.00244          5.69007          0.10090 
        910.00000          0.00130          0.00130          0.00000          0.00000          0.00114          0.00244          5.68608          0.10090 
        920.00000          0.00130          0.00130          0.00000          0.00000          0.00114          0.00244          5.68228          0.10090 
        930.00000          0.00129          0.00129          0.00000          0.00000          0.00114          0.00244          5.67802          0.10090 
        940.00000          0.00129          0.00129          0.00000          0.00000          0.00114          0.00243          5.67309          0.10090 
        950.00000          0.00129          0.00129          0.00000          0.00000          0.00114          0.00243          5.66989          0.10090 
        960.00000          0.00129          0.00129          0.00000          0.00000          0.00114          0.00243          5.66619          0.10090 
        970.00000          0.00129          0.00129          0.00000          0.00000          0.00114          0.00243          5.66168          0.10090 
        980.00000          0.00129          0.00129          0.00000          0.00000          0.00113          0.00242          5.65580          0.10090 
        990.00000          0.00129          0.00129          0.00000          0.00000          0.00113          0.00242          5.65284          0.10090 
       1000.00000          0.00129          0.00129          0.00000          0.00000          0.00113          0.00242          5.65125          0.10090 
       1010.00000          0.00128          0.00128          0.00000          0.00000          0.00113          0.00242          5.64800          0.10090 
       1020.00000          0.00128          0.00128          0.00000          0.00000          0.00113          0.00241          5.64465          0.10090 
       1030.00000          0.00128          0.00128          0.00000          0.00000          0.00113          0.00241          5.64200          0.10090 
       1040.00000          0.00128          0.00128          0.00000          0.00000          0.00113          0.00241          5.64041          0.10090 
       1050.00000          0.00128          0.00128          0.00000          0.00000          0.00113          0.00241          5.63578          0.10090 
       1060.00000          0.00128          0.00128          0.00000          0.00000          0.00113          0.00241          5.63410          0.10090 
       1070.00000          0.00128          0.00128          0.00000          0.00000          0.00113          0.00240          5.63150          0.10090 
       1080.00000          0.00127          0.00127          0.00000          0.00000          0.00113          0.00240          5.62772          0.10090 
       1090.00000          0.00127          0.00127          0.00000          0.00000          0.00112          0.00240          5.62464          0.10090 
       1100.00000          0.00127          0.00127          0.00000          0.00000          0.00112          0.00240          5.62071          0.10090 
       1110.00000          0.00127          0.00127          0.00000          0.00000          0.00112          0.00240          5.61836          0.10090 
       1120.00000          0.00127          0.00127          0.00000          0.00000          0.00112          0.00239          5.61328          0.10090 
       1130.00000          0.00127          0.00127          0.00000          0.00000          0.00112          0.00239          5.60567          0.10090 
       1140.00000          0.00127          0.00127          0.00000          0.00000          0.00112          0.00239          5.59956          0.10090 
       1150.00000          0.00127          0.00127          0.00000          0.00000          0.00112          0.00238          5.59628          0.10090 
       1160.00000          0.00127          0.00127          0.00000          0.00000          0.00112          0.00238          5.59387          0.10090 
       1170.00000          0.00127          0.00127          0.00000          0.00000          0.00111          0.00238          5.58986          0.10090 
       1180.00000          0.00127          0.00127          0.00000          0.00000          0.00111          0.00238          5.58817          0.10090 
       1190.00000          0.00127          0.00127          0.00000          0.00000          0.00111          0.00238          5.58651          0.10090 
       1200.00000          0.00127          0.00127          0.00000          0.00000          0.00111          0.00238          5.58458          0.10090 
       1210.00000          0.00127          0.00127          0.00000          0.00000          0.00111          0.00238          5.58174          0.10090 
       1220.00000          0.00127          0.00127          0.00000          0.00000          0.00111          0.00238          5.57996          0.10090 
       1230.00000          0.00126          0.00126          0.00000          0.00000          0.00111          0.00238          5.57709          0.10090 
       1240.00000          0.00126          0.00126          0.00000          0.00000          0.00111          0.00237          5.57345          0.10090 
       1250.00000          0.00126          0.00126          0.00000          0.00000          0.00111          0.00237          5.56893          0.10090 
       1260.00000          0.00126          0.00126          0.00000          0.00000          0.00111          0.00237          5.56617          0.10090 
       1270.00000          0.00126          0.00126          0.00000          0.00000          0.00111          0.00237          5.56307          0.10090 
       1280.00000          0.00126          0.00126          0.00000          0.00000          0.00111          0.00237          5.55989          0.10090 
       1290.00000          0.00126          0.00126          0.00000          0.00000          0.00110          0.00236          5.55430          0.10090 
       1300.00000          0.00126          0.00126          0.00000          0.00000          0.00110          0.00236          5.55042          0.10090 
       1310.00000          0.00126          0.00126          0.00000          0.00000          0.00110          0.00236          5.54476          0.10090 
       1320.00000          0.00126          0.00126          0.00000          0.00000          0.00110          0.00236          5.53661          0.10090 
       1330.00000          0.00126          0.00126          0.00000          0.00000          0.00110          0.00236          5.52757          0.10090 
       1340.00000          0.00126          0.00126          0.00000          0.00000          0.00109          0.00235          5.51768          0.10090 
       1350.00000          0.00126          0.00126          0.00000          0.00000          0.00109          0.00235          5.50473          0.10090 
       1360.00000          0.00126          0.00126          0.00000          0.00000          0.00109          0.00234          5.49881          0.10090 
       1370.00000          0.00126          0.00126          0.00000          0.00000          0.00108          0.00234          5.49251          0.10090 
       1380.00000          0.00125          0.00125          0.00000          0.00000          0.00108          0.00234          5.48351          0.10090 
       1390.00000          0.00125          0.00125          0.00000          0.00000          0.00108          0.00234          5.47890          0.10090 
       1400.00000          0.00125          0.00125          0.00000          0.00000          0.00108          0.00233          5.47201          0.10090 
       1410.00000          0.00125          0.00125          0.00000          0.00000          0.00108          0.00233          5.46855          0.10090 
       1420.00000          0.00125          0.00125          0.00000          0.00000          0.00108          0.00233          5.46539          0.10090 
       1430.00000          0.00125          0.00125          0.00000          0.00000          0.00107          0.00232          5.45710          0.10090 
       1440.00000          0.00125          0.00125          0.00000          0.00000          0.00107          0.00232          5.45244          0.10090 
       1450.00000          0.00125          0.00125          0.00000          0.00000          0.00107          0.00232          5.45063          0.10090 
       1460.00000          0.00125          0.00125          0.00000          0.00000          0.00107          0.00232          5.44526          0.10090 
       1470.00000          0.00125          0.00125          0.00000          0.00000          0.00107          0.00231          5.43956          0.10090 
       1480.00000          0.00125          0.00125          0.00000          0.00000          0.00107          0.00231          5.43779          0.10090 
       1490.00000          0.00125          0.00125          0.00000          0.00000          0.00107          0.00231          5.43191          0.10090 
       1500.00000          0.00125          0.00125          0.00000          0.00000          0.00106          0.00231          5.42890          0.10090 
       1510.00000          0.00124          0.00124          0.00000          0.00000          0.00106          0.00231          5.42313          0.10090 
       1520.00000          0.00124          0.00124          0.00000          0.00000          0.00106          0.00230          5.41685          0.10090 
       1530.00000          0.00124          0.00124          0.00000          0.00000          0.00106          0.00230          5.40844          0.10090 
       1540.00000          0.00124          0.00124          0.00000          0.00000          0.00106          0.00230          5.40209          0.10090 
       1550.00000          0.00124          0.00124          0.00000          0.00000          0.00105          0.00230          5.39710          0.10090 
       1560.00000          0.00124          0.00124          0.00000          0.00000          0.00105          0.00229          5.39311          0.10090 
       1570.00000          0.00124          0.00124          0.00000          0.00000          0.00105          0.00229          5.38615          0.10090 
       1580.00000          0.00124          0.00124          0.00000          0.00000          0.00105          0.00229          5.38012          0.10090 
       1590.00000          0.00124          0.00124          0.00000          0.00000          0.00105          0.00229          5.37489          0.10090 
       1600.00000          0.00124          0.00124          0.00000          0.00000          0.00105          0.00229          5.37020          0.10090 
       1610.00000          0.00124          0.00124          0.00000          0.00000          0.00104          0.00228          5.36476          0.10090 
       1620.00000          0.00124          0.00124          0.00000          0.00000          0.00104          0.00228          5.36055          0.10090 
       1630.00000          0.00124          0.00124          0.00000          0.00000          0.00104          0.00228          5.35512          0.10090 
       1640.00000          0.00124          0.00124          0.00000          0.00000          0.00104          0.00228          5.34667          0.10090 
       1650.00000          0.00124          0.00124          0.00000          0.00000          0.00104          0.00227          5.34123          0.10090 
       1660.00000          0.00124          0.00124          0.00000          0.00000          0.00103          0.00227          5.33726          0.10090 
       1670.00000          0.00124          0.00124          0.00000          0.00000          0.00103          0.00227          5.33228          0.10090 
       1680.00000          0.00124          0.00124          0.00000          0.00000          0.00103          0.00227          5.32641          0.10090 
       1690.00000          0.00124          0.00124          0.00000          0.00000          0.00103          0.00226          5.32050          0.10090 
       1700.00000          0.00124          0.00124          0.00000          0.00000          0.00103          0.00226          5.31561          0.10090 
       1710.00000          0.00123          0.00123          0.00000          0.00000          0.00103          0.00226          5.31168          0.10090 
       1720.00000          0.00123          0.00123          0.00000          0.00000          0.00102          0.00226          5.30871          0.10090 
       1730.00000          0.00123          0.00123          0.00000          0.00000          0.00102          0.00226          5.30515          0.10090 
       1740.00000          0.00123          0.00123          0.00000          0.00000          0.00102          0.00226          5.30088          0.10090 
       1750.00000          0.00123          0.00123          0.00000          0.00000          0.00102          0.00225          5.29353          0.10090 
       1760.00000          0.00123          0.00123          0.00000          0.00000          0.00102          0.00225          5.28680          0.10090 
       1770.00000          0.00123          0.00123          0.00000          0.00000          0.00102          0.00225          5.27988          0.10090 
       1780.00000          0.00123          0.00123          0.00000          0.00000          0.00101          0.00225          5.27400          0.10090 
       1790.00000          0.00123          0.00123          0.00000          0.00000          0.00101          0.00224          5.26413          0.10090 
       1800.00000          0.00123          0.00123          0.00000          0.00000          0.00101          0.00224          5.25831          0.10090 
       1810.00000          0.00123          0.00123          0.00000          0.00000          0.00101          0.00224          5.25107          0.10090 
       1820.00000          0.00123          0.00123          0.00000          0.00000          0.00100          0.00223          5.23997          0.10090 
       1830.00000          0.00123          0.00123          0.00000          0.00000          0.00100          0.00223          5.23293          0.10090 
       1840.00000          0.00123          0.00123          0.00000          0.00000          0.00100          0.00223          5.22662          0.10090 
       1850.00000          0.00123          0.00123          0.00000          0.00000          0.00100          0.00222          5.22186          0.10090 
       1860.00000          0.00123          0.00123          0.00000          0.00000          0.00100          0.00222          5.21864          0.10090 
       1870.00000          0.00123          0.00123          0.00000          0.00000          0.00100          0.00222          5.21415          0.10090 
       1880.00000          0.00122          0.00122          0.00000          0.00000          0.00099          0.00222          5.20478          0.10090 
       1890.00000          0.00122          0.00122          0.00000          0.00000          0.00099          0.00222          5.19846          0.10090 
       1900.00000          0.00122          0.00122          0.00000          0.00000          0.00099          0.00221          5.19447          0.10090 
       1910.00000          0.00122          0.00122          0.00000          0.00000          0.00099          0.00221          5.19098          0.10090 
       1920.00000          0.00122          0.00122          0.00000          0.00000          0.00099          0.00221          5.18601          0.10090 
       1930.00000          0.00122          0.00122          0.00000          0.00000          0.00099          0.00221          5.17986          0.10090 
       1940.00000          0.00122          0.00122          0.00000          0.00000          0.00099          0.00221          5.17515          0.10090 
       1950.00000          0.00122          0.00122          0.00000          0.00000          0.00098          0.00221          5.16937          0.10090 
       1960.00000          0.00122          0.00122          0.00000          0.00000          0.00098          0.00220          5.16101          0.10090 
       1970.00000          0.00122          0.00122          0.00000          0.00000          0.00098          0.00220          5.15277          0.10090 
       1980.00000          0.00122          0.00122          0.00000          0.00000          0.00098          0.00220          5.14979          0.10090 
       1990.00000          0.00122          0.00122          0.00000          0.00000          0.00098          0.00220          5.14732          0.10090 
       2000.00000          0.00122          0.00122          0.00000          0.00000          0.00098          0.00219          5.14410          0.10090 
       2010.00000          0.00122          0.00122          0.00000          0.00000          0.00098          0.00219          5.14072          0.10090 
       2020.00000          0.00122          0.00122          0.00000          0.00000          0.00097          0.00219          5.13474          0.10090 
       2030.00000          0.00121          0.00121          0.00000          0.00000          0.00097          0.00219          5.13184          0.10090 
       2040.00000          0.00121          0.00121          0.00000          0.00000          0.00097          0.00219          5.12848          0.10090 
       2050.00000          0.00121          0.00121          0.00000          0.00000          0.00097          0.00218          5.12510          0.10090 
       2060.00000          0.00121          0.00121          0.00000          0.00000          0.00097          0.00218          5.11939          0.10090 
       2070.00000          0.00121          0.00121          0.00000          0.00000          0.00097          0.00218          5.11552          0.10090 
       2080.00000          0.00121          0.00121          0.00000          0.00000          0.00097          0.00218          5.10764          0.10090 
       2090.00000          0.00121          0.00121          0.00000          0.00000          0.00097          0.00217          5.10487          0.10090 
       2100.00000          0.00121          0.00121          0.00000          0.00000          0.00096          0.00217          5.10048          0.10090 
       2110.00000          0.00121          0.00121          0.00000          0.00000          0.00096          0.00217          5.09042          0.10090 
       2120.00000          0.00121          0.00121          0.00000          0.00000          0.00096          0.00216          5.08193          0.10090 
       2130.00000          0.00120          0.00120          0.00000          0.00000          0.00096          0.00216          5.07488          0.10090 
       2140.00000          0.00120          0.00120          0.00000          0.00000          0.00096          0.00216          5.06984          0.10090 
       2150.00000          0.00120          0.00120          0.00000          0.00000          0.00095          0.00216          5.06533          0.10090 
       2160.00000          0.00120          0.00120          0.00000          0.00000          0.00095          0.00215          5.06262          0.10090 
       2170.00000          0.00120          0.00120          0.00000          0.00000          0.00095          0.00215          5.06009          0.10090 
       2180.00000          0.00120          0.00120          0.00000          0.00000          0.00095          0.00215          5.05799          0.10090 
       2190.00000          0.00120          0.00120          0.00000          0.00000          0.00095          0.00215          5.05731          0.10090 
       2200.00000          0.00120          0.00120          0.00000          0.00000          0.00095          0.00215          5.05615          0.10090 
       2210.00000          0.00120          0.00120          0.00000          0.00000          0.00095          0.00215          5.05347          0.10090 
       2220.00000          0.00120          0.00120          0.00000          0.00000          0.00095          0.00215          5.05256          0.10090 
       2230.00000          0.00120          0.00120          0.00000          0.00000          0.00095          0.00215          5.05142          0.10090 
       2240.00000          0.00120          0.00120          0.00000          0.00000          0.00095          0.00215          5.04949          0.10090 
       2250.00000          0.00120          0.00120          0.00000          0.00000          0.00095          0.00215          5.04929          0.10090 
       2260.00000          0.00120          0.00120          0.00000          0.00000          0.00095          0.00215          5.04723          0.10090 
       2270.00000          0.00120          0.00120          0.00000          0.00000          0.00095          0.00214          5.04447          0.10090 
       2280.00000          0.00120          0.00120          0.00000          0.00000          0.00095          0.00214          5.04213          0.10090 
       2290.00000          0.00120          0.00120          0.00000          0.00000          0.00095          0.00214          5.04073          0.10090 
       2300.00000          0.00119          0.00119          0.00000          0.00000          0.00095          0.00214          5.03951          0.10090 
       2310.00000          0.00119          0.00119          0.00000          0.00000          0.00095          0.00214          5.03849          0.10090 
       2320.00000          0.00119          0.00119          0.00000          0.00000          0.00095          0.00214          5.03745          0.10090 
       2330.00000          0.00119          0.00119          0.00000          0.00000          0.00095          0.00214          5.03672          0.10090 
       2340.00000          0.00119          0.00119          0.00000          0.00000          0.00094          0.00214          5.03463          0.10090 
       2350.00000          0.00119          0.00119          0.00000          0.00000          0.00094          0.00214          5.03193          0.10090 
       2360.00000          0.00119          0.00119          0.00000          0.00000          0.00094          0.00213          5.03070          0.10090 
       2370.00000          0.00119          0.00119          0.00000          0.00000          0.00094          0.00213          5.02928          0.10090 
       2380.00000          0.00119          0.00119          0.00000          0.00000          0.00094          0.00213          5.02801          0.10090 
       2390.00000          0.00119          0.00119          0.00000          0.00000          0.00094          0.00213          5.02720          0.10090 
       2400.00000          0.00119          0.00119          0.00000          0.00000          0.00094          0.00213          5.02604          0.10090 
       2410.00000          0.00119          0.00119          0.00000          0.00000          0.00094          0.00213          5.02507          0.10090 
       2420.00000          0.00119          0.00119          0.00000          0.00000          0.00094          0.00213          5.02288          0.10090 
       2430.00000          0.00119          0.00119          0.00000          0.00000          0.00094          0.00213          5.02142          0.10090 
       2440.00000          0.00119          0.00119          0.00000          0.00000          0.00094          0.00213          5.02022          0.10090 
       2450.00000          0.00119          0.00119          0.00000          0.00000          0.00094          0.00213          5.01920          0.10090 
       2460.00000          0.00119          0.00119          0.00000          0.00000          0.00094          0.00213          5.01841          0.10090 
       2470.00000          0.00119          0.00119          0.00000          0.00000          0.00094          0.00212          5.01713          0.10090 
       2480.00000          0.00119          0.00119          0.00000          0.00000          0.00094          0.00212          5.01680          0.10090 
       2490.00000          0.00119          0.00119          0.00000          0.00000          0.00094          0.00212          5.01608          0.10090 
       2500.00000          0.00119          0.00119          0.00000          0.00000          0.00094          0.00212          5.01492          0.10090 
       2510.00000          0.00118          0.00118          0.00000          0.00000          0.00094          0.00212          5.01393          0.10090 
       2520.00000          0.00118          0.00118          0.00000          0.00000          0.00094          0.00212          5.01316          0.10090 
       2530.00000          0.00118          0.00118          0.00000          0.00000          0.00094          0.00212          5.01205          0.10090 
       2540.00000          0.00118          0.00118          0.00000          0.00000          0.00094          0.00212          5.01035          0.10090 
       2550.00000          0.00118          0.00118          0.00000          0.00000          0.00094          0.00212          5.00953          0.10090 
       2560.00000          0.00118          0.00118          0.00000          0.00000          0.00094          0.00212          5.00799          0.10090 
       2570.00000          0.00118          0.00118          0.00000          0.00000          0.00093          0.00212          5.00682          0.10090 
       2580.00000          0.00118          0.00118          0.00000          0.00000          0.00093          0.00212          5.00586          0.10090 
       2590.00000          0.00118          0.00118          0.00000          0.00000          0.00093          0.00212          5.00404          0.10090 
       2600.00000          0.00118          0.00118          0.00000          0.00000          0.00093          0.00212          5.00279          0.10090 
       2610.00000          0.00118          0.00118          0.00000          0.00000          0.00093          0.00212          5.00196          0.10090 
       2620.00000          0.00118          0.00118          0.00000          0.00000          0.00093          0.00211          4.99984          0.10090 
       2630.00000          0.00118          0.00118          0.00000          0.00000          0.00093          0.00211          4.99851          0.10090 
       2640.00000          0.00118          0.00118          0.00000          0.00000          0.00093          0.00211          4.99713          0.10090 
       2650.00000          0.00118          0.00118          0.00000          0.00000          0.00093          0.00211          4.99536          0.10090 
       2660.00000          0.00118          0.00118          0.00000          0.00000          0.00093          0.00211          4.99470          0.10090 
       2670.00000          0.00118          0.00118          0.00000          0.00000          0.00093          0.00211          4.99427          0.10090 
       2680.00000          0.00118          0.00118          0.00000          0.00000          0.00093          0.00211          4.99303          0.10090 
       2690.00000          0.00118          0.00118          0.00000          0.00000          0.00093          0.00211          4.99218          0.10090 
       2700.00000          0.00118          0.00118          0.00000          0.00000          0.00093          0.00211          4.99060          0.10090 
       2710.00000          0.00118          0.00118          0.00000          0.00000          0.00093          0.00211          4.98834          0.10090 
       2720.00000          0.00118          0.00118          0.00000          0.00000          0.00093          0.00211          4.98748          0.10090 
       2730.00000          0.00118          0.00118          0.00000          0.00000          0.00093          0.00211          4.98657          0.10090 
       2740.00000          0.00118          0.00118          0.00000          0.00000          0.00093          0.00211          4.98527          0.10090 
       2750.00000          0.00118          0.00118          0.00000          0.00000          0.00093          0.00211          4.98379          0.10090 
       2760.00000          0.00118          0.00118          0.00000          0.00000          0.00092          0.00211          4.98241          0.10090 
       2770.00000          0.00118          0.00118          0.00000          0.00000          0.00092          0.00210          4.97935          0.10090 
       2780.00000          0.00118          0.00118          0.00000          0.00000          0.00092          0.00210          4.97702          0.10090 
       2790.00000          0.00118          0.00118          0.00000          0.00000          0.00092          0.00210          4.97589          0.10090 
       2800.00000          0.00118          0.00118          0.00000          0.00000          0.00092          0.00210          4.97463          0.10090 
       2810.00000          0.00118          0.00118          0.00000          0.00000          0.00092          0.00210          4.97359          0.10090 
       2820.00000          0.00118          0.00118          0.00000          0.00000          0.00092          0.00210          4.97208          0.10090 
       2830.00000          0.00118          0.00118          0.00000          0.00000          0.00092          0.00210          4.97093          0.10090 
       2840.00000          0.00118          0.00118          0.00000          0.00000          0.00092          0.00210          4.96874          0.10090 
       2850.00000          0.00118          0.00118          0.00000          0.00000          0.00092          0.00210          4.96787          0.10090 
       2860.00000          0.00118          0.00118          0.00000          0.00000          0.00092          0.00210          4.96626          0.10090 
       2870.00000          0.00118          0.00118          0.00000          0.00000          0.00092          0.00210          4.96410          0.10090 
       2880.00000          0.00118          0.00118          0.00000          0.00000          0.00092          0.00209          4.96059          0.10090 
       2890.00000          0.00118          0.00118          0.00000          0.00000          0.00092          0.00209          4.95892          0.10090 
       2900.00000          0.00118          0.00118          0.00000          0.00000          0.00091          0.00209          4.95656          0.10090 
       2910.00000          0.00118          0.00118          0.00000          0.00000          0.00091          0.00209          4.95561          0.10090 
       2920.00000          0.00118          0.00118          0.00000          0.00000          0.00091          0.00209          4.95509          0.10090 
       2930.00000          0.00118          0.00118          0.00000          0.00000          0.00091          0.00209          4.95486          0.10090 
       2940.00000          0.00118          0.00118          0.00000          0.00000          0.00091          0.00209          4.95429          0.10090 
       2950.00000          0.00118          0.00118          0.00000          0.00000          0.00091          0.00209          4.95353          0.10090 
       2960.00000          0.00118          0.00118          0.00000          0.00000          0.00091          0.00209          4.95229          0.10090 
       2970.00000          0.00118          0.00118          0.00000          0.00000          0.00091          0.00209          4.95168          0.10090 
       2980.00000          0.00118          0.00118          0.00000          0.00000          0.00091          0.00209          4.95122          0.10090 
       2990.00000          0.00117          0.00117          0.00000          0.00000          0.00091          0.00209          4.95004          0.10090 
       3000.00000          0.00117          0.00117          0.00000          0.00000          0.00091          0.00209          4.94921          0.10090 
       3010.00000          0.00117          0.00117          0.00000          0.00000          0.00091          0.00209          4.94785          0.10090 
       3020.00000          0.00117          0.00117          0.00000          0.00000          0.00091          0.00208          4.94641          0.10090 
       3030.00000          0.00117          0.00117          0.00000          0.00000          0.00091          0.00208          4.94520          0.10090 
       3040.00000          0.00117          0.00117          0.00000          0.00000          0.00091          0.00208          4.94382          0.10090 
       3050.00000          0.00117          0.00117          0.00000          0.00000          0.00091          0.00208          4.94259          0.10090 
       3060.00000          0.00117          0.00117          0.00000          0.00000          0.00091          0.00208          4.94065          0.10090 
       3070.00000          0.00117          0.00117          0.00000          0.00000          0.00091          0.00208          4.93977          0.10090 
       3080.00000          0.00117          0.00117          0.00000          0.00000          0.00091          0.00208          4.93801          0.10090 
       3090.00000          0.00117          0.00117          0.00000          0.00000          0.00091          0.00208          4.93666          0.10090 
       3100.00000          0.00117          0.00117          0.00000          0.00000          0.00090          0.00208          4.93544          0.10090 
       3110.00000          0.00117          0.00117          0.00000          0.00000          0.00090          0.00208          4.93461          0.10090 
       3120.00000          0.00117          0.00117          0.00000          0.00000          0.00090          0.00208          4.93367          0.10090 
       3130.00000          0.00117          0.00117          0.00000          0.00000          0.00090          0.00207          4.93224          0.10090 
       3140.00000          0.00117          0.00117          0.00000          0.00000          0.00090          0.00207          4.93037          0.10090 
       3150.00000          0.00117          0.00117          0.00000          0.00000          0.00090          0.00207          4.92737          0.10090 
       3160.00000          0.00117          0.00117          0.00000          0.00000          0.00090          0.00207          4.92485          0.10090 
       3170.00000          0.00117          0.00117          0.00000          0.00000          0.00090          0.00207          4.92192          0.10090 
       3180.00000          0.00117          0.00117          0.00000          0.00000          0.00090          0.00207          4.92022          0.10090 
       3190.00000          0.00117          0.00117          0.00000          0.00000          0.00090          0.00207          4.91891          0.10090 
       3200.00000          0.00117          0.00117          0.00000          0.00000          0.00090          0.00207          4.91757          0.10090 
       3210.00000          0.00117          0.00117          0.00000          0.00000          0.00090          0.00207          4.91689          0.10090 
       3220.00000          0.00117          0.00117          0.00000          0.00000          0.00090          0.00207          4.91593          0.10090 
       3230.00000          0.00117          0.00117          0.00000          0.00000          0.00090          0.00207          4.91501          0.10090 
       3240.00000          0.00117          0.00117          0.00000          0.00000          0.00089          0.00206          4.91327          0.10090 
       3250.00000          0.00117          0.00117          0.00000          0.00000          0.00089          0.00206          4.91182          0.10090 
       3260.00000          0.00117          0.00117          0.00000          0.00000          0.00089          0.00206          4.91091          0.10090 
       3270.00000          0.00117          0.00117          0.00000          0.00000          0.00089          0.00206          4.90870          0.10090 
       3280.00000          0.00117          0.00117          0.00000          0.00000          0.00089          0.00206          4.90739          0.10090 
       3290.00000          0.00117          0.00117          0.00000          0.00000          0.00089          0.00206          4.90527          0.10090 
       3300.00000          0.00117          0.00117          0.00000          0.00000          0.00089          0.00206          4.90353          0.10090 
       3310.00000          0.00117          0.00117          0.00000          0.00000          0.00089          0.00206          4.90297          0.10090 
       3320.00000          0.00117          0.00117          0.00000          0.00000          0.00089          0.00206          4.90197          0.10090 
       3330.00000          0.00117          0.00117          0.00000          0.00000          0.00089          0.00206          4.90094          0.10090 
       3340.00000          0.00117          0.00117          0.00000          0.00000          0.00089          0.00206          4.89988          0.10090 
       3350.00000          0.00117          0.00117          0.00000          0.00000          0.00089          0.00206          4.89900          0.10090 
       3360.00000          0.00117          0.00117          0.00000          0.00000          0.00089          0.00206          4.89799          0.10090 
       3370.00000          0.00117          0.00117          0.00000          0.00000          0.00089          0.00206          4.89732          0.10090 
       3380.00000          0.00117          0.00117          0.00000          0.00000          0.00089          0.00206          4.89689          0.10090 
       3390.00000          0.00117          0.00117          0.00000          0.00000          0.00089          0.00206          4.89689          0.10090 
       3400.00000          0.00117          0.00117          0.00000          0.00000          0.00089          0.00206          4.89689          0.10090 
       3410.00000          0.00117          0.00117          0.00000          0.00000          0.00089          0.00206          4.89689          0.10090 
       3420.00000          0.00117          0.00117          0.00000          0.00000          0.00089          0.00206          4.89689          0.10090 
       3430.00000          0.00117          0.00117          0.00000          0.00000          0.00089          0.00206          4.89689          0.10090 
       3440.00000          0.00117          0.00117          0.00000          0.00000          0.00089          0.00206          4.89689          0.10090 
       3450.00000          0.00117          0.00117          0.00000          0.00000          0.00089          0.00206          4.89689          0.10090 
       3460.00000          0.00117          0.00117          0.00000          0.00000          0.00089          0.00206          4.89689          0.10090 
       3470.00000          0.00117          0.00117          0.00000          0.00000          0.00089          0.00206          4.89689          0.10090 
       3480.00000          0.00117          0.00117          0.00000          0.00000          0.00089          0.00206          4.89689          0.10090 
       3490.00000          0.00117          0.00117          0.00000          0.00000          0.00089          0.00206          4.89689          0.10090 
       3500.00000          0.00117          0.00117          0.00000          0.00000          0.00089          0.00206          4.89689          0.10090 
       3510.00000          0.00117          0.00117          0.00000          0.00000          0.00089          0.00206          4.89689          0.10090 
       3520.00000          0.00117          0.00117          0.00000          0.00000          0.00089          0.00206          4.89689          0.10090 
       3530.00000          0.00117          0.00117          0.00000          0.00000          0.00089          0.00206          4.89689          0.10090 
       3540.00000          0.00117          0.00117          0.00000          0.00000          0.00089          0.00206          4.89689          0.10090 
       3550.00000          0.00117          0.00117          0.00000          0.00000          0.00089          0.00206          4.89689          0.10090 
       3560.00000          0.00117          0.00117          0.00000          0.00000          0.00089          0.00206          4.89689          0.10090 
       3570.00000          0.00117          0.00117          0.00000          0.00000          0.00089          0.00206          4.89689          0.10090 
       3580.00000          0.00117          0.00117          0.00000          0.00000          0.00089          0.00206          4.89689          0.10090 
       3590.00000          0.00117          0.00117          0.00000          0.00000          0.00089          0.00206          4.89689          0.10090 
       3600.00000          0.00117          0.00117          0.00000          0.00000          0.00089          0.00206          4.89689          0.10090 
       3610.00000          0.00117          0.00117          0.00000          0.00000          0.00089          0.00206          4.89689          0.10090 
       3620.00000          0.00117          0.00117          0.00000          0.00000          0.00089          0.00206          4.89689          0.10090 
       3630.00000          0.00117          0.00117          0.00000          0.00000          0.00089          0.00206          4.89689          0.10090 
       3640.00000          0.00117          0.00117          0.00000          0.00000          0.00089          0.00206          4.89689          0.10090 
       3650.00000          0.00117          0.00117          0.00000          0.00000          0.00089          0.00206          4.89689          0.10090 
       3660.00000          0.00117          0.00117          0.00000          0.00000          0.00089          0.00206          4.89689          0.10090 
       3670.00000          0.00117          0.00117          0.00000          0.00000          0.00089          0.00206          4.89689          0.10090 
       3680.00000          0.00117          0.00117          0.00000          0.00000          0.00089          0.00206          4.89689          0.10090 
       3690.00000          0.00117          0.00117          0.00000          0.00000          0.00089          0.00206          4.89689          0.10090 
       3700.00000          0.00117          0.00117          0.00000          0.00000          0.00089          0.00206          4.89689          0.10090 
       3710.00000          0.00117          0.00117          0.00000          0.00000          0.00089          0.00206          4.89689          0.10090 
       3720.00000          0.00117          0.00117          0.00000          0.00000          0.00089          0.00206          4.89689          0.10090 
       3730.00000          0.00117          0.00117          0.00000          0.00000          0.00089          0.00206          4.89689          0.10090 
       3740.00000          0.00117          0.00117          0.00000          0.00000          0.00089          0.00206          4.89689          0.10090 
       3750.00000          0.00117          0.00117          0.00000          0.00000          0.00089          0.00206          4.89689          0.10090 
       3760.00000          0.00117          0.00117          0.00000          0.00000          0.00089          0.00206          4.89689          0.10090 
       3770.00000          0.00117          0.00117          0.00000          0.00000          0.00089          0.00206          4.89689          0.10090 
       3780.00000          0.00117          0.00117          0.00000          0.00000          0.00089          0.00206          4.89689          0.10090 
       3790.00000          0.00117          0.00117          0.00000          0.00000          0.00089          0.00206          4.89689          0.10090 
       3800.00000          0.00117          0.00117          0.00000          0.00000          0.00089          0.00206          4.89689          0.10090 
       3810.00000          0.00117          0.00117          0.00000          0.00000          0.00089          0.00206          4.89689          0.10090 
       3820.00000          0.00117          0.00117          0.00000          0.00000          0.00089          0.00206          4.89689          0.10090 
       3830.00000          0.00117          0.00117          0.00000          0.00000          0.00089          0.00206          4.89689          0.10090 
       3840.00000          0.00117          0.00117          0.00000          0.00000          0.00089          0.00206          4.89689          0.10090 
       3850.00000          0.00117          0.00117          0.00000          0.00000          0.00089          0.00206          4.89689          0.10090 
       3860.00000          0.00117          0.00117          0.00000          0.00000          0.00089          0.00206          4.89689          0.10090 
       3870.00000          0.00117          0.00117          0.00000          0.00000          0.00089          0.00206          4.89689          0.10090 
       3880.00000          0.00117          0.00117          0.00000          0.00000          0.00089          0.00206          4.89689          0.10090 
       3890.00000          0.00117          0.00117          0.00000          0.00000          0.00089          0.00206          4.89689          0.10090 
       3900.00000          0.00117          0.00117          0.00000          0.00000          0.00089          0.00206          4.89689          0.10090 
       3910.00000          0.00117          0.00117          0.00000          0.00000          0.00089          0.00206          4.89689          0.10090 
       3920.00000          0.00117          0.00117          0.00000          0.00000          0.00089          0.00206          4.89689          0.10090 
       3930.00000          0.00117          0.00117          0.00000          0.00000          0.00089          0.00206          4.89689          0.10090 
       3940.00000          0.00117          0.00117          0.00000          0.00000          0.00089          0.00206          4.89689          0.10090 
       3950.00000          0.00117          0.00117          0.00000          0.00000          0.00089          0.00206          4.89689          0.10090 
       3960.00000          0.00117          0.00117          0.00000          0.00000          0.00089          0.00206          4.89689          0.10090 
       3970.00000          0.00117          0.00117          0.00000          0.00000          0.00089          0.00206          4.89689          0.10090 
       3980.00000          0.00117          0.00117          0.00000          0.00000          0.00089          0.00206          4.89689          0.10090 
       3990.00000          0.00117          0.00117          0.00000          0.00000          0.00089          0.00206          4.89689          0.10090 
       4000.00000          0.00117          0.00117          0.00000          0.00000          0.00089          0.00206          4.89689          0.10090 
       4010.00000          0.00117          0.00117          0.00000          0.00000          0.00089          0.00206          4.89689          0.10090 
       4020.00000          0.00117          0.00117          0.00000          0.00000          0.00089          0.00206          4.89689          0.10090 
       4030.00000          0.00117          0.00117          0.00000          0.00000          0.00089          0.00206          4.89689          0.10090 
       4040.00000          0.00117          0.00117          0.00000          0.00000          0.00089          0.00206          4.89689          0.10090 
       4050.00000          0.00117          0.00117          0.00000          0.00000          0.00089          0.00206          4.89689          0.10090 
       4060.00000          0.00117          0.00117          0.00000          0.00000          0.00089          0.00206          4.89689          0.10090 
       4070.00000          0.00117          0.00117          0.00000          0.00000          0.00089          0.00206          4.89689          0.10090 
       4080.00000          0.00117          0.00117          0.00000          0.00000          0.00089          0.00206          4.89689          0.10090 
       4090.00000          0.00117          0.00117          0.00000          0.00000          0.00089          0.00206          4.89689          0.10090 
       4100.00000          0.00117          0.00117          0.00000          0.00000          0.00089          0.00206          4.89689          0.10090 
       4110.00000          0.00117          0.00117          0.00000          0.00000          0.00089          0.00206          4.89689          0.10090 
       4120.00000          0.00117          0.00117          0.00000          0.00000          0.00089          0.00206          4.89689          0.10090 
       4130.00000          0.00117          0.00117          0.00000          0.00000          0.00089          0.00206          4.89689          0.10090 
       4140.00000          0.00117          0.00117          0.00000          0.00000          0.00089          0.00206          4.89689          0.10090 
       4150.00000          0.00117          0.00117          0.00000          0.00000          0.00089          0.00206          4.89689          0.10090 
       4160.00000          0.00117          0.00117          0.00000          0.00000          0.00089          0.00206          4.89689          0.10090 
       4170.00000          0.00117          0.00117          0.00000          0.00000          0.00089          0.00206          4.89689          0.10090 
       4180.00000          0.00117          0.00117          0.00000          0.00000          0.00089          0.00206          4.89689          0.10090 
       4190.00000          0.00117          0.00117          0.00000          0.00000          0.00089          0.00206          4.89689          0.10090 
       4200.00000          0.00117          0.00117          0.00000          0.00000          0.00089          0.00206          4.89689          0.10090 
       4210.00000          0.00117          0.00117          0.00000          0.00000          0.00089          0.00206          4.89689          0.10090 
       4220.00000          0.00117          0.00117          0.00000          0.00000          0.00089          0.00206          4.89689          0.10090 
       4230.00000          0.00117          0.00117          0.00000          0.00000          0.00089          0.00206          4.89689          0.10090 
       4240.00000          0.00117          0.00117          0.00000          0.00000          0.00089          0.00206          4.89689          0.10090 
       4250.00000          0.00117          0.00117          0.00000          0.00000          0.00089          0.00206          4.89689          0.10090 
       4260.00000          0.00117          0.00117          0.00000          0.00000          0.00089          0.00206          4.89689          0.10090 
       4270.00000          0.00117          0.00117          0.00000          0.00000          0.00089          0.00206          4.89689          0.10090 
       4280.00000          0.00117          0.00117          0.00000          0.00000          0.00089          0.00206          4.89689          0.10090 
       4290.00000          0.00117          0.00117          0.00000          0.00000          0.00089          0.00206          4.89689          0.10090 
       4300.00000          0.00117          0.00117          0.00000          0.00000          0.00089          0.00206          4.89689          0.10090 
       4310.00000          0.00117          0.00117          0.00000          0.00000          0.00089          0.00206          4.89689          0.10090 
       4320.00000          0.00117          0.00117          0.00000          0.00000          0.00089          0.00206          4.89689          0.10090 
       4330.00000          0.00117          0.00117          0.00000          0.00000          0.00089          0.00206          4.89689          0.10090 
       4340.00000          0.00117          0.00117          0.00000          0.00000          0.00089          0.00206          4.89689          0.10090 
