 5 0.000000 1
 1 
 Si 28.085500
 0 0.250000 4.500000 1.000000 1.500000 
 5 0 1 2 3 4
 6 1.00000 1.25000 1.50000 1.75000 4.50000 4.75000
 1 12.169200 6.172630 3.114710 0.755675 0.404939 0.036124 0.650018 0.572890
 4 30 24 24 1
  7.50360250e-01   0.0000
  9.05347764e-02   0.0000
  5.80654681e-01   0.0000
  8.09838235e-01   0.0000
 -1.68092906e-01   0.0000
 -1.14277184e+00   0.0000
  6.23704612e-01   0.0000
  7.10802794e-01   0.0000
  5.04850566e-01   0.0000
  2.41636917e-01   0.0000
 -9.85707760e-01   0.0000
 -2.55553901e-01   0.0000
 -7.17817962e-01   0.0000
 -1.41390279e-01   0.0000
 -5.94944239e-01   0.0000
  3.29168171e-01   0.0000
 -9.11967397e-01   0.0000
 -8.11167717e-01   0.0000
  2.16457829e-01   0.0000
  1.50944662e+00   0.0000
 -2.19889760e+00   0.0000
  9.75472748e-01   0.0000
 -7.96385467e-01   0.0000
 -3.07940215e-01   0.0000
  3.82739544e-01   0.0000
 -1.82940051e-01   0.0000
  7.79897749e-01   0.0000
 -1.74222812e-02   0.0000
 -2.91572988e-01   0.0000
 -1.97518811e-01   0.0000
  8.33252445e-02   0.0000
  6.21223092e-01   0.0000
 -1.05674239e-02   0.0000
 -2.30147820e-02   0.0000
 -4.76479948e-01   0.0000
 -5.83617985e-01   0.0000
 -3.36159796e-01   0.0000
 -1.45706415e-01   0.0000
  2.20007583e-01   0.0000
  4.74994987e-01   0.0000
 -2.00675830e-01   0.0000
 -5.26964068e-01   0.0000
  1.91148922e-01   0.0000
  1.08568990e+00   0.0000
 -7.43930817e-01   0.0000
  3.89546156e-01   0.0000
 -4.56829995e-01   0.0000
 -4.81915653e-01   0.0000
 -1.07705332e-01   0.0000
 -5.10737598e-01   0.0000
  9.12794590e-01   0.0000
 -4.81020570e-01   0.0000
 -6.27661467e-01   0.0000
  1.78231165e-01   0.0000
 -1.94676206e-01   0.0000
  1.57964736e-01   0.0000
 -3.54117543e-01   0.0000
 -1.28089860e-01   0.0000
 -5.45270979e-01   0.0000
 -4.62420434e-01   0.0000
 -4.49775495e-02   0.0000
 -9.00860429e-02   0.0000
  7.41239488e-01   0.0000
  3.62712622e-01   0.0000
  1.17157854e-01   0.0000
 -1.59479409e-01   0.0000
  3.60444814e-01   0.0000
  7.57156432e-01   0.0000
  2.93816268e-01   0.0000
 -1.36877611e-01   0.0000
 -2.60190099e-01   0.0000
 -4.47335482e-01   0.0000
 -4.61471945e-01   0.0000
 -3.24106932e-01   0.0000
  8.45380843e-01   0.0000
 -3.86298209e-01   0.0000
 -5.58414638e-01   0.0000
  5.20234406e-01   0.0000
 -3.35763901e-01   0.0000
  5.16808815e-02   0.0000
 -4.57663745e-01   0.0000
 -9.27448347e-02   0.0000
 -4.95622277e-01   0.0000
 -7.14094162e-01   0.0000
 -1.42607763e-01   0.0000
 -1.18695281e-01   0.0000
  1.39398348e+00   0.0000
  2.83589989e-01   0.0000
  2.53881633e-01   0.0000
 -2.49097377e-01   0.0000
  5.27374148e-01   0.0000
  3.10766757e-01   0.0000
  1.18029165e+00   0.0000
 -4.96173114e-01   0.0000
 -8.73891190e-02   0.0000
 -4.64199990e-01   0.0000
  2.60555118e-01   0.0000
  3.95423770e-01   0.0000
 -4.08771932e-02   0.0000
 -3.17857146e-01   0.0000
 -2.35845461e-01   0.0000
  1.53095734e+00   0.0000
 -5.34680068e-01   0.0000
 -3.19870323e-01   0.0000
  3.99769902e-01   0.0000
  1.58901989e-01   0.0000
  4.74031389e-01   0.0000
  5.98807514e-01   0.0000
  1.44881159e-01   0.0000
 -8.21494162e-02   0.0000
  1.05238652e+00   0.0000
 -5.79802394e-02   0.0000
  1.57706961e-02   0.0000
  5.57301104e-01   0.0000
  7.85480559e-01   0.0000
 -3.80084217e-02   0.0000
  5.37367284e-01   0.0000
 -4.82332796e-01   0.0000
  6.43221736e-02   0.0000
 -6.24671102e-01   0.0000
  2.35006377e-01   0.0000
  8.74980032e-01   0.0000
  1.43759489e-01   0.0000
  2.79625773e-01   0.0000
 -9.60702449e-02   0.0000
  9.33741331e-01   0.0000
 -1.70814708e-01   0.0000
 -2.24170282e-01   0.0000
  3.76320928e-01   0.0000
  3.00339401e-01   0.0000
  2.78659761e-01   0.0000
  4.85892564e-01   0.0000
  2.05838215e-02   0.0000
 -4.48749572e-01   0.0000
 -2.21406728e-01   0.0000
  2.58055478e-02   0.0000
 -6.62667513e-01   0.0000
  1.12910509e+00   0.0000
 -6.00196235e-02   0.0000
  2.90118426e-01   0.0000
  3.41890216e-01   0.0000
 -3.62664580e-01   0.0000
 -2.49765500e-01   0.0000
 -3.76581043e-01   0.0000
 -1.48121744e-01   0.0000
 -5.79638422e-01   0.0000
 -3.16787921e-02   0.0000
 -1.05687581e-01   0.0000
  3.81057113e-01   0.0000
 -3.28281939e-01   0.0000
  1.71559960e-01   0.0000
  7.85479695e-02   0.0000
 -1.11914538e-01   0.0000
  1.55450642e+00   0.0000
  6.39583766e-01   0.0000
 -9.75820422e-02   0.0000
 -2.36054156e-02   0.0000
 -6.20545685e-01   0.0000
  1.45063266e-01   0.0000
 -6.89391717e-02   0.0000
  3.14904124e-01   0.0000
 -2.68141985e-01   0.0000
 -1.03976868e-01   0.0000
  2.24639565e-01   0.0000
  2.75890529e-01   0.0000
  3.51506859e-01   0.0000
 -2.96975691e-02   0.0000
  5.97019851e-01   0.0000
 -5.75999558e-01   0.0000
 -4.30336446e-01   0.0000
 -3.68043967e-02   0.0000
 -2.69411594e-01   0.0000
  2.19142109e-01   0.0000
 -3.12752992e-01   0.0000
 -2.70289570e-01   0.0000
  8.54910817e-03   0.0000
  3.93364094e-02   0.0000
  1.16346741e+00   0.0000
 -1.54222608e-01   0.0000
 -2.22201049e-01   0.0000
  6.72744540e-03   0.0000
  6.75077438e-02   0.0000
 -1.72390848e-01   0.0000
 -1.48347840e-01   0.0000
  2.10712552e-01   0.0000
 -4.83089238e-01   0.0000
 -1.85227752e-01   0.0000
  6.90904334e-02   0.0000
  1.93173006e-01   0.0000
  5.72556145e-02   0.0000
 -7.45560825e-02   0.0000
  5.38097978e-01   0.0000
 -2.53866881e-01   0.0000
 -3.65825742e-01   0.0000
  5.89827411e-02   0.0000
 -1.97278962e-01   0.0000
  4.64951321e-02   0.0000
 -6.28361523e-01   0.0000
 -4.76437390e-01   0.0000
 -1.50715634e-01   0.0000
  8.91939085e-03   0.0000
  7.15596378e-01   0.0000
 -7.49283433e-02   0.0000
 -1.38654947e-01   0.0000
  1.12076225e-02   0.0000
  3.87027442e-01   0.0000
 -2.10244521e-01   0.0000
 -3.80439550e-01   0.0000
 -4.25192043e-02   0.0000
 -5.72717667e-01   0.0000
  2.45544165e-01   0.0000
 -1.18163303e-01   0.0000
 -1.68315306e-01   0.0000
  1.16919734e-01   0.0000
 -2.45479271e-01   0.0000
  8.64177406e-01   0.0000
 -1.85917541e-01   0.0000
 -1.33097693e-01   0.0000
 -4.90205474e-02   0.0000
 -4.67344075e-01   0.0000
 -2.77019829e-01   0.0000
 -7.07057297e-01   0.0000
 -6.93872511e-01   0.0000
 -2.83849359e-01   0.0000
  1.06731310e-01   0.0000
  4.82001692e-01   0.0000
 -4.27203745e-01   0.0000
 -3.12791884e-01   0.0000
  1.77736610e-01   0.0000
  8.98306668e-01   0.0000
 -4.61701185e-01   0.0000
 -6.42331004e-01   0.0000
 -1.61640830e-02   0.0000
 -6.79483354e-01   0.0000
  5.41400015e-01   0.0000
 -5.23098171e-01   0.0000
 -2.33406425e-01   0.0000
 -1.89715009e-02   0.0000
 -5.36077559e-01   0.0000
  7.90733933e-01   0.0000
  1.44167885e-01   0.0000
 -2.09377915e-01   0.0000
  2.03926429e-01   0.0000
 -3.74166757e-01   0.0000
 -9.63715836e-02   0.0000
 -2.89639652e-01   0.0000
  1.05564058e+00   0.0000
  3.36345106e-01   0.0000
  9.18215290e-02   0.0000
  3.00038248e-01   0.0000
 -1.91015527e-01   0.0000
 -3.35084826e-01   0.0000
  1.90306857e-01   0.0000
 -1.21227138e-01   0.0000
 -1.11125350e-01   0.0000
  2.19461158e-01   0.0000
 -3.95987965e-02   0.0000
 -1.31113276e-01   0.0000
  1.93190083e-01   0.0000
  4.48928736e-02   0.0000
  1.23564541e-01   0.0000
 -1.82678297e-01   0.0000
 -5.36311209e-01   0.0000
 -3.86068702e-01   0.0000
 -1.86201364e-01   0.0000
 -1.07130334e-01   0.0000
  1.44649912e-02   0.0000
  1.14135712e-01   0.0000
  1.35078505e-01   0.0000
 -2.58059978e-01   0.0000
 -2.79685557e-01   0.0000
 -4.19532172e-02   0.0000
 -1.73113808e-01   0.0000
  6.25889122e-01   0.0000
  4.06090140e-01   0.0000
 -1.92946315e-01   0.0000
  2.53842860e-01   0.0000
 -5.50773382e-01   0.0000
  3.57573867e-01   0.0000
  5.01617730e-01   0.0000
 -9.33256671e-02   0.0000
  5.58291301e-02   0.0000
 -3.89972031e-01   0.0000
 -8.25821012e-02   0.0000
 -1.32195145e-01   0.0000
 -2.32193843e-01   0.0000
 -4.04978067e-01   0.0000
 -4.54592675e-01   0.0000
  5.81748307e-01   0.0000
  7.44745195e-01   0.0000
  7.82556906e-02   0.0000
  8.60472769e-02   0.0000
  5.23728788e-01   0.0000
 -7.56094813e-01   0.0000
  7.12909400e-01   0.0000
  7.14327216e-01   0.0000
  1.86223220e-02   0.0000
  1.11596487e-01   0.0000
  4.83914316e-01   0.0000
 -7.29753776e-03   0.0000
  1.41893655e-01   0.0000
 -7.24165291e-02   0.0000
  2.57124603e-02   0.0000
  1.50320515e-01   0.0000
  1.00279532e-01   0.0000
 -2.18268745e-02   0.0000
 -8.41393113e-01   0.0000
  8.67737979e-02   0.0000
 -2.25950673e-01   0.0000
 -2.31846139e-01   0.0000
 -1.09536374e+00   0.0000
  1.83764026e-01   0.0000
 -2.09597006e-01   0.0000
  4.27595913e-01   0.0000
  2.43283615e-01   0.0000
 -3.46329451e-01   0.0000
  2.87062705e-01   0.0000
 -2.03588590e-01   0.0000
 -2.00798273e-01   0.0000
  4.13148314e-01   0.0000
  9.37179178e-02   0.0000
 -9.80329931e-01   0.0000
 -9.55988914e-02   0.0000
 -2.66515106e-01   0.0000
 -4.14688110e-01   0.0000
  3.21866095e-01   0.0000
  2.77774572e-01   0.0000
  3.11500430e-01   0.0000
 -5.66685200e-01   0.0000
 -1.60328478e-01   0.0000
 -7.17517912e-01   0.0000
 -5.65136850e-01   0.0000
  5.34854569e-02   0.0000
 -1.02880234e-02   0.0000
 -1.09205973e+00   0.0000
 -3.96274477e-01   0.0000
 -4.88664776e-01   0.0000
  3.91058981e-01   0.0000
  2.32361317e-01   0.0000
 -4.45781797e-01   0.0000
  4.17157441e-01   0.0000
  6.54526101e-03   0.0000
 -4.68791604e-01   0.0000
  4.28342558e-02   0.0000
  6.55272678e-02   0.0000
 -1.56168389e+00   0.0000
 -6.81388140e-01   0.0000
 -1.86108634e-01   0.0000
 -4.47663426e-01   0.0000
  5.95419228e-01   0.0000
  2.11298570e-01   0.0000
  3.76096219e-01   0.0000
 -1.19632709e+00   0.0000
 -4.97708350e-01   0.0000
 -3.13088566e-01   0.0000
 -7.46075511e-01   0.0000
  3.01589537e-03   0.0000
  6.33968040e-02   0.0000
 -1.20368898e+00   0.0000
 -4.12522256e-01   0.0000
 -4.62841690e-01   0.0000
  6.03347719e-01   0.0000
  1.70275003e-01   0.0000
 -6.54527783e-01   0.0000
  2.28828803e-01   0.0000
  2.49230653e-01   0.0000
 -7.16205180e-01   0.0000
  2.22343028e-01   0.0000
  1.29880011e-01   0.0000
 -2.13475800e+00   0.0000
 -1.12807488e+00   0.0000
 -3.76370847e-01   0.0000
 -6.16868615e-01   0.0000
  6.19682312e-01   0.0000
  1.92061812e-01   0.0000
  2.39659667e-01   0.0000
 -1.47280705e+00   0.0000
 -3.13101500e-01   0.0000
 -2.03292787e-01   0.0000
 -1.11803198e+00   0.0000
  5.90225697e-01   0.0000
 -4.22915459e-01   0.0000
 -1.37939239e+00   0.0000
 -2.75567919e-01   0.0000
 -6.21885359e-02   0.0000
  5.88438250e-02   0.0000
  2.58892089e-01   0.0000
 -2.77771205e-01   0.0000
 -2.10800633e-01   0.0000
 -9.30965245e-02   0.0000
  1.29270017e-01   0.0000
  4.87776995e-01   0.0000
 -1.77802324e-01   0.0000
 -9.23817605e-02   0.0000
 -1.77790299e-01   0.0000
  6.18144333e-01   0.0000
  8.86507630e-01   0.0000
  5.50217442e-02   0.0000
  3.75629306e-01   0.0000
 -6.33605838e-01   0.0000
  4.44795609e-01   0.0000
 -8.00269902e-01   0.0000
 -8.21079761e-02   0.0000
 -4.51398015e-01   0.0000
 -4.52814907e-01   0.0000
 -1.16758299e+00   0.0000
 -1.39685676e-01   0.0000
 -2.27419347e-01   0.0000
  1.87287912e-01   0.0000
  4.40829873e-01   0.0000
  3.38170975e-01   0.0000
 -3.12250257e-02   0.0000
 -1.80563092e-01   0.0000
  1.84090719e-01   0.0000
  2.86586106e-01   0.0000
 -2.38712236e-01   0.0000
  2.55187422e-01   0.0000
  1.92651495e-01   0.0000
  4.21470940e-01   0.0000
 -2.89248943e-01   0.0000
 -5.22571504e-01   0.0000
 -2.68710971e-01   0.0000
  1.01930618e-01   0.0000
  3.85553925e-03   0.0000
 -6.35063529e-01   0.0000
 -3.62209111e-01   0.0000
  1.61380410e-01   0.0000
 -1.92821741e-01   0.0000
 -2.55315900e-01   0.0000
 -9.81982648e-01   0.0000
 -2.20313236e-01   0.0000
  4.39230204e-01   0.0000
  3.36158991e-01   0.0000
 -7.57089674e-01   0.0000
 -5.43616772e-01   0.0000
  5.60500562e-01   0.0000
  3.68810184e-02   0.0000
  4.27587591e-02   0.0000
 -6.93427980e-01   0.0000
  1.83279619e-01   0.0000
  1.26630992e-01   0.0000
 -1.35709286e+00   0.0000
  1.46699324e-01   0.0000
 -3.68978316e-03   0.0000
 -5.83831966e-01   0.0000
 -7.52158538e-02   0.0000
 -5.41443884e-01   0.0000
  7.54483566e-02   0.0000
 -4.25765246e-01   0.0000
 -7.35232905e-02   0.0000
 -5.60194969e-01   0.0000
 -1.36979431e-01   0.0000
 -1.06496966e+00   0.0000
 -1.09282009e-01   0.0000
  2.30995819e-01   0.0000
  6.76218569e-01   0.0000
 -1.95073858e-01   0.0000
 -6.77638352e-01   0.0000
 -4.80688028e-02   0.0000
  8.54069591e-02   0.0000
 -7.86322877e-02   0.0000
 -7.93290660e-02   0.0000
 -2.71358252e-01   0.0000
  2.51864433e-01   0.0000
 -1.03372589e-01   0.0000
 -8.84303093e-01   0.0000
 -3.11263621e-01   0.0000
 -4.14780051e-01   0.0000
 -2.76140630e-01   0.0000
  2.63549089e-01   0.0000
  2.03036759e-02   0.0000
  3.32565606e-01   0.0000
 -3.43720108e-01   0.0000
  3.75214778e-02   0.0000
 -1.17821597e-01   0.0000
 -3.86680484e-01   0.0000
 -6.76140308e-01   0.0000
  4.73209396e-02   0.0000
 -2.02725828e-01   0.0000
  1.96248621e-01   0.0000
 -3.90129894e-01   0.0000
 -7.85627663e-01   0.0000
  1.01824485e-01   0.0000
 -3.16800296e-01   0.0000
 -1.68372869e-01   0.0000
 -1.75321009e-02   0.0000
 -5.28121054e-01   0.0000
  3.09960172e-02   0.0000
 -1.24918699e-01   0.0000
 -7.36472309e-01   0.0000
 -6.44374788e-01   0.0000
 -4.79120702e-01   0.0000
 -5.31709492e-01   0.0000
  3.15305352e-01   0.0000
  1.89434931e-01   0.0000
  3.15305799e-01   0.0000
 -4.34336424e-01   0.0000
 -1.68053091e-01   0.0000
  5.68440080e-01   0.0000
 -6.18716359e-01   0.0000
 -5.26160002e-01   0.0000
  1.19110890e-01   0.0000
 -3.96306872e-01   0.0000
  1.79248586e-01   0.0000
 -6.59151852e-01   0.0000
 -6.59250736e-01   0.0000
  3.24050367e-01   0.0000
 -1.32592484e-01   0.0000
 -2.71698356e-01   0.0000
 -8.33357275e-02   0.0000
 -8.85099649e-01   0.0000
 -4.27483469e-02   0.0000
 -1.91047043e-01   0.0000
 -4.63223130e-01   0.0000
 -6.69400513e-01   0.0000
 -2.18537003e-01   0.0000
 -4.43176150e-01   0.0000
  2.34996453e-01   0.0000
  5.21932840e-01   0.0000
 -2.14276575e-02   0.0000
 -2.29580805e-01   0.0000
 -1.94881722e-01   0.0000
  7.82851875e-01   0.0000
 -6.96447134e-01   0.0000
  2.57839859e-02   0.0000
 -2.18356952e-01   0.0000
 -4.09005284e-01   0.0000
 -2.89961640e-02   0.0000
 -4.25772369e-02   0.0000
  2.01035589e-01   0.0000
 -2.34744395e-03   0.0000
  1.10126145e-01   0.0000
  4.61665899e-01   0.0000
  7.27110952e-02   0.0000
 -4.24902737e-01   0.0000
 -1.19473934e-01   0.0000
  4.27756488e-01   0.0000
 -1.87979564e-01   0.0000
 -2.15356335e-01   0.0000
  6.44408584e-01   0.0000
 -2.50320137e-01   0.0000
  7.20414519e-01   0.0000
 -1.97981931e-02   0.0000
 -8.48200679e-01   0.0000
  7.05600739e-01   0.0000
 -1.88460335e-01   0.0000
  1.37412816e-01   0.0000
 -4.66793239e-01   0.0000
  1.58847541e-01   0.0000
 -2.91112632e-01   0.0000
  2.92305887e-01   0.0000
 -2.91677475e-01   0.0000
  4.90667582e-01   0.0000
 -2.63875484e-01   0.0000
  2.69436568e-01   0.0000
  2.04908133e-01   0.0000
  2.94060498e-01   0.0000
 -3.30229044e-01   0.0000
 -2.69126855e-02   0.0000
 -2.05219150e-01   0.0000
 -1.10898964e-01   0.0000
  2.63032705e-01   0.0000
  3.51410285e-02   0.0000
  2.31858805e-01   0.0000
  5.29115975e-01   0.0000
 -8.50544274e-02   0.0000
 -4.17720050e-01   0.0000
 -5.10145545e-01   0.0000
 -1.04451549e+00   0.0000
 -1.18999653e-01   0.0000
  1.12187311e-01   0.0000
 -1.85504273e-01   0.0000
  5.87060675e-02   0.0000
 -1.49333432e-01   0.0000
  1.19976372e-01   0.0000
  3.93115848e-01   0.0000
  3.43991697e-01   0.0000
 -7.07071647e-02   0.0000
  2.35858083e-01   0.0000
  1.78076518e+00   0.0000
  1.20363861e-01   0.0000
 -9.46925819e-01   0.0000
  4.08650637e-01   0.0000
  1.86501786e-01   0.0000
  9.71005797e-01   0.0000
 -2.94620633e-01   0.0000
  1.39455246e-02   0.0000
 -2.96346009e-01   0.0000
  3.73844892e-01   0.0000
  5.48346996e-01   0.0000
 -1.83144546e+00   0.0000
  3.78564388e-01   0.0000
 -6.46732509e-01   0.0000
  3.88517410e-01   0.0000
 -9.92861837e-02   0.0000
  8.41822028e-01   0.0000
 -2.23937646e-01   0.0000
  1.01972556e+00   0.0000
 -1.99047282e-01   0.0000
  1.41137981e+00   0.0000
 -4.67549711e-01   0.0000
 -1.78703517e-01   0.0000
 -3.07346106e-01   0.0000
  5.14538325e-02   0.0000
 -1.87718928e-01   0.0000
 -2.61716813e-01   0.0000
 -2.55528986e-01   0.0000
 -4.81463492e-01   0.0000
  2.71015614e-02   0.0000
 -3.96352053e-01   0.0000
  3.30970526e-01   0.0000
 -2.25404188e-01   0.0000
  6.77582383e-01   0.0000
  5.00549018e-01   0.0000
  1.60549566e-01   0.0000
  4.20180485e-02   0.0000
  4.81192708e-01   0.0000
  3.54099184e-01   0.0000
  1.67292207e-01   0.0000
  5.09160101e-01   0.0000
  7.29239464e-01   0.0000
  5.29944301e-01   0.0000
  2.50031769e-01   0.0000
  5.34139216e-01   0.0000
 -8.98471594e-01   0.0000
  5.54480731e-01   0.0000
 -5.18845916e-01   0.0000
 -6.93744242e-01   0.0000
 -1.19292378e-01   0.0000
  2.30897680e-01   0.0000
 -3.74328911e-01   0.0000
 -1.00531292e+00   0.0000
 -2.91612267e-01   0.0000
 -3.53499115e-01   0.0000
  9.56277326e-02   0.0000
 -2.16816828e-01   0.0000
  5.68353593e-01   0.0000
  5.29233992e-01   0.0000
  4.18604195e-01   0.0000
  1.50423124e-02   0.0000
  5.11136889e-01   0.0000
  5.68724275e-01   0.0000
  1.83053792e-01   0.0000
  1.79255977e-01   0.0000
  8.24583888e-01   0.0000
  1.67782456e-01   0.0000
  9.34866071e-02   0.0000
  1.25281569e-02   0.0000
 -8.84916425e-01   0.0000
  1.46638834e+00   0.0000
 -1.01911306e+00   0.0000
 -8.00980926e-01   0.0000
 -3.65209818e-01   0.0000
 -1.36394771e-02   0.0000
 -6.73965037e-01   0.0000
 -1.30354917e+00   0.0000
 -4.25007164e-01   0.0000
  8.48595127e-02   0.0000
 -6.87013209e-01   0.0000
 -5.96072912e-01   0.0000
 -1.68485299e-01   0.0000
  3.41479480e-01   0.0000
  2.11759046e-01   0.0000
  8.56350884e-02   0.0000
 -6.26707017e-01   0.0000
  7.66087115e-01   0.0000
  1.88061431e-01   0.0000
  2.90691853e-01   0.0000
  8.86139795e-02   0.0000
 -4.43753339e-02   0.0000
 -3.69990170e-01   0.0000
 -3.62280846e-01   0.0000
  1.94855601e-01   0.0000
  7.31296837e-02   0.0000
 -1.51268318e-01   0.0000
 -1.27812818e-01   0.0000
 -4.94692735e-02   0.0000
  6.51417911e-01   0.0000
 -1.67494476e-01   0.0000
 -3.68252546e-01   0.0000
 -3.19581926e-02   0.0000
 -1.05322707e+00   0.0000
  1.12335645e-01   0.0000
 -8.94232914e-02   0.0000
  2.30109811e-01   0.0000
  6.35568321e-01   0.0000
 -1.44203290e-01   0.0000
 -6.45772576e-01   0.0000
  3.45607966e-01   0.0000
 -5.46233714e-01   0.0000
  4.02279794e-01   0.0000
 -3.02309960e-01   0.0000
 -2.31314242e-01   0.0000
  8.17006886e-01   0.0000
 -5.86514533e-01   0.0000
 -2.40477145e-01   0.0000
  7.95885250e-02   0.0000
  1.40199140e-02   0.0000
 -5.09051681e-01   0.0000
  3.56720567e-01   0.0000
  3.12760741e-01   0.0000
 -2.15320557e-01   0.0000
  1.83114275e-01   0.0000
  1.70726448e-01   0.0000
 -4.47283357e-01   0.0000
  1.04177304e-01   0.0000
 -3.82356048e-01   0.0000
  6.85083747e-01   0.0000
  7.46497095e-01   0.0000
 -7.49456882e-02   0.0000
 -1.82880074e-01   0.0000
 -4.18466777e-01   0.0000
 -2.05587335e-02   0.0000
 -1.50925025e-01   0.0000
 -4.17478472e-01   0.0000
  5.70984066e-01   0.0000
 -5.13336778e-01   0.0000
  1.20580614e+00   0.0000
  2.06658527e-01   0.0000
 -6.92376196e-02   0.0000
 -7.04257071e-01   0.0000
  1.09492159e+00   0.0000
  2.78606117e-01   0.0000
 -1.01730597e+00   0.0000
 -7.73513317e-01   0.0000
  6.56911194e-01   0.0000
 -4.71316993e-01   0.0000
 -8.15019965e-01   0.0000
 -1.50480616e+00   0.0000
  2.23141536e-01   0.0000
  1.05972970e+00   0.0000
 -2.02862993e-01   0.0000
  2.06570101e+00   0.0000
 -5.38035095e-01   0.0000
  3.83527011e-01   0.0000
  8.87036502e-01   0.0000
  6.01836383e-01   0.0000
  5.87635994e-01   0.0000
 -3.99346612e-02   0.0000
  1.49463028e-01   0.0000
  4.68192190e-01   0.0000
 -1.25172034e-01   0.0000
  2.82119960e-02   0.0000
  7.40750790e-01   0.0000
  7.78740823e-01   0.0000
  1.66413691e-02   0.0000
  7.64427856e-02   0.0000
 -8.87901425e-01   0.0000
 -1.61296517e-01   0.0000
 -3.42967778e-01   0.0000
  3.14518392e-01   0.0000
  8.92989755e-01   0.0000
 -4.27525938e-01   0.0000
  1.85299903e-01   0.0000
  1.46539927e+00   0.0000
  4.15489644e-01   0.0000
  3.18544693e-02   0.0000
  5.12947261e-01   0.0000
 -8.90102908e-02   0.0000
 -3.41035724e-01   0.0000
 -6.49649426e-02   0.0000
  1.94326580e-01   0.0000
  1.31268382e-01   0.0000
  1.26394868e+00   0.0000
  8.73637080e-01   0.0000
 -4.14949469e-02   0.0000
 -1.94136277e-01   0.0000
 -8.71240318e-01   0.0000
  8.41848910e-01   0.0000
  7.73448646e-02   0.0000
  1.44831344e-01   0.0000
 -6.56475663e-01   0.0000
 -3.29143107e-01   0.0000
 -1.04053386e-01   0.0000
  2.53981560e-01   0.0000
  3.35375041e-01   0.0000
 -5.53691328e-01   0.0000
  3.34557903e-04   0.0000
  5.76517820e-01   0.0000
 -3.69458348e-02   0.0000
 -3.20480883e-01   0.0000
 -2.36619651e-01   0.0000
 -6.94890440e-01   0.0000
  2.00528633e-02   0.0000
 -6.70799017e-01   0.0000
 -1.00845672e-01   0.0000
  2.00116392e-02   0.0000
  4.07964528e-01   0.0000
  3.73151094e-01   0.0000
 -1.26186073e+00   0.0000
 -2.98939496e-01   0.0000
 -4.50896889e-01   0.0000
  6.15725219e-01   0.0000
  5.96676581e-02   0.0000
  1.92953303e-01   0.0000
  5.29215634e-01   0.0000
  4.68897909e-01   0.0000
 -1.94326956e-02   0.0000
  1.76201031e-01   0.0000
  4.87140954e-01   0.0000
 -3.28151822e-01   0.0000
 -2.26147056e-01   0.0000
 -1.86743885e-01   0.0000
  3.51276368e-01   0.0000
  1.89485863e-01   0.0000
 -2.02346116e-01   0.0000
 -8.47138241e-02   0.0000
  1.58473197e-02   0.0000
 -2.87445206e-02   0.0000
 -4.50794660e-02   0.0000
  1.00150362e-01   0.0000
 -1.89921185e-01   0.0000
  2.85487235e-01   0.0000
  4.61604357e-01   0.0000
  2.74565250e-01   0.0000
  2.30065316e-01   0.0000
  7.85643995e-01   0.0000
  2.32531175e-01   0.0000
  8.98113474e-02   0.0000
  1.53207242e-01   0.0000
 -1.18651479e-01   0.0000
 -1.94957793e-01   0.0000
  6.02049887e-01   0.0000
  1.16596556e+00   0.0000
 -5.77657893e-02   0.0000
 -1.53694609e-02   0.0000
  1.79584575e+00   0.0000
  9.40471739e-02   0.0000
  9.92381424e-02   0.0000
 -1.56525336e-02   0.0000
  2.14755476e-01   0.0000
 -7.59621561e-02   0.0000
 -1.30804002e-01   0.0000
 -1.66606560e-01   0.0000
 -1.60317227e-01   0.0000
  1.46174407e+00   0.0000
  1.29476917e+00   0.0000
  1.19828291e-01   0.0000
 -4.69867475e-02   0.0000
 -1.02522957e+00   0.0000
  8.24207906e-03   0.0000
  6.44256845e-02   0.0000
 -1.98362723e-01   0.0000
  9.12024677e-01   0.0000
  8.82167757e-01   0.0000
  3.05292785e-01   0.0000
 -5.38247079e-02   0.0000
 -2.38175392e-01   0.0000
  1.65594804e+00   0.0000
  7.76415989e-02   0.0000
 -1.90888852e-01   0.0000
 -4.83837605e-01   0.0000
 -8.74477550e-02   0.0000
  5.41430414e-02   0.0000
  3.22086900e-01   0.0000
  1.15547694e-01   0.0000
  6.82395577e-01   0.0000
  1.26111563e-02   0.0000
  8.05886909e-02   0.0000
  3.27597022e-01   0.0000
 -4.73099232e-01   0.0000
 -3.02425563e-01   0.0000
  2.13698551e-01   0.0000
 -8.16497356e-02   0.0000
 -5.26119888e-01   0.0000
 -2.18354106e-01   0.0000
 -2.83365011e-01   0.0000
 -1.35713434e+00   0.0000
 -1.27650812e-01   0.0000
 -6.76181138e-01   0.0000
 -3.31536233e-01   0.0000
 -5.03606558e-01   0.0000
 -5.12892380e-02   0.0000
  1.86635241e-01   0.0000
 -1.13274729e+00   0.0000
 -1.20998792e-01   0.0000
 -8.69979411e-02   0.0000
 -7.91564584e-02   0.0000
 -5.99274993e-01   0.0000
 -1.74585745e-01   0.0000
  5.52147292e-02   0.0000
  7.07089305e-02   0.0000
  8.64776969e-02   0.0000
 -1.18779659e+00   0.0000
 -6.90746486e-01   0.0000
 -1.71697754e-02   0.0000
 -1.78990141e-01   0.0000
  1.10118699e+00   0.0000
  9.74296749e-01   0.0000
 -1.70207918e-02   0.0000
  1.37334123e-01   0.0000
  6.11328959e-01   0.0000
 -5.90363920e-01   0.0000
 -2.71797925e-01   0.0000
  5.54500580e-01   0.0000
  8.13635111e-01   0.0000
 -6.73299432e-01   0.0000
  2.23108083e-02   0.0000
  9.42351758e-01   0.0000
  6.82148412e-02   0.0000
  1.26846641e-01   0.0000
  6.22007132e-01   0.0000
 -5.74039407e-02   0.0000
 -3.06493491e-01   0.0000
  2.74846405e-01   0.0000
  3.74033377e-02   0.0000
  3.60447355e-02   0.0000
  9.51913774e-01   0.0000
  9.00367260e-01   0.0000
  2.10712567e-01   0.0000
 -7.49680866e-03   0.0000
 -1.27604473e+00   0.0000
  4.45481867e-01   0.0000
  2.12188095e-01   0.0000
  1.20612241e-01   0.0000
  1.14647341e+00   0.0000
  2.49444515e-01   0.0000
  1.62091330e-01   0.0000
  3.48601848e-01   0.0000
  2.91972220e-01   0.0000
  1.39680946e+00   0.0000
 -2.26939932e-01   0.0000
  5.94685018e-01   0.0000
 -9.68776569e-02   0.0000
  3.84514302e-01   0.0000
 -9.26062986e-02   0.0000
  1.01037055e-01   0.0000
  9.10817906e-02   0.0000
 -3.89819145e-01   0.0000
 -3.04147720e-01   0.0000
  7.80874863e-02   0.0000
  8.57646585e-01   0.0000
  5.55544317e-01   0.0000
  1.92846552e-01   0.0000
  3.35288554e-01   0.0000
 -1.11454606e+00   0.0000
  1.01665056e+00   0.0000
 -1.68140128e-01   0.0000
  3.18623222e-02   0.0000
  6.77647829e-01   0.0000
 -1.59475073e-01   0.0000
 -1.14758752e-01   0.0000
  7.01537251e-01   0.0000
  9.62934375e-01   0.0000
  3.00594687e-01   0.0000
  5.51058501e-02   0.0000
  1.65784597e+00   0.0000
 -1.55012205e-01   0.0000
  3.07660133e-01   0.0000
 -1.46063656e-01   0.0000
  3.56511995e-02   0.0000
  2.00478360e-02   0.0000
 -5.98993897e-01   0.0000
  1.15483791e-01   0.0000
 -1.21100701e-01   0.0000
  1.38374221e+00   0.0000
  1.16556740e+00   0.0000
  3.16208571e-01   0.0000
  2.85587180e-02   0.0000
 -1.44442141e+00   0.0000
 -1.89713389e-01   0.0000
  9.10579041e-02   0.0000
  9.57512408e-02   0.0000
 -1.59492409e+00   0.0000
 -2.95301437e-01   0.0000
 -1.94494814e-01   0.0000
 -1.64304435e-01   0.0000
  3.88848990e-01   0.0000
  7.39623189e-01   0.0000
 -5.06853536e-02   0.0000
  6.77695930e-01   0.0000
 -5.93320251e-01   0.0000
  3.64088714e-02   0.0000
  7.49132633e-02   0.0000
 -1.68698743e-01   0.0000
 -5.49478270e-02   0.0000
  2.50476211e-01   0.0000
 -1.20390318e-01   0.0000
 -1.39537722e-01   0.0000
  6.57473266e-01   0.0000
  5.96990645e-01   0.0000
 -1.55220836e-01   0.0000
  6.05423152e-02   0.0000
  7.71831453e-01   0.0000
 -6.83364391e-01   0.0000
 -1.54121667e-01   0.0000
 -1.23228513e-01   0.0000
  2.34896883e-01   0.0000
 -5.52913666e-01   0.0000
  7.67257065e-02   0.0000
 -7.89677978e-01   0.0000
 -1.08252966e+00   0.0000
 -7.66908348e-01   0.0000
  2.66842276e-01   0.0000
 -1.66201615e+00   0.0000
  1.47700757e-01   0.0000
  3.12294513e-01   0.0000
  5.49848557e-01   0.0000
  3.08386832e-01   0.0000
 -7.84719437e-02   0.0000
 -4.40977454e-01   0.0000
  3.21301222e-02   0.0000
  9.14484635e-02   0.0000
 -1.05734134e+00   0.0000
 -1.05359936e+00   0.0000
  4.64871377e-01   0.0000
  1.61426291e-01   0.0000
  1.15855336e+00   0.0000
 -4.45947170e-01   0.0000
 -8.04225132e-02   0.0000
 -2.91109700e-02   0.0000
  2.31000423e-01   0.0000
  3.87392305e-02   0.0000
 -6.43294007e-02   0.0000
 -1.87848896e-01   0.0000
 -8.25135231e-01   0.0000
 -1.06185842e+00   0.0000
  1.81310833e-01   0.0000
 -1.09207356e+00   0.0000
  2.13775337e-01   0.0000
 -2.69605577e-01   0.0000
  3.40581536e-01   0.0000
  9.57704261e-02   0.0000
 -4.61695582e-01   0.0000
  8.03167969e-02   0.0000
  1.37206852e-01   0.0000
  7.54079744e-02   0.0000
 -5.54672480e-01   0.0000
 -9.85151231e-01   0.0000
 -8.49101603e-01   0.0000
 -7.87029490e-02   0.0000
  2.45424256e-01   0.0000
 -1.52248725e-01   0.0000
 -2.75148273e-01   0.0000
 -2.46870771e-01   0.0000
 -1.20168591e+00   0.0000
 -1.23764873e+00   0.0000
 -6.30309641e-01   0.0000
 -1.03995584e-01   0.0000
 -9.64949787e-01   0.0000
 -5.91969669e-01   0.0000
  3.41137648e-01   0.0000
 -1.37895775e+00   0.0000
 -6.35030419e-02   0.0000
 -3.03496838e-01   0.0000
  3.17632914e-01   0.0000
 -1.29506784e-02   0.0000
 -2.14482844e-01   0.0000
  8.06391016e-02   0.0000
  1.61205292e-01   0.0000
 -7.39705637e-02   0.0000
 -1.37706125e+00   0.0000
 -1.45364559e+00   0.0000
 -1.27694696e-01   0.0000
 -3.80239516e-01   0.0000
  6.90403938e-01   0.0000
  1.41745180e-01   0.0000
  2.73309976e-01   0.0000
  3.00381165e-02   0.0000
  2.15187714e-01   0.0000
  2.90215164e-01   0.0000
  4.90944177e-01   0.0000
 -2.26263136e-01   0.0000
  2.26090983e-01   0.0000
 -5.15147388e-01   0.0000
 -3.27335671e-02   0.0000
 -4.14213628e-01   0.0000
 -1.49505436e-01   0.0000
  2.27338597e-01   0.0000
 -4.55215067e-01   0.0000
  1.16684452e-01   0.0000
  4.30688351e-01   0.0000
 -6.39782846e-01   0.0000
 -5.95226660e-02   0.0000
 -5.54472841e-02   0.0000
 -1.02019513e+00   0.0000
  6.31137043e-02   0.0000
 -9.06601455e-03   0.0000
  2.78605223e-02   0.0000
  4.67491686e-01   0.0000
 -8.25814724e-01   0.0000
 -9.28028822e-02   0.0000
  5.58682717e-02   0.0000
 -8.34640801e-01   0.0000
  2.75971532e-01   0.0000
 -4.40612793e-01   0.0000
 -4.48158830e-01   0.0000
 -6.47777855e-01   0.0000
  5.93686342e-01   0.0000
 -1.14351965e-01   0.0000
 -1.19191790e+00   0.0000
  6.81331977e-02   0.0000
  3.97088706e-01   0.0000
 -4.05021310e-01   0.0000
 -9.72278178e-01   0.0000
 -1.15581818e-01   0.0000
 -9.90752697e-01   0.0000
 -1.63374141e-01   0.0000
  4.43465039e-02   0.0000
 -1.85403097e+00   0.0000
 -4.51058239e-01   0.0000
  5.57955384e-01   0.0000
 -1.06278788e-02   0.0000
  1.83956969e+00   0.0000
 -1.01208994e-02   0.0000
 -1.42961845e-01   0.0000
 -1.19231023e-01   0.0000
 -1.14560556e+00   0.0000
  3.55329603e-01   0.0000
 -6.50735945e-02   0.0000
  7.06363142e-01   0.0000
 -3.31827216e-02   0.0000
  1.35604215e+00   0.0000
  1.56481475e-01   0.0000
 -4.99377877e-01   0.0000
 -5.67093670e-01   0.0000
  1.50706142e-01   0.0000
 -3.75819534e-01   0.0000
 -3.68127525e-01   0.0000
  2.11341947e-01   0.0000
 -1.45818502e-01   0.0000
  1.74937874e-01   0.0000
 -8.90419539e-03   0.0000
 -6.93619251e-02   0.0000
  1.36818038e-02   0.0000
 -1.19668603e-01   0.0000
 -1.16922736e-01   0.0000
 -5.94261944e-01   0.0000
 -6.48595154e-01   0.0000
 -1.63915306e-01   0.0000
 -2.53755480e-01   0.0000
 -7.57493258e-01   0.0000
 -3.78173411e-01   0.0000
 -2.38287717e-01   0.0000
 -2.29398549e-01   0.0000
 -1.05330515e+00   0.0000
 -8.49249482e-01   0.0000
  3.46786708e-01   0.0000
 -2.33470631e+00   0.0000
  1.86858550e-01   0.0000
  2.73971260e-01   0.0000
  2.91441649e-01   0.0000
 -5.71835749e-02   0.0000
 -9.90969539e-02   0.0000
 -3.36716580e-03   0.0000
  1.62082762e-01   0.0000
 -1.23745855e-02   0.0000
 -8.39425862e-01   0.0000
 -1.29735947e+00   0.0000
  4.93807703e-01   0.0000
 -2.08954856e-01   0.0000
  5.05888581e-01   0.0000
 -5.76260328e-01   0.0000
 -1.73666328e-01   0.0000
 -8.14316515e-03   0.0000
 -1.59889436e+00   0.0000
 -3.50767910e-01   0.0000
 -4.90979850e-01   0.0000
  3.61621261e-01   0.0000
 -5.25281489e-01   0.0000
 -6.29305422e-01   0.0000
 -1.61430184e-02   0.0000
 -3.36496651e-01   0.0000
 -3.23959172e-01   0.0000
 -3.84208590e-01   0.0000
 -4.63561900e-02   0.0000
 -3.58162254e-01   0.0000
 -3.34681123e-01   0.0000
 -2.18188390e-01   0.0000
  2.82777771e-02   0.0000
  1.57758400e-01   0.0000
  4.75896329e-01   0.0000
 -5.74068606e-01   0.0000
 -8.87972355e-01   0.0000
 -3.01302105e-01   0.0000
 -2.21222803e-01   0.0000
 -5.91558553e-02   0.0000
  1.10790320e-02   0.0000
 -9.18124095e-02   0.0000
 -2.23013818e-01   0.0000
  1.13688847e-02   0.0000
 -1.22246154e-01   0.0000
 -5.18887460e-01   0.0000
  2.72990018e-01   0.0000
 -2.11131144e+00   0.0000
  4.93031815e-02   0.0000
  3.28831524e-01   0.0000
  4.06658590e-01   0.0000
  4.70684230e-01   0.0000
 -3.29005778e-01   0.0000
 -1.18596768e-02   0.0000
  2.92662710e-01   0.0000
 -8.43404591e-01   0.0000
 -8.68981406e-02   0.0000
  6.16941601e-03   0.0000
 -1.86299548e-01   0.0000
  5.60249805e-01   0.0000
  8.72722507e-01   0.0000
 -6.36954010e-02   0.0000
  2.62414396e-01   0.0000
  2.23576173e-01   0.0000
 -2.52032708e-02   0.0000
  1.21104218e-01   0.0000
 -2.65135199e-01   0.0000
 -3.99335742e-01   0.0000
 -1.25190184e-01   0.0000
  2.84056336e-01   0.0000
  3.84688348e-01   0.0000
 -4.45739061e-01   0.0000
  4.10358049e-02   0.0000
  5.27021468e-01   0.0000
  4.62758571e-01   0.0000
 -2.30837405e-01   0.0000
  2.90895492e-01   0.0000
  1.19269639e-01   0.0000
  1.16230406e-01   0.0000
  2.71889597e-01   0.0000
  8.04412588e-02   0.0000
 -5.23263775e-02   0.0000
  6.56347573e-01   0.0000
  2.68177301e-01   0.0000
 -8.89566720e-01   0.0000
 -3.28085840e-01   0.0000
 -3.68130296e-01   0.0000
 -3.07545692e-01   0.0000
 -5.61255924e-02   0.0000
 -2.87200987e-01   0.0000
 -1.17579572e-01   0.0000
 -4.39511806e-01   0.0000
 -1.57652080e-01   0.0000
 -2.99967736e-01   0.0000
 -5.08155704e-01   0.0000
 -5.89951575e-01   0.0000
  1.19046964e-01   0.0000
 -1.57517838e+00   0.0000
  1.64356232e-02   0.0000
  1.31528199e-01   0.0000
  1.20552689e-01   0.0000
  4.16070908e-01   0.0000
 -1.63321346e-02   0.0000
 -5.05736649e-01   0.0000
  3.22480261e-01   0.0000
 -6.04236759e-02   0.0000
 -1.47009301e+00   0.0000
 -8.49092603e-01   0.0000
 -3.36841613e-01   0.0000
 -1.90578505e-01   0.0000
  7.98295915e-01   0.0000
 -1.07976988e-01   0.0000
  8.52097273e-02   0.0000
  2.07381576e-01   0.0000
 -2.18558520e-01   0.0000
  6.23596072e-01   0.0000
  3.80136490e-01   0.0000
  3.37219238e-01   0.0000
  2.35497370e-01   0.0000
 -2.19224513e-01   0.0000
  6.32847175e-02   0.0000
  4.59389448e-01   0.0000
  3.43908340e-01   0.0000
 -9.25370306e-03   0.0000
 -3.70171279e-01   0.0000
  2.27315426e-01   0.0000
  4.79076952e-01   0.0000
  3.20543289e-01   0.0000
  1.11586727e-01   0.0000
 -8.53378102e-02   0.0000
  7.02089608e-01   0.0000
  3.09679866e-01   0.0000
  2.52300233e-01   0.0000
 -7.88027048e-03   0.0000
  7.20468685e-02   0.0000
 -6.60900652e-01   0.0000
  2.76076118e-03   0.0000
 -4.08271216e-02   0.0000
 -1.15187132e+00   0.0000
 -1.50038242e-01   0.0000
 -7.68069550e-02   0.0000
 -2.31784791e-01   0.0000
 -6.26222014e-01   0.0000
 -2.66420454e-01   0.0000
 -7.92850181e-02   0.0000
 -1.31054151e+00   0.0000
  5.09558208e-02   0.0000
  1.85292795e-01   0.0000
  5.73336482e-01   0.0000
 -1.16925657e-01   0.0000
 -2.34461993e-01   0.0000
 -9.76114571e-01   0.0000
  1.56052439e-02   0.0000
  4.40150164e-02   0.0000
 -4.64609802e-01   0.0000
 -8.51642489e-01   0.0000
 -5.60593665e-01   0.0000
 -1.49417803e-01   0.0000
  1.55548382e+00   0.0000
 -2.06879079e-02   0.0000
 -5.06251352e-03   0.0000
  8.05345401e-02   0.0000
  2.90218055e-01   0.0000
 -2.47447357e-01   0.0000
  2.10646279e-02   0.0000
  1.72374785e-01   0.0000
 -2.41971850e-01   0.0000
 -1.24770410e-01   0.0000
  8.31643119e-02   0.0000
  5.92619061e-01   0.0000
 -4.17922944e-01   0.0000
 -3.69282305e-01   0.0000
 -8.14195648e-02   0.0000
  2.15508059e-01   0.0000
  2.45797470e-01   0.0000
  2.44854063e-01   0.0000
  3.75580676e-02   0.0000
 -4.24897857e-02   0.0000
  1.26804757e+00   0.0000
 -1.61500312e-02   0.0000
 -3.50969374e-01   0.0000
 -2.39329815e-01   0.0000
 -7.92368650e-01   0.0000
 -1.83258986e+00   0.0000
 -2.66775513e+00   0.0000
 -1.69353092e+00   0.0000
 -1.35819459e+00   0.0000
 -2.19470572e+00   0.0000
 -1.56800079e+00   0.0000
 -1.26185262e+00   0.0000
 -2.48035622e+00   0.0000
 -3.16452414e-01   0.0000
  2.44116449e+00   0.0000
 -2.78413796e+00   0.0000
  5.15011251e-01   0.0000
 -1.32882082e+00   0.0000
  2.27821255e+00   0.0000
 -1.13277030e+00   0.0000
 -1.07869279e+00   0.0000
  1.47561848e+00   0.0000
  3.03613544e+00   0.0000
  8.96209419e-01   0.0000
 -1.95308542e+00   0.0000
 -2.84698224e+00   0.0000
 -3.60689640e-01   0.0000
 -1.76872993e+00   0.0000
  1.47158277e+00   0.0000
  1.98871899e+00   0.0000
 -7.53350616e-01   0.0000
  2.94358104e-01   0.0000
 -2.63518333e+00   0.0000
 -3.37758923e+00   0.0000
 -1.64458537e+00   0.0000
  1.38782632e+00   0.0000
  2.64337444e+00   0.0000
  3.19962287e+00   0.0000
  2.45713010e-01   0.0000
  5.03951359e+00   0.0000
 -8.24725926e-01   0.0000
 -2.10662246e+00   0.0000
  2.89629030e+00   0.0000
 -1.70707726e+00   0.0000
 -1.09617960e+00   0.0000
  1.97454441e+00   0.0000
  1.70034692e-01   0.0000
  2.50024319e-01   0.0000
  4.61573982e+00   0.0000
  3.41350269e+00   0.0000
 -2.06361175e+00   0.0000
 -1.33833694e+00   0.0000
 -3.40163231e+00   0.0000
  0.00000000e+00   0.0000

