 5 0.000000 1
 1 
 Si 28.085500
 0 0.250000 4.500000 1.000000 1.500000 
 5 0 1 2 3 4
 6 1.00000 1.25000 1.50000 1.75000 4.50000 4.75000
 1 12.169200 6.172630 3.114710 0.755675 0.404939 0.036124 0.650018 0.572890
 4 30 24 24 1
  7.87241757e-01   0.0000
  6.97926134e-02   0.0000
  6.50774062e-01   0.0000
  7.64217436e-01   0.0000
 -2.17650816e-01   0.0000
 -1.22192025e+00   0.0000
  6.81660712e-01   0.0000
  7.76215971e-01   0.0000
  5.08907080e-01   0.0000
  3.23339432e-01   0.0000
 -9.47058260e-01   0.0000
 -2.65339434e-01   0.0000
 -6.83962584e-01   0.0000
 -1.37617320e-01   0.0000
 -6.65518999e-01   0.0000
  3.47281277e-01   0.0000
 -9.69499588e-01   0.0000
 -7.76871860e-01   0.0000
  2.27018997e-01   0.0000
  1.55146551e+00   0.0000
 -2.21725082e+00   0.0000
  9.77478266e-01   0.0000
 -7.94936359e-01   0.0000
 -3.19777757e-01   0.0000
  4.28828090e-01   0.0000
 -2.21261948e-01   0.0000
  8.24721634e-01   0.0000
 -2.24958304e-02   0.0000
 -2.84587860e-01   0.0000
 -1.88604921e-01   0.0000
  9.56139341e-02   0.0000
  6.54924333e-01   0.0000
 -1.92172974e-02   0.0000
  6.67792279e-03   0.0000
 -4.67806250e-01   0.0000
 -5.89563966e-01   0.0000
 -3.24229151e-01   0.0000
 -1.48950785e-01   0.0000
  1.94761649e-01   0.0000
  4.59448725e-01   0.0000
 -2.47396886e-01   0.0000
 -5.37777245e-01   0.0000
  1.61831781e-01   0.0000
  1.12176275e+00   0.0000
 -7.51287997e-01   0.0000
  3.93210769e-01   0.0000
 -4.53449309e-01   0.0000
 -4.95858610e-01   0.0000
 -8.60575810e-02   0.0000
 -5.72047889e-01   0.0000
  9.52131391e-01   0.0000
 -4.72339928e-01   0.0000
 -6.61150813e-01   0.0000
  2.13886380e-01   0.0000
 -1.97683871e-01   0.0000
  1.28133997e-01   0.0000
 -3.71451378e-01   0.0000
 -1.30421817e-01   0.0000
 -5.61742127e-01   0.0000
 -4.19070572e-01   0.0000
 -2.77676471e-02   0.0000
 -7.11377189e-02   0.0000
  7.64897704e-01   0.0000
  3.39838922e-01   0.0000
  9.49277580e-02   0.0000
 -1.84986457e-01   0.0000
  3.44963700e-01   0.0000
  7.74650037e-01   0.0000
  3.24085742e-01   0.0000
 -1.18601896e-01   0.0000
 -2.42202312e-01   0.0000
 -4.70009148e-01   0.0000
 -4.65420723e-01   0.0000
 -3.56921405e-01   0.0000
  8.76206577e-01   0.0000
 -3.47490311e-01   0.0000
 -5.72232842e-01   0.0000
  5.81142187e-01   0.0000
 -3.47543985e-01   0.0000
 -2.14339029e-02   0.0000
 -4.56300020e-01   0.0000
 -1.04378507e-01   0.0000
 -4.97221857e-01   0.0000
 -6.81890845e-01   0.0000
 -1.38250843e-01   0.0000
 -1.34677842e-01   0.0000
  1.40602839e+00   0.0000
  2.96089172e-01   0.0000
  2.69361436e-01   0.0000
 -2.93573380e-01   0.0000
  5.61501324e-01   0.0000
  2.93888241e-01   0.0000
  1.19464612e+00   0.0000
 -4.68915045e-01   0.0000
 -3.41937989e-02   0.0000
 -5.11504292e-01   0.0000
  2.36701563e-01   0.0000
  4.36909020e-01   0.0000
 -2.76319720e-02   0.0000
 -3.27521831e-01   0.0000
 -1.96462527e-01   0.0000
  1.50037599e+00   0.0000
 -6.20792389e-01   0.0000
 -3.51144612e-01   0.0000
  2.99165905e-01   0.0000
  1.44992918e-01   0.0000
  4.49255288e-01   0.0000
  5.75619459e-01   0.0000
  1.46064028e-01   0.0000
 -6.31362647e-02   0.0000
  1.06714964e+00   0.0000
 -3.39313224e-02   0.0000
  1.17929086e-01   0.0000
  5.29406965e-01   0.0000
  7.16415703e-01   0.0000
 -9.20603797e-02   0.0000
  5.32958388e-01   0.0000
 -5.03307939e-01   0.0000
  4.51722704e-02   0.0000
 -6.24340415e-01   0.0000
  2.34538347e-01   0.0000
  9.25393283e-01   0.0000
  1.47546008e-01   0.0000
  2.89375812e-01   0.0000
 -1.17000423e-01   0.0000
  8.72780144e-01   0.0000
 -2.02191904e-01   0.0000
 -2.34315425e-01   0.0000
  3.89383286e-01   0.0000
  3.11166793e-01   0.0000
  2.48202100e-01   0.0000
  4.04171437e-01   0.0000
 -3.48627791e-02   0.0000
 -4.76271331e-01   0.0000
 -2.85814047e-01   0.0000
  6.07216358e-02   0.0000
 -6.19798899e-01   0.0000
  1.19533169e+00   0.0000
 -5.20584583e-02   0.0000
  2.52047807e-01   0.0000
  3.31427842e-01   0.0000
 -3.39784473e-01   0.0000
 -3.15323114e-01   0.0000
 -3.33299369e-01   0.0000
 -1.21658698e-01   0.0000
 -5.91598451e-01   0.0000
 -1.23662343e-02   0.0000
 -9.52633098e-02   0.0000
  3.68564487e-01   0.0000
 -3.34000587e-01   0.0000
  1.81130663e-01   0.0000
  9.02387425e-02   0.0000
 -1.48542404e-01   0.0000
  1.46074903e+00   0.0000
  6.44991636e-01   0.0000
 -6.06544986e-02   0.0000
  1.51508348e-02   0.0000
 -6.13489807e-01   0.0000
  1.60185277e-01   0.0000
 -1.30304009e-01   0.0000
  3.15304399e-01   0.0000
 -3.38126868e-01   0.0000
 -7.40473866e-02   0.0000
  1.82618335e-01   0.0000
  2.54541785e-01   0.0000
  3.52030843e-01   0.0000
  2.29570400e-02   0.0000
  6.22551620e-01   0.0000
 -5.61312735e-01   0.0000
 -4.75609154e-01   0.0000
 -5.03642224e-02   0.0000
 -2.24356800e-01   0.0000
  1.89171880e-01   0.0000
 -3.08311790e-01   0.0000
 -2.71101445e-01   0.0000
  2.44850740e-02   0.0000
  3.72739285e-02   0.0000
  1.10981059e+00   0.0000
 -1.95173800e-01   0.0000
 -1.80041835e-01   0.0000
  4.21685586e-03   0.0000
  8.46469477e-02   0.0000
 -1.74178943e-01   0.0000
 -1.50065288e-01   0.0000
  2.08956331e-01   0.0000
 -5.52622378e-01   0.0000
 -1.92970932e-01   0.0000
  4.14328948e-02   0.0000
  2.02486396e-01   0.0000
  5.43484502e-02   0.0000
 -3.28636132e-02   0.0000
  5.44754505e-01   0.0000
 -2.30602935e-01   0.0000
 -3.98887128e-01   0.0000
  4.92560156e-02   0.0000
 -1.32650778e-01   0.0000
  1.72952656e-02   0.0000
 -6.38659537e-01   0.0000
 -4.64843988e-01   0.0000
 -1.21986508e-01   0.0000
  8.86485353e-03   0.0000
  6.93409264e-01   0.0000
 -7.67215639e-02   0.0000
 -5.94530851e-02   0.0000
 -1.24531742e-02   0.0000
  3.73179764e-01   0.0000
 -2.20453978e-01   0.0000
 -3.10573548e-01   0.0000
 -6.22113273e-02   0.0000
 -6.14500523e-01   0.0000
  2.26830244e-01   0.0000
 -1.29508868e-01   0.0000
 -1.73534945e-01   0.0000
  1.27310231e-01   0.0000
 -2.16577277e-01   0.0000
  8.83837879e-01   0.0000
 -2.06412926e-01   0.0000
 -1.38220057e-01   0.0000
 -5.27115241e-02   0.0000
 -4.45532888e-01   0.0000
 -2.89014131e-01   0.0000
 -6.93893254e-01   0.0000
 -7.10691810e-01   0.0000
 -2.24614218e-01   0.0000
  9.71485600e-02   0.0000
  4.98991132e-01   0.0000
 -4.17214483e-01   0.0000
 -2.46988803e-01   0.0000
  1.57260001e-01   0.0000
  9.01850879e-01   0.0000
 -4.73912418e-01   0.0000
 -5.08403599e-01   0.0000
 -3.51152499e-03   0.0000
 -6.91633105e-01   0.0000
  4.72067893e-01   0.0000
 -5.51049650e-01   0.0000
 -2.30017081e-01   0.0000
 -2.79392824e-02   0.0000
 -5.16636252e-01   0.0000
  7.80585706e-01   0.0000
  1.37948409e-01   0.0000
 -1.77156225e-01   0.0000
  2.65950263e-01   0.0000
 -3.91465664e-01   0.0000
 -1.43305808e-01   0.0000
 -2.91118383e-01   0.0000
  1.00783634e+00   0.0000
  3.91421527e-01   0.0000
  7.72520453e-02   0.0000
  2.90790707e-01   0.0000
 -2.25971162e-01   0.0000
 -3.36763024e-01   0.0000
  2.31646225e-01   0.0000
 -5.68887070e-02   0.0000
 -5.88926710e-02   0.0000
  2.22381130e-01   0.0000
 -2.23468733e-03   0.0000
 -9.76933464e-02   0.0000
  1.53499648e-01   0.0000
  4.06904854e-02   0.0000
  5.67215942e-02   0.0000
 -1.43873334e-01   0.0000
 -5.38199782e-01   0.0000
 -3.78904909e-01   0.0000
 -1.82747215e-01   0.0000
 -6.31787479e-02   0.0000
  2.48054485e-03   0.0000
  3.90720330e-02   0.0000
  7.36605972e-02   0.0000
 -3.18394005e-01   0.0000
 -2.81387925e-01   0.0000
 -3.73439193e-02   0.0000
 -1.96506158e-01   0.0000
  6.56305075e-01   0.0000
  4.11989629e-01   0.0000
 -1.97790682e-01   0.0000
  2.21210763e-01   0.0000
 -6.39857948e-01   0.0000
  3.56271386e-01   0.0000
  4.93761957e-01   0.0000
 -1.05795525e-01   0.0000
  3.87617908e-02   0.0000
 -3.86075169e-01   0.0000
 -1.02898441e-01   0.0000
 -6.39120266e-02   0.0000
 -1.80311859e-01   0.0000
 -4.92438227e-01   0.0000
 -4.90421534e-01   0.0000
  5.75394332e-01   0.0000
  8.77611876e-01   0.0000
  6.21657446e-02   0.0000
  3.80995683e-02   0.0000
  4.99604583e-01   0.0000
 -7.99383283e-01   0.0000
  6.26318216e-01   0.0000
  7.17802644e-01   0.0000
  1.11574056e-02   0.0000
  4.86508943e-02   0.0000
  4.31066304e-01   0.0000
 -8.12077448e-02   0.0000
  1.09537788e-01   0.0000
 -5.77372648e-02   0.0000
 -8.60540010e-03   0.0000
  4.68517281e-02   0.0000
  1.13369063e-01   0.0000
  3.30654979e-02   0.0000
 -8.03812861e-01   0.0000
  1.18504144e-01   0.0000
 -2.49619350e-01   0.0000
 -2.56422877e-01   0.0000
 -1.16315770e+00   0.0000
  1.90221816e-01   0.0000
 -2.27655321e-01   0.0000
  4.85880494e-01   0.0000
  2.23516613e-01   0.0000
 -3.71110529e-01   0.0000
  2.56684631e-01   0.0000
 -2.05771580e-01   0.0000
 -2.29935348e-01   0.0000
  4.14059669e-01   0.0000
  1.05615579e-01   0.0000
 -1.00032914e+00   0.0000
 -7.42443651e-02   0.0000
 -3.19246948e-01   0.0000
 -4.22353059e-01   0.0000
  3.04444879e-01   0.0000
  2.61468261e-01   0.0000
  2.74431765e-01   0.0000
 -5.83187044e-01   0.0000
 -1.29404366e-01   0.0000
 -6.90567553e-01   0.0000
 -5.66014826e-01   0.0000
  1.17908403e-01   0.0000
 -2.97658201e-02   0.0000
 -1.07122576e+00   0.0000
 -4.01312977e-01   0.0000
 -5.05869210e-01   0.0000
  4.14368123e-01   0.0000
  2.05002069e-01   0.0000
 -4.58498895e-01   0.0000
  4.35759008e-01   0.0000
  1.01059834e-02   0.0000
 -4.29224730e-01   0.0000
  3.68942879e-02   0.0000
  7.18831047e-02   0.0000
 -1.52490282e+00   0.0000
 -6.33313596e-01   0.0000
 -1.88097253e-01   0.0000
 -4.38176453e-01   0.0000
  6.02344692e-01   0.0000
  2.14690223e-01   0.0000
  3.78367335e-01   0.0000
 -1.20420623e+00   0.0000
 -5.09178877e-01   0.0000
 -2.67390370e-01   0.0000
 -7.26379633e-01   0.0000
  2.21997369e-02   0.0000
  7.41501600e-02   0.0000
 -1.14262044e+00   0.0000
 -4.11927402e-01   0.0000
 -4.56157088e-01   0.0000
  6.23369396e-01   0.0000
  1.40680343e-01   0.0000
 -6.91263258e-01   0.0000
  2.69466639e-01   0.0000
  2.64889181e-01   0.0000
 -6.50813818e-01   0.0000
  2.72958696e-01   0.0000
  1.80025876e-01   0.0000
 -2.07715201e+00   0.0000
 -1.12047887e+00   0.0000
 -3.83000791e-01   0.0000
 -6.56103671e-01   0.0000
  6.47507787e-01   0.0000
  1.96304142e-01   0.0000
  2.58108974e-01   0.0000
 -1.47438729e+00   0.0000
 -3.04770797e-01   0.0000
 -1.77231655e-01   0.0000
 -1.09556627e+00   0.0000
  5.31711459e-01   0.0000
 -3.95739466e-01   0.0000
 -1.33416438e+00   0.0000
 -2.70328939e-01   0.0000
 -8.01093057e-02   0.0000
  6.30302727e-02   0.0000
  2.84490883e-01   0.0000
 -2.51837879e-01   0.0000
 -1.71854198e-01   0.0000
 -6.54181689e-02   0.0000
  1.72358304e-01   0.0000
  4.98045474e-01   0.0000
 -1.55458361e-01   0.0000
 -1.27442062e-01   0.0000
 -1.28800780e-01   0.0000
  5.63901186e-01   0.0000
  8.88797283e-01   0.0000
  6.26538917e-02   0.0000
  4.12773907e-01   0.0000
 -6.11015499e-01   0.0000
  4.15839612e-01   0.0000
 -8.30601931e-01   0.0000
 -1.93299696e-01   0.0000
 -4.38697278e-01   0.0000
 -4.64505970e-01   0.0000
 -1.16418707e+00   0.0000
 -1.89968213e-01   0.0000
 -1.85486048e-01   0.0000
  1.68136731e-01   0.0000
  4.15096402e-01   0.0000
  3.46048027e-01   0.0000
  1.69267338e-02   0.0000
 -1.87272593e-01   0.0000
  1.91357955e-01   0.0000
  3.11157793e-01   0.0000
 -2.11066380e-01   0.0000
  2.19278440e-01   0.0000
  1.75763518e-01   0.0000
  3.97352546e-01   0.0000
 -2.55439132e-01   0.0000
 -4.44715410e-01   0.0000
 -2.80263633e-01   0.0000
 -1.18697276e-02   0.0000
 -1.62294004e-02   0.0000
 -6.22542143e-01   0.0000
 -3.44160259e-01   0.0000
  2.79845238e-01   0.0000
 -1.60932228e-01   0.0000
 -2.34781697e-01   0.0000
 -1.00306165e+00   0.0000
 -1.42318547e-01   0.0000
  4.55262393e-01   0.0000
  4.23378050e-01   0.0000
 -7.16554821e-01   0.0000
 -5.60651064e-01   0.0000
  5.42052209e-01   0.0000
  4.26706336e-02   0.0000
  2.37669479e-02   0.0000
 -6.72354698e-01   0.0000
  1.68155283e-01   0.0000
  1.14331603e-01   0.0000
 -1.37704957e+00   0.0000
  1.53733164e-01   0.0000
 -4.23053652e-02   0.0000
 -6.44447923e-01   0.0000
 -5.98368384e-02   0.0000
 -5.37117124e-01   0.0000
  8.32910165e-02   0.0000
 -4.18263465e-01   0.0000
 -1.28981099e-01   0.0000
 -5.22514224e-01   0.0000
 -1.80786431e-01   0.0000
 -1.10866690e+00   0.0000
 -9.53913853e-02   0.0000
  1.93915263e-01   0.0000
  7.40671933e-01   0.0000
 -1.59884557e-01   0.0000
 -6.66206658e-01   0.0000
 -3.11730411e-02   0.0000
  9.24922377e-02   0.0000
 -7.38072991e-02   0.0000
 -8.89150500e-02   0.0000
 -2.37494037e-01   0.0000
  2.43440956e-01   0.0000
 -8.44371915e-02   0.0000
 -8.68951321e-01   0.0000
 -2.89653569e-01   0.0000
 -4.44422901e-01   0.0000
 -2.72595912e-01   0.0000
  2.79177576e-01   0.0000
  2.63114348e-02   0.0000
  3.32377970e-01   0.0000
 -3.45097542e-01   0.0000
  1.74590610e-02   0.0000
 -7.05400407e-02   0.0000
 -4.28114146e-01   0.0000
 -6.58769250e-01   0.0000
  6.34983927e-02   0.0000
 -2.07081571e-01   0.0000
  2.19226062e-01   0.0000
 -4.01314020e-01   0.0000
 -8.23705792e-01   0.0000
  1.14395782e-01   0.0000
 -3.10010195e-01   0.0000
 -1.69547454e-01   0.0000
 -9.65475012e-03   0.0000
 -5.24044156e-01   0.0000
 -5.78900613e-03   0.0000
 -1.10885538e-01   0.0000
 -7.53556371e-01   0.0000
 -6.22870266e-01   0.0000
 -4.75960642e-01   0.0000
 -5.42277992e-01   0.0000
  3.20575893e-01   0.0000
  1.57460868e-01   0.0000
  2.94998169e-01   0.0000
 -4.44634944e-01   0.0000
 -1.70104787e-01   0.0000
  5.49101353e-01   0.0000
 -6.66076839e-01   0.0000
 -5.11014044e-01   0.0000
  1.23519287e-01   0.0000
 -3.72278750e-01   0.0000
  1.86084121e-01   0.0000
 -7.49281883e-01   0.0000
 -7.01217532e-01   0.0000
  3.57161969e-01   0.0000
 -1.25081614e-01   0.0000
 -2.72811651e-01   0.0000
 -6.56694397e-02   0.0000
 -9.08507109e-01   0.0000
 -9.16262493e-02   0.0000
 -2.03169659e-01   0.0000
 -4.88565505e-01   0.0000
 -6.54902160e-01   0.0000
 -1.76517069e-01   0.0000
 -4.46332008e-01   0.0000
  2.33229190e-01   0.0000
  4.97320741e-01   0.0000
 -3.82005423e-02   0.0000
 -2.32794061e-01   0.0000
 -1.67292595e-01   0.0000
  6.75651312e-01   0.0000
 -7.40632415e-01   0.0000
  2.90680844e-02   0.0000
 -2.65751153e-01   0.0000
 -3.58540565e-01   0.0000
 -7.67267942e-02   0.0000
 -7.34948590e-02   0.0000
  1.55105278e-01   0.0000
  1.26475291e-02   0.0000
  5.13699055e-02   0.0000
  4.68142599e-01   0.0000
  1.46784544e-01   0.0000
 -3.54732364e-01   0.0000
 -8.90897065e-02   0.0000
  4.77739751e-01   0.0000
 -2.79416382e-01   0.0000
 -1.99994266e-01   0.0000
  6.49888277e-01   0.0000
 -2.49236032e-01   0.0000
  7.36883163e-01   0.0000
  2.37354487e-02   0.0000
 -8.33172023e-01   0.0000
  6.14273727e-01   0.0000
 -1.64314628e-01   0.0000
  1.99649349e-01   0.0000
 -4.07098234e-01   0.0000
  1.54943258e-01   0.0000
 -3.00816417e-01   0.0000
  3.37909102e-01   0.0000
 -3.21817011e-01   0.0000
  5.71030676e-01   0.0000
 -2.40034506e-01   0.0000
  2.63918012e-01   0.0000
  2.11689904e-01   0.0000
  2.71046996e-01   0.0000
 -2.79017746e-01   0.0000
  4.83860523e-02   0.0000
 -2.37260595e-01   0.0000
 -1.37994468e-01   0.0000
  3.37171555e-01   0.0000
  2.17877850e-02   0.0000
  1.69358164e-01   0.0000
  5.11989295e-01   0.0000
 -6.68005273e-02   0.0000
 -4.31666434e-01   0.0000
 -4.65453237e-01   0.0000
 -1.01306272e+00   0.0000
 -7.42538348e-02   0.0000
  6.32652119e-02   0.0000
 -1.34678319e-01   0.0000
  1.65122338e-02   0.0000
 -1.62652388e-01   0.0000
  1.30275309e-01   0.0000
  3.72958779e-01   0.0000
  3.15634012e-01   0.0000
 -7.60808066e-02   0.0000
  1.84163213e-01   0.0000
  1.81790829e+00   0.0000
  1.34576708e-01   0.0000
 -9.64431942e-01   0.0000
  4.77025867e-01   0.0000
  1.80834860e-01   0.0000
  1.02129972e+00   0.0000
 -3.30887556e-01   0.0000
  6.53506741e-02   0.0000
 -2.51356691e-01   0.0000
  3.82428318e-01   0.0000
  5.31738997e-01   0.0000
 -1.82348502e+00   0.0000
  3.57663691e-01   0.0000
 -5.90776980e-01   0.0000
  4.13187027e-01   0.0000
 -1.12146229e-01   0.0000
  9.11833405e-01   0.0000
 -2.41865635e-01   0.0000
  1.04254532e+00   0.0000
 -1.80778936e-01   0.0000
  1.47039986e+00   0.0000
 -5.07063687e-01   0.0000
 -2.00574026e-01   0.0000
 -3.57466012e-01   0.0000
  9.40447748e-02   0.0000
 -1.60534322e-01   0.0000
 -2.68864810e-01   0.0000
 -2.44496733e-01   0.0000
 -4.68727440e-01   0.0000
  6.37758672e-02   0.0000
 -4.17669088e-01   0.0000
  2.97096044e-01   0.0000
 -2.39276573e-01   0.0000
  6.79004908e-01   0.0000
  5.13067126e-01   0.0000
  2.50365108e-01   0.0000
  2.36680247e-02   0.0000
  4.29481894e-01   0.0000
  3.47798347e-01   0.0000
  1.45458445e-01   0.0000
  5.40050805e-01   0.0000
  7.22322941e-01   0.0000
  5.39800048e-01   0.0000
  2.49546513e-01   0.0000
  5.67487836e-01   0.0000
 -9.34917569e-01   0.0000
  5.53565443e-01   0.0000
 -5.43292701e-01   0.0000
 -6.75537825e-01   0.0000
 -5.91484122e-02   0.0000
  2.42400393e-01   0.0000
 -3.76474023e-01   0.0000
 -9.88882244e-01   0.0000
 -2.83998400e-01   0.0000
 -3.91945541e-01   0.0000
  7.47737810e-02   0.0000
 -2.09209234e-01   0.0000
  5.82480550e-01   0.0000
  5.53074241e-01   0.0000
  4.62336689e-01   0.0000
  7.13472348e-03   0.0000
  4.75471258e-01   0.0000
  5.81420839e-01   0.0000
  1.65505663e-01   0.0000
  1.59805000e-01   0.0000
  8.19424868e-01   0.0000
  1.67754412e-01   0.0000
  9.12642926e-02   0.0000
  8.24414752e-03   0.0000
 -8.86039853e-01   0.0000
  1.48708248e+00   0.0000
 -1.03540921e+00   0.0000
 -8.72046113e-01   0.0000
 -3.11730117e-01   0.0000
 -5.33374250e-02   0.0000
 -7.02739418e-01   0.0000
 -1.30128551e+00   0.0000
 -4.94203746e-01   0.0000
  4.02720347e-02   0.0000
 -6.81592286e-01   0.0000
 -5.66335320e-01   0.0000
 -1.43773094e-01   0.0000
  3.55074942e-01   0.0000
  1.62964597e-01   0.0000
  8.44708085e-02   0.0000
 -5.88857710e-01   0.0000
  8.21515203e-01   0.0000
  2.15579197e-01   0.0000
  2.83992946e-01   0.0000
  7.91662782e-02   0.0000
 -5.53399622e-02   0.0000
 -3.59490961e-01   0.0000
 -3.85286868e-01   0.0000
  2.42460564e-01   0.0000
  7.19811842e-02   0.0000
 -1.75191194e-01   0.0000
 -1.30510658e-01   0.0000
 -3.86586040e-02   0.0000
  6.04019225e-01   0.0000
 -1.77362904e-01   0.0000
 -3.94325852e-01   0.0000
 -9.88356248e-02   0.0000
 -9.93980169e-01   0.0000
  4.61103208e-02   0.0000
  2.56505944e-02   0.0000
  2.36127332e-01   0.0000
  5.73818088e-01   0.0000
 -1.49074435e-01   0.0000
 -6.79644644e-01   0.0000
  3.62674534e-01   0.0000
 -5.84131300e-01   0.0000
  3.71346503e-01   0.0000
 -3.05705696e-01   0.0000
 -2.39508003e-01   0.0000
  8.13269436e-01   0.0000
 -5.88893712e-01   0.0000
 -2.41992518e-01   0.0000
  6.07179180e-02   0.0000
  5.99707626e-02   0.0000
 -5.12610614e-01   0.0000
  3.46636087e-01   0.0000
  3.22549015e-01   0.0000
 -1.57560676e-01   0.0000
  1.94377497e-01   0.0000
  2.09150285e-01   0.0000
 -3.86685461e-01   0.0000
  5.81448972e-02   0.0000
 -3.06254417e-01   0.0000
  6.48118496e-01   0.0000
  7.98985600e-01   0.0000
  3.25800031e-02   0.0000
 -1.87379509e-01   0.0000
 -3.51926476e-01   0.0000
 -3.76886278e-02   0.0000
 -1.92188010e-01   0.0000
 -3.99476290e-01   0.0000
  5.89505732e-01   0.0000
 -5.23915291e-01   0.0000
  1.21283519e+00   0.0000
  2.08785236e-01   0.0000
 -1.00922242e-01   0.0000
 -6.73608422e-01   0.0000
  1.09844267e+00   0.0000
  2.16321558e-01   0.0000
 -1.05264282e+00   0.0000
 -7.33252048e-01   0.0000
  7.26192772e-01   0.0000
 -4.54711020e-01   0.0000
 -8.32369685e-01   0.0000
 -1.46425557e+00   0.0000
  2.32757539e-01   0.0000
  1.04017675e+00   0.0000
 -2.29085147e-01   0.0000
  2.02342963e+00   0.0000
 -5.03241479e-01   0.0000
  3.12210560e-01   0.0000
  8.56009722e-01   0.0000
  5.53284585e-01   0.0000
  6.77956522e-01   0.0000
 -4.10817228e-02   0.0000
  2.12764472e-01   0.0000
  4.33361143e-01   0.0000
 -1.87953368e-01   0.0000
  7.74004385e-02   0.0000
  7.26915121e-01   0.0000
  7.69415796e-01   0.0000
  1.57546736e-02   0.0000
  7.99101368e-02   0.0000
 -8.15298259e-01   0.0000
 -1.31650105e-01   0.0000
 -3.78953338e-01   0.0000
  3.10825527e-01   0.0000
  8.64071310e-01   0.0000
 -3.89592260e-01   0.0000
  2.06142426e-01   0.0000
  1.41404116e+00   0.0000
  4.02669966e-01   0.0000
 -4.64677782e-04   0.0000
  4.73763496e-01   0.0000
 -2.03774989e-01   0.0000
 -3.69486481e-01   0.0000
 -3.23026367e-02   0.0000
  2.16448516e-01   0.0000
  1.51052818e-01   0.0000
  1.30165100e+00   0.0000
  8.48170519e-01   0.0000
 -9.75615624e-03   0.0000
 -2.27162212e-01   0.0000
 -8.34192634e-01   0.0000
  8.51618111e-01   0.0000
  8.55157301e-02   0.0000
  1.60387203e-01   0.0000
 -7.22741544e-01   0.0000
 -3.22998166e-01   0.0000
 -6.98789731e-02   0.0000
  2.64206976e-01   0.0000
  3.33232462e-01   0.0000
 -5.11041045e-01   0.0000
  4.89128113e-04   0.0000
  5.60695231e-01   0.0000
 -2.39673499e-02   0.0000
 -3.13169390e-01   0.0000
 -2.62387186e-01   0.0000
 -6.92167401e-01   0.0000
  2.02360079e-02   0.0000
 -6.54048562e-01   0.0000
 -1.11976720e-01   0.0000
  2.03335267e-02   0.0000
  4.51175660e-01   0.0000
  3.78084511e-01   0.0000
 -1.19353724e+00   0.0000
 -3.08897614e-01   0.0000
 -4.47844088e-01   0.0000
  6.08723164e-01   0.0000
  6.21417128e-02   0.0000
  2.17236593e-01   0.0000
  5.87258220e-01   0.0000
  4.71946239e-01   0.0000
 -4.79974486e-02   0.0000
  1.83534086e-01   0.0000
  5.21845937e-01   0.0000
 -2.98865229e-01   0.0000
 -2.47778296e-01   0.0000
 -1.85379460e-01   0.0000
  3.22743475e-01   0.0000
  1.36071995e-01   0.0000
 -1.47347197e-01   0.0000
 -4.21598107e-02   0.0000
  1.45156460e-03   0.0000
 -8.91722913e-04   0.0000
 -4.86007333e-02   0.0000
  1.13823317e-01   0.0000
 -2.02852279e-01   0.0000
  3.56386751e-01   0.0000
  4.87008154e-01   0.0000
  2.55793512e-01   0.0000
  2.55981326e-01   0.0000
  8.60610425e-01   0.0000
  2.56461650e-01   0.0000
  9.60454270e-02   0.0000
  1.35262623e-01   0.0000
 -9.03268680e-02   0.0000
 -2.12771907e-01   0.0000
  6.85724139e-01   0.0000
  1.18893516e+00   0.0000
  5.78366295e-02   0.0000
 -1.96355004e-02   0.0000
  1.82883334e+00   0.0000
  8.82289559e-02   0.0000
  1.10080466e-01   0.0000
 -7.62237161e-02   0.0000
  1.19966559e-01   0.0000
 -6.15803674e-02   0.0000
 -2.32704639e-01   0.0000
 -1.85873240e-01   0.0000
 -1.70657828e-01   0.0000
  1.49956286e+00   0.0000
  1.29647195e+00   0.0000
  1.52897686e-01   0.0000
 -4.65241708e-02   0.0000
 -1.05238736e+00   0.0000
  4.46607964e-03   0.0000
  6.36804327e-02   0.0000
 -2.06680343e-01   0.0000
  8.80759358e-01   0.0000
  8.86529028e-01   0.0000
  3.23421031e-01   0.0000
 -2.61925980e-02   0.0000
 -2.52829075e-01   0.0000
  1.61173224e+00   0.0000
  8.85094702e-02   0.0000
 -1.68939009e-01   0.0000
 -5.02556026e-01   0.0000
 -5.08177206e-02   0.0000
  5.87396249e-02   0.0000
  3.24985415e-01   0.0000
  1.37436062e-01   0.0000
  6.64199233e-01   0.0000
  1.45615544e-02   0.0000
  8.95206109e-02   0.0000
  3.04590285e-01   0.0000
 -5.09572208e-01   0.0000
 -2.87595630e-01   0.0000
  2.27142006e-01   0.0000
 -8.62097293e-02   0.0000
 -5.18300533e-01   0.0000
 -2.38096058e-01   0.0000
 -3.21726203e-01   0.0000
 -1.37729895e+00   0.0000
 -1.50219545e-01   0.0000
 -7.08292365e-01   0.0000
 -3.13390106e-01   0.0000
 -5.02148986e-01   0.0000
 -5.78061715e-02   0.0000
  2.05486476e-01   0.0000
 -1.18442023e+00   0.0000
 -4.96127531e-02   0.0000
 -1.02808066e-01   0.0000
 -1.26345634e-01   0.0000
 -6.22693658e-01   0.0000
 -1.53136909e-01   0.0000
 -2.34141499e-02   0.0000
  7.77451023e-02   0.0000
  8.35847408e-02   0.0000
 -1.25237858e+00   0.0000
 -6.97616696e-01   0.0000
 -8.85994732e-02   0.0000
 -1.81080192e-01   0.0000
  1.08331525e+00   0.0000
  9.55770612e-01   0.0000
 -1.73737295e-02   0.0000
  1.50195256e-01   0.0000
  4.70809221e-01   0.0000
 -5.65685153e-01   0.0000
 -2.71302909e-01   0.0000
  5.47775209e-01   0.0000
  7.86886811e-01   0.0000
 -6.85643196e-01   0.0000
  2.37022527e-02   0.0000
  9.72890556e-01   0.0000
 -2.15795008e-03   0.0000
  9.03266668e-02   0.0000
  5.77232540e-01   0.0000
 -1.13133639e-01   0.0000
 -2.92957872e-01   0.0000
  2.95362294e-01   0.0000
  4.21628952e-02   0.0000
  4.47522812e-02   0.0000
  9.80504274e-01   0.0000
  8.89896870e-01   0.0000
  1.87400207e-01   0.0000
 -3.06659788e-02   0.0000
 -1.31520891e+00   0.0000
  4.18957561e-01   0.0000
  2.33869597e-01   0.0000
  1.29931450e-01   0.0000
  1.14367759e+00   0.0000
  2.48696893e-01   0.0000
  1.73612878e-01   0.0000
  3.62252891e-01   0.0000
  3.01770359e-01   0.0000
  1.32585919e+00   0.0000
 -2.49709308e-01   0.0000
  6.12906039e-01   0.0000
 -1.63545206e-01   0.0000
  3.77834052e-01   0.0000
 -1.01127677e-01   0.0000
  1.36920989e-01   0.0000
  1.22780673e-01   0.0000
 -4.18613940e-01   0.0000
 -3.37330222e-01   0.0000
  8.37882906e-02   0.0000
  8.26272786e-01   0.0000
  6.24276936e-01   0.0000
  1.90230191e-01   0.0000
  3.41234893e-01   0.0000
 -1.06615269e+00   0.0000
  9.83878791e-01   0.0000
 -1.89261064e-01   0.0000
  3.63926664e-02   0.0000
  7.32868493e-01   0.0000
 -1.59130231e-01   0.0000
 -1.45193025e-01   0.0000
  7.72213757e-01   0.0000
  9.18301582e-01   0.0000
  2.65786350e-01   0.0000
  6.15332425e-02   0.0000
  1.56597745e+00   0.0000
 -2.04168439e-01   0.0000
  2.55638301e-01   0.0000
 -1.26489401e-01   0.0000
  2.58062733e-04   0.0000
 -3.23319063e-02   0.0000
 -4.77425575e-01   0.0000
  1.28758565e-01   0.0000
 -1.21230893e-01   0.0000
  1.31080282e+00   0.0000
  1.09083879e+00   0.0000
  2.38349497e-01   0.0000
  3.94277722e-02   0.0000
 -1.32463050e+00   0.0000
 -1.35287166e-01   0.0000
  9.48365405e-02   0.0000
  1.12350561e-01   0.0000
 -1.52113509e+00   0.0000
 -4.22466815e-01   0.0000
 -2.13681012e-01   0.0000
 -1.18104421e-01   0.0000
  4.09476608e-01   0.0000
  7.44930923e-01   0.0000
 -5.51992990e-02   0.0000
  5.93294978e-01   0.0000
 -6.35988951e-01   0.0000
  1.86080914e-02   0.0000
  9.55010056e-02   0.0000
 -1.58678383e-01   0.0000
 -3.57295051e-02   0.0000
  1.91072136e-01   0.0000
 -1.33250609e-01   0.0000
 -1.59567699e-01   0.0000
  6.47703946e-01   0.0000
  6.10739410e-01   0.0000
 -9.82237384e-02   0.0000
  2.96757556e-02   0.0000
  7.93079019e-01   0.0000
 -7.06795394e-01   0.0000
 -1.73880681e-01   0.0000
 -1.27872318e-01   0.0000
  2.88318127e-01   0.0000
 -5.27487755e-01   0.0000
  1.04077235e-01   0.0000
 -8.24730217e-01   0.0000
 -1.07934475e+00   0.0000
 -7.59689867e-01   0.0000
  2.96515405e-01   0.0000
 -1.62738013e+00   0.0000
  1.14846244e-01   0.0000
  2.68919379e-01   0.0000
  5.52994847e-01   0.0000
  2.96008885e-01   0.0000
 -1.05351917e-01   0.0000
 -3.94207627e-01   0.0000
  3.60054113e-02   0.0000
  1.10188842e-01   0.0000
 -1.01336563e+00   0.0000
 -1.04813528e+00   0.0000
  4.27800715e-01   0.0000
  1.83014527e-01   0.0000
  1.09446275e+00   0.0000
 -4.17524368e-01   0.0000
 -9.35929194e-02   0.0000
 -3.01383194e-02   0.0000
  1.97813034e-01   0.0000
  1.60491951e-02   0.0000
 -6.37381077e-02   0.0000
 -2.11035445e-01   0.0000
 -8.23217034e-01   0.0000
 -1.08565915e+00   0.0000
  2.00496301e-01   0.0000
 -1.04867554e+00   0.0000
  2.05735788e-01   0.0000
 -2.86932647e-01   0.0000
  3.16233367e-01   0.0000
  8.66142362e-02   0.0000
 -4.42517579e-01   0.0000
  6.14250079e-02   0.0000
  1.52170032e-01   0.0000
  8.09653476e-02   0.0000
 -4.95358169e-01   0.0000
 -9.47043419e-01   0.0000
 -8.74843299e-01   0.0000
 -9.93153751e-02   0.0000
  2.27715135e-01   0.0000
 -2.25143924e-01   0.0000
 -2.98225820e-01   0.0000
 -2.82818854e-01   0.0000
 -1.14641309e+00   0.0000
 -1.28373408e+00   0.0000
 -6.42194092e-01   0.0000
 -1.62027106e-01   0.0000
 -9.91285980e-01   0.0000
 -4.56276238e-01   0.0000
  3.76550913e-01   0.0000
 -1.35113025e+00   0.0000
 -7.42888153e-02   0.0000
 -2.66920179e-01   0.0000
  2.95216173e-01   0.0000
 -5.15628755e-02   0.0000
 -2.55521715e-01   0.0000
  7.50450566e-02   0.0000
  1.78527102e-01   0.0000
 -7.74322525e-02   0.0000
 -1.31484449e+00   0.0000
 -1.50524879e+00   0.0000
 -5.69639392e-02   0.0000
 -3.92853647e-01   0.0000
  6.44187808e-01   0.0000
  1.75657749e-01   0.0000
  2.95790255e-01   0.0000
  4.68395129e-02   0.0000
  2.61123002e-01   0.0000
  3.02151173e-01   0.0000
  4.69899207e-01   0.0000
 -2.17489570e-01   0.0000
  2.53762454e-01   0.0000
 -5.67875206e-01   0.0000
 -3.42007093e-02   0.0000
 -4.67020065e-01   0.0000
 -1.27496243e-01   0.0000
  1.82992801e-01   0.0000
 -4.68356341e-01   0.0000
  1.15296520e-01   0.0000
  4.31500554e-01   0.0000
 -5.12108088e-01   0.0000
 -6.61148727e-02   0.0000
 -5.46904914e-02   0.0000
 -1.01430082e+00   0.0000
  5.16615734e-02   0.0000
 -5.54998517e-02   0.0000
  2.61376705e-02   0.0000
  4.23441827e-01   0.0000
 -8.32354903e-01   0.0000
 -9.55636948e-02   0.0000
  5.57476729e-02   0.0000
 -7.89821804e-01   0.0000
  2.96945691e-01   0.0000
 -4.38966185e-01   0.0000
 -5.06710887e-01   0.0000
 -6.39628530e-01   0.0000
  5.12722850e-01   0.0000
 -1.25848994e-01   0.0000
 -1.21715939e+00   0.0000
  8.41618776e-02   0.0000
  3.96895617e-01   0.0000
 -4.33592469e-01   0.0000
 -8.77552986e-01   0.0000
 -1.12593360e-01   0.0000
 -9.75200653e-01   0.0000
 -1.81306332e-01   0.0000
  3.72936130e-02   0.0000
 -1.86291003e+00   0.0000
 -4.07652318e-01   0.0000
  5.21242142e-01   0.0000
 -2.29302626e-02   0.0000
  1.90333998e+00   0.0000
 -2.10745508e-04   0.0000
 -1.58779815e-01   0.0000
 -1.31040901e-01   0.0000
 -1.16202998e+00   0.0000
  3.72544616e-01   0.0000
 -9.01518166e-02   0.0000
  6.81961179e-01   0.0000
  3.38402428e-02   0.0000
  1.33338892e+00   0.0000
  1.75797552e-01   0.0000
 -4.00556624e-01   0.0000
 -5.54393291e-01   0.0000
  1.11784130e-01   0.0000
 -3.42405230e-01   0.0000
 -3.90157610e-01   0.0000
  1.32580936e-01   0.0000
 -1.78413868e-01   0.0000
  1.95365995e-01   0.0000
 -6.97990414e-03   0.0000
 -1.71915093e-03   0.0000
  1.33787662e-01   0.0000
 -1.13894120e-01   0.0000
 -1.28540978e-01   0.0000
 -5.40877700e-01   0.0000
 -6.47016227e-01   0.0000
 -1.79236293e-01   0.0000
 -2.86953777e-01   0.0000
 -7.09149063e-01   0.0000
 -4.32386190e-01   0.0000
 -1.97417825e-01   0.0000
 -2.80565619e-01   0.0000
 -1.06753600e+00   0.0000
 -8.85282755e-01   0.0000
  3.82786155e-01   0.0000
 -2.26260495e+00   0.0000
  1.92058027e-01   0.0000
  2.34782904e-01   0.0000
  3.14742863e-01   0.0000
 -5.35475276e-02   0.0000
 -8.93507898e-02   0.0000
  1.04395840e-02   0.0000
  1.79985136e-01   0.0000
 -1.40654854e-02   0.0000
 -8.69392574e-01   0.0000
 -1.29538822e+00   0.0000
  4.43981349e-01   0.0000
 -2.17997327e-01   0.0000
  4.76817518e-01   0.0000
 -5.60234845e-01   0.0000
 -1.86952502e-01   0.0000
 -2.21622232e-02   0.0000
 -1.58480322e+00   0.0000
 -3.49611104e-01   0.0000
 -4.57817197e-01   0.0000
  3.15812409e-01   0.0000
 -5.68057001e-01   0.0000
 -5.87467372e-01   0.0000
 -1.88550092e-02   0.0000
 -3.53923142e-01   0.0000
 -3.40356737e-01   0.0000
 -3.91818941e-01   0.0000
 -5.86270653e-02   0.0000
 -3.54108542e-01   0.0000
 -2.90395081e-01   0.0000
 -2.26171345e-01   0.0000
  3.12838070e-02   0.0000
  1.62295327e-01   0.0000
  4.81603235e-01   0.0000
 -6.31418288e-01   0.0000
 -8.76224339e-01   0.0000
 -3.14460307e-01   0.0000
 -2.02260330e-01   0.0000
 -4.36501168e-02   0.0000
  1.70886423e-02   0.0000
 -1.05295688e-01   0.0000
 -1.88861743e-01   0.0000
  4.74222451e-02   0.0000
 -1.17657758e-01   0.0000
 -5.46045601e-01   0.0000
  2.91650414e-01   0.0000
 -2.05770874e+00   0.0000
  5.30905984e-02   0.0000
  3.33651513e-01   0.0000
  4.57335949e-01   0.0000
  4.51213598e-01   0.0000
 -3.48077118e-01   0.0000
  4.71932292e-02   0.0000
  3.07113349e-01   0.0000
 -8.59275520e-01   0.0000
 -9.73528549e-02   0.0000
  7.27244746e-03   0.0000
 -1.40335545e-01   0.0000
  6.00642383e-01   0.0000
  8.96205246e-01   0.0000
 -5.69735691e-02   0.0000
  3.08525801e-01   0.0000
  2.33998403e-01   0.0000
 -2.49685217e-02   0.0000
  1.16834722e-01   0.0000
 -3.12280118e-01   0.0000
 -4.35870945e-01   0.0000
 -1.71533495e-01   0.0000
  2.64727980e-01   0.0000
  4.16727334e-01   0.0000
 -3.44284505e-01   0.0000
  4.26891036e-02   0.0000
  5.22052944e-01   0.0000
  4.49030757e-01   0.0000
 -2.41861328e-01   0.0000
  3.22906405e-01   0.0000
  1.04094945e-01   0.0000
  1.09959133e-01   0.0000
  2.90062308e-01   0.0000
  8.87030438e-02   0.0000
 -5.19027114e-02   0.0000
  7.64940083e-01   0.0000
  2.73850292e-01   0.0000
 -7.89112270e-01   0.0000
 -3.45956564e-01   0.0000
 -4.18346196e-01   0.0000
 -3.32006186e-01   0.0000
 -6.83708340e-02   0.0000
 -3.18805009e-01   0.0000
 -4.61442396e-02   0.0000
 -4.12024230e-01   0.0000
 -1.80347562e-01   0.0000
 -3.47344160e-01   0.0000
 -5.23116708e-01   0.0000
 -5.79191267e-01   0.0000
  1.32796511e-01   0.0000
 -1.64186466e+00   0.0000
  2.30433568e-02   0.0000
  1.36068821e-01   0.0000
  1.18878134e-01   0.0000
  3.70884925e-01   0.0000
 -6.68615401e-02   0.0000
 -4.20278192e-01   0.0000
  3.59191209e-01   0.0000
 -6.18203543e-02   0.0000
 -1.49492848e+00   0.0000
 -9.02940929e-01   0.0000
 -2.90112078e-01   0.0000
 -1.87190637e-01   0.0000
  8.05305719e-01   0.0000
 -3.85379307e-02   0.0000
  1.01954736e-01   0.0000
  2.05651015e-01   0.0000
 -1.14330262e-01   0.0000
  6.64385319e-01   0.0000
  3.83357495e-01   0.0000
  2.90733159e-01   0.0000
  2.27027714e-01   0.0000
 -1.80727392e-01   0.0000
  6.41068146e-02   0.0000
  5.67602277e-01   0.0000
  3.52220446e-01   0.0000
  3.66763845e-02   0.0000
 -3.35782826e-01   0.0000
  1.86974138e-01   0.0000
  4.49317366e-01   0.0000
  3.31009269e-01   0.0000
  1.23220354e-01   0.0000
 -8.17725584e-02   0.0000
  6.32649183e-01   0.0000
  2.80054510e-01   0.0000
  2.47691840e-01   0.0000
  7.32664531e-03   0.0000
 -6.53518811e-02   0.0000
 -6.36035800e-01   0.0000
  3.71861854e-03   0.0000
 -4.97468561e-02   0.0000
 -1.13663077e+00   0.0000
 -1.89159915e-01   0.0000
 -8.31398219e-02   0.0000
 -2.24257052e-01   0.0000
 -6.44060791e-01   0.0000
 -3.08728635e-01   0.0000
 -8.97743180e-02   0.0000
 -1.34177792e+00   0.0000
  3.57439443e-02   0.0000
  1.59185797e-01   0.0000
  5.66115260e-01   0.0000
 -1.41040146e-01   0.0000
 -2.44212881e-01   0.0000
 -9.47437346e-01   0.0000
  1.66181885e-02   0.0000
  4.68926094e-02   0.0000
 -4.71847147e-01   0.0000
 -8.78560185e-01   0.0000
 -6.38920426e-01   0.0000
 -1.53703913e-01   0.0000
  1.54986489e+00   0.0000
 -7.61018842e-02   0.0000
 -1.60374516e-03   0.0000
  8.70557502e-02   0.0000
  1.69203863e-01   0.0000
 -2.34050781e-01   0.0000
  2.05790233e-02   0.0000
  1.67063624e-01   0.0000
 -2.71653324e-01   0.0000
 -1.21622026e-01   0.0000
  9.12867635e-02   0.0000
  5.94968677e-01   0.0000
 -3.78322095e-01   0.0000
 -3.63627851e-01   0.0000
 -5.14999665e-02   0.0000
  2.32232079e-01   0.0000
  2.34348983e-01   0.0000
  2.05766454e-01   0.0000
  4.08626124e-02   0.0000
 -5.07763065e-02   0.0000
  1.21147633e+00   0.0000
 -5.41996397e-02   0.0000
 -3.44154865e-01   0.0000
 -2.39357054e-01   0.0000
 -7.33824849e-01   0.0000
 -2.00175142e+00   0.0000
 -2.96862459e+00   0.0000
 -1.88628519e+00   0.0000
 -1.29253280e+00   0.0000
 -2.40828300e+00   0.0000
 -1.70341122e+00   0.0000
 -1.34721875e+00   0.0000
 -2.70632815e+00   0.0000
 -3.74187142e-01   0.0000
  2.71544933e+00   0.0000
 -2.95770240e+00   0.0000
  6.04529381e-01   0.0000
 -1.50801945e+00   0.0000
  2.53055811e+00   0.0000
 -1.26962566e+00   0.0000
 -1.18347478e+00   0.0000
  1.56177747e+00   0.0000
  3.37603331e+00   0.0000
  9.91803408e-01   0.0000
 -2.17466068e+00   0.0000
 -3.10485268e+00   0.0000
 -4.03892964e-01   0.0000
 -1.97982383e+00   0.0000
  1.54042399e+00   0.0000
  2.09186745e+00   0.0000
 -7.74576485e-01   0.0000
  3.77755135e-01   0.0000
 -2.62794924e+00   0.0000
 -3.61301923e+00   0.0000
 -1.74642348e+00   0.0000
  1.49830520e+00   0.0000
  2.79359484e+00   0.0000
  3.22267294e+00   0.0000
  2.04852462e-01   0.0000
  5.19444561e+00   0.0000
 -8.70225668e-01   0.0000
 -2.25069046e+00   0.0000
  3.13697433e+00   0.0000
 -1.78576970e+00   0.0000
 -1.14649999e+00   0.0000
  1.98461175e+00   0.0000
  1.29919589e-01   0.0000
  2.29871690e-01   0.0000
  4.81826305e+00   0.0000
  3.59675527e+00   0.0000
 -2.06695294e+00   0.0000
 -1.41006398e+00   0.0000
 -3.50469470e+00   0.0000
  0.00000000e+00   0.0000

