 5 0.000000 1
 1 
 Si 28.085500
 0 0.250000 4.500000 1.000000 1.500000 
 5 0 1 2 3 4
 6 1.00000 1.25000 1.50000 1.75000 4.50000 4.75000
 1 12.169200 6.172630 3.114710 0.755675 0.404939 0.036124 0.650018 0.572890
 4 30 24 24 1
  8.97017062e-01   0.0000
  6.47444874e-02   0.0000
  7.86099136e-01   0.0000
  7.15377688e-01   0.0000
 -3.17919433e-01   0.0000
 -1.39946270e+00   0.0000
  7.42661119e-01   0.0000
  9.31258380e-01   0.0000
  6.14637375e-01   0.0000
  4.33884472e-01   0.0000
 -8.50422084e-01   0.0000
 -2.88793862e-01   0.0000
 -5.97782433e-01   0.0000
 -1.15166523e-01   0.0000
 -8.39251757e-01   0.0000
  4.37577993e-01   0.0000
 -1.07715833e+00   0.0000
 -7.75057316e-01   0.0000
  2.42288962e-01   0.0000
  1.55612314e+00   0.0000
 -2.29207015e+00   0.0000
  9.85967934e-01   0.0000
 -8.75368536e-01   0.0000
 -3.29836488e-01   0.0000
  5.17824471e-01   0.0000
 -2.47283220e-01   0.0000
  9.28344786e-01   0.0000
 -1.47481896e-02   0.0000
 -3.15163970e-01   0.0000
 -1.77667215e-01   0.0000
  8.93553048e-02   0.0000
  7.64504313e-01   0.0000
  3.46370786e-02   0.0000
  4.02275547e-02   0.0000
 -4.09873396e-01   0.0000
 -5.78637898e-01   0.0000
 -2.96489358e-01   0.0000
 -1.67749152e-01   0.0000
  1.41295701e-01   0.0000
  4.32460696e-01   0.0000
 -2.85417289e-01   0.0000
 -5.94685614e-01   0.0000
  1.55432299e-01   0.0000
  1.08257794e+00   0.0000
 -7.84911871e-01   0.0000
  3.85426849e-01   0.0000
 -4.49069351e-01   0.0000
 -5.30027092e-01   0.0000
 -6.89427257e-02   0.0000
 -6.50099576e-01   0.0000
  1.04280317e+00   0.0000
 -4.60092425e-01   0.0000
 -7.74043620e-01   0.0000
  2.95583278e-01   0.0000
 -2.14299873e-01   0.0000
  9.02801454e-02   0.0000
 -4.13198262e-01   0.0000
 -1.22834124e-01   0.0000
 -5.45361817e-01   0.0000
 -3.02155972e-01   0.0000
 -1.99020444e-03   0.0000
 -3.36989537e-02   0.0000
  8.14230025e-01   0.0000
  2.62258083e-01   0.0000
  1.30549997e-01   0.0000
 -2.32525170e-01   0.0000
  3.43751520e-01   0.0000
  6.90508485e-01   0.0000
  3.81149292e-01   0.0000
 -1.10056520e-01   0.0000
 -1.66955769e-01   0.0000
 -5.48306644e-01   0.0000
 -5.05851746e-01   0.0000
 -4.03430998e-01   0.0000
  9.46927786e-01   0.0000
 -3.11513692e-01   0.0000
 -6.55702353e-01   0.0000
  7.23082066e-01   0.0000
 -3.65321666e-01   0.0000
 -2.05714643e-01   0.0000
 -5.11596978e-01   0.0000
 -9.25224796e-02   0.0000
 -4.54754263e-01   0.0000
 -5.83408058e-01   0.0000
 -1.46175146e-01   0.0000
 -1.46714404e-01   0.0000
  1.45416474e+00   0.0000
  2.54793197e-01   0.0000
  3.77541333e-01   0.0000
 -3.63134921e-01   0.0000
  6.61465406e-01   0.0000
  1.50534809e-01   0.0000
  1.22470570e+00   0.0000
 -4.43709314e-01   0.0000
  1.24163724e-01   0.0000
 -6.36794150e-01   0.0000
  3.07891011e-01   0.0000
  4.14068878e-01   0.0000
 -4.47895713e-02   0.0000
 -4.03574616e-01   0.0000
 -1.31507173e-01   0.0000
  1.46816897e+00   0.0000
 -7.65553594e-01   0.0000
 -4.24270540e-01   0.0000
  1.54807508e-01   0.0000
  1.58974100e-02   0.0000
  3.70497942e-01   0.0000
  5.43985963e-01   0.0000
  1.91896647e-01   0.0000
 -6.59079552e-02   0.0000
  1.12915063e+00   0.0000
  1.44375982e-02   0.0000
  1.91225514e-01   0.0000
  4.72600996e-01   0.0000
  5.34369171e-01   0.0000
 -1.48012787e-01   0.0000
  5.58333158e-01   0.0000
 -5.46576381e-01   0.0000
  8.39011073e-02   0.0000
 -6.58639014e-01   0.0000
  3.61226916e-01   0.0000
  8.96938264e-01   0.0000
  1.14438415e-01   0.0000
  2.53390014e-01   0.0000
 -1.44686669e-01   0.0000
  7.85376608e-01   0.0000
 -2.22202331e-01   0.0000
 -2.81319052e-01   0.0000
  4.37331736e-01   0.0000
  2.62544781e-01   0.0000
  1.40923947e-01   0.0000
  2.41459146e-01   0.0000
 -9.62461755e-02   0.0000
 -5.12012899e-01   0.0000
 -3.45702171e-01   0.0000
  1.17149889e-01   0.0000
 -6.25749409e-01   0.0000
  1.25974905e+00   0.0000
 -7.75076449e-02   0.0000
  2.61952788e-01   0.0000
  2.42434233e-01   0.0000
 -2.94268280e-01   0.0000
 -3.83504152e-01   0.0000
 -2.59747326e-01   0.0000
 -7.84675032e-02   0.0000
 -6.09374106e-01   0.0000
 -1.55035220e-02   0.0000
 -1.09111778e-01   0.0000
  2.88036495e-01   0.0000
 -3.66200626e-01   0.0000
  1.94256291e-01   0.0000
  9.27425101e-02   0.0000
 -1.65788591e-01   0.0000
  1.29101324e+00   0.0000
  6.26811326e-01   0.0000
 -1.67650916e-02   0.0000
  2.07688183e-01   0.0000
 -5.74599564e-01   0.0000
  1.66652471e-01   0.0000
 -3.01154107e-01   0.0000
  3.29816014e-01   0.0000
 -4.78753686e-01   0.0000
  8.34086537e-02   0.0000
  6.59174621e-02   0.0000
  1.38307378e-01   0.0000
  3.81094098e-01   0.0000
  9.80859771e-02   0.0000
  6.10086679e-01   0.0000
 -5.61745048e-01   0.0000
 -5.51319897e-01   0.0000
 -1.16018690e-01   0.0000
 -1.44584611e-01   0.0000
  1.37059808e-01   0.0000
 -3.11156243e-01   0.0000
 -3.26350987e-01   0.0000
  4.39481251e-02   0.0000
  4.81314063e-02   0.0000
  1.02133143e+00   0.0000
 -2.84784526e-01   0.0000
 -1.22457013e-01   0.0000
  4.83528674e-02   0.0000
  1.16450794e-01   0.0000
 -1.73065692e-01   0.0000
 -1.76693067e-01   0.0000
  2.17822850e-01   0.0000
 -6.93139017e-01   0.0000
 -1.90662488e-01   0.0000
 -1.11280782e-02   0.0000
  1.85156450e-01   0.0000
  4.81777936e-02   0.0000
 -4.50988533e-03   0.0000
  4.82127637e-01   0.0000
 -2.26302370e-01   0.0000
 -4.72592056e-01   0.0000
 -2.08123252e-04   0.0000
  1.86967980e-02   0.0000
  2.26894598e-02   0.0000
 -6.55216634e-01   0.0000
 -5.00812948e-01   0.0000
 -7.71178603e-02   0.0000
  3.66241601e-03   0.0000
  6.65923953e-01   0.0000
 -7.79043883e-02   0.0000
  6.18821494e-02   0.0000
 -4.72379699e-02   0.0000
  3.36654037e-01   0.0000
 -2.19389275e-01   0.0000
 -1.69465959e-01   0.0000
 -1.03810288e-01   0.0000
 -6.97457373e-01   0.0000
  1.33002654e-01   0.0000
 -1.27893046e-01   0.0000
 -1.79223329e-01   0.0000
  1.22994341e-01   0.0000
 -2.63136506e-01   0.0000
  8.55197906e-01   0.0000
 -2.85403073e-01   0.0000
 -1.80152625e-01   0.0000
 -8.41349289e-02   0.0000
 -3.29144180e-01   0.0000
 -2.01665327e-01   0.0000
 -6.51761711e-01   0.0000
 -7.62959003e-01   0.0000
 -1.22092783e-01   0.0000
  8.54591578e-02   0.0000
  5.42472541e-01   0.0000
 -3.75467926e-01   0.0000
 -1.63729027e-01   0.0000
  1.12754613e-01   0.0000
  8.89500678e-01   0.0000
 -4.86262769e-01   0.0000
 -2.18449265e-01   0.0000
 -1.08035831e-02   0.0000
 -7.14039743e-01   0.0000
  2.25672260e-01   0.0000
 -5.66422820e-01   0.0000
 -1.76925048e-01   0.0000
 -8.70623440e-02   0.0000
 -6.46144331e-01   0.0000
  7.20545471e-01   0.0000
  7.24271610e-02   0.0000
 -1.15596257e-01   0.0000
  4.44611579e-01   0.0000
 -3.32556993e-01   0.0000
 -1.16581962e-01   0.0000
 -3.07201743e-01   0.0000
  9.45072412e-01   0.0000
  4.24870551e-01   0.0000
 -3.61924246e-02   0.0000
  3.49836856e-01   0.0000
 -2.78882116e-01   0.0000
 -3.72406453e-01   0.0000
  3.52170706e-01   0.0000
 -3.48229893e-02   0.0000
  9.15746316e-02   0.0000
  2.22820476e-01   0.0000
  3.51937078e-02   0.0000
  2.81324200e-02   0.0000
  6.14405796e-02   0.0000
  1.23818517e-01   0.0000
 -4.33473401e-02   0.0000
 -1.51892349e-01   0.0000
 -4.95377481e-01   0.0000
 -2.83617407e-01   0.0000
 -1.13070674e-01   0.0000
 -5.27322805e-03   0.0000
  7.10735172e-02   0.0000
 -1.37075707e-01   0.0000
  5.91202267e-02   0.0000
 -4.86087680e-01   0.0000
 -1.93802819e-01   0.0000
 -1.59784004e-01   0.0000
 -2.39326075e-01   0.0000
  8.04726720e-01   0.0000
  3.94268036e-01   0.0000
 -2.76785314e-01   0.0000
  1.83050588e-01   0.0000
 -7.19859600e-01   0.0000
  2.06573650e-01   0.0000
  4.42654103e-01   0.0000
 -8.99243578e-02   0.0000
 -6.84105977e-02   0.0000
 -2.46688396e-01   0.0000
 -8.82959142e-02   0.0000
  8.42960700e-02   0.0000
 -1.34795606e-01   0.0000
 -6.23866320e-01   0.0000
 -4.56303388e-01   0.0000
  5.24912715e-01   0.0000
  1.13097572e+00   0.0000
  8.26825127e-02   0.0000
 -6.71430975e-02   0.0000
  4.65003550e-01   0.0000
 -9.54267919e-01   0.0000
  5.81125021e-01   0.0000
  7.86421895e-01   0.0000
  4.56500053e-03   0.0000
 -9.07348022e-02   0.0000
  2.23599494e-01   0.0000
 -2.03626543e-01   0.0000
  1.00610949e-01   0.0000
  4.22007032e-02   0.0000
 -4.04679030e-02   0.0000
 -1.26994044e-01   0.0000
  1.41653776e-01   0.0000
  1.65233731e-01   0.0000
 -7.57838964e-01   0.0000
  1.53486580e-01   0.0000
 -2.73606658e-01   0.0000
 -3.04187000e-01   0.0000
 -1.22950613e+00   0.0000
  3.04024220e-01   0.0000
 -2.35023960e-01   0.0000
  5.82953572e-01   0.0000
  2.46572524e-01   0.0000
 -4.02503163e-01   0.0000
  2.09541738e-01   0.0000
 -2.84062475e-01   0.0000
 -2.77866840e-01   0.0000
  4.40962434e-01   0.0000
  1.20384082e-01   0.0000
 -1.05547535e+00   0.0000
 -6.37347177e-02   0.0000
 -4.26893085e-01   0.0000
 -4.13427413e-01   0.0000
  3.01648080e-01   0.0000
  2.37777010e-01   0.0000
  2.30191350e-01   0.0000
 -6.32823825e-01   0.0000
 -6.55750781e-02   0.0000
 -6.58202767e-01   0.0000
 -5.79613388e-01   0.0000
  2.19932556e-01   0.0000
 -8.05940703e-02   0.0000
 -1.00770080e+00   0.0000
 -3.09266537e-01   0.0000
 -4.76941347e-01   0.0000
  4.27177161e-01   0.0000
  2.16808528e-01   0.0000
 -4.67677534e-01   0.0000
  4.83719051e-01   0.0000
 -5.15555888e-02   0.0000
 -4.11336750e-01   0.0000
 -7.62731652e-04   0.0000
  3.36388908e-02   0.0000
 -1.45867479e+00   0.0000
 -5.15212357e-01   0.0000
 -2.11664870e-01   0.0000
 -4.07861322e-01   0.0000
  6.17932677e-01   0.0000
  2.16324359e-01   0.0000
  3.88322443e-01   0.0000
 -1.23825490e+00   0.0000
 -5.54719925e-01   0.0000
 -1.99802294e-01   0.0000
 -6.84754431e-01   0.0000
  3.41596529e-02   0.0000
  7.53011480e-02   0.0000
 -1.04502141e+00   0.0000
 -3.27274323e-01   0.0000
 -3.83390903e-01   0.0000
  6.12354159e-01   0.0000
  1.50005564e-01   0.0000
 -7.56247938e-01   0.0000
  3.68156642e-01   0.0000
  2.35160723e-01   0.0000
 -6.17801607e-01   0.0000
  2.81945169e-01   0.0000
  1.66291207e-01   0.0000
 -1.94629550e+00   0.0000
 -1.04031503e+00   0.0000
 -4.02453005e-01   0.0000
 -7.11746335e-01   0.0000
  6.82893097e-01   0.0000
  2.05785617e-01   0.0000
  2.59987712e-01   0.0000
 -1.49523222e+00   0.0000
 -3.42303336e-01   0.0000
 -1.65038452e-01   0.0000
 -1.02951682e+00   0.0000
  4.31032389e-01   0.0000
 -3.60000521e-01   0.0000
 -1.31890476e+00   0.0000
 -2.12349907e-01   0.0000
 -1.43243387e-01   0.0000
  1.06117427e-01   0.0000
  3.19870830e-01   0.0000
 -1.84867233e-01   0.0000
 -1.48893684e-01   0.0000
 -2.12382078e-02   0.0000
  1.52089566e-01   0.0000
  4.37684387e-01   0.0000
 -1.38300896e-01   0.0000
 -1.51201859e-01   0.0000
 -1.92076638e-02   0.0000
  5.28291166e-01   0.0000
  8.34969699e-01   0.0000
  6.52229115e-02   0.0000
  5.28858781e-01   0.0000
 -5.11921406e-01   0.0000
  4.19200867e-01   0.0000
 -8.61514211e-01   0.0000
 -4.20973301e-01   0.0000
 -5.11685371e-01   0.0000
 -4.94863510e-01   0.0000
 -1.14535069e+00   0.0000
 -3.57597947e-01   0.0000
 -1.61221772e-01   0.0000
  1.35112166e-01   0.0000
  3.97852629e-01   0.0000
  3.12277496e-01   0.0000
  2.58330889e-02   0.0000
 -3.00415516e-01   0.0000
  1.78197637e-01   0.0000
  3.55186790e-01   0.0000
 -2.17883974e-01   0.0000
  1.85137689e-01   0.0000
  1.01089567e-01   0.0000
  3.51705968e-01   0.0000
 -2.13117912e-01   0.0000
 -4.69707340e-01   0.0000
 -3.01416039e-01   0.0000
 -2.40345493e-01   0.0000
 -1.70600396e-02   0.0000
 -5.77337980e-01   0.0000
 -3.41431260e-01   0.0000
  4.83250231e-01   0.0000
 -2.17967689e-01   0.0000
 -2.30728865e-01   0.0000
 -9.65088308e-01   0.0000
 -7.18454123e-02   0.0000
  4.56460893e-01   0.0000
  4.75470722e-01   0.0000
 -6.50862396e-01   0.0000
 -6.10099554e-01   0.0000
  5.70810318e-01   0.0000
  1.16060182e-01   0.0000
 -7.54168183e-02   0.0000
 -6.59593284e-01   0.0000
  1.74743593e-01   0.0000
  2.01704830e-01   0.0000
 -1.41401350e+00   0.0000
  1.60045162e-01   0.0000
 -6.69160187e-02   0.0000
 -7.75249600e-01   0.0000
 -1.03329383e-01   0.0000
 -5.25911450e-01   0.0000
  2.56567299e-01   0.0000
 -4.45830703e-01   0.0000
 -1.56135425e-01   0.0000
 -4.67648804e-01   0.0000
 -2.55301505e-01   0.0000
 -1.17846441e+00   0.0000
  2.34574899e-02   0.0000
  1.16818272e-01   0.0000
  8.90876412e-01   0.0000
 -1.40888736e-01   0.0000
 -6.17931247e-01   0.0000
 -2.06489805e-02   0.0000
  1.14381008e-01   0.0000
 -1.25281224e-02   0.0000
 -1.32923350e-01   0.0000
 -2.22442359e-01   0.0000
  2.56567597e-01   0.0000
  2.18645390e-02   0.0000
 -8.22209358e-01   0.0000
 -2.52742678e-01   0.0000
 -4.90059823e-01   0.0000
 -2.85242707e-01   0.0000
  2.38913417e-01   0.0000
  3.57582904e-02   0.0000
  4.00929004e-01   0.0000
 -3.62679482e-01   0.0000
  3.76020744e-02   0.0000
  8.20828602e-03   0.0000
 -5.16359389e-01   0.0000
 -6.28229618e-01   0.0000
  1.28114209e-01   0.0000
 -1.97310314e-01   0.0000
  2.81099796e-01   0.0000
 -4.34980571e-01   0.0000
 -8.48151743e-01   0.0000
  1.01791531e-01   0.0000
 -3.34066451e-01   0.0000
 -1.21723503e-01   0.0000
  9.67815239e-03   0.0000
 -5.98012626e-01   0.0000
 -5.58218658e-02   0.0000
 -9.50865000e-02   0.0000
 -7.46618748e-01   0.0000
 -5.57791531e-01   0.0000
 -4.95984495e-01   0.0000
 -5.79907894e-01   0.0000
  3.09381604e-01   0.0000
  1.21057913e-01   0.0000
  2.46937916e-01   0.0000
 -4.48386818e-01   0.0000
 -1.46181852e-01   0.0000
  4.94433850e-01   0.0000
 -7.95858324e-01   0.0000
 -4.91725206e-01   0.0000
  1.16804779e-01   0.0000
 -3.07502955e-01   0.0000
  1.84108868e-01   0.0000
 -9.14701462e-01   0.0000
 -7.39358962e-01   0.0000
  3.55208367e-01   0.0000
 -2.09989116e-01   0.0000
 -2.37694517e-01   0.0000
 -4.66184039e-03   0.0000
 -1.06490195e+00   0.0000
 -1.75256386e-01   0.0000
 -3.47047836e-01   0.0000
 -4.79747653e-01   0.0000
 -5.55928349e-01   0.0000
 -1.51404753e-01   0.0000
 -4.60404187e-01   0.0000
  2.89638400e-01   0.0000
  5.32046258e-01   0.0000
 -1.12781622e-01   0.0000
 -1.95639744e-01   0.0000
 -1.17013581e-01   0.0000
  4.66986090e-01   0.0000
 -9.09532726e-01   0.0000
  3.76095697e-02   0.0000
 -4.02872205e-01   0.0000
 -2.49865875e-01   0.0000
 -2.26318985e-01   0.0000
 -1.70716614e-01   0.0000
  1.14357226e-01   0.0000
  1.29410755e-02   0.0000
 -1.22936293e-02   0.0000
  3.69975775e-01   0.0000
  1.82846695e-01   0.0000
 -2.87413895e-01   0.0000
 -8.44358355e-02   0.0000
  5.07657886e-01   0.0000
 -3.85631353e-01   0.0000
 -2.13498846e-01   0.0000
  6.29261792e-01   0.0000
 -1.19289361e-01   0.0000
  9.13717151e-01   0.0000
  9.50231329e-02   0.0000
 -7.73479581e-01   0.0000
  4.71337438e-01   0.0000
 -1.26639694e-01   0.0000
  3.30378801e-01   0.0000
 -4.21367288e-01   0.0000
  9.30838287e-02   0.0000
 -3.55772585e-01   0.0000
  4.23179060e-01   0.0000
 -2.60630727e-01   0.0000
  6.50581479e-01   0.0000
 -2.73798853e-01   0.0000
  2.04683200e-01   0.0000
  2.43002370e-01   0.0000
  1.75566867e-01   0.0000
 -2.51710773e-01   0.0000
  9.80435237e-02   0.0000
 -3.59862506e-01   0.0000
 -1.38504699e-01   0.0000
  4.60369825e-01   0.0000
 -3.04407883e-03   0.0000
  6.52569905e-02   0.0000
  5.33772469e-01   0.0000
  4.45136009e-03   0.0000
 -4.94893134e-01   0.0000
 -3.91778171e-01   0.0000
 -9.36492145e-01   0.0000
  1.71584310e-03   0.0000
 -4.59199622e-02   0.0000
 -5.62062152e-02   0.0000
 -4.65078130e-02   0.0000
 -2.10150674e-01   0.0000
  1.89840272e-02   0.0000
  5.15010238e-01   0.0000
  2.95378923e-01   0.0000
 -6.92034811e-02   0.0000
  1.08021945e-01   0.0000
  1.90463924e+00   0.0000
  1.70389816e-01   0.0000
 -9.54122841e-01   0.0000
  5.45012176e-01   0.0000
  1.46378517e-01   0.0000
  9.97685909e-01   0.0000
 -3.79668146e-01   0.0000
  1.62583828e-01   0.0000
 -2.23871469e-01   0.0000
  4.63718235e-01   0.0000
  6.33720934e-01   0.0000
 -1.84077561e+00   0.0000
  3.96750689e-01   0.0000
 -5.80754638e-01   0.0000
  3.96179825e-01   0.0000
 -2.25601494e-01   0.0000
  1.07009745e+00   0.0000
 -2.76618809e-01   0.0000
  1.08658195e+00   0.0000
 -3.16130340e-01   0.0000
  1.58516371e+00   0.0000
 -5.66725612e-01   0.0000
 -2.49223813e-01   0.0000
 -4.23977166e-01   0.0000
  1.55480608e-01   0.0000
 -9.98819172e-02   0.0000
 -2.30962008e-01   0.0000
 -2.43212014e-01   0.0000
 -4.58127767e-01   0.0000
  7.88105130e-02   0.0000
 -4.30979162e-01   0.0000
  2.46259838e-01   0.0000
 -2.59511918e-01   0.0000
  7.22372413e-01   0.0000
  5.61617851e-01   0.0000
  3.82083386e-01   0.0000
  8.93996097e-03   0.0000
  2.90428072e-01   0.0000
  2.83906281e-01   0.0000
  8.24315399e-02   0.0000
  6.53097272e-01   0.0000
  7.59929538e-01   0.0000
  5.56656241e-01   0.0000
  2.10991725e-01   0.0000
  6.29048824e-01   0.0000
 -1.01010954e+00   0.0000
  5.18687367e-01   0.0000
 -5.60939193e-01   0.0000
 -6.45907104e-01   0.0000
  7.43004307e-02   0.0000
  3.24477315e-01   0.0000
 -3.59570920e-01   0.0000
 -9.53350961e-01   0.0000
 -2.77593195e-01   0.0000
 -4.32380915e-01   0.0000
  5.13356142e-02   0.0000
 -1.73328817e-01   0.0000
  6.11661196e-01   0.0000
  5.53539813e-01   0.0000
  5.19620240e-01   0.0000
 -5.82865663e-02   0.0000
  4.08294261e-01   0.0000
  5.91861844e-01   0.0000
  1.65968195e-01   0.0000
  2.09857032e-01   0.0000
  8.70153189e-01   0.0000
  1.43090248e-01   0.0000
  1.25026539e-01   0.0000
 -3.21052596e-02   0.0000
 -9.41379726e-01   0.0000
  1.46305275e+00   0.0000
 -1.04915607e+00   0.0000
 -9.21032131e-01   0.0000
 -1.71679795e-01   0.0000
 -6.49956688e-02   0.0000
 -6.84218705e-01   0.0000
 -1.27375329e+00   0.0000
 -5.80462575e-01   0.0000
  1.45556743e-03   0.0000
 -6.78558826e-01   0.0000
 -5.19745111e-01   0.0000
 -1.39794052e-01   0.0000
  2.98998266e-01   0.0000
  6.15409054e-02   0.0000
 -2.44237036e-02   0.0000
 -5.07603645e-01   0.0000
  9.70303237e-01   0.0000
  3.14835608e-01   0.0000
  4.07390118e-01   0.0000
  7.31044263e-02   0.0000
 -1.21241599e-01   0.0000
 -2.66541004e-01   0.0000
 -5.05759299e-01   0.0000
  2.07964167e-01   0.0000
  8.67520198e-02   0.0000
 -1.10525250e-01   0.0000
 -9.80683565e-02   0.0000
 -7.68600181e-02   0.0000
  5.07035792e-01   0.0000
 -2.33698919e-01   0.0000
 -4.71233696e-01   0.0000
 -2.07366034e-01   0.0000
 -8.82037520e-01   0.0000
 -9.74904299e-02   0.0000
  2.12420583e-01   0.0000
  2.67585844e-01   0.0000
  5.08172452e-01   0.0000
 -1.89900085e-01   0.0000
 -7.24991798e-01   0.0000
  3.50757003e-01   0.0000
 -5.72406650e-01   0.0000
  3.09690177e-01   0.0000
 -3.81762981e-01   0.0000
 -2.03582913e-01   0.0000
  8.15969586e-01   0.0000
 -5.64123333e-01   0.0000
 -2.42218927e-01   0.0000
  8.10598210e-02   0.0000
  1.72345608e-01   0.0000
 -4.73755330e-01   0.0000
  2.58182853e-01   0.0000
  3.22333544e-01   0.0000
 -1.37873739e-02   0.0000
  2.03403369e-01   0.0000
  2.70868868e-01   0.0000
 -2.15514645e-01   0.0000
  1.13408752e-02   0.0000
 -8.88606459e-02   0.0000
  5.12739420e-01   0.0000
  9.16069210e-01   0.0000
  2.33062208e-01   0.0000
 -2.14703158e-01   0.0000
 -2.59765685e-01   0.0000
 -1.11235075e-01   0.0000
 -2.32871264e-01   0.0000
 -4.04788733e-01   0.0000
  6.40114784e-01   0.0000
 -5.43995082e-01   0.0000
  1.22611773e+00   0.0000
  3.25508565e-01   0.0000
 -1.85225382e-01   0.0000
 -6.61851227e-01   0.0000
  1.20289290e+00   0.0000
 -4.49848697e-02   0.0000
 -9.73627448e-01   0.0000
 -6.72393203e-01   0.0000
  9.08330023e-01   0.0000
 -5.45087993e-01   0.0000
 -9.00530159e-01   0.0000
 -1.47242689e+00   0.0000
  3.26166600e-01   0.0000
  1.06167984e+00   0.0000
 -3.65680695e-01   0.0000
  1.93934703e+00   0.0000
 -3.85601699e-01   0.0000
  2.56918460e-01   0.0000
  7.38413870e-01   0.0000
  5.62764347e-01   0.0000
  8.07518780e-01   0.0000
 -5.00306934e-02   0.0000
  3.75714839e-01   0.0000
  3.28115821e-01   0.0000
 -5.68107903e-01   0.0000
  1.08831394e-02   0.0000
  6.48931801e-01   0.0000
  7.69315958e-01   0.0000
  1.99256856e-02   0.0000
  8.08756128e-02   0.0000
 -7.24102080e-01   0.0000
 -1.17279269e-01   0.0000
 -3.87826979e-01   0.0000
  3.66657108e-01   0.0000
  8.44047844e-01   0.0000
 -4.06856596e-01   0.0000
  2.46514425e-01   0.0000
  1.36250389e+00   0.0000
  3.99344742e-01   0.0000
 -4.65194359e-02   0.0000
  4.70978945e-01   0.0000
 -2.31464639e-01   0.0000
 -4.05293852e-01   0.0000
  4.34068255e-02   0.0000
  2.58307457e-01   0.0000
  1.79967046e-01   0.0000
  1.29525006e+00   0.0000
  7.82592058e-01   0.0000
  9.49077830e-02   0.0000
 -2.83055127e-01   0.0000
 -8.48096311e-01   0.0000
  9.12185311e-01   0.0000
  1.00646362e-01   0.0000
  1.93158478e-01   0.0000
 -7.78974593e-01   0.0000
 -3.83297801e-01   0.0000
 -1.33511266e-02   0.0000
  3.21382135e-01   0.0000
  3.69940698e-01   0.0000
 -4.42234010e-01   0.0000
  2.16865144e-03   0.0000
  6.51576579e-01   0.0000
  3.09360195e-02   0.0000
 -3.13637972e-01   0.0000
 -2.15849012e-01   0.0000
 -6.17466629e-01   0.0000
  1.62510052e-02   0.0000
 -5.96282840e-01   0.0000
 -1.32738143e-01   0.0000
  1.76308602e-02   0.0000
  5.27426481e-01   0.0000
  3.75903040e-01   0.0000
 -1.08005416e+00   0.0000
 -3.42319965e-01   0.0000
 -5.69057584e-01   0.0000
  6.18135989e-01   0.0000
  6.92690238e-02   0.0000
  2.61793762e-01   0.0000
  6.40405178e-01   0.0000
  4.34802681e-01   0.0000
 -7.90555701e-02   0.0000
  1.83752492e-01   0.0000
  5.97252548e-01   0.0000
 -1.79042786e-01   0.0000
 -2.90028065e-01   0.0000
 -1.94824189e-01   0.0000
  2.45909467e-01   0.0000
  6.37202151e-03   0.0000
 -1.14004381e-01   0.0000
  8.71455297e-02   0.0000
  1.39947673e-02   0.0000
  7.88340867e-02   0.0000
 -5.60904220e-02   0.0000
  1.35592490e-01   0.0000
 -1.75749317e-01   0.0000
  4.12309319e-01   0.0000
  5.70464432e-01   0.0000
  2.26028308e-01   0.0000
  2.91521102e-01   0.0000
  9.36788440e-01   0.0000
  3.04064602e-01   0.0000
  1.09427802e-01   0.0000
  1.05295517e-01   0.0000
 -1.64244417e-02   0.0000
 -2.20990792e-01   0.0000
  8.48003983e-01   0.0000
  1.22898805e+00   0.0000
  3.58940661e-01   0.0000
 -2.60915086e-02   0.0000
  1.92012000e+00   0.0000
  5.66285402e-02   0.0000
  1.06286600e-01   0.0000
 -1.72343984e-01   0.0000
  1.14637977e-02   0.0000
 -1.31441467e-02   0.0000
 -4.10135239e-01   0.0000
 -2.21980125e-01   0.0000
 -1.92175314e-01   0.0000
  1.48379076e+00   0.0000
  1.30135393e+00   0.0000
  1.59203365e-01   0.0000
 -4.50841598e-02   0.0000
 -1.20770049e+00   0.0000
  3.74135487e-02   0.0000
  6.15383834e-02   0.0000
 -2.19389126e-01   0.0000
  8.97232711e-01   0.0000
  8.88222158e-01   0.0000
  3.16624492e-01   0.0000
  2.72289198e-02   0.0000
 -2.88143635e-01   0.0000
  1.53570330e+00   0.0000
  1.09277099e-01   0.0000
 -2.05633000e-01   0.0000
 -5.30407190e-01   0.0000
 -2.76966430e-02   0.0000
  7.29665235e-02   0.0000
  2.71247268e-01   0.0000
  1.52955994e-01   0.0000
  6.30165040e-01   0.0000
  1.82370879e-02   0.0000
  1.10710517e-01   0.0000
  2.50333488e-01   0.0000
 -5.44176280e-01   0.0000
 -3.39434892e-01   0.0000
  2.25946799e-01   0.0000
 -3.85860465e-02   0.0000
 -5.47137976e-01   0.0000
 -2.74455696e-01   0.0000
 -3.93114388e-01   0.0000
 -1.44256568e+00   0.0000
 -1.65378869e-01   0.0000
 -7.02652872e-01   0.0000
 -2.60583788e-01   0.0000
 -4.97364968e-01   0.0000
 -5.98862804e-02   0.0000
  2.43334979e-01   0.0000
 -1.23455024e+00   0.0000
  7.31841028e-02   0.0000
 -1.61394820e-01   0.0000
 -1.73393935e-01   0.0000
 -6.06176078e-01   0.0000
 -1.28685370e-01   0.0000
 -9.17218775e-02   0.0000
  9.21549499e-02   0.0000
  8.02999586e-02   0.0000
 -1.40224421e+00   0.0000
 -7.57002950e-01   0.0000
 -3.04047853e-01   0.0000
 -1.82183519e-01   0.0000
  1.03636897e+00   0.0000
  9.28496122e-01   0.0000
 -1.25560714e-02   0.0000
  1.72336504e-01   0.0000
  2.81405836e-01   0.0000
 -5.66997409e-01   0.0000
 -2.12389156e-01   0.0000
  5.86684465e-01   0.0000
  7.63752699e-01   0.0000
 -5.10058224e-01   0.0000
  2.78201234e-02   0.0000
  1.06604671e+00   0.0000
 -1.41469523e-01   0.0000
 -1.69031334e-03   0.0000
  5.44307590e-01   0.0000
 -8.11515301e-02   0.0000
 -2.43896201e-01   0.0000
  3.81643057e-01   0.0000
  5.09051383e-02   0.0000
  5.35670184e-02   0.0000
  1.03306556e+00   0.0000
  8.36737812e-01   0.0000
  1.12626627e-01   0.0000
 -7.81093612e-02   0.0000
 -1.33816803e+00   0.0000
  3.97058994e-01   0.0000
  2.75316387e-01   0.0000
  1.50509059e-01   0.0000
  1.14360476e+00   0.0000
  1.90914050e-01   0.0000
  1.89785138e-01   0.0000
  4.03096110e-01   0.0000
  3.56803358e-01   0.0000
  1.27272904e+00   0.0000
 -2.93708414e-01   0.0000
  6.98190212e-01   0.0000
 -3.01148236e-01   0.0000
  3.51626545e-01   0.0000
 -1.01750009e-01   0.0000
  2.10712701e-01   0.0000
  1.84970096e-01   0.0000
 -3.82170141e-01   0.0000
 -4.01100963e-01   0.0000
  9.27279443e-02   0.0000
  8.26942265e-01   0.0000
  7.01534212e-01   0.0000
  1.38936132e-01   0.0000
  3.58437836e-01   0.0000
 -8.86500895e-01   0.0000
  9.36960399e-01   0.0000
 -2.25817084e-01   0.0000
  4.06203382e-02   0.0000
  7.55608022e-01   0.0000
 -1.88445017e-01   0.0000
 -1.97325170e-01   0.0000
  8.63444984e-01   0.0000
  8.63825977e-01   0.0000
  1.30630434e-01   0.0000
  7.31536895e-02   0.0000
  1.48226058e+00   0.0000
 -2.24976122e-01   0.0000
  2.24010617e-01   0.0000
 -1.40498891e-01   0.0000
 -5.04208822e-03   0.0000
 -5.96114211e-02   0.0000
 -4.47941422e-01   0.0000
  1.53471380e-01   0.0000
 -1.38363287e-01   0.0000
  1.16544509e+00   0.0000
  9.89636838e-01   0.0000
  1.90702125e-01   0.0000
  5.94696291e-02   0.0000
 -1.21465564e+00   0.0000
  8.13286635e-04   0.0000
  1.04138672e-01   0.0000
  1.44744113e-01   0.0000
 -1.36574948e+00   0.0000
 -5.34289598e-01   0.0000
 -2.86878198e-01   0.0000
  2.58150995e-02   0.0000
  4.81255561e-01   0.0000
  7.66735077e-01   0.0000
 -6.32498264e-02   0.0000
  4.97027844e-01   0.0000
 -7.28961051e-01   0.0000
 -1.84927657e-02   0.0000
  1.25977144e-01   0.0000
 -9.13925245e-02   0.0000
  1.80023666e-02   0.0000
  7.06427172e-02   0.0000
 -1.57827109e-01   0.0000
 -1.99071303e-01   0.0000
  6.08606637e-01   0.0000
  6.03912830e-01   0.0000
  5.18648550e-02   0.0000
 -4.13351208e-02   0.0000
  6.62127018e-01   0.0000
 -7.34973669e-01   0.0000
 -2.09276021e-01   0.0000
 -1.43233314e-01   0.0000
  4.50156391e-01   0.0000
 -4.76563931e-01   0.0000
  1.39937818e-01   0.0000
 -8.93034279e-01   0.0000
 -1.08420587e+00   0.0000
 -7.49688089e-01   0.0000
  3.52747262e-01   0.0000
 -1.57683742e+00   0.0000
  4.13249321e-02   0.0000
  2.03161880e-01   0.0000
  5.22431612e-01   0.0000
  2.61840343e-01   0.0000
 -1.44600108e-01   0.0000
 -3.52596968e-01   0.0000
  4.32338975e-02   0.0000
  1.41745627e-01   0.0000
 -1.00650167e+00   0.0000
 -1.05639684e+00   0.0000
  3.93418550e-01   0.0000
  2.06674412e-01   0.0000
  1.06239510e+00   0.0000
 -3.79801273e-01   0.0000
 -1.16587490e-01   0.0000
 -3.63133401e-02   0.0000
  1.90184370e-01   0.0000
  4.89726290e-02   0.0000
 -8.02445486e-02   0.0000
 -2.75736332e-01   0.0000
 -8.40835750e-01   0.0000
 -1.14721215e+00   0.0000
  2.38711938e-01   0.0000
 -1.00453103e+00   0.0000
  1.34145066e-01   0.0000
 -3.38331074e-01   0.0000
  2.70553529e-01   0.0000
  6.60517365e-02   0.0000
 -3.80804330e-01   0.0000
  6.48009479e-02   0.0000
  1.81812704e-01   0.0000
  9.36544612e-02   0.0000
 -4.00808603e-01   0.0000
 -8.67541134e-01   0.0000
 -8.74867618e-01   0.0000
 -1.82018638e-01   0.0000
  1.59095556e-01   0.0000
 -4.58069116e-01   0.0000
 -3.43793660e-01   0.0000
 -3.55074227e-01   0.0000
 -1.04132676e+00   0.0000
 -1.40388775e+00   0.0000
 -6.70872509e-01   0.0000
 -2.72144496e-01   0.0000
 -1.08638620e+00   0.0000
 -2.85503358e-01   0.0000
  4.44892317e-01   0.0000
 -1.35383189e+00   0.0000
 -1.12025023e-01   0.0000
 -2.03433841e-01   0.0000
  2.71292955e-01   0.0000
 -9.88888219e-02   0.0000
 -3.32333207e-01   0.0000
  1.67962715e-01   0.0000
  2.12177560e-01   0.0000
 -7.92631656e-02   0.0000
 -1.28951776e+00   0.0000
 -1.60552990e+00   0.0000
  5.15013412e-02   0.0000
 -4.22597706e-01   0.0000
  6.14894748e-01   0.0000
  2.23160058e-01   0.0000
  3.40896428e-01   0.0000
  7.55246431e-02   0.0000
  3.23441029e-01   0.0000
  2.91638076e-01   0.0000
  3.90047103e-01   0.0000
 -2.32830107e-01   0.0000
  2.48062581e-01   0.0000
 -6.93834722e-01   0.0000
 -3.73655930e-02   0.0000
 -6.58157527e-01   0.0000
 -3.13171819e-02   0.0000
  1.45883396e-01   0.0000
 -4.24995333e-01   0.0000
  1.17302112e-01   0.0000
  4.24049646e-01   0.0000
 -3.69310349e-01   0.0000
 -7.86936209e-02   0.0000
 -6.14718087e-02   0.0000
 -1.01088500e+00   0.0000
  5.95508553e-02   0.0000
 -1.71444386e-01   0.0000
  1.40175167e-02   0.0000
  2.68456697e-01   0.0000
 -8.38867188e-01   0.0000
 -1.01254590e-01   0.0000
  5.15300371e-02   0.0000
 -6.75926268e-01   0.0000
  3.51927727e-01   0.0000
 -3.73985231e-01   0.0000
 -6.29981995e-01   0.0000
 -6.20575547e-01   0.0000
  3.71064603e-01   0.0000
 -1.49074763e-01   0.0000
 -1.24262094e+00   0.0000
  1.07042305e-01   0.0000
  4.08214092e-01   0.0000
 -5.59827268e-01   0.0000
 -6.59951091e-01   0.0000
 -5.99256381e-02   0.0000
 -8.36869061e-01   0.0000
 -2.15691790e-01   0.0000
  2.12192554e-02   0.0000
 -1.90214205e+00   0.0000
 -4.19144779e-01   0.0000
  5.00788808e-01   0.0000
 -2.49487348e-02   0.0000
  2.04497027e+00   0.0000
  4.95194532e-02   0.0000
 -1.92856088e-01   0.0000
 -1.47287577e-01   0.0000
 -1.14629531e+00   0.0000
  4.05778468e-01   0.0000
 -1.39772683e-01   0.0000
  7.16365695e-01   0.0000
  1.33472458e-01   0.0000
  1.32678473e+00   0.0000
  2.09872618e-01   0.0000
 -1.92493364e-01   0.0000
 -5.59269130e-01   0.0000
 -5.87643404e-03   0.0000
 -3.54070276e-01   0.0000
 -4.98417497e-01   0.0000
 -5.17663136e-02   0.0000
 -2.60174155e-01   0.0000
  2.32920408e-01   0.0000
  6.72470964e-03   0.0000
  2.20045343e-01   0.0000
  2.27508932e-01   0.0000
 -4.45370935e-03   0.0000
 -1.09412961e-01   0.0000
 -5.32474756e-01   0.0000
 -7.42500961e-01   0.0000
 -2.06502110e-01   0.0000
 -3.55058372e-01   0.0000
 -6.32089555e-01   0.0000
 -5.38516700e-01   0.0000
 -1.35285109e-01   0.0000
 -3.73486936e-01   0.0000
 -1.13079333e+00   0.0000
 -1.00423741e+00   0.0000
  4.51695323e-01   0.0000
 -2.18067217e+00   0.0000
  1.85728073e-01   0.0000
  1.45793259e-01   0.0000
  3.65747094e-01   0.0000
 -6.68855757e-02   0.0000
 -8.42520297e-02   0.0000
  3.61678749e-02   0.0000
  2.13885561e-01   0.0000
 -1.40202772e-02   0.0000
 -1.01181304e+00   0.0000
 -1.32754183e+00   0.0000
  3.58687818e-01   0.0000
 -2.41410211e-01   0.0000
  4.17476714e-01   0.0000
 -5.23212790e-01   0.0000
 -2.13501751e-01   0.0000
 -5.24613820e-02   0.0000
 -1.50905192e+00   0.0000
 -3.20769846e-01   0.0000
 -3.56278270e-01   0.0000
  2.56525338e-01   0.0000
 -6.10626221e-01   0.0000
 -4.84162748e-01   0.0000
 -2.42105871e-02   0.0000
 -3.51630479e-01   0.0000
 -3.56291652e-01   0.0000
 -4.33376580e-01   0.0000
 -6.56783581e-02   0.0000
 -3.03311527e-01   0.0000
 -2.08817482e-01   0.0000
 -2.87891090e-01   0.0000
  3.71031351e-02   0.0000
  1.69056714e-01   0.0000
  4.22814906e-01   0.0000
 -7.30434835e-01   0.0000
 -8.69658470e-01   0.0000
 -3.33298683e-01   0.0000
 -1.81747422e-01   0.0000
 -6.29155338e-02   0.0000
  2.82983370e-02   0.0000
 -1.32421687e-01   0.0000
 -1.83023974e-01   0.0000
  1.12682439e-01   0.0000
 -9.53317732e-02   0.0000
 -6.16519868e-01   0.0000
  3.16649616e-01   0.0000
 -1.98844564e+00   0.0000
  6.08090572e-02   0.0000
  3.67396206e-01   0.0000
  5.71414709e-01   0.0000
  4.24008131e-01   0.0000
 -3.79547209e-01   0.0000
  2.03240380e-01   0.0000
  3.31355542e-01   0.0000
 -8.29272568e-01   0.0000
 -1.16861045e-01   0.0000
  5.56808664e-03   0.0000
 -8.77384320e-02   0.0000
  6.25091434e-01   0.0000
  9.18930590e-01   0.0000
 -3.55294086e-02   0.0000
  3.78962100e-01   0.0000
  2.34671414e-01   0.0000
 -2.92087570e-02   0.0000
  1.09078847e-01   0.0000
 -4.50680733e-01   0.0000
 -4.71237808e-01   0.0000
 -2.70239353e-01   0.0000
  2.61476517e-01   0.0000
  4.82006490e-01   0.0000
 -2.41827473e-01   0.0000
  4.62633967e-02   0.0000
  5.77691317e-01   0.0000
  3.64779860e-01   0.0000
 -3.00368518e-01   0.0000
  3.19359362e-01   0.0000
  2.30267122e-02   0.0000
  1.05181426e-01   0.0000
  2.43266881e-01   0.0000
  1.04664512e-01   0.0000
 -4.04153541e-02   0.0000
  1.03732538e+00   0.0000
  2.47802868e-01   0.0000
 -6.03609502e-01   0.0000
 -3.80560845e-01   0.0000
 -6.33353829e-01   0.0000
 -3.57141614e-01   0.0000
 -8.75426903e-02   0.0000
 -3.86146754e-01   0.0000
  1.29721388e-01   0.0000
 -3.49158734e-01   0.0000
 -2.43262023e-01   0.0000
 -4.27045643e-01   0.0000
 -5.25714517e-01   0.0000
 -5.04146218e-01   0.0000
  1.58454508e-01   0.0000
 -1.80344069e+00   0.0000
  3.34583148e-02   0.0000
  8.73885825e-02   0.0000
  1.03099167e-01   0.0000
  2.92139381e-01   0.0000
 -1.76581591e-01   0.0000
 -3.32174838e-01   0.0000
  4.28542554e-01   0.0000
 -6.75499365e-02   0.0000
 -1.63393509e+00   0.0000
 -9.69384491e-01   0.0000
 -2.17473224e-01   0.0000
 -1.96145549e-01   0.0000
  8.85541320e-01   0.0000
  1.10169072e-02   0.0000
  1.43118978e-01   0.0000
  1.89387530e-01   0.0000
  1.33316711e-01   0.0000
  7.73808837e-01   0.0000
  4.44155008e-01   0.0000
  2.32425734e-01   0.0000
  2.59107560e-01   0.0000
 -9.15178210e-02   0.0000
  6.70691654e-02   0.0000
  7.61973202e-01   0.0000
  3.53989512e-01   0.0000
  1.11758009e-01   0.0000
 -1.64015979e-01   0.0000
  2.81663805e-01   0.0000
  3.79559785e-01   0.0000
  2.92482048e-01   0.0000
  1.45298675e-01   0.0000
 -8.43248367e-02   0.0000
  5.23737788e-01   0.0000
  3.00617099e-01   0.0000
  2.16542810e-01   0.0000
  5.57665229e-02   0.0000
 -3.03423673e-01   0.0000
 -6.09236360e-01   0.0000
  6.08975906e-03   0.0000
 -6.37647510e-02   0.0000
 -1.17913043e+00   0.0000
 -2.53993988e-01   0.0000
 -9.10382345e-02   0.0000
 -1.72305837e-01   0.0000
 -6.70167446e-01   0.0000
 -5.86241782e-01   0.0000
 -1.07984871e-01   0.0000
 -1.39816105e+00   0.0000
 -7.22142030e-03   0.0000
  6.34931624e-02   0.0000
  6.00119591e-01   0.0000
 -1.60330445e-01   0.0000
 -2.92617321e-01   0.0000
 -8.78259182e-01   0.0000
  1.95008665e-02   0.0000
  5.71368709e-02   0.0000
 -5.25502622e-01   0.0000
 -9.03050661e-01   0.0000
 -6.97148263e-01   0.0000
 -1.82862490e-01   0.0000
  1.52015638e+00   0.0000
 -1.44126177e-01   0.0000
  1.50026614e-03   0.0000
  1.02146260e-01   0.0000
  7.18436763e-03   0.0000
 -2.89298564e-01   0.0000
 -5.32257594e-02   0.0000
  1.45374432e-01   0.0000
 -2.96963096e-01   0.0000
 -1.14041112e-01   0.0000
  1.08482577e-01   0.0000
  6.41091228e-01   0.0000
 -2.31445327e-01   0.0000
 -3.27056676e-01   0.0000
  9.10035074e-02   0.0000
  2.52518088e-01   0.0000
  1.65318906e-01   0.0000
  1.23102263e-01   0.0000
  4.79191765e-02   0.0000
 -6.65806532e-02   0.0000
  1.15473580e+00   0.0000
 -1.38289472e-02   0.0000
 -3.88404638e-01   0.0000
 -2.46911377e-01   0.0000
 -6.05069995e-01   0.0000
 -2.31268048e+00   0.0000
 -3.54082632e+00   0.0000
 -2.25366116e+00   0.0000
 -1.12607360e+00   0.0000
 -2.92181849e+00   0.0000
 -2.00066829e+00   0.0000
 -1.44711292e+00   0.0000
 -3.17535853e+00   0.0000
 -4.12933528e-01   0.0000
  3.23667026e+00   0.0000
 -3.33125305e+00   0.0000
  7.93389082e-01   0.0000
 -1.82958484e+00   0.0000
  2.98837233e+00   0.0000
 -1.56940615e+00   0.0000
 -1.40558994e+00   0.0000
  1.75913167e+00   0.0000
  4.02230024e+00   0.0000
  1.17665720e+00   0.0000
 -2.61187410e+00   0.0000
 -3.78946519e+00   0.0000
 -5.42063415e-01   0.0000
 -2.38451290e+00   0.0000
  1.67173111e+00   0.0000
  2.32179022e+00   0.0000
 -8.43940556e-01   0.0000
  5.08520901e-01   0.0000
 -2.68040776e+00   0.0000
 -4.12931776e+00   0.0000
 -1.94921756e+00   0.0000
  1.76123881e+00   0.0000
  3.11877179e+00   0.0000
  3.31321096e+00   0.0000
  1.56801030e-01   0.0000
  5.62071419e+00   0.0000
 -9.81338859e-01   0.0000
 -2.57968831e+00   0.0000
  3.64851975e+00   0.0000
 -1.95195711e+00   0.0000
 -1.26126289e+00   0.0000
  2.08846378e+00   0.0000
  7.93403089e-02   0.0000
  2.05648929e-01   0.0000
  5.29383183e+00   0.0000
  4.01195431e+00   0.0000
 -2.17348123e+00   0.0000
 -1.57836556e+00   0.0000
 -3.79334211e+00   0.0000
  0.00000000e+00   0.0000

