 5 0.000000 1
 1 
 Si 28.085500
 0 0.250000 4.500000 1.000000 1.500000 
 5 0 1 2 3 4
 6 1.00000 1.25000 1.50000 1.75000 4.50000 4.75000
 1 12.169200 6.172630 3.114710 0.755675 0.404939 0.036124 0.650018 0.572890
 4 30 24 24 1
  8.72010469e-01   0.0000
  4.60022092e-02   0.0000
  7.50425875e-01   0.0000
  7.23308980e-01   0.0000
 -2.95141727e-01   0.0000
 -1.34145355e+00   0.0000
  7.37360179e-01   0.0000
  8.72873247e-01   0.0000
  5.76450467e-01   0.0000
  4.13737684e-01   0.0000
 -8.88870656e-01   0.0000
 -2.74552464e-01   0.0000
 -6.21983767e-01   0.0000
 -1.21088795e-01   0.0000
 -7.95591295e-01   0.0000
  4.09920961e-01   0.0000
 -1.04732680e+00   0.0000
 -7.75494933e-01   0.0000
  2.28310823e-01   0.0000
  1.56260586e+00   0.0000
 -2.27857852e+00   0.0000
  9.76761162e-01   0.0000
 -8.35085928e-01   0.0000
 -3.39350104e-01   0.0000
  4.89533424e-01   0.0000
 -2.51434028e-01   0.0000
  8.97144020e-01   0.0000
 -2.84573678e-02   0.0000
 -3.06004286e-01   0.0000
 -1.82239443e-01   0.0000
  1.09352589e-01   0.0000
  7.22297549e-01   0.0000
  1.03834048e-02   0.0000
  4.21333350e-02   0.0000
 -4.38835382e-01   0.0000
 -5.81735134e-01   0.0000
 -2.98460364e-01   0.0000
 -1.60439640e-01   0.0000
  1.41842350e-01   0.0000
  4.44607735e-01   0.0000
 -2.79288054e-01   0.0000
 -5.75433791e-01   0.0000
  1.44125968e-01   0.0000
  1.11296630e+00   0.0000
 -7.81232476e-01   0.0000
  3.86940002e-01   0.0000
 -4.43633586e-01   0.0000
 -5.31222701e-01   0.0000
 -8.45961496e-02   0.0000
 -6.28135800e-01   0.0000
  1.01497042e+00   0.0000
 -4.69609410e-01   0.0000
 -7.38100588e-01   0.0000
  2.64300644e-01   0.0000
 -1.96600273e-01   0.0000
  1.03756495e-01   0.0000
 -3.99750471e-01   0.0000
 -1.14924543e-01   0.0000
 -5.57463348e-01   0.0000
 -3.43145281e-01   0.0000
 -3.83905863e-04   0.0000
 -4.60573137e-02   0.0000
  7.87897706e-01   0.0000
  2.96573251e-01   0.0000
  1.14892304e-01   0.0000
 -2.14809150e-01   0.0000
  3.41584742e-01   0.0000
  7.35841393e-01   0.0000
  3.61431628e-01   0.0000
 -1.07077785e-01   0.0000
 -1.88981146e-01   0.0000
 -5.28332233e-01   0.0000
 -5.10677338e-01   0.0000
 -3.80755395e-01   0.0000
  9.26471770e-01   0.0000
 -3.12390625e-01   0.0000
 -6.25185847e-01   0.0000
  6.69691622e-01   0.0000
 -3.54428709e-01   0.0000
 -1.23483650e-01   0.0000
 -4.86362994e-01   0.0000
 -8.80778730e-02   0.0000
 -4.67665166e-01   0.0000
 -6.22293770e-01   0.0000
 -1.32314444e-01   0.0000
 -1.44009992e-01   0.0000
  1.42648458e+00   0.0000
  2.88442135e-01   0.0000
  3.44334900e-01   0.0000
 -3.36235106e-01   0.0000
  6.30811989e-01   0.0000
  2.09490880e-01   0.0000
  1.22713804e+00   0.0000
 -4.40677911e-01   0.0000
  7.33694658e-02   0.0000
 -5.96376538e-01   0.0000
  2.62185752e-01   0.0000
  4.19486046e-01   0.0000
 -4.53430451e-02   0.0000
 -3.65018040e-01   0.0000
 -1.34426668e-01   0.0000
  1.47054625e+00   0.0000
 -7.42521226e-01   0.0000
 -4.07611758e-01   0.0000
  1.91665605e-01   0.0000
  4.02024128e-02   0.0000
  4.06451881e-01   0.0000
  5.45612395e-01   0.0000
  1.49832904e-01   0.0000
 -5.07564135e-02   0.0000
  1.12700915e+00   0.0000
  7.53956847e-03   0.0000
  1.91854551e-01   0.0000
  4.98636097e-01   0.0000
  6.24877095e-01   0.0000
 -1.48871288e-01   0.0000
  5.39495468e-01   0.0000
 -5.31710684e-01   0.0000
  6.98167756e-02   0.0000
 -6.59247577e-01   0.0000
  3.03677440e-01   0.0000
  8.95188987e-01   0.0000
  1.11979418e-01   0.0000
  2.80477971e-01   0.0000
 -1.25040188e-01   0.0000
  8.08238029e-01   0.0000
 -2.34143898e-01   0.0000
 -2.69236892e-01   0.0000
  4.31503057e-01   0.0000
  2.68820226e-01   0.0000
  1.74609348e-01   0.0000
  2.86388904e-01   0.0000
 -1.11295082e-01   0.0000
 -4.94715393e-01   0.0000
 -3.13453227e-01   0.0000
  1.14147142e-01   0.0000
 -6.06944084e-01   0.0000
  1.25989807e+00   0.0000
 -4.49399091e-02   0.0000
  2.40689829e-01   0.0000
  2.68292427e-01   0.0000
 -3.13955605e-01   0.0000
 -3.63929272e-01   0.0000
 -2.94598043e-01   0.0000
 -8.92483145e-02   0.0000
 -6.04751229e-01   0.0000
 -1.22490665e-02   0.0000
 -1.16204582e-01   0.0000
  3.16665679e-01   0.0000
 -3.48605514e-01   0.0000
  1.73220634e-01   0.0000
  9.56040993e-02   0.0000
 -1.47349730e-01   0.0000
  1.35614336e+00   0.0000
  6.82152510e-01   0.0000
 -4.48368751e-02   0.0000
  1.38027847e-01   0.0000
 -5.96988022e-01   0.0000
  1.55158058e-01   0.0000
 -2.40574688e-01   0.0000
  2.93251693e-01   0.0000
 -4.30216402e-01   0.0000
  1.81938689e-02   0.0000
  1.00547291e-01   0.0000
  1.66107237e-01   0.0000
  3.93235743e-01   0.0000
  8.29937980e-02   0.0000
  6.02341712e-01   0.0000
 -5.63709378e-01   0.0000
 -5.36417186e-01   0.0000
 -8.59097689e-02   0.0000
 -1.72533303e-01   0.0000
  1.48859978e-01   0.0000
 -3.04277152e-01   0.0000
 -2.99202979e-01   0.0000
  4.60481457e-02   0.0000
  4.95390296e-02   0.0000
  1.06059837e+00   0.0000
 -2.46919915e-01   0.0000
 -1.56224996e-01   0.0000
  2.30459459e-02   0.0000
  9.98967439e-02   0.0000
 -1.72580048e-01   0.0000
 -1.63435906e-01   0.0000
  2.12827638e-01   0.0000
 -6.45573199e-01   0.0000
 -1.94211900e-01   0.0000
 -3.78213800e-03   0.0000
  1.93990320e-01   0.0000
  5.48668206e-02   0.0000
 -3.80272372e-03   0.0000
  4.90422547e-01   0.0000
 -2.29753405e-01   0.0000
 -4.50715184e-01   0.0000
  2.71101184e-02   0.0000
 -2.46754400e-02   0.0000
  9.43177380e-03   0.0000
 -6.46618724e-01   0.0000
 -4.77008849e-01   0.0000
 -7.60376602e-02   0.0000
  4.63237893e-03   0.0000
  6.85162127e-01   0.0000
 -8.76336023e-02   0.0000
  9.08538606e-03   0.0000
 -4.62994836e-02   0.0000
  3.44883025e-01   0.0000
 -2.17975065e-01   0.0000
 -2.01194495e-01   0.0000
 -6.83895200e-02   0.0000
 -6.68666363e-01   0.0000
  1.70716360e-01   0.0000
 -1.41997784e-01   0.0000
 -1.71026826e-01   0.0000
  1.20809920e-01   0.0000
 -2.37367570e-01   0.0000
  8.54204953e-01   0.0000
 -2.60242969e-01   0.0000
 -1.58947334e-01   0.0000
 -6.30609393e-02   0.0000
 -3.57226223e-01   0.0000
 -2.47667372e-01   0.0000
 -6.63039744e-01   0.0000
 -7.38811433e-01   0.0000
 -1.31792575e-01   0.0000
  8.22193921e-02   0.0000
  5.39782882e-01   0.0000
 -4.09009129e-01   0.0000
 -2.03032911e-01   0.0000
  1.18783638e-01   0.0000
  8.94283175e-01   0.0000
 -4.80937541e-01   0.0000
 -2.85371453e-01   0.0000
  3.09037864e-02   0.0000
 -7.03908145e-01   0.0000
  3.16599786e-01   0.0000
 -5.78011453e-01   0.0000
 -1.86242044e-01   0.0000
 -7.58830830e-02   0.0000
 -5.93631804e-01   0.0000
  7.29369104e-01   0.0000
  6.70790002e-02   0.0000
 -1.38453379e-01   0.0000
  3.83252978e-01   0.0000
 -3.57721359e-01   0.0000
 -1.46657810e-01   0.0000
 -2.76672512e-01   0.0000
  9.69115674e-01   0.0000
  4.14399534e-01   0.0000
 -5.58393123e-03   0.0000
  3.25613439e-01   0.0000
 -2.61926502e-01   0.0000
 -3.58354419e-01   0.0000
  3.22083801e-01   0.0000
 -2.88980100e-02   0.0000
  3.78724411e-02   0.0000
  2.33310878e-01   0.0000
  2.35497709e-02   0.0000
 -9.11451690e-03   0.0000
  9.26286653e-02   0.0000
  8.94880369e-02   0.0000
  8.98600742e-03   0.0000
 -1.51939884e-01   0.0000
 -5.15825510e-01   0.0000
 -3.42060834e-01   0.0000
 -1.28563210e-01   0.0000
 -1.35723604e-02   0.0000
  2.45177075e-02   0.0000
 -7.13330805e-02   0.0000
  5.41015081e-02   0.0000
 -4.30068791e-01   0.0000
 -2.27389470e-01   0.0000
 -1.22005783e-01   0.0000
 -2.05242544e-01   0.0000
  7.46937573e-01   0.0000
  4.08820391e-01   0.0000
 -2.43201420e-01   0.0000
  1.91794217e-01   0.0000
 -7.17746854e-01   0.0000
  2.54887134e-01   0.0000
  4.72039014e-01   0.0000
 -1.27780959e-01   0.0000
 -1.87857393e-02   0.0000
 -3.05571347e-01   0.0000
 -8.93987715e-02   0.0000
  4.17086035e-02   0.0000
 -1.50049165e-01   0.0000
 -5.99543273e-01   0.0000
 -4.78647560e-01   0.0000
  5.62226236e-01   0.0000
  1.05958724e+00   0.0000
  6.31126687e-02   0.0000
 -6.13118187e-02   0.0000
  4.74556834e-01   0.0000
 -8.91058445e-01   0.0000
  5.87844431e-01   0.0000
  7.48187602e-01   0.0000
 -6.88121436e-05   0.0000
 -4.00190204e-02   0.0000
  2.87098229e-01   0.0000
 -1.60966516e-01   0.0000
  9.84408632e-02   0.0000
  7.64745846e-03   0.0000
 -2.83403769e-02   0.0000
 -7.86202401e-02   0.0000
  1.25779793e-01   0.0000
  1.13020234e-01   0.0000
 -7.68269658e-01   0.0000
  1.58389166e-01   0.0000
 -2.73339331e-01   0.0000
 -2.83080459e-01   0.0000
 -1.22011125e+00   0.0000
  2.61777222e-01   0.0000
 -2.34295413e-01   0.0000
  5.48930883e-01   0.0000
  2.26582676e-01   0.0000
 -4.09655869e-01   0.0000
  2.21498176e-01   0.0000
 -2.47131839e-01   0.0000
 -2.56806493e-01   0.0000
  4.22641158e-01   0.0000
  1.19122066e-01   0.0000
 -1.03784251e+00   0.0000
 -7.08066374e-02   0.0000
 -3.85129094e-01   0.0000
 -4.22458053e-01   0.0000
  3.02479625e-01   0.0000
  2.49931648e-01   0.0000
  2.38892615e-01   0.0000
 -6.19558573e-01   0.0000
 -9.87794176e-02   0.0000
 -6.69069588e-01   0.0000
 -5.64765096e-01   0.0000
  1.93550959e-01   0.0000
 -6.45902753e-02   0.0000
 -1.03933680e+00   0.0000
 -3.46382886e-01   0.0000
 -5.01399696e-01   0.0000
  4.14242476e-01   0.0000
  2.01874614e-01   0.0000
 -4.71723229e-01   0.0000
  4.65051860e-01   0.0000
 -2.33649537e-02   0.0000
 -4.09748524e-01   0.0000
  1.05797900e-02   0.0000
  5.22394255e-02   0.0000
 -1.49029946e+00   0.0000
 -5.56839466e-01   0.0000
 -1.95567340e-01   0.0000
 -4.26804841e-01   0.0000
  6.16286993e-01   0.0000
  2.18481809e-01   0.0000
  3.89567286e-01   0.0000
 -1.22762704e+00   0.0000
 -5.53361714e-01   0.0000
 -2.23743320e-01   0.0000
 -6.91889644e-01   0.0000
  3.96038182e-02   0.0000
  7.02406317e-02   0.0000
 -1.08777773e+00   0.0000
 -3.62014025e-01   0.0000
 -4.25259560e-01   0.0000
  6.08286202e-01   0.0000
  1.38031736e-01   0.0000
 -7.36367941e-01   0.0000
  3.31471831e-01   0.0000
  2.51188129e-01   0.0000
 -6.22891366e-01   0.0000
  2.88813651e-01   0.0000
  1.76051572e-01   0.0000
 -2.01063395e+00   0.0000
 -1.06799662e+00   0.0000
 -3.90726894e-01   0.0000
 -7.08066285e-01   0.0000
  6.79506660e-01   0.0000
  1.98933288e-01   0.0000
  2.80588597e-01   0.0000
 -1.48597121e+00   0.0000
 -3.40416163e-01   0.0000
 -1.68899283e-01   0.0000
 -1.04904425e+00   0.0000
  4.68394697e-01   0.0000
 -3.79517704e-01   0.0000
 -1.33517826e+00   0.0000
 -2.37589180e-01   0.0000
 -1.27008259e-01   0.0000
  7.77056441e-02   0.0000
  3.01586628e-01   0.0000
 -2.20954940e-01   0.0000
 -1.62314683e-01   0.0000
 -3.04713715e-02   0.0000
  1.69390053e-01   0.0000
  4.41051573e-01   0.0000
 -1.49236143e-01   0.0000
 -1.43660888e-01   0.0000
 -4.77494039e-02   0.0000
  5.29742360e-01   0.0000
  8.58104527e-01   0.0000
  6.99266866e-02   0.0000
  4.76203412e-01   0.0000
 -5.59655428e-01   0.0000
  4.19299930e-01   0.0000
 -8.51931870e-01   0.0000
 -3.54834050e-01   0.0000
 -4.68729794e-01   0.0000
 -4.75026816e-01   0.0000
 -1.16187823e+00   0.0000
 -3.09785545e-01   0.0000
 -1.72141299e-01   0.0000
  1.46085337e-01   0.0000
  3.89036804e-01   0.0000
  3.03951502e-01   0.0000
  4.82979231e-02   0.0000
 -2.60884374e-01   0.0000
  1.75735608e-01   0.0000
  3.33466560e-01   0.0000
 -2.25277930e-01   0.0000
  2.01369449e-01   0.0000
  1.42574355e-01   0.0000
  3.59005213e-01   0.0000
 -2.29207560e-01   0.0000
 -4.37501132e-01   0.0000
 -2.83609837e-01   0.0000
 -1.64383054e-01   0.0000
 -3.11206225e-02   0.0000
 -5.87809801e-01   0.0000
 -3.06687355e-01   0.0000
  4.09698188e-01   0.0000
 -1.78880945e-01   0.0000
 -2.46773735e-01   0.0000
 -1.00763607e+00   0.0000
 -8.13891515e-02   0.0000
  4.63407516e-01   0.0000
  5.00816703e-01   0.0000
 -6.78402901e-01   0.0000
 -5.93876243e-01   0.0000
  5.51174819e-01   0.0000
  7.86090493e-02   0.0000
 -3.24617811e-02   0.0000
 -6.48101926e-01   0.0000
  1.55845895e-01   0.0000
  1.61232084e-01   0.0000
 -1.39416099e+00   0.0000
  1.44212544e-01   0.0000
 -7.09066540e-02   0.0000
 -7.33330607e-01   0.0000
 -7.97367096e-02   0.0000
 -5.16122103e-01   0.0000
  2.14520395e-01   0.0000
 -4.31938678e-01   0.0000
 -1.57711729e-01   0.0000
 -4.93936330e-01   0.0000
 -2.53035545e-01   0.0000
 -1.16477025e+00   0.0000
 -2.95977406e-02   0.0000
  1.47042349e-01   0.0000
  8.45754206e-01   0.0000
 -1.22577451e-01   0.0000
 -6.49219513e-01   0.0000
 -2.53802799e-02   0.0000
  9.18127596e-02   0.0000
 -4.86706309e-02   0.0000
 -1.17185853e-01   0.0000
 -2.09336922e-01   0.0000
  2.36032456e-01   0.0000
 -1.95581540e-02   0.0000
 -8.27105045e-01   0.0000
 -2.75849223e-01   0.0000
 -4.84592557e-01   0.0000
 -2.76033998e-01   0.0000
  2.56699830e-01   0.0000
  3.68064232e-02   0.0000
  3.96068126e-01   0.0000
 -3.57719034e-01   0.0000
  2.44562849e-02   0.0000
 -1.92906279e-02   0.0000
 -5.01099944e-01   0.0000
 -6.39870286e-01   0.0000
  1.01296939e-01   0.0000
 -1.97189286e-01   0.0000
  2.62715876e-01   0.0000
 -4.09356236e-01   0.0000
 -8.64141762e-01   0.0000
  1.01172633e-01   0.0000
 -3.40219259e-01   0.0000
 -1.54622555e-01   0.0000
 -4.70655039e-03   0.0000
 -5.68073273e-01   0.0000
 -5.58453612e-02   0.0000
 -9.97641981e-02   0.0000
 -7.40825772e-01   0.0000
 -5.80350876e-01   0.0000
 -4.97071147e-01   0.0000
 -5.62565923e-01   0.0000
  3.10747117e-01   0.0000
  1.24699384e-01   0.0000
  2.80226231e-01   0.0000
 -4.54419047e-01   0.0000
 -1.55210763e-01   0.0000
  5.23049712e-01   0.0000
 -7.55910516e-01   0.0000
 -4.96845543e-01   0.0000
  1.20917879e-01   0.0000
 -3.25062215e-01   0.0000
  1.89981610e-01   0.0000
 -8.51853907e-01   0.0000
 -7.56155908e-01   0.0000
  3.49092990e-01   0.0000
 -1.82304472e-01   0.0000
 -2.61331618e-01   0.0000
 -4.01573703e-02   0.0000
 -1.02417433e+00   0.0000
 -1.62532002e-01   0.0000
 -2.92352825e-01   0.0000
 -4.77179855e-01   0.0000
 -5.78696311e-01   0.0000
 -1.66869894e-01   0.0000
 -4.51406598e-01   0.0000
  2.57463366e-01   0.0000
  5.00526726e-01   0.0000
 -6.65963590e-02   0.0000
 -2.23761633e-01   0.0000
 -1.25580698e-01   0.0000
  5.47646165e-01   0.0000
 -8.44551325e-01   0.0000
  3.70599255e-02   0.0000
 -3.50989223e-01   0.0000
 -2.80385494e-01   0.0000
 -1.66355342e-01   0.0000
 -1.43043682e-01   0.0000
  1.21039219e-01   0.0000
  8.44855700e-03   0.0000
  1.49435515e-03   0.0000
  4.17545557e-01   0.0000
  1.90086648e-01   0.0000
 -2.90575624e-01   0.0000
 -8.75282735e-02   0.0000
  5.04993320e-01   0.0000
 -3.73475313e-01   0.0000
 -1.83191672e-01   0.0000
  6.23961568e-01   0.0000
 -1.53749809e-01   0.0000
  8.49485695e-01   0.0000
  7.53872767e-02   0.0000
 -8.13947082e-01   0.0000
  5.13363540e-01   0.0000
 -1.33365005e-01   0.0000
  2.81143844e-01   0.0000
 -3.61150891e-01   0.0000
  1.25844046e-01   0.0000
 -2.94717371e-01   0.0000
  3.89655560e-01   0.0000
 -3.21489155e-01   0.0000
  6.21281505e-01   0.0000
 -2.49428287e-01   0.0000
  2.18786389e-01   0.0000
  2.48581886e-01   0.0000
  2.07301378e-01   0.0000
 -2.37627372e-01   0.0000
  1.12390719e-01   0.0000
 -3.18701774e-01   0.0000
 -1.37154490e-01   0.0000
  4.17718649e-01   0.0000
 -7.27482839e-03   0.0000
  8.61882269e-02   0.0000
  5.34773886e-01   0.0000
 -1.15297167e-02   0.0000
 -4.66385186e-01   0.0000
 -4.34574634e-01   0.0000
 -9.57348347e-01   0.0000
 -2.42135767e-02   0.0000
 -6.02433551e-03   0.0000
 -4.05110978e-02   0.0000
 -2.66607944e-02   0.0000
 -1.66576505e-01   0.0000
  6.53734878e-02   0.0000
  4.34603959e-01   0.0000
  3.19284946e-01   0.0000
 -5.33520915e-02   0.0000
  1.31733134e-01   0.0000
  1.89064074e+00   0.0000
  1.63276508e-01   0.0000
 -9.66516078e-01   0.0000
  5.29561520e-01   0.0000
  1.62430212e-01   0.0000
  1.01014066e+00   0.0000
 -3.77514154e-01   0.0000
  1.05109476e-01   0.0000
 -2.22722039e-01   0.0000
  4.21723694e-01   0.0000
  6.00315511e-01   0.0000
 -1.83378053e+00   0.0000
  3.50842148e-01   0.0000
 -5.57776093e-01   0.0000
  3.94315720e-01   0.0000
 -1.90727130e-01   0.0000
  1.01595032e+00   0.0000
 -2.63004124e-01   0.0000
  1.05655658e+00   0.0000
 -2.78521746e-01   0.0000
  1.55715275e+00   0.0000
 -5.46333015e-01   0.0000
 -2.20993221e-01   0.0000
 -4.10547763e-01   0.0000
  1.46945760e-01   0.0000
 -1.12967029e-01   0.0000
 -2.47611567e-01   0.0000
 -2.39251778e-01   0.0000
 -4.56932276e-01   0.0000
  6.96969777e-02   0.0000
 -4.39290434e-01   0.0000
  2.48931974e-01   0.0000
 -2.42649436e-01   0.0000
  7.02469289e-01   0.0000
  5.50084829e-01   0.0000
  3.46663862e-01   0.0000
 -1.40309948e-02   0.0000
  3.48897606e-01   0.0000
  2.98031777e-01   0.0000
  1.01903073e-01   0.0000
  6.12357736e-01   0.0000
  7.41218925e-01   0.0000
  5.46625853e-01   0.0000
  2.16093138e-01   0.0000
  6.19323671e-01   0.0000
 -9.95837331e-01   0.0000
  5.45071661e-01   0.0000
 -5.69754779e-01   0.0000
 -6.45397902e-01   0.0000
  3.77543233e-02   0.0000
  2.91964024e-01   0.0000
 -3.65360707e-01   0.0000
 -9.53551888e-01   0.0000
 -2.87570298e-01   0.0000
 -4.33597982e-01   0.0000
  6.09046184e-02   0.0000
 -1.74383774e-01   0.0000
  6.01914465e-01   0.0000
  5.59532046e-01   0.0000
  5.05492628e-01   0.0000
 -6.05991036e-02   0.0000
  4.40526426e-01   0.0000
  5.86197317e-01   0.0000
  1.69881240e-01   0.0000
  1.89488202e-01   0.0000
  8.44030619e-01   0.0000
  1.60195574e-01   0.0000
  1.08220667e-01   0.0000
  7.56276771e-04   0.0000
 -9.34801280e-01   0.0000
  1.49395978e+00   0.0000
 -1.06678081e+00   0.0000
 -9.02098596e-01   0.0000
 -2.10246995e-01   0.0000
 -7.18397573e-02   0.0000
 -7.00513482e-01   0.0000
 -1.25750613e+00   0.0000
 -5.65473914e-01   0.0000
 -2.75650504e-03   0.0000
 -6.56127751e-01   0.0000
 -5.28430521e-01   0.0000
 -1.41409650e-01   0.0000
  3.22371036e-01   0.0000
  9.86225232e-02   0.0000
 -4.40933928e-03   0.0000
 -5.17854691e-01   0.0000
  9.29400206e-01   0.0000
  2.85866529e-01   0.0000
  3.58517736e-01   0.0000
  7.40846246e-02   0.0000
 -7.58927837e-02   0.0000
 -2.97484815e-01   0.0000
 -4.29964095e-01   0.0000
  2.46383756e-01   0.0000
  7.92887211e-02   0.0000
 -1.27984121e-01   0.0000
 -1.18321039e-01   0.0000
 -5.96179552e-02   0.0000
  5.60659647e-01   0.0000
 -2.10562572e-01   0.0000
 -4.46260184e-01   0.0000
 -1.65840507e-01   0.0000
 -9.12175059e-01   0.0000
 -4.59688231e-02   0.0000
  1.81500837e-01   0.0000
  2.38786891e-01   0.0000
  5.33858776e-01   0.0000
 -1.74053833e-01   0.0000
 -6.96555972e-01   0.0000
  3.51409286e-01   0.0000
 -5.99839926e-01   0.0000
  3.34332198e-01   0.0000
 -3.37437361e-01   0.0000
 -2.08693907e-01   0.0000
  8.04398119e-01   0.0000
 -5.77952206e-01   0.0000
 -2.42771283e-01   0.0000
  6.85737133e-02   0.0000
  1.37849316e-01   0.0000
 -4.92759973e-01   0.0000
  2.88105637e-01   0.0000
  3.21721375e-01   0.0000
 -6.50065839e-02   0.0000
  1.99865729e-01   0.0000
  2.62426108e-01   0.0000
 -2.75637835e-01   0.0000
  1.66425779e-02   0.0000
 -1.57781854e-01   0.0000
  5.46361804e-01   0.0000
  8.62591267e-01   0.0000
  1.56261474e-01   0.0000
 -2.03993902e-01   0.0000
 -2.68286616e-01   0.0000
 -1.13989614e-01   0.0000
 -2.50255406e-01   0.0000
 -4.05084491e-01   0.0000
  6.37159348e-01   0.0000
 -5.49264550e-01   0.0000
  1.21836829e+00   0.0000
  2.73315877e-01   0.0000
 -1.49217337e-01   0.0000
 -6.57422006e-01   0.0000
  1.16039872e+00   0.0000
  5.39111234e-02   0.0000
 -9.86593604e-01   0.0000
 -6.68905616e-01   0.0000
  8.22742522e-01   0.0000
 -5.14655530e-01   0.0000
 -8.81264389e-01   0.0000
 -1.47361445e+00   0.0000
  2.97232985e-01   0.0000
  1.04929316e+00   0.0000
 -3.11387450e-01   0.0000
  1.97269142e+00   0.0000
 -3.81840527e-01   0.0000
  2.63107896e-01   0.0000
  7.85977066e-01   0.0000
  5.57195127e-01   0.0000
  7.71801174e-01   0.0000
 -2.40278598e-02   0.0000
  3.14464390e-01   0.0000
  3.65724266e-01   0.0000
 -4.45825428e-01   0.0000
  3.87196690e-02   0.0000
  6.77112460e-01   0.0000
  7.60143459e-01   0.0000
  1.82131976e-02   0.0000
  8.12845603e-02   0.0000
 -7.72790074e-01   0.0000
 -1.08332470e-01   0.0000
 -3.90622914e-01   0.0000
  3.32703531e-01   0.0000
  8.40386212e-01   0.0000
 -4.03722435e-01   0.0000
  2.34214127e-01   0.0000
  1.38230574e+00   0.0000
  3.92676026e-01   0.0000
 -3.85677852e-02   0.0000
  4.56453800e-01   0.0000
 -2.55354136e-01   0.0000
 -3.91251743e-01   0.0000
  2.93322988e-02   0.0000
  2.45605379e-01   0.0000
  1.72651500e-01   0.0000
  1.30053782e+00   0.0000
  7.99813807e-01   0.0000
  4.82176505e-02   0.0000
 -2.70232707e-01   0.0000
 -8.33887100e-01   0.0000
  8.96853745e-01   0.0000
  9.52935964e-02   0.0000
  1.83352545e-01   0.0000
 -7.70136297e-01   0.0000
 -3.55323225e-01   0.0000
 -2.81592011e-02   0.0000
  2.98383236e-01   0.0000
  3.65592986e-01   0.0000
 -4.62452143e-01   0.0000
  1.82607502e-03   0.0000
  6.29134417e-01   0.0000
 -4.03094944e-03   0.0000
 -3.07183892e-01   0.0000
 -2.43056267e-01   0.0000
 -6.57128096e-01   0.0000
  2.35223807e-02   0.0000
 -6.19394302e-01   0.0000
 -1.26333579e-01   0.0000
  1.97518170e-02   0.0000
  5.39213777e-01   0.0000
  3.89399469e-01   0.0000
 -1.09322357e+00   0.0000
 -3.33603859e-01   0.0000
 -5.30304730e-01   0.0000
  6.09245658e-01   0.0000
  6.60817251e-02   0.0000
  2.48511955e-01   0.0000
  6.34737492e-01   0.0000
  4.66105908e-01   0.0000
 -7.57402703e-02   0.0000
  1.83083564e-01   0.0000
  5.78206539e-01   0.0000
 -2.08301470e-01   0.0000
 -2.76711643e-01   0.0000
 -1.82912588e-01   0.0000
  2.76557654e-01   0.0000
  4.24615331e-02   0.0000
 -1.13344111e-01   0.0000
  4.90038358e-02   0.0000
  5.64449187e-03   0.0000
  7.30441734e-02   0.0000
 -5.36967032e-02   0.0000
  1.28759101e-01   0.0000
 -2.01518968e-01   0.0000
  4.07083988e-01   0.0000
  5.46166420e-01   0.0000
  2.31302097e-01   0.0000
  3.06059539e-01   0.0000
  9.23166096e-01   0.0000
  2.88855672e-01   0.0000
  1.05615310e-01   0.0000
  1.16684288e-01   0.0000
 -4.16218676e-02   0.0000
 -2.23247707e-01   0.0000
  7.93068588e-01   0.0000
  1.22058976e+00   0.0000
  2.64066041e-01   0.0000
 -2.42203977e-02   0.0000
  1.90707207e+00   0.0000
  6.55202866e-02   0.0000
  1.09300710e-01   0.0000
 -1.43566608e-01   0.0000
  2.51693781e-02   0.0000
 -3.20999362e-02   0.0000
 -3.57195199e-01   0.0000
 -2.10985854e-01   0.0000
 -1.84113890e-01   0.0000
  1.47882020e+00   0.0000
  1.30223596e+00   0.0000
  1.70315176e-01   0.0000
 -4.73278873e-02   0.0000
 -1.13361657e+00   0.0000
  2.76989844e-02   0.0000
  6.25371933e-02   0.0000
 -2.15033591e-01   0.0000
  8.79661262e-01   0.0000
  8.91247749e-01   0.0000
  3.30764979e-01   0.0000
  1.22732986e-02   0.0000
 -2.77474672e-01   0.0000
  1.57428014e+00   0.0000
  1.03095807e-01   0.0000
 -1.97743922e-01   0.0000
 -5.21535993e-01   0.0000
 -2.63067149e-02   0.0000
  6.85318932e-02   0.0000
  3.01375628e-01   0.0000
  1.57874227e-01   0.0000
  6.44553363e-01   0.0000
  1.72274709e-02   0.0000
  1.03580914e-01   0.0000
  2.69780397e-01   0.0000
 -5.38553476e-01   0.0000
 -3.31834137e-01   0.0000
  2.27881178e-01   0.0000
 -6.40866682e-02   0.0000
 -5.40767848e-01   0.0000
 -2.63661355e-01   0.0000
 -3.71074796e-01   0.0000
 -1.41994441e+00   0.0000
 -1.70608848e-01   0.0000
 -7.13400006e-01   0.0000
 -2.80758888e-01   0.0000
 -5.00970006e-01   0.0000
 -8.91153812e-02   0.0000
  2.31712148e-01   0.0000
 -1.22034121e+00   0.0000
  2.77171750e-02   0.0000
 -1.48235366e-01   0.0000
 -1.63374215e-01   0.0000
 -6.25993550e-01   0.0000
 -1.39993325e-01   0.0000
 -6.85804114e-02   0.0000
  8.77003893e-02   0.0000
  8.26345384e-02   0.0000
 -1.35243523e+00   0.0000
 -7.33841240e-01   0.0000
 -2.25488916e-01   0.0000
 -1.83456734e-01   0.0000
  1.05449438e+00   0.0000
  9.37767625e-01   0.0000
 -1.56811681e-02   0.0000
  1.67000741e-01   0.0000
  3.22178513e-01   0.0000
 -5.55364788e-01   0.0000
 -2.47243986e-01   0.0000
  5.70858121e-01   0.0000
  7.65773177e-01   0.0000
 -5.94783783e-01   0.0000
  2.63879653e-02   0.0000
  1.04794180e+00   0.0000
 -9.59249064e-02   0.0000
  3.48694175e-02   0.0000
  5.47823250e-01   0.0000
 -1.13223061e-01   0.0000
 -2.63580590e-01   0.0000
  3.33549231e-01   0.0000
  4.83141020e-02   0.0000
  5.17604761e-02   0.0000
  1.02876282e+00   0.0000
  8.53788853e-01   0.0000
  1.47139773e-01   0.0000
 -6.53190687e-02   0.0000
 -1.35800064e+00   0.0000
  3.81073475e-01   0.0000
  2.63851583e-01   0.0000
  1.42564192e-01   0.0000
  1.13135564e+00   0.0000
  2.23235399e-01   0.0000
  1.86350763e-01   0.0000
  3.76820773e-01   0.0000
  3.20988268e-01   0.0000
  1.30240977e+00   0.0000
 -2.80436456e-01   0.0000
  6.50759459e-01   0.0000
 -2.49178559e-01   0.0000
  3.70155036e-01   0.0000
 -1.14326544e-01   0.0000
  1.93491265e-01   0.0000
  1.75478935e-01   0.0000
 -4.23211038e-01   0.0000
 -3.81671518e-01   0.0000
  8.77362341e-02   0.0000
  7.94358552e-01   0.0000
  6.76683664e-01   0.0000
  1.71838135e-01   0.0000
  3.53104800e-01   0.0000
 -9.28826451e-01   0.0000
  9.48811829e-01   0.0000
 -2.15352461e-01   0.0000
  4.02931347e-02   0.0000
  7.55685151e-01   0.0000
 -1.82735026e-01   0.0000
 -1.87136248e-01   0.0000
  8.38330150e-01   0.0000
  8.81237209e-01   0.0000
  1.66616961e-01   0.0000
  6.98594451e-02   0.0000
  1.51564407e+00   0.0000
 -2.30662048e-01   0.0000
  2.24632874e-01   0.0000
 -1.19867504e-01   0.0000
 -1.12560382e-02   0.0000
 -6.29545301e-02   0.0000
 -4.21961218e-01   0.0000
  1.46025211e-01   0.0000
 -1.30849808e-01   0.0000
  1.19806814e+00   0.0000
  1.02089036e+00   0.0000
  1.93017215e-01   0.0000
  5.05671687e-02   0.0000
 -1.22839630e+00   0.0000
 -4.03223485e-02   0.0000
  1.00152418e-01   0.0000
  1.35959372e-01   0.0000
 -1.44579101e+00   0.0000
 -4.97972637e-01   0.0000
 -2.68561780e-01   0.0000
 -2.04081014e-02   0.0000
  4.57720399e-01   0.0000
  7.50949264e-01   0.0000
 -6.07389361e-02   0.0000
  5.17633140e-01   0.0000
 -7.12465346e-01   0.0000
 -8.28359090e-03   0.0000
  1.16563052e-01   0.0000
 -1.17142409e-01   0.0000
 -6.38868334e-03   0.0000
  1.29504174e-01   0.0000
 -1.50234774e-01   0.0000
 -1.85050011e-01   0.0000
  6.14154816e-01   0.0000
  6.08030140e-01   0.0000
 -3.61081050e-03   0.0000
 -1.90234333e-02   0.0000
  7.23414063e-01   0.0000
 -7.28928924e-01   0.0000
 -1.99357495e-01   0.0000
 -1.36430740e-01   0.0000
  4.11772490e-01   0.0000
 -5.13196349e-01   0.0000
  1.28723785e-01   0.0000
 -8.69657993e-01   0.0000
 -1.07927096e+00   0.0000
 -7.63179064e-01   0.0000
  3.35653335e-01   0.0000
 -1.57217026e+00   0.0000
  6.18256480e-02   0.0000
  2.18093589e-01   0.0000
  5.33873498e-01   0.0000
  2.70245224e-01   0.0000
 -1.36802584e-01   0.0000
 -3.60174298e-01   0.0000
  4.10730131e-02   0.0000
  1.33389995e-01   0.0000
 -9.89463687e-01   0.0000
 -1.04525495e+00   0.0000
  3.91935617e-01   0.0000
  2.00653553e-01   0.0000
  1.04963768e+00   0.0000
 -3.92240852e-01   0.0000
 -1.09910347e-01   0.0000
 -3.32108475e-02   0.0000
  1.68430835e-01   0.0000
  4.48289365e-02   0.0000
 -7.38846585e-02   0.0000
 -2.54934043e-01   0.0000
 -8.47365081e-01   0.0000
 -1.12175560e+00   0.0000
  2.26743907e-01   0.0000
 -1.02876318e+00   0.0000
  1.54344454e-01   0.0000
 -3.31105202e-01   0.0000
  2.66824633e-01   0.0000
  6.96676597e-02   0.0000
 -4.00072128e-01   0.0000
  6.16087690e-02   0.0000
  1.72768503e-01   0.0000
  9.06873420e-02   0.0000
 -4.24439013e-01   0.0000
 -9.03307557e-01   0.0000
 -8.74065936e-01   0.0000
 -1.56187370e-01   0.0000
  1.66044518e-01   0.0000
 -3.80449474e-01   0.0000
 -3.28977942e-01   0.0000
 -3.33261222e-01   0.0000
 -1.07923007e+00   0.0000
 -1.34379578e+00   0.0000
 -6.60457909e-01   0.0000
 -2.45834038e-01   0.0000
 -1.04642022e+00   0.0000
 -3.16862494e-01   0.0000
  4.23747569e-01   0.0000
 -1.34059608e+00   0.0000
 -1.02957606e-01   0.0000
 -2.17524394e-01   0.0000
  2.59856939e-01   0.0000
 -8.57018381e-02   0.0000
 -3.07721943e-01   0.0000
  1.23338580e-01   0.0000
  2.01801956e-01   0.0000
 -7.91210234e-02   0.0000
 -1.28412151e+00   0.0000
 -1.56889808e+00   0.0000
  2.09952500e-02   0.0000
 -4.10283625e-01   0.0000
  6.26164377e-01   0.0000
  2.33190194e-01   0.0000
  3.26735884e-01   0.0000
  6.82693049e-02   0.0000
  2.93943167e-01   0.0000
  3.03621978e-01   0.0000
  4.17653352e-01   0.0000
 -2.23737001e-01   0.0000
  2.74255246e-01   0.0000
 -6.44158125e-01   0.0000
 -3.59851979e-02   0.0000
 -5.88053226e-01   0.0000
 -6.49478063e-02   0.0000
  1.44391090e-01   0.0000
 -4.49855894e-01   0.0000
  1.22148544e-01   0.0000
  4.26932395e-01   0.0000
 -3.80423695e-01   0.0000
 -7.47837871e-02   0.0000
 -5.86429909e-02   0.0000
 -1.01238275e+00   0.0000
  6.57858327e-02   0.0000
 -1.52708158e-01   0.0000
  1.56454239e-02   0.0000
  3.11794728e-01   0.0000
 -8.51120889e-01   0.0000
 -9.98414531e-02   0.0000
  5.32355122e-02   0.0000
 -7.24894583e-01   0.0000
  3.33498955e-01   0.0000
 -4.05863404e-01   0.0000
 -5.98082900e-01   0.0000
 -6.36433363e-01   0.0000
  4.21872020e-01   0.0000
 -1.41834781e-01   0.0000
 -1.23520803e+00   0.0000
  9.26579833e-02   0.0000
  3.90476882e-01   0.0000
 -5.15410900e-01   0.0000
 -7.36802459e-01   0.0000
 -8.14645514e-02   0.0000
 -8.93440127e-01   0.0000
 -2.05187201e-01   0.0000
  2.67838016e-02   0.0000
 -1.89729846e+00   0.0000
 -4.09337997e-01   0.0000
  4.96023238e-01   0.0000
 -3.15909311e-02   0.0000
  2.01217890e+00   0.0000
  2.61498261e-02   0.0000
 -1.82285443e-01   0.0000
 -1.42891511e-01   0.0000
 -1.16123784e+00   0.0000
  3.80435109e-01   0.0000
 -1.28242671e-01   0.0000
  6.97318971e-01   0.0000
  1.14714377e-01   0.0000
  1.34280431e+00   0.0000
  1.99949726e-01   0.0000
 -2.44159669e-01   0.0000
 -5.57816505e-01   0.0000
  2.66969763e-02   0.0000
 -3.33301872e-01   0.0000
 -4.66061950e-01   0.0000
  4.86919330e-03   0.0000
 -2.33516872e-01   0.0000
  2.21535906e-01   0.0000
  1.51260407e-03   0.0000
  1.34904549e-01   0.0000
  2.22954690e-01   0.0000
 -3.19952928e-02   0.0000
 -1.22382693e-01   0.0000
 -5.04461586e-01   0.0000
 -7.10952759e-01   0.0000
 -1.98277548e-01   0.0000
 -3.34100991e-01   0.0000
 -6.51898682e-01   0.0000
 -5.23496747e-01   0.0000
 -1.49344727e-01   0.0000
 -3.52088094e-01   0.0000
 -1.10458446e+00   0.0000
 -9.76945937e-01   0.0000
  4.30204511e-01   0.0000
 -2.18196344e+00   0.0000
  1.95294216e-01   0.0000
  1.83738619e-01   0.0000
  3.45265478e-01   0.0000
 -5.88727184e-02   0.0000
 -8.04811493e-02   0.0000
  1.41699919e-02   0.0000
  2.03464136e-01   0.0000
 -1.45662893e-02   0.0000
 -9.50942218e-01   0.0000
 -1.30993712e+00   0.0000
  3.94613534e-01   0.0000
 -2.29008391e-01   0.0000
  4.28739339e-01   0.0000
 -5.36517739e-01   0.0000
 -2.05216616e-01   0.0000
 -4.26729023e-02   0.0000
 -1.51862276e+00   0.0000
 -3.33933532e-01   0.0000
 -3.89358461e-01   0.0000
  2.71915227e-01   0.0000
 -6.04874671e-01   0.0000
 -5.45908332e-01   0.0000
 -2.25822031e-02   0.0000
 -3.49097013e-01   0.0000
 -3.60210419e-01   0.0000
 -4.15736437e-01   0.0000
 -6.07345477e-02   0.0000
 -3.28625798e-01   0.0000
 -2.35706896e-01   0.0000
 -2.56729424e-01   0.0000
  3.53132933e-02   0.0000
  1.67976469e-01   0.0000
  4.41624224e-01   0.0000
 -7.06052780e-01   0.0000
 -8.82163107e-01   0.0000
 -3.25123817e-01   0.0000
 -1.82972535e-01   0.0000
 -5.99381588e-02   0.0000
  2.52490789e-02   0.0000
 -1.25290170e-01   0.0000
 -1.71783537e-01   0.0000
  9.37139615e-02   0.0000
 -1.02754541e-01   0.0000
 -6.00464582e-01   0.0000
  3.09330672e-01   0.0000
 -2.02428055e+00   0.0000
  5.82575612e-02   0.0000
  3.65477502e-01   0.0000
  5.33488870e-01   0.0000
  4.28675234e-01   0.0000
 -3.73079658e-01   0.0000
  1.51248977e-01   0.0000
  3.22916955e-01   0.0000
 -8.40692341e-01   0.0000
 -1.11015305e-01   0.0000
  6.44764863e-03   0.0000
 -1.03648983e-01   0.0000
  6.24429286e-01   0.0000
  9.25619543e-01   0.0000
 -4.12191115e-02   0.0000
  3.66460830e-01   0.0000
  2.33619615e-01   0.0000
 -2.75240019e-02   0.0000
  1.11382283e-01   0.0000
 -4.06426787e-01   0.0000
 -4.68898773e-01   0.0000
 -2.38669321e-01   0.0000
  2.61589736e-01   0.0000
  4.64820325e-01   0.0000
 -2.68482476e-01   0.0000
  4.52148840e-02   0.0000
  5.74172080e-01   0.0000
  3.86507750e-01   0.0000
 -2.92659730e-01   0.0000
  3.22774023e-01   0.0000
  4.21584509e-02   0.0000
  1.07923292e-01   0.0000
  2.76771665e-01   0.0000
  9.97434258e-02   0.0000
 -4.44179326e-02   0.0000
  9.53540206e-01   0.0000
  2.64870077e-01   0.0000
 -6.61388636e-01   0.0000
 -3.74561578e-01   0.0000
 -5.59450507e-01   0.0000
 -3.47561389e-01   0.0000
 -8.27131048e-02   0.0000
 -3.63300860e-01   0.0000
  8.35623518e-02   0.0000
 -3.82409662e-01   0.0000
 -2.21259534e-01   0.0000
 -4.00912434e-01   0.0000
 -5.22641182e-01   0.0000
 -5.34337342e-01   0.0000
  1.50901526e-01   0.0000
 -1.75394750e+00   0.0000
  2.79537775e-02   0.0000
  1.04919769e-01   0.0000
  1.28932968e-01   0.0000
  3.19544554e-01   0.0000
 -1.49052739e-01   0.0000
 -3.31698418e-01   0.0000
  4.07490879e-01   0.0000
 -6.44765347e-02   0.0000
 -1.59994328e+00   0.0000
 -9.54854250e-01   0.0000
 -2.63949513e-01   0.0000
 -1.89691082e-01   0.0000
  8.60997319e-01   0.0000
 -4.38671140e-03   0.0000
  1.31769538e-01   0.0000
  1.93558216e-01   0.0000
  4.63572964e-02   0.0000
  7.77063310e-01   0.0000
  4.15517777e-01   0.0000
  2.22145468e-01   0.0000
  2.31266811e-01   0.0000
 -1.18560225e-01   0.0000
  6.52364716e-02   0.0000
  7.00338781e-01   0.0000
  3.66941392e-01   0.0000
  7.89685026e-02   0.0000
 -2.65359014e-01   0.0000
  2.15333492e-01   0.0000
  3.92659932e-01   0.0000
  2.89035022e-01   0.0000
  1.38412163e-01   0.0000
 -8.28717053e-02   0.0000
  5.36831915e-01   0.0000
  2.74106592e-01   0.0000
  1.93369418e-01   0.0000
  4.32478413e-02   0.0000
 -2.31096849e-01   0.0000
 -6.21100187e-01   0.0000
  5.55197988e-03   0.0000
 -5.93908355e-02   0.0000
 -1.15190041e+00   0.0000
 -2.39033356e-01   0.0000
 -8.48845318e-02   0.0000
 -1.90478489e-01   0.0000
 -6.66298211e-01   0.0000
 -4.65314150e-01   0.0000
 -1.02470443e-01   0.0000
 -1.38366020e+00   0.0000
  1.13243973e-02   0.0000
  9.98104811e-02   0.0000
  5.94060957e-01   0.0000
 -1.51314259e-01   0.0000
 -2.81779259e-01   0.0000
 -8.94969225e-01   0.0000
  1.85702406e-02   0.0000
  5.36383614e-02   0.0000
 -5.09628892e-01   0.0000
 -9.02626514e-01   0.0000
 -6.94933176e-01   0.0000
 -1.68962285e-01   0.0000
  1.55838716e+00   0.0000
 -1.25475526e-01   0.0000
  5.07196644e-04   0.0000
  9.79581475e-02   0.0000
  8.50829557e-02   0.0000
 -2.67082900e-01   0.0000
 -2.68445350e-02   0.0000
  1.55467808e-01   0.0000
 -2.87062526e-01   0.0000
 -1.10050671e-01   0.0000
  1.03097633e-01   0.0000
  6.22290969e-01   0.0000
 -2.90964007e-01   0.0000
 -3.33183676e-01   0.0000
  2.98974738e-02   0.0000
  2.43518457e-01   0.0000
  1.90682158e-01   0.0000
  1.46583304e-01   0.0000
  4.57104929e-02   0.0000
 -6.09981455e-02   0.0000
  1.16594553e+00   0.0000
 -3.28947268e-02   0.0000
 -3.51919711e-01   0.0000
 -2.42042065e-01   0.0000
 -6.34761870e-01   0.0000
 -2.21923423e+00   0.0000
 -3.36583614e+00   0.0000
 -2.14197516e+00   0.0000
 -1.16961563e+00   0.0000
 -2.75220561e+00   0.0000
 -1.90069044e+00   0.0000
 -1.43108833e+00   0.0000
 -3.02359462e+00   0.0000
 -3.88161808e-01   0.0000
  3.07768989e+00   0.0000
 -3.22070551e+00   0.0000
  7.32242644e-01   0.0000
 -1.72996140e+00   0.0000
  2.85240984e+00   0.0000
 -1.46534455e+00   0.0000
 -1.33775914e+00   0.0000
  1.69440126e+00   0.0000
  3.82512045e+00   0.0000
  1.12002516e+00   0.0000
 -2.48801303e+00   0.0000
 -3.55555820e+00   0.0000
 -4.96058822e-01   0.0000
 -2.25803018e+00   0.0000
  1.64837945e+00   0.0000
  2.25112605e+00   0.0000
 -8.20939720e-01   0.0000
  4.69501495e-01   0.0000
 -2.66028476e+00   0.0000
 -3.96745086e+00   0.0000
 -1.89044154e+00   0.0000
  1.66886473e+00   0.0000
  3.01590729e+00   0.0000
  3.30183744e+00   0.0000
  1.68950871e-01   0.0000
  5.47197580e+00   0.0000
 -9.48307455e-01   0.0000
 -2.47536993e+00   0.0000
  3.48760486e+00   0.0000
 -1.90558338e+00   0.0000
 -1.22662580e+00   0.0000
  2.03331327e+00   0.0000
  9.30728316e-02   0.0000
  2.10578501e-01   0.0000
  5.13487959e+00   0.0000
  3.87505054e+00   0.0000
 -2.14203215e+00   0.0000
 -1.52591193e+00   0.0000
 -3.70144916e+00   0.0000
  0.00000000e+00   0.0000

