 5 0.000000 1
 1 
 Si 28.085500
 0 0.250000 4.500000 1.000000 1.500000 
 5 0 1 2 3 4
 6 1.00000 1.25000 1.50000 1.75000 4.50000 4.75000
 1 12.169200 6.172630 3.114710 0.755675 0.404939 0.036124 0.650018 0.572890
 4 30 24 24 1
  8.90020669e-01   0.0000
  1.45769015e-01   0.0000
  8.28883231e-01   0.0000
  7.21281946e-01   0.0000
 -3.32143217e-01   0.0000
 -1.45094466e+00   0.0000
  7.89455354e-01   0.0000
  1.02966440e+00   0.0000
  6.67599022e-01   0.0000
  4.91825938e-01   0.0000
 -8.05798233e-01   0.0000
 -3.79574776e-01   0.0000
 -5.78945160e-01   0.0000
 -1.07676774e-01   0.0000
 -9.14132833e-01   0.0000
  4.98823941e-01   0.0000
 -1.09517694e+00   0.0000
 -7.55135655e-01   0.0000
  2.81984180e-01   0.0000
  1.52818286e+00   0.0000
 -2.29611707e+00   0.0000
  8.70031595e-01   0.0000
 -9.33186352e-01   0.0000
 -2.68553793e-01   0.0000
  5.45770049e-01   0.0000
 -1.88221321e-01   0.0000
  9.66903567e-01   0.0000
  4.27260846e-02   0.0000
 -2.77274549e-01   0.0000
 -1.40184104e-01   0.0000
  8.28493610e-02   0.0000
  8.40496063e-01   0.0000
  6.64460212e-02   0.0000
  7.34364167e-02   0.0000
 -3.55566680e-01   0.0000
 -5.98346829e-01   0.0000
 -2.99988359e-01   0.0000
 -1.69462666e-01   0.0000
  1.06479980e-01   0.0000
  4.16687310e-01   0.0000
 -2.91631013e-01   0.0000
 -6.09281540e-01   0.0000
  1.77698821e-01   0.0000
  1.05387056e+00   0.0000
 -8.13002348e-01   0.0000
  3.07809502e-01   0.0000
 -4.62282002e-01   0.0000
 -4.90121216e-01   0.0000
 -2.54297350e-02   0.0000
 -6.46869183e-01   0.0000
  1.07825530e+00   0.0000
 -4.31630194e-01   0.0000
 -7.49625027e-01   0.0000
  3.84457856e-01   0.0000
 -2.12886527e-01   0.0000
  7.41649419e-02   0.0000
 -4.48444784e-01   0.0000
 -1.04044214e-01   0.0000
 -4.94716138e-01   0.0000
 -2.41204187e-01   0.0000
 -8.09759274e-03   0.0000
 -3.42613854e-03   0.0000
  8.08916867e-01   0.0000
  2.00824469e-01   0.0000
  1.47754341e-01   0.0000
 -2.37164617e-01   0.0000
  3.35620522e-01   0.0000
  6.66966796e-01   0.0000
  3.54174227e-01   0.0000
 -1.20432213e-01   0.0000
 -1.39514104e-01   0.0000
 -5.54036915e-01   0.0000
 -4.54738826e-01   0.0000
 -4.21111256e-01   0.0000
  9.76491809e-01   0.0000
 -3.46763760e-01   0.0000
 -6.34395599e-01   0.0000
  8.68278503e-01   0.0000
 -3.40031594e-01   0.0000
 -3.04143846e-01   0.0000
 -5.55788815e-01   0.0000
 -7.52815977e-02   0.0000
 -3.82461041e-01   0.0000
 -5.15604615e-01   0.0000
 -1.69202894e-01   0.0000
 -1.42301366e-01   0.0000
  1.48495650e+00   0.0000
  1.89934313e-01   0.0000
  4.21079248e-01   0.0000
 -3.68084103e-01   0.0000
  6.82823479e-01   0.0000
  1.05884552e-01   0.0000
  1.16047347e+00   0.0000
 -3.79968792e-01   0.0000
  2.00932518e-01   0.0000
 -6.74819291e-01   0.0000
  3.52977902e-01   0.0000
  3.85814279e-01   0.0000
  6.37798235e-02   0.0000
 -4.46306765e-01   0.0000
 -1.47159338e-01   0.0000
  1.42498851e+00   0.0000
 -7.70212650e-01   0.0000
 -4.13758576e-01   0.0000
  1.47472724e-01   0.0000
 -1.02038169e-02   0.0000
  3.36560458e-01   0.0000
  5.76594830e-01   0.0000
  1.79324716e-01   0.0000
  5.32426499e-03   0.0000
  1.11896884e+00   0.0000
 -2.42361501e-02   0.0000
  1.71179414e-01   0.0000
  3.46433342e-01   0.0000
  3.92539203e-01   0.0000
 -2.26606414e-01   0.0000
  6.51566207e-01   0.0000
 -4.72043723e-01   0.0000
  1.20270722e-01   0.0000
 -7.18420029e-01   0.0000
  4.22926843e-01   0.0000
  8.95095468e-01   0.0000
  2.21242830e-01   0.0000
  2.40346253e-01   0.0000
 -1.66482240e-01   0.0000
  7.20078349e-01   0.0000
 -1.05566442e-01   0.0000
 -2.39719957e-01   0.0000
  4.55315024e-01   0.0000
  2.20452353e-01   0.0000
  4.36167158e-02   0.0000
  2.09853515e-01   0.0000
 -1.34684116e-01   0.0000
 -5.23128331e-01   0.0000
 -4.66977775e-01   0.0000
  8.79915953e-02   0.0000
 -6.73313320e-01   0.0000
  1.14925754e+00   0.0000
 -2.11598337e-01   0.0000
  2.40257725e-01   0.0000
  1.88893676e-01   0.0000
 -2.11245820e-01   0.0000
 -3.86808217e-01   0.0000
 -2.65767515e-01   0.0000
 -1.77667774e-02   0.0000
 -5.32072246e-01   0.0000
  2.65513491e-02   0.0000
 -8.05187523e-02   0.0000
  2.27050751e-01   0.0000
 -3.84535640e-01   0.0000
  2.41568923e-01   0.0000
  5.20597398e-02   0.0000
 -1.47036821e-01   0.0000
  1.16320014e+00   0.0000
  4.46156085e-01   0.0000
  2.68956292e-02   0.0000
  2.91968405e-01   0.0000
 -4.94951308e-01   0.0000
  2.32828662e-01   0.0000
 -4.54513103e-01   0.0000
  4.05295581e-01   0.0000
 -5.98178864e-01   0.0000
  1.91260383e-01   0.0000
 -4.47215326e-03   0.0000
  4.13348079e-02   0.0000
  3.60136688e-01   0.0000
  8.55785310e-02   0.0000
  6.30201757e-01   0.0000
 -5.35011351e-01   0.0000
 -4.67633277e-01   0.0000
 -1.58834338e-01   0.0000
 -9.63354856e-02   0.0000
  1.07916348e-01   0.0000
 -3.12501609e-01   0.0000
 -3.83549690e-01   0.0000
  5.93603030e-03   0.0000
  7.74110481e-02   0.0000
  9.08137083e-01   0.0000
 -3.37279409e-01   0.0000
 -7.39794075e-02   0.0000
  1.03115089e-01   0.0000
  1.73925430e-01   0.0000
 -1.59153610e-01   0.0000
 -2.09653407e-01   0.0000
  2.58024454e-01   0.0000
 -8.16802740e-01   0.0000
 -1.92554876e-01   0.0000
 -1.26582589e-02   0.0000
  1.54715717e-01   0.0000
  8.13505948e-02   0.0000
 -3.93703394e-02   0.0000
  4.76995796e-01   0.0000
 -2.16680780e-01   0.0000
 -4.30810601e-01   0.0000
 -7.97622502e-02   0.0000
  7.04146549e-02   0.0000
  1.89386606e-02   0.0000
 -6.45773411e-01   0.0000
 -5.50362885e-01   0.0000
 -1.14739053e-01   0.0000
  1.91857070e-02   0.0000
  5.75667918e-01   0.0000
 -3.79759707e-02   0.0000
  1.34566590e-01   0.0000
 -1.39860092e-02   0.0000
  3.06835026e-01   0.0000
 -2.24257186e-01   0.0000
 -1.09435670e-01   0.0000
 -1.40026763e-01   0.0000
 -7.94887364e-01   0.0000
  6.38350025e-02   0.0000
 -7.65960664e-02   0.0000
 -1.77925840e-01   0.0000
  1.88165665e-01   0.0000
 -3.29909772e-01   0.0000
  8.58833969e-01   0.0000
 -3.44368577e-01   0.0000
 -1.86712444e-01   0.0000
 -1.72309250e-01   0.0000
 -3.27922940e-01   0.0000
 -1.75552294e-01   0.0000
 -5.89247942e-01   0.0000
 -8.10778677e-01   0.0000
 -1.43721730e-01   0.0000
  8.23187307e-02   0.0000
  4.87213850e-01   0.0000
 -2.87052155e-01   0.0000
 -1.20917894e-01   0.0000
  1.43291384e-01   0.0000
  8.01654398e-01   0.0000
 -4.83575791e-01   0.0000
 -1.24953799e-01   0.0000
 -7.54595399e-02   0.0000
 -7.86184788e-01   0.0000
  8.00010040e-02   0.0000
 -5.03586590e-01   0.0000
 -1.04295924e-01   0.0000
 -4.07084934e-02   0.0000
 -7.43566811e-01   0.0000
  7.05441177e-01   0.0000
  1.20405354e-01   0.0000
 -8.09972361e-02   0.0000
  4.61718738e-01   0.0000
 -3.37727904e-01   0.0000
 -1.19622007e-01   0.0000
 -3.17678571e-01   0.0000
  8.41613293e-01   0.0000
  4.00871545e-01   0.0000
 -2.02635210e-03   0.0000
  3.86849880e-01   0.0000
 -3.42519403e-01   0.0000
 -4.83033925e-01   0.0000
  3.69852185e-01   0.0000
 -7.18614236e-02   0.0000
  7.38671720e-02   0.0000
  2.26138055e-01   0.0000
 -1.40757263e-02   0.0000
  1.31448314e-01   0.0000
 -4.15544845e-02   0.0000
  1.25440285e-01   0.0000
 -1.31456271e-01   0.0000
 -1.50970936e-01   0.0000
 -5.04195869e-01   0.0000
 -1.69968978e-01   0.0000
 -1.07158825e-01   0.0000
 -6.57041669e-02   0.0000
  1.51923135e-01   0.0000
 -2.07692742e-01   0.0000
  7.07020424e-03   0.0000
 -5.49733579e-01   0.0000
 -1.25080958e-01   0.0000
 -2.32442334e-01   0.0000
 -1.78135365e-01   0.0000
  8.21884811e-01   0.0000
  3.69986415e-01   0.0000
 -3.74448448e-01   0.0000
  1.79467395e-01   0.0000
 -6.66310847e-01   0.0000
  2.02635899e-01   0.0000
  3.75927567e-01   0.0000
  1.13410666e-03   0.0000
 -8.68271515e-02   0.0000
 -1.49143755e-01   0.0000
 -1.22274481e-01   0.0000
  1.60575300e-01   0.0000
 -1.54108331e-01   0.0000
 -5.72545826e-01   0.0000
 -4.48001951e-01   0.0000
  5.06576896e-01   0.0000
  1.12099695e+00   0.0000
  1.23243771e-01   0.0000
 -8.00975263e-02   0.0000
  4.38685626e-01   0.0000
 -1.06073773e+00   0.0000
  4.89962250e-01   0.0000
  8.45582068e-01   0.0000
  9.55368206e-03   0.0000
 -1.43679529e-01   0.0000
  7.90748969e-02   0.0000
 -2.47072801e-01   0.0000
  7.46387243e-03   0.0000
  1.37807906e-01   0.0000
 -6.13095658e-03   0.0000
 -1.36298299e-01   0.0000
  4.97452132e-02   0.0000
  3.15464020e-01   0.0000
 -7.88230360e-01   0.0000
  8.87609720e-02   0.0000
 -2.10122600e-01   0.0000
 -3.53675961e-01   0.0000
 -1.26075220e+00   0.0000
  3.17931533e-01   0.0000
 -2.28805512e-01   0.0000
  5.33865333e-01   0.0000
  2.84818679e-01   0.0000
 -4.14166540e-01   0.0000
  1.83124498e-01   0.0000
 -3.54568303e-01   0.0000
 -3.20247203e-01   0.0000
  5.00177681e-01   0.0000
  1.19985111e-01   0.0000
 -1.06394339e+00   0.0000
 -3.78801003e-02   0.0000
 -4.46336925e-01   0.0000
 -4.29064661e-01   0.0000
  3.31585467e-01   0.0000
  2.02442572e-01   0.0000
  2.46984765e-01   0.0000
 -7.12682068e-01   0.0000
  3.60359438e-02   0.0000
 -6.63187325e-01   0.0000
 -6.17659986e-01   0.0000
  2.92339891e-01   0.0000
 -9.81628969e-02   0.0000
 -9.72241521e-01   0.0000
 -2.79399931e-01   0.0000
 -4.50341344e-01   0.0000
  3.49745095e-01   0.0000
  2.46317461e-01   0.0000
 -4.98580068e-01   0.0000
  5.04067898e-01   0.0000
 -1.08354993e-01   0.0000
 -3.49731952e-01   0.0000
  4.78742011e-02   0.0000
 -3.15179653e-03   0.0000
 -1.37090003e+00   0.0000
 -3.96683455e-01   0.0000
 -1.85052887e-01   0.0000
 -3.76224399e-01   0.0000
  6.23512983e-01   0.0000
  1.66849226e-01   0.0000
  3.75459820e-01   0.0000
 -1.25444412e+00   0.0000
 -5.44062197e-01   0.0000
 -1.51155189e-01   0.0000
 -6.52096450e-01   0.0000
  2.50453390e-02   0.0000
  1.03801750e-01   0.0000
 -9.78521585e-01   0.0000
 -3.09720576e-01   0.0000
 -3.49559098e-01   0.0000
  5.01373053e-01   0.0000
  1.66077867e-01   0.0000
 -8.29822242e-01   0.0000
  4.17045891e-01   0.0000
  2.05697984e-01   0.0000
 -4.92837608e-01   0.0000
  3.70028853e-01   0.0000
  1.45284727e-01   0.0000
 -1.77140474e+00   0.0000
 -9.34673190e-01   0.0000
 -3.79999757e-01   0.0000
 -7.06030071e-01   0.0000
  6.49707437e-01   0.0000
  1.68998137e-01   0.0000
  1.72890678e-01   0.0000
 -1.45635617e+00   0.0000
 -3.91693354e-01   0.0000
 -1.06190957e-01   0.0000
 -9.42784846e-01   0.0000
  3.49655688e-01   0.0000
 -3.05106431e-01   0.0000
 -1.27242720e+00   0.0000
 -2.40959659e-01   0.0000
 -1.07281886e-01   0.0000
  1.32711366e-01   0.0000
  2.71703064e-01   0.0000
 -1.32311881e-01   0.0000
 -1.22052334e-01   0.0000
 -3.40311043e-02   0.0000
  1.62757710e-01   0.0000
  3.89684618e-01   0.0000
 -1.65812463e-01   0.0000
 -1.07050635e-01   0.0000
  1.11907199e-02   0.0000
  3.98891926e-01   0.0000
  7.79559970e-01   0.0000
  4.81881872e-02   0.0000
  5.93923211e-01   0.0000
 -4.54419196e-01   0.0000
  4.09937292e-01   0.0000
 -8.62581074e-01   0.0000
 -4.96090740e-01   0.0000
 -5.86064279e-01   0.0000
 -4.93071645e-01   0.0000
 -1.23833704e+00   0.0000
 -4.34908658e-01   0.0000
 -1.38601512e-01   0.0000
  1.13495387e-01   0.0000
  4.01580304e-01   0.0000
  3.09046209e-01   0.0000
  2.06492990e-02   0.0000
 -3.41926992e-01   0.0000
  1.72289029e-01   0.0000
  4.26978827e-01   0.0000
 -2.74398267e-01   0.0000
  1.23275496e-01   0.0000
  5.63414320e-02   0.0000
  3.33459258e-01   0.0000
 -1.41723230e-01   0.0000
 -4.84364122e-01   0.0000
 -2.58543432e-01   0.0000
 -2.97007442e-01   0.0000
  1.29406922e-03   0.0000
 -6.01264298e-01   0.0000
 -3.88222426e-01   0.0000
  5.77835798e-01   0.0000
 -2.78021663e-01   0.0000
 -2.33571112e-01   0.0000
 -9.34853077e-01   0.0000
 -2.77337655e-02   0.0000
  4.24071252e-01   0.0000
  4.18905020e-01   0.0000
 -5.92177927e-01   0.0000
 -6.59000456e-01   0.0000
  5.40392160e-01   0.0000
  7.87256062e-02   0.0000
 -1.51246622e-01   0.0000
 -7.49672234e-01   0.0000
  2.21884936e-01   0.0000
  2.67114282e-01   0.0000
 -1.41115034e+00   0.0000
  2.00691581e-01   0.0000
 -8.06858093e-02   0.0000
 -8.26234221e-01   0.0000
 -1.14408597e-01   0.0000
 -5.35418570e-01   0.0000
  3.70325536e-01   0.0000
 -4.60687101e-01   0.0000
 -1.49127036e-01   0.0000
 -3.92213762e-01   0.0000
 -2.61112154e-01   0.0000
 -1.15443075e+00   0.0000
  4.50894162e-02   0.0000
  2.46945173e-02   0.0000
  9.65496004e-01   0.0000
 -1.66540995e-01   0.0000
 -5.36525309e-01   0.0000
 -4.89651896e-02   0.0000
  1.29141167e-01   0.0000
 -2.85441317e-02   0.0000
 -1.54190406e-01   0.0000
 -2.98069566e-01   0.0000
  2.95067459e-01   0.0000
  9.61562991e-02   0.0000
 -8.12615931e-01   0.0000
 -1.94790617e-01   0.0000
 -5.05029261e-01   0.0000
 -2.71168739e-01   0.0000
  2.13008448e-01   0.0000
  9.17159766e-03   0.0000
  4.49854314e-01   0.0000
 -3.79340976e-01   0.0000
  4.80427183e-02   0.0000
  7.19382241e-02   0.0000
 -5.04224658e-01   0.0000
 -6.04088664e-01   0.0000
  1.24322049e-01   0.0000
 -2.08430946e-01   0.0000
  3.38675529e-01   0.0000
 -4.51656580e-01   0.0000
 -7.88052976e-01   0.0000
  7.26648495e-02   0.0000
 -3.29868525e-01   0.0000
 -1.38922334e-01   0.0000
  5.09527065e-02   0.0000
 -6.41170263e-01   0.0000
 -5.15897907e-02   0.0000
 -6.17946945e-02   0.0000
 -7.72621214e-01   0.0000
 -4.98327374e-01   0.0000
 -4.88293111e-01   0.0000
 -5.70184708e-01   0.0000
  2.83586651e-01   0.0000
  8.35308507e-02   0.0000
  2.18046173e-01   0.0000
 -4.53715771e-01   0.0000
 -1.60548449e-01   0.0000
  4.67227876e-01   0.0000
 -7.89543331e-01   0.0000
 -5.01739621e-01   0.0000
  8.53872895e-02   0.0000
 -2.67282665e-01   0.0000
  2.01713204e-01   0.0000
 -9.80798781e-01   0.0000
 -6.85605943e-01   0.0000
  3.48889440e-01   0.0000
 -2.68031180e-01   0.0000
 -2.79683769e-01   0.0000
  9.70816240e-02   0.0000
 -1.06091285e+00   0.0000
 -1.91661239e-01   0.0000
 -3.93299013e-01   0.0000
 -5.12935579e-01   0.0000
 -4.89989102e-01   0.0000
 -1.19962528e-01   0.0000
 -4.37518597e-01   0.0000
  2.96036303e-01   0.0000
  5.54953754e-01   0.0000
 -1.73286945e-01   0.0000
 -1.65557206e-01   0.0000
 -1.41692355e-01   0.0000
  3.45286846e-01   0.0000
 -9.13118124e-01   0.0000
  8.01304728e-03   0.0000
 -4.86483037e-01   0.0000
 -1.69738144e-01   0.0000
 -3.08207452e-01   0.0000
 -1.57126397e-01   0.0000
  2.09580511e-01   0.0000
  3.22719850e-02   0.0000
 -8.84831473e-02   0.0000
  2.57715255e-01   0.0000
  1.73977792e-01   0.0000
 -2.48017013e-01   0.0000
 -6.12960495e-02   0.0000
  4.71508026e-01   0.0000
 -3.69798452e-01   0.0000
 -2.91098595e-01   0.0000
  7.06351519e-01   0.0000
 -5.68474010e-02   0.0000
  9.38391864e-01   0.0000
  1.81224450e-01   0.0000
 -7.65193045e-01   0.0000
  3.36430788e-01   0.0000
 -1.18070975e-01   0.0000
  3.19874197e-01   0.0000
 -5.45717657e-01   0.0000
  2.64185555e-02   0.0000
 -4.18817550e-01   0.0000
  4.23807204e-01   0.0000
 -1.49467975e-01   0.0000
  6.82735324e-01   0.0000
 -2.51794428e-01   0.0000
  1.53206661e-01   0.0000
  2.37500668e-01   0.0000
  1.19214818e-01   0.0000
 -2.51415968e-01   0.0000
  1.58008352e-01   0.0000
 -3.96803081e-01   0.0000
 -1.25619739e-01   0.0000
  4.87372249e-01   0.0000
 -4.80375998e-02   0.0000
  1.49029076e-01   0.0000
  4.74752277e-01   0.0000
  1.15490466e-01   0.0000
 -5.12816608e-01   0.0000
 -3.40310514e-01   0.0000
 -8.64318073e-01   0.0000
  7.20524564e-02   0.0000
 -5.52977286e-02   0.0000
 -1.85049877e-01   0.0000
 -3.00181960e-03   0.0000
 -2.26121753e-01   0.0000
 -3.17157507e-02   0.0000
  5.49380898e-01   0.0000
  3.34977955e-01   0.0000
 -1.56935811e-01   0.0000
  1.88917629e-02   0.0000
  1.84268916e+00   0.0000
  1.26331493e-01   0.0000
 -9.59379137e-01   0.0000
  5.46916783e-01   0.0000
  1.01975963e-01   0.0000
  9.80203331e-01   0.0000
 -3.74802440e-01   0.0000
  1.54326648e-01   0.0000
 -2.66263664e-01   0.0000
  4.59642023e-01   0.0000
  6.54111147e-01   0.0000
 -1.81858301e+00   0.0000
  5.15918672e-01   0.0000
 -5.76131225e-01   0.0000
  4.14019048e-01   0.0000
 -2.18600035e-01   0.0000
  1.14725554e+00   0.0000
 -3.17106962e-01   0.0000
  1.12968636e+00   0.0000
 -3.66109997e-01   0.0000
  1.64532435e+00   0.0000
 -5.54151058e-01   0.0000
 -3.24248165e-01   0.0000
 -4.75480109e-01   0.0000
  1.70294449e-01   0.0000
 -1.03385478e-01   0.0000
 -2.56457686e-01   0.0000
 -2.93431342e-01   0.0000
 -4.55040097e-01   0.0000
  6.68929592e-02   0.0000
 -4.22519654e-01   0.0000
  1.73190087e-01   0.0000
 -2.94912815e-01   0.0000
  7.01500177e-01   0.0000
  5.52622020e-01   0.0000
  4.44306761e-01   0.0000
  9.93223190e-02   0.0000
  2.14266747e-01   0.0000
  2.33755603e-01   0.0000
  7.35123605e-02   0.0000
  7.34916508e-01   0.0000
  7.79723704e-01   0.0000
  5.89029908e-01   0.0000
  1.96158767e-01   0.0000
  6.49509549e-01   0.0000
 -1.03881454e+00   0.0000
  4.73249167e-01   0.0000
 -5.77552259e-01   0.0000
 -5.84770262e-01   0.0000
  1.24460563e-01   0.0000
  3.16435277e-01   0.0000
 -3.97380173e-01   0.0000
 -9.36033010e-01   0.0000
 -3.12877685e-01   0.0000
 -4.53131825e-01   0.0000
  2.63265818e-02   0.0000
 -1.42473578e-01   0.0000
  5.95771730e-01   0.0000
  5.30026436e-01   0.0000
  5.43450952e-01   0.0000
 -2.14033760e-02   0.0000
  3.64760995e-01   0.0000
  5.49748182e-01   0.0000
  1.28219739e-01   0.0000
  2.85316259e-01   0.0000
  9.08577263e-01   0.0000
  1.59797445e-01   0.0000
  1.42582476e-01   0.0000
 -1.03470579e-01   0.0000
 -1.02098525e+00   0.0000
  1.43252730e+00   0.0000
 -1.03781414e+00   0.0000
 -8.51721764e-01   0.0000
 -1.10174187e-01   0.0000
 -9.98401940e-02   0.0000
 -7.00728238e-01   0.0000
 -1.27396894e+00   0.0000
 -6.86163068e-01   0.0000
 -4.11975533e-02   0.0000
 -6.50422692e-01   0.0000
 -4.36283529e-01   0.0000
 -1.33645490e-01   0.0000
  2.64552116e-01   0.0000
 -4.77740820e-03   0.0000
 -7.56081641e-02   0.0000
 -4.72397476e-01   0.0000
  9.81124818e-01   0.0000
  3.02172869e-01   0.0000
  5.16014338e-01   0.0000
  1.07925989e-01   0.0000
 -1.10523701e-01   0.0000
 -2.14593008e-01   0.0000
 -6.88742995e-01   0.0000
  2.24920735e-01   0.0000
  8.01725984e-02   0.0000
 -1.93115249e-01   0.0000
 -7.90077820e-02   0.0000
 -7.40005150e-02   0.0000
  4.40418541e-01   0.0000
 -2.97067463e-01   0.0000
 -4.71649230e-01   0.0000
 -2.30469957e-01   0.0000
 -7.99794793e-01   0.0000
 -1.94409296e-01   0.0000
  2.95878410e-01   0.0000
  2.33912468e-01   0.0000
  4.31733221e-01   0.0000
 -8.27660114e-02   0.0000
 -7.50935316e-01   0.0000
  2.93098956e-01   0.0000
 -4.96395379e-01   0.0000
  2.87206233e-01   0.0000
 -3.39043200e-01   0.0000
 -2.46095791e-01   0.0000
  7.55668402e-01   0.0000
 -5.30430734e-01   0.0000
 -2.45840400e-01   0.0000
  8.02718103e-02   0.0000
  1.63740978e-01   0.0000
 -4.22389150e-01   0.0000
  2.02421248e-01   0.0000
  2.34875008e-01   0.0000
  1.11040600e-01   0.0000
  1.68879732e-01   0.0000
  2.64155179e-01   0.0000
 -9.65658203e-02   0.0000
 -2.14638114e-02   0.0000
  3.95140648e-02   0.0000
  5.59942126e-01   0.0000
  9.05368984e-01   0.0000
  2.86144912e-01   0.0000
 -3.04302037e-01   0.0000
 -3.03749353e-01   0.0000
 -1.07459016e-01   0.0000
 -2.31032282e-01   0.0000
 -4.44176286e-01   0.0000
  6.31648421e-01   0.0000
 -5.53935707e-01   0.0000
  1.09084237e+00   0.0000
  3.48449737e-01   0.0000
 -2.27454603e-01   0.0000
 -6.80253923e-01   0.0000
  1.17835999e+00   0.0000
 -2.24664390e-01   0.0000
 -1.07700098e+00   0.0000
 -6.52001798e-01   0.0000
  1.05392087e+00   0.0000
 -6.10900700e-01   0.0000
 -8.43606353e-01   0.0000
 -1.39838672e+00   0.0000
  2.96537101e-01   0.0000
  9.95581210e-01   0.0000
 -3.54105353e-01   0.0000
  2.06892776e+00   0.0000
 -3.76835227e-01   0.0000
  2.82612652e-01   0.0000
  6.03187680e-01   0.0000
  4.61058617e-01   0.0000
  8.63260269e-01   0.0000
 -2.52795424e-02   0.0000
  4.29972738e-01   0.0000
  4.44860190e-01   0.0000
 -7.64533460e-01   0.0000
 -1.29016945e-02   0.0000
  6.52808845e-01   0.0000
  7.93994188e-01   0.0000
  2.63112318e-02   0.0000
  8.20042863e-02   0.0000
 -7.01751530e-01   0.0000
 -1.84082091e-01   0.0000
 -3.57892931e-01   0.0000
  3.87442976e-01   0.0000
  8.57024789e-01   0.0000
 -3.72549951e-01   0.0000
  2.64794856e-01   0.0000
  1.32986498e+00   0.0000
  3.36188674e-01   0.0000
 -1.00386396e-01   0.0000
  5.05090415e-01   0.0000
 -2.50234336e-01   0.0000
 -4.00072873e-01   0.0000
 -5.99611811e-02   0.0000
  2.76631385e-01   0.0000
  1.90561906e-01   0.0000
  1.21509790e+00   0.0000
  7.83821344e-01   0.0000
  9.62721035e-02   0.0000
 -3.40943933e-01   0.0000
 -8.71372879e-01   0.0000
  9.01275516e-01   0.0000
  1.06296130e-01   0.0000
  2.08979473e-01   0.0000
 -7.05641031e-01   0.0000
 -4.80456024e-01   0.0000
 -2.67624017e-02   0.0000
  3.28455299e-01   0.0000
  3.58191729e-01   0.0000
 -2.52705693e-01   0.0000
  3.48401815e-03   0.0000
  6.43556476e-01   0.0000
  7.84702525e-02   0.0000
 -3.32667887e-01   0.0000
 -8.10965225e-02   0.0000
 -5.91162384e-01   0.0000
 -5.56289107e-02   0.0000
 -5.63155055e-01   0.0000
 -1.41929463e-01   0.0000
  1.63643695e-02   0.0000
  4.71400440e-01   0.0000
  3.72625411e-01   0.0000
 -1.06073737e+00   0.0000
 -3.68325680e-01   0.0000
 -6.06070936e-01   0.0000
  6.31770253e-01   0.0000
  7.78177232e-02   0.0000
  2.88344383e-01   0.0000
  5.58323860e-01   0.0000
  4.47587401e-01   0.0000
 -3.81169915e-02   0.0000
  1.58520088e-01   0.0000
  5.68270981e-01   0.0000
 -1.53171480e-01   0.0000
 -3.09948951e-01   0.0000
 -2.63775796e-01   0.0000
  2.14132711e-01   0.0000
 -5.12644425e-02   0.0000
 -1.17602624e-01   0.0000
  1.86675265e-01   0.0000
  3.51611897e-02   0.0000
  1.19716279e-01   0.0000
 -5.96299618e-02   0.0000
  1.46217063e-01   0.0000
 -2.27032483e-01   0.0000
  3.91879290e-01   0.0000
  5.48451841e-01   0.0000
  2.19881147e-01   0.0000
  2.05099925e-01   0.0000
  9.28493500e-01   0.0000
  3.28616619e-01   0.0000
  1.08109936e-01   0.0000
  6.59707189e-02   0.0000
  3.53840319e-03   0.0000
 -2.44750157e-01   0.0000
  8.95337105e-01   0.0000
  1.23473036e+00   0.0000
  4.45909053e-01   0.0000
 -2.88796853e-02   0.0000
  1.86628997e+00   0.0000
  4.03955616e-02   0.0000
  1.18914738e-01   0.0000
 -2.12334439e-01   0.0000
 -3.75843942e-02   0.0000
 -1.40558910e-02   0.0000
 -5.14609933e-01   0.0000
 -2.37865165e-01   0.0000
 -2.02677369e-01   0.0000
  1.48034072e+00   0.0000
  1.30738413e+00   0.0000
  2.11457506e-01   0.0000
 -4.08352725e-02   0.0000
 -1.38424718e+00   0.0000
  4.46057133e-02   0.0000
  5.95874339e-02   0.0000
 -2.25868076e-01   0.0000
  8.92193198e-01   0.0000
  8.85989726e-01   0.0000
  2.83027411e-01   0.0000
  6.38273805e-02   0.0000
 -2.99000144e-01   0.0000
  1.38241100e+00   0.0000
  1.18250117e-01   0.0000
 -1.52053535e-01   0.0000
 -5.05666554e-01   0.0000
 -1.89862270e-02   0.0000
  7.42570460e-02   0.0000
  2.14237019e-01   0.0000
  1.20663688e-01   0.0000
  5.69714069e-01   0.0000
  1.97012853e-02   0.0000
  1.21329822e-01   0.0000
  3.04996759e-01   0.0000
 -5.50447941e-01   0.0000
 -3.38729531e-01   0.0000
  2.20432371e-01   0.0000
  2.62970533e-02   0.0000
 -5.32326877e-01   0.0000
 -2.88047612e-01   0.0000
 -4.28471029e-01   0.0000
 -1.42685866e+00   0.0000
 -2.03202337e-01   0.0000
 -6.42389357e-01   0.0000
 -2.62624860e-01   0.0000
 -4.74216342e-01   0.0000
 -9.83172953e-02   0.0000
  2.60131925e-01   0.0000
 -1.27332366e+00   0.0000
  1.65970713e-01   0.0000
 -1.67992711e-01   0.0000
 -1.18870281e-01   0.0000
 -5.80333054e-01   0.0000
 -1.05502419e-01   0.0000
 -9.92249623e-02   0.0000
  9.85078439e-02   0.0000
  7.65434578e-02   0.0000
 -1.53582692e+00   0.0000
 -7.58427739e-01   0.0000
 -4.11037415e-01   0.0000
 -1.70865476e-01   0.0000
  9.87106919e-01   0.0000
  9.29062605e-01   0.0000
 -8.83012637e-03   0.0000
  1.84920922e-01   0.0000
  1.49159417e-01   0.0000
 -5.61258614e-01   0.0000
 -1.29365027e-01   0.0000
  5.75945854e-01   0.0000
  7.79324174e-01   0.0000
 -3.83485973e-01   0.0000
  2.97690071e-02   0.0000
  1.11800158e+00   0.0000
 -2.03591436e-01   0.0000
 -1.42261311e-02   0.0000
  4.63844359e-01   0.0000
 -1.06895551e-01   0.0000
 -2.09335446e-01   0.0000
  3.68633896e-01   0.0000
  5.45878857e-02   0.0000
  5.64473271e-02   0.0000
  1.08146906e+00   0.0000
  8.43197227e-01   0.0000
  4.88978066e-02   0.0000
 -9.04856771e-02   0.0000
 -1.23857784e+00   0.0000
  4.32267368e-01   0.0000
  2.91233808e-01   0.0000
  1.64877921e-01   0.0000
  1.06263125e+00   0.0000
  1.88104942e-01   0.0000
  1.83179408e-01   0.0000
  4.14063424e-01   0.0000
  4.15272355e-01   0.0000
  1.14463162e+00   0.0000
 -3.12946916e-01   0.0000
  8.08286726e-01   0.0000
 -3.61596614e-01   0.0000
  3.27405959e-01   0.0000
 -8.78156722e-02   0.0000
  2.23638132e-01   0.0000
  1.84537202e-01   0.0000
 -2.72942275e-01   0.0000
 -4.29144859e-01   0.0000
  1.03566006e-01   0.0000
  9.20447350e-01   0.0000
  7.49438822e-01   0.0000
  5.63625917e-02   0.0000
  3.56682032e-01   0.0000
 -7.62696385e-01   0.0000
  8.66002977e-01   0.0000
 -2.40526482e-01   0.0000
  3.71253677e-02   0.0000
  7.24543571e-01   0.0000
 -2.07777783e-01   0.0000
 -2.07636908e-01   0.0000
  8.52921247e-01   0.0000
  8.22866917e-01   0.0000
  1.00230798e-01   0.0000
  7.76923373e-02   0.0000
  1.38386679e+00   0.0000
 -2.04966620e-01   0.0000
  2.11083740e-01   0.0000
 -1.51448503e-01   0.0000
 -9.96477064e-03   0.0000
 -8.63809958e-02   0.0000
 -4.28958178e-01   0.0000
  1.64221317e-01   0.0000
 -1.44576296e-01   0.0000
  1.10868216e+00   0.0000
  9.31857467e-01   0.0000
  1.98285267e-01   0.0000
  7.57111162e-02   0.0000
 -1.18956637e+00   0.0000
  7.31369406e-02   0.0000
  1.06888048e-01   0.0000
  1.65865436e-01   0.0000
 -1.18738735e+00   0.0000
 -5.68522751e-01   0.0000
 -3.16622853e-01   0.0000
  6.33422434e-02   0.0000
  5.14960408e-01   0.0000
  7.82106280e-01   0.0000
 -6.65022880e-02   0.0000
  4.52599019e-01   0.0000
 -7.22923875e-01   0.0000
 -6.18128777e-02   0.0000
  1.23958312e-01   0.0000
 -1.10242873e-01   0.0000
  4.64377888e-02   0.0000
 -5.57089150e-02   0.0000
 -1.68739766e-01   0.0000
 -2.18634680e-01   0.0000
  5.93012094e-01   0.0000
  6.19773448e-01   0.0000
  1.35346502e-01   0.0000
 -8.63807127e-02   0.0000
  5.02210557e-01   0.0000
 -7.20893741e-01   0.0000
 -2.26148292e-01   0.0000
 -1.49080366e-01   0.0000
  5.68641186e-01   0.0000
 -3.95391405e-01   0.0000
  1.31703615e-01   0.0000
 -9.02641714e-01   0.0000
 -1.06080353e+00   0.0000
 -7.89038002e-01   0.0000
  3.77595067e-01   0.0000
 -1.48421073e+00   0.0000
  1.46682225e-02   0.0000
  1.85480684e-01   0.0000
  4.33538675e-01   0.0000
  1.76614955e-01   0.0000
 -1.54411331e-01   0.0000
 -3.44408065e-01   0.0000
  4.62456681e-02   0.0000
  1.55224070e-01   0.0000
 -9.37743127e-01   0.0000
 -1.04013443e+00   0.0000
  3.85918468e-01   0.0000
  2.12167472e-01   0.0000
  9.88672554e-01   0.0000
 -3.60527515e-01   0.0000
 -1.24425106e-01   0.0000
 -3.63001861e-02   0.0000
  2.41484255e-01   0.0000
 -5.74872363e-03   0.0000
 -2.86339112e-02   0.0000
 -3.64035726e-01   0.0000
 -8.03543866e-01   0.0000
 -1.20820594e+00   0.0000
  2.56360590e-01   0.0000
 -8.74090135e-01   0.0000
  1.06495656e-01   0.0000
 -3.45786542e-01   0.0000
  2.84403741e-01   0.0000
  8.28742534e-02   0.0000
 -3.28108311e-01   0.0000
  1.49307564e-01   0.0000
  1.94671601e-01   0.0000
  9.44881067e-02   0.0000
 -4.17077988e-01   0.0000
 -7.74358630e-01   0.0000
 -9.23936009e-01   0.0000
 -2.03059137e-01   0.0000
  2.70461410e-01   0.0000
 -5.46408653e-01   0.0000
 -3.62587184e-01   0.0000
 -3.90508890e-01   0.0000
 -9.33772981e-01   0.0000
 -1.43415165e+00   0.0000
 -6.32917762e-01   0.0000
 -3.17247778e-01   0.0000
 -1.10537970e+00   0.0000
 -1.45295426e-01   0.0000
  4.75514233e-01   0.0000
 -1.41607213e+00   0.0000
 -8.98689330e-02   0.0000
 -1.82590544e-01   0.0000
  2.57928371e-01   0.0000
 -9.03849676e-02   0.0000
 -3.40718329e-01   0.0000
  1.16200566e-01   0.0000
  2.27113679e-01   0.0000
 -8.85090455e-02   0.0000
 -1.32570219e+00   0.0000
 -1.63890278e+00   0.0000
  1.20884046e-01   0.0000
 -4.33895797e-01   0.0000
  6.55393422e-01   0.0000
  1.71206400e-01   0.0000
  3.61569405e-01   0.0000
  8.45743120e-02   0.0000
  3.85949731e-01   0.0000
  3.46944451e-01   0.0000
  3.41513127e-01   0.0000
 -2.60333806e-01   0.0000
  1.86788946e-01   0.0000
 -7.30593026e-01   0.0000
 -3.94446887e-02   0.0000
 -6.65067136e-01   0.0000
  4.19948762e-03   0.0000
  1.40794203e-01   0.0000
 -3.34628224e-01   0.0000
  1.06431201e-01   0.0000
  3.74323308e-01   0.0000
 -3.38919520e-01   0.0000
 -8.42283070e-02   0.0000
 -6.06410839e-02   0.0000
 -9.33541596e-01   0.0000
  3.78080979e-02   0.0000
 -1.02782629e-01   0.0000
  1.67587213e-02   0.0000
  2.55326152e-01   0.0000
 -7.85913706e-01   0.0000
 -1.00514524e-01   0.0000
  4.67953570e-02   0.0000
 -5.78261316e-01   0.0000
  3.35398883e-01   0.0000
 -2.81589955e-01   0.0000
 -7.07698464e-01   0.0000
 -5.84175766e-01   0.0000
  3.06316286e-01   0.0000
 -1.59514144e-01   0.0000
 -1.29268944e+00   0.0000
  1.69702873e-01   0.0000
  4.58755910e-01   0.0000
 -5.86087704e-01   0.0000
 -4.64590400e-01   0.0000
  4.42539342e-03   0.0000
 -7.58587420e-01   0.0000
 -2.30937302e-01   0.0000
  4.20560548e-03   0.0000
 -1.93255842e+00   0.0000
 -4.27811652e-01   0.0000
  4.48276103e-01   0.0000
 -6.03221683e-03   0.0000
  2.02733731e+00   0.0000
  4.62024696e-02   0.0000
 -2.08370909e-01   0.0000
 -1.56306013e-01   0.0000
 -1.11086023e+00   0.0000
  3.96015972e-01   0.0000
 -1.81270957e-01   0.0000
  7.28332043e-01   0.0000
  9.80109647e-02   0.0000
  1.32334554e+00   0.0000
  2.24532843e-01   0.0000
 -2.09065095e-01   0.0000
 -5.04407227e-01   0.0000
 -5.64402677e-02   0.0000
 -3.21820259e-01   0.0000
 -5.15652180e-01   0.0000
 -1.19475149e-01   0.0000
 -3.40190500e-01   0.0000
  2.49462247e-01   0.0000
  8.70235451e-03   0.0000
  3.24482113e-01   0.0000
  2.06851274e-01   0.0000
 -1.74007621e-02   0.0000
 -1.00524738e-01   0.0000
 -5.80782115e-01   0.0000
 -8.20361793e-01   0.0000
 -2.20722333e-01   0.0000
 -3.80316794e-01   0.0000
 -6.42368257e-01   0.0000
 -5.83321154e-01   0.0000
 -1.47583395e-01   0.0000
 -4.04731393e-01   0.0000
 -1.16485918e+00   0.0000
 -9.99447465e-01   0.0000
  4.83231395e-01   0.0000
 -2.14147854e+00   0.0000
  1.85031965e-01   0.0000
  7.09389225e-02   0.0000
  3.97823691e-01   0.0000
 -1.05851136e-01   0.0000
 -1.02723405e-01   0.0000
  7.55106211e-02   0.0000
  2.28983268e-01   0.0000
 -1.16055990e-02   0.0000
 -1.12929392e+00   0.0000
 -1.32919276e+00   0.0000
  2.86382228e-01   0.0000
 -2.59791762e-01   0.0000
  4.05049473e-01   0.0000
 -5.34268916e-01   0.0000
 -2.24772006e-01   0.0000
 -7.05407262e-02   0.0000
 -1.49345767e+00   0.0000
 -3.06916296e-01   0.0000
 -2.95153320e-01   0.0000
  1.63499996e-01   0.0000
 -6.46097243e-01   0.0000
 -3.43463182e-01   0.0000
 -2.67574638e-02   0.0000
 -3.77519071e-01   0.0000
 -3.27760935e-01   0.0000
 -4.25269216e-01   0.0000
 -9.01472047e-02   0.0000
 -2.69028306e-01   0.0000
 -1.36423245e-01   0.0000
 -3.24517280e-01   0.0000
  3.95869873e-02   0.0000
  1.67831093e-01   0.0000
  3.62781167e-01   0.0000
 -7.51147985e-01   0.0000
 -8.09769213e-01   0.0000
 -3.28091025e-01   0.0000
 -1.58969656e-01   0.0000
 -6.62370473e-02   0.0000
  3.31254266e-02   0.0000
 -1.45066381e-01   0.0000
 -1.70135066e-01   0.0000
  1.22550651e-01   0.0000
 -7.40835667e-02   0.0000
 -6.68554127e-01   0.0000
  3.28780323e-01   0.0000
 -1.90045071e+00   0.0000
  6.42287806e-02   0.0000
  2.98619092e-01   0.0000
  6.06597185e-01   0.0000
  4.30295467e-01   0.0000
 -3.73312145e-01   0.0000
  2.70774424e-01   0.0000
  3.53746206e-01   0.0000
 -7.83367991e-01   0.0000
 -1.25365749e-01   0.0000
  4.39997809e-03   0.0000
 -1.47768870e-01   0.0000
  6.30758822e-01   0.0000
  9.24775839e-01   0.0000
 -1.68784037e-02   0.0000
  3.88112217e-01   0.0000
  1.93285391e-01   0.0000
 -2.91054193e-02   0.0000
  9.58330855e-02   0.0000
 -5.21397471e-01   0.0000
 -4.36932534e-01   0.0000
 -3.01247507e-01   0.0000
  1.72349319e-01   0.0000
  4.75153297e-01   0.0000
 -2.01117396e-01   0.0000
  4.74870093e-02   0.0000
  4.66787666e-01   0.0000
  3.53847116e-01   0.0000
 -2.83670545e-01   0.0000
  3.17660242e-01   0.0000
  2.52417810e-02   0.0000
  1.10223427e-01   0.0000
  1.68624192e-01   0.0000
  1.11762829e-01   0.0000
 -3.91237251e-02   0.0000
  1.02378643e+00   0.0000
  1.96675420e-01   0.0000
 -4.20120388e-01   0.0000
 -3.81678879e-01   0.0000
 -6.67708933e-01   0.0000
 -4.37727958e-01   0.0000
 -9.75723341e-02   0.0000
 -4.15815532e-01   0.0000
  2.10953444e-01   0.0000
 -2.69487500e-01   0.0000
 -2.80198991e-01   0.0000
 -4.63547707e-01   0.0000
 -5.75381458e-01   0.0000
 -3.63805056e-01   0.0000
  1.69468492e-01   0.0000
 -1.82377946e+00   0.0000
  2.33021192e-02   0.0000
  3.14084925e-02   0.0000
  4.70319539e-02   0.0000
  1.91431984e-01   0.0000
 -2.45619461e-01   0.0000
 -2.40973502e-01   0.0000
  4.58971947e-01   0.0000
 -6.51537403e-02   0.0000
 -1.63426387e+00   0.0000
 -1.00640500e+00   0.0000
 -1.42628133e-01   0.0000
 -2.08800614e-01   0.0000
  8.90523434e-01   0.0000
 -1.05314879e-02   0.0000
  1.61163837e-01   0.0000
  1.77613184e-01   0.0000
  1.94941610e-01   0.0000
  7.24793196e-01   0.0000
  4.63937879e-01   0.0000
  2.16515273e-01   0.0000
  2.83316880e-01   0.0000
 -1.08457305e-01   0.0000
  6.98465854e-02   0.0000
  8.40443075e-01   0.0000
  3.40726674e-01   0.0000
  1.25483647e-01   0.0000
 -3.83883566e-02   0.0000
  3.73220891e-01   0.0000
  3.56163710e-01   0.0000
  3.44382554e-01   0.0000
  1.55195698e-01   0.0000
 -8.70304406e-02   0.0000
  5.27912617e-01   0.0000
  3.44709873e-01   0.0000
  2.18392894e-01   0.0000
  5.83522804e-02   0.0000
 -3.56256157e-01   0.0000
 -6.43592656e-01   0.0000
  5.54911559e-03   0.0000
 -7.13264868e-02   0.0000
 -1.12240863e+00   0.0000
 -2.76912153e-01   0.0000
 -1.44337177e-01   0.0000
 -1.72763705e-01   0.0000
 -6.82777107e-01   0.0000
 -6.83783829e-01   0.0000
 -1.15898058e-01   0.0000
 -1.37343192e+00   0.0000
 -5.22849932e-02   0.0000
 -2.65887044e-02   0.0000
  5.47371566e-01   0.0000
 -2.63827354e-01   0.0000
 -3.28366458e-01   0.0000
 -7.66649008e-01   0.0000
  2.08552442e-02   0.0000
  6.90913573e-02   0.0000
 -5.76967895e-01   0.0000
 -8.88750196e-01   0.0000
 -6.57898068e-01   0.0000
 -2.01084018e-01   0.0000
  1.40816236e+00   0.0000
 -1.34033740e-01   0.0000
 -2.83239246e-03   0.0000
  1.14601284e-01   0.0000
 -1.09576538e-01   0.0000
 -3.02071720e-01   0.0000
 -1.39319137e-01   0.0000
  2.44266450e-01   0.0000
 -3.03123921e-01   0.0000
 -8.15729275e-02   0.0000
  1.16852850e-01   0.0000
  6.86680734e-01   0.0000
 -1.79671556e-01   0.0000
 -3.68263870e-01   0.0000
  1.63182244e-01   0.0000
  2.00683609e-01   0.0000
  1.12328209e-01   0.0000
  1.09567627e-01   0.0000
  5.13134077e-02   0.0000
 -6.76311627e-02   0.0000
  1.23096669e+00   0.0000
  7.05229444e-03   0.0000
 -4.08530891e-01   0.0000
 -2.75997490e-01   0.0000
 -6.19438708e-01   0.0000
 -2.41591263e+00   0.0000
 -3.79445672e+00   0.0000
 -2.41145849e+00   0.0000
 -1.02240956e+00   0.0000
 -3.12162328e+00   0.0000
 -2.15481067e+00   0.0000
 -1.43719232e+00   0.0000
 -3.41366673e+00   0.0000
 -4.94275779e-01   0.0000
  3.46584129e+00   0.0000
 -3.49469233e+00   0.0000
  9.00309026e-01   0.0000
 -1.96750259e+00   0.0000
  3.19659925e+00   0.0000
 -1.74069142e+00   0.0000
 -1.50424349e+00   0.0000
  1.87276864e+00   0.0000
  4.30667639e+00   0.0000
  1.25748312e+00   0.0000
 -2.79574943e+00   0.0000
 -4.11613321e+00   0.0000
 -5.93300581e-01   0.0000
 -2.56382012e+00   0.0000
  1.69138992e+00   0.0000
  2.42067432e+00   0.0000
 -8.66981030e-01   0.0000
  5.80551922e-01   0.0000
 -2.71750426e+00   0.0000
 -4.34824133e+00   0.0000
 -2.01483178e+00   0.0000
  1.89966941e+00   0.0000
  3.24442625e+00   0.0000
  3.29406261e+00   0.0000
  1.31782100e-01   0.0000
  5.81104803e+00   0.0000
 -1.03973126e+00   0.0000
 -2.73093581e+00   0.0000
  3.86214089e+00   0.0000
 -2.00205064e+00   0.0000
 -1.30378091e+00   0.0000
  2.15313506e+00   0.0000
  5.06576449e-02   0.0000
  1.88076392e-01   0.0000
  5.51682520e+00   0.0000
  4.19203806e+00   0.0000
 -2.21921968e+00   0.0000
 -1.64962673e+00   0.0000
 -3.91058683e+00   0.0000
  0.00000000e+00   0.0000

