 5 0.000000 1
 1 
 Si 28.085500
 0 0.250000 4.500000 1.000000 1.500000 
 5 0 1 2 3 4
 6 1.00000 1.25000 1.50000 1.75000 4.50000 4.75000
 1 12.169200 6.172630 3.114710 0.755675 0.404939 0.036124 0.650018 0.572890
 4 30 24 24 1
  5.60645044e-01   0.0000
  4.37445343e-01   0.0000
  8.21627915e-01   0.0000
  8.68225932e-01   0.0000
 -2.60103106e-01   0.0000
 -1.60352576e+00   0.0000
  8.40180874e-01   0.0000
  1.00081658e+00   0.0000
  7.54188359e-01   0.0000
  3.61069977e-01   0.0000
 -6.93602562e-01   0.0000
 -3.27487648e-01   0.0000
 -3.71083170e-01   0.0000
 -9.47199836e-02   0.0000
 -1.03094554e+00   0.0000
  1.91547588e-01   0.0000
 -7.94637263e-01   0.0000
 -8.79195392e-01   0.0000
  3.63776982e-01   0.0000
  1.26038086e+00   0.0000
 -2.17821765e+00   0.0000
  2.69491613e-01   0.0000
 -9.65649962e-01   0.0000
 -2.29252875e-01   0.0000
  3.45550269e-01   0.0000
  1.46166846e-01   0.0000
  9.32635128e-01   0.0000
  4.51029867e-01   0.0000
 -1.01020858e-01   0.0000
 -2.19625562e-01   0.0000
 -2.91831978e-03   0.0000
  8.42301846e-01   0.0000
  2.72423118e-01   0.0000
 -3.35471593e-02   0.0000
 -1.91891357e-01   0.0000
 -5.98840117e-01   0.0000
 -2.60421634e-01   0.0000
 -1.35208160e-01   0.0000
  1.79116055e-01   0.0000
  2.47837618e-01   0.0000
 -1.36021361e-01   0.0000
 -7.62802899e-01   0.0000
  1.68405250e-01   0.0000
  7.77069271e-01   0.0000
 -8.49514365e-01   0.0000
 -1.13818586e-01   0.0000
 -5.35669446e-01   0.0000
 -3.37880075e-01   0.0000
 -1.30703896e-01   0.0000
 -3.94668460e-01   0.0000
  1.00320208e+00   0.0000
 -1.00177549e-01   0.0000
 -4.92590785e-01   0.0000
  3.62578690e-01   0.0000
 -3.41176242e-01   0.0000
  1.41012305e-02   0.0000
 -3.35507333e-01   0.0000
 -1.89735606e-01   0.0000
 -2.72686571e-01   0.0000
 -2.34132528e-01   0.0000
 -3.46965753e-02   0.0000
  1.80631906e-01   0.0000
  9.54399824e-01   0.0000
  2.03350678e-01   0.0000
  2.59584308e-01   0.0000
 -2.98367560e-01   0.0000
  1.47550002e-01   0.0000
  3.61128896e-01   0.0000
  4.08825636e-01   0.0000
 -2.55317062e-01   0.0000
 -1.90962672e-01   0.0000
 -3.80385756e-01   0.0000
 -4.95136321e-01   0.0000
 -3.59846294e-01   0.0000
  8.75531137e-01   0.0000
 -5.25470972e-01   0.0000
 -4.40735340e-01   0.0000
  9.42721248e-01   0.0000
 -4.74333704e-01   0.0000
 -4.94115353e-01   0.0000
 -6.90602243e-01   0.0000
 -1.45568267e-01   0.0000
 -6.42821342e-02   0.0000
 -5.95681787e-01   0.0000
 -2.30595708e-01   0.0000
  1.58667147e-01   0.0000
  1.69498742e+00   0.0000
  3.41339111e-01   0.0000
  5.57513475e-01   0.0000
 -2.97908694e-01   0.0000
  4.82789338e-01   0.0000
 -3.99943292e-01   0.0000
  1.43694830e+00   0.0000
 -1.65673509e-01   0.0000
  2.21924379e-01   0.0000
 -4.10112977e-01   0.0000
  3.53771120e-01   0.0000
  3.41545716e-02   0.0000
  2.25335121e-01   0.0000
 -3.87061507e-01   0.0000
 -2.00777426e-01   0.0000
  1.27699709e+00   0.0000
 -4.71850514e-01   0.0000
 -3.52296114e-01   0.0000
  7.43887201e-02   0.0000
  2.68940747e-01   0.0000
 -4.06192131e-02   0.0000
  2.14506820e-01   0.0000
  2.81099409e-01   0.0000
 -1.35774076e-01   0.0000
  9.39832687e-01   0.0000
  2.19767913e-01   0.0000
 -2.81151116e-01   0.0000
  2.92238116e-01   0.0000
  2.58137494e-01   0.0000
 -6.16524406e-02   0.0000
  6.84658468e-01   0.0000
 -4.68168333e-02   0.0000
  2.52304465e-01   0.0000
 -5.31556308e-01   0.0000
  3.40159267e-01   0.0000
  1.08107187e-01   0.0000
  4.78045225e-01   0.0000
  3.34676176e-01   0.0000
 -2.64344931e-01   0.0000
  5.70469141e-01   0.0000
  2.98965424e-01   0.0000
 -1.99753270e-01   0.0000
  1.23806372e-01   0.0000
  2.98672765e-01   0.0000
 -3.09441864e-01   0.0000
 -4.52739932e-02   0.0000
 -2.56302774e-01   0.0000
 -5.93758225e-01   0.0000
 -5.09359181e-01   0.0000
  7.62104392e-02   0.0000
 -1.11187077e+00   0.0000
  7.87137687e-01   0.0000
  8.77624452e-02   0.0000
  4.08510834e-01   0.0000
 -2.35065386e-01   0.0000
  2.16414168e-01   0.0000
 -2.08399639e-01   0.0000
 -4.47498769e-01   0.0000
 -3.57392758e-01   0.0000
 -7.24169433e-01   0.0000
  1.43283665e-01   0.0000
 -1.51381388e-01   0.0000
  2.19578668e-01   0.0000
 -3.11312258e-01   0.0000
 -4.20258716e-02   0.0000
 -2.22196296e-01   0.0000
  1.55279003e-02   0.0000
  5.94589770e-01   0.0000
  6.72131428e-04   0.0000
 -7.14362711e-02   0.0000
  2.80732244e-01   0.0000
 -2.26746038e-01   0.0000
  1.95876136e-01   0.0000
 -2.86287338e-01   0.0000
 -1.22666750e-02   0.0000
 -8.37682903e-01   0.0000
  4.71095413e-01   0.0000
 -3.69818397e-02   0.0000
 -1.48702219e-01   0.0000
  2.30522856e-01   0.0000
  1.90347686e-01   0.0000
  4.73591149e-01   0.0000
 -5.78015029e-01   0.0000
 -5.24257779e-01   0.0000
  6.71723625e-03   0.0000
 -1.69086441e-01   0.0000
  1.01642825e-01   0.0000
 -2.13847354e-01   0.0000
 -5.17406940e-01   0.0000
 -2.01626405e-01   0.0000
  1.36874020e-01   0.0000
  5.11000037e-01   0.0000
 -3.53029937e-01   0.0000
 -2.05614969e-01   0.0000
  5.18511496e-02   0.0000
  2.93873072e-01   0.0000
 -1.11523926e-01   0.0000
 -1.84510812e-01   0.0000
  2.08475873e-01   0.0000
 -8.99654746e-01   0.0000
  4.39081118e-02   0.0000
 -1.80009782e-01   0.0000
  1.49723679e-01   0.0000
 -1.22529524e-03   0.0000
  1.44019887e-01   0.0000
  4.65157598e-01   0.0000
 -8.40872377e-02   0.0000
 -3.83972675e-01   0.0000
  7.89567530e-02   0.0000
 -4.41629291e-02   0.0000
  3.16909440e-02   0.0000
 -5.15047848e-01   0.0000
 -4.10050780e-01   0.0000
 -2.20208257e-01   0.0000
 -7.41998106e-02   0.0000
  3.43006045e-01   0.0000
 -1.00511322e-02   0.0000
  7.88145587e-02   0.0000
 -5.64692691e-02   0.0000
  1.59952596e-01   0.0000
 -2.41376176e-01   0.0000
 -8.39613304e-02   0.0000
 -5.08687720e-02   0.0000
 -6.92451537e-01   0.0000
  1.55073032e-01   0.0000
 -2.49354661e-01   0.0000
 -9.33101997e-02   0.0000
  1.15276560e-01   0.0000
 -5.70116825e-02   0.0000
  1.03185785e+00   0.0000
 -2.41421744e-01   0.0000
 -8.24480355e-02   0.0000
 -2.69374065e-02   0.0000
 -5.69615602e-01   0.0000
 -1.14516534e-01   0.0000
 -3.49458754e-01   0.0000
 -5.25243163e-01   0.0000
 -1.19343042e-01   0.0000
 -1.90874845e-01   0.0000
  3.74786675e-01   0.0000
 -3.15225750e-01   0.0000
 -1.52693033e-01   0.0000
  1.44769922e-01   0.0000
  4.89622921e-01   0.0000
 -5.21378279e-01   0.0000
 -1.31945744e-01   0.0000
  1.65257618e-01   0.0000
 -5.72510540e-01   0.0000
 -5.86596690e-02   0.0000
 -6.32671773e-01   0.0000
  1.43179595e-01   0.0000
 -1.79852039e-01   0.0000
 -3.77314657e-01   0.0000
  9.86770213e-01   0.0000
  1.63029768e-02   0.0000
  2.65934765e-01   0.0000
  5.94106436e-01   0.0000
 -2.65582442e-01   0.0000
 -5.24863377e-02   0.0000
 -2.94481903e-01   0.0000
  5.07333755e-01   0.0000
  5.35294890e-01   0.0000
 -2.58376021e-02   0.0000
  8.77505690e-02   0.0000
 -3.44338804e-01   0.0000
 -3.00143003e-01   0.0000
  5.36979795e-01   0.0000
  6.26369193e-02   0.0000
 -1.53535545e-01   0.0000
  2.16482937e-01   0.0000
 -3.18244278e-01   0.0000
  1.61278650e-01   0.0000
 -9.57777947e-02   0.0000
  9.72867683e-02   0.0000
 -1.47070587e-01   0.0000
 -2.33525768e-01   0.0000
 -7.96976447e-01   0.0000
  8.58846586e-04   0.0000
 -2.79866308e-01   0.0000
 -1.19287953e-01   0.0000
  4.67547297e-01   0.0000
 -1.31143212e-01   0.0000
  9.80721191e-02   0.0000
 -6.18967116e-01   0.0000
  1.29904598e-01   0.0000
  1.00002714e-01   0.0000
  4.48979288e-02   0.0000
  2.38278672e-01   0.0000
  3.11852962e-01   0.0000
 -1.59218147e-01   0.0000
  4.72984612e-01   0.0000
 -3.02289337e-01   0.0000
  4.98111784e-01   0.0000
  2.99515963e-01   0.0000
 -1.28953174e-01   0.0000
 -1.04296580e-01   0.0000
 -2.08947271e-01   0.0000
  5.87232374e-02   0.0000
 -1.19231693e-01   0.0000
 -2.55525708e-01   0.0000
 -6.85084343e-01   0.0000
 -5.22583246e-01   0.0000
  2.66378492e-01   0.0000
  7.31153548e-01   0.0000
  4.49664928e-02   0.0000
  1.48190513e-01   0.0000
  3.56189519e-01   0.0000
 -1.12131536e+00   0.0000
  1.42637566e-01   0.0000
  6.50174975e-01   0.0000
  2.15206342e-03   0.0000
 -3.49039167e-01   0.0000
 -3.10683697e-01   0.0000
 -3.54487658e-01   0.0000
  2.22544484e-02   0.0000
  6.63594842e-01   0.0000
 -1.82424560e-01   0.0000
 -1.15056716e-01   0.0000
 -3.85488480e-01   0.0000
  1.65767714e-01   0.0000
 -6.91488743e-01   0.0000
  1.52818888e-01   0.0000
 -2.82715797e-01   0.0000
 -2.81968743e-01   0.0000
 -1.02467513e+00   0.0000
  8.18947628e-02   0.0000
 -1.77598417e-01   0.0000
  3.01723480e-01   0.0000
  2.90330172e-01   0.0000
 -1.94753587e-01   0.0000
  5.16290665e-02   0.0000
 -3.64091992e-01   0.0000
 -4.94995385e-01   0.0000
  4.39080060e-01   0.0000
  1.65504128e-01   0.0000
 -9.76752758e-01   0.0000
 -5.74511290e-02   0.0000
 -5.82135499e-01   0.0000
 -2.54723787e-01   0.0000
  5.36385894e-01   0.0000
  1.86638787e-01   0.0000
  1.87652647e-01   0.0000
 -8.63182902e-01   0.0000
  1.82978809e-02   0.0000
 -6.81139708e-01   0.0000
 -4.14819360e-01   0.0000
  3.53675485e-01   0.0000
 -1.10098869e-02   0.0000
 -6.18490398e-01   0.0000
 -3.39260429e-01   0.0000
 -1.80753544e-01   0.0000
  3.09555143e-01   0.0000
  2.80416459e-01   0.0000
 -2.90294170e-01   0.0000
  4.15115416e-01   0.0000
 -8.98193270e-02   0.0000
 -2.16410801e-01   0.0000
  9.99776721e-02   0.0000
 -1.98001787e-02   0.0000
 -8.58704805e-01   0.0000
 -9.01820809e-02   0.0000
 -3.53072584e-01   0.0000
 -6.53286576e-02   0.0000
  4.81958300e-01   0.0000
  3.19480777e-01   0.0000
  1.82110712e-01   0.0000
 -1.12882149e+00   0.0000
 -4.74695951e-01   0.0000
 -1.94234714e-01   0.0000
 -3.11632484e-01   0.0000
 -2.16117762e-02   0.0000
  1.83707461e-01   0.0000
 -5.42935848e-01   0.0000
 -2.05134079e-01   0.0000
  3.82247008e-02   0.0000
  6.07728481e-01   0.0000
  1.98762149e-01   0.0000
 -6.55176878e-01   0.0000
  3.68885607e-01   0.0000
  2.93294549e-01   0.0000
 -1.62258476e-01   0.0000
  5.86700141e-01   0.0000
  1.56589672e-01   0.0000
 -8.62563848e-01   0.0000
 -4.73999113e-01   0.0000
 -6.57056272e-01   0.0000
 -3.84352267e-01   0.0000
  1.34756267e-01   0.0000
  4.64161038e-01   0.0000
 -1.89538911e-01   0.0000
 -1.15316439e+00   0.0000
 -2.75336713e-01   0.0000
 -1.23113677e-01   0.0000
 -5.30851781e-01   0.0000
  1.49100631e-01   0.0000
 -2.51382947e-01   0.0000
 -8.20937335e-01   0.0000
 -5.12102805e-02   0.0000
  1.08599178e-02   0.0000
  2.94290900e-01   0.0000
 -4.73105796e-02   0.0000
 -9.77397803e-03   0.0000
 -2.73756802e-01   0.0000
 -8.89033824e-02   0.0000
  2.52088815e-01   0.0000
  7.12307811e-01   0.0000
 -3.55574667e-01   0.0000
  4.54286098e-01   0.0000
  1.13910772e-01   0.0000
 -3.94540578e-02   0.0000
  5.15213370e-01   0.0000
 -2.47569278e-01   0.0000
  2.92617142e-01   0.0000
 -8.05625841e-02   0.0000
  5.06112814e-01   0.0000
 -6.82451308e-01   0.0000
 -1.54261783e-01   0.0000
 -7.84368813e-01   0.0000
 -4.49010031e-03   0.0000
 -8.79266560e-01   0.0000
 -1.92522645e-01   0.0000
 -7.09380209e-02   0.0000
 -7.14667439e-02   0.0000
  2.46658355e-01   0.0000
  1.79548353e-01   0.0000
  5.20567149e-02   0.0000
 -3.62177193e-01   0.0000
 -9.27522704e-02   0.0000
  3.86865348e-01   0.0000
  1.35901004e-01   0.0000
 -2.78253369e-02   0.0000
  2.30487451e-01   0.0000
  1.06345259e-01   0.0000
 -1.94782913e-01   0.0000
 -3.64063770e-01   0.0000
 -4.65957485e-02   0.0000
 -1.75123557e-01   0.0000
  1.70165777e-01   0.0000
 -6.01611435e-01   0.0000
 -4.11455125e-01   0.0000
  4.06831264e-01   0.0000
 -4.53241855e-01   0.0000
 -3.35105509e-01   0.0000
 -3.70599598e-01   0.0000
  1.37977719e-01   0.0000
  1.61122397e-01   0.0000
  1.50571674e-01   0.0000
 -4.32366729e-01   0.0000
 -3.49631637e-01   0.0000
  3.19694608e-01   0.0000
  1.09082917e-02   0.0000
 -3.11494887e-01   0.0000
 -5.65264225e-01   0.0000
  4.46963519e-01   0.0000
  4.08646405e-01   0.0000
 -1.32366014e+00   0.0000
 -2.06116676e-01   0.0000
 -9.50098559e-02   0.0000
 -5.43191612e-01   0.0000
 -1.21217575e-02   0.0000
 -5.38320661e-01   0.0000
  3.22024077e-01   0.0000
 -4.23481792e-01   0.0000
 -1.49773257e-02   0.0000
  9.64949951e-02   0.0000
 -4.26859468e-01   0.0000
 -7.06006646e-01   0.0000
  5.74621037e-02   0.0000
 -3.13868016e-01   0.0000
  6.57418549e-01   0.0000
 -2.23449856e-01   0.0000
 -3.75114739e-01   0.0000
  1.87090077e-02   0.0000
  1.25182405e-01   0.0000
  1.96998436e-02   0.0000
 -2.02880815e-01   0.0000
 -2.82221645e-01   0.0000
  3.93748790e-01   0.0000
  2.58916020e-01   0.0000
 -7.79724181e-01   0.0000
 -3.88802767e-01   0.0000
 -4.89823490e-01   0.0000
 -5.92198782e-02   0.0000
  2.20315188e-01   0.0000
 -8.45825970e-02   0.0000
  3.34784269e-01   0.0000
 -3.88620079e-01   0.0000
  9.64730009e-02   0.0000
  2.07854390e-01   0.0000
 -5.69331586e-01   0.0000
 -4.32024062e-01   0.0000
  1.66324869e-01   0.0000
 -2.36203253e-01   0.0000
  2.24095389e-01   0.0000
 -2.74558693e-01   0.0000
 -7.24360585e-01   0.0000
 -3.49419788e-02   0.0000
 -2.78251112e-01   0.0000
 -3.17631103e-02   0.0000
  1.32392362e-01   0.0000
 -7.08729506e-01   0.0000
 -9.93678570e-02   0.0000
  7.82496184e-02   0.0000
 -8.08173716e-01   0.0000
 -4.12826061e-01   0.0000
 -5.14488518e-01   0.0000
 -5.00878632e-01   0.0000
  2.90069669e-01   0.0000
 -3.42060924e-02   0.0000
  8.21221322e-02   0.0000
 -5.09408236e-01   0.0000
 -2.78110713e-01   0.0000
  2.69789368e-01   0.0000
 -7.86016464e-01   0.0000
 -6.00372553e-01   0.0000
  9.65543464e-02   0.0000
 -1.26886562e-01   0.0000
  1.29695505e-01   0.0000
 -6.32960141e-01   0.0000
 -7.51948178e-01   0.0000
  1.90985069e-01   0.0000
 -2.62947857e-01   0.0000
 -1.85284615e-01   0.0000
  3.46594006e-01   0.0000
 -1.11993170e+00   0.0000
 -3.02507669e-01   0.0000
 -2.93801665e-01   0.0000
 -5.52864730e-01   0.0000
 -9.67672467e-02   0.0000
 -2.78248459e-01   0.0000
 -4.70859230e-01   0.0000
  3.84842396e-01   0.0000
  4.64075297e-01   0.0000
 -1.77804336e-01   0.0000
 -2.84788579e-01   0.0000
 -3.29705507e-01   0.0000
 -5.81823289e-02   0.0000
 -8.35899770e-01   0.0000
 -3.08573693e-01   0.0000
 -5.36568582e-01   0.0000
  5.33498824e-02   0.0000
 -4.58029836e-01   0.0000
  3.50521468e-02   0.0000
  1.52346184e-02   0.0000
  3.13995719e-01   0.0000
 -1.44445091e-01   0.0000
 -1.84490308e-01   0.0000
  7.99259394e-02   0.0000
 -4.35699433e-01   0.0000
  8.08901638e-02   0.0000
  1.13843068e-01   0.0000
  4.69564833e-02   0.0000
 -3.70595157e-01   0.0000
  4.72625136e-01   0.0000
 -1.50039405e-01   0.0000
  6.24265611e-01   0.0000
  2.16512591e-01   0.0000
 -8.01184654e-01   0.0000
 -1.47098318e-01   0.0000
 -2.04378247e-01   0.0000
 -8.06023329e-02   0.0000
 -5.65413058e-01   0.0000
 -1.11268759e-02   0.0000
 -3.71864289e-01   0.0000
  2.02241242e-01   0.0000
  1.96052060e-01   0.0000
  6.08853400e-01   0.0000
 -6.81458712e-02   0.0000
  4.26266462e-01   0.0000
  4.42608356e-01   0.0000
 -5.04469037e-01   0.0000
 -1.71261474e-01   0.0000
 -1.64827153e-01   0.0000
 -2.84411907e-01   0.0000
 -1.31128728e-01   0.0000
  5.32315731e-01   0.0000
 -1.52631402e-01   0.0000
  2.27510352e-02   0.0000
  2.72262543e-01   0.0000
  3.00445914e-01   0.0000
 -2.57598341e-01   0.0000
 -6.35631680e-01   0.0000
 -2.87544906e-01   0.0000
  1.82681650e-01   0.0000
 -1.11596510e-02   0.0000
 -3.25274110e-01   0.0000
 -1.11297511e-01   0.0000
  1.42874867e-01   0.0000
  1.71499714e-01   0.0000
  4.22791630e-01   0.0000
  4.31148052e-01   0.0000
 -1.41576109e-02   0.0000
  1.51553676e-01   0.0000
  1.28755033e+00   0.0000
 -3.80120464e-02   0.0000
 -8.72404695e-01   0.0000
  6.73889399e-01   0.0000
 -2.64972568e-01   0.0000
  7.06869781e-01   0.0000
 -1.70471519e-01   0.0000
 -2.48179197e-01   0.0000
 -3.58321518e-01   0.0000
  2.49659523e-01   0.0000
  7.92706013e-01   0.0000
 -1.80288994e+00   0.0000
  4.92242634e-01   0.0000
 -4.89597738e-01   0.0000
  3.91930103e-01   0.0000
  4.01290469e-02   0.0000
  1.15104961e+00   0.0000
 -3.11181337e-01   0.0000
  8.38691354e-01   0.0000
 -4.29057777e-01   0.0000
  1.19929790e+00   0.0000
 -3.78960162e-01   0.0000
 -1.75813764e-01   0.0000
 -3.58952016e-01   0.0000
 -3.51304002e-02   0.0000
 -1.84857026e-01   0.0000
 -2.19662577e-01   0.0000
 -3.74353379e-01   0.0000
 -5.37842453e-01   0.0000
  9.20682177e-02   0.0000
 -2.26926982e-01   0.0000
 -2.68032044e-01   0.0000
 -3.09590608e-01   0.0000
  4.32613611e-01   0.0000
  4.12202775e-01   0.0000
  2.99575001e-01   0.0000
  1.42757192e-01   0.0000
 -2.39517000e-02   0.0000
  9.90222022e-02   0.0000
  8.78014565e-02   0.0000
  7.12943673e-01   0.0000
  5.19252419e-01   0.0000
  5.49704313e-01   0.0000
  1.59621209e-01   0.0000
  4.98391509e-01   0.0000
 -8.66870046e-01   0.0000
  5.23896217e-01   0.0000
 -4.49481249e-01   0.0000
 -6.24782622e-01   0.0000
  1.61506221e-01   0.0000
  3.84507924e-01   0.0000
 -5.97843289e-01   0.0000
 -8.09510827e-01   0.0000
 -2.14650258e-01   0.0000
 -4.54706639e-01   0.0000
  1.77956987e-02   0.0000
  1.02013834e-02   0.0000
  4.05194521e-01   0.0000
  4.86244529e-01   0.0000
  6.26269102e-01   0.0000
  6.28014505e-02   0.0000
  2.30939731e-01   0.0000
  4.26683843e-01   0.0000
 -1.80258043e-02   0.0000
  2.14887366e-01   0.0000
  6.86617017e-01   0.0000
  1.96500868e-01   0.0000
  2.38800049e-01   0.0000
 -4.10026200e-02   0.0000
 -7.94671118e-01   0.0000
  1.25095105e+00   0.0000
 -8.33185971e-01   0.0000
 -9.02913809e-01   0.0000
  7.11015165e-02   0.0000
 -2.17736204e-04   0.0000
 -9.51816082e-01   0.0000
 -9.74600196e-01   0.0000
 -6.96053028e-01   0.0000
 -1.99947670e-01   0.0000
 -5.26975915e-02   0.0000
 -1.71096459e-01   0.0000
 -9.90528390e-02   0.0000
  4.10567284e-01   0.0000
  2.93673337e-01   0.0000
  8.59053954e-02   0.0000
 -3.12628627e-01   0.0000
  9.65916932e-01   0.0000
  5.80459647e-02   0.0000
  4.72513676e-01   0.0000
  3.09968680e-01   0.0000
 -6.42427281e-02   0.0000
  5.88102043e-02   0.0000
 -3.79978240e-01   0.0000
  4.12991554e-01   0.0000
  1.48644015e-01   0.0000
 -1.96320608e-01   0.0000
 -1.68127626e-01   0.0000
 -1.56633556e-01   0.0000
  2.08285913e-01   0.0000
 -3.06155682e-01   0.0000
 -5.18831611e-01   0.0000
 -5.23040108e-02   0.0000
 -7.68903673e-01   0.0000
  4.73424271e-02   0.0000
  3.21619272e-01   0.0000
  3.40518266e-01   0.0000
  3.06253016e-01   0.0000
 -1.16490304e-01   0.0000
 -7.28294373e-01   0.0000
  4.82921183e-01   0.0000
 -2.17544347e-01   0.0000
  2.38340795e-01   0.0000
 -1.86363161e-01   0.0000
 -9.90075544e-02   0.0000
  6.98190510e-01   0.0000
 -2.92285860e-01   0.0000
  9.20897815e-03   0.0000
  1.01277880e-01   0.0000
  5.65233268e-02   0.0000
 -1.91908255e-01   0.0000
  1.77348226e-01   0.0000
  4.15612161e-02   0.0000
  2.00422421e-01   0.0000
  1.52598560e-01   0.0000
  2.56230105e-02   0.0000
 -3.16794187e-01   0.0000
 -1.11517526e-01   0.0000
  5.03901206e-02   0.0000
  3.16815555e-01   0.0000
  4.98032033e-01   0.0000
  1.36335701e-01   0.0000
 -2.12799042e-01   0.0000
 -7.33839095e-01   0.0000
  2.37587124e-01   0.0000
 -3.01583260e-01   0.0000
 -6.99819505e-01   0.0000
  2.88202286e-01   0.0000
 -8.51092517e-01   0.0000
  5.36518812e-01   0.0000
 -9.05611739e-02   0.0000
 -1.73957437e-01   0.0000
 -8.36307704e-01   0.0000
  7.45322347e-01   0.0000
 -8.85451436e-01   0.0000
 -1.25452411e+00   0.0000
 -5.31211138e-01   0.0000
  8.08220387e-01   0.0000
 -2.21796304e-01   0.0000
 -6.75280035e-01   0.0000
 -7.11796105e-01   0.0000
  2.40855828e-01   0.0000
  8.70282412e-01   0.0000
  1.60951197e-01   0.0000
  2.07207370e+00   0.0000
 -5.77536523e-01   0.0000
  1.21207096e-01   0.0000
  3.45277756e-01   0.0000
  1.03746998e+00   0.0000
  7.40437269e-01   0.0000
 -4.02286559e-01   0.0000
  5.17039478e-01   0.0000
  4.89101589e-01   0.0000
 -7.28846371e-01   0.0000
  1.00008619e+00   0.0000
  4.40391868e-01   0.0000
  5.66692948e-01   0.0000
  5.36259934e-02   0.0000
  5.29277362e-02   0.0000
 -3.75576317e-01   0.0000
 -1.20244525e-01   0.0000
 -1.69295087e-01   0.0000
  4.37753022e-01   0.0000
  6.71748519e-01   0.0000
 -9.38806683e-02   0.0000
  2.90146261e-01   0.0000
  1.20017588e+00   0.0000
  7.65402764e-02   0.0000
 -2.78409064e-01   0.0000
  5.00859857e-01   0.0000
 -1.55315161e-01   0.0000
 -3.69165152e-01   0.0000
 -1.13712810e-01   0.0000
  3.02503943e-01   0.0000
  1.96246162e-01   0.0000
  1.14239669e+00   0.0000
  6.80221915e-01   0.0000
 -3.37425321e-01   0.0000
 -4.55330372e-01   0.0000
 -7.14096904e-01   0.0000
  6.85623467e-01   0.0000
  1.16847299e-01   0.0000
  2.07864270e-01   0.0000
 -5.15818238e-01   0.0000
 -6.55174613e-01   0.0000
 -1.65134075e-03   0.0000
  2.16722548e-01   0.0000
  3.26935768e-01   0.0000
  5.55540770e-02   0.0000
  4.09640698e-03   0.0000
  4.79745239e-01   0.0000
  1.38092965e-01   0.0000
 -3.08902532e-01   0.0000
  1.64298996e-01   0.0000
 -3.36365014e-01   0.0000
 -1.05260804e-01   0.0000
 -1.75984800e-01   0.0000
 -1.55110523e-01   0.0000
  1.47137316e-02   0.0000
  3.08574080e-01   0.0000
  5.01943409e-01   0.0000
 -7.74183154e-01   0.0000
 -3.21995944e-01   0.0000
 -4.05465126e-01   0.0000
  5.27058482e-01   0.0000
  1.03661053e-01   0.0000
  2.83899486e-01   0.0000
  4.13742959e-01   0.0000
  6.25507534e-01   0.0000
  4.12895121e-02   0.0000
 -2.63691749e-02   0.0000
  5.85343421e-01   0.0000
 -9.99341831e-02   0.0000
 -3.40543538e-01   0.0000
  1.32584378e-01   0.0000
  1.27528131e-01   0.0000
  1.00938156e-01   0.0000
 -3.53476822e-01   0.0000
  3.45514953e-01   0.0000
  3.83502059e-02   0.0000
  2.93729510e-02   0.0000
 -6.40859380e-02   0.0000
  1.65166497e-01   0.0000
 -2.07990557e-02   0.0000
  5.85028946e-01   0.0000
  5.17929971e-01   0.0000
  3.00038397e-01   0.0000
  1.27321659e-02   0.0000
  7.23914564e-01   0.0000
  3.71010602e-01   0.0000
  8.98912698e-02   0.0000
  2.57489622e-01   0.0000
  2.25520894e-01   0.0000
 -2.46075392e-01   0.0000
  7.06809521e-01   0.0000
  1.02825475e+00   0.0000
  4.03865457e-01   0.0000
 -3.19599211e-02   0.0000
  1.42855370e+00   0.0000
 -7.85795599e-02   0.0000
  1.91120669e-01   0.0000
 -4.44750875e-01   0.0000
 -1.13923624e-02   0.0000
  3.01041324e-02   0.0000
 -5.89127243e-01   0.0000
 -2.59686470e-01   0.0000
 -2.06685007e-01   0.0000
  1.64359820e+00   0.0000
  1.11510921e+00   0.0000
  3.85406315e-01   0.0000
 -2.15715705e-03   0.0000
 -1.55223966e+00   0.0000
 -9.38187465e-02   0.0000
  5.69925122e-02   0.0000
 -2.57786721e-01   0.0000
  5.31306684e-01   0.0000
  7.80209720e-01   0.0000
  2.91263342e-01   0.0000
  1.78776663e-02   0.0000
 -2.82079518e-01   0.0000
  7.25120723e-01   0.0000
  1.29685655e-01   0.0000
 -1.69827804e-01   0.0000
 -1.66171923e-01   0.0000
  1.38293430e-01   0.0000
  6.61140308e-02   0.0000
  2.65768975e-01   0.0000
  1.40349135e-01   0.0000
  3.50911438e-01   0.0000
  2.23158114e-02   0.0000
  1.14282630e-01   0.0000
  1.83067247e-01   0.0000
 -6.29174352e-01   0.0000
 -2.79396828e-02   0.0000
  2.50045449e-01   0.0000
 -2.12031789e-02   0.0000
 -5.51249385e-01   0.0000
 -2.99720377e-01   0.0000
 -5.03429234e-01   0.0000
 -7.32749403e-01   0.0000
  1.24405185e-02   0.0000
 -3.97249013e-01   0.0000
 -1.46782920e-01   0.0000
 -5.14916897e-01   0.0000
  1.33660138e-01   0.0000
  2.83082455e-01   0.0000
 -1.30314887e+00   0.0000
  1.83168650e-01   0.0000
 -3.43593843e-02   0.0000
 -1.70723140e-01   0.0000
 -4.32783067e-01   0.0000
  1.50607461e-02   0.0000
 -4.38218117e-02   0.0000
  1.07349016e-01   0.0000
  8.34247619e-02   0.0000
 -1.27404284e+00   0.0000
 -7.02507138e-01   0.0000
 -6.62753806e-02   0.0000
 -3.61230932e-02   0.0000
  6.26543522e-01   0.0000
  8.08623850e-01   0.0000
 -1.27263367e-02   0.0000
  1.84186220e-01   0.0000
 -2.24125251e-01   0.0000
 -4.13163453e-01   0.0000
 -1.68914869e-02   0.0000
  4.05306965e-01   0.0000
  7.51820624e-01   0.0000
 -8.43614992e-03   0.0000
  3.15940976e-02   0.0000
  1.13016951e+00   0.0000
 -6.47003129e-02   0.0000
  1.10028923e-01   0.0000
  2.13370517e-01   0.0000
 -1.52606279e-01   0.0000
 -4.25017178e-02   0.0000
  1.54809624e-01   0.0000
  5.99662326e-02   0.0000
  4.52020243e-02   0.0000
  1.20725548e+00   0.0000
  7.68879294e-01   0.0000
  1.18479645e-02   0.0000
 -5.53334616e-02   0.0000
 -8.68778944e-01   0.0000
  2.59518802e-01   0.0000
  3.12003165e-01   0.0000
  1.83914572e-01   0.0000
  6.53286427e-02   0.0000
  2.50017822e-01   0.0000
  5.91938794e-02   0.0000
  4.38730538e-01   0.0000
  3.88243169e-01   0.0000
  8.00938964e-01   0.0000
 -3.41013700e-01   0.0000
  9.98235583e-01   0.0000
 -4.67843801e-01   0.0000
  1.62746713e-01   0.0000
 -3.56091075e-02   0.0000
  6.41334951e-02   0.0000
  1.47593036e-01   0.0000
 -2.74874102e-02   0.0000
 -4.69091475e-01   0.0000
  1.21407546e-01   0.0000
  9.40939248e-01   0.0000
  8.16051424e-01   0.0000
 -1.89959466e-01   0.0000
  2.89596885e-01   0.0000
 -4.92768288e-01   0.0000
  5.87567568e-01   0.0000
 -2.58370876e-01   0.0000
  1.22414045e-02   0.0000
  2.43322223e-01   0.0000
 -1.32632181e-01   0.0000
 -2.22690105e-01   0.0000
  5.95785439e-01   0.0000
  6.36336505e-01   0.0000
  2.60738254e-01   0.0000
  8.44134614e-02   0.0000
  9.50001180e-01   0.0000
 -1.85666591e-01   0.0000
  1.30485833e-01   0.0000
 -4.49830890e-02   0.0000
 -6.89156260e-03   0.0000
 -1.83687270e-01   0.0000
 -2.06429720e-01   0.0000
  1.79346606e-01   0.0000
 -1.53209656e-01   0.0000
  8.28770876e-01   0.0000
  6.76134467e-01   0.0000
  1.26524016e-01   0.0000
  9.42509696e-02   0.0000
 -1.02518940e+00   0.0000
  4.29575026e-01   0.0000
  1.03565708e-01   0.0000
  1.82932556e-01   0.0000
 -5.61837614e-01   0.0000
 -4.02378649e-01   0.0000
 -1.85937256e-01   0.0000
  2.04739556e-01   0.0000
  6.91772282e-01   0.0000
  8.22298303e-02   0.0000
 -7.20025748e-02   0.0000
  7.54045486e-01   0.0000
 -5.14526904e-01   0.0000
 -2.55432546e-01   0.0000
  7.74761215e-02   0.0000
 -7.15156496e-02   0.0000
  1.11341923e-01   0.0000
 -2.06600755e-01   0.0000
 -1.83260173e-01   0.0000
 -2.46099174e-01   0.0000
  8.48917603e-01   0.0000
  6.37253106e-01   0.0000
 -2.47007802e-01   0.0000
 -1.18889309e-01   0.0000
 -2.93011844e-01   0.0000
 -7.34708011e-01   0.0000
 -2.62631327e-01   0.0000
 -1.46021202e-01   0.0000
  5.26300013e-01   0.0000
 -1.47240236e-01   0.0000
  1.01226466e-02   0.0000
 -6.90552354e-01   0.0000
 -9.19989824e-01   0.0000
 -8.55800152e-01   0.0000
  4.11461294e-01   0.0000
 -1.11584258e+00   0.0000
  1.32039059e-02   0.0000
  1.73954919e-01   0.0000
  1.78634852e-01   0.0000
 -7.14139938e-02   0.0000
 -7.91995972e-02   0.0000
 -3.54499847e-01   0.0000
  5.01039848e-02   0.0000
  1.71908438e-01   0.0000
 -6.59926951e-01   0.0000
 -8.94228578e-01   0.0000
  4.84593570e-01   0.0000
  2.41414949e-01   0.0000
  5.90223074e-01   0.0000
 -4.33800966e-01   0.0000
 -1.39942303e-01   0.0000
 -1.95659921e-02   0.0000
 -9.21183825e-03   0.0000
 -1.05815969e-01   0.0000
 -9.55755487e-02   0.0000
 -5.76478958e-01   0.0000
 -6.94804490e-01   0.0000
 -3.70900065e-01   0.0000
  2.81083047e-01   0.0000
 -5.67226171e-01   0.0000
  2.20503956e-02   0.0000
 -3.20871353e-01   0.0000
  1.18480563e-01   0.0000
  5.59062585e-02   0.0000
 -1.89436868e-01   0.0000
 -1.02555444e-02   0.0000
  2.12926596e-01   0.0000
  9.80143771e-02   0.0000
 -4.51051027e-01   0.0000
 -5.72813511e-01   0.0000
 -3.53955537e-01   0.0000
 -2.33069301e-01   0.0000
  5.97592413e-01   0.0000
 -6.17636740e-01   0.0000
 -3.80512685e-01   0.0000
 -4.66117859e-01   0.0000
 -3.66921037e-01   0.0000
 -1.38521028e+00   0.0000
 -4.39083278e-01   0.0000
 -4.80658233e-01   0.0000
 -8.10071647e-01   0.0000
 -2.17009291e-01   0.0000
  5.17730057e-01   0.0000
 -1.28391182e+00   0.0000
  2.56538135e-03   0.0000
 -3.54113758e-01   0.0000
  4.61922027e-02   0.0000
  1.85899511e-02   0.0000
 -3.46421182e-01   0.0000
  6.93646744e-02   0.0000
  2.48387113e-01   0.0000
 -1.00868195e-01   0.0000
 -9.26771462e-01   0.0000
 -1.38377023e+00   0.0000
 -1.61574975e-01   0.0000
 -4.62028056e-01   0.0000
  6.45768106e-01   0.0000
  3.18378121e-01   0.0000
  4.01767194e-01   0.0000
  1.00628115e-01   0.0000
  2.22280189e-01   0.0000
  3.53196204e-01   0.0000
  2.56386459e-01   0.0000
 -4.23405558e-01   0.0000
  2.85273790e-01   0.0000
 -8.72073531e-01   0.0000
 -4.19535004e-02   0.0000
 -4.87094045e-01   0.0000
 -5.64470002e-03   0.0000
  1.70953080e-01   0.0000
 -2.05554008e-01   0.0000
  2.15512976e-01   0.0000
  1.80306181e-01   0.0000
 -3.79115224e-01   0.0000
 -9.20471177e-02   0.0000
 -6.60062879e-02   0.0000
 -3.10864985e-01   0.0000
  1.43528387e-01   0.0000
  5.71515448e-02   0.0000
 -2.49589258e-03   0.0000
  5.13970442e-02   0.0000
 -7.45031536e-01   0.0000
 -9.43521187e-02   0.0000
  1.16423033e-02   0.0000
  9.36226360e-03   0.0000
  4.05195296e-01   0.0000
  2.83200536e-02   0.0000
 -7.69669235e-01   0.0000
 -5.87508798e-01   0.0000
 -1.88418329e-01   0.0000
 -1.74105123e-01   0.0000
 -1.13806677e+00   0.0000
  3.42514098e-01   0.0000
  5.47835886e-01   0.0000
 -5.55006266e-01   0.0000
 -1.82965249e-02   0.0000
  1.16361894e-01   0.0000
 -6.49259448e-01   0.0000
 -2.52320439e-01   0.0000
 -1.40835056e-02   0.0000
 -1.74647915e+00   0.0000
 -3.40834796e-01   0.0000
  2.13324025e-01   0.0000
  7.44033083e-02   0.0000
  1.63451755e+00   0.0000
  1.04840279e-01   0.0000
 -2.25326896e-01   0.0000
 -1.90302834e-01   0.0000
 -4.40769732e-01   0.0000
  2.86408424e-01   0.0000
 -1.75114349e-01   0.0000
  2.74643987e-01   0.0000
 -2.05295328e-02   0.0000
  5.90462863e-01   0.0000
  2.44949743e-01   0.0000
 -4.16879132e-02   0.0000
 -3.81679237e-01   0.0000
  1.34883657e-01   0.0000
 -6.91952929e-02   0.0000
 -3.53161067e-01   0.0000
 -1.12145141e-01   0.0000
 -4.16955292e-01   0.0000
  2.71677673e-01   0.0000
 -6.93471287e-04   0.0000
  4.55607831e-01   0.0000
  3.26429576e-01   0.0000
  3.43493253e-01   0.0000
 -3.22530419e-02   0.0000
 -4.11203176e-01   0.0000
 -9.18014288e-01   0.0000
 -2.46137947e-01   0.0000
 -3.85887176e-01   0.0000
 -3.39440644e-01   0.0000
 -3.12236786e-01   0.0000
 -4.85830568e-02   0.0000
 -6.01452827e-01   0.0000
 -1.07727897e+00   0.0000
 -6.06755733e-01   0.0000
  5.27813077e-01   0.0000
 -1.57668471e+00   0.0000
  3.02124202e-01   0.0000
 -1.85303390e-01   0.0000
  4.59648311e-01   0.0000
 -2.03825057e-01   0.0000
 -2.25472227e-02   0.0000
  2.88824230e-01   0.0000
  2.50034839e-01   0.0000
 -7.50919525e-03   0.0000
 -1.25451446e+00   0.0000
 -1.15621269e+00   0.0000
 -1.13585182e-01   0.0000
 -3.01684380e-01   0.0000
  7.49306679e-01   0.0000
 -4.70265388e-01   0.0000
 -2.48783603e-01   0.0000
 -9.27754268e-02   0.0000
 -1.02999032e+00   0.0000
 -5.07983983e-01   0.0000
 -1.39922261e-01   0.0000
  1.04838572e-02   0.0000
 -5.83705008e-01   0.0000
  3.50982577e-01   0.0000
 -3.01473346e-02   0.0000
 -1.32659614e-01   0.0000
 -2.58571446e-01   0.0000
 -5.76689124e-01   0.0000
 -8.52676108e-02   0.0000
 -1.35854900e-01   0.0000
 -2.94246748e-02   0.0000
 -1.47933528e-01   0.0000
  4.29575592e-02   0.0000
  1.74172148e-01   0.0000
  2.95073569e-01   0.0000
 -5.90335011e-01   0.0000
 -7.62887061e-01   0.0000
 -2.54997492e-01   0.0000
 -2.56262124e-01   0.0000
  1.89878479e-01   0.0000
  2.69431956e-02   0.0000
 -1.21754631e-01   0.0000
  5.67519628e-02   0.0000
  1.06902011e-01   0.0000
 -1.97195992e-01   0.0000
 -5.77521205e-01   0.0000
  3.84289831e-01   0.0000
 -1.19927967e+00   0.0000
  7.09593222e-02   0.0000
  2.99640477e-01   0.0000
  4.05386835e-01   0.0000
  2.63184249e-01   0.0000
 -2.35543147e-01   0.0000
  1.95775405e-01   0.0000
  2.42641285e-01   0.0000
 -3.79930913e-01   0.0000
 -1.37944296e-01   0.0000
  2.34541185e-02   0.0000
 -6.75941780e-02   0.0000
  7.22987235e-01   0.0000
  6.55069590e-01   0.0000
 -2.91834027e-02   0.0000
  3.76427352e-01   0.0000
  2.61066169e-01   0.0000
 -3.89138646e-02   0.0000
  9.22977626e-02   0.0000
 -4.49695408e-01   0.0000
 -4.07747179e-01   0.0000
 -4.32511151e-01   0.0000
  1.53960362e-01   0.0000
  4.66303796e-01   0.0000
 -2.30492651e-02   0.0000
  5.11666872e-02   0.0000
  4.42660928e-01   0.0000
  1.27688378e-01   0.0000
 -2.21753016e-01   0.0000
  3.37630153e-01   0.0000
 -2.05632880e-01   0.0000
 -7.55687850e-03   0.0000
 -3.56315868e-03   0.0000
  1.21485859e-01   0.0000
 -1.67472307e-02   0.0000
  1.20025623e+00   0.0000
  1.43946886e-01   0.0000
 -2.14145347e-01   0.0000
 -3.86079967e-01   0.0000
 -6.76210821e-01   0.0000
 -6.84247673e-01   0.0000
 -1.12385258e-01   0.0000
 -4.63000000e-01   0.0000
  8.80505219e-02   0.0000
 -9.13689286e-02   0.0000
 -2.83097684e-01   0.0000
 -3.24865371e-01   0.0000
 -6.79357648e-01   0.0000
  2.40173154e-02   0.0000
  1.84419632e-01   0.0000
 -1.60258567e+00   0.0000
  2.75830850e-02   0.0000
  9.73357856e-02   0.0000
  3.41354385e-02   0.0000
  1.03980422e-01   0.0000
 -3.13147366e-01   0.0000
  7.60833547e-02   0.0000
  5.02067447e-01   0.0000
 -6.76655248e-02   0.0000
 -1.68016708e+00   0.0000
 -1.22694588e+00   0.0000
  1.27688542e-01   0.0000
 -1.95034966e-01   0.0000
  6.93008602e-01   0.0000
  9.31413993e-02   0.0000
  1.71318695e-01   0.0000
  1.92633301e-01   0.0000
  1.15818359e-01   0.0000
  3.95460457e-01   0.0000
  1.99126840e-01   0.0000
  2.47263968e-01   0.0000
  3.23982149e-01   0.0000
 -1.00578606e-01   0.0000
  7.42858350e-02   0.0000
  7.55079508e-01   0.0000
  1.59107983e-01   0.0000
 -2.46947967e-02   0.0000
 -2.92123314e-02   0.0000
  2.30941139e-02   0.0000
  2.37940580e-01   0.0000
 -1.88660398e-01   0.0000
  1.69319704e-01   0.0000
 -6.62935972e-02   0.0000
  5.80761671e-01   0.0000
  4.20048416e-01   0.0000
  2.49958336e-01   0.0000
 -5.95954098e-02   0.0000
 -4.38112080e-01   0.0000
 -8.71376574e-01   0.0000
  7.48833362e-03   0.0000
 -1.10665470e-01   0.0000
 -5.57434916e-01   0.0000
  1.48808267e-02   0.0000
 -1.38560474e-01   0.0000
 -3.19288820e-01   0.0000
 -8.10759604e-01   0.0000
 -4.21402484e-01   0.0000
 -1.28208950e-01   0.0000
 -1.24812198e+00   0.0000
  5.03615886e-02   0.0000
  9.94664729e-02   0.0000
 -8.89602974e-02   0.0000
 -1.22337341e-01   0.0000
 -1.60942554e-01   0.0000
 -5.01186609e-01   0.0000
  2.35439148e-02   0.0000
  7.33106509e-02   0.0000
 -7.03143895e-01   0.0000
 -9.45957720e-01   0.0000
  1.67683885e-02   0.0000
 -6.77531734e-02   0.0000
  8.70365381e-01   0.0000
 -5.20155393e-02   0.0000
 -1.13124521e-02   0.0000
  1.51644737e-01   0.0000
 -5.76519728e-01   0.0000
 -4.60577279e-01   0.0000
 -3.09387028e-01   0.0000
  4.43396658e-01   0.0000
 -2.71807671e-01   0.0000
  1.84622183e-01   0.0000
  1.28650635e-01   0.0000
  5.03776252e-01   0.0000
 -6.62992224e-02   0.0000
 -3.76846313e-01   0.0000
  3.94070625e-01   0.0000
  4.55611497e-02   0.0000
 -2.00482756e-02   0.0000
  1.82452634e-01   0.0000
  5.62152378e-02   0.0000
 -7.32410699e-02   0.0000
  1.15610611e+00   0.0000
 -1.05983339e-01   0.0000
 -4.30760145e-01   0.0000
 -3.40121567e-01   0.0000
 -6.35888577e-01   0.0000
 -2.51706433e+00   0.0000
 -4.14757347e+00   0.0000
 -2.62007356e+00   0.0000
 -8.27908099e-01   0.0000
 -3.07665467e+00   0.0000
 -2.35047626e+00   0.0000
 -1.21187437e+00   0.0000
 -3.64691997e+00   0.0000
 -4.13573146e-01   0.0000
  3.78615928e+00   0.0000
 -3.52175212e+00   0.0000
  1.08646309e+00   0.0000
 -2.10120225e+00   0.0000
  3.38347816e+00   0.0000
 -1.99604285e+00   0.0000
 -1.63286805e+00   0.0000
  2.07164526e+00   0.0000
  4.70442867e+00   0.0000
  1.37308717e+00   0.0000
 -2.79018736e+00   0.0000
 -4.22646284e+00   0.0000
 -7.58107901e-01   0.0000
 -2.79068017e+00   0.0000
  1.99037826e+00   0.0000
  2.54841995e+00   0.0000
 -8.02382648e-01   0.0000
  7.96174049e-01   0.0000
 -2.26682305e+00   0.0000
 -4.59391928e+00   0.0000
 -2.01499844e+00   0.0000
  2.14290237e+00   0.0000
  3.33433461e+00   0.0000
  3.00579739e+00   0.0000
  6.07193634e-03   0.0000
  5.78548861e+00   0.0000
 -8.60542595e-01   0.0000
 -2.90508413e+00   0.0000
  4.08769369e+00   0.0000
 -1.95306933e+00   0.0000
 -1.22938526e+00   0.0000
  2.02531886e+00   0.0000
 -8.95730257e-02   0.0000
  6.80371299e-02   0.0000
  5.59885073e+00   0.0000
  4.28287649e+00   0.0000
 -2.11687851e+00   0.0000
 -1.66692817e+00   0.0000
 -3.90952349e+00   0.0000
  0.00000000e+00   0.0000

