 5 0.000000 1
 1 
 Si 28.085500
 0 0.250001 4.500000 0.978124 1.000000 
 4 0 1 2 3
 8 2.00000 2.20000 2.40000 2.60000 2.80000 3.00000 3.25000 3.50000
 1 12.169200 6.172630 3.114710 0.755675 0.404939 0.036124 0.650018 0.572890
 4 32 32 32 1
 -2.32419163e-01   0.0000
  3.82893458e-02   0.0000
 -1.04397678e+00   0.0000
 -9.82669182e-03   0.0000
 -1.30230618e+00   0.0000
  3.10888022e-01   0.0000
  4.51974720e-02   0.0000
  1.67505140e-03   0.0000
  7.76665360e-02   0.0000
 -7.32980145e-04   0.0000
 -9.42834079e-01   0.0000
  2.05571795e+00   0.0000
  7.61036761e-03   0.0000
  4.09560859e-01   0.0000
 -4.98522725e-03   0.0000
 -1.32612085e+00   0.0000
  3.11979707e-02   0.0000
  1.08637922e-01   0.0000
  2.99046026e-03   0.0000
  1.88812390e-01   0.0000
 -1.30310774e+00   0.0000
  2.07132030e+00   0.0000
  5.43065786e-01   0.0000
  2.44755223e-02   0.0000
  5.13271809e-01   0.0000
 -9.71965134e-01   0.0000
  8.09041504e-03   0.0000
  6.54006064e-01   0.0000
  1.08452998e-01   0.0000
 -2.76488066e-01   0.0000
 -1.11045098e+00   0.0000
  3.09836209e-01   0.0000
 -6.61931261e-02   0.0000
  3.06294113e-03   0.0000
 -4.42427546e-01   0.0000
 -1.07511664e-02   0.0000
 -1.24902986e-01   0.0000
  2.89280772e-01   0.0000
  3.37225199e-02   0.0000
 -6.35088757e-02   0.0000
  1.00531533e-01   0.0000
  9.37136170e-03   0.0000
 -7.79933035e-01   0.0000
  1.07220030e+00   0.0000
 -6.55073533e-03   0.0000
 -1.72566250e-01   0.0000
 -6.61346242e-02   0.0000
  3.22727770e-01   0.0000
  1.55581869e-02   0.0000
 -1.77564576e-01   0.0000
  1.52762294e-01   0.0000
  2.23403201e-02   0.0000
 -1.20789468e+00   0.0000
  1.55292177e+00   0.0000
  7.05691054e-02   0.0000
  1.19006680e-02   0.0000
  4.27100480e-01   0.0000
 -7.51137018e-01   0.0000
 -7.96652660e-02   0.0000
  3.84751052e-01   0.0000
  1.04382463e-01   0.0000
 -5.32719016e-01   0.0000
 -4.52183008e-01   0.0000
 -2.45324641e-01   0.0000
 -3.73925388e-01   0.0000
  2.68857684e-02   0.0000
 -5.04852712e-01   0.0000
  4.87964181e-03   0.0000
  4.02652770e-01   0.0000
  2.89935350e-01   0.0000
  3.49401087e-02   0.0000
 -8.87357369e-02   0.0000
  6.84334934e-02   0.0000
  2.00283706e-01   0.0000
 -4.65058833e-01   0.0000
  2.33199909e-01   0.0000
 -1.54720232e-01   0.0000
 -4.82783824e-01   0.0000
 -7.97201246e-02   0.0000
  7.43388176e-01   0.0000
  6.18189340e-03   0.0000
 -5.10051847e-01   0.0000
  1.46785811e-01   0.0000
 -5.04920222e-02   0.0000
 -8.45526099e-01   0.0000
  1.23882735e+00   0.0000
 -2.64719248e-01   0.0000
 -9.89721622e-04   0.0000
  1.92578912e-01   0.0000
 -4.90455598e-01   0.0000
 -5.57330027e-02   0.0000
  2.53059417e-01   0.0000
  3.81660759e-02   0.0000
 -6.67644799e-01   0.0000
  7.98327476e-02   0.0000
 -6.40140474e-01   0.0000
 -5.82812369e-01   0.0000
  8.16910341e-02   0.0000
 -5.08366823e-01   0.0000
  1.16053876e-02   0.0000
  7.13163733e-01   0.0000
  2.11572990e-01   0.0000
  9.81667638e-02   0.0000
 -1.65367246e-01   0.0000
  1.34784073e-01   0.0000
  2.08982363e-01   0.0000
 -3.23786944e-01   0.0000
 -2.49902070e-01   0.0000
 -1.23436220e-01   0.0000
 -6.24794900e-01   0.0000
 -1.77785933e-01   0.0000
  6.46163702e-01   0.0000
 -1.30944744e-01   0.0000
 -7.41758525e-01   0.0000
  2.53657967e-01   0.0000
 -1.45258859e-01   0.0000
 -4.09079731e-01   0.0000
  9.50026274e-01   0.0000
 -4.60391909e-01   0.0000
 -1.32409588e-01   0.0000
  5.49419411e-02   0.0000
 -1.21277437e-01   0.0000
 -6.63052946e-02   0.0000
  1.68933496e-01   0.0000
  5.51079772e-03   0.0000
 -8.22394729e-01   0.0000
  2.90606499e-01   0.0000
 -7.99507201e-01   0.0000
 -4.84406799e-01   0.0000
  1.26551256e-01   0.0000
 -4.36193675e-01   0.0000
  1.96409777e-01   0.0000
  9.34686482e-01   0.0000
  1.66036800e-01   0.0000
  1.62356943e-02   0.0000
 -2.54840672e-01   0.0000
  3.18002105e-01   0.0000
  2.11288065e-01   0.0000
 -2.69147724e-01   0.0000
 -6.41870737e-01   0.0000
 -1.60175756e-01   0.0000
 -3.44717979e-01   0.0000
 -2.30174154e-01   0.0000
  5.63944340e-01   0.0000
 -1.37588695e-01   0.0000
 -7.40332246e-01   0.0000
  1.67990863e-01   0.0000
 -1.03247002e-01   0.0000
 -2.20706522e-01   0.0000
  5.63186884e-01   0.0000
 -5.45671582e-01   0.0000
 -1.82285503e-01   0.0000
 -6.60034269e-02   0.0000
 -7.30537847e-02   0.0000
 -3.06341559e-01   0.0000
  1.89346373e-02   0.0000
 -8.86423066e-02   0.0000
 -9.49918687e-01   0.0000
  5.27197897e-01   0.0000
 -8.88286889e-01   0.0000
 -1.71641961e-01   0.0000
  2.33154953e-01   0.0000
 -5.13664246e-01   0.0000
  2.07799494e-01   0.0000
  9.50807273e-01   0.0000
  4.71050777e-02   0.0000
  1.01612926e-01   0.0000
 -1.86245397e-01   0.0000
  2.84416080e-01   0.0000
  2.83642441e-01   0.0000
 -3.62310320e-01   0.0000
 -1.08344543e+00   0.0000
 -2.49451414e-01   0.0000
  1.17452875e-01   0.0000
 -2.89101154e-01   0.0000
  4.23457891e-01   0.0000
 -3.18522274e-01   0.0000
 -8.13271284e-01   0.0000
  2.65509605e-01   0.0000
 -1.18592359e-01   0.0000
 -1.55387267e-01   0.0000
  7.19446391e-02   0.0000
 -8.83176506e-01   0.0000
 -2.30184957e-01   0.0000
 -8.48358497e-02   0.0000
 -8.46200138e-02   0.0000
 -2.84990698e-01   0.0000
 -9.16822478e-02   0.0000
 -1.25359401e-01   0.0000
 -1.03372335e+00   0.0000
  3.99675071e-01   0.0000
 -9.37112272e-01   0.0000
  3.85603100e-01   0.0000
  2.59959370e-01   0.0000
 -2.56556749e-01   0.0000
  2.10234329e-01   0.0000
  8.52547586e-01   0.0000
 -7.86080025e-03   0.0000
  1.48885578e-01   0.0000
 -3.93950045e-01   0.0000
  4.04084116e-01   0.0000
  3.16152722e-01   0.0000
 -5.15796304e-01   0.0000
 -1.44847906e+00   0.0000
 -3.88784200e-01   0.0000
  6.69520378e-01   0.0000
 -2.87486255e-01   0.0000
  2.31222913e-01   0.0000
 -2.63465315e-01   0.0000
 -8.35378110e-01   0.0000
  3.88896167e-01   0.0000
 -3.00192628e-02   0.0000
 -1.00913584e-01   0.0000
 -4.71301466e-01   0.0000
 -9.01653051e-01   0.0000
 -2.65983969e-01   0.0000
 -6.14493191e-02   0.0000
 -4.03448254e-01   0.0000
 -3.39035928e-01   0.0000
 -2.52884358e-01   0.0000
 -2.13079929e-01   0.0000
 -1.21486914e+00   0.0000
  4.82589900e-01   0.0000
 -7.78793216e-01   0.0000
  1.16429734e+00   0.0000
  3.02107990e-01   0.0000
 -2.31181234e-02   0.0000
  2.53350079e-01   0.0000
  7.40585625e-01   0.0000
 -1.43343359e-01   0.0000
  1.19467132e-01   0.0000
 -3.20557535e-01   0.0000
  3.30529183e-01   0.0000
  3.28359395e-01   0.0000
 -7.26984799e-01   0.0000
 -1.73115706e+00   0.0000
 -3.41855764e-01   0.0000
  1.07940853e+00   0.0000
 -4.22942489e-01   0.0000
  9.37795788e-02   0.0000
 -3.26749772e-01   0.0000
 -9.11170840e-01   0.0000
  4.07598734e-01   0.0000
  1.38826847e-01   0.0000
 -1.06198154e-01   0.0000
 -1.17402601e+00   0.0000
 -1.08018005e+00   0.0000
 -2.51174808e-01   0.0000
 -8.67754072e-02   0.0000
 -9.01060998e-01   0.0000
 -3.83562267e-01   0.0000
 -4.41219956e-01   0.0000
 -1.48417220e-01   0.0000
 -1.19138837e+00   0.0000
  3.71752530e-01   0.0000
 -7.15278864e-01   0.0000
  9.74886000e-01   0.0000
  3.83978307e-01   0.0000
 -3.43500338e-02   0.0000
 -2.94020609e-03   0.0000
 -2.43368149e+00   0.0000
  1.20946854e-01   0.0000
  3.76485176e-02   0.0000
  1.38883921e-03   0.0000
 -2.22462392e-03   0.0000
 -7.80221482e-04   0.0000
 -1.67429781e+00   0.0000
  1.41103172e+00   0.0000
  1.48817583e-03   0.0000
  4.09985685e+00   0.0000
  2.43509351e-03   0.0000
 -7.05661237e-01   0.0000
  7.11869029e-03   0.0000
 -1.05738795e+00   0.0000
 -3.98604851e-03   0.0000
 -4.65534031e-01   0.0000
  2.30160326e-01   0.0000
 -1.07332778e+00   0.0000
  1.32931340e+00   0.0000
  4.10014996e-03   0.0000
  5.31836927e-01   0.0000
  7.64471412e-01   0.0000
 -4.75261186e-04   0.0000
 -4.95873153e-01   0.0000
 -1.62821151e-02   0.0000
  1.85638860e-01   0.0000
 -3.07592720e-01   0.0000
  2.02817631e+00   0.0000
  3.93062800e-01   0.0000
  2.28752762e-01   0.0000
  7.23414838e-01   0.0000
 -1.09858373e-02   0.0000
 -1.16921091e+00   0.0000
  6.88853636e-02   0.0000
  6.00804165e-02   0.0000
 -7.57921429e-04   0.0000
 -1.35757879e-03   0.0000
  2.42654001e-04   0.0000
 -1.64193228e-01   0.0000
  6.55600429e-01   0.0000
  1.47313881e-03   0.0000
  7.93064952e-01   0.0000
 -5.52984467e-03   0.0000
 -6.40661955e-01   0.0000
  1.12705976e-02   0.0000
 -4.07071173e-01   0.0000
 -8.24516814e-04   0.0000
 -2.53099620e-01   0.0000
  5.47248758e-02   0.0000
 -5.64434409e-01   0.0000
  9.25373375e-01   0.0000
  1.58093031e-02   0.0000
  3.54480714e-01   0.0000
  7.02255785e-01   0.0000
  1.75476132e-03   0.0000
 -4.41654652e-01   0.0000
  3.23953517e-02   0.0000
 -3.95910442e-02   0.0000
 -9.39694643e-02   0.0000
  1.03228092e+00   0.0000
  2.05568388e-01   0.0000
  1.67810202e-01   0.0000
  1.38464248e+00   0.0000
 -1.09940311e-02   0.0000
 -3.88416439e-01   0.0000
  7.82768428e-02   0.0000
  8.26354176e-02   0.0000
 -1.44422636e-04   0.0000
  3.76734398e-02   0.0000
  3.91258001e-02   0.0000
  5.01246691e-01   0.0000
 -5.84542640e-02   0.0000
 -6.79182878e-04   0.0000
 -6.34689689e-01   0.0000
 -2.51472685e-02   0.0000
 -2.73657322e-01   0.0000
  3.51727358e-03   0.0000
  6.94654509e-03   0.0000
  2.69472338e-02   0.0000
 -1.73557401e-01   0.0000
  1.99611951e-02   0.0000
 -6.61994755e-01   0.0000
  4.99596864e-01   0.0000
  8.43448192e-03   0.0000
  1.60234913e-01   0.0000
  7.01819897e-01   0.0000
 -6.21845131e-04   0.0000
 -3.90787125e-01   0.0000
  2.34991517e-02   0.0000
 -4.43161055e-02   0.0000
  6.52709976e-02   0.0000
  6.67585194e-01   0.0000
  1.30022198e-01   0.0000
  1.17799535e-01   0.0000
  1.50906193e+00   0.0000
 -8.36920086e-03   0.0000
 -2.32213903e-02   0.0000
  3.81406695e-02   0.0000
  9.67323408e-02   0.0000
  9.71442714e-05   0.0000
 -3.12988341e-05   0.0000
  4.79177514e-04   0.0000
  7.57407725e-01   0.0000
 -7.29306400e-01   0.0000
  1.17735902e-03   0.0000
 -1.23412156e+00   0.0000
 -5.73595613e-03   0.0000
 -4.84251678e-02   0.0000
  3.72608379e-03   0.0000
  1.74725667e-01   0.0000
  6.90602809e-02   0.0000
 -7.47665763e-02   0.0000
  9.13965236e-03   0.0000
 -8.05328906e-01   0.0000
  2.69159526e-01   0.0000
  5.99096809e-03   0.0000
  1.34031758e-01   0.0000
  6.79198802e-01   0.0000
 -3.24156322e-03   0.0000
 -4.48305547e-01   0.0000
  1.21456077e-02   0.0000
 -1.14122167e-01   0.0000
  1.34567291e-01   0.0000
  4.32837009e-01   0.0000
  3.30604613e-02   0.0000
  1.06135204e-01   0.0000
  1.38582587e+00   0.0000
 -9.61321034e-03   0.0000
  1.09766982e-01   0.0000
  1.40532134e-02   0.0000
  1.14416339e-01   0.0000
 -5.09178229e-02   0.0000
  1.68176536e-02   0.0000
  4.24537323e-02   0.0000
  9.16898608e-01   0.0000
 -1.16979957e+00   0.0000
 -3.67905828e-03   0.0000
 -1.24959373e+00   0.0000
 -4.02272493e-02   0.0000
 -5.29166386e-02   0.0000
  2.10676668e-03   0.0000
  3.57665986e-01   0.0000
  1.55104607e-01   0.0000
 -3.49803939e-02   0.0000
  2.45456517e-01   0.0000
 -8.04377794e-01   0.0000
 -9.82104335e-04   0.0000
  4.33843117e-03   0.0000
  1.18165933e-01   0.0000
  5.84286869e-01   0.0000
 -1.85691696e-02   0.0000
 -2.70137370e-01   0.0000
  1.68299209e-02   0.0000
 -1.62308201e-01   0.0000
  1.59880638e-01   0.0000
  2.86965579e-01   0.0000
 -1.51102275e-01   0.0000
  1.34661496e-01   0.0000
  9.12934363e-01   0.0000
  6.03724737e-03   0.0000
  2.41444856e-01   0.0000
 -8.57325271e-03   0.0000
  1.25809014e-01   0.0000
 -3.33766482e-04   0.0000
  3.71849193e-04   0.0000
 -2.98773637e-03   0.0000
  1.14847291e+00   0.0000
 -1.55279899e+00   0.0000
 -3.41989063e-02   0.0000
 -9.86619890e-01   0.0000
 -2.61396449e-02   0.0000
 -3.46390694e-01   0.0000
  3.66716040e-03   0.0000
  4.86470997e-01   0.0000
  1.09121881e-01   0.0000
 -4.69232276e-02   0.0000
  5.68458319e-01   0.0000
 -7.31230795e-01   0.0000
 -5.64568043e-02   0.0000
  1.03077823e-02   0.0000
  3.66255380e-02   0.0000
  4.45929974e-01   0.0000
 -7.96831101e-02   0.0000
 -4.00892675e-01   0.0000
 -8.32113845e-04   0.0000
 -1.25166133e-01   0.0000
  1.74135506e-01   0.0000
  2.81137615e-01   0.0000
 -4.76535797e-01   0.0000
  1.27388045e-01   0.0000
  2.37248883e-01   0.0000
 -6.83997106e-03   0.0000
  1.52188167e-01   0.0000
 -8.68749171e-02   0.0000
  1.60381541e-01   0.0000
 -1.82900250e-01   0.0000
  1.48660064e-01   0.0000
  5.38913906e-02   0.0000
  1.47357333e+00   0.0000
 -1.87775493e+00   0.0000
  7.15220696e-04   0.0000
 -4.85008955e-01   0.0000
 -1.06315902e-02   0.0000
 -1.00044978e+00   0.0000
  3.15545523e-03   0.0000
  5.68490446e-01   0.0000
  3.20473430e-03   0.0000
 -6.17935620e-02   0.0000
  1.02536130e+00   0.0000
 -6.59124672e-01   0.0000
 -1.48359194e-01   0.0000
  1.16921002e-02   0.0000
 -5.52156158e-02   0.0000
  2.98448175e-01   0.0000
 -2.18002591e-02   0.0000
 -3.96502495e-01   0.0000
  1.08861970e-02   0.0000
 -1.76843554e-01   0.0000
  7.12431222e-02   0.0000
  4.02531087e-01   0.0000
 -6.58549964e-01   0.0000
  1.54754594e-01   0.0000
 -4.25168663e-01   0.0000
  2.91349981e-02   0.0000
  6.89221472e-02   0.0000
 -1.55259177e-01   0.0000
  1.75151035e-01   0.0000
 -1.06240086e-01   0.0000
  2.12181076e-01   0.0000
  1.90932065e-01   0.0000
  1.70874047e+00   0.0000
 -2.10037518e+00   0.0000
 -8.38446319e-02   0.0000
  3.19839299e-01   0.0000
 -2.45903544e-02   0.0000
 -1.77230442e+00   0.0000
 -8.42403844e-02   0.0000
  6.71256065e-01   0.0000
  1.68685719e-01   0.0000
 -4.39398661e-02   0.0000
  1.46001387e+00   0.0000
 -5.67588568e-01   0.0000
 -2.30413139e-01   0.0000
 -8.06790292e-02   0.0000
 -1.72356308e-01   0.0000
  1.81522503e-01   0.0000
 -5.72473221e-02   0.0000
 -5.09785473e-01   0.0000
  3.18191350e-02   0.0000
 -2.22981006e-01   0.0000
 -1.73233151e-02   0.0000
  5.56228936e-01   0.0000
 -1.44714952e+00   0.0000
  9.60548520e-01   0.0000
 -3.05826932e-01   0.0000
 -5.58407162e-04   0.0000
 -4.00279820e-01   0.0000
  5.47754884e-01   0.0000
  9.63584706e-03   0.0000
  8.09251389e-04   0.0000
  1.32315967e-03   0.0000
  1.83473038e-03   0.0000
  8.40506017e-01   0.0000
 -2.25385189e-01   0.0000
  8.86399357e-04   0.0000
  1.43688560e+00   0.0000
 -3.80524583e-02   0.0000
 -7.84154415e-01   0.0000
 -2.51115812e-03   0.0000
  4.74684983e-02   0.0000
 -2.26763485e-04   0.0000
 -5.79412878e-01   0.0000
  3.03737462e-01   0.0000
 -1.16006397e-01   0.0000
  5.05916297e-01   0.0000
 -2.15261020e-02   0.0000
 -6.39394343e-01   0.0000
  1.42694578e-01   0.0000
  2.56623840e-03   0.0000
  4.12658542e-01   0.0000
 -5.51845506e-03   0.0000
 -1.24018975e-01   0.0000
  1.45567387e-01   0.0000
  9.91561055e-01   0.0000
 -5.76647043e-01   0.0000
  5.85757971e-01   0.0000
  2.92915761e-01   0.0000
  9.15534701e-03   0.0000
  3.93052818e-03   0.0000
  4.36722070e-01   0.0000
  9.78105515e-03   0.0000
 -2.13124021e-03   0.0000
 -1.44188249e-04   0.0000
 -5.43404894e-04   0.0000
 -4.60063964e-01   0.0000
 -7.35537708e-01   0.0000
  4.03637346e-03   0.0000
 -4.04937059e-01   0.0000
 -2.13467274e-02   0.0000
 -1.43036768e-01   0.0000
 -3.65053443e-03   0.0000
  1.97673798e-01   0.0000
 -1.55511865e-04   0.0000
 -5.52842736e-01   0.0000
 -4.12413329e-02   0.0000
 -2.03269780e-01   0.0000
  6.42298907e-02   0.0000
  5.03009418e-04   0.0000
 -3.74817699e-01   0.0000
 -4.06416394e-02   0.0000
 -4.38362081e-03   0.0000
  8.47317457e-01   0.0000
 -2.47526318e-02   0.0000
 -2.68176254e-02   0.0000
  1.97043065e-02   0.0000
  2.80565053e-01   0.0000
  2.80250728e-01   0.0000
  3.68495911e-01   0.0000
  1.29504889e-01   0.0000
  3.10262181e-02   0.0000
  2.06294864e-01   0.0000
  3.94826233e-01   0.0000
  1.46425646e-02   0.0000
 -6.44967484e-04   0.0000
  2.68768030e-03   0.0000
 -3.79111414e-04   0.0000
 -3.46024305e-01   0.0000
 -7.69047022e-01   0.0000
  4.75551438e-04   0.0000
 -3.26891840e-01   0.0000
  1.38124079e-03   0.0000
  8.01048726e-02   0.0000
 -1.43125863e-03   0.0000
  5.53621113e-01   0.0000
  1.85072320e-04   0.0000
 -4.41287726e-01   0.0000
 -1.89682186e-01   0.0000
  1.01201043e-01   0.0000
 -6.82335570e-02   0.0000
 -1.26459068e-02   0.0000
 -3.09057385e-01   0.0000
  5.05561344e-02   0.0000
 -6.54123549e-04   0.0000
  9.64155436e-01   0.0000
 -4.24489379e-02   0.0000
  9.75868776e-02   0.0000
 -6.84278980e-02   0.0000
 -2.73824204e-02   0.0000
  8.59726667e-01   0.0000
  1.73604652e-01   0.0000
 -2.34030336e-01   0.0000
  5.24727069e-03   0.0000
  3.83379340e-01   0.0000
  2.64482707e-01   0.0000
 -5.03817536e-02   0.0000
 -3.43020167e-03   0.0000
 -8.86939000e-04   0.0000
 -1.05165096e-03   0.0000
 -1.07748799e-01   0.0000
 -5.70243180e-01   0.0000
 -4.51435614e-03   0.0000
 -3.54713500e-01   0.0000
  2.64525432e-02   0.0000
  4.37321395e-01   0.0000
 -1.27503993e-02   0.0000
  9.45497274e-01   0.0000
 -2.83865927e-04   0.0000
 -3.27014983e-01   0.0000
 -5.42262048e-02   0.0000
  2.88590770e-02   0.0000
 -5.08290045e-02   0.0000
 -3.39825898e-02   0.0000
 -1.69369221e-01   0.0000
  1.41659766e-01   0.0000
 -1.49359158e-03   0.0000
  1.19622457e+00   0.0000
  9.57488548e-03   0.0000
  2.88261503e-01   0.0000
 -2.73546278e-01   0.0000
 -2.33001381e-01   0.0000
  1.06779838e+00   0.0000
  1.05654404e-01   0.0000
 -5.37181735e-01   0.0000
  2.18832772e-02   0.0000
  4.91791993e-01   0.0000
  2.50688821e-01   0.0000
  2.42870813e-03   0.0000
 -2.14233994e-03   0.0000
 -9.56762640e-04   0.0000
 -3.68146459e-04   0.0000
  7.75049850e-02   0.0000
 -3.28283101e-01   0.0000
 -2.35592425e-02   0.0000
 -3.94480139e-01   0.0000
 -1.01567165e-03   0.0000
  4.88215655e-01   0.0000
 -2.34320760e-02   0.0000
  1.28281617e+00   0.0000
 -1.08286191e-03   0.0000
 -1.52385592e-01   0.0000
  1.58579871e-01   0.0000
 -5.95383272e-02   0.0000
 -5.66095300e-02   0.0000
 -1.73383188e-02   0.0000
  7.87864730e-04   0.0000
  2.60397643e-01   0.0000
 -2.90140300e-03   0.0000
  1.49322116e+00   0.0000
 -6.36778772e-03   0.0000
  4.90046561e-01   0.0000
 -2.72424996e-01   0.0000
 -3.25817823e-01   0.0000
  9.64809716e-01   0.0000
  1.04179746e-02   0.0000
 -4.63065594e-01   0.0000
  4.79338020e-02   0.0000
  7.09674716e-01   0.0000
  1.52782425e-01   0.0000
 -1.22656569e-01   0.0000
  4.20323777e-04   0.0000
 -3.56419687e-03   0.0000
  1.28440745e-03   0.0000
  1.70642018e-01   0.0000
 -1.90973729e-01   0.0000
 -2.32623257e-02   0.0000
 -1.71344280e-01   0.0000
  1.07208639e-01   0.0000
  6.24084286e-02   0.0000
 -3.59377153e-02   0.0000
  1.79621208e+00   0.0000
 -1.12169981e-03   0.0000
 -2.62377888e-01   0.0000
  4.60052520e-01   0.0000
 -6.62835836e-02   0.0000
  9.05497931e-03   0.0000
 -2.23763250e-02   0.0000
  1.42325774e-01   0.0000
  2.56334960e-01   0.0000
 -1.57840494e-02   0.0000
  1.66523743e+00   0.0000
  9.50148236e-03   0.0000
  6.79235041e-01   0.0000
 -4.25885588e-01   0.0000
 -5.89559257e-01   0.0000
  4.32609022e-01   0.0000
 -4.64532301e-02   0.0000
  1.28695473e-01   0.0000
  2.12358683e-02   0.0000
  9.24596488e-01   0.0000
  9.17448997e-02   0.0000
 -5.10274284e-02   0.0000
  5.50272409e-03   0.0000
 -8.59272294e-03   0.0000
 -1.20653363e-03   0.0000
  3.60956676e-02   0.0000
  5.81604950e-02   0.0000
 -3.18059176e-02   0.0000
  8.13446119e-02   0.0000
  9.56898332e-02   0.0000
 -5.03183603e-01   0.0000
 -4.64873314e-02   0.0000
  2.26429057e+00   0.0000
 -7.62747275e-03   0.0000
 -2.33469993e-01   0.0000
  6.59129083e-01   0.0000
 -1.03815742e-01   0.0000
  9.92493480e-02   0.0000
 -7.07771406e-02   0.0000
  3.29244345e-01   0.0000
  1.93651468e-02   0.0000
 -2.60333568e-02   0.0000
  1.95257413e+00   0.0000
 -3.17051150e-02   0.0000
  9.87623453e-01   0.0000
 -4.52506334e-01   0.0000
 -8.41238439e-01   0.0000
 -2.32996911e-01   0.0000
 -1.02224529e-01   0.0000
  1.08491135e+00   0.0000
  4.08170223e-02   0.0000
  9.77813661e-01   0.0000
  2.26594776e-01   0.0000
 -1.00009099e-01   0.0000
 -1.40107721e-02   0.0000
  1.13362481e-03   0.0000
  5.53766033e-03   0.0000
 -1.93223253e-01   0.0000
  2.82450974e-01   0.0000
 -3.74764055e-02   0.0000
  3.89435232e-01   0.0000
  3.55422683e-02   0.0000
 -1.12112045e+00   0.0000
 -5.86262867e-02   0.0000
  2.80980158e+00   0.0000
 -1.38432682e-02   0.0000
 -2.64462531e-01   0.0000
  5.95021844e-01   0.0000
 -7.84952119e-02   0.0000
  2.81301379e-01   0.0000
 -5.59002273e-02   0.0000
  3.94225717e-01   0.0000
 -1.68874964e-01   0.0000
 -4.43984680e-02   0.0000
  2.18890095e+00   0.0000
 -1.21143991e-02   0.0000
  1.10187268e+00   0.0000
 -3.73909950e-01   0.0000
 -9.40818369e-01   0.0000
 -7.34309182e-02   0.0000
 -5.14479399e-01   0.0000
 -3.78745532e+00   0.0000
  9.91547946e-04   0.0000
 -1.94011343e+00   0.0000
 -9.16776136e-02   0.0000
  1.18713319e-01   0.0000
  5.63275022e-03   0.0000
 -1.38287887e-03   0.0000
 -3.11617204e-03   0.0000
 -1.70847476e+00   0.0000
  4.45208788e+00   0.0000
  8.18597339e-03   0.0000
  2.28898478e+00   0.0000
 -4.38674130e-02   0.0000
  5.47944188e-01   0.0000
  3.20182042e-03   0.0000
  1.03630030e+00   0.0000
  7.12027599e-04   0.0000
  1.05595395e-01   0.0000
  7.88110077e-01   0.0000
 -1.24868786e+00   0.0000
  2.75810456e+00   0.0000
 -2.56201695e-03   0.0000
  4.01772887e-01   0.0000
  9.42501009e-01   0.0000
  9.19992477e-03   0.0000
  9.64507461e-02   0.0000
 -7.32586235e-02   0.0000
  4.53046650e-01   0.0000
  5.01214325e-01   0.0000
  1.52743363e+00   0.0000
  8.46369028e-01   0.0000
  2.01601222e-01   0.0000
 -2.13125408e-01   0.0000
  2.36345339e-03   0.0000
  1.14832985e+00   0.0000
 -3.36731851e-01   0.0000
  1.91358566e-01   0.0000
  1.38406438e-04   0.0000
 -5.45001356e-03   0.0000
 -3.53944139e-04   0.0000
 -1.39042449e+00   0.0000
 -1.37639415e+00   0.0000
  1.14749763e-02   0.0000
 -1.13029027e+00   0.0000
 -5.79029396e-02   0.0000
  1.05694056e+00   0.0000
  4.59454581e-03   0.0000
  1.23101807e+00   0.0000
 -9.75774194e-04   0.0000
  2.91643471e-01   0.0000
  2.81098574e-01   0.0000
 -9.89274800e-01   0.0000
 -7.61809349e-01   0.0000
  7.05051841e-03   0.0000
  5.40412664e-01   0.0000
  3.78350526e-01   0.0000
  7.09334214e-04   0.0000
  4.11941379e-01   0.0000
 -7.13323280e-02   0.0000
  1.59694672e-01   0.0000
  1.31831989e-01   0.0000
 -2.90705711e-01   0.0000
  1.00557053e+00   0.0000
  6.39016986e-01   0.0000
  5.18441737e-01   0.0000
  1.92183407e-03   0.0000
 -4.71768856e-01   0.0000
 -6.30443037e-01   0.0000
  1.17852114e-01   0.0000
  1.21396198e-03   0.0000
 -1.64766109e-03   0.0000
 -5.74298622e-03   0.0000
 -6.26767874e-01   0.0000
 -3.01762128e+00   0.0000
  6.71399292e-03   0.0000
  1.70877099e-01   0.0000
 -1.41216526e-02   0.0000
  7.82685161e-01   0.0000
  1.85655640e-03   0.0000
  1.26299787e+00   0.0000
  1.04483729e-03   0.0000
  2.33745202e-01   0.0000
  5.89116663e-03   0.0000
 -4.78721827e-01   0.0000
 -1.83102572e+00   0.0000
 -2.32309513e-02   0.0000
  5.00277042e-01   0.0000
  4.19244766e-01   0.0000
  5.44235762e-03   0.0000
  3.36065769e-01   0.0000
 -4.54298742e-02   0.0000
  1.61355227e-01   0.0000
 -5.29070012e-02   0.0000
 -2.81302422e-01   0.0000
  8.04610610e-01   0.0000
  3.42133403e-01   0.0000
  9.55470949e-02   0.0000
  1.93384755e-02   0.0000
 -2.39402503e-01   0.0000
 -3.63370180e-01   0.0000
  9.69611779e-02   0.0000
 -5.00313379e-03   0.0000
  6.99595665e-04   0.0000
  1.37932748e-01   0.0000
  2.02388749e-01   0.0000
 -2.69156122e+00   0.0000
  1.14340428e-03   0.0000
  2.75223792e-01   0.0000
 -7.21432269e-04   0.0000
  9.49712098e-02   0.0000
  4.97658690e-03   0.0000
  1.05961990e+00   0.0000
  1.34597917e-03   0.0000
 -5.29749990e-02   0.0000
  3.26181240e-02   0.0000
 -6.62251472e-01   0.0000
 -1.43158627e+00   0.0000
  3.92947672e-03   0.0000
  3.85634117e-02   0.0000
  6.19451404e-01   0.0000
  6.30353764e-03   0.0000
  2.73718417e-01   0.0000
 -6.04723506e-02   0.0000
  2.72563696e-01   0.0000
 -1.21054776e-01   0.0000
 -6.90641254e-02   0.0000
  4.62430239e-01   0.0000
  3.67199600e-01   0.0000
 -1.83241725e-01   0.0000
  1.01174787e-02   0.0000
  2.39583790e-01   0.0000
 -2.65522033e-01   0.0000
  8.07123631e-02   0.0000
 -1.08074822e-01   0.0000
  1.77380994e-01   0.0000
  1.36842206e-01   0.0000
  5.79008162e-01   0.0000
 -2.27077866e+00   0.0000
 -1.14798017e-01   0.0000
  3.68279040e-01   0.0000
 -9.38112941e-03   0.0000
 -4.76304084e-01   0.0000
 -6.06308989e-02   0.0000
  8.23176801e-01   0.0000
  1.17193066e-01   0.0000
 -1.32158816e-01   0.0000
  1.81752026e-01   0.0000
  5.45230992e-02   0.0000
 -1.06778169e+00   0.0000
 -2.91442536e-02   0.0000
 -2.92820632e-01   0.0000
  3.16945404e-01   0.0000
 -1.05715960e-01   0.0000
  7.71299526e-02   0.0000
  3.68176624e-02   0.0000
  4.28038657e-01   0.0000
 -1.76677078e-01   0.0000
 -1.60142109e-01   0.0000
  6.42504171e-02   0.0000
  2.81959504e-01   0.0000
 -1.13793157e-01   0.0000
  3.07965167e-02   0.0000
  8.24705660e-02   0.0000
 -5.33048093e-01   0.0000
  8.35486427e-02   0.0000
 -1.13481224e-01   0.0000
  1.00150526e-01   0.0000
  1.64957374e-01   0.0000
  5.18766761e-01   0.0000
 -1.71088934e+00   0.0000
 -1.81180596e-01   0.0000
 -2.17055172e-01   0.0000
 -1.20334215e-02   0.0000
 -7.78434157e-01   0.0000
 -8.31472129e-02   0.0000
  6.90947771e-01   0.0000
  1.68977290e-01   0.0000
 -1.27459124e-01   0.0000
  2.61163741e-01   0.0000
  3.59980762e-02   0.0000
 -1.02694523e+00   0.0000
 -1.67592183e-01   0.0000
 -4.01717901e-01   0.0000
  2.51859110e-02   0.0000
 -1.42896861e-01   0.0000
 -1.24094624e-03   0.0000
  9.02534276e-02   0.0000
  6.49387479e-01   0.0000
 -2.00654835e-01   0.0000
  3.08563877e-02   0.0000
 -3.05211991e-01   0.0000
  2.38577977e-01   0.0000
  4.41641212e-01   0.0000
  7.79347569e-02   0.0000
  4.17774081e-01   0.0000
 -3.88231128e-01   0.0000
  5.76640703e-02   0.0000
 -2.37009495e-01   0.0000
  2.68233925e-01   0.0000
  2.83769935e-01   0.0000
  1.35329500e-01   0.0000
 -1.26514101e+00   0.0000
 -1.33704692e-01   0.0000
 -2.20018417e-01   0.0000
 -9.88734141e-02   0.0000
 -7.21908510e-01   0.0000
 -1.84564531e-01   0.0000
  7.85071790e-01   0.0000
  1.44990504e-01   0.0000
 -1.96665954e-02   0.0000
  2.37354890e-01   0.0000
 -6.66906238e-02   0.0000
 -8.70804131e-01   0.0000
 -1.55014247e-01   0.0000
 -2.42685616e-01   0.0000
 -2.96463132e-01   0.0000
 -2.48140156e-01   0.0000
 -3.42355192e-01   0.0000
 -1.63101718e-01   0.0000
  8.17155600e-01   0.0000
 -1.66119963e-01   0.0000
 -3.91869098e-02   0.0000
 -1.27223086e+00   0.0000
  2.83289820e-01   0.0000
  1.45208466e+00   0.0000
  2.08184674e-01   0.0000
 -8.86736274e-01   0.0000
 -4.57514077e-01   0.0000
  3.41620669e-02   0.0000
 -2.53956258e-01   0.0000
  2.05550134e-01   0.0000
  1.35163456e-01   0.0000
 -5.87328188e-02   0.0000
 -8.44622493e-01   0.0000
 -2.65860558e-01   0.0000
 -2.32142493e-01   0.0000
 -1.26915500e-02   0.0000
  2.16631949e-01   0.0000
 -3.59746575e-01   0.0000
  1.10539329e+00   0.0000
  1.70733720e-01   0.0000
  2.80379087e-01   0.0000
  2.37661675e-01   0.0000
  7.56452918e-01   0.0000
 -8.38162065e-01   0.0000
 -2.11312458e-01   0.0000
  3.04393679e-01   0.0000
 -5.57023466e-01   0.0000
 -3.78473103e-01   0.0000
 -5.97526073e-01   0.0000
 -4.64561284e-01   0.0000
  7.99704254e-01   0.0000
 -8.27241540e-02   0.0000
 -2.51282036e-01   0.0000
 -6.71380535e-02   0.0000
  3.23944166e-02   0.0000
 -3.36822391e-01   0.0000
  1.10454358e-01   0.0000
  8.61830413e-01   0.0000
 -2.37024680e-01   0.0000
  5.88018112e-02   0.0000
 -3.14226657e-01   0.0000
  1.06089897e-01   0.0000
  2.62444049e-01   0.0000
  2.20212364e+00   0.0000
  1.91541582e-01   0.0000
 -1.15097776e-01   0.0000
 -1.61191809e+00   0.0000
 -3.21787521e-02   0.0000
  1.52813256e-01   0.0000
 -1.82817847e-01   0.0000
  1.14055717e+00   0.0000
  4.72026579e-02   0.0000
  4.28002141e-02   0.0000
  9.99920130e-01   0.0000
  4.88308877e-01   0.0000
 -6.65106699e-02   0.0000
 -2.42322490e-01   0.0000
  4.14976887e-02   0.0000
  1.47587836e+00   0.0000
 -1.36656612e-01   0.0000
 -9.41546500e-01   0.0000
 -1.30231574e-01   0.0000
  2.58734345e-01   0.0000
  1.64339170e-01   0.0000
 -4.21686083e-01   0.0000
  5.04246280e-02   0.0000
 -1.39074540e+00   0.0000
 -2.61019289e-01   0.0000
  6.36371434e-01   0.0000
  6.64094210e-01   0.0000
 -2.48734459e-01   0.0000
 -7.14935362e-01   0.0000
 -6.03885949e-01   0.0000
 -7.98121691e-01   0.0000
 -3.31019372e-01   0.0000
  5.38580380e-02   0.0000
  1.07207028e-02   0.0000
  5.80495238e-01   0.0000
 -1.81412994e-04   0.0000
 -7.22850025e-01   0.0000
 -2.57737666e-01   0.0000
 -1.43505171e-01   0.0000
 -5.78191817e-01   0.0000
 -2.56905884e-01   0.0000
 -8.11154842e-01   0.0000
 -4.76420313e-01   0.0000
 -1.29198248e-03   0.0000
  3.11628170e-03   0.0000
  2.14484576e-02   0.0000
 -3.30153212e-04   0.0000
  5.00986397e-01   0.0000
  6.94134295e-01   0.0000
  4.46393043e-01   0.0000
  2.38163188e-01   0.0000
 -4.79461432e-01   0.0000
  8.09496865e-02   0.0000
 -6.99836850e-01   0.0000
 -5.36667481e-02   0.0000
  1.79833233e-01   0.0000
  1.06288612e-01   0.0000
 -2.53685683e-01   0.0000
 -2.94289172e-01   0.0000
  4.68218148e-01   0.0000
  3.22536528e-01   0.0000
  3.92951429e-01   0.0000
  3.77955765e-01   0.0000
  1.57185093e-01   0.0000
 -5.95427528e-02   0.0000
  1.86807700e-02   0.0000
 -3.08322489e-01   0.0000
 -8.42157751e-04   0.0000
  4.88733232e-01   0.0000
  9.77778658e-02   0.0000
  6.71815276e-02   0.0000
  4.22654182e-01   0.0000
  1.67126507e-01   0.0000
  4.66712952e-01   0.0000
  2.04215288e-01   0.0000
  3.28835973e-04   0.0000
  1.32766357e-02   0.0000
 -2.00657127e-03   0.0000
  1.24242087e-03   0.0000
 -3.38725507e-01   0.0000
 -3.22896600e-01   0.0000
 -2.48182938e-01   0.0000
 -7.72774994e-01   0.0000
  1.62339389e-01   0.0000
 -7.64796883e-02   0.0000
  4.02532637e-01   0.0000
  1.71582729e-01   0.0000
 -5.21843508e-03   0.0000
 -2.03885689e-01   0.0000
  4.89677429e-01   0.0000
  3.91379744e-01   0.0000
 -1.24482608e+00   0.0000
 -6.71050191e-01   0.0000
 -1.67459762e+00   0.0000
 -6.13041222e-01   0.0000
 -2.87590742e-01   0.0000
  5.90451248e-02   0.0000
 -1.21042013e+00   0.0000
  5.25505602e-01   0.0000
 -2.79755750e-05   0.0000
 -8.91107321e-01   0.0000
 -2.18158185e-01   0.0000
 -3.40500563e-01   0.0000
 -8.77048731e-01   0.0000
 -4.01856422e-01   0.0000
 -1.00561070e+00   0.0000
 -3.63989770e-01   0.0000
  1.50084519e-03   0.0000
 -1.99876707e-02   0.0000
  5.48726507e-03   0.0000
  1.67853694e-04   0.0000
  5.03223181e-01   0.0000
  3.77314121e-01   0.0000
  4.55248237e-01   0.0000
  1.37378895e+00   0.0000
 -3.92918319e-01   0.0000
  1.44776300e-01   0.0000
 -6.51949465e-01   0.0000
 -9.74377617e-03   0.0000
  1.39608944e-03   0.0000
  1.35136023e-02   0.0000
 -4.16943617e-02   0.0000
 -1.78708304e-02   0.0000
  7.17444206e-03   0.0000
  3.31258588e-02   0.0000
  3.04687116e-02   0.0000
  1.98888481e-02   0.0000
  1.90429129e-02   0.0000
 -1.05038108e-02   0.0000
  1.74328014e-01   0.0000
 -5.22825047e-02   0.0000
 -3.68110545e-04   0.0000
  3.96858156e-02   0.0000
  1.98953226e-02   0.0000
  1.28422733e-02   0.0000
  1.90108512e-02   0.0000
  1.68212224e-02   0.0000
  7.65032992e-02   0.0000
  2.29533967e-02   0.0000
  4.92580548e-05   0.0000
  2.87718081e-04   0.0000
  9.92613714e-05   0.0000
  9.50927497e-05   0.0000
 -8.06046277e-02   0.0000
 -7.67372921e-03   0.0000
 -3.27100642e-02   0.0000
 -1.16118453e-01   0.0000
  2.68608686e-02   0.0000
 -3.44843371e-03   0.0000
  4.85958345e-02   0.0000
 -1.20882718e-02   0.0000
 -7.24823177e-01   0.0000
  4.28424999e-02   0.0000
 -3.34529392e-02   0.0000
 -4.52005900e-02   0.0000
 -9.59830463e-01   0.0000
  4.74938788e-02   0.0000
 -6.03375137e-01   0.0000
 -3.29282284e-01   0.0000
  5.59096113e-02   0.0000
 -9.28033143e-03   0.0000
 -1.63580358e+00   0.0000
  4.58231475e-03   0.0000
  4.60156407e-05   0.0000
 -1.73552781e-01   0.0000
  2.56357845e-02   0.0000
  1.67831350e-02   0.0000
 -4.33944315e-01   0.0000
  3.62097621e-02   0.0000
 -1.25653148e-01   0.0000
  4.97856662e-02   0.0000
  7.22489785e-04   0.0000
  4.51321341e-02   0.0000
  1.23259309e-03   0.0000
 -1.51898887e-04   0.0000
 -3.42276767e-02   0.0000
 -6.29045293e-02   0.0000
  3.18355337e-02   0.0000
  4.48746949e-01   0.0000
  3.50195058e-02   0.0000
 -1.13147432e-02   0.0000
  4.01106216e-02   0.0000
  4.54517193e-02   0.0000
  3.75336945e-01   0.0000
 -9.27664246e-03   0.0000
  1.52644124e-02   0.0000
  5.57975546e-02   0.0000
  3.27419102e-01   0.0000
  3.14158900e-03   0.0000
  2.42666334e-01   0.0000
  2.28283837e-01   0.0000
 -1.62926111e-02   0.0000
  8.61907005e-03   0.0000
  3.76984179e-01   0.0000
  7.05973245e-03   0.0000
  8.34195002e-04   0.0000
  1.04750581e-01   0.0000
 -2.32985802e-02   0.0000
 -2.20588539e-02   0.0000
  3.09872001e-01   0.0000
 -5.79113029e-02   0.0000
  9.07679126e-02   0.0000
 -5.04540000e-03   0.0000
  2.76765367e-03   0.0000
 -2.80206790e-03   0.0000
  1.31518755e-04   0.0000
  5.56281186e-04   0.0000
  8.08073487e-03   0.0000
  7.52688199e-02   0.0000
  9.26888362e-03   0.0000
 -1.82754964e-01   0.0000
  6.92253560e-03   0.0000
  7.46414065e-04   0.0000
  4.44514044e-02   0.0000
 -5.89683801e-02   0.0000
 -1.18297093e-01   0.0000
  1.93721633e-02   0.0000
 -1.27351386e-02   0.0000
 -6.30223900e-02   0.0000
 -1.30101815e-01   0.0000
  9.67935566e-03   0.0000
 -1.44327730e-01   0.0000
 -1.08104140e-01   0.0000
  7.82201365e-02   0.0000
 -1.51966410e-02   0.0000
 -5.37056923e-02   0.0000
 -1.72840245e-02   0.0000
 -2.99094099e-04   0.0000
 -8.30094591e-02   0.0000
  4.59123254e-02   0.0000
  3.33213620e-02   0.0000
 -1.40095189e-01   0.0000
  1.31436875e-02   0.0000
 -5.66444397e-02   0.0000
  4.28581908e-02   0.0000
 -2.01296667e-03   0.0000
  8.29541609e-02   0.0000
  6.90345769e-04   0.0000
 -3.63272120e-04   0.0000
 -2.55219750e-02   0.0000
  8.47564358e-03   0.0000
 -1.42963994e-02   0.0000
  4.61818315e-02   0.0000
  1.23244347e-02   0.0000
 -1.40377069e-02   0.0000
  2.96055130e-03   0.0000
  8.56617838e-03   0.0000
 -1.83950022e-01   0.0000
 -2.81691663e-02   0.0000
  1.00599349e-01   0.0000
  6.26877621e-02   0.0000
 -1.12224907e-01   0.0000
 -3.07995826e-02   0.0000
 -9.37555358e-02   0.0000
 -1.41043246e-01   0.0000
 -1.58393923e-02   0.0000
  1.39048090e-02   0.0000
 -4.11168665e-01   0.0000
  8.87473002e-02   0.0000
 -2.83054796e-05   0.0000
 -1.19273335e-01   0.0000
 -6.66355565e-02   0.0000
 -1.06350966e-02   0.0000
 -1.99490488e-01   0.0000
 -2.49926783e-02   0.0000
 -8.51060227e-02   0.0000
 -3.65507007e-02   0.0000
  1.96037604e-03   0.0000
 -1.10067809e-02   0.0000
  2.60691129e-04   0.0000
  1.41810742e-03   0.0000
  1.33192301e-01   0.0000
  7.31795952e-02   0.0000
  4.19471674e-02   0.0000
  2.07730412e-01   0.0000
 -3.36005688e-02   0.0000
  1.02088172e-02   0.0000
 -1.84587762e-01   0.0000
 -1.15996320e-02   0.0000
  2.09791318e-01   0.0000
  3.25693451e-02   0.0000
 -1.46813586e-01   0.0000
 -1.69888303e-01   0.0000
  1.46021694e-01   0.0000
  1.64848760e-01   0.0000
  1.32004753e-01   0.0000
  4.66940515e-02   0.0000
  4.31632027e-02   0.0000
 -1.21197877e-02   0.0000
  2.70846874e-01   0.0000
 -1.54539451e-01   0.0000
  4.10011380e-05   0.0000
  8.40968043e-02   0.0000
  1.03512257e-01   0.0000
  1.44127505e-02   0.0000
  2.18065277e-01   0.0000
  5.61151430e-02   0.0000
  1.76762372e-01   0.0000
  9.90231708e-02   0.0000
  7.96833250e-04   0.0000
  2.21593800e-04   0.0000
  5.98985003e-04   0.0000
  1.73428026e-03   0.0000
 -8.81096721e-02   0.0000
 -8.05598944e-02   0.0000
 -7.96709433e-02   0.0000
 -2.84074903e-01   0.0000
  1.38055444e-01   0.0000
 -3.33554149e-02   0.0000
  1.68005496e-01   0.0000
 -8.23149271e-03   0.0000
  2.37928808e-01   0.0000
  3.22783068e-02   0.0000
 -4.28746939e-02   0.0000
 -1.54102845e-02   0.0000
  9.90017354e-02   0.0000
  4.82894480e-02   0.0000
  5.54400384e-02   0.0000
  1.04265690e-01   0.0000
  4.93145697e-02   0.0000
 -8.45578220e-03   0.0000
  3.78772676e-01   0.0000
 -6.80210963e-02   0.0000
 -1.59327596e-04   0.0000
  2.02250943e-01   0.0000
  2.63420772e-02   0.0000
  3.04295905e-02   0.0000
  4.62738648e-02   0.0000
  6.00012997e-03   0.0000
  9.13371295e-02   0.0000
  3.83156240e-02   0.0000
  4.38059651e-04   0.0000
 -6.04101748e-04   0.0000
  1.43577243e-04   0.0000
  1.00851431e-03   0.0000
 -1.23414159e-01   0.0000
 -8.47246405e-03   0.0000
 -4.15456183e-02   0.0000
 -1.82285443e-01   0.0000
  3.59080732e-02   0.0000
 -8.72952305e-03   0.0000
  1.31109491e-01   0.0000
 -1.34864807e-01   0.0000
  1.90225399e+00   0.0000
  5.22687472e-02   0.0000
 -9.24622640e-02   0.0000
 -5.70252478e-01   0.0000
  3.17502707e-01   0.0000
 -2.28261799e-02   0.0000
  3.98838192e-01   0.0000
  1.12026143e+00   0.0000
  1.84695020e-01   0.0000
 -1.00242391e-01   0.0000
  9.86190975e-01   0.0000
  8.68625939e-03   0.0000
 -2.92945042e-04   0.0000
  3.86554569e-01   0.0000
  8.00937861e-02   0.0000
  1.42556593e-01   0.0000
  8.78138661e-01   0.0000
  4.79667306e-01   0.0000
  3.05395216e-01   0.0000
  1.69962361e-01   0.0000
  1.80731574e-03   0.0000
  1.36969583e-02   0.0000
  1.58227491e-03   0.0000
  1.50423381e-03   0.0000
  1.43033238e-02   0.0000
 -8.95088792e-01   0.0000
 -6.22465275e-04   0.0000
 -3.28198314e-01   0.0000
 -1.15803936e-02   0.0000
 -8.68973359e-02   0.0000
 -4.39504161e-02   0.0000
  2.20479406e-02   0.0000
  1.62350237e+00   0.0000
  5.89977987e-02   0.0000
 -2.45496288e-01   0.0000
 -1.43486708e-01   0.0000
  2.31087446e+00   0.0000
  4.84799445e-01   0.0000
  1.74074733e+00   0.0000
  1.33694625e+00   0.0000
  1.06536664e-01   0.0000
 -4.62782234e-02   0.0000
  3.25710130e+00   0.0000
 -3.95761937e-01   0.0000
  2.86113573e-05   0.0000
  1.04248607e+00   0.0000
  5.97518533e-02   0.0000
  1.81629434e-02   0.0000
  1.50960457e+00   0.0000
  9.51653570e-02   0.0000
  9.37093556e-01   0.0000
  1.84452459e-01   0.0000
  3.84428888e-04   0.0000
 -1.23197749e-01   0.0000
 -1.57576408e-02   0.0000
 -1.36787191e-01   0.0000
 -4.78963733e-01   0.0000
 -9.66776907e-02   0.0000
 -3.65132213e-01   0.0000
 -1.45865428e+00   0.0000
  2.50027180e-01   0.0000
 -4.56619151e-02   0.0000
  5.35091221e-01   0.0000
  9.18994099e-02   0.0000
 -4.87138070e-02   0.0000
 -3.68689969e-02   0.0000
  7.48314783e-02   0.0000
  6.01148568e-02   0.0000
 -5.62306866e-02   0.0000
 -7.44412690e-02   0.0000
 -5.77670522e-02   0.0000
 -4.34102528e-02   0.0000
 -1.56026825e-01   0.0000
  1.59842759e-01   0.0000
 -2.67642677e-01   0.0000
  1.01447269e-01   0.0000
 -2.65066396e-04   0.0000
 -5.16515709e-02   0.0000
 -2.37624235e-02   0.0000
 -1.66540682e-01   0.0000
 -3.46783139e-02   0.0000
 -1.94297269e-01   0.0000
 -8.60296488e-02   0.0000
 -7.24137798e-02   0.0000
 -4.33154957e-04   0.0000
  6.94892136e-04   0.0000
 -1.27254624e-03   0.0000
 -2.31746497e-04   0.0000
  5.82748652e-02   0.0000
  9.22202021e-02   0.0000
  6.22147061e-02   0.0000
  1.29298031e-01   0.0000
 -4.61096764e-02   0.0000
  6.18068827e-03   0.0000
 -7.43125826e-02   0.0000
 -7.26762637e-02   0.0000
  1.87500346e+00   0.0000
  1.05475590e-01   0.0000
 -4.61081326e-01   0.0000
 -3.43069077e-01   0.0000
  3.07738328e+00   0.0000
  5.15166581e-01   0.0000
  2.23126364e+00   0.0000
  1.28571391e+00   0.0000
  1.65812805e-01   0.0000
 -6.62770495e-02   0.0000
  4.30870295e+00   0.0000
 -4.13802207e-01   0.0000
 -5.00504160e-03   0.0000
  1.05248404e+00   0.0000
  1.10672221e-01   0.0000
  5.98122627e-02   0.0000
  1.62544918e+00   0.0000
  1.51413679e-01   0.0000
  1.11440873e+00   0.0000
  2.37615526e-01   0.0000
 -4.38651943e-04   0.0000
  2.86878385e-02   0.0000
 -2.95752543e-03   0.0000
 -7.25964736e-03   0.0000
 -5.38116336e-01   0.0000
 -3.64377290e-01   0.0000
 -4.25650835e-01   0.0000
 -1.94525170e+00   0.0000
  2.73959696e-01   0.0000
 -4.07308303e-02   0.0000
  6.94656670e-01   0.0000
  4.08066949e-03   0.0000
 -4.35494818e-02   0.0000
 -2.04649791e-02   0.0000
  2.01757606e-02   0.0000
  2.36762110e-02   0.0000
 -6.19146340e-02   0.0000
 -2.99079362e-02   0.0000
 -3.21559422e-02   0.0000
 -1.63482334e-02   0.0000
 -2.46871281e-02   0.0000
  3.06673404e-02   0.0000
 -2.51458019e-01   0.0000
  3.58946659e-02   0.0000
  3.73262243e-04   0.0000
 -5.31350337e-02   0.0000
 -1.71038043e-02   0.0000
 -9.43042710e-03   0.0000
 -3.60850208e-02   0.0000
 -1.77692361e-02   0.0000
 -6.90818354e-02   0.0000
 -3.53206843e-02   0.0000
  5.68140065e-04   0.0000
 -1.82986900e-04   0.0000
 -4.15365139e-05   0.0000
 -6.66776439e-04   0.0000
  5.51615097e-02   0.0000
  2.79971939e-02   0.0000
  6.63233325e-02   0.0000
  1.04801960e-01   0.0000
 -2.44622603e-02   0.0000
  1.47550581e-02   0.0000
 -6.80281147e-02   0.0000
 -9.76765715e-03   0.0000
 -1.26966226e+00   0.0000
 -4.36305553e-02   0.0000
  2.74637908e-01   0.0000
 -9.38072801e-02   0.0000
 -1.78929925e-01   0.0000
 -3.86014700e-01   0.0000
 -3.80386800e-01   0.0000
 -1.29551542e+00   0.0000
 -2.68269088e-02   0.0000
 -1.32332360e-02   0.0000
 -2.46558934e-01   0.0000
  3.80875796e-01   0.0000
 -1.66753700e-04   0.0000
 -7.13411868e-01   0.0000
 -3.99539620e-02   0.0000
 -6.35761395e-03   0.0000
 -8.38693082e-01   0.0000
  4.92923521e-02   0.0000
 -5.37916303e-01   0.0000
 -1.22516498e-01   0.0000
 -1.10069304e-04   0.0000
 -2.20117625e-03   0.0000
  3.61275423e-04   0.0000
  9.70960595e-03   0.0000
  2.80585557e-01   0.0000
 -1.95354924e-01   0.0000
  2.27625430e-01   0.0000
  2.72347987e-01   0.0000
 -2.13259801e-01   0.0000
 -1.33611849e-02   0.0000
 -5.07172823e-01   0.0000
  1.64292045e-02   0.0000
 -9.18497220e-02   0.0000
 -2.03406624e-02   0.0000
  3.14025469e-02   0.0000
  6.31181672e-02   0.0000
 -1.18912973e-01   0.0000
 -2.22361386e-02   0.0000
 -4.32611816e-02   0.0000
 -5.99684715e-02   0.0000
 -1.02378376e-01   0.0000
  3.86822876e-03   0.0000
 -2.34904066e-01   0.0000
  6.50488511e-02   0.0000
  2.15159031e-04   0.0000
 -1.70096174e-01   0.0000
 -2.44047176e-02   0.0000
 -1.21581247e-02   0.0000
 -3.98197956e-02   0.0000
 -2.88606137e-02   0.0000
 -8.93015489e-02   0.0000
 -1.88257601e-02   0.0000
 -2.91140350e-05   0.0000
 -7.18392711e-03   0.0000
  5.66666949e-06   0.0000
 -1.01828729e-04   0.0000
  1.53779790e-01   0.0000
  1.91914886e-02   0.0000
  5.13513610e-02   0.0000
  3.28575075e-01   0.0000
 -6.11691438e-02   0.0000
  4.02666768e-03   0.0000
 -1.23310179e-01   0.0000
  1.08447023e-01   0.0000
  1.14007080e+00   0.0000
 -6.15888275e-02   0.0000
  1.25756249e-01   0.0000
  2.76159078e-01   0.0000
  8.86891484e-01   0.0000
 -8.64801779e-02   0.0000
  1.24870814e-01   0.0000
  2.82705933e-01   0.0000
 -1.25226408e-01   0.0000
  1.26087636e-01   0.0000
  2.04573202e+00   0.0000
  9.38253328e-02   0.0000
 -5.29332319e-04   0.0000
 -3.53081040e-02   0.0000
 -4.94535193e-02   0.0000
 -2.91450638e-02   0.0000
  5.13826013e-01   0.0000
 -1.12316720e-01   0.0000
 -5.29973321e-02   0.0000
 -1.47957757e-01   0.0000
  4.27699473e-04   0.0000
 -4.74994481e-02   0.0000
 -1.10607664e-03   0.0000
  2.91602197e-03   0.0000
  1.06210560e-01   0.0000
  4.58902359e-01   0.0000
  1.01727687e-01   0.0000
  1.19533956e-01   0.0000
 -7.87677243e-02   0.0000
  1.62991881e-01   0.0000
 -1.27739698e-01   0.0000
 -1.50089934e-02   0.0000
  2.12053552e-01   0.0000
  9.20363665e-02   0.0000
 -1.40147388e-01   0.0000
 -1.11533210e-01   0.0000
  1.57573193e-01   0.0000
  4.50522713e-02   0.0000
  7.03837052e-02   0.0000
  1.72951400e-01   0.0000
  1.34450525e-01   0.0000
 -8.47533438e-03   0.0000
  2.88995475e-01   0.0000
 -3.45646888e-02   0.0000
 -2.92003333e-05   0.0000
  1.15896814e-01   0.0000
  6.01140298e-02   0.0000
  1.76850781e-02   0.0000
  9.97676253e-02   0.0000
  6.82116374e-02   0.0000
  1.07441239e-01   0.0000
  2.11063810e-02   0.0000
 -1.77122804e-03   0.0000
  2.45529372e-04   0.0000
  2.06442573e-03   0.0000
  9.74395021e-04   0.0000
 -8.83733034e-02   0.0000
 -1.33118778e-01   0.0000
 -4.26493548e-02   0.0000
 -2.17756629e-01   0.0000
  4.73405756e-02   0.0000
 -1.23765199e-02   0.0000
  7.66710714e-02   0.0000
 -4.55970392e-02   0.0000
 -3.68000746e-01   0.0000
  2.27770489e-02   0.0000
 -5.15828142e-03   0.0000
 -6.95978552e-02   0.0000
 -4.52952713e-01   0.0000
 -1.93636045e-02   0.0000
 -4.48515803e-01   0.0000
 -6.27565742e-01   0.0000
  3.45198438e-02   0.0000
 -2.31733099e-02   0.0000
 -4.54786271e-01   0.0000
 -1.59363858e-02   0.0000
  6.97543786e-04   0.0000
 -3.06920737e-01   0.0000
  2.07010135e-02   0.0000
  2.29782257e-02   0.0000
 -6.32204890e-01   0.0000
  3.59345675e-02   0.0000
 -2.17436388e-01   0.0000
  4.12327088e-02   0.0000
 -1.94476615e-03   0.0000
  4.89228629e-02   0.0000
  6.60496065e-04   0.0000
 -1.64759927e-03   0.0000
 -1.96632885e-04   0.0000
 -2.91623455e-02   0.0000
 -3.03438548e-02   0.0000
  4.61727440e-01   0.0000
  3.01765632e-02   0.0000
 -7.42010865e-03   0.0000
 -7.52773602e-03   0.0000
  7.81817213e-02   0.0000
  8.38093638e-01   0.0000
 -4.24619280e-02   0.0000
  1.97645221e-02   0.0000
  1.28733531e-01   0.0000
  4.24629778e-01   0.0000
  1.22468527e-02   0.0000
  6.13392651e-01   0.0000
  6.67363584e-01   0.0000
 -2.82763615e-02   0.0000
  6.01088144e-02   0.0000
  8.51316750e-01   0.0000
 -2.76536029e-02   0.0000
 -1.77033382e-06   0.0000
  4.29310828e-01   0.0000
 -1.04048252e-02   0.0000
 -9.55009684e-02   0.0000
  2.74945408e-01   0.0000
  7.25067127e-03   0.0000
  4.01525140e-01   0.0000
 -4.05257009e-02   0.0000
 -2.46368232e-04   0.0000
 -7.33206943e-02   0.0000
 -3.09560652e-04   0.0000
  7.33907626e-04   0.0000
 -1.00287115e-02   0.0000
  5.81593849e-02   0.0000
 -1.33014051e-02   0.0000
 -2.09614962e-01   0.0000
 -2.86333729e-02   0.0000
 -2.51935776e-02   0.0000
  2.64297109e-02   0.0000
 -1.12197282e-04   0.0000
  1.35283518e+00   0.0000
  2.10780694e-04   0.0000
 -3.53871882e-02   0.0000
 -1.49630666e-01   0.0000
  1.72245964e-01   0.0000
  7.20248371e-02   0.0000
  4.64143485e-01   0.0000
  8.92997026e-01   0.0000
 -5.36730397e-04   0.0000
  1.14560751e-02   0.0000
  9.96914923e-01   0.0000
  6.19216776e-03   0.0000
 -4.43929253e-04   0.0000
  1.91427782e-01   0.0000
 -1.81381442e-02   0.0000
 -4.08605374e-02   0.0000
  6.70884132e-01   0.0000
 -7.69042447e-02   0.0000
  1.17613889e-01   0.0000
 -5.63231343e-03   0.0000
 -1.77287252e-03   0.0000
 -4.71592369e-03   0.0000
  1.31177984e-03   0.0000
 -1.66676240e-04   0.0000
 -8.34941640e-02   0.0000
 -2.11004466e-02   0.0000
 -5.54047413e-02   0.0000
 -4.73649204e-01   0.0000
  5.59654236e-02   0.0000
  1.75633524e-02   0.0000
  6.02670163e-02   0.0000
  6.24663234e-02   0.0000
  3.22925210e-01   0.0000
 -1.64057803e-03   0.0000
 -4.08126536e-04   0.0000
  9.00650024e-03   0.0000
  7.86906421e-01   0.0000
  3.00681102e-03   0.0000
  6.09018564e-01   0.0000
  2.16605678e-01   0.0000
  4.83492063e-03   0.0000
  7.76462778e-02   0.0000
  1.21372914e+00   0.0000
 -6.86023245e-03   0.0000
 -8.64322763e-04   0.0000
  1.92707881e-01   0.0000
 -2.37799510e-02   0.0000
  1.34397962e-03   0.0000
  4.12706017e-01   0.0000
  3.47628118e-03   0.0000
  2.38757595e-01   0.0000
 -3.51092853e-02   0.0000
 -9.07809241e-04   0.0000
  4.68995236e-03   0.0000
  2.21320097e-05   0.0000
 -1.43647834e-03   0.0000
 -6.18614256e-03   0.0000
 -8.78844112e-02   0.0000
 -1.82080884e-02   0.0000
 -3.73525470e-01   0.0000
  2.49773040e-02   0.0000
 -4.52298112e-03   0.0000
  7.53005445e-02   0.0000
  1.74613610e-01   0.0000
 -3.85764092e-02   0.0000
 -4.92787547e-02   0.0000
  2.64303256e-02   0.0000
  1.84253663e-01   0.0000
 -2.22964007e-02   0.0000
 -6.05270974e-02   0.0000
 -2.58464161e-02   0.0000
 -1.50468051e-02   0.0000
 -1.16420761e-01   0.0000
  1.59630448e-01   0.0000
 -2.37177148e-01   0.0000
  4.22733761e-02   0.0000
 -1.48637989e-03   0.0000
 -3.58371362e-02   0.0000
 -1.41963856e-02   0.0000
 -1.18466675e-01   0.0000
 -5.62221818e-02   0.0000
 -1.55854285e-01   0.0000
 -8.02816600e-02   0.0000
 -1.17665686e-01   0.0000
  1.89026038e-03   0.0000
 -1.11401230e-02   0.0000
 -1.77715512e-04   0.0000
  8.01049930e-04   0.0000
  6.66651949e-02   0.0000
  1.59338135e-02   0.0000
  4.32520621e-02   0.0000
  8.24988857e-02   0.0000
 -2.60926504e-02   0.0000
  4.37860712e-02   0.0000
 -2.94967256e-02   0.0000
 -1.59558561e-03   0.0000
 -7.15251982e-01   0.0000
  9.09132883e-03   0.0000
  1.07860371e-01   0.0000
 -2.43599573e-03   0.0000
 -2.90464818e-01   0.0000
 -1.00930952e-01   0.0000
 -1.95106372e-01   0.0000
 -4.08850700e-01   0.0000
  4.33567166e-03   0.0000
 -1.85826216e-02   0.0000
 -2.81149566e-01   0.0000
  9.21650231e-02   0.0000
 -1.51018996e-03   0.0000
 -2.38868967e-01   0.0000
  1.50576588e-02   0.0000
  3.96048836e-03   0.0000
 -3.40057790e-01   0.0000
  5.80487400e-03   0.0000
 -2.86268950e-01   0.0000
 -2.99987700e-02   0.0000
 -8.74637044e-04   0.0000
  1.18166879e-02   0.0000
  1.76770112e-03   0.0000
 -1.48599720e-04   0.0000
  6.62552342e-02   0.0000
  1.70132518e-02   0.0000
  6.91226423e-02   0.0000
  2.56881267e-01   0.0000
 -5.80351567e-03   0.0000
 -1.97447576e-02   0.0000
 -1.52703434e-01   0.0000
  3.39976735e-02   0.0000
  1.16146100e+00   0.0000
  6.05863035e-02   0.0000
 -2.33553126e-01   0.0000
 -2.12818131e-01   0.0000
  8.55401874e-01   0.0000
  3.27350974e-01   0.0000
  5.54064095e-01   0.0000
  9.62172091e-01   0.0000
  1.05194837e-01   0.0000
  1.43365085e-03   0.0000
  8.32134783e-01   0.0000
 -2.08993644e-01   0.0000
  2.97537027e-03   0.0000
  6.97360456e-01   0.0000
  4.64293025e-02   0.0000
  8.86386819e-03   0.0000
  7.70104885e-01   0.0000
  1.21104129e-01   0.0000
  5.77783465e-01   0.0000
  1.67457774e-01   0.0000
 -2.62666750e-03   0.0000
  1.04432285e-03   0.0000
 -1.23172358e-04   0.0000
 -4.38398868e-02   0.0000
 -2.23496348e-01   0.0000
 -3.21313769e-01   0.0000
 -1.67607024e-01   0.0000
 -5.66643238e-01   0.0000
  1.22118205e-01   0.0000
 -3.73577811e-02   0.0000
  3.60496670e-01   0.0000
  1.00025209e-02   0.0000
 -2.11671829e-01   0.0000
 -4.61955033e-02   0.0000
  5.50466143e-02   0.0000
  1.41016752e-01   0.0000
 -2.01938331e-01   0.0000
 -4.73753698e-02   0.0000
 -7.68929422e-02   0.0000
 -2.31568068e-01   0.0000
 -1.50074838e-02   0.0000
  9.91003215e-03   0.0000
 -3.62013966e-01   0.0000
  3.46621312e-02   0.0000
  2.72348727e-04   0.0000
 -8.18500742e-02   0.0000
 -1.25866076e-02   0.0000
 -1.62052456e-02   0.0000
 -2.21354231e-01   0.0000
 -1.56216361e-02   0.0000
 -1.22502692e-01   0.0000
 -6.01263978e-02   0.0000
 -4.04678110e-04   0.0000
 -1.60499718e-02   0.0000
 -5.98837039e-04   0.0000
 -2.77747953e-04   0.0000
  1.83801278e-01   0.0000
  7.12500736e-02   0.0000
  5.05097285e-02   0.0000
  2.07624197e-01   0.0000
 -6.73395321e-02   0.0000
  9.46506951e-03   0.0000
 -9.91910398e-02   0.0000
  3.62719744e-02   0.0000
  6.34062886e-02   0.0000
 -4.66778949e-02   0.0000
  3.22934277e-02   0.0000
  7.13880807e-02   0.0000
  5.02942264e-01   0.0000
 -4.41533737e-02   0.0000
  1.97321758e-01   0.0000
  1.16677813e-01   0.0000
 -6.48068041e-02   0.0000
  2.00161971e-02   0.0000
  1.09833145e+00   0.0000
  6.21089712e-02   0.0000
 -2.59397854e-03   0.0000
  7.13964254e-02   0.0000
 -3.82733904e-02   0.0000
 -4.50568348e-02   0.0000
  1.60717919e-01   0.0000
 -2.31972802e-02   0.0000
 -3.69850136e-02   0.0000
 -4.91499789e-02   0.0000
 -1.15062797e-03   0.0000
 -2.13356968e-03   0.0000
 -7.20771844e-04   0.0000
 -1.15164428e-03   0.0000
  5.13850972e-02   0.0000
  4.47178297e-02   0.0000
  6.07202724e-02   0.0000
 -3.14943761e-01   0.0000
 -6.31016642e-02   0.0000
  2.95454320e-02   0.0000
 -2.01372355e-02   0.0000
  1.75807536e-01   0.0000
  2.54232134e-03   0.0000
 -1.05009980e-01   0.0000
  1.05426311e-01   0.0000
  2.03968547e-02   0.0000
 -1.36189600e-02   0.0000
 -4.77944687e-02   0.0000
 -3.07745058e-02   0.0000
 -7.86290318e-02   0.0000
 -7.72494078e-02   0.0000
  5.17021259e-03   0.0000
 -2.54050791e-01   0.0000
  3.89433987e-02   0.0000
 -9.88267711e-04   0.0000
 -6.93915710e-02   0.0000
 -5.44471331e-02   0.0000
 -3.22338231e-02   0.0000
 -1.01256959e-01   0.0000
 -1.95838928e-01   0.0000
 -1.54436886e-01   0.0000
 -8.91531408e-02   0.0000
  3.01699666e-03   0.0000
 -6.56419545e-02   0.0000
 -3.75355507e-04   0.0000
 -5.16036653e-06   0.0000
  6.07182272e-02   0.0000
  1.75486177e-01   0.0000
  4.25601751e-02   0.0000
  2.08346605e-01   0.0000
 -1.06207207e-01   0.0000
  9.73276868e-02   0.0000
 -6.72085881e-02   0.0000
 -1.83641328e-03   0.0000
  4.94776815e-01   0.0000
 -4.99126082e-03   0.0000
 -7.77301565e-02   0.0000
 -1.12771422e-01   0.0000
  3.85089785e-01   0.0000
  4.75686006e-02   0.0000
  1.73355758e-01   0.0000
  4.34840173e-01   0.0000
  1.74112022e-02   0.0000
  4.63257693e-02   0.0000
  5.24219692e-01   0.0000
 -3.59575963e-03   0.0000
  1.34110602e-03   0.0000
  3.51023704e-01   0.0000
 -3.83262057e-03   0.0000
 -3.11388256e-04   0.0000
  3.74802649e-01   0.0000
  4.22291048e-02   0.0000
  2.19570115e-01   0.0000
  1.68138333e-02   0.0000
  1.62362622e-03   0.0000
 -3.23978486e-03   0.0000
 -3.01850087e-04   0.0000
  3.58972145e-04   0.0000
 -1.59487892e-02   0.0000
 -1.26826957e-01   0.0000
  2.59612780e-03   0.0000
 -3.13707232e-01   0.0000
 -1.69380452e-03   0.0000
  4.40257462e-03   0.0000
  1.24887355e-01   0.0000
 -2.28372112e-01   0.0000
  4.38134521e-01   0.0000
  1.52036488e-01   0.0000
 -4.00761753e-01   0.0000
 -4.16136146e-01   0.0000
  2.25767773e-02   0.0000
  3.53457212e-01   0.0000
 -1.35197133e-01   0.0000
  3.72182876e-01   0.0000
  2.59023607e-01   0.0000
 -7.28752688e-02   0.0000
  3.37801903e-01   0.0000
 -2.75375396e-01   0.0000
 -1.13518639e-02   0.0000
  3.35525632e-01   0.0000
  1.22543365e-01   0.0000
  2.74432033e-01   0.0000
  1.22599922e-01   0.0000
  2.79838473e-01   0.0000
  2.38750547e-01   0.0000
  3.61386329e-01   0.0000
 -7.32063199e-04   0.0000
  2.69722492e-02   0.0000
  1.09451276e-03   0.0000
  3.67195680e-05   0.0000
 -2.71365225e-01   0.0000
 -5.94818711e-01   0.0000
 -2.19814330e-01   0.0000
 -6.99860826e-02   0.0000
  1.89619228e-01   0.0000
 -1.77813709e-01   0.0000
  3.66905868e-01   0.0000
 -1.09741585e-02   0.0000
  4.20183986e-01   0.0000
 -1.04725957e-02   0.0000
  9.69757587e-02   0.0000
  4.51795384e-02   0.0000
  9.35547352e-01   0.0000
 -1.46311998e-01   0.0000
  6.80012703e-01   0.0000
  1.48298338e-01   0.0000
  5.47172269e-03   0.0000
 -9.93539672e-03   0.0000
  1.01045859e+00   0.0000
  9.55837518e-02   0.0000
 -2.12661596e-03   0.0000
  3.26612815e-02   0.0000
 -5.86038409e-03   0.0000
  5.63152181e-03   0.0000
  2.07581088e-01   0.0000
  2.04759352e-02   0.0000
 -2.24970412e-02   0.0000
 -3.51570323e-02   0.0000
  9.11393610e-04   0.0000
 -6.47820579e-03   0.0000
  1.39617117e-03   0.0000
  4.10835462e-04   0.0000
  6.22350127e-02   0.0000
 -6.99358247e-03   0.0000
  6.21694475e-02   0.0000
 -5.83257973e-01   0.0000
 -5.33665866e-02   0.0000
 -9.74855479e-03   0.0000
 -1.64584041e-01   0.0000
 -4.40951884e-01   0.0000
  4.69747990e-01   0.0000
  4.67551023e-01   0.0000
 -4.00652111e-01   0.0000
 -4.89670843e-01   0.0000
  6.91964149e-01   0.0000
  4.64763105e-01   0.0000
  4.14436638e-01   0.0000
  3.44309270e-01   0.0000
  4.63234395e-01   0.0000
 -5.10440171e-01   0.0000
  8.97588372e-01   0.0000
 -3.20925862e-01   0.0000
  1.69100170e-03   0.0000
  2.84581810e-01   0.0000
  3.71040314e-01   0.0000
  4.30157185e-01   0.0000
  3.50771010e-01   0.0000
  5.94507337e-01   0.0000
  4.41462964e-01   0.0000
  4.50306088e-01   0.0000
  4.64230368e-04   0.0000
  4.18354571e-01   0.0000
 -9.49408785e-02   0.0000
  2.42867302e-02   0.0000
 -2.18718424e-01   0.0000
 -6.37288451e-01   0.0000
 -3.71064931e-01   0.0000
 -3.26155245e-01   0.0000
  3.03229958e-01   0.0000
 -4.94963706e-01   0.0000
  4.11381721e-01   0.0000
 -6.43782914e-01   0.0000
  3.84087396e+00   0.0000
  7.62032688e-01   0.0000
 -1.47004879e+00   0.0000
 -1.66971302e+00   0.0000
  4.04684162e+00   0.0000
  1.53585005e+00   0.0000
  3.33051801e+00   0.0000
  2.96657014e+00   0.0000
  1.14364588e+00   0.0000
 -5.48153520e-01   0.0000
  5.64134502e+00   0.0000
 -1.27205205e+00   0.0000
 -4.39794660e-02   0.0000
  2.25648761e+00   0.0000
  7.34820724e-01   0.0000
  6.93351507e-01   0.0000
  3.00858736e+00   0.0000
  1.20103371e+00   0.0000
  2.20283699e+00   0.0000
  1.28645217e+00   0.0000
 -6.70767054e-02   0.0000
  2.71903962e-01   0.0000
 -3.21674161e-02   0.0000
 -8.85779411e-03   0.0000
 -1.25146222e+00   0.0000
 -2.00478840e+00   0.0000
 -1.02784133e+00   0.0000
 -3.07261801e+00   0.0000
  9.32169735e-01   0.0000
 -5.79112351e-01   0.0000
  1.65794420e+00   0.0000
  0.00000000e+00   0.0000

