 5 0.000000 1
 1 
 Si 28.085500
 0 0.250001 4.500000 0.978124 1.000000 
 4 0 1 2 3
 8 2.00000 2.20000 2.40000 2.60000 2.80000 3.00000 3.25000 3.50000
 1 12.169200 6.172630 3.114710 0.755675 0.404939 0.036124 0.650018 0.572890
 4 32 32 32 1
 -1.77000120e-01   0.0000
 -6.10527284e-02   0.0000
 -1.30167460e+00   0.0000
 -5.66523382e-03   0.0000
 -1.24812353e+00   0.0000
  1.82676092e-01   0.0000
  4.25474085e-02   0.0000
 -4.38507195e-05   0.0000
  8.85079205e-02   0.0000
 -5.63280657e-03   0.0000
 -1.13590634e+00   0.0000
  2.12942314e+00   0.0000
 -9.59555400e-05   0.0000
  4.87543017e-01   0.0000
 -1.60082877e-02   0.0000
 -1.47191703e+00   0.0000
  1.92940086e-02   0.0000
 -4.23086956e-02   0.0000
  1.20277265e-02   0.0000
  1.50367692e-01   0.0000
 -1.36958098e+00   0.0000
  2.03805470e+00   0.0000
  4.96523678e-01   0.0000
  1.67165678e-02   0.0000
  4.85502422e-01   0.0000
 -1.02887380e+00   0.0000
  6.48454810e-03   0.0000
  6.65639341e-01   0.0000
  7.88880065e-02   0.0000
 -2.69725859e-01   0.0000
 -1.06457639e+00   0.0000
  2.59892493e-01   0.0000
  1.36811584e-01   0.0000
 -7.06605986e-02   0.0000
 -4.48546380e-01   0.0000
 -6.18772442e-03   0.0000
 -9.16590616e-02   0.0000
  1.77210271e-01   0.0000
  3.85257863e-02   0.0000
 -7.17372447e-02   0.0000
  1.09024905e-01   0.0000
  1.61459874e-02   0.0000
 -9.22564745e-01   0.0000
  1.16648245e+00   0.0000
 -1.58160403e-02   0.0000
 -4.52000141e-01   0.0000
 -7.43213445e-02   0.0000
  2.73559660e-01   0.0000
 -2.08551460e-03   0.0000
 -2.64639527e-01   0.0000
  1.62875220e-01   0.0000
  3.51668261e-02   0.0000
 -1.10474110e+00   0.0000
  1.38186228e+00   0.0000
  1.82208500e-03   0.0000
 -2.65076178e-05   0.0000
  4.02115345e-01   0.0000
 -8.96079302e-01   0.0000
 -8.90900493e-02   0.0000
  4.39520329e-01   0.0000
  8.01286697e-02   0.0000
 -5.40596426e-01   0.0000
 -4.52122182e-01   0.0000
 -3.14133972e-01   0.0000
 -2.44235277e-01   0.0000
 -2.75478009e-02   0.0000
 -3.91063958e-01   0.0000
  2.34193336e-02   0.0000
  4.37017381e-01   0.0000
  2.21742928e-01   0.0000
  4.20880541e-02   0.0000
 -9.28774104e-02   0.0000
  7.27648586e-02   0.0000
  2.05762863e-01   0.0000
 -5.53853035e-01   0.0000
  3.33459377e-01   0.0000
 -1.61202446e-01   0.0000
 -5.50749242e-01   0.0000
 -8.43938589e-02   0.0000
  7.46221781e-01   0.0000
 -2.24638265e-03   0.0000
 -5.09145260e-01   0.0000
  1.54652119e-01   0.0000
 -1.68808978e-02   0.0000
 -7.38628268e-01   0.0000
  1.04271328e+00   0.0000
 -3.48380655e-01   0.0000
 -1.60623454e-02   0.0000
  1.89975500e-01   0.0000
 -5.97108006e-01   0.0000
 -5.69207445e-02   0.0000
  3.20790857e-01   0.0000
  1.09762494e-02   0.0000
 -6.83093309e-01   0.0000
  6.85768053e-02   0.0000
 -7.00675011e-01   0.0000
 -5.58844388e-01   0.0000
  3.80559564e-02   0.0000
 -4.20342863e-01   0.0000
  2.71421801e-02   0.0000
  7.40054846e-01   0.0000
  1.75182909e-01   0.0000
  1.13531955e-01   0.0000
 -1.64343968e-01   0.0000
  1.35037959e-01   0.0000
  2.07828268e-01   0.0000
 -3.52891624e-01   0.0000
 -1.68208018e-01   0.0000
 -1.22000635e-01   0.0000
 -4.99190956e-01   0.0000
 -1.79690540e-01   0.0000
  6.09644294e-01   0.0000
 -1.39003456e-01   0.0000
 -7.18961954e-01   0.0000
  2.59780020e-01   0.0000
 -1.34636864e-01   0.0000
 -3.13179165e-01   0.0000
  8.25270534e-01   0.0000
 -5.35930932e-01   0.0000
 -1.43449545e-01   0.0000
  3.95811014e-02   0.0000
 -1.79071054e-01   0.0000
 -5.77638112e-02   0.0000
  2.38657698e-01   0.0000
 -2.63107438e-02   0.0000
 -8.36528301e-01   0.0000
  2.67171949e-01   0.0000
 -8.44669819e-01   0.0000
 -4.91093367e-01   0.0000
  8.17350000e-02   0.0000
 -3.58033985e-01   0.0000
  2.11437851e-01   0.0000
  9.59493041e-01   0.0000
  1.45696521e-01   0.0000
  3.77150066e-02   0.0000
 -2.49944672e-01   0.0000
  3.17604035e-01   0.0000
  2.04297304e-01   0.0000
 -2.68875271e-01   0.0000
 -5.69310844e-01   0.0000
 -1.52694836e-01   0.0000
 -2.15847865e-01   0.0000
 -2.28777394e-01   0.0000
  5.21449149e-01   0.0000
 -1.36337370e-01   0.0000
 -7.44171202e-01   0.0000
  1.70055777e-01   0.0000
 -1.01517580e-01   0.0000
 -1.59147754e-01   0.0000
  5.03813565e-01   0.0000
 -6.06874347e-01   0.0000
 -1.87615946e-01   0.0000
 -1.01344138e-01   0.0000
 -1.15640312e-01   0.0000
 -2.93856233e-01   0.0000
  8.70539919e-02   0.0000
 -1.15846291e-01   0.0000
 -9.51304317e-01   0.0000
  5.03112912e-01   0.0000
 -9.15544808e-01   0.0000
 -1.88826308e-01   0.0000
  1.92632467e-01   0.0000
 -4.59011436e-01   0.0000
  2.20221758e-01   0.0000
  9.75035191e-01   0.0000
  3.57611068e-02   0.0000
  1.31077915e-01   0.0000
 -1.77439168e-01   0.0000
  2.82353461e-01   0.0000
  2.74876297e-01   0.0000
 -3.44351321e-01   0.0000
 -1.02670240e+00   0.0000
 -2.39669666e-01   0.0000
  1.99344441e-01   0.0000
 -2.86240906e-01   0.0000
  3.87540519e-01   0.0000
 -3.14064175e-01   0.0000
 -8.64750326e-01   0.0000
  2.69332737e-01   0.0000
 -1.29736036e-01   0.0000
 -1.35409892e-01   0.0000
  6.81733936e-02   0.0000
 -9.33025539e-01   0.0000
 -2.31868550e-01   0.0000
 -1.19891278e-01   0.0000
 -1.10728875e-01   0.0000
 -2.67546296e-01   0.0000
 -3.24614979e-02   0.0000
 -1.49004191e-01   0.0000
 -1.01364243e+00   0.0000
  3.82205814e-01   0.0000
 -9.46038604e-01   0.0000
  3.58806133e-01   0.0000
  2.29428560e-01   0.0000
 -2.55326092e-01   0.0000
  2.20852986e-01   0.0000
  8.78024817e-01   0.0000
 -1.02702882e-02   0.0000
  1.84198037e-01   0.0000
 -3.88734788e-01   0.0000
  4.06009495e-01   0.0000
  3.07286173e-01   0.0000
 -4.71880466e-01   0.0000
 -1.41213512e+00   0.0000
 -3.79795730e-01   0.0000
  6.73508167e-01   0.0000
 -2.83540398e-01   0.0000
  1.98113590e-01   0.0000
 -2.53897130e-01   0.0000
 -9.48874414e-01   0.0000
  3.97693008e-01   0.0000
 -6.51457161e-02   0.0000
 -1.30451992e-01   0.0000
 -4.21249121e-01   0.0000
 -9.29895878e-01   0.0000
 -2.65696973e-01   0.0000
 -1.02689140e-01   0.0000
 -3.99398118e-01   0.0000
 -3.21364671e-01   0.0000
 -1.84451267e-01   0.0000
 -2.37381577e-01   0.0000
 -1.16491973e+00   0.0000
  4.91415650e-01   0.0000
 -7.62491107e-01   0.0000
  1.09718108e+00   0.0000
  2.85863340e-01   0.0000
 -9.66253132e-02   0.0000
  2.64271468e-01   0.0000
  7.69428372e-01   0.0000
 -1.28276050e-01   0.0000
  1.56697124e-01   0.0000
 -3.15828592e-01   0.0000
  3.34555328e-01   0.0000
  3.20966840e-01   0.0000
 -6.53513968e-01   0.0000
 -1.71652019e+00   0.0000
 -3.32427174e-01   0.0000
  1.02895522e+00   0.0000
 -4.21807319e-01   0.0000
  5.45804538e-02   0.0000
 -3.17090482e-01   0.0000
 -1.08371270e+00   0.0000
  4.20699060e-01   0.0000
  8.74376744e-02   0.0000
 -1.82864696e-01   0.0000
 -1.06179607e+00   0.0000
 -1.09097695e+00   0.0000
 -2.50044554e-01   0.0000
 -1.37638912e-01   0.0000
 -8.49540889e-01   0.0000
 -3.68165642e-01   0.0000
 -3.64277691e-01   0.0000
 -1.73940778e-01   0.0000
 -1.10875916e+00   0.0000
  4.10092950e-01   0.0000
 -6.78165793e-01   0.0000
  7.64999270e-01   0.0000
  3.68621171e-01   0.0000
 -2.02489182e-01   0.0000
 -6.18322287e-03   0.0000
 -2.37147665e+00   0.0000
  5.59462197e-02   0.0000
  4.05884050e-02   0.0000
 -8.21071793e-04   0.0000
  1.88380160e-04   0.0000
 -2.98295890e-05   0.0000
 -1.54037583e+00   0.0000
  1.45083475e+00   0.0000
  2.00933381e-03   0.0000
  4.18396997e+00   0.0000
  2.99053709e-03   0.0000
 -7.39578545e-01   0.0000
  9.28083155e-03   0.0000
 -1.04944289e+00   0.0000
  1.60647335e-03   0.0000
 -3.63251835e-01   0.0000
 -4.72807512e-02   0.0000
 -1.17800963e+00   0.0000
  1.39493895e+00   0.0000
  7.30221393e-03   0.0000
  5.15956104e-01   0.0000
  8.89808059e-01   0.0000
  1.04780903e-03   0.0000
 -3.15877050e-01   0.0000
  2.09527873e-02   0.0000
  2.13627189e-01   0.0000
 -2.84661680e-01   0.0000
  2.02568483e+00   0.0000
  2.75672793e-01   0.0000
  2.08452210e-01   0.0000
  6.96142435e-01   0.0000
 -1.09649431e-02   0.0000
 -1.13668346e+00   0.0000
  3.38458903e-02   0.0000
  6.08897693e-02   0.0000
  4.60182549e-03   0.0000
  8.70273143e-05   0.0000
 -2.46271200e-04   0.0000
 -2.48282459e-02   0.0000
  7.16567755e-01   0.0000
 -1.01515080e-03   0.0000
  8.30187201e-01   0.0000
 -1.46564776e-02   0.0000
 -6.23453677e-01   0.0000
  1.21458909e-02   0.0000
 -4.50227618e-01   0.0000
 -5.65194059e-04   0.0000
 -1.93989396e-01   0.0000
 -1.13297038e-01   0.0000
 -6.16125464e-01   0.0000
  9.70422566e-01   0.0000
  1.55866873e-02   0.0000
  4.24741328e-01   0.0000
  7.55085170e-01   0.0000
  5.40186977e-03   0.0000
 -3.01018506e-01   0.0000
  4.94787171e-02   0.0000
 -4.43381183e-02   0.0000
 -9.64365527e-02   0.0000
  1.03011310e+00   0.0000
  1.27109826e-01   0.0000
  1.74678817e-01   0.0000
  1.44947898e+00   0.0000
 -9.96641535e-03   0.0000
 -3.70672256e-01   0.0000
  5.70866279e-02   0.0000
  8.33911672e-02   0.0000
  8.31927918e-03   0.0000
  4.77577969e-02   0.0000
  4.79896665e-02   0.0000
  6.30338430e-01   0.0000
  3.55155603e-03   0.0000
  5.20979927e-04   0.0000
 -6.18489981e-01   0.0000
 -3.22645418e-02   0.0000
 -2.39977315e-01   0.0000
  5.83906611e-03   0.0000
 -2.12112051e-02   0.0000
  3.80776972e-02   0.0000
 -1.24204807e-01   0.0000
 -4.85379808e-02   0.0000
 -6.06006444e-01   0.0000
  5.38905978e-01   0.0000
 -5.76743507e-04   0.0000
  2.39337981e-01   0.0000
  6.43714786e-01   0.0000
  9.93439090e-03   0.0000
 -3.38129073e-01   0.0000
  4.03883755e-02   0.0000
 -6.41535521e-02   0.0000
  6.04192168e-02   0.0000
  6.75792456e-01   0.0000
  6.04151525e-02   0.0000
  1.57737866e-01   0.0000
  1.56372368e+00   0.0000
 -7.12436438e-03   0.0000
 -6.31446205e-03   0.0000
  2.73134224e-02   0.0000
  9.54665691e-02   0.0000
  2.66738608e-03   0.0000
 -4.13320633e-03   0.0000
 -8.92175175e-03   0.0000
  8.67737651e-01   0.0000
 -6.82509482e-01   0.0000
 -2.28751381e-03   0.0000
 -1.22720253e+00   0.0000
 -1.20589416e-02   0.0000
 -3.78989875e-02   0.0000
  9.29246191e-03   0.0000
  2.22378045e-01   0.0000
  8.34571943e-02   0.0000
 -3.15608270e-02   0.0000
  2.07460001e-02   0.0000
 -6.84517145e-01   0.0000
  3.14537883e-01   0.0000
  8.49867892e-03   0.0000
  1.87149107e-01   0.0000
  5.94272316e-01   0.0000
 -2.41192291e-03   0.0000
 -4.86717701e-01   0.0000
  3.28034833e-02   0.0000
 -1.44076481e-01   0.0000
  1.25466064e-01   0.0000
  4.53713596e-01   0.0000
 -1.60427392e-02   0.0000
  1.78515643e-01   0.0000
  1.41034126e+00   0.0000
 -8.55883397e-03   0.0000
  1.31718412e-01   0.0000
  1.54726002e-02   0.0000
  1.12145826e-01   0.0000
 -6.24550357e-02   0.0000
  3.14739496e-02   0.0000
  5.27056642e-02   0.0000
  9.85470414e-01   0.0000
 -1.13287735e+00   0.0000
 -6.31189207e-04   0.0000
 -1.26541555e+00   0.0000
 -4.57046703e-02   0.0000
 -4.34442833e-02   0.0000
  6.26449473e-03   0.0000
  4.71070915e-01   0.0000
  1.74836352e-01   0.0000
  2.55395398e-02   0.0000
  2.77621955e-01   0.0000
 -6.70654476e-01   0.0000
  5.37181944e-02   0.0000
  8.70833639e-03   0.0000
  1.59872547e-01   0.0000
  5.45612931e-01   0.0000
 -2.37267483e-02   0.0000
 -3.66812050e-01   0.0000
  4.14920971e-02   0.0000
 -1.91350192e-01   0.0000
  1.52436852e-01   0.0000
  3.22079808e-01   0.0000
 -1.76733762e-01   0.0000
  2.38057762e-01   0.0000
  9.09137607e-01   0.0000
  2.14976445e-02   0.0000
  2.65407175e-01   0.0000
  5.78923849e-04   0.0000
  1.22215539e-01   0.0000
 -1.34568559e-02   0.0000
  1.88372452e-02   0.0000
 -6.42036175e-05   0.0000
  1.16783643e+00   0.0000
 -1.53007269e+00   0.0000
 -4.32671420e-02   0.0000
 -1.01541209e+00   0.0000
 -3.22263800e-02   0.0000
 -3.07859153e-01   0.0000
  9.10313043e-04   0.0000
  6.51017845e-01   0.0000
  1.32466704e-01   0.0000
  2.34416686e-02   0.0000
  5.87354422e-01   0.0000
 -6.06974483e-01   0.0000
  1.96726643e-03   0.0000
  1.42561207e-02   0.0000
  7.92071074e-02   0.0000
  4.85468626e-01   0.0000
 -8.76729712e-02   0.0000
 -5.37427127e-01   0.0000
  2.23415848e-02   0.0000
 -1.44817442e-01   0.0000
  1.77466840e-01   0.0000
  3.32275599e-01   0.0000
 -4.83359516e-01   0.0000
  2.65516996e-01   0.0000
  2.00920165e-01   0.0000
 -2.91933818e-03   0.0000
  1.77772820e-01   0.0000
 -6.68054894e-02   0.0000
  1.54467344e-01   0.0000
 -2.03001082e-01   0.0000
  1.75143108e-01   0.0000
  6.95126504e-02   0.0000
  1.43823612e+00   0.0000
 -1.87440383e+00   0.0000
  6.97920378e-03   0.0000
 -5.09029150e-01   0.0000
 -1.81659535e-02   0.0000
 -9.07215953e-01   0.0000
  8.00256035e-04   0.0000
  7.70938098e-01   0.0000
  3.01681180e-02   0.0000
  2.10377891e-02   0.0000
  1.00912523e+00   0.0000
 -5.49848378e-01   0.0000
 -7.72944912e-02   0.0000
  1.43895671e-02   0.0000
 -1.32421516e-02   0.0000
  4.38416988e-01   0.0000
 -3.18768397e-02   0.0000
 -5.52995563e-01   0.0000
  3.49016227e-02   0.0000
 -1.80288330e-01   0.0000
  9.37569737e-02   0.0000
  4.75193202e-01   0.0000
 -6.56566501e-01   0.0000
  3.23447227e-01   0.0000
 -5.09066164e-01   0.0000
  4.64230441e-02   0.0000
  9.92718711e-02   0.0000
 -1.18817389e-01   0.0000
  1.67713314e-01   0.0000
 -1.28321201e-01   0.0000
  2.44626790e-01   0.0000
  2.11979419e-01   0.0000
  1.63151038e+00   0.0000
 -2.11679339e+00   0.0000
 -9.81943682e-02   0.0000
  3.23966205e-01   0.0000
 -3.36721577e-02   0.0000
 -1.61912441e+00   0.0000
 -9.94012728e-02   0.0000
  8.90583754e-01   0.0000
  2.03712285e-01   0.0000
  5.01133278e-02   0.0000
  1.40358377e+00   0.0000
 -4.66109842e-01   0.0000
 -1.42500088e-01   0.0000
 -9.75554511e-02   0.0000
 -1.24005221e-01   0.0000
  4.07058984e-01   0.0000
 -7.13188127e-02   0.0000
 -6.73115790e-01   0.0000
  5.48283421e-02   0.0000
 -2.07752451e-01   0.0000
  2.68553384e-02   0.0000
  6.48848951e-01   0.0000
 -1.50032616e+00   0.0000
  8.04251909e-01   0.0000
 -3.78779113e-01   0.0000
  6.38245698e-03   0.0000
 -3.60013306e-01   0.0000
  4.66028363e-01   0.0000
  1.38918133e-02   0.0000
  4.57846792e-03   0.0000
 -2.70085083e-03   0.0000
 -1.91289070e-03   0.0000
  1.08448684e+00   0.0000
 -2.66936719e-01   0.0000
 -5.66356466e-04   0.0000
  1.44231761e+00   0.0000
 -4.91898656e-02   0.0000
 -7.35707700e-01   0.0000
  2.76767812e-03   0.0000
  3.55913267e-02   0.0000
 -7.78455520e-04   0.0000
 -4.38386679e-01   0.0000
  3.43994915e-01   0.0000
 -1.69105217e-01   0.0000
  4.94902164e-01   0.0000
 -2.84138769e-02   0.0000
 -6.55198514e-01   0.0000
  2.08246008e-01   0.0000
  9.61964671e-03   0.0000
  3.90575439e-01   0.0000
  1.74100418e-03   0.0000
 -1.26144826e-01   0.0000
  1.84756994e-01   0.0000
  1.06634676e+00   0.0000
 -6.26006663e-01   0.0000
  5.32315314e-01   0.0000
  1.93790153e-01   0.0000
  1.52998352e-02   0.0000
  7.08419606e-02   0.0000
  3.23950022e-01   0.0000
  1.13386372e-02   0.0000
  3.89083987e-03   0.0000
 -1.83178100e-03   0.0000
  9.59723038e-05   0.0000
 -3.82801443e-01   0.0000
 -7.47481227e-01   0.0000
  1.07259350e-02   0.0000
 -3.34929585e-01   0.0000
 -3.07395402e-02   0.0000
 -1.21688500e-01   0.0000
  5.53892693e-03   0.0000
  1.44768655e-01   0.0000
 -9.75590898e-04   0.0000
 -4.14127678e-01   0.0000
 -3.26761901e-02   0.0000
 -2.96575010e-01   0.0000
  7.77926520e-02   0.0000
  2.41305004e-03   0.0000
 -3.84576499e-01   0.0000
 -6.90401867e-02   0.0000
  1.15222053e-03   0.0000
  8.00261855e-01   0.0000
 -4.40156609e-02   0.0000
 -4.04267311e-02   0.0000
  5.04496396e-02   0.0000
  3.53791773e-01   0.0000
  2.69514233e-01   0.0000
  3.62832010e-01   0.0000
  6.30845129e-02   0.0000
  3.54879387e-02   0.0000
  2.73376524e-01   0.0000
  2.69630969e-01   0.0000
  1.47244018e-02   0.0000
  6.23205164e-03   0.0000
  1.01266904e-02   0.0000
 -1.11712841e-03   0.0000
 -5.09702861e-01   0.0000
 -7.62668729e-01   0.0000
  3.73971066e-04   0.0000
 -4.20714080e-01   0.0000
  3.79650784e-03   0.0000
  8.46682712e-02   0.0000
 -1.95142813e-04   0.0000
  4.51498836e-01   0.0000
 -7.42146280e-04   0.0000
 -3.89019936e-01   0.0000
 -2.07700506e-01   0.0000
 -2.96247210e-02   0.0000
 -6.55081198e-02   0.0000
 -1.75537355e-02   0.0000
 -3.16948920e-01   0.0000
 -3.69478166e-02   0.0000
  3.25121218e-04   0.0000
  8.89120579e-01   0.0000
 -7.65860379e-02   0.0000
  8.26960206e-02   0.0000
 -5.76157570e-02   0.0000
  3.68215702e-02   0.0000
  8.98192227e-01   0.0000
  1.85981199e-01   0.0000
 -3.00678998e-01   0.0000
  7.93845952e-03   0.0000
  4.52618361e-01   0.0000
  1.69380993e-01   0.0000
 -6.25056848e-02   0.0000
  9.55357507e-04   0.0000
 -5.31216734e-04   0.0000
  8.01979157e-04   0.0000
 -2.57214665e-01   0.0000
 -5.46022415e-01   0.0000
 -7.51081482e-03   0.0000
 -3.45836461e-01   0.0000
  3.68790887e-02   0.0000
  3.04612815e-01   0.0000
 -1.22412276e-02   0.0000
  7.91748941e-01   0.0000
 -2.52974732e-03   0.0000
 -3.70498925e-01   0.0000
 -1.04729198e-01   0.0000
 -1.00588799e-03   0.0000
 -5.40512614e-02   0.0000
 -3.70526612e-02   0.0000
 -2.40044013e-01   0.0000
  4.90578823e-02   0.0000
  2.23052874e-03   0.0000
  1.10140491e+00   0.0000
 -4.98376749e-02   0.0000
  2.61917859e-01   0.0000
 -2.63830483e-01   0.0000
 -1.97286621e-01   0.0000
  1.14907336e+00   0.0000
  1.20475881e-01   0.0000
 -5.62925279e-01   0.0000
  2.45045610e-02   0.0000
  5.60667515e-01   0.0000
  1.81009561e-01   0.0000
 -1.58033171e-03   0.0000
  4.47873818e-03   0.0000
 -6.49283221e-03   0.0000
  2.61978526e-03   0.0000
 -2.50710919e-02   0.0000
 -2.84415781e-01   0.0000
 -2.52509117e-02   0.0000
 -3.16106677e-01   0.0000
  7.45955529e-03   0.0000
  3.37440372e-01   0.0000
 -1.93611048e-02   0.0000
  1.08209682e+00   0.0000
 -2.26044864e-03   0.0000
 -1.84118569e-01   0.0000
  1.06765889e-01   0.0000
 -1.48367351e-02   0.0000
 -7.20166862e-02   0.0000
 -1.72159169e-02   0.0000
 -8.45913216e-02   0.0000
  1.79985464e-01   0.0000
 -5.75129734e-03   0.0000
  1.38737869e+00   0.0000
 -8.40509981e-02   0.0000
  4.56104487e-01   0.0000
 -2.51701057e-01   0.0000
 -3.00189912e-01   0.0000
  1.03706503e+00   0.0000
  1.13348411e-02   0.0000
 -4.44916248e-01   0.0000
  4.79303598e-02   0.0000
  7.78206408e-01   0.0000
  8.79144743e-02   0.0000
 -1.30114511e-01   0.0000
 -2.32311999e-04   0.0000
 -5.45602245e-03   0.0000
  1.21914723e-03   0.0000
  7.97611177e-02   0.0000
 -1.27414748e-01   0.0000
 -2.28517801e-02   0.0000
 -1.31937459e-01   0.0000
  1.19622067e-01   0.0000
 -3.28881736e-03   0.0000
 -2.80410890e-02   0.0000
  1.56366253e+00   0.0000
 -3.26090236e-03   0.0000
 -2.24244311e-01   0.0000
  4.27135408e-01   0.0000
  7.91872945e-03   0.0000
 -1.52693782e-02   0.0000
 -2.07127947e-02   0.0000
  1.13202453e-01   0.0000
  2.05150574e-01   0.0000
 -1.46062169e-02   0.0000
  1.55345654e+00   0.0000
 -6.99607730e-02   0.0000
  6.43316984e-01   0.0000
 -3.92667532e-01   0.0000
 -5.77347040e-01   0.0000
  4.18422788e-01   0.0000
 -7.36573115e-02   0.0000
  1.72163337e-01   0.0000
  1.87519547e-02   0.0000
  9.91030812e-01   0.0000
  3.52048464e-02   0.0000
 -4.99462448e-02   0.0000
 -7.95926666e-04   0.0000
  3.43843177e-03   0.0000
  4.74755559e-03   0.0000
  2.52680350e-02   0.0000
  1.62901700e-01   0.0000
 -2.78476048e-02   0.0000
  6.24960102e-02   0.0000
  1.08014844e-01   0.0000
 -4.63800907e-01   0.0000
 -3.55406627e-02   0.0000
  2.01008987e+00   0.0000
 -6.54555252e-03   0.0000
 -1.39869511e-01   0.0000
  6.95926607e-01   0.0000
 -4.83646318e-02   0.0000
  6.70173317e-02   0.0000
 -6.47861585e-02   0.0000
  3.61099660e-01   0.0000
  3.02514583e-02   0.0000
 -2.73693614e-02   0.0000
  1.84379184e+00   0.0000
 -1.05186366e-01   0.0000
  9.54158425e-01   0.0000
 -3.99327189e-01   0.0000
 -8.43334436e-01   0.0000
 -3.56708795e-01   0.0000
 -1.50772139e-01   0.0000
  1.10301709e+00   0.0000
  3.48758325e-02   0.0000
  1.03904223e+00   0.0000
  1.91938803e-01   0.0000
 -9.32724997e-02   0.0000
 -2.40377951e-02   0.0000
  1.93825476e-02   0.0000
  1.44311935e-02   0.0000
 -2.20592469e-02   0.0000
  4.11631316e-01   0.0000
 -3.23588140e-02   0.0000
  3.44877928e-01   0.0000
  4.67336886e-02   0.0000
 -1.06277227e+00   0.0000
 -4.53590117e-02   0.0000
  2.55834627e+00   0.0000
 -4.40005941e-04   0.0000
 -1.94513038e-01   0.0000
  7.25365460e-01   0.0000
 -5.18781170e-02   0.0000
  2.33724847e-01   0.0000
 -4.48518842e-02   0.0000
  4.52850610e-01   0.0000
 -9.96345133e-02   0.0000
 -4.63654958e-02   0.0000
  2.08799863e+00   0.0000
 -7.99565390e-02   0.0000
  1.07131779e+00   0.0000
 -3.01694363e-01   0.0000
 -9.52596307e-01   0.0000
 -2.97015041e-01   0.0000
 -3.85753334e-01   0.0000
 -3.27373624e+00   0.0000
 -5.45197958e-03   0.0000
 -1.85763180e+00   0.0000
 -9.90515277e-02   0.0000
  1.22485951e-01   0.0000
  1.07425898e-02   0.0000
  4.78561269e-04   0.0000
 -1.78486947e-03   0.0000
 -1.65750146e+00   0.0000
  4.27925062e+00   0.0000
  1.33472132e-02   0.0000
  2.21098804e+00   0.0000
 -5.54669462e-02   0.0000
  5.60290456e-01   0.0000
  1.18056070e-02   0.0000
  8.63353312e-01   0.0000
 -1.18918356e-03   0.0000
  1.03354566e-01   0.0000
  5.92901051e-01   0.0000
 -1.14956903e+00   0.0000
  2.74518132e+00   0.0000
  5.48883248e-03   0.0000
  3.42974514e-01   0.0000
  9.68774796e-01   0.0000
  1.48272803e-02   0.0000
 -1.09299205e-01   0.0000
  7.58588361e-03   0.0000
  4.83912438e-01   0.0000
  5.70755541e-01   0.0000
  1.53176367e+00   0.0000
  6.63334668e-01   0.0000
  2.39749134e-01   0.0000
 -1.88989744e-01   0.0000
  1.17686950e-03   0.0000
  1.15411103e+00   0.0000
 -2.63113052e-01   0.0000
  1.94364399e-01   0.0000
  4.12995368e-03   0.0000
  1.96932699e-03   0.0000
 -4.02691076e-03   0.0000
 -1.52780294e+00   0.0000
 -1.32515752e+00   0.0000
  1.64368246e-02   0.0000
 -1.23749876e+00   0.0000
 -6.75652772e-02   0.0000
  9.23798382e-01   0.0000
  1.34486128e-02   0.0000
  1.04348969e+00   0.0000
 -1.73578656e-03   0.0000
  2.49697223e-01   0.0000
  2.26304129e-01   0.0000
 -9.38425004e-01   0.0000
 -5.94179988e-01   0.0000
  1.50640924e-02   0.0000
  4.33767408e-01   0.0000
  3.32861453e-01   0.0000
  5.33186551e-03   0.0000
  1.95762008e-01   0.0000
  1.91707127e-02   0.0000
  1.80409878e-01   0.0000
  1.95959389e-01   0.0000
 -3.84187400e-01   0.0000
  9.68441904e-01   0.0000
  6.17089987e-01   0.0000
  3.94443184e-01   0.0000
 -2.82514468e-03   0.0000
 -5.56513608e-01   0.0000
 -4.23017532e-01   0.0000
  1.19319543e-01   0.0000
  4.72518010e-03   0.0000
 -2.79206992e-03   0.0000
  2.61335610e-03   0.0000
 -7.19821095e-01   0.0000
 -2.88992023e+00   0.0000
  9.88801569e-03   0.0000
  3.66026163e-01   0.0000
 -2.31069140e-02   0.0000
  7.42272556e-01   0.0000
  5.17031597e-03   0.0000
  1.10257876e+00   0.0000
  1.11997863e-02   0.0000
  2.28209898e-01   0.0000
  7.40003511e-02   0.0000
 -5.72873294e-01   0.0000
 -1.69845724e+00   0.0000
 -2.95476932e-02   0.0000
  4.09726977e-01   0.0000
  2.65344530e-01   0.0000
  9.73146316e-03   0.0000
  1.57796353e-01   0.0000
  2.13422477e-02   0.0000
  1.72136679e-01   0.0000
 -2.56384853e-02   0.0000
 -2.01843917e-01   0.0000
  9.09261763e-01   0.0000
  4.18362349e-01   0.0000
  1.13665015e-02   0.0000
  2.45893411e-02   0.0000
 -2.86073983e-01   0.0000
 -3.93616647e-01   0.0000
  9.68486294e-02   0.0000
 -1.46435760e-02   0.0000
  1.17913764e-02   0.0000
  1.50956690e-01   0.0000
  1.94661707e-01   0.0000
 -2.55029058e+00   0.0000
 -8.97588301e-03   0.0000
  2.86721557e-01   0.0000
 -9.77843814e-03   0.0000
  2.13366419e-01   0.0000
  5.54318423e-04   0.0000
  9.53553140e-01   0.0000
  1.23801772e-02   0.0000
  1.20034404e-02   0.0000
  1.37827843e-01   0.0000
 -5.71538866e-01   0.0000
 -1.37785447e+00   0.0000
 -2.03093654e-03   0.0000
 -1.27563020e-02   0.0000
  3.94980758e-01   0.0000
 -5.53769758e-04   0.0000
  1.67159483e-01   0.0000
  1.28774242e-02   0.0000
  2.74263829e-01   0.0000
 -1.18659616e-01   0.0000
 -2.37638697e-01   0.0000
  4.56848979e-01   0.0000
  4.27670866e-01   0.0000
 -2.22579435e-01   0.0000
  1.67702623e-02   0.0000
  6.96781203e-02   0.0000
 -2.38758639e-01   0.0000
  7.79406503e-02   0.0000
 -1.20381378e-01   0.0000
  1.91865742e-01   0.0000
  1.49574101e-01   0.0000
  7.12699890e-01   0.0000
 -2.13560319e+00   0.0000
 -1.28050879e-01   0.0000
  3.36457938e-01   0.0000
 -1.94024239e-02   0.0000
 -2.86052257e-01   0.0000
 -7.25564063e-02   0.0000
  7.84387410e-01   0.0000
  1.30544305e-01   0.0000
 -6.46527037e-02   0.0000
  2.64707953e-01   0.0000
  3.75884250e-02   0.0000
 -1.06465316e+00   0.0000
 -3.85604724e-02   0.0000
 -3.05348486e-01   0.0000
  3.62257451e-01   0.0000
 -1.20702192e-01   0.0000
  3.98120210e-02   0.0000
 -1.61165893e-02   0.0000
  4.23509479e-01   0.0000
 -1.94277152e-01   0.0000
 -1.69855207e-01   0.0000
 -4.59697023e-02   0.0000
  3.40932518e-01   0.0000
 -1.34986639e-01   0.0000
  3.93313766e-02   0.0000
  1.30105689e-01   0.0000
 -2.59731889e-01   0.0000
  8.20720643e-02   0.0000
 -1.24452367e-01   0.0000
  1.11895837e-01   0.0000
  1.76693231e-01   0.0000
  6.38364315e-01   0.0000
 -1.58227730e+00   0.0000
 -1.95360929e-01   0.0000
 -2.47902587e-01   0.0000
 -2.20960025e-02   0.0000
 -5.61273932e-01   0.0000
 -9.95493531e-02   0.0000
  7.15294838e-01   0.0000
  1.82231307e-01   0.0000
 -7.16332793e-02   0.0000
  2.97072768e-01   0.0000
 -7.56917298e-02   0.0000
 -1.06727409e+00   0.0000
 -1.83866486e-01   0.0000
 -3.65576386e-01   0.0000
  2.27217123e-01   0.0000
 -1.58404484e-01   0.0000
  2.22868025e-02   0.0000
  1.05176382e-02   0.0000
  6.43464327e-01   0.0000
 -2.33063638e-01   0.0000
  1.15595415e-01   0.0000
 -3.44634265e-01   0.0000
  2.73774534e-01   0.0000
  4.44321632e-01   0.0000
  8.33944231e-02   0.0000
  5.02748668e-01   0.0000
 -2.56721556e-01   0.0000
  5.40197715e-02   0.0000
 -2.47328773e-01   0.0000
  2.79738963e-01   0.0000
  2.94191241e-01   0.0000
  1.58529475e-01   0.0000
 -1.14649487e+00   0.0000
 -1.44050017e-01   0.0000
 -7.87337795e-02   0.0000
 -1.10052854e-01   0.0000
 -6.86623275e-01   0.0000
 -1.99265718e-01   0.0000
  8.72159421e-01   0.0000
  1.55093089e-01   0.0000
  2.95846984e-02   0.0000
  1.98762983e-01   0.0000
 -1.01907104e-01   0.0000
 -9.52362239e-01   0.0000
 -1.68058321e-01   0.0000
 -1.59854159e-01   0.0000
 -1.41137928e-01   0.0000
 -2.62009054e-01   0.0000
 -2.80993849e-01   0.0000
 -1.66661799e-01   0.0000
  8.11435640e-01   0.0000
 -2.14321464e-01   0.0000
 -1.31553471e-01   0.0000
 -1.17782426e+00   0.0000
  2.82607526e-01   0.0000
  1.45466065e+00   0.0000
  2.11807251e-01   0.0000
 -8.22326601e-01   0.0000
 -4.86856192e-01   0.0000
  3.23192999e-02   0.0000
 -2.60427207e-01   0.0000
  2.12034941e-01   0.0000
  1.37860194e-01   0.0000
 -1.17856763e-01   0.0000
 -7.31213450e-01   0.0000
 -2.74524987e-01   0.0000
 -3.41322243e-01   0.0000
 -2.04261336e-02   0.0000
 -9.87840071e-02   0.0000
 -3.71308208e-01   0.0000
  1.23831260e+00   0.0000
  1.77909583e-01   0.0000
  2.41890982e-01   0.0000
  1.22767136e-01   0.0000
  9.04127240e-01   0.0000
 -9.54878569e-01   0.0000
 -2.20574751e-01   0.0000
  3.53867769e-01   0.0000
 -5.51390707e-01   0.0000
 -3.89595777e-01   0.0000
 -4.99185890e-01   0.0000
 -3.06885630e-01   0.0000
  7.93932855e-01   0.0000
 -1.44956261e-01   0.0000
 -3.86670232e-01   0.0000
  1.08861424e-01   0.0000
 -4.28664349e-02   0.0000
 -5.03002405e-01   0.0000
  1.18799038e-01   0.0000
  8.81132901e-01   0.0000
 -1.68265313e-01   0.0000
  7.52903521e-02   0.0000
 -3.32680434e-01   0.0000
  1.25165179e-01   0.0000
  2.78473705e-01   0.0000
  2.10304976e+00   0.0000
  2.26346239e-01   0.0000
 -1.26627430e-01   0.0000
 -1.89349043e+00   0.0000
 -4.34006043e-02   0.0000
  1.40914783e-01   0.0000
 -1.91269219e-01   0.0000
  1.15089905e+00   0.0000
  6.76242039e-02   0.0000
  6.11348674e-02   0.0000
  1.08489108e+00   0.0000
  3.36494505e-01   0.0000
 -1.16142720e-01   0.0000
 -2.54189074e-01   0.0000
  7.21723288e-02   0.0000
  1.33570564e+00   0.0000
 -1.50775731e-01   0.0000
 -8.75081062e-01   0.0000
 -1.57225177e-01   0.0000
  4.15156662e-01   0.0000
  1.31343409e-01   0.0000
 -4.28121358e-01   0.0000
  6.04607128e-02   0.0000
 -1.38143587e+00   0.0000
 -2.74837643e-01   0.0000
  6.58690810e-01   0.0000
  6.83550239e-01   0.0000
 -2.52329141e-01   0.0000
 -7.39669740e-01   0.0000
 -6.33745730e-01   0.0000
 -9.30895209e-01   0.0000
 -3.48529100e-01   0.0000
  6.33876994e-02   0.0000
 -2.66347229e-02   0.0000
  6.03451371e-01   0.0000
 -5.11254126e-04   0.0000
 -7.92807579e-01   0.0000
 -2.73174912e-01   0.0000
 -1.56197011e-01   0.0000
 -7.09475756e-01   0.0000
 -2.75501639e-01   0.0000
 -8.59949231e-01   0.0000
 -4.94955748e-01   0.0000
  1.24133402e-03   0.0000
 -4.97794431e-03   0.0000
  3.00358366e-02   0.0000
 -1.68822720e-04   0.0000
  5.23703754e-01   0.0000
  7.17720211e-01   0.0000
  4.65377003e-01   0.0000
  2.85289764e-01   0.0000
 -4.97328281e-01   0.0000
  9.35876220e-02   0.0000
 -7.25784421e-01   0.0000
 -5.56127504e-02   0.0000
  1.39148012e-01   0.0000
  1.05407611e-01   0.0000
 -2.44131207e-01   0.0000
 -2.79754937e-01   0.0000
  4.83618647e-01   0.0000
  3.09531271e-01   0.0000
  3.45668644e-01   0.0000
  2.76955605e-01   0.0000
  1.51096195e-01   0.0000
 -6.15230687e-02   0.0000
 -8.06241482e-02   0.0000
 -3.00826192e-01   0.0000
  1.68995617e-03   0.0000
  4.58452493e-01   0.0000
  9.70486850e-02   0.0000
  6.56636879e-02   0.0000
  3.51026118e-01   0.0000
  1.57671884e-01   0.0000
  4.35677141e-01   0.0000
  1.96185216e-01   0.0000
 -3.45252396e-04   0.0000
  1.79729220e-02   0.0000
 -9.26609524e-03   0.0000
 -2.75719888e-03   0.0000
 -3.33079189e-01   0.0000
 -2.97721505e-01   0.0000
 -2.43704721e-01   0.0000
 -7.11812198e-01   0.0000
  1.57833055e-01   0.0000
 -7.71951899e-02   0.0000
  3.89409661e-01   0.0000
  1.64098680e-01   0.0000
 -1.73609424e-02   0.0000
 -1.90642789e-01   0.0000
  4.75640476e-01   0.0000
  3.91072512e-01   0.0000
 -1.33793318e+00   0.0000
 -6.52096868e-01   0.0000
 -1.61467457e+00   0.0000
 -6.30731344e-01   0.0000
 -2.76590019e-01   0.0000
  5.41954637e-02   0.0000
 -1.18208015e+00   0.0000
  5.09288251e-01   0.0000
  5.38287568e-04   0.0000
 -8.62532377e-01   0.0000
 -2.04597875e-01   0.0000
 -3.32653403e-01   0.0000
 -9.47058916e-01   0.0000
 -3.89896631e-01   0.0000
 -9.82796192e-01   0.0000
 -3.54745060e-01   0.0000
  3.46627232e-04   0.0000
 -1.76278967e-02   0.0000
  1.13030644e-02   0.0000
  3.89596738e-04   0.0000
  4.82674867e-01   0.0000
  4.07530755e-01   0.0000
  4.34651643e-01   0.0000
  1.33933699e+00   0.0000
 -3.76102030e-01   0.0000
  1.40981764e-01   0.0000
 -6.45567596e-01   0.0000
 -6.21359609e-03   0.0000
 -4.36212756e-02   0.0000
  8.35211389e-03   0.0000
 -3.35295275e-02   0.0000
 -2.55927397e-03   0.0000
  6.66276962e-02   0.0000
  2.72282567e-02   0.0000
  1.71317011e-02   0.0000
  3.91902216e-03   0.0000
  8.74134339e-03   0.0000
 -7.10721733e-03   0.0000
  1.75620899e-01   0.0000
 -4.50078472e-02   0.0000
 -1.23344027e-04   0.0000
  3.51444408e-02   0.0000
  1.27364658e-02   0.0000
  7.61221629e-03   0.0000
  3.34621891e-02   0.0000
  4.35235118e-03   0.0000
  6.58602640e-02   0.0000
  1.25336545e-02   0.0000
 -1.96931751e-06   0.0000
  1.79242707e-04   0.0000
 -6.98465679e-04   0.0000
 -1.38482574e-04   0.0000
 -7.44304880e-02   0.0000
  2.10559350e-02   0.0000
 -2.60583013e-02   0.0000
 -1.14723906e-01   0.0000
  2.08707657e-02   0.0000
 -1.27550436e-03   0.0000
  4.46315371e-02   0.0000
 -7.80368363e-03   0.0000
 -7.31002688e-01   0.0000
  3.70701812e-02   0.0000
 -1.04783680e-02   0.0000
 -2.68433094e-02   0.0000
 -9.43636894e-01   0.0000
  2.84880456e-02   0.0000
 -6.56435609e-01   0.0000
 -3.59679133e-01   0.0000
  4.48219739e-02   0.0000
 -6.85308874e-03   0.0000
 -1.58115840e+00   0.0000
  3.50720324e-02   0.0000
 -2.63063790e-04   0.0000
 -2.13155925e-01   0.0000
  1.96426585e-02   0.0000
  1.08509809e-02   0.0000
 -4.77212906e-01   0.0000
  1.84649602e-02   0.0000
 -1.71850905e-01   0.0000
  3.63732241e-02   0.0000
 -1.84696482e-03   0.0000
  4.93171923e-02   0.0000
 -1.68979890e-03   0.0000
  4.73942287e-04   0.0000
 -1.88875273e-02   0.0000
 -3.15042436e-02   0.0000
  5.84119037e-02   0.0000
  5.16402483e-01   0.0000
  2.42720377e-02   0.0000
 -7.95202237e-03   0.0000
  2.15160474e-02   0.0000
  4.22113836e-02   0.0000
  3.60032052e-01   0.0000
  8.73552542e-03   0.0000
 -7.67053477e-03   0.0000
  3.68794566e-03   0.0000
  2.73169428e-01   0.0000
  2.63525378e-02   0.0000
  2.68534929e-01   0.0000
  2.50358433e-01   0.0000
  1.42407203e-02   0.0000
 -2.96633434e-03   0.0000
  3.22727323e-01   0.0000
 -6.53880648e-03   0.0000
 -5.68473886e-04   0.0000
  1.66541383e-01   0.0000
 -2.01393459e-02   0.0000
  4.35285008e-04   0.0000
  2.68122494e-01   0.0000
 -1.56935621e-02   0.0000
  1.62878841e-01   0.0000
  2.60634366e-02   0.0000
 -2.26603076e-03   0.0000
 -3.84038110e-04   0.0000
  2.17254783e-04   0.0000
  1.73634454e-03   0.0000
 -2.38077203e-03   0.0000
 -1.34266075e-02   0.0000
  7.22392433e-05   0.0000
 -1.92201972e-01   0.0000
  2.75299456e-02   0.0000
 -1.33126620e-02   0.0000
  5.53944632e-02   0.0000
 -6.06812686e-02   0.0000
 -1.57456130e-01   0.0000
  1.46324188e-02   0.0000
 -5.62523352e-03   0.0000
 -5.81710264e-02   0.0000
 -7.10020959e-02   0.0000
 -2.11726618e-03   0.0000
 -1.54705346e-01   0.0000
 -1.24775410e-01   0.0000
  7.66707882e-02   0.0000
 -1.33553538e-02   0.0000
 -6.53704926e-02   0.0000
 -1.16483802e-02   0.0000
  4.13281727e-04   0.0000
 -9.18369144e-02   0.0000
  4.53271233e-02   0.0000
  3.33211161e-02   0.0000
 -1.23061955e-01   0.0000
 -1.17092882e-03   0.0000
 -7.20662251e-02   0.0000
  4.08239886e-02   0.0000
  1.75122439e-03   0.0000
  8.91269445e-02   0.0000
 -1.01312529e-03   0.0000
  6.01576699e-04   0.0000
 -2.12340802e-02   0.0000
  3.43673043e-02   0.0000
 -5.16486121e-03   0.0000
  4.23624776e-02   0.0000
  1.12057040e-02   0.0000
 -1.57557242e-02   0.0000
 -9.45038162e-03   0.0000
  7.68954121e-03   0.0000
 -1.58314735e-01   0.0000
 -2.69365963e-02   0.0000
  9.94897112e-02   0.0000
  5.64651527e-02   0.0000
 -1.53572828e-01   0.0000
 -3.00983600e-02   0.0000
 -8.11133906e-02   0.0000
 -1.38889343e-01   0.0000
 -1.05282916e-02   0.0000
  1.46042276e-02   0.0000
 -4.02508914e-01   0.0000
  8.82312506e-02   0.0000
 -3.80239770e-04   0.0000
 -1.30255073e-01   0.0000
 -6.62107468e-02   0.0000
 -8.98957625e-03   0.0000
 -2.21749932e-01   0.0000
 -2.07064822e-02   0.0000
 -8.94410014e-02   0.0000
 -3.29655297e-02   0.0000
 -1.31238846e-03   0.0000
 -1.51312705e-02   0.0000
  2.22561139e-04   0.0000
 -1.93671824e-03   0.0000
  1.33594424e-01   0.0000
  6.22940697e-02   0.0000
  3.99701186e-02   0.0000
  2.16115430e-01   0.0000
 -3.21907625e-02   0.0000
  9.44953319e-03   0.0000
 -1.89986259e-01   0.0000
 -1.03615671e-02   0.0000
  1.81806698e-01   0.0000
  3.00607849e-02   0.0000
 -1.45853251e-01   0.0000
 -1.64644957e-01   0.0000
  1.84937507e-01   0.0000
  1.66751832e-01   0.0000
  1.19029261e-01   0.0000
  4.10788618e-02   0.0000
  3.97658572e-02   0.0000
 -1.34772863e-02   0.0000
  2.57708937e-01   0.0000
 -1.54695377e-01   0.0000
 -9.76618103e-05   0.0000
  9.36505198e-02   0.0000
  1.03388004e-01   0.0000
  1.18284896e-02   0.0000
  2.38852441e-01   0.0000
  5.27949966e-02   0.0000
  1.82047173e-01   0.0000
  9.59195569e-02   0.0000
 -9.59545199e-04   0.0000
  3.01423669e-03   0.0000
 -5.19998779e-04   0.0000
 -2.24816217e-03   0.0000
 -8.65820721e-02   0.0000
 -6.84381053e-02   0.0000
 -7.86101148e-02   0.0000
 -2.92785585e-01   0.0000
  1.38106734e-01   0.0000
 -3.48399729e-02   0.0000
  1.72384962e-01   0.0000
 -7.31490552e-03   0.0000
  2.13762388e-01   0.0000
  3.13117169e-02   0.0000
 -4.10861224e-02   0.0000
 -4.60795918e-03   0.0000
  1.40677184e-01   0.0000
  4.93111722e-02   0.0000
  4.11272235e-02   0.0000
  1.02098361e-01   0.0000
  4.68412228e-02   0.0000
 -7.99937081e-03   0.0000
  3.69053185e-01   0.0000
 -6.75930828e-02   0.0000
  4.18973650e-04   0.0000
  2.15633154e-01   0.0000
  2.54088957e-02   0.0000
  2.98761502e-02   0.0000
  6.66470602e-02   0.0000
  2.66654859e-03   0.0000
  9.65164080e-02   0.0000
  3.50968391e-02   0.0000
 -5.52639423e-04   0.0000
  1.07259330e-04   0.0000
 -1.54547990e-04   0.0000
 -9.16408026e-04   0.0000
 -1.23981707e-01   0.0000
  1.81007478e-02   0.0000
 -3.97422053e-02   0.0000
 -1.91689000e-01   0.0000
  3.48285474e-02   0.0000
 -7.64437998e-03   0.0000
  1.35931551e-01   0.0000
 -1.39113009e-01   0.0000
  1.71244371e+00   0.0000
  6.05158769e-02   0.0000
 -1.04187436e-01   0.0000
 -5.63080430e-01   0.0000
  2.06604913e-01   0.0000
 -4.87029785e-03   0.0000
  2.83400029e-01   0.0000
  1.00867248e+00   0.0000
  1.86969250e-01   0.0000
 -1.06236242e-01   0.0000
  1.00305629e+00   0.0000
  9.64831561e-03   0.0000
  2.09741597e-03   0.0000
  3.94235402e-01   0.0000
  8.67842883e-02   0.0000
  1.49874285e-01   0.0000
  7.24978685e-01   0.0000
  4.69678164e-01   0.0000
  3.43064845e-01   0.0000
  1.71884492e-01   0.0000
 -6.88250235e-04   0.0000
  2.19063032e-02   0.0000
 -6.34961622e-03   0.0000
 -3.39354598e-03   0.0000
  8.30146950e-03   0.0000
 -8.53840947e-01   0.0000
 -1.49969999e-02   0.0000
 -3.09006274e-01   0.0000
 -5.97724458e-03   0.0000
 -9.30006951e-02   0.0000
 -2.55994070e-02   0.0000
  3.24992910e-02   0.0000
  1.65828586e+00   0.0000
  6.59445673e-02   0.0000
 -2.55123705e-01   0.0000
 -1.60110071e-01   0.0000
  2.18075085e+00   0.0000
  4.94893521e-01   0.0000
  1.71547604e+00   0.0000
  1.35527098e+00   0.0000
  1.16569713e-01   0.0000
 -5.44032902e-02   0.0000
  3.07351542e+00   0.0000
 -4.04649556e-01   0.0000
  4.92013605e-05   0.0000
  1.04049540e+00   0.0000
  6.75656125e-02   0.0000
  2.36357152e-02   0.0000
  1.50860572e+00   0.0000
  1.06508538e-01   0.0000
  9.44013476e-01   0.0000
  1.95729211e-01   0.0000
 -1.11290265e-03   0.0000
 -1.35344148e-01   0.0000
 -2.26431452e-02   0.0000
 -1.47797495e-01   0.0000
 -4.88851249e-01   0.0000
 -1.17552683e-01   0.0000
 -3.73941213e-01   0.0000
 -1.45547915e+00   0.0000
  2.59456366e-01   0.0000
 -5.33617102e-02   0.0000
  5.42553008e-01   0.0000
  9.34881121e-02   0.0000
 -1.93689875e-02   0.0000
 -3.42023931e-02   0.0000
  7.24560395e-02   0.0000
  5.33439964e-02   0.0000
 -1.00430444e-01   0.0000
 -7.45437369e-02   0.0000
 -4.39133234e-02   0.0000
 -3.71786244e-02   0.0000
 -1.54356927e-01   0.0000
  1.63257897e-01   0.0000
 -2.55839974e-01   0.0000
  1.00472778e-01   0.0000
 -1.77988652e-04   0.0000
 -5.86269647e-02   0.0000
 -2.17315163e-02   0.0000
 -1.68398172e-01   0.0000
 -5.33866473e-02   0.0000
 -1.92944974e-01   0.0000
 -8.84157717e-02   0.0000
 -6.86488301e-02   0.0000
  2.09546462e-03   0.0000
 -1.51510444e-03   0.0000
  1.49882585e-03   0.0000
  3.81307001e-03   0.0000
  5.60023561e-02   0.0000
  8.12626183e-02   0.0000
  5.93276881e-02   0.0000
  1.35712445e-01   0.0000
 -4.33600135e-02   0.0000
  4.74825548e-03   0.0000
 -7.59615526e-02   0.0000
 -5.95469065e-02   0.0000
  1.86298430e+00   0.0000
  8.80940408e-02   0.0000
 -4.19143289e-01   0.0000
 -3.07909817e-01   0.0000
  2.93759799e+00   0.0000
  4.65210319e-01   0.0000
  2.18679571e+00   0.0000
  1.29934323e+00   0.0000
  1.38709038e-01   0.0000
 -5.58249056e-02   0.0000
  4.15206289e+00   0.0000
 -3.74553233e-01   0.0000
 -9.02755558e-03   0.0000
  9.74103332e-01   0.0000
  9.37022865e-02   0.0000
  4.23384868e-02   0.0000
  1.60012472e+00   0.0000
  1.22130267e-01   0.0000
  1.03441560e+00   0.0000
  2.04838693e-01   0.0000
 -3.63612460e-04   0.0000
  2.66502686e-02   0.0000
 -7.69316219e-03   0.0000
 -1.48850912e-02   0.0000
 -5.03084779e-01   0.0000
 -3.20161462e-01   0.0000
 -3.97176832e-01   0.0000
 -1.88957655e+00   0.0000
  2.49096915e-01   0.0000
 -2.28238199e-02   0.0000
  6.39379144e-01   0.0000
  3.67445941e-03   0.0000
  2.60183169e-03   0.0000
 -1.78474542e-02   0.0000
  1.55780502e-02   0.0000
  1.13928895e-02   0.0000
 -1.06320202e-01   0.0000
 -2.78189145e-02   0.0000
 -1.64811071e-02   0.0000
 -6.24460960e-03   0.0000
 -1.68089978e-02   0.0000
  3.15048806e-02   0.0000
 -2.34522104e-01   0.0000
  3.26677784e-02   0.0000
  1.19757737e-04   0.0000
 -5.88317327e-02   0.0000
 -1.44547345e-02   0.0000
 -6.62292587e-03   0.0000
 -5.02288528e-02   0.0000
 -9.05427057e-03   0.0000
 -6.70529082e-02   0.0000
 -3.01277246e-02   0.0000
 -2.44388037e-04   0.0000
 -2.48570484e-03   0.0000
  2.25594296e-04   0.0000
  6.34765427e-04   0.0000
  5.21602258e-02   0.0000
  9.34342481e-03   0.0000
  6.39701709e-02   0.0000
  1.10102631e-01   0.0000
 -2.14425772e-02   0.0000
  1.40240919e-02   0.0000
 -6.95710331e-02   0.0000
 -5.61371213e-03   0.0000
 -1.32084417e+00   0.0000
 -5.59600703e-02   0.0000
  3.00996691e-01   0.0000
 -7.04278722e-02   0.0000
 -1.54762715e-01   0.0000
 -4.19382662e-01   0.0000
 -3.46191466e-01   0.0000
 -1.20312381e+00   0.0000
 -4.38620858e-02   0.0000
 -1.62994079e-02   0.0000
 -2.51638591e-01   0.0000
  4.05162334e-01   0.0000
  3.32337659e-04   0.0000
 -7.37042367e-01   0.0000
 -5.14151081e-02   0.0000
 -2.02801209e-02   0.0000
 -7.92473495e-01   0.0000
  4.15805429e-02   0.0000
 -5.75280905e-01   0.0000
 -1.41981959e-01   0.0000
 -2.46948301e-04   0.0000
  4.92585078e-03   0.0000
 -3.81628168e-04   0.0000
  1.91022828e-02   0.0000
  3.08433026e-01   0.0000
 -1.71330765e-01   0.0000
  2.49272928e-01   0.0000
  2.64860123e-01   0.0000
 -2.32502908e-01   0.0000
 -1.82289965e-02   0.0000
 -5.46639025e-01   0.0000
  1.60904229e-02   0.0000
 -6.64205402e-02   0.0000
 -1.83181483e-02   0.0000
  2.84317546e-02   0.0000
  5.72278984e-02   0.0000
 -1.69080392e-01   0.0000
 -2.16424428e-02   0.0000
 -2.93392334e-02   0.0000
 -5.52799664e-02   0.0000
 -9.99726206e-02   0.0000
  3.57098598e-03   0.0000
 -2.26329952e-01   0.0000
  6.32867664e-02   0.0000
 -3.95274721e-04   0.0000
 -1.79009616e-01   0.0000
 -2.14462560e-02   0.0000
 -9.75616369e-03   0.0000
 -5.98389134e-02   0.0000
 -2.38310061e-02   0.0000
 -9.06197578e-02   0.0000
 -1.18021108e-02   0.0000
 -9.57023803e-05   0.0000
 -9.02271923e-03   0.0000
  5.89139818e-04   0.0000
 -5.57876425e-04   0.0000
  1.53679475e-01   0.0000
 -2.16021296e-03   0.0000
  4.83882613e-02   0.0000
  3.38075191e-01   0.0000
 -5.96791804e-02   0.0000
  3.52156162e-03   0.0000
 -1.26785740e-01   0.0000
  1.11596711e-01   0.0000
  8.07358861e-01   0.0000
 -5.50846606e-02   0.0000
  1.30791485e-01   0.0000
  2.64282584e-01   0.0000
  1.01159513e+00   0.0000
 -1.02519862e-01   0.0000
  3.00444245e-01   0.0000
  2.30161130e-01   0.0000
 -1.19157664e-01   0.0000
  1.22260652e-01   0.0000
  2.13074207e+00   0.0000
  9.92688015e-02   0.0000
  1.27709284e-03   0.0000
  1.93733629e-02   0.0000
 -4.28924635e-02   0.0000
 -3.15155946e-02   0.0000
  4.75413740e-01   0.0000
 -1.01434745e-01   0.0000
 -5.98132657e-03   0.0000
 -1.44727796e-01   0.0000
  4.73049993e-04   0.0000
 -4.83827107e-02   0.0000
  3.03464127e-03   0.0000
 -4.81867930e-03   0.0000
  1.09989725e-01   0.0000
  4.09517646e-01   0.0000
  9.87696648e-02   0.0000
 -1.35229766e-01   0.0000
 -7.82088414e-02   0.0000
  1.60857335e-01   0.0000
 -1.49554864e-01   0.0000
 -1.33479089e-02   0.0000
  1.82314262e-01   0.0000
  9.13477242e-02   0.0000
 -1.38622984e-01   0.0000
 -1.04606777e-01   0.0000
  1.96114898e-01   0.0000
  4.42264862e-02   0.0000
  5.44922836e-02   0.0000
  1.68565825e-01   0.0000
  1.32413596e-01   0.0000
 -8.00045487e-03   0.0000
  2.75030196e-01   0.0000
 -3.21134627e-02   0.0000
 -6.73435716e-05   0.0000
  1.25446305e-01   0.0000
  5.89915551e-02   0.0000
  1.45851448e-02   0.0000
  1.17338531e-01   0.0000
  6.47579357e-02   0.0000
  1.10664777e-01   0.0000
  1.61768775e-02   0.0000
  7.76132394e-04   0.0000
  6.73884409e-04   0.0000
 -3.93615710e-03   0.0000
 -6.16703043e-03   0.0000
 -8.65732729e-02   0.0000
 -1.21192403e-01   0.0000
 -4.04531248e-02   0.0000
 -2.24894524e-01   0.0000
  4.45240587e-02   0.0000
 -1.13144992e-02   0.0000
  7.82137662e-02   0.0000
 -3.70697044e-02   0.0000
 -4.64208484e-01   0.0000
  5.10842167e-03   0.0000
  4.54195030e-02   0.0000
 -2.49303654e-02   0.0000
 -4.58427876e-01   0.0000
 -7.39865452e-02   0.0000
 -4.44240242e-01   0.0000
 -5.12301922e-01   0.0000
  7.14138942e-03   0.0000
 -1.79875791e-02   0.0000
 -4.12030458e-01   0.0000
  2.50116289e-02   0.0000
 -1.29174558e-03   0.0000
 -3.40240419e-01   0.0000
 -1.53978122e-03   0.0000
  5.50581655e-03   0.0000
 -5.29212713e-01   0.0000
 -1.39158231e-03   0.0000
 -2.84091026e-01   0.0000
  8.40883981e-03   0.0000
 -1.73013681e-03   0.0000
  5.10907173e-02   0.0000
 -5.15116553e-04   0.0000
  1.53704395e-03   0.0000
  4.45458144e-02   0.0000
  3.31866592e-02   0.0000
  1.36448187e-03   0.0000
  4.54940081e-01   0.0000
  4.20427555e-03   0.0000
 -2.87199463e-03   0.0000
 -6.35450557e-02   0.0000
  9.22097415e-02   0.0000
  8.35885286e-01   0.0000
 -5.49974814e-02   0.0000
  2.98843272e-02   0.0000
  1.28451303e-01   0.0000
  3.62683296e-01   0.0000
  1.54529773e-02   0.0000
  5.46092570e-01   0.0000
  5.35897434e-01   0.0000
 -4.28614505e-02   0.0000
  7.51434267e-02   0.0000
  7.07280219e-01   0.0000
 -3.16406041e-02   0.0000
 -2.88089877e-03   0.0000
  3.72229666e-01   0.0000
 -2.28636991e-02   0.0000
 -1.11998826e-01   0.0000
  1.89298838e-01   0.0000
 -6.93635596e-03   0.0000
  3.85245264e-01   0.0000
 -5.42691760e-02   0.0000
 -1.03763479e-04   0.0000
 -8.55172351e-02   0.0000
 -3.59163713e-03   0.0000
 -1.11127144e-03   0.0000
 -1.03927236e-02   0.0000
  7.59953037e-02   0.0000
 -1.52030503e-02   0.0000
 -1.97639912e-01   0.0000
 -3.92047353e-02   0.0000
 -2.41603553e-02   0.0000
  2.04379484e-02   0.0000
  3.05393292e-03   0.0000
  8.59565496e-01   0.0000
 -3.40537215e-03   0.0000
 -5.01141064e-02   0.0000
 -1.76344529e-01   0.0000
  3.61082703e-01   0.0000
  7.92256445e-02   0.0000
  5.97326100e-01   0.0000
  6.80548191e-01   0.0000
 -1.60062584e-04   0.0000
  1.36019448e-02   0.0000
  1.07878196e+00   0.0000
  9.26432572e-03   0.0000
  2.19070516e-03   0.0000
  2.25470021e-01   0.0000
 -2.49446090e-02   0.0000
 -5.18477187e-02   0.0000
  6.20291054e-01   0.0000
 -6.69309497e-02   0.0000
  1.82884872e-01   0.0000
  3.68680595e-03   0.0000
  1.34896254e-03   0.0000
  1.48161559e-03   0.0000
 -9.93759837e-04   0.0000
 -2.45269475e-04   0.0000
 -9.11697000e-02   0.0000
 -9.55436230e-02   0.0000
 -6.60238340e-02   0.0000
 -5.35605073e-01   0.0000
  6.34591058e-02   0.0000
  2.00385228e-02   0.0000
  7.87842423e-02   0.0000
  7.80569986e-02   0.0000
  3.04888427e-01   0.0000
 -1.67124514e-02   0.0000
  1.55983102e-02   0.0000
  9.64761898e-03   0.0000
  7.25967884e-01   0.0000
 -8.44897516e-03   0.0000
  6.04814112e-01   0.0000
  1.69691205e-01   0.0000
 -6.14447705e-03   0.0000
  9.27714780e-02   0.0000
  1.22955418e+00   0.0000
  5.52729750e-03   0.0000
  7.65310880e-03   0.0000
  1.66566610e-01   0.0000
 -3.88304926e-02   0.0000
 -4.37455252e-03   0.0000
  3.84288371e-01   0.0000
  3.28679336e-03   0.0000
  2.24477485e-01   0.0000
 -5.03487028e-02   0.0000
  4.64793120e-04   0.0000
 -6.76881662e-03   0.0000
 -1.91627782e-06   0.0000
  2.46706419e-03   0.0000
  8.09220504e-03   0.0000
 -1.10042870e-01   0.0000
 -1.69991180e-02   0.0000
 -3.55664283e-01   0.0000
  2.68091150e-02   0.0000
  3.42778699e-03   0.0000
  6.96321279e-02   0.0000
  1.77137613e-01   0.0000
 -1.22867180e-02   0.0000
 -4.69703339e-02   0.0000
  2.23991890e-02   0.0000
  1.79982305e-01   0.0000
 -7.60107264e-02   0.0000
 -5.92256822e-02   0.0000
 -1.20118875e-02   0.0000
  6.17687218e-03   0.0000
 -1.13327317e-01   0.0000
  1.62528083e-01   0.0000
 -2.34436989e-01   0.0000
  3.81731205e-02   0.0000
  1.69206597e-03   0.0000
 -3.85015458e-02   0.0000
 -1.12601202e-02   0.0000
 -1.18711136e-01   0.0000
 -7.64537081e-02   0.0000
 -1.52827203e-01   0.0000
 -7.76056945e-02   0.0000
 -1.14058234e-01   0.0000
 -7.40233634e-04   0.0000
 -1.52280144e-02   0.0000
 -2.82252295e-04   0.0000
 -9.01348889e-04   0.0000
  6.30297288e-02   0.0000
  1.01299188e-03   0.0000
  3.92443873e-02   0.0000
  8.65413696e-02   0.0000
 -2.30803713e-02   0.0000
  4.43207808e-02   0.0000
 -3.01766545e-02   0.0000
 -1.50338211e-03   0.0000
 -5.63178062e-01   0.0000
 -2.10423395e-03   0.0000
  1.19082153e-01   0.0000
  1.33419810e-02   0.0000
 -1.71710789e-01   0.0000
 -1.10454030e-01   0.0000
 -1.60087973e-01   0.0000
 -3.25689167e-01   0.0000
  2.52190977e-03   0.0000
 -2.03605499e-02   0.0000
 -1.30265266e-01   0.0000
  1.02652587e-01   0.0000
 -5.00089210e-03   0.0000
 -2.35608384e-01   0.0000
  1.35760428e-02   0.0000
  3.07318778e-03   0.0000
 -2.53464192e-01   0.0000
 -3.02169193e-03   0.0000
 -3.04748178e-01   0.0000
 -4.21092249e-02   0.0000
 -7.35038426e-03   0.0000
  1.40934531e-02   0.0000
 -2.19319924e-03   0.0000
 -1.86145000e-04   0.0000
  7.85521939e-02   0.0000
  3.01547945e-02   0.0000
  8.37295502e-02   0.0000
  2.20797300e-01   0.0000
 -2.06044111e-02   0.0000
 -2.22421158e-02   0.0000
 -1.55990288e-01   0.0000
  3.88592072e-02   0.0000
  1.24865723e+00   0.0000
  7.70615786e-02   0.0000
 -2.45342091e-01   0.0000
 -2.21975759e-01   0.0000
  7.91791439e-01   0.0000
  3.39698404e-01   0.0000
  5.84255815e-01   0.0000
  9.68976915e-01   0.0000
  1.21530093e-01   0.0000
  6.46778382e-03   0.0000
  8.48266006e-01   0.0000
 -2.23207980e-01   0.0000
 -4.05597640e-03   0.0000
  7.02741504e-01   0.0000
  6.27365336e-02   0.0000
  2.46335659e-02   0.0000
  7.32015371e-01   0.0000
  1.37398586e-01   0.0000
  5.77118337e-01   0.0000
  1.82458803e-01   0.0000
  2.28788005e-03   0.0000
 -3.19370301e-03   0.0000
  2.99658626e-03   0.0000
 -5.43314777e-02   0.0000
 -2.38000944e-01   0.0000
 -3.19191962e-01   0.0000
 -1.81723192e-01   0.0000
 -5.89426637e-01   0.0000
  1.37363076e-01   0.0000
 -4.94341888e-02   0.0000
  3.65923405e-01   0.0000
  9.03333630e-03   0.0000
 -1.85087278e-01   0.0000
 -4.48878668e-02   0.0000
  5.24391867e-02   0.0000
  1.35723174e-01   0.0000
 -2.44439110e-01   0.0000
 -4.71940637e-02   0.0000
 -6.27889708e-02   0.0000
 -2.29839206e-01   0.0000
 -9.44337714e-03   0.0000
  9.08432063e-03   0.0000
 -3.50684553e-01   0.0000
  3.24371941e-02   0.0000
  2.18519272e-04   0.0000
 -9.09344554e-02   0.0000
 -8.98829289e-03   0.0000
 -1.57176927e-02   0.0000
 -2.43244231e-01   0.0000
 -8.83250777e-03   0.0000
 -1.26355767e-01   0.0000
 -5.64008951e-02   0.0000
  2.50842562e-03   0.0000
 -1.99636668e-02   0.0000
  8.93000106e-04   0.0000
 -7.02630932e-05   0.0000
  1.84620738e-01   0.0000
  5.97256683e-02   0.0000
  4.81077582e-02   0.0000
  2.14944199e-01   0.0000
 -6.61287680e-02   0.0000
  8.70952569e-03   0.0000
 -1.02253415e-01   0.0000
  3.70648094e-02   0.0000
  1.90238819e-01   0.0000
 -4.83967923e-02   0.0000
  3.03670838e-02   0.0000
  8.71409923e-02   0.0000
  4.35663790e-01   0.0000
 -4.12350260e-02   0.0000
  1.50143683e-01   0.0000
  1.33278832e-01   0.0000
 -6.66698441e-02   0.0000
  2.22431514e-02   0.0000
  1.08198488e+00   0.0000
  6.07788190e-02   0.0000
  2.15413398e-03   0.0000
  7.67733604e-02   0.0000
 -4.03794199e-02   0.0000
 -4.75962348e-02   0.0000
  1.42744809e-01   0.0000
 -3.53979729e-02   0.0000
 -3.65816057e-02   0.0000
 -4.99014892e-02   0.0000
  3.55969160e-03   0.0000
 -6.94871182e-03   0.0000
  7.45477388e-04   0.0000
  8.94673634e-04   0.0000
  4.98115681e-02   0.0000
  8.93001556e-02   0.0000
  5.98698445e-02   0.0000
 -2.73615330e-01   0.0000
 -6.22022711e-02   0.0000
  3.24154794e-02   0.0000
 -9.69649944e-03   0.0000
  1.75703123e-01   0.0000
  4.13914560e-04   0.0000
 -1.00571185e-01   0.0000
  9.16921645e-02   0.0000
  1.35140843e-03   0.0000
 -1.04770288e-01   0.0000
 -3.21690515e-02   0.0000
 -2.01549605e-02   0.0000
 -2.28487924e-02   0.0000
 -6.68586940e-02   0.0000
  3.43750231e-03   0.0000
 -2.37095326e-01   0.0000
  2.45951414e-02   0.0000
  1.81435596e-03   0.0000
 -3.43651772e-02   0.0000
 -4.86513004e-02   0.0000
 -2.60647014e-02   0.0000
 -7.89156854e-02   0.0000
 -1.81740358e-01   0.0000
 -1.09210514e-01   0.0000
 -7.73202479e-02   0.0000
 -2.18098541e-03   0.0000
 -6.98513165e-02   0.0000
  9.91162495e-04   0.0000
 -4.38762829e-04   0.0000
  4.70394082e-02   0.0000
  1.48033947e-01   0.0000
  3.10516730e-02   0.0000
  1.52870879e-01   0.0000
 -9.90234092e-02   0.0000
  9.65482071e-02   0.0000
 -5.02602607e-02   0.0000
 -9.94875561e-04   0.0000
  5.14651537e-01   0.0000
 -5.13489684e-03   0.0000
 -8.28991160e-02   0.0000
 -1.21725515e-01   0.0000
  3.79107803e-01   0.0000
  4.91632819e-02   0.0000
  2.13468403e-01   0.0000
  4.34092641e-01   0.0000
  2.64713541e-02   0.0000
  5.41689619e-02   0.0000
  5.55855989e-01   0.0000
 -9.01829824e-03   0.0000
 -2.70722457e-03   0.0000
  3.40506524e-01   0.0000
 -4.04661801e-03   0.0000
  9.62764490e-03   0.0000
  3.54682624e-01   0.0000
  5.20302318e-02   0.0000
  2.13857889e-01   0.0000
  2.51168683e-02   0.0000
 -1.79531507e-03   0.0000
 -2.07657414e-03   0.0000
 -1.11338617e-04   0.0000
 -1.08752016e-03   0.0000
 -2.14555413e-02   0.0000
 -1.38395265e-01   0.0000
  2.54129688e-03   0.0000
 -3.26887220e-01   0.0000
 -6.51892927e-03   0.0000
  1.84282858e-03   0.0000
  1.22614197e-01   0.0000
 -2.31314570e-01   0.0000
  4.42908823e-01   0.0000
  1.49927452e-01   0.0000
 -4.01966095e-01   0.0000
 -4.10817057e-01   0.0000
  4.89895865e-02   0.0000
  3.56403798e-01   0.0000
 -1.64887786e-01   0.0000
  3.79512876e-01   0.0000
  2.57129014e-01   0.0000
 -7.39608184e-02   0.0000
  3.33757937e-01   0.0000
 -2.75079340e-01   0.0000
 -1.91706903e-02   0.0000
  3.46934170e-01   0.0000
  1.20977446e-01   0.0000
  2.77138203e-01   0.0000
  1.55925766e-01   0.0000
  2.76890218e-01   0.0000
  2.48390555e-01   0.0000
  3.60331625e-01   0.0000
  9.65725456e-04   0.0000
  3.09183020e-02   0.0000
 -4.88771079e-03   0.0000
  3.40346334e-04   0.0000
 -2.72517174e-01   0.0000
 -5.88228524e-01   0.0000
 -2.18702301e-01   0.0000
 -7.29517043e-02   0.0000
  1.88750967e-01   0.0000
 -1.80605009e-01   0.0000
  3.72587681e-01   0.0000
 -1.25410464e-02   0.0000
  3.91819239e-01   0.0000
 -2.08606701e-02   0.0000
  1.04608089e-01   0.0000
  5.80618195e-02   0.0000
  8.39514136e-01   0.0000
 -1.51968002e-01   0.0000
  6.70548916e-01   0.0000
  1.74908027e-01   0.0000
  2.16682814e-03   0.0000
 -1.25920000e-02   0.0000
  1.06120014e+00   0.0000
  1.02035664e-01   0.0000
 -6.54022163e-03   0.0000
  1.77257452e-02   0.0000
 -1.61266811e-02   0.0000
  6.21985923e-03   0.0000
  2.12374821e-01   0.0000
  2.00270545e-02   0.0000
 -4.07777354e-02   0.0000
 -4.45538871e-02   0.0000
 -4.39728657e-03   0.0000
 -1.66468713e-02   0.0000
 -1.94731541e-03   0.0000
  9.27920701e-05   0.0000
  6.95293918e-02   0.0000
  3.76888411e-03   0.0000
  7.08276778e-02   0.0000
 -5.86650550e-01   0.0000
 -6.20431453e-02   0.0000
 -1.08991358e-02   0.0000
 -1.66596487e-01   0.0000
 -4.41423118e-01   0.0000
  4.29830164e-01   0.0000
  4.63861346e-01   0.0000
 -3.95357907e-01   0.0000
 -4.78125542e-01   0.0000
  7.67435014e-01   0.0000
  4.65518326e-01   0.0000
  3.73526365e-01   0.0000
  3.39317292e-01   0.0000
  4.56682384e-01   0.0000
 -5.12854457e-01   0.0000
  8.89270544e-01   0.0000
 -3.15707564e-01   0.0000
 -1.54461537e-03   0.0000
  3.02620769e-01   0.0000
  3.65737319e-01   0.0000
  4.28386688e-01   0.0000
  3.87698293e-01   0.0000
  5.88809729e-01   0.0000
  4.51371670e-01   0.0000
  4.42146331e-01   0.0000
 -9.44725412e-04   0.0000
  4.25819725e-01   0.0000
 -1.02668881e-01   0.0000
  3.46756540e-02   0.0000
 -2.12372959e-01   0.0000
 -6.18336022e-01   0.0000
 -3.66447151e-01   0.0000
 -3.26028734e-01   0.0000
  2.96818852e-01   0.0000
 -4.96873528e-01   0.0000
  4.17410225e-01   0.0000
 -6.22253656e-01   0.0000
  3.69727111e+00   0.0000
  7.48581529e-01   0.0000
 -1.44485080e+00   0.0000
 -1.63736033e+00   0.0000
  3.99667120e+00   0.0000
  1.51431215e+00   0.0000
  3.28438163e+00   0.0000
  2.88951445e+00   0.0000
  1.12137437e+00   0.0000
 -5.32166123e-01   0.0000
  5.52313852e+00   0.0000
 -1.25179362e+00   0.0000
 -5.35790175e-02   0.0000
  2.23655653e+00   0.0000
  7.23375976e-01   0.0000
  6.76528335e-01   0.0000
  2.95417356e+00   0.0000
  1.17404795e+00   0.0000
  2.17588758e+00   0.0000
  1.26825809e+00   0.0000
 -7.15523288e-02   0.0000
  2.61658698e-01   0.0000
 -3.97541374e-02   0.0000
 -1.68282539e-02   0.0000
 -1.22234416e+00   0.0000
 -1.96936607e+00   0.0000
 -1.00500572e+00   0.0000
 -3.01376915e+00   0.0000
  9.13375437e-01   0.0000
 -5.63457668e-01   0.0000
  1.63004339e+00   0.0000
  0.00000000e+00   0.0000

