 5 0.000000 1
 1 
 Si 28.085500
 0 0.250001 4.500000 0.978124 1.000000 
 4 0 1 2 3
 8 2.00000 2.20000 2.40000 2.60000 2.80000 3.00000 3.25000 3.50000
 1 12.169200 6.172630 3.114710 0.755675 0.404939 0.036124 0.650018 0.572890
 4 32 32 32 1
 -2.29273796e-01   0.0000
 -1.64006099e-01   0.0000
 -1.23799992e+00   0.0000
 -1.51978536e-02   0.0000
 -1.24705291e+00   0.0000
 -9.89687257e-03   0.0000
 -6.64759278e-02   0.0000
 -3.05856671e-03   0.0000
  1.72747135e-01   0.0000
  5.06668687e-02   0.0000
 -1.44612813e+00   0.0000
  1.84696102e+00   0.0000
 -7.00826645e-02   0.0000
  1.13845956e+00   0.0000
 -9.73598659e-02   0.0000
 -7.18136907e-01   0.0000
 -1.62742252e-03   0.0000
 -4.78066802e-01   0.0000
  7.84031525e-02   0.0000
  2.26113841e-01   0.0000
 -1.38264310e+00   0.0000
  5.78089416e-01   0.0000
  5.71988106e-01   0.0000
  1.12147781e-03   0.0000
  6.45606101e-01   0.0000
 -8.15315127e-01   0.0000
 -8.32930133e-02   0.0000
  1.97235003e-01   0.0000
 -1.49464849e-02   0.0000
 -1.62909418e-01   0.0000
 -4.66732204e-01   0.0000
  1.95104986e-01   0.0000
  2.12675452e-01   0.0000
 -9.28661898e-02   0.0000
 -7.29064643e-01   0.0000
  2.25590877e-02   0.0000
 -3.61845732e-01   0.0000
 -9.20972601e-02   0.0000
 -6.18133470e-02   0.0000
 -1.43892959e-01   0.0000
  1.84166074e-01   0.0000
  7.41455108e-02   0.0000
 -1.12093639e+00   0.0000
  1.11173487e+00   0.0000
 -4.91479784e-02   0.0000
 -1.73004356e-03   0.0000
 -1.26881436e-01   0.0000
  1.90587759e-01   0.0000
 -6.75987229e-02   0.0000
 -5.19547343e-01   0.0000
  2.45714113e-01   0.0000
  1.57177806e-01   0.0000
 -8.98105621e-01   0.0000
  7.30873942e-01   0.0000
  1.20395929e-01   0.0000
  9.79796518e-03   0.0000
  5.47758162e-01   0.0000
 -5.18437207e-01   0.0000
 -1.83097795e-01   0.0000
  2.49886990e-01   0.0000
 -6.18054718e-03   0.0000
 -4.28382456e-01   0.0000
 -2.72084385e-01   0.0000
 -3.74449462e-01   0.0000
  2.42213368e-01   0.0000
 -3.13512608e-02   0.0000
 -5.66362262e-01   0.0000
 -5.52763091e-03   0.0000
  1.21526286e-01   0.0000
 -5.44131994e-02   0.0000
 -2.49223318e-02   0.0000
 -1.52628765e-01   0.0000
  1.28646076e-01   0.0000
  2.78703660e-01   0.0000
 -6.16926610e-01   0.0000
  4.27292705e-01   0.0000
 -1.82915807e-01   0.0000
 -3.15619528e-01   0.0000
 -1.10357530e-01   0.0000
  4.28259820e-01   0.0000
 -4.73666284e-03   0.0000
 -4.33948040e-01   0.0000
  2.27100253e-01   0.0000
  2.34227881e-01   0.0000
 -5.62974453e-01   0.0000
  5.85063994e-01   0.0000
 -2.29925647e-01   0.0000
 -1.04895495e-02   0.0000
  3.42571199e-01   0.0000
 -3.86309952e-01   0.0000
 -1.24642991e-01   0.0000
  1.85217381e-01   0.0000
 -2.16088966e-02   0.0000
 -4.95315701e-01   0.0000
 -6.59352466e-02   0.0000
 -7.25255907e-01   0.0000
  1.25533491e-01   0.0000
  2.30779219e-02   0.0000
 -4.79207873e-01   0.0000
 -1.53246539e-04   0.0000
  4.38012242e-01   0.0000
 -8.26723129e-02   0.0000
  1.59787744e-01   0.0000
 -2.23582968e-01   0.0000
  1.95277929e-01   0.0000
  2.64382988e-01   0.0000
 -2.71654338e-01   0.0000
 -7.49569610e-02   0.0000
 -1.09939247e-01   0.0000
 -4.92939919e-01   0.0000
 -2.13304937e-01   0.0000
  1.37435049e-01   0.0000
 -1.79987967e-01   0.0000
 -4.40759122e-01   0.0000
  3.46010476e-01   0.0000
  1.03706792e-01   0.0000
 -1.66730061e-01   0.0000
  4.63210464e-01   0.0000
 -3.89830261e-01   0.0000
 -1.32240936e-01   0.0000
  1.77173078e-01   0.0000
 -1.56961218e-01   0.0000
 -1.07841305e-01   0.0000
  1.03168711e-01   0.0000
 -7.13117272e-02   0.0000
 -5.61501503e-01   0.0000
  3.04633360e-02   0.0000
 -8.52620244e-01   0.0000
  1.71236828e-01   0.0000
  9.31967571e-02   0.0000
 -2.69178063e-01   0.0000
  2.14508086e-01   0.0000
  7.15955138e-01   0.0000
 -5.50631247e-03   0.0000
  9.22621265e-02   0.0000
 -3.20456237e-01   0.0000
  4.11564022e-01   0.0000
  2.51061022e-01   0.0000
 -2.55128089e-02   0.0000
 -4.99280572e-01   0.0000
 -1.33938372e-01   0.0000
 -4.76708144e-01   0.0000
 -2.70577371e-01   0.0000
 -2.37881560e-02   0.0000
 -1.66544542e-01   0.0000
 -3.39081168e-01   0.0000
  2.41780311e-01   0.0000
  1.76615790e-01   0.0000
 -4.94832546e-02   0.0000
  2.91593492e-01   0.0000
 -4.28118885e-01   0.0000
 -1.72015816e-01   0.0000
 -7.67333359e-02   0.0000
 -1.77905291e-01   0.0000
 -3.79366904e-01   0.0000
 -1.18138142e-01   0.0000
 -1.65719375e-01   0.0000
 -5.82210243e-01   0.0000
  2.63083696e-01   0.0000
 -9.31954920e-01   0.0000
  2.33505383e-01   0.0000
  2.05572903e-01   0.0000
 -3.83742183e-01   0.0000
  2.18011662e-01   0.0000
  8.16843987e-01   0.0000
 -1.14825338e-01   0.0000
  2.15591297e-01   0.0000
 -2.38274097e-01   0.0000
  3.77351731e-01   0.0000
  3.35440755e-01   0.0000
  6.57298937e-02   0.0000
 -1.02316391e+00   0.0000
 -2.39934951e-01   0.0000
 -2.18637660e-01   0.0000
 -3.44071358e-01   0.0000
 -1.85488686e-01   0.0000
 -3.76958787e-01   0.0000
 -4.00643259e-01   0.0000
  3.66349459e-01   0.0000
  9.19520110e-02   0.0000
  5.47773801e-02   0.0000
  3.42790894e-02   0.0000
 -7.92237520e-01   0.0000
 -2.25255281e-01   0.0000
 -1.49209455e-01   0.0000
 -5.24227060e-02   0.0000
 -3.49711329e-01   0.0000
 -1.93049252e-01   0.0000
 -2.06696838e-01   0.0000
 -5.54312110e-01   0.0000
  1.64888382e-01   0.0000
 -9.93853986e-01   0.0000
  3.24415445e-01   0.0000
  2.31794477e-01   0.0000
 -2.36059144e-01   0.0000
  2.16569066e-01   0.0000
  8.50476325e-01   0.0000
 -1.34608056e-02   0.0000
  2.81775415e-01   0.0000
 -4.98028904e-01   0.0000
  5.38083792e-01   0.0000
  3.82610232e-01   0.0000
  1.35397702e-01   0.0000
 -1.51385117e+00   0.0000
 -4.17589307e-01   0.0000
  1.68536335e-01   0.0000
 -3.49873930e-01   0.0000
 -3.83401006e-01   0.0000
 -3.14901143e-01   0.0000
 -4.17955697e-01   0.0000
  5.33672929e-01   0.0000
  6.13724589e-02   0.0000
  1.38579637e-01   0.0000
 -1.75633073e-01   0.0000
 -7.85108328e-01   0.0000
 -2.76910096e-01   0.0000
 -2.80831963e-01   0.0000
 -1.31909370e-01   0.0000
 -4.25427914e-01   0.0000
 -2.17054605e-01   0.0000
 -3.24192017e-01   0.0000
 -6.27354503e-01   0.0000
  4.30983305e-01   0.0000
 -8.37395608e-01   0.0000
  4.95557219e-01   0.0000
  2.83789158e-01   0.0000
 -2.01703727e-01   0.0000
  2.71273285e-01   0.0000
  8.89178693e-01   0.0000
 -3.09977606e-02   0.0000
  2.43889660e-01   0.0000
 -4.26096022e-01   0.0000
  4.70037252e-01   0.0000
  4.12416935e-01   0.0000
  1.15029737e-01   0.0000
 -1.95894361e+00   0.0000
 -3.79113376e-01   0.0000
  4.35904950e-01   0.0000
 -5.23280144e-01   0.0000
 -4.93197501e-01   0.0000
 -4.04556572e-01   0.0000
 -5.22654951e-01   0.0000
  5.77486932e-01   0.0000
  1.42150581e-01   0.0000
  1.44295007e-01   0.0000
 -4.85370517e-01   0.0000
 -9.87840772e-01   0.0000
 -2.73768693e-01   0.0000
 -4.31488514e-01   0.0000
 -1.96006030e-01   0.0000
 -4.97571260e-01   0.0000
 -2.75751621e-01   0.0000
 -2.66748577e-01   0.0000
 -4.80159760e-01   0.0000
  5.00240684e-01   0.0000
 -8.16443861e-01   0.0000
  5.22847474e-02   0.0000
 -3.86105888e-02   0.0000
  2.00230762e-01   0.0000
  6.64823921e-03   0.0000
 -1.88172328e+00   0.0000
 -1.21968556e-02   0.0000
 -1.53061915e-02   0.0000
 -6.43288810e-03   0.0000
  6.39427546e-03   0.0000
  3.87114333e-03   0.0000
 -1.65177965e+00   0.0000
  2.05629301e+00   0.0000
 -1.26078697e-02   0.0000
  3.28541756e+00   0.0000
 -3.00376285e-02   0.0000
 -3.80491525e-01   0.0000
 -1.49561390e-02   0.0000
 -2.87203044e-01   0.0000
  7.78305531e-02   0.0000
 -3.80078563e-03   0.0000
 -4.62448359e-01   0.0000
 -9.55325127e-01   0.0000
  1.34366488e+00   0.0000
  1.48236370e-02   0.0000
  3.43619406e-01   0.0000
  1.45733342e-01   0.0000
 -3.71029368e-03   0.0000
 -2.02198550e-01   0.0000
  1.47443777e-02   0.0000
  4.11947191e-01   0.0000
 -1.26694575e-01   0.0000
  2.10476398e+00   0.0000
 -1.05795421e-01   0.0000
 -9.82787013e-02   0.0000
  5.44629455e-01   0.0000
  1.52635551e-03   0.0000
 -1.05554283e+00   0.0000
 -8.18604045e-03   0.0000
 -3.51745710e-02   0.0000
 -2.96466844e-03   0.0000
 -7.45889917e-03   0.0000
  5.46953641e-04   0.0000
 -6.73016965e-01   0.0000
  1.55850935e+00   0.0000
 -5.70172491e-03   0.0000
  6.13127768e-01   0.0000
 -3.86983193e-02   0.0000
 -2.69269109e-01   0.0000
 -1.80422794e-02   0.0000
 -5.28652407e-02   0.0000
  5.81061002e-03   0.0000
  1.66076247e-03   0.0000
 -3.29846978e-01   0.0000
 -4.88310963e-01   0.0000
  1.03841865e+00   0.0000
  8.36935733e-03   0.0000
  3.86069208e-01   0.0000
  1.42044738e-01   0.0000
 -8.31852108e-02   0.0000
 -6.25398532e-02   0.0000
  1.16656711e-02   0.0000
  1.17755972e-01   0.0000
 -8.89033079e-02   0.0000
  1.26733148e+00   0.0000
 -1.59147903e-01   0.0000
 -7.15164244e-02   0.0000
  1.03010690e+00   0.0000
 -9.44779161e-03   0.0000
 -4.95745778e-01   0.0000
 -8.42827186e-03   0.0000
 -1.83345489e-02   0.0000
 -1.90534759e-02   0.0000
  1.32133022e-01   0.0000
  1.44305959e-01   0.0000
 -1.01441585e-01   0.0000
  1.00342917e+00   0.0000
  8.11603665e-03   0.0000
 -5.34174263e-01   0.0000
 -1.80296209e-02   0.0000
 -5.75836971e-02   0.0000
 -3.94236902e-03   0.0000
  8.76266360e-02   0.0000
  1.18692346e-01   0.0000
 -1.35815963e-02   0.0000
 -1.23158261e-01   0.0000
 -2.44043142e-01   0.0000
  6.54062569e-01   0.0000
 -3.33922589e-03   0.0000
  2.85889626e-01   0.0000
  1.13036342e-01   0.0000
 -2.07714476e-02   0.0000
 -3.47809233e-02   0.0000
  4.10553301e-03   0.0000
  1.01137169e-01   0.0000
 -7.43574798e-02   0.0000
  1.00230587e+00   0.0000
 -2.81535357e-01   0.0000
 -6.24904968e-02   0.0000
  1.11712670e+00   0.0000
 -5.60950674e-03   0.0000
 -2.00897321e-01   0.0000
 -4.75700349e-02   0.0000
 -6.19157553e-02   0.0000
 -6.91132024e-02   0.0000
  3.78911681e-02   0.0000
  9.22476780e-03   0.0000
  2.66393453e-01   0.0000
  3.29127848e-01   0.0000
  4.82450891e-03   0.0000
 -8.18686247e-01   0.0000
 -4.25983891e-02   0.0000
  1.46943286e-01   0.0000
 -1.00428760e-02   0.0000
  1.46785989e-01   0.0000
  1.77569374e-01   0.0000
  4.82780375e-02   0.0000
  5.50610162e-02   0.0000
 -1.99033529e-01   0.0000
  4.69671547e-01   0.0000
  3.42920632e-03   0.0000
  2.56103098e-01   0.0000
  1.61186188e-01   0.0000
 -8.22510049e-02   0.0000
 -2.17408165e-01   0.0000
  9.15356854e-04   0.0000
 -7.99325481e-02   0.0000
 -4.33365591e-02   0.0000
  7.88480401e-01   0.0000
 -3.08130056e-01   0.0000
 -5.44008203e-02   0.0000
  1.20316148e+00   0.0000
 -1.45167354e-02   0.0000
 -5.01839397e-03   0.0000
 -1.68018742e-03   0.0000
 -5.29953465e-02   0.0000
 -1.73287764e-01   0.0000
  1.26743779e-01   0.0000
  1.63320109e-01   0.0000
  4.44348425e-01   0.0000
 -1.90910146e-01   0.0000
 -5.04518813e-03   0.0000
 -7.12643683e-01   0.0000
 -5.06885909e-02   0.0000
  2.59015471e-01   0.0000
 -1.17582390e-02   0.0000
  2.44734883e-01   0.0000
  2.95083493e-01   0.0000
  9.68644395e-02   0.0000
  2.37636283e-01   0.0000
 -1.63358480e-01   0.0000
  2.06004813e-01   0.0000
  5.72224380e-04   0.0000
  2.31836557e-01   0.0000
  2.05581814e-01   0.0000
 -1.31243438e-01   0.0000
 -2.51977034e-02   0.0000
 -9.91131295e-04   0.0000
 -1.02960870e-01   0.0000
 -9.76380985e-03   0.0000
  6.25990510e-01   0.0000
 -4.09705341e-01   0.0000
  4.93125943e-03   0.0000
  1.00868952e+00   0.0000
  8.11000094e-02   0.0000
  2.50447363e-01   0.0000
 -8.47915420e-04   0.0000
 -7.91158527e-04   0.0000
 -1.25676349e-01   0.0000
  1.25470996e-01   0.0000
  8.72524232e-02   0.0000
  7.05090821e-01   0.0000
 -6.35515571e-01   0.0000
 -1.44163415e-01   0.0000
 -4.53122824e-01   0.0000
 -4.84392047e-02   0.0000
  2.47905731e-01   0.0000
 -9.66278240e-02   0.0000
  3.13547105e-01   0.0000
  2.57803321e-01   0.0000
  3.90330367e-02   0.0000
  4.25391763e-01   0.0000
 -1.24083728e-01   0.0000
  1.18083023e-01   0.0000
  1.29192439e-03   0.0000
  1.21571243e-01   0.0000
  2.59423852e-01   0.0000
 -2.18731388e-01   0.0000
 -2.39976481e-01   0.0000
 -7.14075863e-02   0.0000
  6.18682522e-03   0.0000
  8.47668648e-02   0.0000
  5.91313958e-01   0.0000
 -6.76894605e-01   0.0000
  8.15015659e-03   0.0000
  7.40448236e-01   0.0000
 -1.80294772e-03   0.0000
  2.63580501e-01   0.0000
 -6.19599409e-02   0.0000
  8.51088297e-03   0.0000
 -3.65710407e-01   0.0000
  3.28681022e-01   0.0000
  2.10032105e-01   0.0000
  1.04312170e+00   0.0000
 -1.06956661e+00   0.0000
 -5.95080368e-02   0.0000
 -3.02233528e-02   0.0000
 -6.35209084e-02   0.0000
  1.67471208e-02   0.0000
 -9.65512842e-02   0.0000
  3.32284361e-01   0.0000
  1.53106302e-01   0.0000
  2.89236456e-02   0.0000
  7.08276272e-01   0.0000
 -1.40672863e-01   0.0000
 -2.20013168e-02   0.0000
 -3.97216305e-02   0.0000
 -2.21298747e-02   0.0000
  3.20776641e-01   0.0000
 -1.70181751e-01   0.0000
 -1.85246110e-01   0.0000
 -1.99059527e-02   0.0000
  2.24733520e-02   0.0000
  6.41458184e-02   0.0000
  6.93142354e-01   0.0000
 -8.17349672e-01   0.0000
  5.02688959e-02   0.0000
  3.92996699e-01   0.0000
  1.08325750e-01   0.0000
  3.21733057e-01   0.0000
 -8.79076049e-02   0.0000
  1.36915669e-02   0.0000
 -2.91365087e-01   0.0000
  4.27752912e-01   0.0000
  3.94269466e-01   0.0000
  1.27150798e+00   0.0000
 -1.42300797e+00   0.0000
 -2.43101686e-01   0.0000
  6.67043149e-01   0.0000
 -1.03443086e-01   0.0000
 -2.51147658e-01   0.0000
 -2.51001537e-01   0.0000
  4.15429890e-01   0.0000
  3.75248015e-01   0.0000
  9.07073244e-02   0.0000
  9.77967501e-01   0.0000
 -1.13754399e-01   0.0000
 -1.48155242e-01   0.0000
 -2.18299344e-01   0.0000
 -1.38488293e-01   0.0000
  3.89976591e-01   0.0000
 -2.34797910e-01   0.0000
 -2.32440963e-01   0.0000
 -3.30958366e-02   0.0000
  2.37652194e-02   0.0000
  1.20046280e-01   0.0000
  8.15217078e-01   0.0000
 -9.04363036e-01   0.0000
  1.95452541e-01   0.0000
 -9.72705960e-01   0.0000
  1.07337879e-02   0.0000
 -5.79218328e-01   0.0000
  3.82870287e-02   0.0000
  4.45481986e-02   0.0000
 -1.74968392e-02   0.0000
  7.23174715e-04   0.0000
  2.33421335e-03   0.0000
  1.00313532e+00   0.0000
  1.68573871e-01   0.0000
 -1.28103202e-04   0.0000
  8.88307393e-01   0.0000
 -9.62474272e-02   0.0000
  1.44065320e-02   0.0000
 -9.82587412e-03   0.0000
  2.35280454e-01   0.0000
  9.34709888e-03   0.0000
 -1.44143075e-01   0.0000
  3.63499761e-01   0.0000
  4.98570740e-01   0.0000
  7.85823107e-01   0.0000
 -2.05206536e-02   0.0000
 -2.64212519e-01   0.0000
  5.04649699e-01   0.0000
  1.68416854e-02   0.0000
  4.75196660e-01   0.0000
 -6.71503693e-03   0.0000
 -4.09611076e-01   0.0000
  5.25047816e-02   0.0000
  6.25108957e-01   0.0000
 -4.40615237e-01   0.0000
  1.22031644e-01   0.0000
 -6.14960432e-01   0.0000
  2.06309054e-02   0.0000
  2.17198897e-02   0.0000
  4.46786685e-03   0.0000
  2.89552175e-02   0.0000
 -6.52995752e-03   0.0000
  1.80830574e-03   0.0000
  2.48023449e-03   0.0000
 -2.45690539e-01   0.0000
 -4.44365829e-01   0.0000
  4.17143153e-03   0.0000
 -8.35222006e-02   0.0000
 -6.46937862e-02   0.0000
  2.34948382e-01   0.0000
  8.96189071e-04   0.0000
  2.69760609e-01   0.0000
 -4.21672361e-03   0.0000
 -1.27049580e-01   0.0000
  1.22078232e-01   0.0000
  2.03463435e-01   0.0000
  3.18600029e-01   0.0000
 -1.21688074e-03   0.0000
 -1.05079278e-01   0.0000
  2.70416558e-01   0.0000
  5.39178436e-04   0.0000
  8.19282115e-01   0.0000
  5.63842803e-03   0.0000
 -3.31625283e-01   0.0000
 -7.62680992e-02   0.0000
  1.94514602e-01   0.0000
  1.27679199e-01   0.0000
  4.68177944e-02   0.0000
 -3.96325111e-01   0.0000
  6.17826870e-03   0.0000
  1.94474921e-01   0.0000
  2.39165705e-02   0.0000
 -5.04070781e-02   0.0000
 -2.45906562e-02   0.0000
  1.74766686e-02   0.0000
  4.29145060e-03   0.0000
 -7.38181770e-01   0.0000
 -5.51446795e-01   0.0000
 -7.74363987e-03   0.0000
 -3.09119076e-01   0.0000
  2.22793315e-02   0.0000
  3.73334020e-01   0.0000
 -8.16353504e-03   0.0000
  4.35336500e-01   0.0000
  2.58721132e-03   0.0000
 -1.15745008e-01   0.0000
  1.14765782e-02   0.0000
 -2.52450760e-02   0.0000
  8.97132531e-02   0.0000
 -2.04380546e-02   0.0000
 -7.40067437e-02   0.0000
  6.36419952e-02   0.0000
 -7.50545238e-04   0.0000
  7.41874337e-01   0.0000
 -3.55820321e-02   0.0000
 -2.54201889e-01   0.0000
 -1.38103545e-01   0.0000
  3.27036008e-02   0.0000
  4.68322366e-01   0.0000
 -4.97824363e-02   0.0000
 -2.63823688e-01   0.0000
 -7.63281137e-02   0.0000
  3.11118454e-01   0.0000
 -7.20899610e-04   0.0000
 -1.44267008e-01   0.0000
 -1.14271452e-03   0.0000
  6.70559891e-03   0.0000
  1.64424386e-02   0.0000
 -6.58560336e-01   0.0000
 -3.67945910e-01   0.0000
 -6.50461204e-03   0.0000
 -1.56277120e-01   0.0000
  1.30790859e-01   0.0000
  3.80905181e-01   0.0000
  2.65086144e-02   0.0000
  5.54406226e-01   0.0000
  2.42369492e-02   0.0000
 -2.20362559e-01   0.0000
 -2.78207823e-03   0.0000
 -2.45804772e-01   0.0000
  1.06580354e-01   0.0000
 -2.02996563e-02   0.0000
 -4.07906948e-03   0.0000
 -3.33433822e-02   0.0000
 -5.48254512e-02   0.0000
  7.59072244e-01   0.0000
  4.45695855e-02   0.0000
 -1.24497414e-01   0.0000
 -3.77465725e-01   0.0000
 -1.68239504e-01   0.0000
  5.72981715e-01   0.0000
 -2.08666790e-02   0.0000
 -9.56033990e-02   0.0000
  1.83427408e-02   0.0000
  3.11687827e-01   0.0000
  1.00014880e-01   0.0000
 -6.92144036e-02   0.0000
 -1.36771770e-02   0.0000
  2.97412705e-02   0.0000
  1.01576243e-02   0.0000
 -3.82384777e-01   0.0000
 -5.92947751e-02   0.0000
 -1.52364839e-02   0.0000
 -1.17132962e-01   0.0000
  7.05595836e-02   0.0000
  1.30800948e-01   0.0000
 -6.91584870e-03   0.0000
  5.57458222e-01   0.0000
  2.45880354e-02   0.0000
 -1.12591013e-01   0.0000
  8.30893889e-02   0.0000
 -2.85145432e-01   0.0000
  1.38321400e-01   0.0000
  6.86034262e-02   0.0000
  3.79004106e-02   0.0000
 -4.54099178e-02   0.0000
 -6.90880790e-02   0.0000
  8.34229708e-01   0.0000
 -3.57040428e-02   0.0000
  5.37695326e-02   0.0000
 -3.62433374e-01   0.0000
 -1.28613383e-01   0.0000
  5.56261778e-01   0.0000
 -1.00560226e-01   0.0000
  2.07465947e-01   0.0000
  2.50564087e-02   0.0000
  4.10273343e-01   0.0000
  2.41984781e-02   0.0000
 -2.10796893e-01   0.0000
 -3.92230414e-02   0.0000
  5.15378416e-02   0.0000
  3.14139463e-02   0.0000
 -1.04893364e-01   0.0000
  2.36444995e-01   0.0000
  5.05410462e-05   0.0000
  8.09316412e-02   0.0000
  2.19521508e-01   0.0000
 -5.03159106e-01   0.0000
 -3.67287081e-03   0.0000
  7.56195724e-01   0.0000
  2.15908363e-02   0.0000
 -2.31912255e-01   0.0000
  2.63451815e-01   0.0000
 -1.70650274e-01   0.0000
  2.38654554e-01   0.0000
 -5.36624901e-03   0.0000
  7.72902071e-02   0.0000
 -2.16239654e-02   0.0000
 -1.55008407e-02   0.0000
  7.60751545e-01   0.0000
  2.97177713e-02   0.0000
  2.21057296e-01   0.0000
 -5.36620200e-01   0.0000
 -3.06152850e-01   0.0000
  3.79045784e-01   0.0000
 -1.38745397e-01   0.0000
  6.94034338e-01   0.0000
  1.51628228e-02   0.0000
  4.58331645e-01   0.0000
  1.54359695e-02   0.0000
 -7.49107748e-02   0.0000
 -6.85241744e-02   0.0000
  6.87507540e-02   0.0000
  4.23203856e-02   0.0000
  2.76019782e-01   0.0000
  6.76963925e-01   0.0000
 -1.32856481e-02   0.0000
  1.99115705e-02   0.0000
  2.01330915e-01   0.0000
 -1.05434823e+00   0.0000
 -3.20496224e-02   0.0000
  8.15143526e-01   0.0000
  2.86447927e-02   0.0000
 -1.74354985e-01   0.0000
  3.73126507e-01   0.0000
 -1.06886819e-01   0.0000
  3.67303103e-01   0.0000
 -3.05193327e-02   0.0000
  1.53605595e-01   0.0000
  1.89563408e-02   0.0000
 -8.49495158e-02   0.0000
  8.04804325e-01   0.0000
 -3.50074433e-02   0.0000
  5.06704628e-01   0.0000
 -5.54571390e-01   0.0000
 -4.38165367e-01   0.0000
  2.87137598e-01   0.0000
 -1.70042858e-01   0.0000
  1.15881813e+00   0.0000
  1.70696191e-02   0.0000
  3.13267261e-01   0.0000
  1.93039253e-01   0.0000
 -1.13547184e-01   0.0000
 -1.03618152e-01   0.0000
  1.15224630e-01   0.0000
  8.79218131e-02   0.0000
  6.44242167e-01   0.0000
  1.06772339e+00   0.0000
 -3.00557800e-02   0.0000
  4.97968160e-02   0.0000
  1.24930069e-01   0.0000
 -1.67662132e+00   0.0000
 -6.33583814e-02   0.0000
  1.02540910e+00   0.0000
  7.86578655e-02   0.0000
 -2.42201149e-01   0.0000
  3.17216963e-01   0.0000
  4.35780957e-02   0.0000
  6.01769865e-01   0.0000
 -4.56740847e-03   0.0000
  1.28489301e-01   0.0000
  2.11080357e-01   0.0000
 -1.12169072e-01   0.0000
  8.36299121e-01   0.0000
 -1.82984546e-02   0.0000
  5.85586667e-01   0.0000
 -4.46868092e-01   0.0000
 -3.73461962e-01   0.0000
 -5.67207932e-01   0.0000
  1.52728498e-01   0.0000
 -1.75838697e+00   0.0000
  4.01018048e-03   0.0000
 -1.64372754e+00   0.0000
 -7.85721559e-03   0.0000
  8.41950774e-02   0.0000
 -4.52171043e-02   0.0000
  1.62790939e-02   0.0000
  7.66599253e-02   0.0000
 -5.86273968e-01   0.0000
  3.22617459e+00   0.0000
 -7.57353194e-03   0.0000
  1.84593689e+00   0.0000
 -1.23676009e-01   0.0000
 -3.29979919e-02   0.0000
 -3.62225831e-03   0.0000
  1.26095042e-01   0.0000
  2.61209393e-03   0.0000
 -4.32920493e-02   0.0000
  2.38952488e-02   0.0000
 -1.27204049e+00   0.0000
  1.90339077e+00   0.0000
  6.84979232e-03   0.0000
 -1.61311347e-02   0.0000
  2.68226653e-01   0.0000
  2.89321935e-04   0.0000
 -4.52151120e-01   0.0000
  2.65170890e-03   0.0000
  4.77460355e-01   0.0000
  4.56877291e-01   0.0000
  7.70603776e-01   0.0000
  6.00790940e-02   0.0000
  1.34070814e-01   0.0000
 -9.23546076e-01   0.0000
  2.73490623e-02   0.0000
  7.38577962e-01   0.0000
  1.38607889e-03   0.0000
  1.46487817e-01   0.0000
 -3.06822732e-02   0.0000
  5.55252358e-02   0.0000
  2.46592751e-03   0.0000
 -7.43938982e-01   0.0000
 -7.48036027e-01   0.0000
 -4.50478587e-03   0.0000
 -1.09382355e+00   0.0000
 -1.11382894e-01   0.0000
  1.41120464e-01   0.0000
 -6.31571282e-03   0.0000
  1.34494126e-01   0.0000
  3.05385496e-02   0.0000
 -2.16990095e-02   0.0000
 -2.69895815e-03   0.0000
 -9.84041393e-01   0.0000
 -5.42436004e-01   0.0000
  1.03926659e-03   0.0000
  7.78688788e-02   0.0000
  1.45616412e-01   0.0000
 -2.59270184e-02   0.0000
  1.62926316e-03   0.0000
 -1.17000435e-02   0.0000
  1.54596567e-01   0.0000
  3.07442844e-01   0.0000
 -8.50778937e-01   0.0000
  2.85292268e-01   0.0000
  1.80802166e-01   0.0000
 -7.83606946e-01   0.0000
  1.47466101e-02   0.0000
 -2.92089731e-01   0.0000
 -3.05823400e-03   0.0000
  5.34387939e-02   0.0000
 -3.95960081e-03   0.0000
 -1.91443192e-03   0.0000
  4.54710722e-02   0.0000
 -5.05842626e-01   0.0000
 -1.89844763e+00   0.0000
 -4.60505253e-03   0.0000
  1.10236965e-01   0.0000
 -7.04613328e-02   0.0000
  3.72029722e-01   0.0000
 -4.67631817e-02   0.0000
  1.73065752e-01   0.0000
  4.42174338e-02   0.0000
 -1.02901580e-02   0.0000
  4.63697277e-02   0.0000
 -6.77021086e-01   0.0000
 -1.41380513e+00   0.0000
 -7.72824809e-02   0.0000
  3.48035514e-01   0.0000
  1.10036410e-01   0.0000
 -6.26195688e-05   0.0000
  1.47811443e-01   0.0000
 -1.19229853e-02   0.0000
  6.50225803e-02   0.0000
  2.09491268e-01   0.0000
 -3.09547782e-01   0.0000
  5.64390182e-01   0.0000
  1.69694349e-01   0.0000
 -6.27168953e-01   0.0000
  5.28883263e-02   0.0000
 -6.18787169e-01   0.0000
 -2.37127999e-03   0.0000
  2.54998840e-02   0.0000
 -1.98756810e-02   0.0000
  2.69594956e-02   0.0000
  1.95228457e-01   0.0000
 -4.32177097e-01   0.0000
 -1.71795249e+00   0.0000
 -5.95458457e-03   0.0000
  2.64847279e-01   0.0000
 -4.27318066e-02   0.0000
  3.51884842e-01   0.0000
 -2.91532278e-02   0.0000
  1.41851202e-01   0.0000
  2.64947396e-02   0.0000
 -3.05067729e-02   0.0000
  2.98253242e-02   0.0000
 -6.59796894e-01   0.0000
 -1.19282246e+00   0.0000
 -2.23829714e-03   0.0000
  3.05542082e-01   0.0000
  9.56603363e-02   0.0000
 -3.86867262e-02   0.0000
  3.62370461e-01   0.0000
 -8.22181068e-03   0.0000
  8.73946294e-04   0.0000
  1.86668351e-01   0.0000
  2.20143050e-01   0.0000
  4.84110832e-01   0.0000
  2.48887673e-01   0.0000
 -2.34101325e-01   0.0000
  4.91141295e-03   0.0000
  8.18380415e-02   0.0000
 -9.41183232e-03   0.0000
  8.63553397e-03   0.0000
 -1.33525774e-01   0.0000
  2.23140344e-01   0.0000
  1.68943807e-01   0.0000
 -2.25496069e-01   0.0000
 -1.51767683e+00   0.0000
 -1.29560098e-01   0.0000
 -8.51556957e-02   0.0000
 -4.59478609e-02   0.0000
  2.06498802e-01   0.0000
 -8.51956382e-02   0.0000
  2.04571322e-01   0.0000
  1.49045929e-01   0.0000
 -2.69482210e-02   0.0000
  3.00881895e-03   0.0000
 -4.91895199e-01   0.0000
 -9.53400791e-01   0.0000
 -2.46590991e-02   0.0000
  2.57923156e-01   0.0000
  1.11866996e-01   0.0000
 -1.57869741e-01   0.0000
  3.55288267e-01   0.0000
 -7.69633353e-02   0.0000
  1.13060381e-02   0.0000
  9.50169414e-02   0.0000
  3.91088426e-02   0.0000
  3.36707205e-01   0.0000
  1.47184193e-01   0.0000
  2.49026909e-01   0.0000
  1.34264091e-02   0.0000
 -1.34024099e-01   0.0000
 -1.15917632e-02   0.0000
  9.38124657e-02   0.0000
 -1.10851042e-01   0.0000
  1.12083875e-01   0.0000
  1.76813304e-01   0.0000
 -8.98254216e-02   0.0000
 -1.10142195e+00   0.0000
 -1.79031208e-01   0.0000
  2.29124248e-01   0.0000
  1.97820319e-03   0.0000
 -2.46743020e-02   0.0000
 -8.12335387e-02   0.0000
  3.91468674e-01   0.0000
  1.95396990e-01   0.0000
 -3.23279649e-02   0.0000
 -5.26230335e-02   0.0000
 -1.29088581e-01   0.0000
 -1.02834249e+00   0.0000
 -1.68477908e-01   0.0000
  2.14161366e-01   0.0000
  1.78274199e-01   0.0000
 -1.80493101e-01   0.0000
  4.85531360e-01   0.0000
 -1.58246849e-02   0.0000
  1.66753963e-01   0.0000
 -1.53955789e-02   0.0000
 -2.00411510e-02   0.0000
 -6.35541156e-02   0.0000
  1.41871154e-01   0.0000
  8.34754050e-01   0.0000
  3.41919288e-02   0.0000
  3.11274856e-01   0.0000
 -7.06257299e-02   0.0000
 -6.09523244e-03   0.0000
 -2.39032969e-01   0.0000
  2.94655025e-01   0.0000
  2.89950937e-01   0.0000
  1.61224291e-01   0.0000
 -8.07174504e-01   0.0000
 -8.40096846e-02   0.0000
  2.31315821e-01   0.0000
 -1.30818278e-01   0.0000
 -3.10073674e-01   0.0000
 -1.73455045e-01   0.0000
  8.30128253e-01   0.0000
  1.48896277e-01   0.0000
 -6.11094646e-02   0.0000
 -1.68093234e-01   0.0000
  8.57225060e-02   0.0000
 -9.30655360e-01   0.0000
 -1.15684122e-01   0.0000
  1.05553649e-01   0.0000
  2.10355252e-01   0.0000
 -2.78216958e-01   0.0000
  2.11203888e-01   0.0000
 -1.31464154e-01   0.0000
  2.42141366e-01   0.0000
 -6.82195425e-02   0.0000
 -2.91156769e-01   0.0000
 -6.36951923e-01   0.0000
  1.90735281e-01   0.0000
  1.57436311e+00   0.0000
  1.74107715e-01   0.0000
  8.38968337e-01   0.0000
 -2.84645632e-02   0.0000
  4.44668764e-03   0.0000
 -2.35929474e-01   0.0000
  2.07266942e-01   0.0000
  7.13921040e-02   0.0000
  8.06230783e-01   0.0000
 -4.60211307e-01   0.0000
 -2.11278841e-01   0.0000
 -3.15356106e-01   0.0000
 -7.11421482e-03   0.0000
 -6.65484250e-01   0.0000
 -3.49543989e-01   0.0000
  1.39753294e+00   0.0000
  1.64856121e-01   0.0000
 -6.80047795e-02   0.0000
 -2.71450728e-01   0.0000
  6.00490212e-01   0.0000
 -9.45215642e-01   0.0000
 -1.48457989e-01   0.0000
 -6.30975738e-02   0.0000
  3.73162478e-01   0.0000
 -4.07517046e-01   0.0000
 -1.25723537e-02   0.0000
 -2.42697477e-01   0.0000
  1.36906654e-01   0.0000
 -6.22960180e-02   0.0000
 -3.82995158e-01   0.0000
  1.63457930e-01   0.0000
  1.12743117e-01   0.0000
 -4.43499446e-01   0.0000
  1.39847547e-01   0.0000
  6.37855291e-01   0.0000
 -3.20009142e-02   0.0000
  1.13022693e-01   0.0000
 -4.72656965e-01   0.0000
  2.39994362e-01   0.0000
  4.11948979e-01   0.0000
  1.53255308e+00   0.0000
 -1.13781907e-01   0.0000
 -2.38313347e-01   0.0000
 -2.19977570e+00   0.0000
 -1.09231658e-01   0.0000
 -2.97679275e-01   0.0000
 -2.90114254e-01   0.0000
  1.26643574e+00   0.0000
  1.69265851e-01   0.0000
 -5.97276799e-02   0.0000
  1.01574647e+00   0.0000
  2.02189624e-01   0.0000
 -5.69620207e-02   0.0000
 -3.53356242e-01   0.0000
 -1.73576221e-01   0.0000
  2.94905692e-01   0.0000
 -2.74306715e-01   0.0000
 -1.56675205e-01   0.0000
 -2.50431865e-01   0.0000
  5.43465257e-01   0.0000
  1.62343368e-01   0.0000
 -3.71432304e-01   0.0000
  3.78964692e-02   0.0000
 -5.88424981e-01   0.0000
 -2.58409142e-01   0.0000
  6.33405030e-01   0.0000
  6.54087782e-01   0.0000
 -5.57328939e-01   0.0000
 -6.81824207e-01   0.0000
 -8.41458380e-01   0.0000
 -6.76308870e-01   0.0000
 -3.33336711e-01   0.0000
  5.75838424e-02   0.0000
 -1.84598476e-01   0.0000
  5.55699825e-01   0.0000
  9.51008219e-03   0.0000
 -7.38006115e-01   0.0000
 -2.88961917e-01   0.0000
 -1.54051244e-01   0.0000
 -6.65620923e-01   0.0000
 -3.13524336e-01   0.0000
 -7.81857193e-01   0.0000
 -4.81043696e-01   0.0000
 -6.05085166e-03   0.0000
 -2.00731028e-02   0.0000
  7.37850666e-02   0.0000
  1.81123950e-02   0.0000
  4.44992751e-01   0.0000
  7.50637114e-01   0.0000
  3.91662389e-01   0.0000
  4.48291153e-01   0.0000
 -4.57051188e-01   0.0000
  9.65433493e-02   0.0000
 -6.17522597e-01   0.0000
  1.70072552e-03   0.0000
  1.29472151e-01   0.0000
  3.33179378e-05   0.0000
  3.50447884e-03   0.0000
 -2.35718489e-02   0.0000
  1.34316683e-01   0.0000
  1.52414234e-03   0.0000
 -4.99250491e-05   0.0000
 -1.43289790e-02   0.0000
  1.46131180e-02   0.0000
  4.15176786e-02   0.0000
  1.03128850e-01   0.0000
 -8.87321904e-02   0.0000
  2.12446926e-03   0.0000
  5.51222265e-02   0.0000
  2.78593618e-02   0.0000
 -2.68719089e-03   0.0000
  7.37367803e-03   0.0000
  3.04636173e-02   0.0000
  2.93974373e-02   0.0000
 -2.39681918e-03   0.0000
 -2.90442677e-03   0.0000
  3.59817815e-04   0.0000
  2.50623468e-02   0.0000
 -4.82787425e-03   0.0000
 -1.08903408e-01   0.0000
 -1.02491397e-02   0.0000
 -6.87444061e-02   0.0000
 -2.19674930e-01   0.0000
  2.53065955e-03   0.0000
 -4.82383603e-03   0.0000
  5.77878952e-02   0.0000
  1.56857178e-01   0.0000
 -5.95079780e-01   0.0000
 -9.82489213e-02   0.0000
  2.46223599e-01   0.0000
  2.45263249e-01   0.0000
 -9.42191541e-01   0.0000
 -3.57263267e-01   0.0000
 -1.10787690e+00   0.0000
 -5.63760877e-01   0.0000
 -1.55042157e-01   0.0000
  4.54905033e-02   0.0000
 -8.98402989e-01   0.0000
  2.60807574e-01   0.0000
  3.07688490e-04   0.0000
 -5.22009134e-01   0.0000
 -1.36577532e-01   0.0000
 -3.06430876e-01   0.0000
 -7.18560398e-01   0.0000
 -2.94972777e-01   0.0000
 -6.01224780e-01   0.0000
 -2.06025019e-01   0.0000
 -1.04269134e-02   0.0000
 -1.31698679e-02   0.0000
  3.88909429e-02   0.0000
  8.40194337e-03   0.0000
  2.51108855e-01   0.0000
  2.46232226e-01   0.0000
  2.16952235e-01   0.0000
  8.61488879e-01   0.0000
 -1.98020011e-01   0.0000
  1.17021322e-01   0.0000
 -3.28747123e-01   0.0000
 -2.91599706e-02   0.0000
  5.40645719e-02   0.0000
 -3.52257560e-03   0.0000
  1.11907106e-02   0.0000
  7.92782195e-03   0.0000
  2.66747433e-03   0.0000
 -1.66134182e-02   0.0000
 -4.02245447e-02   0.0000
  7.58770630e-02   0.0000
  2.35421453e-02   0.0000
 -7.22226803e-04   0.0000
  4.92223762e-02   0.0000
  5.78386616e-03   0.0000
 -3.11158877e-03   0.0000
  8.03557485e-02   0.0000
  1.63807459e-02   0.0000
 -2.50194594e-03   0.0000
 -1.52679561e-02   0.0000
  4.07166742e-02   0.0000
  5.23066632e-02   0.0000
 -1.07072422e-03   0.0000
 -1.03690242e-03   0.0000
  5.50444145e-03   0.0000
  5.78108360e-04   0.0000
 -2.38070078e-03   0.0000
 -6.82399571e-02   0.0000
  1.28446314e-02   0.0000
  1.37579557e-03   0.0000
 -7.96531588e-02   0.0000
  2.22696085e-03   0.0000
 -4.94591286e-03   0.0000
  3.75410775e-04   0.0000
 -4.02979134e-03   0.0000
 -6.28540099e-01   0.0000
  1.12412516e-02   0.0000
  1.74373507e-01   0.0000
  7.72920251e-02   0.0000
 -1.04410052e+00   0.0000
 -1.64085358e-01   0.0000
 -7.41927087e-01   0.0000
 -4.14746851e-01   0.0000
 -9.40546021e-03   0.0000
 -5.25607588e-03   0.0000
 -1.51792884e+00   0.0000
  2.21360892e-01   0.0000
 -1.01098220e-03   0.0000
 -4.13282275e-01   0.0000
  1.56640343e-03   0.0000
 -5.59911132e-04   0.0000
 -6.12299621e-01   0.0000
  3.11121419e-02   0.0000
 -4.07229215e-01   0.0000
  1.09369028e-02   0.0000
  1.30401915e-02   0.0000
  9.92656052e-02   0.0000
  7.03727687e-03   0.0000
  4.12238911e-02   0.0000
  1.57311767e-01   0.0000
 -2.03950219e-02   0.0000
  2.37528771e-01   0.0000
  7.59440005e-01   0.0000
 -1.24265783e-01   0.0000
 -3.95963714e-03   0.0000
 -1.83039978e-01   0.0000
  1.32005826e-01   0.0000
  6.64171875e-02   0.0000
 -5.77012114e-02   0.0000
 -1.09236883e-02   0.0000
 -6.72296667e-03   0.0000
  4.09558341e-02   0.0000
  1.77375097e-02   0.0000
  9.82826427e-02   0.0000
  1.04868695e-01   0.0000
 -6.60837255e-03   0.0000
  2.52389982e-02   0.0000
 -4.13153656e-02   0.0000
 -9.96203069e-03   0.0000
  4.17832332e-03   0.0000
  1.10839918e-01   0.0000
 -1.23298883e-01   0.0000
  4.89637675e-03   0.0000
  8.55404586e-02   0.0000
 -1.11869842e-01   0.0000
  8.38506818e-02   0.0000
 -6.11721911e-03   0.0000
  5.65920398e-03   0.0000
 -1.64326616e-02   0.0000
  3.36814410e-05   0.0000
 -7.14978054e-02   0.0000
 -6.62257103e-03   0.0000
  5.66872172e-02   0.0000
  2.18145542e-05   0.0000
 -1.83481097e-01   0.0000
  1.76396165e-02   0.0000
  5.61748259e-02   0.0000
  7.79211372e-02   0.0000
 -1.31277829e-01   0.0000
  2.17416720e-03   0.0000
  3.35284173e-02   0.0000
 -5.75033613e-02   0.0000
 -1.71086490e-01   0.0000
  1.29371872e-02   0.0000
 -3.34425904e-02   0.0000
 -9.26792100e-02   0.0000
 -2.76677087e-02   0.0000
  1.71930388e-01   0.0000
 -1.21178580e-02   0.0000
  2.93483380e-02   0.0000
 -1.45788575e-02   0.0000
  1.83894683e-03   0.0000
 -5.24835140e-02   0.0000
  1.16525114e-01   0.0000
  1.03651814e-01   0.0000
 -1.98488627e-02   0.0000
  4.76872735e-02   0.0000
 -4.38011326e-02   0.0000
  1.39486894e-01   0.0000
  4.54802765e-03   0.0000
  1.65332735e-01   0.0000
  7.20042456e-03   0.0000
 -4.88018058e-03   0.0000
 -1.11521324e-02   0.0000
 -7.09330067e-02   0.0000
  1.43439649e-02   0.0000
  5.89299798e-02   0.0000
  7.10720643e-02   0.0000
 -7.86345303e-02   0.0000
 -3.26026827e-02   0.0000
 -2.12484621e-03   0.0000
 -2.74052501e-01   0.0000
 -4.90704291e-02   0.0000
  1.27376899e-01   0.0000
  1.01854637e-01   0.0000
 -9.96228307e-02   0.0000
 -1.65457446e-02   0.0000
 -1.10005237e-01   0.0000
 -2.29048103e-01   0.0000
 -2.37131994e-02   0.0000
 -2.59687323e-02   0.0000
 -3.54685783e-01   0.0000
  9.51008275e-02   0.0000
  5.59168262e-03   0.0000
 -1.80317014e-01   0.0000
 -1.02526397e-01   0.0000
 -2.41464842e-03   0.0000
 -2.62341261e-01   0.0000
 -3.87701653e-02   0.0000
 -7.53770694e-02   0.0000
 -6.64334595e-02   0.0000
 -4.70874598e-03   0.0000
 -8.77427496e-03   0.0000
  1.47608924e-04   0.0000
  5.41749746e-02   0.0000
  1.29644245e-01   0.0000
  1.48359314e-01   0.0000
  2.75911819e-02   0.0000
  1.65570349e-01   0.0000
 -3.37440409e-02   0.0000
  2.33266712e-03   0.0000
 -2.07142830e-01   0.0000
 -3.46735958e-03   0.0000
  2.91559130e-01   0.0000
  2.74654273e-02   0.0000
 -1.78546503e-01   0.0000
 -2.24742219e-01   0.0000
  1.22509040e-01   0.0000
  1.91271976e-01   0.0000
  1.45301744e-01   0.0000
  1.05738923e-01   0.0000
  7.22684413e-02   0.0000
 -5.28204814e-02   0.0000
  1.76883951e-01   0.0000
 -1.71170905e-01   0.0000
 -8.69270356e-04   0.0000
  1.32709995e-01   0.0000
  1.43231273e-01   0.0000
  1.49664870e-02   0.0000
  2.75247991e-01   0.0000
  1.06138401e-01   0.0000
  1.79979727e-01   0.0000
  1.36310652e-01   0.0000
 -3.96062285e-02   0.0000
  1.19071607e-04   0.0000
 -7.52077810e-03   0.0000
 -2.56959046e-03   0.0000
 -6.10525273e-02   0.0000
 -1.47023991e-01   0.0000
 -8.14347640e-02   0.0000
 -2.52071708e-01   0.0000
  1.56162530e-01   0.0000
 -7.23713562e-02   0.0000
  1.82995647e-01   0.0000
 -1.59306277e-03   0.0000
  3.40125352e-01   0.0000
  5.25946580e-02   0.0000
 -5.65188602e-02   0.0000
 -1.74123682e-02   0.0000
  8.12140703e-02   0.0000
  5.59685305e-02   0.0000
  4.27208142e-03   0.0000
  1.80292636e-01   0.0000
  8.38098451e-02   0.0000
 -4.53832326e-03   0.0000
  2.98921376e-01   0.0000
 -7.03758821e-02   0.0000
 -5.37132891e-03   0.0000
  2.79790163e-01   0.0000
  5.31698503e-02   0.0000
  4.26372606e-03   0.0000
  7.69151002e-02   0.0000
  5.25044054e-02   0.0000
  8.17439556e-02   0.0000
  6.76121563e-02   0.0000
  2.03944233e-04   0.0000
  1.16513600e-03   0.0000
 -6.55959779e-03   0.0000
 -2.76292581e-03   0.0000
 -1.16219774e-01   0.0000
 -8.65128264e-03   0.0000
 -2.26976778e-02   0.0000
 -1.41611144e-01   0.0000
  3.58490497e-02   0.0000
 -4.37784521e-03   0.0000
  1.40391663e-01   0.0000
 -8.84472653e-02   0.0000
  7.06314504e-01   0.0000
 -3.07244249e-02   0.0000
 -8.12163502e-02   0.0000
 -4.20922995e-01   0.0000
  2.05096319e-01   0.0000
 -4.61021475e-02   0.0000
 -2.21723206e-02   0.0000
  3.50316912e-01   0.0000
  1.02738008e-01   0.0000
 -4.58916388e-02   0.0000
  7.47747660e-01   0.0000
  1.59186408e-01   0.0000
  1.51264239e-02   0.0000
 -1.14319548e-02   0.0000
  3.23518133e-03   0.0000
  7.63442814e-02   0.0000
  1.69753611e-01   0.0000
  2.59798586e-01   0.0000
 -1.00832067e-01   0.0000
  8.36464763e-02   0.0000
  5.50209358e-03   0.0000
  4.15108213e-03   0.0000
  1.35693364e-02   0.0000
 -1.46609650e-03   0.0000
  1.30560890e-01   0.0000
 -5.07851243e-01   0.0000
  1.43106550e-01   0.0000
 -8.39303881e-02   0.0000
 -7.58868828e-02   0.0000
 -2.42994074e-02   0.0000
 -8.81748497e-02   0.0000
  1.70110479e-01   0.0000
  1.22735345e+00   0.0000
 -4.09688614e-03   0.0000
 -1.93709239e-01   0.0000
 -1.33493856e-01   0.0000
  1.56291401e+00   0.0000
  4.13927197e-01   0.0000
  1.17670083e+00   0.0000
  1.02770507e+00   0.0000
  8.11415762e-02   0.0000
 -3.07508817e-05   0.0000
  2.34427619e+00   0.0000
 -3.36841732e-01   0.0000
 -1.03055371e-03   0.0000
  7.82643139e-01   0.0000
 -1.71521436e-02   0.0000
 -1.11688368e-01   0.0000
  1.13126719e+00   0.0000
 -1.53319892e-02   0.0000
  7.20934689e-01   0.0000
  1.55150041e-01   0.0000
 -6.31559407e-03   0.0000
 -2.63181835e-01   0.0000
 -9.35835298e-03   0.0000
 -2.36466080e-01   0.0000
 -4.47983235e-01   0.0000
 -4.25870791e-02   0.0000
 -3.24893624e-01   0.0000
 -1.07541978e+00   0.0000
  2.35538542e-01   0.0000
  4.08322969e-03   0.0000
  4.35929596e-01   0.0000
  1.31590918e-01   0.0000
 -8.91275927e-02   0.0000
 -9.59878042e-03   0.0000
  7.81535134e-02   0.0000
  8.00654888e-02   0.0000
 -2.17271261e-02   0.0000
 -6.70405030e-02   0.0000
 -1.21917445e-02   0.0000
 -4.01646867e-02   0.0000
 -1.96431592e-01   0.0000
  2.16033787e-01   0.0000
 -1.09862015e-01   0.0000
  9.42533314e-02   0.0000
  2.91859312e-03   0.0000
 -2.18680985e-02   0.0000
 -3.48321944e-02   0.0000
 -2.16760010e-01   0.0000
 -4.77742078e-03   0.0000
 -2.58181095e-01   0.0000
 -5.03992848e-02   0.0000
 -9.15626213e-02   0.0000
 -1.31454263e-02   0.0000
 -1.89317309e-03   0.0000
  1.83809344e-02   0.0000
 -6.69301003e-02   0.0000
  1.49884215e-02   0.0000
  1.51022792e-01   0.0000
  7.23413331e-03   0.0000
  1.31234049e-03   0.0000
 -3.13889049e-03   0.0000
  8.85333502e-05   0.0000
 -9.41704586e-03   0.0000
 -7.81711191e-03   0.0000
  1.55485690e+00   0.0000
  4.21415865e-02   0.0000
 -3.44904512e-01   0.0000
 -2.39622176e-01   0.0000
  2.14333773e+00   0.0000
  3.54864419e-01   0.0000
  1.67332494e+00   0.0000
  1.12586033e+00   0.0000
  7.32192844e-02   0.0000
  3.98952290e-02   0.0000
  3.07092142e+00   0.0000
 -2.71798134e-01   0.0000
 -1.64291281e-02   0.0000
  7.09370494e-01   0.0000
  4.46692854e-02   0.0000
 -8.78444314e-02   0.0000
  1.34735894e+00   0.0000
 -3.69373523e-02   0.0000
  8.26894283e-01   0.0000
  1.34438470e-01   0.0000
  3.14167771e-03   0.0000
 -3.46399061e-02   0.0000
 -4.91140643e-03   0.0000
 -7.12965429e-02   0.0000
 -4.57616270e-01   0.0000
 -1.67994574e-01   0.0000
 -3.62392336e-01   0.0000
 -1.47615194e+00   0.0000
  2.08121851e-01   0.0000
  1.07432321e-01   0.0000
  5.25638342e-01   0.0000
 -1.83073466e-03   0.0000
 -5.73219992e-02   0.0000
  3.02266632e-03   0.0000
 -9.94103309e-03   0.0000
  1.22561483e-02   0.0000
 -6.72290400e-02   0.0000
 -5.20031340e-03   0.0000
  3.67383473e-03   0.0000
 -6.51194602e-02   0.0000
 -7.55031453e-03   0.0000
  6.97084963e-02   0.0000
 -1.33344695e-01   0.0000
 -9.07464325e-03   0.0000
  7.52383319e-04   0.0000
 -9.45951641e-02   0.0000
 -3.75327617e-02   0.0000
  5.00510540e-03   0.0000
  1.38205793e-02   0.0000
 -2.31448784e-02   0.0000
  2.50993967e-02   0.0000
 -6.27252832e-02   0.0000
  2.92539364e-03   0.0000
 -1.08890963e-04   0.0000
  3.23253148e-03   0.0000
  1.14335250e-02   0.0000
  3.39202881e-02   0.0000
 -1.33410131e-03   0.0000
  7.13070631e-02   0.0000
  6.13588877e-02   0.0000
  5.26162516e-03   0.0000
  5.03340410e-03   0.0000
 -6.90312982e-02   0.0000
  2.42682546e-02   0.0000
 -1.04672706e+00   0.0000
 -9.75216702e-02   0.0000
  3.45774800e-01   0.0000
  1.07073039e-01   0.0000
 -2.79097557e-01   0.0000
 -4.58593339e-01   0.0000
 -3.52165192e-01   0.0000
 -9.91149604e-01   0.0000
 -1.01378284e-01   0.0000
 -3.27920131e-02   0.0000
 -1.34325221e-01   0.0000
  4.40998495e-01   0.0000
  1.64809655e-02   0.0000
 -7.63692796e-01   0.0000
 -7.54089281e-02   0.0000
 -2.19337922e-02   0.0000
 -7.09524572e-01   0.0000
  1.77914426e-02   0.0000
 -6.25932574e-01   0.0000
 -2.05046088e-01   0.0000
  3.40903155e-03   0.0000
  7.29568005e-02   0.0000
  3.95428651e-06   0.0000
  9.20053422e-02   0.0000
  3.58415365e-01   0.0000
  8.20870623e-02   0.0000
  2.68368453e-01   0.0000
  3.50688100e-01   0.0000
 -2.86527753e-01   0.0000
 -7.41098076e-02   0.0000
 -6.09497070e-01   0.0000
  1.92504115e-02   0.0000
 -1.43854052e-01   0.0000
 -5.66772744e-03   0.0000
  2.85813902e-02   0.0000
  9.00576338e-02   0.0000
 -1.09106816e-01   0.0000
  4.78843402e-04   0.0000
  5.04902862e-02   0.0000
 -9.72765759e-02   0.0000
 -1.37220129e-01   0.0000
 -2.50219787e-03   0.0000
 -9.31187868e-02   0.0000
  5.09916134e-02   0.0000
  1.76034309e-03   0.0000
 -2.12057218e-01   0.0000
 -2.91703176e-03   0.0000
 -1.52362883e-02   0.0000
 -2.73529068e-02   0.0000
 -4.24957089e-02   0.0000
 -5.65497167e-02   0.0000
 -4.71971324e-03   0.0000
  6.12199353e-03   0.0000
  6.96205273e-02   0.0000
  1.09522755e-03   0.0000
 -9.72918794e-03   0.0000
  1.40398920e-01   0.0000
  4.54109162e-02   0.0000
  3.90595477e-03   0.0000
  3.00669104e-01   0.0000
 -5.67954555e-02   0.0000
 -1.08768500e-03   0.0000
 -1.15381092e-01   0.0000
  1.29766479e-01   0.0000
  3.70491147e-01   0.0000
 -2.02383380e-02   0.0000
 -3.75189679e-03   0.0000
  9.31295827e-02   0.0000
  7.82306373e-01   0.0000
  6.44070879e-02   0.0000
  2.92129397e-01   0.0000
  1.53027311e-01   0.0000
 -5.85358851e-02   0.0000
  1.39902204e-01   0.0000
  1.45517063e+00   0.0000
  1.46661960e-02   0.0000
  4.80404012e-02   0.0000
  1.78517938e-01   0.0000
 -3.17920819e-02   0.0000
 -3.53645273e-02   0.0000
  2.93627501e-01   0.0000
 -5.47700115e-02   0.0000
  9.67022404e-02   0.0000
 -6.46430179e-02   0.0000
  1.15628354e-02   0.0000
 -7.52283484e-02   0.0000
 -4.98375576e-03   0.0000
 -7.11308122e-02   0.0000
 -1.25183482e-02   0.0000
  1.22360110e-01   0.0000
  5.82029521e-02   0.0000
 -2.08730862e-01   0.0000
 -1.93119086e-02   0.0000
  1.84593007e-01   0.0000
  3.64590995e-02   0.0000
 -2.02770997e-02   0.0000
  2.91613698e-01   0.0000
  1.21286243e-01   0.0000
 -1.69758528e-01   0.0000
 -1.52605787e-01   0.0000
  1.32900134e-01   0.0000
  4.44814600e-02   0.0000
  1.70836430e-02   0.0000
  2.56740183e-01   0.0000
  1.81965455e-01   0.0000
 -1.01117790e-03   0.0000
  1.95467204e-01   0.0000
 -2.51068342e-02   0.0000
 -1.75932050e-02   0.0000
  1.71458647e-01   0.0000
  9.05194506e-02   0.0000
  1.04282983e-02   0.0000
  1.28850564e-01   0.0000
  1.18946120e-01   0.0000
  9.30735171e-02   0.0000
  4.09076177e-02   0.0000
  6.63462188e-03   0.0000
  4.83573899e-02   0.0000
 -1.86498910e-02   0.0000
 -1.73109397e-02   0.0000
 -6.27553686e-02   0.0000
 -2.07792670e-01   0.0000
 -3.30474116e-02   0.0000
 -1.71878606e-01   0.0000
  2.77257767e-02   0.0000
 -6.09299727e-03   0.0000
  6.09824397e-02   0.0000
 -1.15316808e-01   0.0000
 -1.58866972e-01   0.0000
 -4.93478356e-03   0.0000
  5.49395382e-02   0.0000
  1.61506161e-02   0.0000
 -8.41146335e-02   0.0000
 -5.88627420e-02   0.0000
 -1.59875259e-01   0.0000
 -1.54957101e-01   0.0000
 -1.04206018e-02   0.0000
 -9.81163234e-02   0.0000
 -4.16639335e-02   0.0000
  2.84399334e-02   0.0000
 -1.76620092e-02   0.0000
 -1.76003501e-01   0.0000
 -8.75674561e-03   0.0000
 -1.04657058e-02   0.0000
 -1.53685600e-01   0.0000
 -1.62572302e-02   0.0000
 -1.34347394e-01   0.0000
 -8.55283532e-03   0.0000
  8.86027236e-03   0.0000
  1.33326858e-01   0.0000
  9.78716183e-04   0.0000
  2.72512436e-03   0.0000
  8.89905170e-02   0.0000
  3.65644582e-02   0.0000
  1.02646630e-02   0.0000
  1.79395646e-01   0.0000
 -6.30646385e-03   0.0000
 -9.45995823e-02   0.0000
 -9.27780792e-02   0.0000
  1.55069396e-01   0.0000
  5.86107612e-01   0.0000
 -1.66822935e-03   0.0000
 -1.32045463e-01   0.0000
 -1.61042139e-02   0.0000
  3.33506972e-01   0.0000
  2.04258382e-01   0.0000
  5.57068229e-01   0.0000
  5.37845790e-01   0.0000
 -4.59178910e-02   0.0000
  1.32249355e-01   0.0000
  3.95972878e-01   0.0000
 -2.29992613e-01   0.0000
  1.17731150e-02   0.0000
  4.04836565e-01   0.0000
  4.20614192e-03   0.0000
 -1.85878247e-01   0.0000
  3.86804461e-01   0.0000
 -6.53090551e-02   0.0000
  4.37699378e-01   0.0000
  4.09024619e-02   0.0000
 -1.23261835e-03   0.0000
 -1.47110805e-01   0.0000
  5.19399643e-02   0.0000
 -4.98978905e-02   0.0000
 -1.64622515e-01   0.0000
  1.29904784e-02   0.0000
 -1.54872000e-01   0.0000
 -4.19728488e-01   0.0000
  5.74223511e-02   0.0000
  3.86061147e-03   0.0000
  1.87737256e-01   0.0000
 -1.38009369e-01   0.0000
  2.90383041e-01   0.0000
  1.25842318e-01   0.0000
 -2.81596452e-01   0.0000
 -3.21877569e-01   0.0000
  1.93642899e-01   0.0000
  3.65258873e-01   0.0000
  5.48736751e-01   0.0000
  4.57844555e-01   0.0000
  1.27287194e-01   0.0000
 -1.09432936e-01   0.0000
 -3.82135987e-01   0.0000
 -2.05106467e-01   0.0000
 -7.94838890e-02   0.0000
  4.97502714e-01   0.0000
  8.18789676e-02   0.0000
  4.20303345e-02   0.0000
  4.54774678e-01   0.0000
  7.50522837e-02   0.0000
  4.75419492e-01   0.0000
  1.61005303e-01   0.0000
  1.45403026e-02   0.0000
  1.10416241e-01   0.0000
 -2.98501197e-02   0.0000
 -9.25813522e-03   0.0000
 -3.01600844e-01   0.0000
 -2.32039779e-01   0.0000
 -2.77294606e-01   0.0000
 -5.22669077e-01   0.0000
  2.30269626e-01   0.0000
 -8.84063616e-02   0.0000
  4.00471687e-01   0.0000
  1.31883845e-01   0.0000
  5.66002071e-01   0.0000
 -8.71755090e-03   0.0000
 -1.25069290e-01   0.0000
 -6.57990202e-02   0.0000
  6.68430507e-01   0.0000
  1.84207618e-01   0.0000
  5.52448153e-01   0.0000
  3.78604233e-01   0.0000
 -1.11017320e-02   0.0000
  1.47981957e-01   0.0000
  1.02777171e+00   0.0000
 -1.59894973e-01   0.0000
  1.80904400e-02   0.0000
  3.75701994e-01   0.0000
 -2.58670077e-02   0.0000
 -5.56493364e-03   0.0000
  5.68497837e-01   0.0000
 -1.36029804e-02   0.0000
  4.59554136e-01   0.0000
 -8.20086244e-03   0.0000
  3.28454880e-05   0.0000
 -5.86644337e-02   0.0000
  1.82944967e-03   0.0000
 -5.60763702e-02   0.0000
 -1.57429233e-01   0.0000
 -2.32648894e-01   0.0000
 -1.74916893e-01   0.0000
 -5.23358226e-01   0.0000
  1.83633938e-01   0.0000
  9.59665421e-03   0.0000
  2.83750087e-01   0.0000
  2.32258335e-01   0.0000
 -1.10050000e-01   0.0000
 -6.27330542e-02   0.0000
 -8.71006399e-03   0.0000
  2.39665434e-01   0.0000
 -1.45081850e-02   0.0000
 -5.99723905e-02   0.0000
  4.76184748e-02   0.0000
 -9.07706190e-03   0.0000
 -1.54411152e-01   0.0000
  2.16983482e-01   0.0000
 -1.15864076e-01   0.0000
  7.00247427e-03   0.0000
  3.05148717e-02   0.0000
 -1.31704723e-02   0.0000
 -2.73361746e-02   0.0000
 -1.61638856e-01   0.0000
 -8.32610801e-02   0.0000
 -2.17039630e-01   0.0000
  1.64522901e-02   0.0000
 -1.51425704e-01   0.0000
 -8.08182359e-03   0.0000
 -5.81011027e-02   0.0000
 -1.43390754e-03   0.0000
 -3.38075235e-02   0.0000
  8.69545247e-03   0.0000
  6.34492859e-02   0.0000
  1.11477999e-02   0.0000
 -1.30501054e-02   0.0000
 -1.74864605e-02   0.0000
  7.27581233e-02   0.0000
 -1.22065572e-02   0.0000
 -7.40094436e-03   0.0000
 -2.06174329e-02   0.0000
  2.04780530e-02   0.0000
  8.51173401e-02   0.0000
 -1.17106121e-02   0.0000
 -1.09397396e-01   0.0000
  1.00249220e-02   0.0000
 -8.35350305e-02   0.0000
  2.52661239e-02   0.0000
 -2.43468266e-02   0.0000
 -2.04334799e-02   0.0000
 -2.29539108e-02   0.0000
 -4.90662921e-03   0.0000
 -1.86910899e-03   0.0000
 -4.94177220e-03   0.0000
 -1.62341874e-02   0.0000
 -1.73746340e-03   0.0000
 -7.32322335e-02   0.0000
  2.95283627e-02   0.0000
 -1.52818739e-01   0.0000
  1.09572774e-02   0.0000
 -1.22113554e-02   0.0000
  2.29406171e-03   0.0000
  3.76606407e-03   0.0000
 -1.31136905e-02   0.0000
 -1.25319576e-02   0.0000
 -2.42130626e-02   0.0000
 -8.62012710e-03   0.0000
  2.34367549e-01   0.0000
  5.25916694e-03   0.0000
 -1.81767475e-02   0.0000
  1.17665054e-02   0.0000
  1.75208047e-01   0.0000
  5.97132862e-01   0.0000
  4.69192863e-02   0.0000
 -1.50724739e-01   0.0000
 -1.41737893e-01   0.0000
  4.95215088e-01   0.0000
  2.33061999e-01   0.0000
  4.23090637e-01   0.0000
  5.34410298e-01   0.0000
  7.53375515e-02   0.0000
  1.29550830e-01   0.0000
  5.78565300e-01   0.0000
 -1.58268675e-01   0.0000
  2.80966423e-02   0.0000
  4.31752235e-01   0.0000
 -1.79565628e-03   0.0000
 -6.48692027e-02   0.0000
  4.48100716e-01   0.0000
  3.60123776e-02   0.0000
  3.55293751e-01   0.0000
  1.13774940e-01   0.0000
  1.49243400e-02   0.0000
 -8.85286108e-02   0.0000
 -3.39475670e-03   0.0000
 -1.40965804e-01   0.0000
 -1.96366370e-01   0.0000
 -1.81086555e-01   0.0000
 -1.16390616e-01   0.0000
 -4.80530232e-01   0.0000
  9.53995660e-02   0.0000
 -3.64671424e-02   0.0000
  2.40284994e-01   0.0000
  5.33215527e-04   0.0000
 -2.89177835e-01   0.0000
 -6.43142164e-02   0.0000
  6.13421500e-02   0.0000
  1.86911151e-01   0.0000
 -1.89441070e-01   0.0000
 -4.34937291e-02   0.0000
 -7.30979592e-02   0.0000
 -3.18305433e-01   0.0000
 -2.12081075e-02   0.0000
  1.91206089e-03   0.0000
 -2.64773786e-01   0.0000
  1.86623558e-02   0.0000
  5.15105668e-03   0.0000
 -1.18118785e-01   0.0000
 -1.17204513e-03   0.0000
 -4.26584668e-02   0.0000
 -2.71713942e-01   0.0000
 -2.53916327e-02   0.0000
 -1.05117984e-01   0.0000
 -8.56334567e-02   0.0000
  1.72333959e-02   0.0000
 -1.74719077e-02   0.0000
 -1.80608802e-03   0.0000
 -4.30023577e-03   0.0000
  1.82938308e-01   0.0000
  1.35750011e-01   0.0000
  2.75842212e-02   0.0000
  1.53206915e-01   0.0000
 -6.78397194e-02   0.0000
  1.53210433e-02   0.0000
 -9.14826095e-02   0.0000
  9.70832910e-03   0.0000
  2.01755136e-01   0.0000
  2.51097400e-02   0.0000
 -1.04477607e-01   0.0000
 -5.72180226e-02   0.0000
  1.56602804e-02   0.0000
  8.99038240e-02   0.0000
  1.90976597e-02   0.0000
  1.91970661e-01   0.0000
  3.00719626e-02   0.0000
  7.03738304e-03   0.0000
  1.58382710e-02   0.0000
 -5.08295149e-02   0.0000
 -1.13858012e-02   0.0000
  2.40092203e-01   0.0000
  1.76310483e-02   0.0000
  6.70342101e-03   0.0000
  5.62825315e-02   0.0000
 -4.49643098e-03   0.0000
  1.67739376e-01   0.0000
  8.16456154e-02   0.0000
  2.86691636e-03   0.0000
  2.24407995e-03   0.0000
 -2.63013935e-04   0.0000
  7.85954855e-03   0.0000
 -7.02642128e-02   0.0000
 -1.40942521e-02   0.0000
 -7.49725327e-02   0.0000
 -1.38971984e-01   0.0000
  5.78044951e-02   0.0000
  8.87585431e-03   0.0000
  1.76240608e-01   0.0000
  2.33130500e-01   0.0000
 -6.49788752e-02   0.0000
 -1.29685372e-01   0.0000
  1.16172574e-01   0.0000
  3.35731991e-02   0.0000
 -3.08102127e-02   0.0000
 -3.32479253e-02   0.0000
  6.87845349e-02   0.0000
 -4.51985560e-02   0.0000
 -1.04091808e-01   0.0000
  3.05806063e-02   0.0000
 -1.32005945e-01   0.0000
  3.75803025e-03   0.0000
  1.16071915e-02   0.0000
  1.84422098e-02   0.0000
 -7.45315105e-02   0.0000
 -5.55608049e-02   0.0000
 -5.79043292e-03   0.0000
 -2.54815638e-01   0.0000
  5.05765202e-03   0.0000
 -1.13556363e-01   0.0000
 -7.67099718e-03   0.0000
 -1.24154270e-01   0.0000
  1.25989439e-02   0.0000
 -2.18273420e-03   0.0000
 -2.60012411e-03   0.0000
  2.50012040e-01   0.0000
 -6.01469493e-03   0.0000
 -1.53720817e-02   0.0000
 -1.11620240e-01   0.0000
  1.37916371e-01   0.0000
 -7.00477394e-04   0.0000
  9.92761701e-02   0.0000
  3.29480469e-01   0.0000
 -8.54435551e-04   0.0000
 -7.12824166e-02   0.0000
 -8.83791670e-02   0.0000
  4.05655324e-01   0.0000
  2.08913665e-02   0.0000
  2.32179657e-01   0.0000
  2.72810131e-01   0.0000
  8.48154072e-03   0.0000
  1.56058401e-01   0.0000
  4.39563930e-01   0.0000
  5.68022253e-03   0.0000
  6.08145446e-02   0.0000
  2.48481572e-01   0.0000
  2.55434448e-03   0.0000
  2.51299073e-03   0.0000
  2.34430373e-01   0.0000
  1.30296138e-03   0.0000
  1.67469770e-01   0.0000
  1.91033632e-03   0.0000
 -3.93176125e-03   0.0000
 -8.92945752e-03   0.0000
  1.17412703e-02   0.0000
 -3.33026685e-02   0.0000
 -5.23330197e-02   0.0000
 -4.51387130e-02   0.0000
 -1.08135808e-02   0.0000
 -3.84838670e-01   0.0000
  1.56219220e-02   0.0000
  4.01700707e-03   0.0000
  1.18176982e-01   0.0000
 -2.05507219e-01   0.0000
  1.03519246e-01   0.0000
  3.65952924e-02   0.0000
 -2.13196546e-01   0.0000
 -1.73069656e-01   0.0000
  2.27846578e-01   0.0000
  1.30921915e-01   0.0000
  4.81338724e-02   0.0000
  8.37048888e-02   0.0000
  1.32240608e-01   0.0000
 -3.79208960e-02   0.0000
  3.04624259e-01   0.0000
 -7.25385547e-02   0.0000
 -6.82554767e-02   0.0000
  8.39653909e-02   0.0000
  2.91310679e-02   0.0000
  2.26588786e-01   0.0000
  1.59232602e-01   0.0000
  1.35968298e-01   0.0000
  9.44466963e-02   0.0000
  2.02620476e-01   0.0000
  1.27541643e-04   0.0000
 -8.09772033e-03   0.0000
 -2.68674595e-03   0.0000
 -2.81825662e-03   0.0000
 -9.70252901e-02   0.0000
 -2.93861121e-01   0.0000
 -5.41892871e-02   0.0000
 -1.04294255e-01   0.0000
  5.03391139e-02   0.0000
 -1.39113262e-01   0.0000
  1.11482531e-01   0.0000
 -7.64516335e-06   0.0000
  5.70987225e-01   0.0000
 -2.75317021e-03   0.0000
 -2.33571716e-02   0.0000
  3.72850485e-02   0.0000
  4.40685600e-01   0.0000
 -2.39007324e-02   0.0000
  4.20164585e-01   0.0000
  3.90002578e-01   0.0000
 -3.33365775e-03   0.0000
  2.14553941e-02   0.0000
  7.16674745e-01   0.0000
 -4.46436219e-02   0.0000
 -1.05167064e-03   0.0000
  2.25923121e-01   0.0000
 -4.93300334e-03   0.0000
  1.59582403e-03   0.0000
  2.97861308e-01   0.0000
 -1.28175719e-02   0.0000
  1.35421157e-01   0.0000
  3.67347114e-02   0.0000
 -5.72339259e-03   0.0000
 -7.08397776e-02   0.0000
  3.00994981e-03   0.0000
  1.20522687e-03   0.0000
 -9.76050273e-02   0.0000
  3.35303508e-02   0.0000
 -7.30718747e-02   0.0000
 -6.16229653e-01   0.0000
 -5.51061938e-03   0.0000
  7.05496268e-03   0.0000
  5.22781834e-02   0.0000
 -5.09205520e-01   0.0000
  6.63148820e-01   0.0000
  5.05408943e-01   0.0000
 -4.28259343e-01   0.0000
 -5.72257698e-01   0.0000
  6.71718240e-01   0.0000
  4.83432174e-01   0.0000
  3.68169665e-01   0.0000
  5.04058957e-01   0.0000
  5.28728545e-01   0.0000
 -5.93879461e-01   0.0000
  8.28047097e-01   0.0000
 -3.01682681e-01   0.0000
 -4.30003181e-02   0.0000
  3.72376919e-01   0.0000
  4.02896345e-01   0.0000
  4.85593706e-01   0.0000
  4.18656766e-01   0.0000
  7.00037360e-01   0.0000
  4.29175645e-01   0.0000
  5.04706264e-01   0.0000
  2.36223880e-02   0.0000
  5.16486824e-01   0.0000
 -1.55065805e-01   0.0000
  1.23937823e-01   0.0000
 -1.37104124e-01   0.0000
 -7.96179533e-01   0.0000
 -3.52313548e-01   0.0000
 -1.39008313e-01   0.0000
  2.73488671e-01   0.0000
 -5.66146851e-01   0.0000
  4.12146926e-01   0.0000
 -4.90373403e-01   0.0000
  2.97869873e+00   0.0000
  6.69975817e-01   0.0000
 -1.19338870e+00   0.0000
 -1.28915632e+00   0.0000
  3.28024149e+00   0.0000
  1.32708478e+00   0.0000
  2.78052282e+00   0.0000
  2.38320327e+00   0.0000
  9.05611098e-01   0.0000
 -4.36885893e-01   0.0000
  4.37775087e+00   0.0000
 -1.09621048e+00   0.0000
 -1.16022058e-01   0.0000
  1.95174015e+00   0.0000
  6.30456865e-01   0.0000
  5.27692914e-01   0.0000
  2.50761890e+00   0.0000
  9.56568837e-01   0.0000
  1.91042745e+00   0.0000
  1.06956744e+00   0.0000
 -4.21894677e-02   0.0000
  2.36646280e-01   0.0000
 -9.22142416e-02   0.0000
 -9.68432706e-03   0.0000
 -1.04411197e+00   0.0000
 -1.62187016e+00   0.0000
 -9.43664849e-01   0.0000
 -2.52533388e+00   0.0000
  8.17443669e-01   0.0000
 -4.67217922e-01   0.0000
  1.42106795e+00   0.0000
  0.00000000e+00   0.0000

