 5 0.000000 1
 1 
 Si 28.085500
 0 0.250001 4.500000 0.978124 1.000000 
 4 0 1 2 3
 8 2.00000 2.20000 2.40000 2.60000 2.80000 3.00000 3.25000 3.50000
 1 12.169200 6.172630 3.114710 0.755675 0.404939 0.036124 0.650018 0.572890
 4 32 32 32 1
 -5.81615902e-02   0.0000
 -4.76759933e-02   0.0000
 -1.14877319e+00   0.0000
 -5.22501674e-03   0.0000
 -1.29379916e+00   0.0000
 -1.36393989e-02   0.0000
 -3.74480560e-02   0.0000
  1.32150017e-04   0.0000
  1.08822815e-01   0.0000
  1.61565689e-03   0.0000
 -1.29766250e+00   0.0000
  2.07150388e+00   0.0000
 -3.14470232e-02   0.0000
  7.29691505e-01   0.0000
 -4.47783992e-02   0.0000
 -1.49906695e+00   0.0000
 -1.06355874e-03   0.0000
 -1.48869470e-01   0.0000
  2.76860259e-02   0.0000
  8.96788463e-02   0.0000
 -1.62047815e+00   0.0000
  1.47929740e+00   0.0000
  4.88808662e-01   0.0000
 -1.96558400e-03   0.0000
  4.40353870e-01   0.0000
 -1.19243181e+00   0.0000
 -2.54574474e-02   0.0000
  6.10861957e-01   0.0000
  4.74899448e-03   0.0000
 -1.68129623e-01   0.0000
 -1.19375205e+00   0.0000
  1.70625433e-01   0.0000
  4.53759342e-01   0.0000
 -1.59347542e-02   0.0000
 -5.07402897e-01   0.0000
  1.10598654e-03   0.0000
 -2.16288432e-01   0.0000
 -8.14611688e-02   0.0000
 -3.08879912e-02   0.0000
 -8.75538513e-02   0.0000
  1.20860271e-01   0.0000
  2.74984390e-02   0.0000
 -1.06675899e+00   0.0000
  1.14608705e+00   0.0000
 -3.32270265e-02   0.0000
 -6.79744720e-01   0.0000
 -9.85848457e-02   0.0000
  3.74003738e-01   0.0000
 -3.61384898e-02   0.0000
 -2.43861929e-01   0.0000
  1.75816953e-01   0.0000
  4.03794460e-02   0.0000
 -1.08856118e+00   0.0000
  1.05387592e+00   0.0000
 -4.98756953e-03   0.0000
 -2.81475000e-02   0.0000
  4.79672164e-01   0.0000
 -1.01656353e+00   0.0000
 -1.15654685e-01   0.0000
  4.67447311e-01   0.0000
  4.25220147e-04   0.0000
 -4.63248998e-01   0.0000
 -5.80778003e-01   0.0000
 -4.11631316e-01   0.0000
 -3.26990075e-02   0.0000
  4.91976365e-02   0.0000
 -5.51189899e-01   0.0000
  4.02760506e-02   0.0000
  3.12477231e-01   0.0000
  2.82439031e-02   0.0000
 -1.59797370e-02   0.0000
 -9.56378132e-02   0.0000
  7.13479891e-02   0.0000
  2.06408605e-01   0.0000
 -6.47467136e-01   0.0000
  3.37286919e-01   0.0000
 -1.64266348e-01   0.0000
 -6.78344905e-01   0.0000
 -1.00133471e-01   0.0000
  8.69448960e-01   0.0000
 -1.49914846e-02   0.0000
 -3.18312883e-01   0.0000
  1.56966075e-01   0.0000
  2.24349275e-02   0.0000
 -6.47781551e-01   0.0000
  8.65463197e-01   0.0000
 -3.46492767e-01   0.0000
 -3.06787081e-02   0.0000
  3.00498933e-01   0.0000
 -5.47456563e-01   0.0000
 -6.22149222e-02   0.0000
  3.11242461e-01   0.0000
 -7.24421889e-02   0.0000
 -6.38032675e-01   0.0000
 -3.27507183e-02   0.0000
 -7.63633251e-01   0.0000
 -4.91984695e-01   0.0000
  1.17754668e-01   0.0000
 -6.25511169e-01   0.0000
  3.24307010e-02   0.0000
  6.25703394e-01   0.0000
  6.77651837e-02   0.0000
  8.68702531e-02   0.0000
 -1.53565139e-01   0.0000
  1.23948336e-01   0.0000
  1.86768621e-01   0.0000
 -3.76040518e-01   0.0000
 -1.82717368e-01   0.0000
 -9.97430012e-02   0.0000
 -4.91343588e-01   0.0000
 -1.89359531e-01   0.0000
  6.00220978e-01   0.0000
 -1.41888782e-01   0.0000
 -4.85199809e-01   0.0000
  2.55561501e-01   0.0000
 -1.15249261e-01   0.0000
 -1.86639979e-01   0.0000
  7.71135628e-01   0.0000
 -5.09833753e-01   0.0000
 -1.43936068e-01   0.0000
  1.40246049e-01   0.0000
 -3.14049684e-02   0.0000
 -3.90960276e-02   0.0000
  1.61419228e-01   0.0000
 -9.55685601e-02   0.0000
 -8.28080714e-01   0.0000
  2.02733874e-01   0.0000
 -8.67091417e-01   0.0000
 -4.57027286e-01   0.0000
  1.58713818e-01   0.0000
 -4.73705858e-01   0.0000
  2.12208167e-01   0.0000
  8.74052465e-01   0.0000
  1.16400182e-01   0.0000
  2.33781673e-02   0.0000
 -2.29654506e-01   0.0000
  3.05431753e-01   0.0000
  1.64147899e-01   0.0000
 -2.42801189e-01   0.0000
 -5.88331282e-01   0.0000
 -1.10219046e-01   0.0000
 -2.21684441e-01   0.0000
 -2.31378615e-01   0.0000
  4.08483684e-01   0.0000
 -1.20131165e-01   0.0000
 -5.56076705e-01   0.0000
  1.55936971e-01   0.0000
 -5.93145080e-02   0.0000
 -4.33285460e-02   0.0000
  5.06893992e-01   0.0000
 -5.52888334e-01   0.0000
 -1.72382504e-01   0.0000
 -1.46437855e-02   0.0000
  3.14135514e-02   0.0000
 -2.63896227e-01   0.0000
 -7.11431727e-02   0.0000
 -1.72051474e-01   0.0000
 -9.71358597e-01   0.0000
  4.68569905e-01   0.0000
 -8.96996915e-01   0.0000
 -1.59519807e-01   0.0000
  2.70057768e-01   0.0000
 -4.76460278e-01   0.0000
  2.13626727e-01   0.0000
  9.25691843e-01   0.0000
  6.24258779e-02   0.0000
  1.31369650e-01   0.0000
 -1.47097334e-01   0.0000
  2.66279876e-01   0.0000
  2.24986315e-01   0.0000
 -2.89168030e-01   0.0000
 -1.06704593e+00   0.0000
 -1.86107025e-01   0.0000
  1.71167314e-01   0.0000
 -2.84693897e-01   0.0000
  1.83052674e-01   0.0000
 -2.91168362e-01   0.0000
 -7.61107326e-01   0.0000
  2.56954402e-01   0.0000
 -7.52028525e-02   0.0000
 -5.51105142e-02   0.0000
  9.83332694e-02   0.0000
 -8.62370789e-01   0.0000
 -2.05914885e-01   0.0000
 -2.51572486e-02   0.0000
  1.46224406e-02   0.0000
 -2.23751232e-01   0.0000
 -2.42012709e-01   0.0000
 -1.94463566e-01   0.0000
 -1.05180418e+00   0.0000
  3.75543237e-01   0.0000
 -8.88750136e-01   0.0000
  3.96199226e-01   0.0000
  3.07178020e-01   0.0000
 -1.57092661e-01   0.0000
  2.07825184e-01   0.0000
  8.77994657e-01   0.0000
  1.04306869e-01   0.0000
  1.92685768e-01   0.0000
 -3.63766372e-01   0.0000
  3.96928042e-01   0.0000
  2.50666171e-01   0.0000
 -3.83882433e-01   0.0000
 -1.48262441e+00   0.0000
 -3.21162611e-01   0.0000
  6.09349370e-01   0.0000
 -2.76952773e-01   0.0000
 -1.25081748e-01   0.0000
 -2.19551861e-01   0.0000
 -9.54652250e-01   0.0000
  3.93066347e-01   0.0000
 -1.71093468e-03   0.0000
 -1.04293361e-01   0.0000
 -3.70515168e-01   0.0000
 -8.26974690e-01   0.0000
 -2.32116938e-01   0.0000
 -1.97341871e-02   0.0000
 -3.08336049e-01   0.0000
 -2.72742838e-01   0.0000
 -4.25398588e-01   0.0000
 -2.77718425e-01   0.0000
 -1.21969151e+00   0.0000
  5.40875137e-01   0.0000
 -6.55248940e-01   0.0000
  1.09620261e+00   0.0000
  3.66920739e-01   0.0000
  1.04235962e-01   0.0000
  2.49322206e-01   0.0000
  8.19558084e-01   0.0000
  5.44618666e-02   0.0000
  1.64269552e-01   0.0000
 -2.89693058e-01   0.0000
  3.28185797e-01   0.0000
  2.62584746e-01   0.0000
 -5.44644892e-01   0.0000
 -1.82502830e+00   0.0000
 -2.67585993e-01   0.0000
  9.66338873e-01   0.0000
 -4.17835474e-01   0.0000
 -3.63518268e-01   0.0000
 -2.81731308e-01   0.0000
 -1.19456375e+00   0.0000
  4.22425985e-01   0.0000
  1.62412211e-01   0.0000
 -2.27673560e-01   0.0000
 -9.70317900e-01   0.0000
 -9.65260625e-01   0.0000
 -2.11580545e-01   0.0000
 -6.75521493e-02   0.0000
 -7.34358072e-01   0.0000
 -3.20552766e-01   0.0000
 -6.25022769e-01   0.0000
 -2.08201349e-01   0.0000
 -1.16802728e+00   0.0000
  5.12665689e-01   0.0000
 -5.31030297e-01   0.0000
  3.29111278e-01   0.0000
  2.50820756e-01   0.0000
 -4.53583971e-02   0.0000
 -1.46430091e-03   0.0000
 -2.16129160e+00   0.0000
  2.43502110e-02   0.0000
  1.34018995e-02   0.0000
  4.03651828e-03   0.0000
 -2.70411395e-03   0.0000
 -2.55105505e-03   0.0000
 -1.38669324e+00   0.0000
  1.67612922e+00   0.0000
 -1.95108689e-02   0.0000
  4.10489845e+00   0.0000
 -1.66658256e-02   0.0000
 -9.49835777e-01   0.0000
  7.64004607e-03   0.0000
 -8.01085174e-01   0.0000
  2.09037289e-02   0.0000
 -2.36709520e-01   0.0000
 -2.80491441e-01   0.0000
 -1.21380937e+00   0.0000
  1.29481232e+00   0.0000
 -2.64169881e-03   0.0000
  3.03647488e-01   0.0000
  7.90137947e-01   0.0000
  3.01556336e-03   0.0000
 -1.52398795e-01   0.0000
  2.86525185e-03   0.0000
  3.59054357e-01   0.0000
 -4.40288961e-01   0.0000
  1.89401686e+00   0.0000
  8.34778771e-02   0.0000
  1.27696842e-01   0.0000
  7.38107979e-01   0.0000
  6.61512418e-03   0.0000
 -1.05760729e+00   0.0000
  4.60861623e-02   0.0000
  1.52310375e-02   0.0000
  9.81297996e-03   0.0000
 -5.91559894e-03   0.0000
 -3.84551613e-03   0.0000
 -6.68491498e-02   0.0000
  9.80328321e-01   0.0000
  2.77835689e-03   0.0000
  5.64282715e-01   0.0000
 -3.67514007e-02   0.0000
 -7.18333304e-01   0.0000
  8.40523932e-03   0.0000
 -4.22954828e-01   0.0000
 -6.32583117e-03   0.0000
 -1.87325820e-01   0.0000
 -2.11047485e-01   0.0000
 -6.39785647e-01   0.0000
  8.92353058e-01   0.0000
 -9.52835940e-03   0.0000
  2.83862561e-01   0.0000
  7.10621715e-01   0.0000
 -1.60567276e-02   0.0000
 -7.50996619e-02   0.0000
  1.91819447e-03   0.0000
  6.82116300e-02   0.0000
 -2.84021705e-01   0.0000
  9.11305249e-01   0.0000
  2.70155575e-02   0.0000
  1.30222827e-01   0.0000
  1.49051797e+00   0.0000
  1.24809043e-02   0.0000
 -3.55218709e-01   0.0000
  5.10317981e-02   0.0000
  3.02877650e-02   0.0000
  2.06874963e-02   0.0000
  6.40795827e-02   0.0000
  6.45174384e-02   0.0000
  5.58536649e-01   0.0000
  2.92226017e-01   0.0000
 -1.32877065e-03   0.0000
 -8.79590631e-01   0.0000
 -5.26157804e-02   0.0000
 -2.26063177e-01   0.0000
  5.85986860e-03   0.0000
 -1.01994291e-01   0.0000
  5.38443811e-02   0.0000
 -1.47900939e-01   0.0000
 -8.25352743e-02   0.0000
 -5.22508681e-01   0.0000
  4.78978157e-01   0.0000
 -2.71846764e-02   0.0000
  1.37467772e-01   0.0000
  4.81713593e-01   0.0000
  2.50393227e-02   0.0000
 -9.77734923e-02   0.0000
 -1.67767927e-02   0.0000
  1.10498921e-03   0.0000
 -1.05147399e-01   0.0000
  5.94310522e-01   0.0000
 -1.02982596e-01   0.0000
  1.42499328e-01   0.0000
  1.55142045e+00   0.0000
  1.58058777e-02   0.0000
  7.71495514e-04   0.0000
  2.78414432e-02   0.0000
  2.56480519e-02   0.0000
  2.24589300e-03   0.0000
 -1.74186341e-02   0.0000
 -3.38878706e-02   0.0000
  8.36646259e-01   0.0000
 -4.18345094e-01   0.0000
  8.94819386e-03   0.0000
 -1.31465328e+00   0.0000
 -3.14554423e-02   0.0000
  6.30081594e-02   0.0000
  1.59719568e-02   0.0000
  1.71484351e-01   0.0000
  1.00715667e-01   0.0000
 -7.26906210e-02   0.0000
  5.12202345e-02   0.0000
 -5.08945048e-01   0.0000
  2.78830707e-01   0.0000
 -8.73033423e-03   0.0000
  8.16174820e-02   0.0000
  4.07452017e-01   0.0000
  2.81671807e-03   0.0000
 -2.72819906e-01   0.0000
 -2.10712496e-02   0.0000
 -1.39960572e-01   0.0000
  2.45618578e-02   0.0000
  4.10660118e-01   0.0000
 -2.06960559e-01   0.0000
  1.82648212e-01   0.0000
  1.36303461e+00   0.0000
  1.16628008e-02   0.0000
  1.51914284e-01   0.0000
  4.98743169e-02   0.0000
  3.55951637e-02   0.0000
 -8.01655352e-02   0.0000
  4.80629653e-02   0.0000
  5.88720329e-02   0.0000
  9.97333229e-01   0.0000
 -8.74089599e-01   0.0000
  2.57621501e-02   0.0000
 -1.17103863e+00   0.0000
 -5.99134639e-02   0.0000
  1.39726430e-01   0.0000
  1.86016839e-02   0.0000
  4.54769224e-01   0.0000
  1.97775543e-01   0.0000
 -8.78162403e-03   0.0000
  3.21059048e-01   0.0000
 -4.52331215e-01   0.0000
  3.81507985e-02   0.0000
  7.84507580e-03   0.0000
  4.48326431e-02   0.0000
  4.06320184e-01   0.0000
 -2.64292080e-02   0.0000
 -1.59487218e-01   0.0000
 -1.65437092e-03   0.0000
 -2.28152931e-01   0.0000
  9.96396244e-02   0.0000
  3.16285372e-01   0.0000
 -3.65358859e-01   0.0000
  2.56084293e-01   0.0000
  8.64919424e-01   0.0000
  4.61453609e-02   0.0000
  3.09381664e-01   0.0000
  7.43306652e-02   0.0000
  3.97336520e-02   0.0000
 -3.03707160e-02   0.0000
  3.93968858e-02   0.0000
 -1.66983455e-02   0.0000
  1.21415102e+00   0.0000
 -1.28845489e+00   0.0000
 -4.76080738e-02   0.0000
 -7.73899317e-01   0.0000
 -4.55692485e-02   0.0000
 -2.17348021e-02   0.0000
 -6.85671344e-03   0.0000
  6.61777020e-01   0.0000
  1.58109590e-01   0.0000
 -6.77252561e-03   0.0000
  6.19262159e-01   0.0000
 -3.88130158e-01   0.0000
 -7.43265264e-03   0.0000
  1.71533953e-02   0.0000
 -4.96116504e-02   0.0000
  4.18494701e-01   0.0000
 -9.02723968e-02   0.0000
 -3.55910271e-01   0.0000
 -2.87961811e-02   0.0000
 -2.12571964e-01   0.0000
  1.74553275e-01   0.0000
  3.63941848e-01   0.0000
 -6.51093304e-01   0.0000
  2.98834980e-01   0.0000
  2.20724806e-01   0.0000
  1.58283841e-02   0.0000
  2.53449172e-01   0.0000
  5.37554696e-02   0.0000
  6.34967014e-02   0.0000
 -2.30712876e-01   0.0000
  2.08813518e-01   0.0000
  7.42412582e-02   0.0000
  1.50493395e+00   0.0000
 -1.65989757e+00   0.0000
  3.50747183e-02   0.0000
 -1.41341880e-01   0.0000
 -3.09920441e-02   0.0000
 -4.67226952e-01   0.0000
  7.45091634e-03   0.0000
  7.88998842e-01   0.0000
  5.85995205e-02   0.0000
  8.30561295e-03   0.0000
  1.01090765e+00   0.0000
 -3.70842963e-01   0.0000
 -6.65496290e-02   0.0000
  2.15847678e-02   0.0000
 -1.43207446e-01   0.0000
  4.41880018e-01   0.0000
 -3.30016762e-02   0.0000
 -3.76454771e-01   0.0000
 -6.37186179e-03   0.0000
 -2.77011693e-01   0.0000
  1.49613723e-01   0.0000
  5.54355621e-01   0.0000
 -7.87153959e-01   0.0000
  3.69040638e-01   0.0000
 -4.17280912e-01   0.0000
  6.81287423e-02   0.0000
  2.15935513e-01   0.0000
  4.75333855e-02   0.0000
  7.32315332e-02   0.0000
 -1.57403454e-01   0.0000
  2.88473785e-01   0.0000
  2.23588690e-01   0.0000
  1.70211923e+00   0.0000
 -1.93394327e+00   0.0000
 -1.02282591e-01   0.0000
  7.90278733e-01   0.0000
 -4.64794710e-02   0.0000
 -1.00549805e+00   0.0000
 -1.16321422e-01   0.0000
  8.98275137e-01   0.0000
  2.46021733e-01   0.0000
  6.29983246e-02   0.0000
  1.36386073e+00   0.0000
 -3.41527611e-01   0.0000
 -1.12279199e-01   0.0000
 -1.18929036e-01   0.0000
 -2.37539351e-01   0.0000
  4.55534548e-01   0.0000
 -7.66994134e-02   0.0000
 -4.97119248e-01   0.0000
  2.46226192e-02   0.0000
 -3.24088395e-01   0.0000
  1.42991468e-01   0.0000
  7.69298673e-01   0.0000
 -1.67776084e+00   0.0000
  8.00403178e-01   0.0000
 -9.62896287e-01   0.0000
  2.27889605e-02   0.0000
 -4.15360510e-01   0.0000
  2.60611564e-01   0.0000
 -1.51581932e-02   0.0000
 -1.34552335e-02   0.0000
 -5.13282488e-04   0.0000
 -1.53285114e-03   0.0000
  1.68350387e+00   0.0000
 -3.51365745e-01   0.0000
 -2.09177267e-02   0.0000
  1.22679031e+00   0.0000
 -7.84380659e-02   0.0000
 -4.47275758e-01   0.0000
 -3.66012636e-03   0.0000
  6.46413192e-02   0.0000
 -7.65394885e-04   0.0000
 -3.43001902e-01   0.0000
  3.21153134e-01   0.0000
 -1.40661508e-01   0.0000
  6.60902739e-01   0.0000
 -4.76461612e-02   0.0000
 -7.93695033e-01   0.0000
  5.42703629e-01   0.0000
 -5.01386216e-03   0.0000
  3.30779105e-01   0.0000
 -2.50198059e-02   0.0000
 -5.91993630e-02   0.0000
  1.53051272e-01   0.0000
  1.28166652e+00   0.0000
 -8.54045749e-01   0.0000
  5.97306311e-01   0.0000
 -3.33644658e-01   0.0000
  3.21495309e-02   0.0000
  1.19954117e-01   0.0000
  1.85796097e-01   0.0000
 -3.52552310e-02   0.0000
  4.57759341e-03   0.0000
  1.14468457e-02   0.0000
 -6.19377568e-03   0.0000
  2.68372186e-02   0.0000
 -7.70649970e-01   0.0000
 -5.61709935e-03   0.0000
 -3.45686615e-01   0.0000
 -5.85517548e-02   0.0000
  5.83141819e-02   0.0000
  5.75221784e-04   0.0000
  1.04691029e-01   0.0000
 -3.16485390e-03   0.0000
 -3.21144730e-01   0.0000
 -1.77359328e-01   0.0000
 -2.70573884e-01   0.0000
  2.41013512e-01   0.0000
 -1.75175518e-02   0.0000
 -5.29365540e-01   0.0000
  6.52415901e-02   0.0000
  8.17280449e-03   0.0000
  6.72164440e-01   0.0000
 -5.35956584e-02   0.0000
  3.64249833e-02   0.0000
 -3.68010253e-03   0.0000
  5.56267917e-01   0.0000
  5.63697927e-02   0.0000
  4.60017234e-01   0.0000
 -9.00781080e-02   0.0000
  4.66234125e-02   0.0000
  3.29148561e-01   0.0000
  1.78770453e-01   0.0000
 -4.05227877e-02   0.0000
  1.28844578e-03   0.0000
  2.29253396e-02   0.0000
 -6.65056193e-03   0.0000
 -6.09366059e-01   0.0000
 -7.60725677e-01   0.0000
 -1.91010220e-03   0.0000
 -4.64252800e-01   0.0000
 -2.40331143e-02   0.0000
  3.22728992e-01   0.0000
  3.13248864e-04   0.0000
  3.13555986e-01   0.0000
 -3.53890494e-03   0.0000
 -2.91907936e-01   0.0000
 -4.07504529e-01   0.0000
 -1.31672114e-01   0.0000
  7.36350566e-02   0.0000
 -2.93665845e-02   0.0000
 -3.22109401e-01   0.0000
 -1.99013308e-01   0.0000
  8.45683739e-03   0.0000
  6.67133451e-01   0.0000
 -7.01314583e-02   0.0000
  1.37289986e-01   0.0000
 -1.42035678e-01   0.0000
  2.00950146e-01   0.0000
  7.06723750e-01   0.0000
  3.02830160e-01   0.0000
 -1.27401143e-01   0.0000
  1.14352442e-02   0.0000
  4.87272441e-01   0.0000
  1.15909167e-01   0.0000
 -1.21121153e-01   0.0000
  1.09193576e-02   0.0000
 -6.33749925e-03   0.0000
 -1.59479585e-02   0.0000
 -6.58856511e-01   0.0000
 -5.22983372e-01   0.0000
 -9.58544761e-03   0.0000
 -2.92110294e-01   0.0000
  4.26966362e-02   0.0000
  4.96568739e-01   0.0000
 -1.05651161e-02   0.0000
  5.34397721e-01   0.0000
  4.59786970e-03   0.0000
 -3.09578598e-01   0.0000
 -2.86773205e-01   0.0000
 -1.51681826e-01   0.0000
  6.83907568e-02   0.0000
 -3.87724936e-02   0.0000
 -1.42647609e-01   0.0000
 -2.75846958e-01   0.0000
  7.09669385e-03   0.0000
  7.77581990e-01   0.0000
 -3.20479982e-02   0.0000
  2.73681521e-01   0.0000
 -3.70351136e-01   0.0000
 -1.03857383e-01   0.0000
  9.76764977e-01   0.0000
  2.50537723e-01   0.0000
 -2.31795743e-01   0.0000
  2.90606432e-02   0.0000
  5.54096639e-01   0.0000
  1.63271189e-01   0.0000
 -5.09042703e-02   0.0000
  1.92048233e-02   0.0000
 -1.39365168e-02   0.0000
 -1.93173345e-02   0.0000
 -4.55129445e-01   0.0000
 -2.32976988e-01   0.0000
 -1.76292025e-02   0.0000
 -1.79449901e-01   0.0000
  6.01225579e-03   0.0000
  4.14173633e-01   0.0000
  5.46476524e-03   0.0000
  6.95070446e-01   0.0000
  5.78067172e-03   0.0000
 -1.57497182e-01   0.0000
  4.17177603e-02   0.0000
 -1.14500396e-01   0.0000
  2.95910053e-02   0.0000
 -7.02376990e-03   0.0000
  3.33753489e-02   0.0000
 -1.65808916e-01   0.0000
  1.83523982e-03   0.0000
  9.57886934e-01   0.0000
 -5.50387986e-02   0.0000
  4.19112951e-01   0.0000
 -3.60614538e-01   0.0000
 -2.35117868e-01   0.0000
  9.16943967e-01   0.0000
  1.37616798e-01   0.0000
 -1.45662591e-01   0.0000
  4.69609350e-02   0.0000
  7.23552883e-01   0.0000
  8.90272409e-02   0.0000
 -1.71158090e-01   0.0000
  9.57234669e-03   0.0000
  4.42606071e-03   0.0000
 -2.58877985e-02   0.0000
 -1.87190697e-01   0.0000
 -4.31770310e-02   0.0000
 -9.01404128e-04   0.0000
  3.84265631e-02   0.0000
  1.32441208e-01   0.0000
 -9.98543426e-02   0.0000
  1.07048256e-02   0.0000
  1.05726755e+00   0.0000
 -1.03062345e-02   0.0000
 -2.23803118e-01   0.0000
  5.05205810e-01   0.0000
  3.98730449e-02   0.0000
  7.66598955e-02   0.0000
 -6.52358914e-03   0.0000
  1.99526802e-01   0.0000
 -1.42329801e-02   0.0000
  2.14288831e-02   0.0000
  1.01630664e+00   0.0000
 -2.94819567e-02   0.0000
  5.69911718e-01   0.0000
 -5.03839970e-01   0.0000
 -5.44962108e-01   0.0000
  4.72112834e-01   0.0000
  3.85826193e-02   0.0000
  2.78116167e-01   0.0000
  1.51295243e-02   0.0000
  8.72985899e-01   0.0000
  4.69481945e-02   0.0000
 -5.87730557e-02   0.0000
 -1.02889044e-02   0.0000
  2.16515958e-02   0.0000
 -1.63626466e-02   0.0000
  1.26273766e-01   0.0000
  3.11765552e-01   0.0000
  2.07642410e-02   0.0000
  1.16852440e-01   0.0000
  1.23562075e-01   0.0000
 -7.21127152e-01   0.0000
  1.33766579e-02   0.0000
  1.36733997e+00   0.0000
 -8.23095255e-03   0.0000
 -1.40973553e-01   0.0000
  9.70518112e-01   0.0000
  1.37493059e-01   0.0000
  1.36956245e-01   0.0000
 -3.33606638e-02   0.0000
  4.01180893e-01   0.0000
  1.13064587e-01   0.0000
 -4.90321661e-04   0.0000
  1.18966019e+00   0.0000
 -4.50867824e-02   0.0000
  8.43246698e-01   0.0000
 -5.01951039e-01   0.0000
 -8.43457460e-01   0.0000
  1.95829105e-02   0.0000
 -5.33909276e-02   0.0000
  9.16610181e-01   0.0000
  2.05653086e-02   0.0000
  8.54422390e-01   0.0000
  1.87157378e-01   0.0000
 -7.54040554e-02   0.0000
 -3.32387984e-02   0.0000
  4.59213331e-02   0.0000
  6.94212213e-04   0.0000
  4.60927546e-01   0.0000
  6.02866173e-01   0.0000
  2.69922651e-02   0.0000
  1.37754157e-01   0.0000
  6.32789135e-02   0.0000
 -1.43656468e+00   0.0000
  1.37180127e-02   0.0000
  1.81133616e+00   0.0000
  2.48620268e-02   0.0000
 -1.71277210e-01   0.0000
  1.18206871e+00   0.0000
  2.31324017e-01   0.0000
  2.85828710e-01   0.0000
  1.32352579e-02   0.0000
  4.80193436e-01   0.0000
  3.28052193e-01   0.0000
 -1.42340390e-02   0.0000
  1.33150089e+00   0.0000
 -5.58885653e-03   0.0000
  9.27209675e-01   0.0000
 -3.89976323e-01   0.0000
 -9.71576035e-01   0.0000
 -4.31549579e-01   0.0000
 -2.69303828e-01   0.0000
 -2.34298944e+00   0.0000
  5.43807946e-05   0.0000
 -2.07788420e+00   0.0000
 -1.33671746e-01   0.0000
  8.12077820e-02   0.0000
  2.96417682e-04   0.0000
 -6.76038617e-04   0.0000
  2.56586317e-02   0.0000
 -1.85943055e+00   0.0000
  3.86158109e+00   0.0000
 -4.52622259e-03   0.0000
  1.95197642e+00   0.0000
 -8.82794559e-02   0.0000
  5.79297066e-01   0.0000
  7.14512367e-04   0.0000
  4.70689148e-01   0.0000
 -4.26102168e-04   0.0000
  1.19025335e-01   0.0000
  3.99079919e-02   0.0000
 -9.31979418e-01   0.0000
  2.28563118e+00   0.0000
  9.49655659e-05   0.0000
  1.02810048e-01   0.0000
  6.57169104e-01   0.0000
  4.26877243e-03   0.0000
 -3.14304441e-01   0.0000
  4.07993607e-03   0.0000
  6.14249647e-01   0.0000
  5.57280719e-01   0.0000
  1.37346673e+00   0.0000
  4.41501379e-01   0.0000
  1.17013596e-01   0.0000
 -2.84543902e-01   0.0000
 -2.86746636e-05   0.0000
  1.01945531e+00   0.0000
 -1.75052792e-01   0.0000
  1.24448799e-01   0.0000
  1.81045977e-03   0.0000
  1.83227025e-02   0.0000
  1.30206102e-03   0.0000
 -1.68975759e+00   0.0000
 -1.20055830e+00   0.0000
 -1.24967936e-03   0.0000
 -1.30191624e+00   0.0000
 -9.75029618e-02   0.0000
  6.06962204e-01   0.0000
  1.04508712e-03   0.0000
  5.92360973e-01   0.0000
 -7.60478608e-04   0.0000
  1.83221832e-01   0.0000
 -1.43393472e-01   0.0000
 -5.71040511e-01   0.0000
 -6.46587133e-01   0.0000
 -1.01307463e-02   0.0000
  8.47273692e-02   0.0000
  1.55331880e-01   0.0000
  3.31010693e-03   0.0000
  8.86198655e-02   0.0000
 -6.08687405e-04   0.0000
  3.16251427e-01   0.0000
  2.62362778e-01   0.0000
 -5.90768695e-01   0.0000
  7.14689076e-01   0.0000
  3.83862704e-01   0.0000
 -9.96901914e-02   0.0000
  4.42107720e-03   0.0000
 -1.71981007e-01   0.0000
 -1.82596236e-01   0.0000
  3.44875008e-02   0.0000
 -1.06541929e-03   0.0000
  3.60441300e-05   0.0000
  1.77940689e-02   0.0000
 -7.15032876e-01   0.0000
 -2.61244559e+00   0.0000
 -1.00640766e-02   0.0000
  4.86233681e-01   0.0000
 -5.19294441e-02   0.0000
  4.53288943e-01   0.0000
 -2.37358976e-02   0.0000
  6.77247226e-01   0.0000
  1.78733543e-02   0.0000
  1.70797780e-01   0.0000
 -2.20739152e-02   0.0000
 -4.56263781e-01   0.0000
 -1.66553771e+00   0.0000
 -5.64785302e-02   0.0000
  1.57987878e-01   0.0000
  7.05576614e-02   0.0000
 -1.52276916e-04   0.0000
  1.69337332e-01   0.0000
 -2.75457315e-02   0.0000
  2.82732397e-01   0.0000
  7.47324973e-02   0.0000
 -3.95810381e-02   0.0000
  8.05270910e-01   0.0000
  3.66705328e-01   0.0000
 -3.57970357e-01   0.0000
  3.88397127e-02   0.0000
 -5.36162294e-02   0.0000
 -1.13826908e-01   0.0000
  1.02491193e-02   0.0000
 -1.95585545e-02   0.0000
  1.47812515e-02   0.0000
  1.60524443e-01   0.0000
  1.14818931e-01   0.0000
 -2.29733157e+00   0.0000
 -1.90194212e-02   0.0000
  2.80312508e-01   0.0000
 -3.42772380e-02   0.0000
  1.54960737e-01   0.0000
 -2.36166008e-02   0.0000
  6.10245347e-01   0.0000
  1.15320925e-02   0.0000
  6.78522140e-02   0.0000
  2.12983489e-01   0.0000
 -6.66105092e-01   0.0000
 -1.38200438e+00   0.0000
 -1.79101489e-02   0.0000
 -4.64942269e-02   0.0000
  1.24888159e-01   0.0000
 -1.78524088e-02   0.0000
  3.02792519e-01   0.0000
 -4.42108959e-02   0.0000
  3.36292803e-01   0.0000
 -1.70161594e-02   0.0000
  2.18259126e-01   0.0000
  5.13244450e-01   0.0000
  4.91659433e-01   0.0000
 -3.24191809e-01   0.0000
  1.70112215e-02   0.0000
  2.14844704e-01   0.0000
 -9.13546234e-02   0.0000
 -2.06703576e-03   0.0000
 -1.22623608e-01   0.0000
  1.94548115e-01   0.0000
  1.46824718e-01   0.0000
  6.23352587e-01   0.0000
 -1.93522835e+00   0.0000
 -1.31152138e-01   0.0000
  4.55191225e-01   0.0000
 -3.91322561e-02   0.0000
 -1.28110081e-01   0.0000
 -8.65705088e-02   0.0000
  5.61106861e-01   0.0000
  1.27010375e-01   0.0000
  6.04467988e-02   0.0000
  3.77104372e-01   0.0000
 -3.64031821e-01   0.0000
 -1.10011554e+00   0.0000
 -4.31899279e-02   0.0000
 -1.31789491e-01   0.0000
  1.35221362e-01   0.0000
 -1.31563738e-01   0.0000
  2.59397626e-01   0.0000
 -7.99931735e-02   0.0000
  4.30095851e-01   0.0000
 -1.12846062e-01   0.0000
 -1.91664681e-01   0.0000
  1.74135342e-01   0.0000
  4.37908202e-01   0.0000
 -4.03832011e-02   0.0000
  3.24168950e-02   0.0000
 -2.84876436e-01   0.0000
 -8.98229480e-02   0.0000
  3.16823386e-02   0.0000
 -1.15923472e-01   0.0000
  1.04538850e-01   0.0000
  1.62033677e-01   0.0000
  5.58582842e-01   0.0000
 -1.42356598e+00   0.0000
 -1.85433224e-01   0.0000
  8.60918779e-03   0.0000
 -3.73629667e-02   0.0000
 -3.08392972e-01   0.0000
 -9.95678604e-02   0.0000
  6.14297330e-01   0.0000
  1.73926190e-01   0.0000
  1.12974070e-01   0.0000
  3.84498030e-01   0.0000
 -9.24484655e-02   0.0000
 -1.13676596e+00   0.0000
 -1.80298150e-01   0.0000
 -8.16046521e-02   0.0000
  1.19923703e-01   0.0000
 -1.58820540e-01   0.0000
  3.06147099e-01   0.0000
 -3.53253037e-02   0.0000
  6.04881644e-01   0.0000
 -1.69874758e-01   0.0000
  1.05626881e-02   0.0000
 -1.62969336e-01   0.0000
  3.75840515e-01   0.0000
  6.66080773e-01   0.0000
  6.33516088e-02   0.0000
  1.89904436e-01   0.0000
 -1.84766516e-01   0.0000
  3.03841080e-03   0.0000
 -2.32972339e-01   0.0000
  2.70953715e-01   0.0000
  2.68310815e-01   0.0000
  1.34922579e-01   0.0000
 -1.03375328e+00   0.0000
 -1.12683170e-01   0.0000
 -1.79216713e-01   0.0000
 -1.21580429e-01   0.0000
 -4.39108223e-01   0.0000
 -1.84872732e-01   0.0000
  9.00870860e-01   0.0000
  1.38506904e-01   0.0000
  1.71240553e-01   0.0000
  2.02113003e-01   0.0000
 -5.25387935e-02   0.0000
 -1.05181634e+00   0.0000
 -1.43876493e-01   0.0000
  5.11786677e-02   0.0000
  2.78839767e-02   0.0000
 -2.50717640e-01   0.0000
  1.90126635e-02   0.0000
 -1.43206865e-01   0.0000
  7.27824926e-01   0.0000
 -1.72586143e-01   0.0000
 -4.55229074e-01   0.0000
 -1.11699200e+00   0.0000
  3.70800525e-01   0.0000
  1.67535889e+00   0.0000
  1.88691199e-01   0.0000
 -3.44912440e-01   0.0000
 -2.61991292e-01   0.0000
 -1.17101250e-02   0.0000
 -2.36630365e-01   0.0000
  1.95421562e-01   0.0000
  8.68484527e-02   0.0000
  1.45630702e-01   0.0000
 -6.46737933e-01   0.0000
 -2.30345815e-01   0.0000
 -4.12083149e-01   0.0000
 -2.11211536e-02   0.0000
 -3.82227421e-01   0.0000
 -3.46688956e-01   0.0000
  1.36529779e+00   0.0000
  1.56118989e-01   0.0000
  1.94350421e-01   0.0000
  1.43782375e-02   0.0000
  8.35587740e-01   0.0000
 -1.08380795e+00   0.0000
 -1.81934744e-01   0.0000
  1.95282876e-01   0.0000
  6.35505319e-02   0.0000
 -3.68717939e-01   0.0000
 -1.88652560e-01   0.0000
 -2.47865289e-01   0.0000
  6.73155010e-01   0.0000
 -1.19688399e-01   0.0000
 -7.26837277e-01   0.0000
  2.35644370e-01   0.0000
  3.82780209e-02   0.0000
 -6.98643386e-01   0.0000
  1.22433446e-01   0.0000
  7.29447603e-01   0.0000
  1.32363513e-02   0.0000
  9.02174190e-02   0.0000
 -3.76150310e-01   0.0000
  1.76622629e-01   0.0000
  3.00507218e-01   0.0000
  2.09235096e+00   0.0000
  1.38843328e-01   0.0000
 -1.34437725e-01   0.0000
 -2.46471858e+00   0.0000
 -5.86423650e-02   0.0000
 -1.79017067e-01   0.0000
 -2.05611944e-01   0.0000
  1.05564797e+00   0.0000
  1.13677293e-01   0.0000
  5.69860786e-02   0.0000
  1.44811428e+00   0.0000
  5.29489636e-01   0.0000
 -5.89698777e-02   0.0000
 -2.66663283e-01   0.0000
  1.04238033e-01   0.0000
  9.42252219e-01   0.0000
 -1.77765995e-01   0.0000
 -5.47264874e-01   0.0000
 -1.78252056e-01   0.0000
  5.09901702e-01   0.0000
  1.91891089e-01   0.0000
 -3.37342232e-01   0.0000
  5.86899035e-02   0.0000
 -8.88451815e-01   0.0000
 -2.79760391e-01   0.0000
  6.70901716e-01   0.0000
  7.20997274e-01   0.0000
 -3.62657428e-01   0.0000
 -7.39520609e-01   0.0000
 -7.83265889e-01   0.0000
 -8.30184519e-01   0.0000
 -3.65921885e-01   0.0000
  6.77765086e-02   0.0000
 -5.14803678e-02   0.0000
  6.09444737e-01   0.0000
  1.90450985e-03   0.0000
 -8.60594809e-01   0.0000
 -2.88213909e-01   0.0000
 -1.61623135e-01   0.0000
 -7.35555053e-01   0.0000
 -3.23068291e-01   0.0000
 -8.90341282e-01   0.0000
 -5.09378493e-01   0.0000
 -2.19199527e-03   0.0000
 -1.06049599e-02   0.0000
  4.20611836e-02   0.0000
 -5.59973007e-04   0.0000
  5.22123635e-01   0.0000
  8.08743954e-01   0.0000
  4.65343297e-01   0.0000
  3.98075253e-01   0.0000
 -4.98379529e-01   0.0000
  1.06967852e-01   0.0000
 -7.15659142e-01   0.0000
 -4.71920483e-02   0.0000
 -6.99892342e-02   0.0000
  8.55293795e-02   0.0000
 -1.84462622e-01   0.0000
 -2.30495766e-01   0.0000
  3.96329433e-01   0.0000
  2.22960845e-01   0.0000
  3.10951948e-01   0.0000
  9.08454210e-02   0.0000
  1.17062256e-01   0.0000
 -5.07519320e-02   0.0000
 -7.22101107e-02   0.0000
 -2.40265593e-01   0.0000
 -6.48533786e-03   0.0000
  3.15990299e-01   0.0000
  7.81153366e-02   0.0000
  4.99909259e-02   0.0000
  1.63198709e-01   0.0000
  1.25270054e-01   0.0000
  2.89685071e-01   0.0000
  1.52486950e-01   0.0000
 -7.77578622e-04   0.0000
  1.64510943e-02   0.0000
 -1.90863032e-02   0.0000
  3.91886942e-03   0.0000
 -2.70360023e-01   0.0000
 -2.44011134e-01   0.0000
 -1.95129663e-01   0.0000
 -5.12489498e-01   0.0000
  1.16120353e-01   0.0000
 -6.37239516e-02   0.0000
  2.91296959e-01   0.0000
  1.41800418e-01   0.0000
 -4.67512220e-01   0.0000
 -1.42538592e-01   0.0000
  3.69317114e-01   0.0000
  3.42416883e-01   0.0000
 -1.54270434e+00   0.0000
 -5.14387667e-01   0.0000
 -1.71178830e+00   0.0000
 -6.63100362e-01   0.0000
 -2.20199332e-01   0.0000
  3.42718475e-02   0.0000
 -1.19412374e+00   0.0000
  3.97733331e-01   0.0000
  1.85723242e-03   0.0000
 -7.31836498e-01   0.0000
 -1.60618067e-01   0.0000
 -3.05862010e-01   0.0000
 -1.06238163e+00   0.0000
 -3.46614003e-01   0.0000
 -8.67452979e-01   0.0000
 -2.84563810e-01   0.0000
  2.48720567e-03   0.0000
 -3.08473106e-03   0.0000
  1.70372520e-02   0.0000
  4.69674967e-04   0.0000
  3.75673026e-01   0.0000
  3.70281547e-01   0.0000
  3.41429085e-01   0.0000
  1.41204643e+00   0.0000
 -3.00061703e-01   0.0000
  1.16052367e-01   0.0000
 -4.97680485e-01   0.0000
  4.78861766e-05   0.0000
 -1.88249201e-02   0.0000
  7.53798289e-03   0.0000
 -2.93086860e-02   0.0000
  1.33208896e-03   0.0000
  5.91946132e-02   0.0000
  2.05709748e-02   0.0000
 -1.96989439e-02   0.0000
  2.09344886e-02   0.0000
 -4.14398266e-03   0.0000
  3.42342048e-03   0.0000
  1.85642079e-01   0.0000
 -3.47829089e-02   0.0000
 -4.96918685e-04   0.0000
  3.41616869e-02   0.0000
 -2.45679659e-03   0.0000
  1.27897994e-03   0.0000
  4.70063835e-03   0.0000
 -2.70231487e-03   0.0000
  1.58121493e-02   0.0000
  2.93307030e-03   0.0000
 -1.43871090e-04   0.0000
  2.07879930e-03   0.0000
  9.04631510e-04   0.0000
 -1.12942525e-03   0.0000
 -6.26004338e-02   0.0000
  2.27219649e-02   0.0000
 -1.66137181e-02   0.0000
 -7.14842156e-02   0.0000
  1.46268308e-02   0.0000
 -4.76629008e-03   0.0000
  3.03772073e-02   0.0000
 -5.05187269e-03   0.0000
 -6.40047252e-01   0.0000
  2.58608088e-02   0.0000
  5.11792563e-02   0.0000
 -5.91749931e-03   0.0000
 -9.65449929e-01   0.0000
 -4.11900803e-02   0.0000
 -6.78843856e-01   0.0000
 -3.71675730e-01   0.0000
  3.26015912e-02   0.0000
 -6.33494975e-03   0.0000
 -1.58198416e+00   0.0000
  9.91898477e-02   0.0000
 -8.06450192e-03   0.0000
 -3.10436010e-01   0.0000
  1.30103054e-02   0.0000
  6.01048954e-03   0.0000
 -5.55504024e-01   0.0000
  1.79811078e-03   0.0000
 -3.04684103e-01   0.0000
  1.92776714e-02   0.0000
  9.78613389e-04   0.0000
  5.73747009e-02   0.0000
  5.86983142e-03   0.0000
 -3.30833555e-03   0.0000
  4.31463048e-02   0.0000
 -4.71318420e-03   0.0000
  1.18556082e-01   0.0000
  6.50314808e-01   0.0000
 -2.01061592e-02   0.0000
 -6.02617161e-03   0.0000
 -5.73315732e-02   0.0000
  6.90746456e-02   0.0000
  2.26505116e-01   0.0000
 -2.11145059e-04   0.0000
 -2.49684579e-03   0.0000
  1.37881720e-02   0.0000
  1.00972049e-01   0.0000
  3.31715010e-02   0.0000
  1.68951377e-01   0.0000
  2.29510143e-01   0.0000
  1.65910888e-02   0.0000
 -4.04022587e-03   0.0000
  8.12810063e-02   0.0000
 -1.10820949e-03   0.0000
  2.05570157e-03   0.0000
  1.73892960e-01   0.0000
 -5.08917794e-02   0.0000
  1.02328015e-02   0.0000
  1.97160169e-01   0.0000
 -4.01600152e-02   0.0000
  1.73617065e-01   0.0000
  2.60784458e-02   0.0000
  3.16784927e-03   0.0000
  5.61028579e-03   0.0000
  1.02622877e-03   0.0000
 -1.41582256e-02   0.0000
  6.76494557e-03   0.0000
  1.66951620e-03   0.0000
 -2.27799616e-03   0.0000
 -1.93363443e-01   0.0000
  3.32565904e-02   0.0000
 -2.52024591e-04   0.0000
  7.06641749e-02   0.0000
 -6.74548075e-02   0.0000
 -1.60807282e-01   0.0000
 -8.54746997e-03   0.0000
  2.01744437e-02   0.0000
 -6.95900768e-02   0.0000
 -6.43174946e-02   0.0000
 -4.03492451e-02   0.0000
 -1.75385520e-01   0.0000
 -1.33677721e-01   0.0000
  8.44023302e-02   0.0000
  4.36017709e-03   0.0000
 -3.15610096e-02   0.0000
  2.23307479e-02   0.0000
  4.10618173e-04   0.0000
 -1.16656207e-01   0.0000
  5.02666570e-02   0.0000
  3.94048877e-02   0.0000
 -1.52647108e-01   0.0000
 -1.84826273e-02   0.0000
 -1.39802769e-01   0.0000
  4.69406396e-02   0.0000
  2.17464170e-03   0.0000
  1.02060430e-01   0.0000
  1.71780365e-03   0.0000
 -1.85966399e-03   0.0000
  1.37416413e-02   0.0000
  4.04785797e-02   0.0000
  3.07996944e-02   0.0000
  9.81927589e-02   0.0000
  7.99842924e-03   0.0000
 -2.38875709e-02   0.0000
 -4.93480749e-02   0.0000
 -2.98363576e-03   0.0000
 -1.90713853e-01   0.0000
 -2.60628629e-02   0.0000
  9.81253758e-02   0.0000
  6.35039359e-02   0.0000
 -1.32493719e-01   0.0000
 -1.60989240e-02   0.0000
 -6.90884516e-02   0.0000
 -1.63182586e-01   0.0000
 -4.04170045e-04   0.0000
  1.74338575e-02   0.0000
 -3.98362249e-01   0.0000
  7.92492703e-02   0.0000
  2.03679738e-04   0.0000
 -1.29800409e-01   0.0000
 -6.91856816e-02   0.0000
 -3.30141083e-05   0.0000
 -2.04286709e-01   0.0000
 -2.27130335e-02   0.0000
 -3.80047932e-02   0.0000
 -3.35913673e-02   0.0000
 -1.56476791e-03   0.0000
 -2.12723985e-02   0.0000
 -3.67409462e-04   0.0000
  6.58258935e-03   0.0000
  1.22362129e-01   0.0000
  7.68607557e-02   0.0000
  2.66405717e-02   0.0000
  1.72503039e-01   0.0000
 -2.58682258e-02   0.0000
 -1.60148053e-03   0.0000
 -1.81070253e-01   0.0000
  2.35699606e-03   0.0000
  2.04052761e-01   0.0000
  2.30315439e-02   0.0000
 -1.42331257e-01   0.0000
 -1.70940861e-01   0.0000
  1.55734748e-01   0.0000
  1.57186344e-01   0.0000
  1.04332455e-01   0.0000
  5.36594801e-02   0.0000
  3.87636945e-02   0.0000
 -1.72939636e-02   0.0000
  2.38668114e-01   0.0000
 -1.44745380e-01   0.0000
 -7.99332687e-04   0.0000
  8.56909901e-02   0.0000
  1.05459385e-01   0.0000
 -4.87042125e-03   0.0000
  2.14008644e-01   0.0000
  5.68825305e-02   0.0000
  1.27643988e-01   0.0000
  9.51790884e-02   0.0000
  4.04801453e-03   0.0000
 -6.68470049e-04   0.0000
 -2.21012393e-03   0.0000
 -1.75547914e-03   0.0000
 -6.71913698e-02   0.0000
 -7.71259144e-02   0.0000
 -6.64434955e-02   0.0000
 -2.46833727e-01   0.0000
  1.32646486e-01   0.0000
 -3.93363386e-02   0.0000
  1.58264026e-01   0.0000
  4.44015488e-04   0.0000
  2.58963615e-01   0.0000
  3.23877111e-02   0.0000
 -4.16072160e-02   0.0000
  2.12125527e-03   0.0000
  1.24121159e-01   0.0000
  4.42131832e-02   0.0000
  1.77219678e-02   0.0000
  1.32670805e-01   0.0000
  5.17596863e-02   0.0000
 -3.92025249e-05   0.0000
  3.67560416e-01   0.0000
 -6.18699230e-02   0.0000
 -1.63759862e-04   0.0000
  2.25017041e-01   0.0000
  2.87410934e-02   0.0000
  3.11878994e-02   0.0000
  5.09581789e-02   0.0000
  1.13534546e-02   0.0000
  5.13287075e-02   0.0000
  3.90427820e-02   0.0000
  1.79250619e-05   0.0000
  1.48156856e-03   0.0000
  3.67901812e-04   0.0000
 -1.36730482e-03   0.0000
 -1.15310676e-01   0.0000
  2.77364999e-02   0.0000
 -2.85682138e-02   0.0000
 -1.53740838e-01   0.0000
  3.08766644e-02   0.0000
  1.82172004e-03   0.0000
  1.29425615e-01   0.0000
 -1.34638444e-01   0.0000
  1.35555708e+00   0.0000
  6.19373173e-02   0.0000
 -1.55418724e-01   0.0000
 -6.14872217e-01   0.0000
  1.79119974e-01   0.0000
  6.56180680e-02   0.0000
  4.77568842e-02   0.0000
  7.99439788e-01   0.0000
  1.92455709e-01   0.0000
 -9.51600224e-02   0.0000
  8.23803544e-01   0.0000
  1.21526448e-02   0.0000
 -8.62211641e-03   0.0000
  2.46236935e-01   0.0000
  7.84021690e-02   0.0000
  1.47785246e-01   0.0000
  3.98116738e-01   0.0000
  4.45866704e-01   0.0000
  1.58762500e-01   0.0000
  1.94629341e-01   0.0000
  5.23285801e-03   0.0000
  1.91763751e-02   0.0000
 -1.79615766e-02   0.0000
  4.28046985e-03   0.0000
 -4.60015377e-04   0.0000
 -8.48407090e-01   0.0000
 -5.99335134e-03   0.0000
 -5.99854439e-02   0.0000
  1.49744861e-02   0.0000
 -8.14764425e-02   0.0000
  4.55152094e-02   0.0000
  7.93020874e-02   0.0000
  1.45530140e+00   0.0000
  3.54616679e-02   0.0000
 -2.08591700e-01   0.0000
 -1.26374096e-01   0.0000
  1.86010349e+00   0.0000
  4.41790879e-01   0.0000
  1.43445170e+00   0.0000
  1.19780827e+00   0.0000
  8.43126327e-02   0.0000
 -4.32367064e-02   0.0000
  2.63772726e+00   0.0000
 -3.58153909e-01   0.0000
 -1.06348551e-03   0.0000
  9.21251118e-01   0.0000
  4.25125808e-02   0.0000
 -1.69933457e-02   0.0000
  1.34718478e+00   0.0000
  7.16501772e-02   0.0000
  8.64312351e-01   0.0000
  1.57743126e-01   0.0000
  1.12598762e-02   0.0000
 -1.73186123e-01   0.0000
 -2.64173001e-02   0.0000
 -1.68425620e-01   0.0000
 -4.51066405e-01   0.0000
 -7.51359314e-02   0.0000
 -3.37160140e-01   0.0000
 -1.27855539e+00   0.0000
  2.31338575e-01   0.0000
 -3.93478870e-02   0.0000
  4.84655380e-01   0.0000
  1.00058459e-01   0.0000
 -6.36762083e-02   0.0000
 -3.15582640e-02   0.0000
  7.36269802e-02   0.0000
  6.49804324e-02   0.0000
 -8.46783742e-02   0.0000
 -6.98238611e-02   0.0000
 -1.76364612e-02   0.0000
 -6.23948500e-02   0.0000
 -1.62505209e-01   0.0000
  1.73682973e-01   0.0000
 -2.48841852e-01   0.0000
  9.52406004e-02   0.0000
 -1.80581555e-05   0.0000
 -5.74370399e-02   0.0000
 -2.34098788e-02   0.0000
 -1.77380845e-01   0.0000
 -3.52349058e-02   0.0000
 -2.07323924e-01   0.0000
 -4.25930358e-02   0.0000
 -7.35038072e-02   0.0000
 -7.89674371e-03   0.0000
 -1.40837929e-03   0.0000
 -1.73578877e-03   0.0000
 -8.23571626e-03   0.0000
  4.23843116e-02   0.0000
  1.02940060e-01   0.0000
  4.74035554e-02   0.0000
  9.11830738e-02   0.0000
 -3.62200327e-02   0.0000
 -2.93842808e-04   0.0000
 -6.40082955e-02   0.0000
  2.49449420e-03   0.0000
  1.79434073e+00   0.0000
  1.65221449e-02   0.0000
 -2.65125871e-01   0.0000
 -1.47626311e-01   0.0000
  2.71866131e+00   0.0000
  2.90849060e-01   0.0000
  2.09450889e+00   0.0000
  1.25260079e+00   0.0000
  3.22741419e-02   0.0000
 -8.02102406e-03   0.0000
  3.90138197e+00   0.0000
 -2.36562982e-01   0.0000
  5.91924938e-04   0.0000
  7.66844451e-01   0.0000
  2.56044604e-02   0.0000
 -4.00889963e-02   0.0000
  1.53920197e+00   0.0000
 -6.50570029e-03   0.0000
  8.59708369e-01   0.0000
  7.90271983e-02   0.0000
 -1.04025472e-03   0.0000
  7.25044357e-03   0.0000
 -4.58344584e-03   0.0000
 -2.78487802e-02   0.0000
 -3.86140257e-01   0.0000
 -1.08367883e-01   0.0000
 -2.97487855e-01   0.0000
 -1.80810094e+00   0.0000
  1.60755008e-01   0.0000
  5.31358942e-02   0.0000
  4.57464576e-01   0.0000
  6.54343516e-03   0.0000
 -7.98587501e-03   0.0000
 -1.79595817e-02   0.0000
  9.96774435e-03   0.0000
 -5.58513589e-03   0.0000
 -8.33292380e-02   0.0000
 -1.66513417e-02   0.0000
  2.34152935e-02   0.0000
 -2.43478920e-02   0.0000
  1.23242498e-03   0.0000
  3.61512974e-02   0.0000
 -2.14805946e-01   0.0000
  2.30283868e-02   0.0000
 -9.29338159e-04   0.0000
 -5.49848601e-02   0.0000
 -1.42608033e-02   0.0000
 -1.36258092e-03   0.0000
 -1.06987571e-02   0.0000
  3.43635958e-03   0.0000
 -4.69496590e-04   0.0000
 -2.98041888e-02   0.0000
  6.64550159e-03   0.0000
 -1.19309837e-03   0.0000
  4.76194604e-04   0.0000
  1.42512354e-03   0.0000
  3.74877825e-02   0.0000
 -7.85613060e-03   0.0000
  5.51550835e-02   0.0000
  6.29275218e-02   0.0000
 -1.57353543e-02   0.0000
  1.46787725e-02   0.0000
 -5.70287332e-02   0.0000
  3.39490473e-02   0.0000
 -1.22817171e+00   0.0000
 -1.02177650e-01   0.0000
  3.98273319e-01   0.0000
  4.88161407e-02   0.0000
 -1.41872138e-01   0.0000
 -5.35876632e-01   0.0000
 -2.98740596e-01   0.0000
 -1.19574165e+00   0.0000
 -1.07185043e-01   0.0000
  7.92353973e-03   0.0000
  1.92822497e-02   0.0000
  4.92250621e-01   0.0000
 -1.34346227e-03   0.0000
 -8.71305525e-01   0.0000
 -9.22537521e-02   0.0000
 -6.39806911e-02   0.0000
 -7.83523977e-01   0.0000
 -2.06669681e-02   0.0000
 -6.99434161e-01   0.0000
 -2.18963802e-01   0.0000
  6.48682239e-04   0.0000
  1.06302565e-02   0.0000
 -1.77184423e-03   0.0000
  3.77122536e-02   0.0000
  3.99613142e-01   0.0000
 -2.52038930e-02   0.0000
  3.22320402e-01   0.0000
  2.47648537e-01   0.0000
 -3.01085770e-01   0.0000
 -7.78973044e-04   0.0000
 -6.84910715e-01   0.0000
  1.56780984e-02   0.0000
 -1.04726650e-01   0.0000
 -1.76209137e-02   0.0000
  2.56201979e-02   0.0000
  6.69586733e-02   0.0000
 -1.53744459e-01   0.0000
 -1.36482315e-02   0.0000
  1.14522246e-03   0.0000
 -7.68111050e-02   0.0000
 -1.04907498e-01   0.0000
  1.91603415e-03   0.0000
 -2.15852857e-01   0.0000
  5.38166165e-02   0.0000
 -7.21199089e-04   0.0000
 -1.80517554e-01   0.0000
 -1.86527167e-02   0.0000
 -3.63889849e-04   0.0000
 -3.73093002e-02   0.0000
 -2.77556852e-02   0.0000
 -4.06437591e-02   0.0000
  4.91812127e-03   0.0000
 -4.78238915e-04   0.0000
 -1.77889678e-03   0.0000
  1.37194118e-03   0.0000
  8.68546660e-04   0.0000
  1.43602610e-01   0.0000
 -6.97230513e-04   0.0000
  3.49308215e-02   0.0000
  2.98367083e-01   0.0000
 -5.46933487e-02   0.0000
  1.46512710e-03   0.0000
 -1.16400324e-01   0.0000
  1.06367536e-01   0.0000
  4.66960043e-01   0.0000
 -2.91785132e-02   0.0000
  8.57219398e-02   0.0000
  2.07781866e-01   0.0000
  1.00372851e+00   0.0000
 -5.19283190e-02   0.0000
  3.58245015e-01   0.0000
  2.24453911e-01   0.0000
 -8.97060856e-02   0.0000
  1.14339866e-01   0.0000
  2.09053183e+00   0.0000
  5.77048063e-02   0.0000
  1.04699691e-03   0.0000
  1.05666570e-01   0.0000
 -2.58013606e-02   0.0000
 -1.90135948e-02   0.0000
  4.55181271e-01   0.0000
 -7.59447366e-02   0.0000
  9.49418098e-02   0.0000
 -1.06461480e-01   0.0000
  7.38869887e-03   0.0000
 -4.72687073e-02   0.0000
 -2.68139527e-03   0.0000
 -2.03244723e-02   0.0000
  7.18057454e-02   0.0000
  2.98695862e-01   0.0000
  6.90838173e-02   0.0000
 -2.63354361e-01   0.0000
 -5.14750853e-02   0.0000
  1.56138793e-01   0.0000
 -9.38340053e-02   0.0000
  3.04331700e-03   0.0000
  2.01569855e-01   0.0000
  8.98758247e-02   0.0000
 -1.33799940e-01   0.0000
 -1.07527539e-01   0.0000
  1.64277315e-01   0.0000
  2.88436431e-02   0.0000
  2.34926268e-02   0.0000
  1.83849782e-01   0.0000
  1.33853540e-01   0.0000
 -9.30988754e-04   0.0000
  2.52608746e-01   0.0000
 -1.66246686e-02   0.0000
  1.42933847e-03   0.0000
  1.17093392e-01   0.0000
  5.88152856e-02   0.0000
 -2.78259930e-03   0.0000
  8.51354972e-02   0.0000
  6.81957304e-02   0.0000
  5.16020134e-02   0.0000
  1.16122114e-02   0.0000
  2.68518366e-03   0.0000
  5.73016936e-03   0.0000
 -1.24611091e-02   0.0000
 -1.68171711e-02   0.0000
 -6.67935610e-02   0.0000
 -1.30195826e-01   0.0000
 -2.57092174e-02   0.0000
 -1.75082341e-01   0.0000
  3.09948400e-02   0.0000
  2.01037037e-04   0.0000
  5.66085763e-02   0.0000
 -4.94204722e-02   0.0000
 -4.36796308e-01   0.0000
 -6.04263786e-03   0.0000
  7.35330507e-02   0.0000
  1.80665159e-03   0.0000
 -3.79799694e-01   0.0000
 -1.00226276e-01   0.0000
 -4.06574488e-01   0.0000
 -3.69205624e-01   0.0000
 -1.07751284e-02   0.0000
 -3.37989293e-02   0.0000
 -3.34629655e-01   0.0000
  4.38659713e-02   0.0000
  8.15801509e-03   0.0000
 -2.91979313e-01   0.0000
 -9.63888410e-03   0.0000
 -4.65297466e-03   0.0000
 -3.90610397e-01   0.0000
 -1.82591993e-02   0.0000
 -2.79322088e-01   0.0000
 -9.47939977e-03   0.0000
  8.91850889e-03   0.0000
  6.87863976e-02   0.0000
  1.13815896e-03   0.0000
 -4.58328286e-03   0.0000
  7.22829029e-02   0.0000
  7.85827711e-02   0.0000
  1.68618001e-02   0.0000
  3.93809110e-01   0.0000
 -1.00228926e-02   0.0000
 -2.49695331e-02   0.0000
 -1.02849193e-01   0.0000
  1.48956671e-01   0.0000
  4.68064725e-01   0.0000
 -1.11236490e-01   0.0000
  1.05931811e-01   0.0000
  1.99322417e-01   0.0000
  3.97685468e-01   0.0000
 -6.51692897e-02   0.0000
  5.49819171e-01   0.0000
  3.24561894e-01   0.0000
 -1.18837863e-01   0.0000
  1.28891662e-01   0.0000
  5.44704914e-01   0.0000
  2.26428378e-02   0.0000
  1.12460181e-02   0.0000
  1.33967549e-01   0.0000
 -8.31425786e-02   0.0000
 -1.84368402e-01   0.0000
  1.93902627e-01   0.0000
 -1.13044396e-01   0.0000
  2.03367382e-01   0.0000
 -1.28700972e-01   0.0000
  7.88819045e-04   0.0000
 -1.21450357e-01   0.0000
  1.32643608e-02   0.0000
  2.29419931e-03   0.0000
  6.37009889e-02   0.0000
  1.91067383e-01   0.0000
  5.15609719e-02   0.0000
 -2.97713369e-01   0.0000
 -1.01175867e-01   0.0000
  2.34659761e-02   0.0000
 -7.59138837e-02   0.0000
 -3.63025516e-02   0.0000
  5.42992890e-01   0.0000
  3.24473903e-02   0.0000
 -1.23393424e-01   0.0000
 -2.56045491e-01   0.0000
  7.21291065e-01   0.0000
  1.60172418e-01   0.0000
  8.70524824e-01   0.0000
  4.85675961e-01   0.0000
  4.44891527e-02   0.0000
 -2.23080013e-02   0.0000
  7.74554431e-01   0.0000
 -5.28949462e-02   0.0000
 -1.56653468e-02   0.0000
  3.56881171e-01   0.0000
 -3.31013114e-03   0.0000
 -3.85245346e-02   0.0000
  6.24271274e-01   0.0000
 -1.23250196e-02   0.0000
  3.37795854e-01   0.0000
  6.04414009e-02   0.0000
  1.06324647e-02   0.0000
  3.23748961e-02   0.0000
  1.96148176e-03   0.0000
 -4.11300175e-03   0.0000
 -1.59266725e-01   0.0000
 -2.19151855e-01   0.0000
 -1.32276952e-01   0.0000
 -7.87316144e-01   0.0000
  1.13519751e-01   0.0000
 -8.08275118e-03   0.0000
  1.86476678e-01   0.0000
  9.64974910e-02   0.0000
  3.34888786e-01   0.0000
 -2.85196342e-02   0.0000
  1.50141609e-03   0.0000
  1.73484795e-02   0.0000
  5.46578825e-01   0.0000
  3.37767787e-02   0.0000
  4.32829767e-01   0.0000
  1.91550419e-01   0.0000
 -1.35579510e-02   0.0000
  1.10979378e-01   0.0000
  9.34484243e-01   0.0000
 -2.81936862e-02   0.0000
  2.05478314e-02   0.0000
  2.10688874e-01   0.0000
 -5.01280800e-02   0.0000
  3.79935233e-03   0.0000
  3.98570597e-01   0.0000
  4.01592068e-03   0.0000
  2.95183480e-01   0.0000
 -5.99990077e-02   0.0000
 -1.44645339e-03   0.0000
 -2.31770296e-02   0.0000
  1.56005984e-03   0.0000
 -5.03419759e-03   0.0000
 -2.66605522e-02   0.0000
 -1.33224860e-01   0.0000
 -4.97550517e-02   0.0000
 -3.44014853e-01   0.0000
  5.90128228e-02   0.0000
 -2.99229240e-03   0.0000
  1.21581092e-01   0.0000
  1.86674237e-01   0.0000
 -5.71481436e-02   0.0000
 -4.72426340e-02   0.0000
  2.34790333e-02   0.0000
  1.97177783e-01   0.0000
 -6.62793741e-02   0.0000
 -5.32923788e-02   0.0000
  2.61465311e-02   0.0000
 -7.36990842e-06   0.0000
 -1.19963273e-01   0.0000
  1.72706768e-01   0.0000
 -2.41594106e-01   0.0000
  2.60540918e-02   0.0000
 -1.79949484e-03   0.0000
 -3.33107300e-02   0.0000
 -1.27980132e-02   0.0000
 -1.25622883e-01   0.0000
 -6.14926778e-02   0.0000
 -1.66115239e-01   0.0000
 -2.85097715e-02   0.0000
 -1.20167434e-01   0.0000
 -2.51135183e-03   0.0000
 -2.38041803e-02   0.0000
 -3.31409043e-04   0.0000
  6.28771074e-03   0.0000
  4.77120839e-02   0.0000
  1.66511312e-02   0.0000
  2.69760769e-02   0.0000
  4.13762629e-02   0.0000
 -1.78696755e-02   0.0000
  5.04142866e-02   0.0000
 -1.93418153e-02   0.0000
  3.29885036e-02   0.0000
 -5.38702607e-01   0.0000
 -5.85705601e-02   0.0000
  1.92189232e-01   0.0000
  5.04386537e-02   0.0000
 -2.61259049e-01   0.0000
 -1.94675475e-01   0.0000
 -3.18403482e-01   0.0000
 -3.62628400e-01   0.0000
 -4.57208827e-02   0.0000
  1.07809622e-02   0.0000
  1.14576034e-01   0.0000
  1.84572950e-01   0.0000
  1.26098087e-02   0.0000
 -3.28402430e-01   0.0000
 -3.31299864e-02   0.0000
 -3.23491171e-02   0.0000
 -3.46844822e-01   0.0000
 -3.37467976e-02   0.0000
 -4.48059767e-01   0.0000
 -1.00272559e-01   0.0000
 -1.23663386e-02   0.0000
 -1.11642340e-02   0.0000
  1.88154296e-03   0.0000
  1.14832120e-03   0.0000
  1.60039216e-01   0.0000
  3.83863822e-02   0.0000
  1.57243490e-01   0.0000
  4.08812642e-01   0.0000
 -8.81713107e-02   0.0000
  3.68049857e-03   0.0000
 -2.43980795e-01   0.0000
  3.80562805e-02   0.0000
  1.20606411e+00   0.0000
  1.23366363e-01   0.0000
 -3.19644928e-01   0.0000
 -2.93719828e-01   0.0000
  8.04913402e-01   0.0000
  4.26175565e-01   0.0000
  6.23004377e-01   0.0000
  9.85713184e-01   0.0000
  1.77159905e-01   0.0000
  7.30032707e-03   0.0000
  1.01640105e+00   0.0000
 -2.98446834e-01   0.0000
 -2.10500043e-02   0.0000
  7.63957560e-01   0.0000
  1.07553080e-01   0.0000
  6.39464334e-02   0.0000
  7.84145653e-01   0.0000
  1.81140393e-01   0.0000
  6.66194856e-01   0.0000
  2.47217581e-01   0.0000
  1.21626044e-02   0.0000
  5.36163279e-04   0.0000
 -1.15662944e-02   0.0000
 -7.59778842e-02   0.0000
 -3.13084245e-01   0.0000
 -3.90654266e-01   0.0000
 -2.41030782e-01   0.0000
 -6.83433712e-01   0.0000
  1.93922266e-01   0.0000
 -8.05134773e-02   0.0000
  4.52345252e-01   0.0000
  2.57638167e-04   0.0000
 -2.19792485e-01   0.0000
 -4.41777967e-02   0.0000
  4.90667857e-02   0.0000
  1.45990238e-01   0.0000
 -2.23974124e-01   0.0000
 -3.72662134e-02   0.0000
 -4.53044400e-02   0.0000
 -2.56868958e-01   0.0000
 -4.20756733e-05   0.0000
 -1.36413635e-03   0.0000
 -3.41069698e-01   0.0000
  2.05170941e-02   0.0000
 -1.15237630e-03   0.0000
 -8.81712809e-02   0.0000
  1.48868118e-03   0.0000
 -1.78667884e-02   0.0000
 -2.26412266e-01   0.0000
 -5.32561680e-04   0.0000
 -7.57486075e-02   0.0000
 -5.75241372e-02   0.0000
 -8.99429433e-03   0.0000
 -2.50704922e-02   0.0000
 -1.84150832e-03   0.0000
 -1.22982240e-03   0.0000
  1.74839959e-01   0.0000
  7.50774816e-02   0.0000
  3.42544951e-02   0.0000
  1.69325769e-01   0.0000
 -6.04907461e-02   0.0000
 -7.15319999e-04   0.0000
 -8.93856958e-02   0.0000
  2.54195016e-02   0.0000
  2.86158681e-01   0.0000
 -4.09660265e-02   0.0000
 -1.76325254e-03   0.0000
  8.78319070e-02   0.0000
  2.83588856e-01   0.0000
 -5.07134944e-03   0.0000
  7.97325671e-02   0.0000
  2.01491654e-01   0.0000
 -5.83098680e-02   0.0000
  1.60118751e-02   0.0000
  8.06548715e-01   0.0000
  3.72698270e-02   0.0000
  1.41321393e-02   0.0000
  1.40590668e-01   0.0000
 -3.39443050e-02   0.0000
 -4.38473746e-02   0.0000
  1.70953169e-01   0.0000
 -4.13258225e-02   0.0000
  6.79102242e-02   0.0000
 -3.74419205e-02   0.0000
 -4.17066226e-03   0.0000
 -8.59071407e-03   0.0000
  2.64634640e-04   0.0000
  4.22659970e-04   0.0000
  2.61168759e-02   0.0000
  1.35500729e-01   0.0000
  3.23899090e-02   0.0000
 -2.05749631e-01   0.0000
 -3.99694741e-02   0.0000
  2.93589998e-02   0.0000
  4.81696874e-02   0.0000
  1.86708048e-01   0.0000
 -3.05052791e-02   0.0000
 -1.04278974e-01   0.0000
  9.48482677e-02   0.0000
  1.39699932e-02   0.0000
 -7.66290799e-02   0.0000
 -2.51241159e-02   0.0000
  3.04519534e-02   0.0000
 -7.92145543e-03   0.0000
 -7.33172894e-02   0.0000
  8.83629918e-03   0.0000
 -2.56587088e-01   0.0000
  1.59336533e-02   0.0000
 -8.46544572e-04   0.0000
 -1.94188636e-02   0.0000
 -5.26273921e-02   0.0000
 -3.02168448e-02   0.0000
 -2.01471169e-02   0.0000
 -1.97498024e-01   0.0000
 -4.69833016e-02   0.0000
 -8.38958621e-02   0.0000
  3.26382741e-03   0.0000
 -8.11911821e-02   0.0000
  1.48070767e-03   0.0000
 -7.50907522e-04   0.0000
  3.55250053e-02   0.0000
  1.77704453e-01   0.0000
  2.32606884e-02   0.0000
  8.35953653e-02   0.0000
 -9.76225138e-02   0.0000
  1.06034644e-01   0.0000
 -3.62104625e-02   0.0000
  1.19874459e-02   0.0000
  4.80587989e-01   0.0000
  1.47194313e-02   0.0000
 -9.74341929e-02   0.0000
 -1.26350313e-01   0.0000
  4.70478445e-01   0.0000
  6.70709535e-02   0.0000
  2.88519055e-01   0.0000
  4.06902164e-01   0.0000
  3.91766429e-02   0.0000
  7.02834725e-02   0.0000
  6.03304982e-01   0.0000
 -3.28486189e-02   0.0000
  3.13441153e-03   0.0000
  3.46304297e-01   0.0000
  1.24060418e-02   0.0000
  2.54043154e-02   0.0000
  3.86631906e-01   0.0000
  6.12396225e-02   0.0000
  2.70235449e-01   0.0000
  3.95340472e-02   0.0000
 -1.40184085e-04   0.0000
  1.64776277e-02   0.0000
  6.77036296e-04   0.0000
  8.43681116e-03   0.0000
 -4.76757996e-02   0.0000
 -1.33277297e-01   0.0000
 -2.15545986e-02   0.0000
 -4.22195226e-01   0.0000
  5.82341105e-03   0.0000
 -1.63545143e-02   0.0000
  1.44580275e-01   0.0000
 -2.02716008e-01   0.0000
  2.50430971e-01   0.0000
  9.80894491e-02   0.0000
 -3.12461942e-01   0.0000
 -3.19510102e-01   0.0000
  5.44421822e-02   0.0000
  2.50310570e-01   0.0000
 -1.63485080e-01   0.0000
  2.24461421e-01   0.0000
  1.95891157e-01   0.0000
 -4.72039208e-02   0.0000
  3.76697063e-01   0.0000
 -1.82073072e-01   0.0000
 -2.83029918e-02   0.0000
  2.08452269e-01   0.0000
  7.55860135e-02   0.0000
  2.43310571e-01   0.0000
  6.88291267e-02   0.0000
  2.18075916e-01   0.0000
  1.07626490e-01   0.0000
  2.86946088e-01   0.0000
 -5.44334482e-03   0.0000
  2.12511327e-02   0.0000
 -6.45752857e-03   0.0000
 -1.59443333e-03   0.0000
 -1.86299920e-01   0.0000
 -4.79972512e-01   0.0000
 -1.42045945e-01   0.0000
  1.30215716e-02   0.0000
  1.23854995e-01   0.0000
 -1.54290482e-01   0.0000
  2.51349509e-01   0.0000
  1.42406961e-02   0.0000
  3.30124050e-01   0.0000
 -4.75842543e-02   0.0000
  1.31088451e-01   0.0000
  9.95756239e-02   0.0000
  5.85796535e-01   0.0000
 -1.63576812e-01   0.0000
  4.62317288e-01   0.0000
  1.37758493e-01   0.0000
 -3.17274742e-02   0.0000
  8.27012584e-03   0.0000
  1.21349788e+00   0.0000
  1.20773599e-01   0.0000
  5.03028138e-03   0.0000
 -2.04003640e-02   0.0000
 -4.36192416e-02   0.0000
 -2.21165214e-02   0.0000
  1.68826446e-01   0.0000
 -2.42711902e-02   0.0000
 -6.78055584e-02   0.0000
 -7.86708444e-02   0.0000
 -1.18446862e-03   0.0000
 -3.84156704e-02   0.0000
  3.41897830e-03   0.0000
  1.32437504e-03   0.0000
  8.15652758e-02   0.0000
  5.86478263e-02   0.0000
  8.71558934e-02   0.0000
 -5.28153539e-01   0.0000
 -7.86083937e-02   0.0000
  1.30255101e-02   0.0000
 -1.64164886e-01   0.0000
 -4.49867219e-01   0.0000
  5.16756237e-01   0.0000
  4.65338022e-01   0.0000
 -3.96384001e-01   0.0000
 -5.01674294e-01   0.0000
  7.51005650e-01   0.0000
  4.55283880e-01   0.0000
  3.55648339e-01   0.0000
  4.02340859e-01   0.0000
  4.66720939e-01   0.0000
 -5.25803030e-01   0.0000
  9.36202526e-01   0.0000
 -2.99351633e-01   0.0000
 -1.26508512e-02   0.0000
  3.09822202e-01   0.0000
  3.68128270e-01   0.0000
  4.34623629e-01   0.0000
  3.64195108e-01   0.0000
  6.08838856e-01   0.0000
  3.64831388e-01   0.0000
  4.49713886e-01   0.0000
 -6.51270617e-04   0.0000
  4.42359447e-01   0.0000
 -1.14534892e-01   0.0000
  5.59024923e-02   0.0000
 -1.81839809e-01   0.0000
 -6.58367217e-01   0.0000
 -3.48252892e-01   0.0000
 -2.35704914e-01   0.0000
  2.83212036e-01   0.0000
 -5.09604990e-01   0.0000
  4.00907665e-01   0.0000
 -5.87603271e-01   0.0000
  3.33893442e+00   0.0000
  7.28485525e-01   0.0000
 -1.35216939e+00   0.0000
 -1.55048800e+00   0.0000
  3.72730684e+00   0.0000
  1.43307626e+00   0.0000
  3.14062452e+00   0.0000
  2.64877224e+00   0.0000
  1.05991685e+00   0.0000
 -5.05902529e-01   0.0000
  5.05338764e+00   0.0000
 -1.17934382e+00   0.0000
 -7.37652853e-02   0.0000
  2.10429144e+00   0.0000
  6.96881831e-01   0.0000
  6.47016883e-01   0.0000
  2.75393629e+00   0.0000
  1.12018585e+00   0.0000
  2.03880692e+00   0.0000
  1.21140778e+00   0.0000
 -5.88350967e-02   0.0000
  2.68864065e-01   0.0000
 -6.34615943e-02   0.0000
 -1.02013145e-02   0.0000
 -1.12505782e+00   0.0000
 -1.89083648e+00   0.0000
 -9.42358494e-01   0.0000
 -2.84692764e+00   0.0000
  8.65287542e-01   0.0000
 -5.30302823e-01   0.0000
  1.53813696e+00   0.0000
  0.00000000e+00   0.0000

