 5 0.000000 1
 1 
 Si 28.085500
 0 0.250001 4.500000 0.978124 1.000000 
 4 0 1 2 3
 8 2.00000 2.20000 2.40000 2.60000 2.80000 3.00000 3.25000 3.50000
 1 12.169200 6.172630 3.114710 0.755675 0.404939 0.036124 0.650018 0.572890
 4 32 32 32 1
 -1.55541912e-01   0.0000
 -7.05870986e-02   0.0000
 -1.30215228e+00   0.0000
 -9.51814838e-03   0.0000
 -1.24782491e+00   0.0000
  9.51470882e-02   0.0000
  2.56557912e-02   0.0000
  3.99496552e-04   0.0000
  9.74334851e-02   0.0000
 -6.49591209e-03   0.0000
 -1.21452999e+00   0.0000
  2.12766528e+00   0.0000
 -9.11507476e-03   0.0000
  6.26442850e-01   0.0000
 -2.60823686e-02   0.0000
 -1.57966065e+00   0.0000
  1.77017730e-02   0.0000
 -1.44539952e-01   0.0000
  1.98792424e-02   0.0000
  5.00643160e-03   0.0000
 -1.53357387e+00   0.0000
  1.87526798e+00   0.0000
  5.49797595e-01   0.0000
  1.72377750e-02   0.0000
  4.49374735e-01   0.0000
 -1.10519671e+00   0.0000
  6.32852723e-04   0.0000
  6.14801228e-01   0.0000
  3.37735340e-02   0.0000
 -2.49544516e-01   0.0000
 -1.11761022e+00   0.0000
  2.51028478e-01   0.0000
  2.06948474e-01   0.0000
 -7.46115968e-02   0.0000
 -4.84461784e-01   0.0000
 -1.06571754e-02   0.0000
 -1.31351799e-01   0.0000
  5.05276211e-02   0.0000
  2.66016200e-02   0.0000
 -7.83026367e-02   0.0000
  1.16225392e-01   0.0000
  2.13270001e-02   0.0000
 -1.00664616e+00   0.0000
  1.20611560e+00   0.0000
 -1.99382287e-02   0.0000
 -6.47990465e-01   0.0000
 -8.40473324e-02   0.0000
  3.07148397e-01   0.0000
 -5.60354767e-03   0.0000
 -3.09256285e-01   0.0000
  1.71386078e-01   0.0000
 -4.99865972e-02   0.0000
 -1.14534092e+00   0.0000
  1.25660133e+00   0.0000
  5.69285974e-02   0.0000
  1.56128099e-05   0.0000
  4.01203245e-01   0.0000
 -9.57201540e-01   0.0000
 -9.47695747e-02   0.0000
  4.48306829e-01   0.0000
  4.04273756e-02   0.0000
 -5.23436546e-01   0.0000
 -5.05363762e-01   0.0000
 -3.32961768e-01   0.0000
 -1.94937438e-01   0.0000
 -2.87694726e-02   0.0000
 -4.09892708e-01   0.0000
  2.59215180e-02   0.0000
  3.91272396e-01   0.0000
  1.21261269e-01   0.0000
  3.28790322e-02   0.0000
 -9.66071635e-02   0.0000
  7.71324784e-02   0.0000
  2.09527597e-01   0.0000
 -6.11324489e-01   0.0000
  3.94806504e-01   0.0000
 -1.62126809e-01   0.0000
 -7.05118239e-01   0.0000
 -9.29443315e-02   0.0000
  8.39707971e-01   0.0000
  5.51165314e-03   0.0000
 -4.79418755e-01   0.0000
  1.61408439e-01   0.0000
 -4.61561792e-02   0.0000
 -7.32842505e-01   0.0000
  9.54783499e-01   0.0000
 -3.00004482e-01   0.0000
 -1.37612196e-02   0.0000
  2.09531680e-01   0.0000
 -6.13592565e-01   0.0000
 -5.58475628e-02   0.0000
  3.26443911e-01   0.0000
 -3.05456351e-02   0.0000
 -6.69389784e-01   0.0000
  3.49409990e-02   0.0000
 -7.15279996e-01   0.0000
 -5.51502347e-01   0.0000
  3.79380025e-02   0.0000
 -4.47899371e-01   0.0000
  2.64274329e-02   0.0000
  6.93962574e-01   0.0000
  1.15580894e-01   0.0000
  1.10502005e-01   0.0000
 -1.65219486e-01   0.0000
  1.37560397e-01   0.0000
  2.06643030e-01   0.0000
 -3.70306224e-01   0.0000
 -1.11866020e-01   0.0000
 -1.16613515e-01   0.0000
 -5.41180253e-01   0.0000
 -1.88010186e-01   0.0000
  6.57754064e-01   0.0000
 -1.31512672e-01   0.0000
 -6.58925772e-01   0.0000
  2.65914768e-01   0.0000
 -1.48126215e-01   0.0000
 -2.74602920e-01   0.0000
  7.91700125e-01   0.0000
 -4.87293541e-01   0.0000
 -1.36986211e-01   0.0000
  5.05295843e-02   0.0000
 -1.61984012e-01   0.0000
 -4.97788079e-02   0.0000
  2.21625999e-01   0.0000
 -6.17634058e-02   0.0000
 -8.26449394e-01   0.0000
  2.54701614e-01   0.0000
 -8.53481293e-01   0.0000
 -4.89186734e-01   0.0000
  7.75793865e-02   0.0000
 -3.60345542e-01   0.0000
  2.10207298e-01   0.0000
  9.23075855e-01   0.0000
  1.24072887e-01   0.0000
  3.64662409e-02   0.0000
 -2.49014914e-01   0.0000
  3.20785284e-01   0.0000
  1.98791891e-01   0.0000
 -2.60596275e-01   0.0000
 -5.18575966e-01   0.0000
 -1.42722055e-01   0.0000
 -2.09163770e-01   0.0000
 -2.36332133e-01   0.0000
  5.21695614e-01   0.0000
 -1.22502044e-01   0.0000
 -6.87819600e-01   0.0000
  1.73745021e-01   0.0000
 -9.65995863e-02   0.0000
 -1.09187931e-01   0.0000
  5.05786657e-01   0.0000
 -5.57950258e-01   0.0000
 -1.76549345e-01   0.0000
 -1.07564427e-01   0.0000
 -9.47885364e-02   0.0000
 -2.83481002e-01   0.0000
  4.17598933e-02   0.0000
 -1.45927295e-01   0.0000
 -9.41984594e-01   0.0000
  5.12421489e-01   0.0000
 -9.18499827e-01   0.0000
 -1.82022050e-01   0.0000
  1.87171564e-01   0.0000
 -4.31207001e-01   0.0000
  2.17161596e-01   0.0000
  9.52417672e-01   0.0000
  4.47475649e-02   0.0000
  1.32908463e-01   0.0000
 -1.74030066e-01   0.0000
  2.84600645e-01   0.0000
  2.67757863e-01   0.0000
 -3.23437303e-01   0.0000
 -9.91769195e-01   0.0000
 -2.27805719e-01   0.0000
  2.36831263e-01   0.0000
 -2.93804020e-01   0.0000
  3.43095928e-01   0.0000
 -2.98287123e-01   0.0000
 -8.28846335e-01   0.0000
  2.74231851e-01   0.0000
 -1.13788836e-01   0.0000
 -8.79495293e-02   0.0000
  9.27459672e-02   0.0000
 -8.88029993e-01   0.0000
 -2.17784792e-01   0.0000
 -1.31657794e-01   0.0000
 -9.19451118e-02   0.0000
 -2.53415585e-01   0.0000
 -1.02672048e-01   0.0000
 -1.74449369e-01   0.0000
 -1.00255179e+00   0.0000
  4.11960512e-01   0.0000
 -9.43515480e-01   0.0000
  3.79274875e-01   0.0000
  2.23456815e-01   0.0000
 -1.88250929e-01   0.0000
  2.16245651e-01   0.0000
  8.75492930e-01   0.0000
  3.81145626e-02   0.0000
  1.87130958e-01   0.0000
 -3.87780637e-01   0.0000
  4.10615534e-01   0.0000
  2.99195230e-01   0.0000
 -4.41967040e-01   0.0000
 -1.40140224e+00   0.0000
 -3.67878467e-01   0.0000
  7.27033377e-01   0.0000
 -2.90745050e-01   0.0000
  9.78359953e-02   0.0000
 -2.34185636e-01   0.0000
 -9.43209648e-01   0.0000
  4.05334502e-01   0.0000
 -4.01302762e-02   0.0000
 -9.47418585e-02   0.0000
 -3.81262422e-01   0.0000
 -8.84850025e-01   0.0000
 -2.49467880e-01   0.0000
 -1.25885084e-01   0.0000
 -3.84853423e-01   0.0000
 -3.06207597e-01   0.0000
 -2.71768361e-01   0.0000
 -2.59756178e-01   0.0000
 -1.15190971e+00   0.0000
  5.52016497e-01   0.0000
 -7.51420319e-01   0.0000
  1.11502719e+00   0.0000
  2.81302840e-01   0.0000
  9.56244115e-03   0.0000
  2.59442121e-01   0.0000
  7.88088918e-01   0.0000
 -4.99001890e-02   0.0000
  1.58307642e-01   0.0000
 -3.14405501e-01   0.0000
  3.39442104e-01   0.0000
  3.12832892e-01   0.0000
 -6.21825039e-01   0.0000
 -1.73373175e+00   0.0000
 -3.19260925e-01   0.0000
  1.09864998e+00   0.0000
 -4.30972308e-01   0.0000
 -9.66121256e-02   0.0000
 -2.96760499e-01   0.0000
 -1.10932553e+00   0.0000
  4.30052310e-01   0.0000
  1.23596527e-01   0.0000
 -1.67860106e-01   0.0000
 -1.00243556e+00   0.0000
 -1.04826188e+00   0.0000
 -2.32235879e-01   0.0000
 -1.71275347e-01   0.0000
 -8.25150549e-01   0.0000
 -3.53361994e-01   0.0000
 -4.65665162e-01   0.0000
 -1.92664191e-01   0.0000
 -1.09185362e+00   0.0000
  4.97768641e-01   0.0000
 -6.61094666e-01   0.0000
  7.04980373e-01   0.0000
  3.63048673e-01   0.0000
 -2.00135484e-01   0.0000
 -8.79913848e-03   0.0000
 -2.26393890e+00   0.0000
  5.75238541e-02   0.0000
  3.68123353e-02   0.0000
  1.18946680e-03   0.0000
  1.21962337e-04   0.0000
  6.83864229e-04   0.0000
 -1.47481620e+00   0.0000
  1.52301693e+00   0.0000
 -5.04403748e-03   0.0000
  4.22726440e+00   0.0000
 -3.86864413e-03   0.0000
 -7.85311699e-01   0.0000
  1.11856721e-02   0.0000
 -1.02081728e+00   0.0000
  1.04724355e-02   0.0000
 -2.98947215e-01   0.0000
 -1.36195436e-01   0.0000
 -1.31343424e+00   0.0000
  1.38206851e+00   0.0000
  8.61546211e-03   0.0000
  5.10753393e-01   0.0000
  8.54287028e-01   0.0000
  2.97407247e-03   0.0000
 -2.45171428e-01   0.0000
  1.25201484e-02   0.0000
  2.48474672e-01   0.0000
 -3.36877286e-01   0.0000
  1.99292886e+00   0.0000
  2.60455370e-01   0.0000
  2.06950575e-01   0.0000
  7.09549308e-01   0.0000
 -9.60301235e-03   0.0000
 -1.07029235e+00   0.0000
  5.14993593e-02   0.0000
  5.07934876e-02   0.0000
  6.65948866e-03   0.0000
  4.94143285e-04   0.0000
  1.12138886e-03   0.0000
  2.66715139e-02   0.0000
  8.28487992e-01   0.0000
  3.34992510e-04   0.0000
  8.13892961e-01   0.0000
 -2.46395916e-02   0.0000
 -6.25734031e-01   0.0000
  1.31112561e-02   0.0000
 -4.94280636e-01   0.0000
  1.35153555e-03   0.0000
 -1.89102754e-01   0.0000
 -1.52143553e-01   0.0000
 -7.15907753e-01   0.0000
  9.62904096e-01   0.0000
  1.22199319e-02   0.0000
  4.82496470e-01   0.0000
  7.20551252e-01   0.0000
  4.25448990e-04   0.0000
 -2.07452163e-01   0.0000
  2.38296203e-02   0.0000
 -2.14837808e-02   0.0000
 -1.65033773e-01   0.0000
  9.91671920e-01   0.0000
  9.64055955e-02   0.0000
  1.82389960e-01   0.0000
  1.46898973e+00   0.0000
 -6.70147454e-03   0.0000
 -3.24553579e-01   0.0000
  5.76784462e-02   0.0000
  6.96382299e-02   0.0000
  1.18591022e-02   0.0000
  5.67846149e-02   0.0000
  5.63302748e-02   0.0000
  6.66196585e-01   0.0000
  1.37526304e-01   0.0000
 -3.49224545e-04   0.0000
 -6.48754597e-01   0.0000
 -4.29752506e-02   0.0000
 -2.13623092e-01   0.0000
  9.25807934e-03   0.0000
 -8.97072554e-02   0.0000
  4.76313867e-02   0.0000
 -1.31317809e-01   0.0000
 -6.75966218e-02   0.0000
 -6.20905042e-01   0.0000
  5.31041324e-01   0.0000
 -7.98750762e-03   0.0000
  3.05479676e-01   0.0000
  5.56278050e-01   0.0000
  1.62001662e-02   0.0000
 -2.48696968e-01   0.0000
  1.26329688e-02   0.0000
 -5.17438501e-02   0.0000
  7.05286721e-03   0.0000
  6.40064955e-01   0.0000
 -1.92182008e-02   0.0000
  1.73842117e-01   0.0000
  1.54381239e+00   0.0000
 -3.37677286e-03   0.0000
  4.23501022e-02   0.0000
  2.35675387e-02   0.0000
  7.61328861e-02   0.0000
  2.85057072e-03   0.0000
 -6.93891244e-03   0.0000
 -1.52565939e-02   0.0000
  8.97958577e-01   0.0000
 -5.55579722e-01   0.0000
 -2.47103069e-03   0.0000
 -1.23653686e+00   0.0000
 -2.35613547e-02   0.0000
 -3.34214047e-03   0.0000
  1.62556227e-02   0.0000
  1.82933182e-01   0.0000
  9.42851901e-02   0.0000
 -3.89337726e-02   0.0000
  2.73412932e-02   0.0000
 -6.38241529e-01   0.0000
  3.06108624e-01   0.0000
  9.20316577e-03   0.0000
  2.33522534e-01   0.0000
  5.06005228e-01   0.0000
  1.55740534e-03   0.0000
 -4.19448525e-01   0.0000
  8.52416456e-03   0.0000
 -1.43509924e-01   0.0000
  1.02008283e-01   0.0000
  4.21470821e-01   0.0000
 -1.14481352e-01   0.0000
  2.01554745e-01   0.0000
  1.35729134e+00   0.0000
 -5.68849314e-03   0.0000
  1.85886726e-01   0.0000
  2.29811426e-02   0.0000
  8.94643292e-02   0.0000
 -7.21235499e-02   0.0000
  4.14726622e-02   0.0000
  5.96085899e-02   0.0000
  1.00568783e+00   0.0000
 -1.01124132e+00   0.0000
  7.21270405e-03   0.0000
 -1.25145793e+00   0.0000
 -5.69382720e-02   0.0000
  1.99871487e-03   0.0000
  1.60473306e-02   0.0000
  4.60755557e-01   0.0000
  1.88157931e-01   0.0000
  3.44114937e-02   0.0000
  2.91736245e-01   0.0000
 -5.97813606e-01   0.0000
  4.24085371e-02   0.0000
  1.44814970e-02   0.0000
  1.90088302e-01   0.0000
  4.95354384e-01   0.0000
 -2.55010538e-02   0.0000
 -3.14835668e-01   0.0000
  2.35726815e-02   0.0000
 -1.97832212e-01   0.0000
  1.55843347e-01   0.0000
  2.93703616e-01   0.0000
 -2.73638129e-01   0.0000
  2.67528713e-01   0.0000
  8.42723429e-01   0.0000
  2.97703445e-02   0.0000
  3.30594122e-01   0.0000
  2.63111163e-02   0.0000
  9.60919634e-02   0.0000
 -2.32795719e-02   0.0000
  3.02588865e-02   0.0000
  3.23438609e-04   0.0000
  1.17717826e+00   0.0000
 -1.42223215e+00   0.0000
 -4.84118648e-02   0.0000
 -9.72006202e-01   0.0000
 -4.41808812e-02   0.0000
 -2.41607785e-01   0.0000
  5.86768333e-03   0.0000
  6.65442765e-01   0.0000
  1.46888837e-01   0.0000
  4.47633415e-02   0.0000
  6.00071251e-01   0.0000
 -5.28432488e-01   0.0000
 -1.93214081e-02   0.0000
  2.13399380e-02   0.0000
  9.80628803e-02   0.0000
  4.85455990e-01   0.0000
 -8.97476822e-02   0.0000
 -5.02887905e-01   0.0000
  3.26961535e-03   0.0000
 -1.55479491e-01   0.0000
  2.08359271e-01   0.0000
  3.08828354e-01   0.0000
 -5.73410630e-01   0.0000
  3.02803099e-01   0.0000
  1.42254367e-01   0.0000
  2.40429468e-03   0.0000
  2.58362055e-01   0.0000
 -1.89407915e-02   0.0000
  1.24141924e-01   0.0000
 -2.16860369e-01   0.0000
  1.90851942e-01   0.0000
  7.76204318e-02   0.0000
  1.43385839e+00   0.0000
 -1.78908217e+00   0.0000
  1.39915645e-02   0.0000
 -4.23053354e-01   0.0000
 -3.10998354e-02   0.0000
 -8.04294467e-01   0.0000
  1.03914551e-02   0.0000
  8.04019153e-01   0.0000
  4.53194268e-02   0.0000
  5.80828376e-02   0.0000
  1.01417923e+00   0.0000
 -4.78541642e-01   0.0000
 -1.02615558e-01   0.0000
  2.26579830e-02   0.0000
 -3.48932785e-03   0.0000
  4.94327515e-01   0.0000
 -3.35102007e-02   0.0000
 -5.28775394e-01   0.0000
  2.13278588e-02   0.0000
 -1.94676101e-01   0.0000
  1.56320646e-01   0.0000
  4.59307611e-01   0.0000
 -7.36753345e-01   0.0000
  3.67681533e-01   0.0000
 -5.56530654e-01   0.0000
  5.45587651e-02   0.0000
  1.98442876e-01   0.0000
 -4.50935960e-02   0.0000
  1.34634301e-01   0.0000
 -1.42490819e-01   0.0000
  2.63196349e-01   0.0000
  2.22878531e-01   0.0000
  1.61423433e+00   0.0000
 -2.05680633e+00   0.0000
 -1.04888506e-01   0.0000
  4.59373951e-01   0.0000
 -4.73253131e-02   0.0000
 -1.47587991e+00   0.0000
 -1.00559466e-01   0.0000
  9.32463527e-01   0.0000
  2.23166957e-01   0.0000
  1.02054283e-01   0.0000
  1.39713836e+00   0.0000
 -4.06891763e-01   0.0000
 -1.70721471e-01   0.0000
 -1.01504266e-01   0.0000
 -1.17747977e-01   0.0000
  5.05556643e-01   0.0000
 -7.42360130e-02   0.0000
 -6.55947208e-01   0.0000
  4.56112511e-02   0.0000
 -2.24420488e-01   0.0000
  1.19435459e-01   0.0000
  6.39790893e-01   0.0000
 -1.52001572e+00   0.0000
  7.63841152e-01   0.0000
 -5.41093946e-01   0.0000
  1.32948747e-02   0.0000
 -3.78241539e-01   0.0000
  3.64223212e-01   0.0000
  1.87300146e-03   0.0000
 -2.04545166e-03   0.0000
 -1.91574905e-03   0.0000
 -1.58829370e-03   0.0000
  1.43987548e+00   0.0000
 -2.08010241e-01   0.0000
 -1.02917748e-02   0.0000
  1.46357524e+00   0.0000
 -6.05220906e-02   0.0000
 -6.76469803e-01   0.0000
 -1.04516826e-03   0.0000
  3.00202370e-02   0.0000
  3.63618671e-03   0.0000
 -3.48941356e-01   0.0000
  3.34040701e-01   0.0000
 -2.62683064e-01   0.0000
  5.55322409e-01   0.0000
 -3.89179438e-02   0.0000
 -8.09779465e-01   0.0000
  3.55359763e-01   0.0000
  5.48440078e-03   0.0000
  3.74966264e-01   0.0000
 -2.71887402e-03   0.0000
 -1.14223644e-01   0.0000
  1.72474667e-01   0.0000
  1.09500289e+00   0.0000
 -6.70810103e-01   0.0000
  5.15293300e-01   0.0000
  3.03473659e-02   0.0000
  2.29697563e-02   0.0000
  1.10536188e-01   0.0000
  2.37189949e-01   0.0000
 -1.02317473e-02   0.0000
  3.87427234e-03   0.0000
  5.06886886e-03   0.0000
  2.50886864e-04   0.0000
 -2.56102324e-01   0.0000
 -7.01612830e-01   0.0000
  5.10228891e-03   0.0000
 -3.30455005e-01   0.0000
 -4.27688397e-02   0.0000
 -9.68563482e-02   0.0000
  3.16463714e-03   0.0000
  1.04412645e-01   0.0000
  2.13643326e-03   0.0000
 -3.17959696e-01   0.0000
 -9.07496959e-02   0.0000
 -4.17497188e-01   0.0000
  1.29910812e-01   0.0000
 -8.86350684e-03   0.0000
 -5.41070461e-01   0.0000
 -8.86247493e-03   0.0000
  1.45943556e-03   0.0000
  7.67800629e-01   0.0000
 -4.02687676e-02   0.0000
 -2.54822988e-02   0.0000
  3.42654064e-02   0.0000
  3.80099148e-01   0.0000
  2.15999112e-01   0.0000
  3.56765985e-01   0.0000
  2.92055979e-02   0.0000
  4.26648669e-02   0.0000
  3.30986798e-01   0.0000
  2.04526439e-01   0.0000
 -1.20258201e-02   0.0000
  3.53383273e-03   0.0000
  1.81747321e-02   0.0000
  3.10192187e-03   0.0000
 -6.56773686e-01   0.0000
 -7.27670252e-01   0.0000
 -7.35964300e-03   0.0000
 -4.55697864e-01   0.0000
 -8.16224795e-03   0.0000
  1.28248051e-01   0.0000
 -8.02251045e-03   0.0000
  3.67231458e-01   0.0000
  2.73003971e-04   0.0000
 -2.97192782e-01   0.0000
 -2.88982511e-01   0.0000
 -1.91976309e-01   0.0000
 -2.54008248e-02   0.0000
 -2.88466867e-02   0.0000
 -3.88978839e-01   0.0000
 -8.48154873e-02   0.0000
 -5.00981277e-03   0.0000
  8.32105815e-01   0.0000
 -6.90833852e-02   0.0000
  9.69135612e-02   0.0000
 -8.12850073e-02   0.0000
  5.77719733e-02   0.0000
  8.38003457e-01   0.0000
  1.85195997e-01   0.0000
 -2.34675124e-01   0.0000
  1.43737337e-02   0.0000
  5.13473451e-01   0.0000
  1.32411242e-01   0.0000
 -9.41880569e-02   0.0000
  2.39528948e-03   0.0000
  5.44000999e-04   0.0000
  5.58072352e-05   0.0000
 -5.19250453e-01   0.0000
 -5.11412501e-01   0.0000
 -1.56997759e-02   0.0000
 -3.08420449e-01   0.0000
  3.60204503e-02   0.0000
  3.18945944e-01   0.0000
 -2.11601183e-02   0.0000
  6.59502208e-01   0.0000
  1.05501991e-03   0.0000
 -3.05009037e-01   0.0000
 -1.81741267e-01   0.0000
 -1.25759184e-01   0.0000
 -1.54518178e-02   0.0000
 -4.71187085e-02   0.0000
 -2.55802870e-01   0.0000
 -5.71481474e-02   0.0000
 -3.69707821e-03   0.0000
  1.01786196e+00   0.0000
 -4.31548133e-02   0.0000
  2.66051799e-01   0.0000
 -2.83993870e-01   0.0000
 -1.93908498e-01   0.0000
  1.08958125e+00   0.0000
  1.21061258e-01   0.0000
 -4.54699457e-01   0.0000
  3.19912247e-02   0.0000
  6.13448322e-01   0.0000
  1.70435488e-01   0.0000
 -3.10718864e-02   0.0000
  7.44070578e-03   0.0000
 -9.36839264e-03   0.0000
  1.91488245e-03   0.0000
 -2.62696564e-01   0.0000
 -2.39933372e-01   0.0000
 -3.15567441e-02   0.0000
 -2.23957837e-01   0.0000
  4.15685400e-03   0.0000
  3.24383080e-01   0.0000
 -2.39008628e-02   0.0000
  9.04102921e-01   0.0000
  6.14149962e-04   0.0000
 -1.37375727e-01   0.0000
  7.57040679e-02   0.0000
 -6.22572117e-02   0.0000
 -3.50760035e-02   0.0000
 -2.53126863e-02   0.0000
 -7.46574178e-02   0.0000
  6.77777976e-02   0.0000
 -1.21489372e-02   0.0000
  1.27578843e+00   0.0000
 -7.89191648e-02   0.0000
  4.48361665e-01   0.0000
 -2.60041654e-01   0.0000
 -2.99018174e-01   0.0000
  9.93112743e-01   0.0000
  3.51903425e-03   0.0000
 -3.58737975e-01   0.0000
  5.43015152e-02   0.0000
  8.17879438e-01   0.0000
  9.08621103e-02   0.0000
 -1.56690583e-01   0.0000
  1.94637908e-03   0.0000
 -4.64110449e-03   0.0000
 -4.77451598e-03   0.0000
 -4.98441160e-02   0.0000
 -6.68011084e-02   0.0000
 -2.57254932e-02   0.0000
 -3.87716331e-02   0.0000
  1.19892806e-01   0.0000
 -3.89884748e-02   0.0000
 -2.90716030e-02   0.0000
  1.35097766e+00   0.0000
 -6.99231308e-03   0.0000
 -1.86480671e-01   0.0000
  4.55364674e-01   0.0000
  5.52215353e-02   0.0000
  2.81526558e-02   0.0000
 -2.78538819e-02   0.0000
  1.42333493e-01   0.0000
  1.34998217e-01   0.0000
 -1.33175217e-02   0.0000
  1.41177166e+00   0.0000
 -6.48982972e-02   0.0000
  6.26766384e-01   0.0000
 -3.89701813e-01   0.0000
 -5.80908954e-01   0.0000
  4.36079621e-01   0.0000
 -9.47572663e-02   0.0000
  1.83895916e-01   0.0000
  2.43054759e-02   0.0000
  1.01046622e+00   0.0000
  4.26148325e-02   0.0000
 -6.43801764e-02   0.0000
 -6.57954719e-03   0.0000
  8.90570879e-03   0.0000
  3.93152703e-03   0.0000
  9.70824435e-02   0.0000
  2.59670556e-01   0.0000
 -2.32905392e-02   0.0000
  8.04064423e-02   0.0000
  1.08891487e-01   0.0000
 -4.93776053e-01   0.0000
 -3.33107598e-02   0.0000
  1.76862216e+00   0.0000
 -1.03504956e-02   0.0000
 -1.01307474e-01   0.0000
  8.10696542e-01   0.0000
  9.02044103e-02   0.0000
  1.12102032e-01   0.0000
 -6.72570392e-02   0.0000
  4.09315437e-01   0.0000
  6.10835254e-02   0.0000
 -2.70137750e-02   0.0000
  1.66815805e+00   0.0000
 -9.71786380e-02   0.0000
  9.28581178e-01   0.0000
 -3.80673617e-01   0.0000
 -8.51282775e-01   0.0000
 -2.17985407e-01   0.0000
 -1.84004679e-01   0.0000
  1.01491320e+00   0.0000
  3.71053889e-02   0.0000
  1.03539443e+00   0.0000
  1.91326201e-01   0.0000
 -9.60958898e-02   0.0000
 -2.84084491e-02   0.0000
  2.54139770e-02   0.0000
  1.41430479e-02   0.0000
  2.57950574e-01   0.0000
  5.36535800e-01   0.0000
 -2.38555465e-02   0.0000
  2.15882778e-01   0.0000
  4.78255153e-02   0.0000
 -1.07251358e+00   0.0000
 -3.92135419e-02   0.0000
  2.30846572e+00   0.0000
  5.86422114e-03   0.0000
 -1.47864342e-01   0.0000
  9.22637224e-01   0.0000
  1.42897069e-01   0.0000
  2.80642718e-01   0.0000
 -3.99666354e-02   0.0000
  5.29108167e-01   0.0000
  4.61385176e-02   0.0000
 -4.28739153e-02   0.0000
  1.88093841e+00   0.0000
 -6.88679367e-02   0.0000
  1.03684509e+00   0.0000
 -2.68697351e-01   0.0000
 -9.61848497e-01   0.0000
 -3.19461972e-01   0.0000
 -2.75161088e-01   0.0000
 -2.71475315e+00   0.0000
 -6.54294575e-03   0.0000
 -1.87624753e+00   0.0000
 -1.02311186e-01   0.0000
  1.11068420e-01   0.0000
  9.14826058e-03   0.0000
 -4.16561707e-05   0.0000
  8.70484114e-03   0.0000
 -1.67992079e+00   0.0000
  4.17918062e+00   0.0000
  1.01143429e-02   0.0000
  2.12655401e+00   0.0000
 -6.75160587e-02   0.0000
  6.48712039e-01   0.0000
  1.06409295e-02   0.0000
  6.83511436e-01   0.0000
 -1.38661286e-04   0.0000
  1.31469637e-01   0.0000
  2.95351177e-01   0.0000
 -1.00179362e+00   0.0000
  2.69863701e+00   0.0000
  5.85725158e-03   0.0000
  2.36156315e-01   0.0000
  8.35133016e-01   0.0000
  1.20814228e-02   0.0000
 -2.46498138e-01   0.0000
  7.35679595e-03   0.0000
  5.18557310e-01   0.0000
  5.49314022e-01   0.0000
  1.50176096e+00   0.0000
  5.83094358e-01   0.0000
  2.62018085e-01   0.0000
 -1.43373087e-01   0.0000
 -9.47193592e-04   0.0000
  1.16196728e+00   0.0000
 -2.36307859e-01   0.0000
  1.73611775e-01   0.0000
  3.48689989e-03   0.0000
  1.06549198e-02   0.0000
 -1.80500594e-03   0.0000
 -1.60144067e+00   0.0000
 -1.21514869e+00   0.0000
  1.19922701e-02   0.0000
 -1.24524260e+00   0.0000
 -7.94147402e-02   0.0000
  8.17248225e-01   0.0000
  9.94043984e-03   0.0000
  8.43590677e-01   0.0000
  1.64966332e-04   0.0000
  2.22927466e-01   0.0000
  1.37249120e-02   0.0000
 -7.58225679e-01   0.0000
 -5.09604275e-01   0.0000
  8.53544660e-03   0.0000
  2.70790070e-01   0.0000
  2.46427968e-01   0.0000
  3.16310208e-03   0.0000
  9.83541533e-02   0.0000
  8.56323447e-03   0.0000
  2.17456669e-01   0.0000
  1.97332308e-01   0.0000
 -4.69060987e-01   0.0000
  8.77743781e-01   0.0000
  5.64295411e-01   0.0000
  2.11514100e-01   0.0000
 -1.80923496e-03   0.0000
 -4.07406211e-01   0.0000
 -3.51035774e-01   0.0000
  9.34839100e-02   0.0000
  2.18800944e-03   0.0000
 -2.25980475e-04   0.0000
  1.18414257e-02   0.0000
 -7.36639619e-01   0.0000
 -2.73513389e+00   0.0000
  2.37551099e-03   0.0000
  4.58539724e-01   0.0000
 -3.50192003e-02   0.0000
  6.28794372e-01   0.0000
 -8.23928323e-03   0.0000
  9.19061005e-01   0.0000
  1.72941610e-02   0.0000
  1.93789706e-01   0.0000
 -1.06897270e-02   0.0000
 -5.71120799e-01   0.0000
 -1.61947703e+00   0.0000
 -4.26929370e-02   0.0000
  2.71694601e-01   0.0000
  1.76233917e-01   0.0000
  4.11611469e-03   0.0000
  1.19772583e-01   0.0000
 -4.16880846e-03   0.0000
  2.05169529e-01   0.0000
 -1.94785427e-02   0.0000
 -1.38088614e-01   0.0000
  8.86344314e-01   0.0000
  4.29779291e-01   0.0000
 -1.57543957e-01   0.0000
  3.12206391e-02   0.0000
 -2.71461695e-01   0.0000
 -3.99081677e-01   0.0000
  7.02660456e-02   0.0000
 -2.17600595e-02   0.0000
  1.74157843e-02   0.0000
  1.60020635e-01   0.0000
  1.73402950e-01   0.0000
 -2.41102028e+00   0.0000
 -1.91960372e-02   0.0000
  2.22913519e-01   0.0000
 -2.10550036e-02   0.0000
  2.01458737e-01   0.0000
 -1.59801785e-02   0.0000
  8.09762180e-01   0.0000
  1.64879076e-02   0.0000
  2.22628303e-02   0.0000
  1.36813611e-01   0.0000
 -5.80679893e-01   0.0000
 -1.34336507e+00   0.0000
 -1.47437276e-02   0.0000
 -7.39990845e-02   0.0000
  2.87452817e-01   0.0000
 -1.42463995e-02   0.0000
  1.94593087e-01   0.0000
 -1.90854054e-02   0.0000
  2.97570288e-01   0.0000
 -1.13293581e-01   0.0000
 -1.32421196e-01   0.0000
  4.79186416e-01   0.0000
  4.68208849e-01   0.0000
 -2.99579620e-01   0.0000
  2.08932646e-02   0.0000
  1.35749178e-02   0.0000
 -2.79006273e-01   0.0000
  5.20047657e-02   0.0000
 -1.27746448e-01   0.0000
  1.97939590e-01   0.0000
  1.56051308e-01   0.0000
  7.42400527e-01   0.0000
 -2.02001023e+00   0.0000
 -1.38372287e-01   0.0000
  3.26832950e-01   0.0000
 -3.01551595e-02   0.0000
 -2.08018959e-01   0.0000
 -8.90545249e-02   0.0000
  6.94803953e-01   0.0000
  1.34036168e-01   0.0000
 -4.41369042e-02   0.0000
  2.88850665e-01   0.0000
 -1.03208922e-01   0.0000
 -1.04965222e+00   0.0000
 -5.01938686e-02   0.0000
 -2.78703541e-01   0.0000
  3.08400631e-01   0.0000
 -1.34651378e-01   0.0000
  1.17783636e-01   0.0000
 -6.60996214e-02   0.0000
  4.34995413e-01   0.0000
 -1.93011850e-01   0.0000
 -2.07154602e-01   0.0000
  2.68795788e-02   0.0000
  3.94543380e-01   0.0000
 -1.43760592e-01   0.0000
  4.26855087e-02   0.0000
 -3.79416766e-03   0.0000
 -2.16035575e-01   0.0000
  6.16002008e-02   0.0000
 -1.29132405e-01   0.0000
  1.14471607e-01   0.0000
  1.80489257e-01   0.0000
  6.63042963e-01   0.0000
 -1.48324490e+00   0.0000
 -2.03956351e-01   0.0000
 -1.30784512e-01   0.0000
 -3.21976207e-02   0.0000
 -4.35355455e-01   0.0000
 -1.16537660e-01   0.0000
  6.81036949e-01   0.0000
  1.83974102e-01   0.0000
 -3.94776575e-02   0.0000
  3.18695188e-01   0.0000
 -7.09977821e-02   0.0000
 -1.06506503e+00   0.0000
 -1.97371691e-01   0.0000
 -2.71166086e-01   0.0000
  2.23175243e-01   0.0000
 -1.71044767e-01   0.0000
  1.39755785e-01   0.0000
 -4.98689301e-02   0.0000
  6.45317852e-01   0.0000
 -2.34247029e-01   0.0000
  8.31104591e-02   0.0000
 -2.65080124e-01   0.0000
  3.31187606e-01   0.0000
  4.85422641e-01   0.0000
  8.35028142e-02   0.0000
  4.79917586e-01   0.0000
 -2.71492779e-01   0.0000
  3.23778093e-02   0.0000
 -2.50657886e-01   0.0000
  2.81349361e-01   0.0000
  2.95400083e-01   0.0000
  1.48681179e-01   0.0000
 -1.06170213e+00   0.0000
 -1.47781178e-01   0.0000
 -6.51738122e-02   0.0000
 -1.19965754e-01   0.0000
 -6.03376627e-01   0.0000
 -2.14064747e-01   0.0000
  8.97826731e-01   0.0000
  1.53291434e-01   0.0000
  4.91540730e-02   0.0000
  1.94893092e-01   0.0000
 -8.04253295e-02   0.0000
 -9.57476795e-01   0.0000
 -1.77224264e-01   0.0000
 -5.09817638e-02   0.0000
 -4.50862683e-02   0.0000
 -2.72391438e-01   0.0000
 -1.44949675e-01   0.0000
 -1.82504788e-01   0.0000
  8.02941322e-01   0.0000
 -2.17854962e-01   0.0000
 -2.89488822e-01   0.0000
 -1.12037528e+00   0.0000
  3.36030632e-01   0.0000
  1.49845529e+00   0.0000
  2.12196127e-01   0.0000
 -6.30557239e-01   0.0000
 -4.74493891e-01   0.0000
  1.12193301e-02   0.0000
 -2.60577530e-01   0.0000
  2.09815904e-01   0.0000
  1.31712005e-01   0.0000
 -5.67897148e-02   0.0000
 -6.51131153e-01   0.0000
 -2.75951833e-01   0.0000
 -3.98920566e-01   0.0000
 -2.73519363e-02   0.0000
 -2.56224245e-01   0.0000
 -3.85466605e-01   0.0000
  1.31096590e+00   0.0000
  1.73354492e-01   0.0000
  1.59910709e-01   0.0000
  8.19455460e-02   0.0000
  9.08939064e-01   0.0000
 -9.65467155e-01   0.0000
 -2.27567360e-01   0.0000
  3.52979183e-01   0.0000
 -3.02211553e-01   0.0000
 -3.97802442e-01   0.0000
 -3.47857565e-01   0.0000
 -3.06347221e-01   0.0000
  7.75651634e-01   0.0000
 -1.49681926e-01   0.0000
 -5.33211350e-01   0.0000
  1.56943679e-01   0.0000
 -7.65353367e-02   0.0000
 -6.20481789e-01   0.0000
  1.20312646e-01   0.0000
  8.45526934e-01   0.0000
 -1.11307450e-01   0.0000
  7.72943050e-02   0.0000
 -3.39792818e-01   0.0000
  1.29684553e-01   0.0000
  2.81760961e-01   0.0000
  2.10140371e+00   0.0000
  2.12959290e-01   0.0000
 -1.28176272e-01   0.0000
 -2.27636623e+00   0.0000
 -5.11088967e-02   0.0000
  6.13378510e-02   0.0000
 -1.90458030e-01   0.0000
  1.16608763e+00   0.0000
  7.18936622e-02   0.0000
  8.66965279e-02   0.0000
  1.30741704e+00   0.0000
  3.30714047e-01   0.0000
 -8.64957795e-02   0.0000
 -2.55753756e-01   0.0000
  1.15797810e-01   0.0000
  1.17731786e+00   0.0000
 -1.51107654e-01   0.0000
 -7.50972033e-01   0.0000
 -1.60520807e-01   0.0000
  4.56285596e-01   0.0000
  1.45323977e-01   0.0000
 -4.17140782e-01   0.0000
  5.96893393e-02   0.0000
 -1.20119381e+00   0.0000
 -2.75626689e-01   0.0000
  6.59298062e-01   0.0000
  6.94367170e-01   0.0000
 -2.67769873e-01   0.0000
 -7.36618221e-01   0.0000
 -6.56949282e-01   0.0000
 -8.99390042e-01   0.0000
 -3.52147967e-01   0.0000
  6.44837320e-02   0.0000
 -3.17327902e-02   0.0000
  6.03177965e-01   0.0000
  1.75193849e-03   0.0000
 -8.20254326e-01   0.0000
 -2.76798338e-01   0.0000
 -1.56986624e-01   0.0000
 -7.22081780e-01   0.0000
 -2.88539648e-01   0.0000
 -8.72496009e-01   0.0000
 -4.96709615e-01   0.0000
 -1.22958585e-03   0.0000
 -7.31722359e-03   0.0000
  3.52348834e-02   0.0000
  1.14814239e-03   0.0000
  5.22583008e-01   0.0000
  7.44634807e-01   0.0000
  4.65115607e-01   0.0000
  2.88613707e-01   0.0000
 -4.96645600e-01   0.0000
  9.77120921e-02   0.0000
 -7.20376372e-01   0.0000
 -5.79867996e-02   0.0000
  6.27048239e-02   0.0000
  1.06207810e-01   0.0000
 -2.39994988e-01   0.0000
 -2.71848410e-01   0.0000
  4.81192440e-01   0.0000
  3.00469458e-01   0.0000
  3.44683439e-01   0.0000
  2.09254414e-01   0.0000
  1.48451611e-01   0.0000
 -6.37515560e-02   0.0000
 -6.39816448e-02   0.0000
 -2.97077715e-01   0.0000
 -1.46528590e-03   0.0000
  4.33787465e-01   0.0000
  9.80391055e-02   0.0000
  6.55837730e-02   0.0000
  2.83367932e-01   0.0000
  1.52056336e-01   0.0000
  4.11490798e-01   0.0000
  1.92545176e-01   0.0000
  9.23227693e-04   0.0000
  2.14603115e-02   0.0000
 -1.45338569e-02   0.0000
 -3.57438135e-03   0.0000
 -3.29038709e-01   0.0000
 -2.87244618e-01   0.0000
 -2.40719393e-01   0.0000
 -6.55278444e-01   0.0000
  1.54983968e-01   0.0000
 -7.85673484e-02   0.0000
  3.80890429e-01   0.0000
  1.54654473e-01   0.0000
 -2.06534952e-01   0.0000
 -1.72581851e-01   0.0000
  4.40046221e-01   0.0000
  3.75525087e-01   0.0000
 -1.40497315e+00   0.0000
 -6.07545853e-01   0.0000
 -1.61914539e+00   0.0000
 -6.40932441e-01   0.0000
 -2.56504476e-01   0.0000
  4.63420339e-02   0.0000
 -1.04497516e+00   0.0000
  4.72012162e-01   0.0000
 -1.64146040e-04   0.0000
 -8.16657603e-01   0.0000
 -1.87243894e-01   0.0000
 -3.22660297e-01   0.0000
 -9.95612144e-01   0.0000
 -3.72989774e-01   0.0000
 -9.39486444e-01   0.0000
 -3.30829352e-01   0.0000
 -2.76612607e-03   0.0000
 -1.27573274e-02   0.0000
  1.42383901e-02   0.0000
 -2.55500374e-04   0.0000
  4.46198046e-01   0.0000
  4.02783096e-01   0.0000
  4.02670175e-01   0.0000
  1.33742714e+00   0.0000
 -3.50136042e-01   0.0000
  1.31728500e-01   0.0000
 -6.02341890e-01   0.0000
 -2.24168459e-03   0.0000
 -5.53205758e-02   0.0000
  5.39459754e-03   0.0000
 -2.89989766e-02   0.0000
  7.03812251e-03   0.0000
  9.94483232e-02   0.0000
  2.28167549e-02   0.0000
  1.14687830e-02   0.0000
 -3.44383880e-03   0.0000
 -3.47581750e-04   0.0000
 -2.73987697e-03   0.0000
  1.48937494e-01   0.0000
 -3.91761772e-02   0.0000
 -2.46186531e-03   0.0000
  3.34307067e-02   0.0000
  5.83896274e-03   0.0000
  2.90664099e-03   0.0000
  3.12934704e-02   0.0000
 -6.08805846e-03   0.0000
  5.29735163e-02   0.0000
  4.71686432e-03   0.0000
  1.91963365e-04   0.0000
  2.21605573e-04   0.0000
  1.95844541e-03   0.0000
  5.11709310e-04   0.0000
 -6.92255571e-02   0.0000
  3.01370826e-02   0.0000
 -2.09964495e-02   0.0000
 -9.37684923e-02   0.0000
  1.64721347e-02   0.0000
 -3.51332390e-04   0.0000
  3.97074595e-02   0.0000
  2.68114242e-03   0.0000
 -7.02239037e-01   0.0000
  2.47900598e-02   0.0000
  2.80365162e-02   0.0000
 -3.18483030e-03   0.0000
 -9.48695421e-01   0.0000
 -1.12160929e-02   0.0000
 -6.88199878e-01   0.0000
 -3.88023227e-01   0.0000
  2.73675006e-02   0.0000
  2.40706402e-04   0.0000
 -1.64819181e+00   0.0000
  7.27925226e-02   0.0000
 -3.59235541e-03   0.0000
 -2.74358571e-01   0.0000
  8.20890348e-03   0.0000
 -3.58940073e-04   0.0000
 -5.39958477e-01   0.0000
 -5.70866093e-03   0.0000
 -2.43563712e-01   0.0000
  1.50992787e-02   0.0000
  8.20345012e-04   0.0000
  4.93732318e-02   0.0000
 -1.26517459e-03   0.0000
 -4.99524875e-04   0.0000
  1.45087335e-02   0.0000
 -3.52591247e-04   0.0000
  9.11441222e-02   0.0000
  6.04218006e-01   0.0000
  1.58301240e-03   0.0000
  1.23311556e-03   0.0000
 -2.10940000e-02   0.0000
  5.55620342e-02   0.0000
  3.57143253e-01   0.0000
  3.76743916e-03   0.0000
  5.95563045e-03   0.0000
  1.93840563e-02   0.0000
  1.87654763e-01   0.0000
  1.83310416e-02   0.0000
  2.29606673e-01   0.0000
  2.83645511e-01   0.0000
  1.02161933e-02   0.0000
  2.27285956e-04   0.0000
  2.61946619e-01   0.0000
  6.07739575e-03   0.0000
  1.52227958e-03   0.0000
  1.67744294e-01   0.0000
 -3.48950699e-02   0.0000
  2.78520864e-03   0.0000
  2.55737185e-01   0.0000
 -2.80078873e-02   0.0000
  1.62132546e-01   0.0000
  1.93828624e-02   0.0000
 -2.78974371e-03   0.0000
 -7.93454179e-04   0.0000
  2.82720925e-04   0.0000
 -3.07713659e-03   0.0000
  1.22530693e-02   0.0000
  7.20956316e-03   0.0000
  9.46605764e-03   0.0000
 -1.98869601e-01   0.0000
  2.44655963e-02   0.0000
 -8.29153042e-03   0.0000
  4.39354926e-02   0.0000
 -5.92440069e-02   0.0000
 -1.84001803e-01   0.0000
  2.92068580e-03   0.0000
  1.21607212e-02   0.0000
 -5.28658964e-02   0.0000
 -4.20401841e-02   0.0000
 -2.36865953e-02   0.0000
 -1.63890451e-01   0.0000
 -1.49160236e-01   0.0000
  7.17821866e-02   0.0000
 -6.21150853e-03   0.0000
 -9.51396003e-02   0.0000
  6.51773857e-03   0.0000
 -7.81590410e-04   0.0000
 -1.11792870e-01   0.0000
  4.15228494e-02   0.0000
  3.04710548e-02   0.0000
 -1.37113065e-01   0.0000
 -1.80124044e-02   0.0000
 -1.01784103e-01   0.0000
  3.45314294e-02   0.0000
  5.20159816e-03   0.0000
  9.20936838e-02   0.0000
  7.12737616e-04   0.0000
 -1.58748217e-03   0.0000
 -5.71241137e-03   0.0000
  4.93374541e-02   0.0000
  1.40615422e-02   0.0000
  7.91542903e-02   0.0000
  4.43321280e-03   0.0000
 -1.47874942e-02   0.0000
 -2.98701990e-02   0.0000
  3.90913617e-03   0.0000
 -1.57694623e-01   0.0000
 -2.47041043e-02   0.0000
  9.68479440e-02   0.0000
  5.52499592e-02   0.0000
 -1.79043040e-01   0.0000
 -2.48886719e-02   0.0000
 -8.08764473e-02   0.0000
 -1.42284349e-01   0.0000
 -3.89888766e-03   0.0000
  1.48146581e-02   0.0000
 -3.68525475e-01   0.0000
  8.39230195e-02   0.0000
  1.49052322e-03   0.0000
 -1.32108837e-01   0.0000
 -6.50512278e-02   0.0000
 -5.60093625e-03   0.0000
 -2.23739088e-01   0.0000
 -1.72250718e-02   0.0000
 -7.86390677e-02   0.0000
 -2.96707936e-02   0.0000
 -4.45956877e-03   0.0000
 -1.74343772e-02   0.0000
  9.25455475e-04   0.0000
 -2.00273050e-03   0.0000
  1.29820272e-01   0.0000
  6.25970662e-02   0.0000
  3.47560197e-02   0.0000
  1.97772205e-01   0.0000
 -2.86530349e-02   0.0000
  6.05909340e-03   0.0000
 -1.88031569e-01   0.0000
 -6.75776228e-03   0.0000
  1.80800050e-01   0.0000
  2.66936626e-02   0.0000
 -1.43718153e-01   0.0000
 -1.64637387e-01   0.0000
  2.09773585e-01   0.0000
  1.64239705e-01   0.0000
  1.19102627e-01   0.0000
  4.30366956e-02   0.0000
  3.71509194e-02   0.0000
 -1.40511589e-02   0.0000
  2.21535295e-01   0.0000
 -1.51221722e-01   0.0000
 -5.50489465e-04   0.0000
  9.49769467e-02   0.0000
  1.02596089e-01   0.0000
  6.46020286e-03   0.0000
  2.40779534e-01   0.0000
  5.04838973e-02   0.0000
  1.72365785e-01   0.0000
  9.32917669e-02   0.0000
 -1.11430604e-03   0.0000
  3.23635153e-03   0.0000
 -3.16315424e-03   0.0000
 -4.48778505e-03   0.0000
 -8.13362300e-02   0.0000
 -6.83071762e-02   0.0000
 -7.46137500e-02   0.0000
 -2.75869846e-01   0.0000
  1.35861099e-01   0.0000
 -3.54681537e-02   0.0000
  1.70058563e-01   0.0000
 -4.14393377e-03   0.0000
  2.16610655e-01   0.0000
  2.96131931e-02   0.0000
 -3.87000516e-02   0.0000
  3.47617851e-03   0.0000
  1.67761356e-01   0.0000
  4.65670340e-02   0.0000
  3.86659540e-02   0.0000
  1.06970586e-01   0.0000
  4.51748222e-02   0.0000
 -5.39302453e-03   0.0000
  3.35524470e-01   0.0000
 -6.40501752e-02   0.0000
 -1.71444612e-03   0.0000
  2.20377892e-01   0.0000
  2.42008902e-02   0.0000
  2.88376603e-02   0.0000
  6.86889887e-02   0.0000
  7.52849330e-04   0.0000
  8.74056444e-02   0.0000
  3.27079631e-02   0.0000
  5.55362785e-04   0.0000
  4.75969369e-04   0.0000
 -3.92972695e-04   0.0000
 -3.40831163e-03   0.0000
 -1.20909184e-01   0.0000
  2.87886411e-02   0.0000
 -3.51082049e-02   0.0000
 -1.75002590e-01   0.0000
  3.19590159e-02   0.0000
 -3.97280697e-03   0.0000
  1.34392753e-01   0.0000
 -1.41263574e-01   0.0000
  1.57331288e+00   0.0000
  6.55361563e-02   0.0000
 -1.24814905e-01   0.0000
 -5.83901167e-01   0.0000
  2.15194985e-01   0.0000
  2.57976539e-02   0.0000
  2.19972610e-01   0.0000
  9.74878728e-01   0.0000
  1.91695139e-01   0.0000
 -1.06206752e-01   0.0000
  8.72926593e-01   0.0000
  6.76244777e-03   0.0000
 -1.58018409e-03   0.0000
  3.73603672e-01   0.0000
  8.84848237e-02   0.0000
  1.53177202e-01   0.0000
  6.22310698e-01   0.0000
  4.62915897e-01   0.0000
  3.13878030e-01   0.0000
  1.81388691e-01   0.0000
 -1.88031909e-03   0.0000
  2.43532229e-02   0.0000
 -1.17887920e-02   0.0000
 -3.72555968e-03   0.0000
 -1.06336281e-03   0.0000
 -8.50420237e-01   0.0000
 -2.08420940e-02   0.0000
 -2.47365773e-01   0.0000
  6.31459570e-03   0.0000
 -9.25421938e-02   0.0000
  1.66984857e-04   0.0000
  3.99496481e-02   0.0000
  1.63004255e+00   0.0000
  6.94021434e-02   0.0000
 -2.62150466e-01   0.0000
 -1.69290408e-01   0.0000
  2.08882761e+00   0.0000
  5.02545118e-01   0.0000
  1.65521848e+00   0.0000
  1.34955072e+00   0.0000
  1.22901149e-01   0.0000
 -5.96948378e-02   0.0000
  2.97279882e+00   0.0000
 -4.10798609e-01   0.0000
  4.69682360e-04   0.0000
  1.03713346e+00   0.0000
  7.22758397e-02   0.0000
  2.44301464e-02   0.0000
  1.50236833e+00   0.0000
  1.14660516e-01   0.0000
  9.52735901e-01   0.0000
  2.03098699e-01   0.0000
  2.33540335e-03   0.0000
 -1.44509196e-01   0.0000
 -2.64987517e-02   0.0000
 -1.55691087e-01   0.0000
 -4.95985180e-01   0.0000
 -1.26919270e-01   0.0000
 -3.79414022e-01   0.0000
 -1.45060909e+00   0.0000
  2.65795857e-01   0.0000
 -5.85364699e-02   0.0000
  5.49217224e-01   0.0000
  9.42839086e-02   0.0000
 -2.00257059e-02   0.0000
 -3.12102754e-02   0.0000
  7.00900182e-02   0.0000
  5.30151799e-02   0.0000
 -1.28630519e-01   0.0000
 -7.16280490e-02   0.0000
 -4.12881821e-02   0.0000
 -3.92088853e-02   0.0000
 -1.53631508e-01   0.0000
  1.65593714e-01   0.0000
 -2.20105618e-01   0.0000
  9.69458744e-02   0.0000
 -1.37926778e-04   0.0000
 -5.92850447e-02   0.0000
 -1.98585615e-02   0.0000
 -1.69452354e-01   0.0000
 -5.46189472e-02   0.0000
 -1.92918360e-01   0.0000
 -7.85038844e-02   0.0000
 -6.62336275e-02   0.0000
 -1.37823098e-03   0.0000
 -9.37927573e-04   0.0000
  2.39475374e-03   0.0000
  2.74617923e-03   0.0000
  5.10811731e-02   0.0000
  8.32256004e-02   0.0000
  5.43517098e-02   0.0000
  1.16845138e-01   0.0000
 -3.93403098e-02   0.0000
  1.09138596e-03   0.0000
 -7.25038201e-02   0.0000
 -3.86080928e-02   0.0000
  1.85644197e+00   0.0000
  6.25565201e-02   0.0000
 -3.61890554e-01   0.0000
 -2.45033130e-01   0.0000
  2.82641792e+00   0.0000
  4.00923461e-01   0.0000
  2.15653753e+00   0.0000
  1.29740059e+00   0.0000
  9.92702916e-02   0.0000
 -3.93845476e-02   0.0000
  4.11858892e+00   0.0000
 -3.23597103e-01   0.0000
 -8.35230853e-03   0.0000
  8.85558546e-01   0.0000
  6.85137734e-02   0.0000
  1.43605806e-02   0.0000
  1.57886553e+00   0.0000
  7.54953772e-02   0.0000
  9.51547384e-01   0.0000
  1.58142641e-01   0.0000
 -1.62461583e-04   0.0000
  2.07274631e-02   0.0000
 -8.49575642e-03   0.0000
 -1.97867192e-02   0.0000
 -4.58021849e-01   0.0000
 -2.33355656e-01   0.0000
 -3.59030426e-01   0.0000
 -1.85843825e+00   0.0000
  2.16064543e-01   0.0000
  4.98086261e-03   0.0000
  5.72142541e-01   0.0000
  2.77062948e-03   0.0000
  1.96250994e-02   0.0000
 -1.48723954e-02   0.0000
  1.00641614e-02   0.0000
  8.79730331e-04   0.0000
 -1.30871505e-01   0.0000
 -2.16183309e-02   0.0000
 -9.81481653e-03   0.0000
 -2.89756339e-03   0.0000
 -7.37368269e-03   0.0000
  3.14085446e-02   0.0000
 -1.93826035e-01   0.0000
  2.64561661e-02   0.0000
  7.28621671e-04   0.0000
 -5.61294258e-02   0.0000
 -1.13435881e-02   0.0000
 -1.91256509e-03   0.0000
 -4.34870422e-02   0.0000
  1.60881574e-03   0.0000
 -4.98788357e-02   0.0000
 -2.51569003e-02   0.0000
  2.86366208e-04   0.0000
 -1.51189452e-03   0.0000
  2.18104513e-04   0.0000
  3.30710458e-03   0.0000
  4.56504896e-02   0.0000
 -2.60185031e-03   0.0000
  5.87120242e-02   0.0000
  8.75739455e-02   0.0000
 -1.68647580e-02   0.0000
  1.24348924e-02   0.0000
 -6.44238964e-02   0.0000
  5.60771115e-03   0.0000
 -1.29921782e+00   0.0000
 -6.87160939e-02   0.0000
  3.31865400e-01   0.0000
 -3.87595780e-02   0.0000
 -1.34419933e-01   0.0000
 -4.58454490e-01   0.0000
 -3.06308478e-01   0.0000
 -1.18040299e+00   0.0000
 -6.13986515e-02   0.0000
 -1.36690866e-02   0.0000
 -1.33527488e-01   0.0000
  4.33525920e-01   0.0000
 -2.90640863e-03   0.0000
 -7.76275814e-01   0.0000
 -6.28666356e-02   0.0000
 -3.25275958e-02   0.0000
 -7.72060156e-01   0.0000
  2.76062246e-02   0.0000
 -6.18417501e-01   0.0000
 -1.63731441e-01   0.0000
 -1.06029620e-05   0.0000
  9.06049740e-03   0.0000
 -5.66079216e-05   0.0000
  2.59173065e-02   0.0000
  3.39023948e-01   0.0000
 -1.30614668e-01   0.0000
  2.72796154e-01   0.0000
  2.37643018e-01   0.0000
 -2.53020465e-01   0.0000
 -1.70250051e-02   0.0000
 -5.94121754e-01   0.0000
  1.55254733e-02   0.0000
 -6.74806386e-02   0.0000
 -1.66059621e-02   0.0000
  2.61472911e-02   0.0000
  5.77332266e-02   0.0000
 -1.99924529e-01   0.0000
 -1.90222636e-02   0.0000
 -2.68979091e-02   0.0000
 -5.77853657e-02   0.0000
 -9.91596580e-02   0.0000
  2.24028784e-03   0.0000
 -1.91439882e-01   0.0000
  5.97012825e-02   0.0000
  1.16449199e-03   0.0000
 -1.82740703e-01   0.0000
 -1.90935563e-02   0.0000
 -5.96154574e-03   0.0000
 -6.17885254e-02   0.0000
 -2.14979425e-02   0.0000
 -8.16425234e-02   0.0000
 -4.13890230e-03   0.0000
  2.50094337e-04   0.0000
 -8.65685288e-03   0.0000
 -9.88146523e-04   0.0000
  1.23467052e-03   0.0000
  1.51210308e-01   0.0000
 -9.11544636e-03   0.0000
  4.39758040e-02   0.0000
  3.22781324e-01   0.0000
 -5.72603792e-02   0.0000
  1.68906385e-03   0.0000
 -1.25471354e-01   0.0000
  1.10164396e-01   0.0000
  5.52473724e-01   0.0000
 -4.44754250e-02   0.0000
  1.15601040e-01   0.0000
  2.42966846e-01   0.0000
  1.01832211e+00   0.0000
 -8.90500546e-02   0.0000
  3.47723067e-01   0.0000
  2.12164208e-01   0.0000
 -1.06899038e-01   0.0000
  1.17862098e-01   0.0000
  2.11269331e+00   0.0000
  8.50379840e-02   0.0000
 -1.45005248e-03   0.0000
  6.38048649e-02   0.0000
 -3.42162997e-02   0.0000
 -2.68721450e-02   0.0000
  4.60472226e-01   0.0000
 -8.62094313e-02   0.0000
  4.67510261e-02   0.0000
 -1.29909486e-01   0.0000
  3.40091065e-03   0.0000
 -4.76606973e-02   0.0000
  3.54164443e-03   0.0000
 -1.11682629e-02   0.0000
  9.82992500e-02   0.0000
  3.57446671e-01   0.0000
  8.66274536e-02   0.0000
 -2.37632856e-01   0.0000
 -6.87020645e-02   0.0000
  1.57180652e-01   0.0000
 -1.36768460e-01   0.0000
 -9.09157936e-03   0.0000
  1.81363210e-01   0.0000
  8.98827240e-02   0.0000
 -1.36520222e-01   0.0000
 -1.03877947e-01   0.0000
  2.21310973e-01   0.0000
  4.01271880e-02   0.0000
  5.11134192e-02   0.0000
  1.72493994e-01   0.0000
  1.31131962e-01   0.0000
 -6.19371096e-03   0.0000
  2.39357635e-01   0.0000
 -2.70589013e-02   0.0000
 -7.74822198e-04   0.0000
  1.27457902e-01   0.0000
  5.76507263e-02   0.0000
  9.38198343e-03   0.0000
  1.17684610e-01   0.0000
  6.26167580e-02   0.0000
  1.00068562e-01   0.0000
  1.25673274e-02   0.0000
  4.14916500e-03   0.0000
  3.18175502e-04   0.0000
 -8.01464263e-03   0.0000
 -1.09809861e-02   0.0000
 -8.15712586e-02   0.0000
 -1.21832259e-01   0.0000
 -3.58874835e-02   0.0000
 -2.07526356e-01   0.0000
  4.00103033e-02   0.0000
 -8.47685151e-03   0.0000
  7.39648715e-02   0.0000
 -4.19641472e-02   0.0000
 -4.48361754e-01   0.0000
  3.04092444e-03   0.0000
  5.66491894e-02   0.0000
 -1.52924731e-02   0.0000
 -4.37781304e-01   0.0000
 -8.38102847e-02   0.0000
 -4.35712337e-01   0.0000
 -4.21017408e-01   0.0000
  1.33599550e-03   0.0000
 -2.41581425e-02   0.0000
 -4.22010332e-01   0.0000
  3.20388079e-02   0.0000
 -4.87782701e-04   0.0000
 -3.11304927e-01   0.0000
 -5.74703934e-03   0.0000
  2.54763523e-03   0.0000
 -4.49143350e-01   0.0000
 -1.29585518e-02   0.0000
 -2.75994658e-01   0.0000
  1.73077302e-03   0.0000
  2.31446000e-03   0.0000
  5.81494346e-02   0.0000
 -9.72435373e-05   0.0000
  2.01638555e-03   0.0000
  5.23720570e-02   0.0000
  5.80103472e-02   0.0000
  6.47469098e-03   0.0000
  4.36102182e-01   0.0000
  8.29551602e-04   0.0000
 -1.10693360e-02   0.0000
 -7.60482401e-02   0.0000
  1.17303498e-01   0.0000
  6.78928256e-01   0.0000
 -7.89345577e-02   0.0000
  6.29041046e-02   0.0000
  1.65616632e-01   0.0000
  3.76127839e-01   0.0000
 -1.62221212e-02   0.0000
  5.65099001e-01   0.0000
  4.54786479e-01   0.0000
 -7.54392892e-02   0.0000
  9.78967175e-02   0.0000
  6.23076558e-01   0.0000
 -1.10026812e-02   0.0000
  2.27193744e-03   0.0000
  2.70387530e-01   0.0000
 -4.77123819e-02   0.0000
 -1.41807020e-01   0.0000
  1.71358943e-01   0.0000
 -5.18100560e-02   0.0000
  3.03548872e-01   0.0000
 -8.65461975e-02   0.0000
 -1.05054083e-03   0.0000
 -1.00365013e-01   0.0000
  3.74768657e-04   0.0000
  6.45260559e-04   0.0000
  2.17141714e-02   0.0000
  1.33108929e-01   0.0000
  1.33045083e-02   0.0000
 -2.63057500e-01   0.0000
 -6.50649443e-02   0.0000
 -6.39807107e-03   0.0000
 -1.74926743e-02   0.0000
  2.24166200e-03   0.0000
  6.34210467e-01   0.0000
 -8.68638977e-03   0.0000
 -5.19560575e-02   0.0000
 -2.08783582e-01   0.0000
  5.80414057e-01   0.0000
  7.27494359e-02   0.0000
  7.29394197e-01   0.0000
  5.08681834e-01   0.0000
 -2.15772586e-03   0.0000
  1.41946636e-02   0.0000
  9.78709400e-01   0.0000
  2.04738881e-02   0.0000
  3.10645519e-05   0.0000
  2.18899012e-01   0.0000
 -3.47876288e-02   0.0000
 -6.08909838e-02   0.0000
  5.87715387e-01   0.0000
 -5.69880642e-02   0.0000
  1.89536601e-01   0.0000
  7.01611256e-03   0.0000
  7.56814750e-03   0.0000
  6.63299998e-03   0.0000
 -1.45677442e-03   0.0000
  2.33471656e-04   0.0000
 -8.49881545e-02   0.0000
 -1.62134036e-01   0.0000
 -6.44958988e-02   0.0000
 -6.21762395e-01   0.0000
  6.07876070e-02   0.0000
  2.46546566e-02   0.0000
  7.84192756e-02   0.0000
  7.92151093e-02   0.0000
  3.40567112e-01   0.0000
 -1.45536009e-02   0.0000
  7.81833834e-04   0.0000
 -3.73216346e-03   0.0000
  6.84714615e-01   0.0000
  1.88771747e-02   0.0000
  5.74485123e-01   0.0000
  2.08247885e-01   0.0000
  3.79146379e-03   0.0000
  9.51374695e-02   0.0000
  1.20247960e+00   0.0000
 -1.68811977e-02   0.0000
  1.25355246e-02   0.0000
  2.03629553e-01   0.0000
 -3.67661305e-02   0.0000
  7.45483115e-03   0.0000
  4.26615179e-01   0.0000
  2.05335375e-02   0.0000
  2.69708991e-01   0.0000
 -4.25988398e-02   0.0000
 -3.11514246e-03   0.0000
 -1.05339568e-02   0.0000
  8.00503651e-04   0.0000
  3.09807458e-03   0.0000
 -1.28913177e-02   0.0000
 -1.37603313e-01   0.0000
 -3.71967331e-02   0.0000
 -3.93801033e-01   0.0000
  4.62963544e-02   0.0000
 -5.75097604e-03   0.0000
  9.97279212e-02   0.0000
  1.79324999e-01   0.0000
 -1.31237311e-02   0.0000
 -4.52147238e-02   0.0000
  2.05878988e-02   0.0000
  1.82401791e-01   0.0000
 -1.08180732e-01   0.0000
 -5.66729717e-02   0.0000
 -6.21381262e-03   0.0000
  1.49605712e-02   0.0000
 -1.12546854e-01   0.0000
  1.65063903e-01   0.0000
 -2.05855712e-01   0.0000
  3.32791135e-02   0.0000
  2.84857652e-03   0.0000
 -3.86681817e-02   0.0000
 -9.58998129e-03   0.0000
 -1.19306929e-01   0.0000
 -7.89965019e-02   0.0000
 -1.52927130e-01   0.0000
 -6.76507354e-02   0.0000
 -1.12826131e-01   0.0000
 -4.10715491e-03   0.0000
 -1.79863684e-02   0.0000
  3.38629849e-04   0.0000
 -3.35187615e-05   0.0000
  5.83445467e-02   0.0000
 -2.78999272e-04   0.0000
  3.46264057e-02   0.0000
  6.78130835e-02   0.0000
 -2.00195741e-02   0.0000
  4.51793745e-02   0.0000
 -2.77917106e-02   0.0000
  4.39276686e-03   0.0000
 -5.06684422e-01   0.0000
 -1.56772416e-02   0.0000
  1.30322054e-01   0.0000
  1.65013280e-02   0.0000
 -1.42939523e-01   0.0000
 -1.22103840e-01   0.0000
 -2.06462637e-01   0.0000
 -3.00526172e-01   0.0000
 -4.35623247e-03   0.0000
 -1.79042500e-02   0.0000
 -3.33099179e-02   0.0000
  1.16430707e-01   0.0000
 -2.31704116e-03   0.0000
 -2.32028261e-01   0.0000
  6.98681735e-03   0.0000
 -3.51165049e-03   0.0000
 -2.32831314e-01   0.0000
 -7.43674487e-03   0.0000
 -3.15018088e-01   0.0000
 -5.26380725e-02   0.0000
 -1.13587407e-02   0.0000
  1.13275247e-02   0.0000
 -4.16069012e-03   0.0000
 -2.75483530e-04   0.0000
  9.09801200e-02   0.0000
  2.18595248e-02   0.0000
  9.70849022e-02   0.0000
  2.65904009e-01   0.0000
 -3.46085615e-02   0.0000
 -2.25543827e-02   0.0000
 -1.65398747e-01   0.0000
  3.59021313e-02   0.0000
  1.27258945e+00   0.0000
  9.87898260e-02   0.0000
 -2.76581615e-01   0.0000
 -2.47998193e-01   0.0000
  7.37392783e-01   0.0000
  3.76249105e-01   0.0000
  5.80921412e-01   0.0000
  1.00008881e+00   0.0000
  1.47004530e-01   0.0000
  4.32551280e-03   0.0000
  9.16675389e-01   0.0000
 -2.56071180e-01   0.0000
 -1.14923995e-02   0.0000
  7.36140370e-01   0.0000
  8.41600671e-02   0.0000
  4.38710228e-02   0.0000
  7.42465913e-01   0.0000
  1.59840390e-01   0.0000
  6.15097165e-01   0.0000
  2.10721090e-01   0.0000
  6.23357017e-03   0.0000
 -8.38667911e-04   0.0000
 -7.71285326e-04   0.0000
 -6.23024851e-02   0.0000
 -2.69671291e-01   0.0000
 -3.41862440e-01   0.0000
 -2.08580866e-01   0.0000
 -6.29095316e-01   0.0000
  1.62867233e-01   0.0000
 -6.46773949e-02   0.0000
  4.00496095e-01   0.0000
  6.54816022e-03   0.0000
 -1.86116308e-01   0.0000
 -4.30584811e-02   0.0000
  4.96325493e-02   0.0000
  1.36231855e-01   0.0000
 -2.71920413e-01   0.0000
 -4.37437519e-02   0.0000
 -6.20609336e-02   0.0000
 -2.35205442e-01   0.0000
 -3.41673195e-03   0.0000
  6.30460819e-03   0.0000
 -3.15057188e-01   0.0000
  2.76507940e-02   0.0000
  1.43663085e-03   0.0000
 -9.29908305e-02   0.0000
 -3.74216260e-03   0.0000
 -1.48971435e-02   0.0000
 -2.46864468e-01   0.0000
 -1.56587013e-03   0.0000
 -1.16919830e-01   0.0000
 -5.38060777e-02   0.0000
 -8.23991781e-04   0.0000
 -2.21136231e-02   0.0000
 -9.94859030e-04   0.0000
  6.01861393e-04   0.0000
  1.82018042e-01   0.0000
  6.08782135e-02   0.0000
  4.32457365e-02   0.0000
  1.97315142e-01   0.0000
 -6.33338541e-02   0.0000
  6.02994300e-03   0.0000
 -9.96113569e-02   0.0000
  3.18607129e-02   0.0000
  3.21321249e-01   0.0000
 -4.53541949e-02   0.0000
  2.09411960e-02   0.0000
  9.63866860e-02   0.0000
  3.36036652e-01   0.0000
 -2.85229068e-02   0.0000
  9.66677070e-02   0.0000
  1.84905887e-01   0.0000
 -6.39380589e-02   0.0000
  1.99080836e-02   0.0000
  1.02313173e+00   0.0000
  5.08910865e-02   0.0000
  7.16166478e-03   0.0000
  9.91346464e-02   0.0000
 -3.73293757e-02   0.0000
 -4.47693542e-02   0.0000
  1.71258271e-01   0.0000
 -3.93060558e-02   0.0000
 -1.63144863e-03   0.0000
 -4.61690240e-02   0.0000
  3.61161400e-03   0.0000
 -7.92571623e-03   0.0000
 -6.83422491e-04   0.0000
  3.35009140e-03   0.0000
  3.98443080e-02   0.0000
  1.24570780e-01   0.0000
  4.98786122e-02   0.0000
 -2.42871448e-01   0.0000
 -5.39734177e-02   0.0000
  3.08701135e-02   0.0000
  1.28508657e-02   0.0000
  1.81111395e-01   0.0000
  7.44961016e-03   0.0000
 -1.03355289e-01   0.0000
  9.63989124e-02   0.0000
  6.46052789e-03   0.0000
 -1.24965243e-01   0.0000
 -3.45671847e-02   0.0000
 -6.45883288e-03   0.0000
  7.95838641e-05   0.0000
 -7.00728819e-02   0.0000
  6.69609709e-03   0.0000
 -2.28662506e-01   0.0000
  2.58159302e-02   0.0000
  3.87070235e-03   0.0000
 -3.34471725e-02   0.0000
 -5.12901209e-02   0.0000
 -2.81410832e-02   0.0000
 -5.45131303e-02   0.0000
 -1.86531186e-01   0.0000
 -9.92775336e-02   0.0000
 -8.08979571e-02   0.0000
 -3.49139050e-03   0.0000
 -7.49291256e-02   0.0000
  3.35654803e-03   0.0000
  3.61637591e-04   0.0000
  4.82538156e-02   0.0000
  1.59470305e-01   0.0000
  3.21656726e-02   0.0000
  1.21341065e-01   0.0000
 -1.01325125e-01   0.0000
  1.01280212e-01   0.0000
 -5.30607663e-02   0.0000
  1.84991641e-03   0.0000
  5.14409661e-01   0.0000
  2.60168267e-03   0.0000
 -9.01482850e-02   0.0000
 -1.27507478e-01   0.0000
  3.75398308e-01   0.0000
  5.61580993e-02   0.0000
  2.25095376e-01   0.0000
  4.29417878e-01   0.0000
  3.43300812e-02   0.0000
  5.91036826e-02   0.0000
  6.05225742e-01   0.0000
 -1.82375535e-02   0.0000
 -4.21307888e-03   0.0000
  3.39579523e-01   0.0000
  2.94911466e-03   0.0000
  1.78682543e-02   0.0000
  3.55046183e-01   0.0000
  6.03204183e-02   0.0000
  2.25395575e-01   0.0000
  3.35273445e-02   0.0000
 -4.44671651e-03   0.0000
  5.56082511e-03   0.0000
  7.05663988e-04   0.0000
  2.67198333e-03   0.0000
 -3.02412491e-02   0.0000
 -1.42518699e-01   0.0000
 -6.98777847e-03   0.0000
 -3.60366374e-01   0.0000
 -4.20305552e-03   0.0000
 -6.68123737e-03   0.0000
  1.28731564e-01   0.0000
 -2.25695729e-01   0.0000
  4.00526196e-01   0.0000
  1.37479976e-01   0.0000
 -3.82723570e-01   0.0000
 -3.90752882e-01   0.0000
  7.94032514e-02   0.0000
  3.33964556e-01   0.0000
 -1.62449121e-01   0.0000
  3.47748309e-01   0.0000
  2.42745504e-01   0.0000
 -6.81741312e-02   0.0000
  3.28237057e-01   0.0000
 -2.54090995e-01   0.0000
 -2.35266648e-02   0.0000
  3.21792990e-01   0.0000
  1.09960869e-01   0.0000
  2.70135701e-01   0.0000
  1.46766812e-01   0.0000
  2.62113273e-01   0.0000
  2.20420375e-01   0.0000
  3.43514740e-01   0.0000
 -7.52653461e-04   0.0000
  3.00738607e-02   0.0000
 -7.47811841e-03   0.0000
 -6.72643480e-04   0.0000
 -2.53987491e-01   0.0000
 -5.65103531e-01   0.0000
 -2.01306596e-01   0.0000
 -4.56050821e-02   0.0000
  1.73882678e-01   0.0000
 -1.75376609e-01   0.0000
  3.48082334e-01   0.0000
  1.05297950e-03   0.0000
  2.97115952e-01   0.0000
 -4.03650776e-02   0.0000
  1.32097915e-01   0.0000
  8.26943070e-02   0.0000
  6.76192939e-01   0.0000
 -1.78558871e-01   0.0000
  5.61334372e-01   0.0000
  1.29525706e-01   0.0000
 -2.06708517e-02   0.0000
 -1.63775333e-03   0.0000
  1.13233435e+00   0.0000
  1.28279746e-01   0.0000
 -4.49142046e-03   0.0000
 -3.41209359e-02   0.0000
 -3.59673686e-02   0.0000
 -9.74078849e-03   0.0000
  1.70156926e-01   0.0000
 -2.77762098e-04   0.0000
 -8.68314430e-02   0.0000
 -6.98880479e-02   0.0000
 -4.81047109e-03   0.0000
 -2.84973066e-02   0.0000
 -9.07529437e-04   0.0000
 -7.37586699e-04   0.0000
  9.42505151e-02   0.0000
  3.28164771e-02   0.0000
  9.36591849e-02   0.0000
 -5.31019509e-01   0.0000
 -8.18964839e-02   0.0000
  3.19495052e-03   0.0000
 -1.91545561e-01   0.0000
 -4.38509226e-01   0.0000
  4.23103243e-01   0.0000
  4.56830144e-01   0.0000
 -3.84007543e-01   0.0000
 -4.71302480e-01   0.0000
  8.07262599e-01   0.0000
  4.53357995e-01   0.0000
  3.62302899e-01   0.0000
  3.39151770e-01   0.0000
  4.48310882e-01   0.0000
 -5.12261391e-01   0.0000
  8.18633318e-01   0.0000
 -3.00991327e-01   0.0000
 -5.30005293e-03   0.0000
  2.98658937e-01   0.0000
  3.58453333e-01   0.0000
  4.23533499e-01   0.0000
  3.79854649e-01   0.0000
  5.81253588e-01   0.0000
  4.24866527e-01   0.0000
  4.31486726e-01   0.0000
  5.74905484e-04   0.0000
  4.29485530e-01   0.0000
 -1.07173920e-01   0.0000
  4.24692892e-02   0.0000
 -1.96016043e-01   0.0000
 -6.13924801e-01   0.0000
 -3.53585809e-01   0.0000
 -2.75447279e-01   0.0000
  2.84844637e-01   0.0000
 -4.95664060e-01   0.0000
  4.05589134e-01   0.0000
 -6.04566693e-01   0.0000
  3.56265378e+00   0.0000
  7.36464441e-01   0.0000
 -1.41183805e+00   0.0000
 -1.60640788e+00   0.0000
  3.91784143e+00   0.0000
  1.48476708e+00   0.0000
  3.24048710e+00   0.0000
  2.80960965e+00   0.0000
  1.09701216e+00   0.0000
 -5.17128885e-01   0.0000
  5.38867950e+00   0.0000
 -1.22788799e+00   0.0000
 -6.07804954e-02   0.0000
  2.19408441e+00   0.0000
  7.11227596e-01   0.0000
  6.62275672e-01   0.0000
  2.89218736e+00   0.0000
  1.15125680e+00   0.0000
  2.12645888e+00   0.0000
  1.24588871e+00   0.0000
 -7.10895807e-02   0.0000
  2.56158054e-01   0.0000
 -4.62200865e-02   0.0000
 -2.09540818e-02   0.0000
 -1.18913352e+00   0.0000
 -1.94051778e+00   0.0000
 -9.80659306e-01   0.0000
 -2.95756102e+00   0.0000
  8.93135905e-01   0.0000
 -5.48006535e-01   0.0000
  1.59754097e+00   0.0000
  0.00000000e+00   0.0000

