 5 0.000000 1
 1 
 Si 28.085500
 0 0.250001 4.500000 0.978124 1.000000 
 4 0 1 2 3
 8 2.00000 2.20000 2.40000 2.60000 2.80000 3.00000 3.25000 3.50000
 1 12.169200 6.172630 3.114710 0.755675 0.404939 0.036124 0.650018 0.572890
 4 32 32 32 1
 -1.76736176e-01   0.0000
 -4.73709442e-02   0.0000
 -1.26721263e+00   0.0000
 -5.10575017e-03   0.0000
 -1.25390017e+00   0.0000
  1.96102560e-01   0.0000
  4.29794900e-02   0.0000
 -7.15213944e-04   0.0000
  8.76029283e-02   0.0000
 -4.79281228e-03   0.0000
 -1.11906230e+00   0.0000
  2.13697815e+00   0.0000
  6.33608084e-04   0.0000
  4.68971193e-01   0.0000
 -1.50489789e-02   0.0000
 -1.44215405e+00   0.0000
  1.89420637e-02   0.0000
 -2.20483206e-02   0.0000
  1.12346746e-02   0.0000
  1.70873597e-01   0.0000
 -1.35691071e+00   0.0000
  2.04623103e+00   0.0000
  4.93740857e-01   0.0000
  1.62097067e-02   0.0000
  4.96080071e-01   0.0000
 -1.02292955e+00   0.0000
  6.05672691e-03   0.0000
  6.77948713e-01   0.0000
  9.14137289e-02   0.0000
 -2.68532664e-01   0.0000
 -1.06439137e+00   0.0000
  2.62578458e-01   0.0000
  1.21251985e-01   0.0000
 -5.98717332e-02   0.0000
 -4.44549114e-01   0.0000
 -5.31879021e-03   0.0000
 -9.13769528e-02   0.0000
  1.95023969e-01   0.0000
  3.80016379e-02   0.0000
 -7.14333132e-02   0.0000
  1.08473621e-01   0.0000
  1.58812720e-02   0.0000
 -9.05666292e-01   0.0000
  1.16547501e+00   0.0000
 -1.58152003e-02   0.0000
 -4.14437920e-01   0.0000
 -7.37300143e-02   0.0000
  2.80296445e-01   0.0000
 -2.54872488e-03   0.0000
 -2.50099868e-01   0.0000
  1.62056625e-01   0.0000
  4.34683524e-02   0.0000
 -1.10749352e+00   0.0000
  1.40544331e+00   0.0000
 -9.47453780e-04   0.0000
 -8.71541793e-04   0.0000
  4.09459502e-01   0.0000
 -8.79666209e-01   0.0000
 -8.92470330e-02   0.0000
  4.37853038e-01   0.0000
  8.94699842e-02   0.0000
 -5.37917316e-01   0.0000
 -4.48168993e-01   0.0000
 -3.09352845e-01   0.0000
 -2.56191909e-01   0.0000
 -1.87087301e-02   0.0000
 -4.04590338e-01   0.0000
  2.30704360e-02   0.0000
  4.39361870e-01   0.0000
  2.34532624e-01   0.0000
  4.12243269e-02   0.0000
 -9.31294635e-02   0.0000
  7.27041215e-02   0.0000
  2.05739975e-01   0.0000
 -5.40618598e-01   0.0000
  3.26730996e-01   0.0000
 -1.61747113e-01   0.0000
 -5.28560221e-01   0.0000
 -8.43376443e-02   0.0000
  7.39231348e-01   0.0000
 -4.62088967e-03   0.0000
 -5.05862713e-01   0.0000
  1.54147089e-01   0.0000
 -1.62625611e-02   0.0000
 -7.42811739e-01   0.0000
  1.06923401e+00   0.0000
 -3.50046217e-01   0.0000
 -1.68987606e-02   0.0000
  1.92979053e-01   0.0000
 -5.85179448e-01   0.0000
 -5.82446456e-02   0.0000
  3.14464837e-01   0.0000
  1.92495957e-02   0.0000
 -6.79688215e-01   0.0000
  7.30851889e-02   0.0000
 -6.96105242e-01   0.0000
 -5.62794149e-01   0.0000
  4.52541746e-02   0.0000
 -4.32080328e-01   0.0000
  2.73489784e-02   0.0000
  7.44418502e-01   0.0000
  1.82362080e-01   0.0000
  1.11759804e-01   0.0000
 -1.65199205e-01   0.0000
  1.35368705e-01   0.0000
  2.08590731e-01   0.0000
 -3.46357554e-01   0.0000
 -1.76642716e-01   0.0000
 -1.23595692e-01   0.0000
 -5.00629783e-01   0.0000
 -1.80119157e-01   0.0000
  6.06238902e-01   0.0000
 -1.41466141e-01   0.0000
 -7.21026599e-01   0.0000
  2.59449840e-01   0.0000
 -1.34478986e-01   0.0000
 -3.19538891e-01   0.0000
  8.43182087e-01   0.0000
 -5.38129270e-01   0.0000
 -1.45076647e-01   0.0000
  4.29611690e-02   0.0000
 -1.72611028e-01   0.0000
 -6.03195019e-02   0.0000
  2.32083097e-01   0.0000
 -1.93971489e-02   0.0000
 -8.33390534e-01   0.0000
  2.72948831e-01   0.0000
 -8.40699315e-01   0.0000
 -4.94528592e-01   0.0000
  8.88434872e-02   0.0000
 -3.68066907e-01   0.0000
  2.11860344e-01   0.0000
  9.64597046e-01   0.0000
  1.48803800e-01   0.0000
  3.54155041e-02   0.0000
 -2.51200587e-01   0.0000
  3.17880154e-01   0.0000
  2.05701590e-01   0.0000
 -2.66445011e-01   0.0000
 -5.79480410e-01   0.0000
 -1.55062422e-01   0.0000
 -2.24208057e-01   0.0000
 -2.29732886e-01   0.0000
  5.21332264e-01   0.0000
 -1.40072629e-01   0.0000
 -7.46347249e-01   0.0000
  1.70101076e-01   0.0000
 -1.02426566e-01   0.0000
 -1.65674001e-01   0.0000
  5.13158917e-01   0.0000
 -6.09721601e-01   0.0000
 -1.90122217e-01   0.0000
 -9.63760391e-02   0.0000
 -1.10116005e-01   0.0000
 -2.96910495e-01   0.0000
  8.18814933e-02   0.0000
 -1.10672161e-01   0.0000
 -9.49762762e-01   0.0000
  5.09375632e-01   0.0000
 -9.12298203e-01   0.0000
 -1.93649471e-01   0.0000
  1.99176833e-01   0.0000
 -4.65581864e-01   0.0000
  2.21052855e-01   0.0000
  9.80300248e-01   0.0000
  3.59500311e-02   0.0000
  1.28055304e-01   0.0000
 -1.79075107e-01   0.0000
  2.82673568e-01   0.0000
  2.76434124e-01   0.0000
 -3.44279766e-01   0.0000
 -1.03701317e+00   0.0000
 -2.42341861e-01   0.0000
  1.89287305e-01   0.0000
 -2.87493914e-01   0.0000
  3.90164137e-01   0.0000
 -3.18312168e-01   0.0000
 -8.64363194e-01   0.0000
  2.69079715e-01   0.0000
 -1.30791873e-01   0.0000
 -1.40875876e-01   0.0000
  6.99068159e-02   0.0000
 -9.35921013e-01   0.0000
 -2.34958336e-01   0.0000
 -1.15343571e-01   0.0000
 -1.05762802e-01   0.0000
 -2.71160185e-01   0.0000
 -3.54487933e-02   0.0000
 -1.45319209e-01   0.0000
 -1.01469350e+00   0.0000
  3.88181657e-01   0.0000
 -9.43542421e-01   0.0000
  3.51994693e-01   0.0000
  2.34971017e-01   0.0000
 -2.55442441e-01   0.0000
  2.22002149e-01   0.0000
  8.82928669e-01   0.0000
 -1.34757739e-02   0.0000
  1.80733845e-01   0.0000
 -3.89875382e-01   0.0000
  4.05711561e-01   0.0000
  3.08782965e-01   0.0000
 -4.74186301e-01   0.0000
 -1.42170084e+00   0.0000
 -3.82399589e-01   0.0000
  6.64873719e-01   0.0000
 -2.85054505e-01   0.0000
  2.04702124e-01   0.0000
 -2.58851230e-01   0.0000
 -9.44421947e-01   0.0000
  3.96759391e-01   0.0000
 -6.52820393e-02   0.0000
 -1.33959249e-01   0.0000
 -4.27157938e-01   0.0000
 -9.33555543e-01   0.0000
 -2.69170254e-01   0.0000
 -9.78172123e-02   0.0000
 -3.95930201e-01   0.0000
 -3.24973792e-01   0.0000
 -1.86832070e-01   0.0000
 -2.34875008e-01   0.0000
 -1.16953015e+00   0.0000
  4.94905055e-01   0.0000
 -7.61253953e-01   0.0000
  1.09193802e+00   0.0000
  2.90093094e-01   0.0000
 -8.88548568e-02   0.0000
  2.65483528e-01   0.0000
  7.73552060e-01   0.0000
 -1.34748399e-01   0.0000
  1.53212667e-01   0.0000
 -3.16835940e-01   0.0000
  3.33878756e-01   0.0000
  3.22224975e-01   0.0000
 -6.57726288e-01   0.0000
 -1.72455275e+00   0.0000
 -3.35085660e-01   0.0000
  1.02093720e+00   0.0000
 -4.23123032e-01   0.0000
  6.55679256e-02   0.0000
 -3.22151810e-01   0.0000
 -1.07494712e+00   0.0000
  4.19177830e-01   0.0000
  8.77297297e-02   0.0000
 -1.83796808e-01   0.0000
 -1.07604194e+00   0.0000
 -1.09496760e+00   0.0000
 -2.53738225e-01   0.0000
 -1.32031754e-01   0.0000
 -8.49734485e-01   0.0000
 -3.71479362e-01   0.0000
 -3.66093606e-01   0.0000
 -1.72443256e-01   0.0000
 -1.11718631e+00   0.0000
  4.10624683e-01   0.0000
 -6.77824080e-01   0.0000
  7.76888549e-01   0.0000
  3.72306436e-01   0.0000
 -1.89524770e-01   0.0000
 -5.48943318e-03   0.0000
 -2.38957334e+00   0.0000
  5.10747433e-02   0.0000
  4.01796252e-02   0.0000
 -1.13524159e-03   0.0000
  2.41225818e-04   0.0000
  3.80033511e-04   0.0000
 -1.55491424e+00   0.0000
  1.45769238e+00   0.0000
  2.06135260e-03   0.0000
  4.17889214e+00   0.0000
  3.07660596e-03   0.0000
 -7.41937101e-01   0.0000
  8.48996453e-03   0.0000
 -1.05349147e+00   0.0000
  6.02094748e-04   0.0000
 -3.70952606e-01   0.0000
 -1.84109453e-02   0.0000
 -1.16360950e+00   0.0000
  1.39332676e+00   0.0000
  6.52600639e-03   0.0000
  5.10938227e-01   0.0000
  8.73682320e-01   0.0000
  5.46718220e-05   0.0000
 -3.27780575e-01   0.0000
  2.42645387e-02   0.0000
  2.12343961e-01   0.0000
 -2.87571251e-01   0.0000
  2.02644062e+00   0.0000
  2.78955877e-01   0.0000
  2.10882783e-01   0.0000
  6.91728830e-01   0.0000
 -1.05096158e-02   0.0000
 -1.14933574e+00   0.0000
  3.03734820e-02   0.0000
  6.08983114e-02   0.0000
  3.53112584e-03   0.0000
  4.51942353e-04   0.0000
  3.82335274e-04   0.0000
 -4.06054147e-02   0.0000
  7.15044379e-01   0.0000
 -1.52338215e-03   0.0000
  8.25122237e-01   0.0000
 -1.38038462e-02   0.0000
 -6.30085170e-01   0.0000
  1.11179696e-02   0.0000
 -4.45149064e-01   0.0000
 -3.27664864e-04   0.0000
 -1.94544896e-01   0.0000
 -9.53279138e-02   0.0000
 -6.07412338e-01   0.0000
  9.68649864e-01   0.0000
  1.50149269e-02   0.0000
  4.10139352e-01   0.0000
  7.51425683e-01   0.0000
  4.72235028e-03   0.0000
 -3.13270777e-01   0.0000
  5.44899069e-02   0.0000
 -4.24205810e-02   0.0000
 -9.54602584e-02   0.0000
  1.03114176e+00   0.0000
  1.32739455e-01   0.0000
  1.74460754e-01   0.0000
  1.43785536e+00   0.0000
 -9.52647813e-03   0.0000
 -3.80058020e-01   0.0000
  5.74909672e-02   0.0000
  8.35591331e-02   0.0000
  6.95710629e-03   0.0000
  4.68902253e-02   0.0000
  4.73276600e-02   0.0000
  6.16204917e-01   0.0000
 -3.67967784e-03   0.0000
 -5.97311067e-04   0.0000
 -6.21907890e-01   0.0000
 -3.16301100e-02   0.0000
 -2.45679647e-01   0.0000
  4.10947576e-03   0.0000
 -1.55082941e-02   0.0000
  3.70431766e-02   0.0000
 -1.21913910e-01   0.0000
 -3.97795215e-02   0.0000
 -6.10874474e-01   0.0000
  5.37077904e-01   0.0000
 -3.01737979e-04   0.0000
  2.27633789e-01   0.0000
  6.53926969e-01   0.0000
  7.89489783e-03   0.0000
 -3.46125990e-01   0.0000
  4.40658331e-02   0.0000
 -6.06845766e-02   0.0000
  6.11684546e-02   0.0000
  6.76582634e-01   0.0000
  7.32423067e-02   0.0000
  1.54833585e-01   0.0000
  1.55714369e+00   0.0000
 -6.60017179e-03   0.0000
 -1.51355239e-02   0.0000
  2.88005695e-02   0.0000
  9.60267261e-02   0.0000
  1.54050649e-03   0.0000
 -3.17611336e-03   0.0000
 -7.36528635e-03   0.0000
  8.54682326e-01   0.0000
 -6.91275179e-01   0.0000
 -2.86031049e-03   0.0000
 -1.22955561e+00   0.0000
 -1.16059333e-02   0.0000
 -3.92841473e-02   0.0000
  6.84400136e-03   0.0000
  2.20076978e-01   0.0000
  8.21701661e-02   0.0000
 -2.76011173e-02   0.0000
  2.11568419e-02   0.0000
 -6.98721051e-01   0.0000
  3.12389791e-01   0.0000
  6.92278286e-03   0.0000
  1.82158127e-01   0.0000
  6.05458975e-01   0.0000
 -3.91924754e-03   0.0000
 -4.88754064e-01   0.0000
  3.47751193e-02   0.0000
 -1.39603496e-01   0.0000
  1.25268757e-01   0.0000
  4.54311073e-01   0.0000
 -9.99138501e-06   0.0000
  1.73045978e-01   0.0000
  1.40946257e+00   0.0000
 -7.80471740e-03   0.0000
  1.23248056e-01   0.0000
  1.56595539e-02   0.0000
  1.12900779e-01   0.0000
 -6.18002079e-02   0.0000
  3.02803032e-02   0.0000
  5.21433726e-02   0.0000
  9.75432992e-01   0.0000
 -1.14335072e+00   0.0000
 -2.53371941e-03   0.0000
 -1.26538074e+00   0.0000
 -4.54865694e-02   0.0000
 -4.40000631e-02   0.0000
  3.27434391e-03   0.0000
  4.60982800e-01   0.0000
  1.73053071e-01   0.0000
  2.76005808e-02   0.0000
  2.75469273e-01   0.0000
 -6.88502729e-01   0.0000
  5.14599010e-02   0.0000
  6.49393909e-03   0.0000
  1.58729568e-01   0.0000
  5.49523175e-01   0.0000
 -2.44648810e-02   0.0000
 -3.64994884e-01   0.0000
  4.17647325e-02   0.0000
 -1.87124819e-01   0.0000
  1.51198536e-01   0.0000
  3.22413296e-01   0.0000
 -1.61253706e-01   0.0000
  2.30085492e-01   0.0000
  9.12574410e-01   0.0000
  2.09827106e-02   0.0000
  2.56789982e-01   0.0000
 -1.39216706e-03   0.0000
  1.23207867e-01   0.0000
 -1.27023291e-02   0.0000
  1.72577873e-02   0.0000
  4.07754633e-05   0.0000
  1.16165626e+00   0.0000
 -1.54092944e+00   0.0000
 -4.33949642e-02   0.0000
 -1.01461112e+00   0.0000
 -3.21023725e-02   0.0000
 -3.11203510e-01   0.0000
 -1.70435268e-03   0.0000
  6.34321272e-01   0.0000
  1.30343810e-01   0.0000
  2.40476839e-02   0.0000
  5.85735619e-01   0.0000
 -6.25843644e-01   0.0000
  3.63710424e-04   0.0000
  1.18162530e-02   0.0000
  7.95872584e-02   0.0000
  4.79387254e-01   0.0000
 -8.82546976e-02   0.0000
 -5.32538772e-01   0.0000
  2.19168942e-02   0.0000
 -1.41771019e-01   0.0000
  1.74563438e-01   0.0000
  3.32131118e-01   0.0000
 -4.68657553e-01   0.0000
  2.54673481e-01   0.0000
  2.08903119e-01   0.0000
 -2.33171252e-03   0.0000
  1.68779850e-01   0.0000
 -7.09823072e-02   0.0000
  1.55833736e-01   0.0000
 -2.01500922e-01   0.0000
  1.72656983e-01   0.0000
  6.84566498e-02   0.0000
  1.43655908e+00   0.0000
 -1.88472557e+00   0.0000
  5.03194984e-03   0.0000
 -5.10445833e-01   0.0000
 -1.80532467e-02   0.0000
 -9.16156232e-01   0.0000
 -2.27584690e-03   0.0000
  7.48673856e-01   0.0000
  2.76668686e-02   0.0000
  1.98008940e-02   0.0000
  1.00979555e+00   0.0000
 -5.69286287e-01   0.0000
 -7.85773173e-02   0.0000
  1.18310135e-02   0.0000
 -1.20239565e-02   0.0000
  4.20314342e-01   0.0000
 -3.23306136e-02   0.0000
 -5.46697497e-01   0.0000
  3.31808291e-02   0.0000
 -1.79219544e-01   0.0000
  8.83269385e-02   0.0000
  4.74182695e-01   0.0000
 -6.42407000e-01   0.0000
  3.10053080e-01   0.0000
 -4.94933069e-01   0.0000
  4.59754616e-02   0.0000
  8.93816426e-02   0.0000
 -1.26172364e-01   0.0000
  1.69365108e-01   0.0000
 -1.26595333e-01   0.0000
  2.41424143e-01   0.0000
  2.10306883e-01   0.0000
  1.63347626e+00   0.0000
 -2.12587571e+00   0.0000
 -9.78956670e-02   0.0000
  3.17231089e-01   0.0000
 -3.35312560e-02   0.0000
 -1.63400531e+00   0.0000
 -1.00702927e-01   0.0000
  8.65050673e-01   0.0000
  2.00289294e-01   0.0000
  4.74408455e-02   0.0000
  1.40703845e+00   0.0000
 -4.86505926e-01   0.0000
 -1.44017026e-01   0.0000
 -9.81177464e-02   0.0000
 -1.22630179e-01   0.0000
  3.78946692e-01   0.0000
 -7.13654757e-02   0.0000
 -6.66308939e-01   0.0000
  5.21981232e-02   0.0000
 -2.08910957e-01   0.0000
  1.84023827e-02   0.0000
  6.47004128e-01   0.0000
 -1.49946499e+00   0.0000
  8.28668594e-01   0.0000
 -3.65955025e-01   0.0000
  5.70756476e-03   0.0000
 -3.52736920e-01   0.0000
  4.84933823e-01   0.0000
  1.42295677e-02   0.0000
  4.55711596e-03   0.0000
 -2.14164797e-03   0.0000
 -1.29666319e-03   0.0000
  1.03927171e+00   0.0000
 -2.80976474e-01   0.0000
  2.98759813e-04   0.0000
  1.42182875e+00   0.0000
 -4.79150638e-02   0.0000
 -7.49542296e-01   0.0000
  2.17806292e-03   0.0000
  3.65345478e-02   0.0000
 -1.04677514e-03   0.0000
 -4.57357824e-01   0.0000
  3.40790421e-01   0.0000
 -1.53797954e-01   0.0000
  4.86775935e-01   0.0000
 -2.75814030e-02   0.0000
 -6.36874795e-01   0.0000
  1.94514349e-01   0.0000
  9.15721990e-03   0.0000
  3.95572364e-01   0.0000
 -4.24280064e-03   0.0000
 -1.24111481e-01   0.0000
  1.78237319e-01   0.0000
  1.06642067e+00   0.0000
 -6.24281824e-01   0.0000
  5.49251378e-01   0.0000
  2.07594067e-01   0.0000
  1.46111194e-02   0.0000
  7.07082599e-02   0.0000
  3.43261272e-01   0.0000
  1.24291135e-02   0.0000
  3.10986256e-03   0.0000
 -1.89259159e-03   0.0000
  3.06300935e-04   0.0000
 -3.96784276e-01   0.0000
 -7.58909583e-01   0.0000
  1.03343511e-02   0.0000
 -3.43583494e-01   0.0000
 -2.95888595e-02   0.0000
 -1.32208616e-01   0.0000
  4.75721480e-03   0.0000
  1.50317490e-01   0.0000
 -7.42066419e-04   0.0000
 -4.33947027e-01   0.0000
 -3.19566987e-02   0.0000
 -2.73823738e-01   0.0000
  7.11437687e-02   0.0000
  2.80047767e-03   0.0000
 -3.65630537e-01   0.0000
 -6.68501183e-02   0.0000
  2.17857887e-04   0.0000
  8.08691800e-01   0.0000
 -4.81789671e-02   0.0000
 -3.76385450e-02   0.0000
  4.41284105e-02   0.0000
  3.53925020e-01   0.0000
  2.70357341e-01   0.0000
  3.75202239e-01   0.0000
  6.61921799e-02   0.0000
  3.48973498e-02   0.0000
  2.69707322e-01   0.0000
  2.87184864e-01   0.0000
  1.61958020e-02   0.0000
  5.60136279e-03   0.0000
  9.31983162e-03   0.0000
 -1.02645787e-03   0.0000
 -4.87259328e-01   0.0000
 -7.71007180e-01   0.0000
  6.44102984e-04   0.0000
 -4.10495847e-01   0.0000
  4.04486340e-03   0.0000
  7.84947872e-02   0.0000
  2.43893082e-04   0.0000
  4.62357879e-01   0.0000
 -2.46936368e-04   0.0000
 -4.02696520e-01   0.0000
 -2.05214649e-01   0.0000
 -2.60985387e-03   0.0000
 -6.93398938e-02   0.0000
 -1.66619346e-02   0.0000
 -3.04343760e-01   0.0000
 -2.23648529e-02   0.0000
  3.61980492e-04   0.0000
  9.01270568e-01   0.0000
 -7.91982561e-02   0.0000
  8.53023082e-02   0.0000
 -6.26219288e-02   0.0000
  3.67892049e-02   0.0000
  8.98354352e-01   0.0000
  1.95683509e-01   0.0000
 -3.01351756e-01   0.0000
  7.53703387e-03   0.0000
  4.46483344e-01   0.0000
  1.81530595e-01   0.0000
 -5.99846281e-02   0.0000
 -1.46727543e-04   0.0000
 -2.04621771e-04   0.0000
  1.00771035e-03   0.0000
 -2.25906551e-01   0.0000
 -5.52353740e-01   0.0000
 -7.12180790e-03   0.0000
 -3.46604466e-01   0.0000
  3.57933417e-02   0.0000
  3.14381987e-01   0.0000
 -1.16811777e-02   0.0000
  8.07843208e-01   0.0000
 -2.29754299e-03   0.0000
 -3.75032961e-01   0.0000
 -1.01710699e-01   0.0000
  1.33738657e-02   0.0000
 -5.69780543e-02   0.0000
 -3.63185890e-02   0.0000
 -2.27824777e-01   0.0000
  6.59670159e-02   0.0000
  1.82754640e-03   0.0000
  1.11644840e+00   0.0000
 -5.00079542e-02   0.0000
  2.65441000e-01   0.0000
 -2.69668192e-01   0.0000
 -1.95579678e-01   0.0000
  1.14808965e+00   0.0000
  1.28679469e-01   0.0000
 -5.65409720e-01   0.0000
  2.40539722e-02   0.0000
  5.53339541e-01   0.0000
  1.87909693e-01   0.0000
  3.98762000e-04   0.0000
  3.16553260e-03   0.0000
 -5.52372960e-03   0.0000
  2.80796597e-03   0.0000
  2.05049803e-03   0.0000
 -2.90014058e-01   0.0000
 -2.51641851e-02   0.0000
 -3.26288342e-01   0.0000
  6.45818375e-03   0.0000
  3.54381889e-01   0.0000
 -1.92883350e-02   0.0000
  1.10251570e+00   0.0000
 -1.99322146e-03   0.0000
 -1.86080322e-01   0.0000
  1.06281176e-01   0.0000
 -1.42279463e-02   0.0000
 -7.40881860e-02   0.0000
 -1.68794673e-02   0.0000
 -7.36324936e-02   0.0000
  1.93294898e-01   0.0000
 -5.57910558e-03   0.0000
  1.40451455e+00   0.0000
 -8.21720809e-02   0.0000
  4.60245788e-01   0.0000
 -2.59695679e-01   0.0000
 -2.99046189e-01   0.0000
  1.03551626e+00   0.0000
  1.98820382e-02   0.0000
 -4.46857333e-01   0.0000
  4.77722250e-02   0.0000
  7.70335793e-01   0.0000
  9.17063430e-02   0.0000
 -1.28596544e-01   0.0000
 -1.04891369e-03   0.0000
 -4.83567966e-03   0.0000
  2.18674773e-03   0.0000
  9.65586677e-02   0.0000
 -1.33208126e-01   0.0000
 -2.32293252e-02   0.0000
 -1.41100079e-01   0.0000
  1.18067987e-01   0.0000
  1.25076938e-02   0.0000
 -2.85038762e-02   0.0000
  1.58632433e+00   0.0000
 -2.44281953e-03   0.0000
 -2.27863640e-01   0.0000
  4.22226906e-01   0.0000
 -2.51461659e-03   0.0000
 -1.75444335e-02   0.0000
 -2.06228010e-02   0.0000
  1.18819125e-01   0.0000
  2.10975856e-01   0.0000
 -1.52449580e-02   0.0000
  1.57228971e+00   0.0000
 -6.72249570e-02   0.0000
  6.47491276e-01   0.0000
 -4.02824610e-01   0.0000
 -5.76374292e-01   0.0000
  4.14812148e-01   0.0000
 -6.40652478e-02   0.0000
  1.71742633e-01   0.0000
  1.89416986e-02   0.0000
  9.83223736e-01   0.0000
  3.61392051e-02   0.0000
 -5.00494875e-02   0.0000
 -6.41456107e-04   0.0000
  2.75489385e-03   0.0000
  4.96445177e-03   0.0000
  2.05014143e-02   0.0000
  1.54170752e-01   0.0000
 -2.90520433e-02   0.0000
  6.22948371e-02   0.0000
  1.06244639e-01   0.0000
 -4.55464631e-01   0.0000
 -3.65528129e-02   0.0000
  2.03306746e+00   0.0000
 -5.83064230e-03   0.0000
 -1.45428732e-01   0.0000
  6.83651328e-01   0.0000
 -6.42312765e-02   0.0000
  6.45259172e-02   0.0000
 -6.53615370e-02   0.0000
  3.60743165e-01   0.0000
  2.34932378e-02   0.0000
 -2.79889274e-02   0.0000
  1.86372137e+00   0.0000
 -1.02179095e-01   0.0000
  9.57869470e-01   0.0000
 -4.12416935e-01   0.0000
 -8.42730701e-01   0.0000
 -3.68234813e-01   0.0000
 -1.40452653e-01   0.0000
  1.10469294e+00   0.0000
  3.56117003e-02   0.0000
  1.03201389e+00   0.0000
  1.90458208e-01   0.0000
 -9.48450714e-02   0.0000
 -2.39950921e-02   0.0000
  1.84971429e-02   0.0000
  1.45840524e-02   0.0000
 -5.40905781e-02   0.0000
  4.01107877e-01   0.0000
 -3.40138860e-02   0.0000
  3.59867007e-01   0.0000
  4.48440611e-02   0.0000
 -1.06049395e+00   0.0000
 -4.69657965e-02   0.0000
  2.57856345e+00   0.0000
 -1.36257045e-03   0.0000
 -1.99393868e-01   0.0000
  7.06141770e-01   0.0000
 -6.81029335e-02   0.0000
  2.31450394e-01   0.0000
 -4.63540107e-02   0.0000
  4.47323948e-01   0.0000
 -1.17831111e-01   0.0000
 -4.72912341e-02   0.0000
  2.10854435e+00   0.0000
 -7.69714341e-02   0.0000
  1.07454276e+00   0.0000
 -3.17393959e-01   0.0000
 -9.52680171e-01   0.0000
 -2.79031038e-01   0.0000
 -4.06457007e-01   0.0000
 -3.35338902e+00   0.0000
 -4.53497376e-03   0.0000
 -1.87384009e+00   0.0000
 -9.12287533e-02   0.0000
  1.22451842e-01   0.0000
  1.01769306e-02   0.0000
  6.80094119e-04   0.0000
 -2.39806343e-03   0.0000
 -1.64901066e+00   0.0000
  4.29275990e+00   0.0000
  1.28439730e-02   0.0000
  2.23518658e+00   0.0000
 -5.42879626e-02   0.0000
  5.41168988e-01   0.0000
  1.07114334e-02   0.0000
  8.88458788e-01   0.0000
 -6.77092408e-04   0.0000
  9.94446129e-02   0.0000
  6.24284387e-01   0.0000
 -1.16738725e+00   0.0000
  2.73283219e+00   0.0000
  4.22534067e-03   0.0000
  3.59898090e-01   0.0000
  9.70720887e-01   0.0000
  1.42455148e-02   0.0000
 -7.81083629e-02   0.0000
  1.46903424e-03   0.0000
  4.82155085e-01   0.0000
  5.66977799e-01   0.0000
  1.52526045e+00   0.0000
  6.82138443e-01   0.0000
  2.37577781e-01   0.0000
 -1.92641005e-01   0.0000
  1.93473685e-03   0.0000
  1.14743006e+00   0.0000
 -2.59262621e-01   0.0000
  1.94653288e-01   0.0000
  3.37139936e-03   0.0000
  1.06063997e-03   0.0000
 -3.50251771e-03   0.0000
 -1.50673008e+00   0.0000
 -1.34064758e+00   0.0000
  1.58800203e-02   0.0000
 -1.22383213e+00   0.0000
 -6.66746348e-02   0.0000
  9.34104860e-01   0.0000
  1.23621784e-02   0.0000
  1.07253945e+00   0.0000
 -1.31162757e-03   0.0000
  2.50195950e-01   0.0000
  2.43994385e-01   0.0000
 -9.53946233e-01   0.0000
 -6.22675776e-01   0.0000
  1.41765280e-02   0.0000
  4.58247960e-01   0.0000
  3.38656098e-01   0.0000
  4.60600341e-03   0.0000
  2.24775389e-01   0.0000
  1.38223320e-02   0.0000
  1.79462805e-01   0.0000
  1.91841274e-01   0.0000
 -3.74885678e-01   0.0000
  9.75841880e-01   0.0000
  6.26071095e-01   0.0000
  4.14764136e-01   0.0000
 -1.75780139e-03   0.0000
 -5.66767812e-01   0.0000
 -4.27992553e-01   0.0000
  1.19721450e-01   0.0000
  4.07366734e-03   0.0000
 -2.36446760e-03   0.0000
  1.69665308e-03   0.0000
 -7.11789370e-01   0.0000
 -2.91127014e+00   0.0000
  9.55520570e-03   0.0000
  3.42218876e-01   0.0000
 -2.24627052e-02   0.0000
  7.49525368e-01   0.0000
  5.07415738e-03   0.0000
  1.13037026e+00   0.0000
  1.04330638e-02   0.0000
  2.22758368e-01   0.0000
  7.78232366e-02   0.0000
 -5.61801374e-01   0.0000
 -1.71987236e+00   0.0000
 -2.90442128e-02   0.0000
  4.29842830e-01   0.0000
  2.81822085e-01   0.0000
  9.25864559e-03   0.0000
  1.78839549e-01   0.0000
  1.91661231e-02   0.0000
  1.71938017e-01   0.0000
 -2.63731964e-02   0.0000
 -2.11529374e-01   0.0000
  9.01468754e-01   0.0000
  4.15650100e-01   0.0000
  2.46984474e-02   0.0000
  2.44802944e-02   0.0000
 -2.91126043e-01   0.0000
 -3.74990940e-01   0.0000
  9.72025692e-02   0.0000
 -1.40245017e-02   0.0000
  1.10415304e-02   0.0000
  1.49868771e-01   0.0000
  1.98580056e-01   0.0000
 -2.56927395e+00   0.0000
 -8.21515359e-03   0.0000
  2.99010843e-01   0.0000
 -9.33994725e-03   0.0000
  2.02070951e-01   0.0000
  1.25236041e-03   0.0000
  9.76243854e-01   0.0000
  1.17035322e-02   0.0000
 -5.67848282e-03   0.0000
  1.35596409e-01   0.0000
 -5.76892078e-01   0.0000
 -1.38775229e+00   0.0000
 -1.57240254e-03   0.0000
 -2.10724003e-03   0.0000
  4.18133765e-01   0.0000
  5.32227277e-04   0.0000
  1.77440181e-01   0.0000
  9.30733234e-03   0.0000
  2.74798661e-01   0.0000
 -1.16348393e-01   0.0000
 -2.28887424e-01   0.0000
  4.54554588e-01   0.0000
  4.22638625e-01   0.0000
 -2.19045341e-01   0.0000
  1.66934505e-02   0.0000
  8.23876783e-02   0.0000
 -2.30436906e-01   0.0000
  7.83948526e-02   0.0000
 -1.19585089e-01   0.0000
  1.90850258e-01   0.0000
  1.48635149e-01   0.0000
  7.02388704e-01   0.0000
 -2.15038443e+00   0.0000
 -1.27051875e-01   0.0000
  3.42556447e-01   0.0000
 -1.90803818e-02   0.0000
 -3.08473229e-01   0.0000
 -7.11632222e-02   0.0000
  7.99553096e-01   0.0000
  1.29750773e-01   0.0000
 -8.40088874e-02   0.0000
  2.62046188e-01   0.0000
  4.62296456e-02   0.0000
 -1.06866598e+00   0.0000
 -3.78187485e-02   0.0000
 -3.04468095e-01   0.0000
  3.63773108e-01   0.0000
 -1.19253874e-01   0.0000
  4.06984799e-02   0.0000
 -7.79124023e-03   0.0000
  4.24554110e-01   0.0000
 -1.89208984e-01   0.0000
 -1.67355627e-01   0.0000
 -4.02261540e-02   0.0000
  3.33219826e-01   0.0000
 -1.34627059e-01   0.0000
  3.90702672e-02   0.0000
  1.27392024e-01   0.0000
 -2.80544817e-01   0.0000
  8.22007135e-02   0.0000
 -1.23864546e-01   0.0000
  1.11235626e-01   0.0000
  1.75929233e-01   0.0000
  6.25029564e-01   0.0000
 -1.59352648e+00   0.0000
 -1.94325194e-01   0.0000
 -2.63695806e-01   0.0000
 -2.19388977e-02   0.0000
 -5.86987972e-01   0.0000
 -9.74194631e-02   0.0000
  7.22571313e-01   0.0000
  1.81531876e-01   0.0000
 -9.09098834e-02   0.0000
  2.95754075e-01   0.0000
 -7.08343461e-02   0.0000
 -1.06721997e+00   0.0000
 -1.82271183e-01   0.0000
 -3.72971475e-01   0.0000
  2.10739613e-01   0.0000
 -1.56869039e-01   0.0000
  1.53687429e-02   0.0000
  2.42242049e-02   0.0000
  6.44543052e-01   0.0000
 -2.25797147e-01   0.0000
  1.12725116e-01   0.0000
 -3.38593036e-01   0.0000
  2.64215291e-01   0.0000
  4.45136845e-01   0.0000
  8.34702104e-02   0.0000
  4.98250663e-01   0.0000
 -2.69423276e-01   0.0000
  5.44264503e-02   0.0000
 -2.46820211e-01   0.0000
  2.79087961e-01   0.0000
  2.93595105e-01   0.0000
  1.55974299e-01   0.0000
 -1.15409327e+00   0.0000
 -1.43467098e-01   0.0000
 -8.71648490e-02   0.0000
 -1.09952964e-01   0.0000
 -6.94821477e-01   0.0000
 -1.97104052e-01   0.0000
  8.70748401e-01   0.0000
  1.54777586e-01   0.0000
  1.04203746e-02   0.0000
  2.00376481e-01   0.0000
 -1.05033420e-01   0.0000
 -9.49233055e-01   0.0000
 -1.66721612e-01   0.0000
 -1.72092035e-01   0.0000
 -1.66758433e-01   0.0000
 -2.60569870e-01   0.0000
 -2.92665660e-01   0.0000
 -1.60679281e-01   0.0000
  8.12345445e-01   0.0000
 -2.04804063e-01   0.0000
 -1.15320615e-01   0.0000
 -1.17944443e+00   0.0000
  2.72295237e-01   0.0000
  1.46151435e+00   0.0000
  2.11991414e-01   0.0000
 -8.24567616e-01   0.0000
 -4.92675155e-01   0.0000
  3.26651372e-02   0.0000
 -2.60304809e-01   0.0000
  2.11879104e-01   0.0000
  1.38132915e-01   0.0000
 -1.24393463e-01   0.0000
 -7.36537218e-01   0.0000
 -2.74104416e-01   0.0000
 -3.31068814e-01   0.0000
 -2.08340026e-02   0.0000
 -5.28455451e-02   0.0000
 -3.69204611e-01   0.0000
  1.22990704e+00   0.0000
  1.77902535e-01   0.0000
  2.35999748e-01   0.0000
  1.27711296e-01   0.0000
  8.78673553e-01   0.0000
 -9.49497700e-01   0.0000
 -2.19462708e-01   0.0000
  3.51858616e-01   0.0000
 -5.75781107e-01   0.0000
 -3.88333410e-01   0.0000
 -5.15144110e-01   0.0000
 -3.14079702e-01   0.0000
  7.94702888e-01   0.0000
 -1.33577749e-01   0.0000
 -3.66899848e-01   0.0000
  7.61538893e-02   0.0000
 -3.76926512e-02   0.0000
 -4.90309626e-01   0.0000
  1.18775420e-01   0.0000
  8.83447349e-01   0.0000
 -1.79003820e-01   0.0000
  7.37464279e-02   0.0000
 -3.30452174e-01   0.0000
  1.22570902e-01   0.0000
  2.76552856e-01   0.0000
  2.10858750e+00   0.0000
  2.23985165e-01   0.0000
 -1.25624508e-01   0.0000
 -1.84513414e+00   0.0000
 -4.28027250e-02   0.0000
  1.51074827e-01   0.0000
 -1.91139460e-01   0.0000
  1.14266658e+00   0.0000
  6.50489703e-02   0.0000
  5.30978329e-02   0.0000
  1.06290329e+00   0.0000
  3.49969178e-01   0.0000
 -1.17049813e-01   0.0000
 -2.53817469e-01   0.0000
  6.03642128e-02   0.0000
  1.36425304e+00   0.0000
 -1.49243861e-01   0.0000
 -8.90052438e-01   0.0000
 -1.56834289e-01   0.0000
  3.95858526e-01   0.0000
  1.39808789e-01   0.0000
 -4.28599358e-01   0.0000
  6.02064468e-02   0.0000
 -1.39708638e+00   0.0000
 -2.74410248e-01   0.0000
  6.58393443e-01   0.0000
  6.82426929e-01   0.0000
 -2.48917148e-01   0.0000
 -7.39588082e-01   0.0000
 -6.27516091e-01   0.0000
 -9.24719393e-01   0.0000
 -3.47849101e-01   0.0000
  6.30160123e-02   0.0000
 -2.25461610e-02   0.0000
  6.02944076e-01   0.0000
 -5.56995394e-04   0.0000
 -7.87711620e-01   0.0000
 -2.72437185e-01   0.0000
 -1.55683696e-01   0.0000
 -6.99089050e-01   0.0000
 -2.73892611e-01   0.0000
 -8.57640564e-01   0.0000
 -4.94529128e-01   0.0000
  1.22585730e-03   0.0000
 -4.44526505e-03   0.0000
  2.91347895e-02   0.0000
 -3.96372197e-05   0.0000
  5.23281276e-01   0.0000
  7.15255558e-01   0.0000
  4.64939356e-01   0.0000
  2.82965690e-01   0.0000
 -4.96957004e-01   0.0000
  9.29195955e-02   0.0000
 -7.25933552e-01   0.0000
 -5.63746467e-02   0.0000
  1.55241027e-01   0.0000
  1.06734596e-01   0.0000
 -2.47891366e-01   0.0000
 -2.83416778e-01   0.0000
  4.81175303e-01   0.0000
  3.14205647e-01   0.0000
  3.49699646e-01   0.0000
  2.92893022e-01   0.0000
  1.53397396e-01   0.0000
 -6.20659329e-02   0.0000
 -7.05547258e-02   0.0000
 -3.04175764e-01   0.0000
  1.48509326e-03   0.0000
  4.66506928e-01   0.0000
  9.83158499e-02   0.0000
  6.68841973e-02   0.0000
  3.64293337e-01   0.0000
  1.60391212e-01   0.0000
  4.44562197e-01   0.0000
  1.99114963e-01   0.0000
 -7.66234298e-04   0.0000
  1.78876370e-02   0.0000
 -8.52226280e-03   0.0000
 -2.31114216e-03   0.0000
 -3.36240798e-01   0.0000
 -3.02751392e-01   0.0000
 -2.46281728e-01   0.0000
 -7.24839687e-01   0.0000
  1.60129219e-01   0.0000
 -7.80488476e-02   0.0000
  3.94372672e-01   0.0000
  1.65303841e-01   0.0000
 -9.57403332e-03   0.0000
 -1.92746714e-01   0.0000
  4.79056239e-01   0.0000
  3.92815024e-01   0.0000
 -1.32769513e+00   0.0000
 -6.56105697e-01   0.0000
 -1.61875463e+00   0.0000
 -6.28860474e-01   0.0000
 -2.78716117e-01   0.0000
  5.50620854e-02   0.0000
 -1.20179939e+00   0.0000
  5.12659490e-01   0.0000
  3.90300498e-04   0.0000
 -8.67109895e-01   0.0000
 -2.06653565e-01   0.0000
 -3.33785564e-01   0.0000
 -9.39082861e-01   0.0000
 -3.91883880e-01   0.0000
 -9.87359464e-01   0.0000
 -3.57071280e-01   0.0000
  9.36584605e-04   0.0000
 -1.80896688e-02   0.0000
  1.07062450e-02   0.0000
  1.87720274e-04   0.0000
  4.86319989e-01   0.0000
  4.07084078e-01   0.0000
  4.38045442e-01   0.0000
  1.34214199e+00   0.0000
 -3.78870279e-01   0.0000
  1.41875461e-01   0.0000
 -6.48595631e-01   0.0000
 -6.75733620e-03   0.0000
 -3.64552401e-02   0.0000
  9.00977664e-03   0.0000
 -3.45668271e-02   0.0000
 -4.32470767e-03   0.0000
  5.48385791e-02   0.0000
  2.81623006e-02   0.0000
  1.57845039e-02   0.0000
  4.43726545e-03   0.0000
  1.00640394e-02   0.0000
 -7.62972934e-03   0.0000
  1.74645245e-01   0.0000
 -4.59866934e-02   0.0000
  2.97651539e-04   0.0000
  3.50508317e-02   0.0000
  1.36985192e-02   0.0000
  8.30473844e-03   0.0000
  2.98974756e-02   0.0000
  5.89122530e-03   0.0000
  6.72567934e-02   0.0000
  1.38080707e-02   0.0000
  6.14551464e-05   0.0000
  3.84100713e-04   0.0000
 -7.67758116e-04   0.0000
  4.92724685e-05   0.0000
 -7.53017589e-02   0.0000
  1.83997937e-02   0.0000
 -2.69783810e-02   0.0000
 -1.14724368e-01   0.0000
  2.17365567e-02   0.0000
 -1.59044645e-03   0.0000
  4.53906655e-02   0.0000
 -8.43660813e-03   0.0000
 -7.33910143e-01   0.0000
  3.78143452e-02   0.0000
 -1.42449001e-02   0.0000
 -2.93556731e-02   0.0000
 -9.53559220e-01   0.0000
  3.20134573e-02   0.0000
 -6.56999290e-01   0.0000
 -3.60670358e-01   0.0000
  4.62092012e-02   0.0000
 -7.16053043e-03   0.0000
 -1.59053028e+00   0.0000
  3.10018398e-02   0.0000
  3.30880343e-04   0.0000
 -2.08472848e-01   0.0000
  2.03647558e-02   0.0000
  1.16331587e-02   0.0000
 -4.75469857e-01   0.0000
  2.06913594e-02   0.0000
 -1.64783791e-01   0.0000
  3.82072888e-02   0.0000
 -1.76974374e-03   0.0000
  4.88392524e-02   0.0000
 -1.33091584e-03   0.0000
  1.56992406e-04   0.0000
 -2.16547996e-02   0.0000
 -3.54094058e-02   0.0000
  5.48874661e-02   0.0000
  5.08024335e-01   0.0000
  2.60337368e-02   0.0000
 -8.46530963e-03   0.0000
  2.53202952e-02   0.0000
  4.14213426e-02   0.0000
  3.67521107e-01   0.0000
  8.02591536e-03   0.0000
 -6.81884633e-03   0.0000
  5.45373280e-03   0.0000
  2.90973991e-01   0.0000
  2.51622386e-02   0.0000
  2.73633212e-01   0.0000
  2.53892601e-01   0.0000
  1.26257837e-02   0.0000
 -2.32854299e-03   0.0000
  3.38424295e-01   0.0000
 -6.15010550e-03   0.0000
 -4.24057158e-04   0.0000
  1.62457794e-01   0.0000
 -1.92607101e-02   0.0000
 -1.33503636e-03   0.0000
  2.75786042e-01   0.0000
 -1.80109981e-02   0.0000
  1.56137928e-01   0.0000
  2.45243795e-02   0.0000
 -1.70530425e-03   0.0000
 -5.41910704e-04   0.0000
  2.57421721e-04   0.0000
  1.95395690e-03   0.0000
 -2.54450203e-03   0.0000
 -7.92736467e-03   0.0000
  7.56721420e-05   0.0000
 -1.89098820e-01   0.0000
  2.65766792e-02   0.0000
 -1.26750572e-02   0.0000
  5.48071899e-02   0.0000
 -6.07866533e-02   0.0000
 -1.49224967e-01   0.0000
  1.58227906e-02   0.0000
 -7.54650868e-03   0.0000
 -5.88763840e-02   0.0000
 -8.24720412e-02   0.0000
  7.63931777e-04   0.0000
 -1.55691639e-01   0.0000
 -1.22764215e-01   0.0000
  7.72618279e-02   0.0000
 -1.39568252e-02   0.0000
 -6.49304241e-02   0.0000
 -1.34151941e-02   0.0000
  4.49503685e-04   0.0000
 -9.01648328e-02   0.0000
  4.57882024e-02   0.0000
  3.36077847e-02   0.0000
 -1.25735402e-01   0.0000
  1.25015492e-03   0.0000
 -6.89940080e-02   0.0000
  4.15762626e-02   0.0000
  9.34835640e-04   0.0000
  8.86063650e-02   0.0000
 -8.82156310e-04   0.0000
  6.19280734e-04   0.0000
 -2.27415115e-02   0.0000
  3.16202156e-02   0.0000
 -7.34236697e-03   0.0000
  4.12736274e-02   0.0000
  1.19952131e-02   0.0000
 -1.58620495e-02   0.0000
 -6.90590171e-03   0.0000
  8.26391950e-03   0.0000
 -1.64562762e-01   0.0000
 -2.75377519e-02   0.0000
  1.00539491e-01   0.0000
  5.76250777e-02   0.0000
 -1.44430339e-01   0.0000
 -3.13298218e-02   0.0000
 -7.95229226e-02   0.0000
 -1.38610855e-01   0.0000
 -1.17680421e-02   0.0000
  1.47702219e-02   0.0000
 -4.04545724e-01   0.0000
  8.91733766e-02   0.0000
 -4.41019743e-04   0.0000
 -1.29706845e-01   0.0000
 -6.66769147e-02   0.0000
 -9.56882909e-03   0.0000
 -2.18214005e-01   0.0000
 -2.15994176e-02   0.0000
 -9.06412005e-02   0.0000
 -3.40149403e-02   0.0000
 -4.99251706e-04   0.0000
 -1.48363374e-02   0.0000
 -1.63644843e-04   0.0000
 -1.52814912e-03   0.0000
  1.34426996e-01   0.0000
  6.39088005e-02   0.0000
  4.09486257e-02   0.0000
  2.16110408e-01   0.0000
 -3.30407247e-02   0.0000
  9.97362472e-03   0.0000
 -1.90644041e-01   0.0000
 -1.09495139e-02   0.0000
  1.88415527e-01   0.0000
  3.08205057e-02   0.0000
 -1.46940142e-01   0.0000
 -1.65756226e-01   0.0000
  1.76153660e-01   0.0000
  1.67744011e-01   0.0000
  1.17498830e-01   0.0000
  4.12614904e-02   0.0000
  4.06924337e-02   0.0000
 -1.35984672e-02   0.0000
  2.60398418e-01   0.0000
 -1.55610651e-01   0.0000
 -1.72017666e-04   0.0000
  9.33494940e-02   0.0000
  1.03844613e-01   0.0000
  1.25892367e-02   0.0000
  2.35565946e-01   0.0000
  5.36281690e-02   0.0000
  1.83239594e-01   0.0000
  9.69589800e-02   0.0000
 -6.09650277e-04   0.0000
  2.93186493e-03   0.0000
  7.49840256e-05   0.0000
 -1.64924469e-03   0.0000
 -8.76840055e-02   0.0000
 -7.02665672e-02   0.0000
 -7.95278400e-02   0.0000
 -2.92816669e-01   0.0000
  1.38828710e-01   0.0000
 -3.50375585e-02   0.0000
  1.73224211e-01   0.0000
 -7.86927994e-03   0.0000
  2.19863206e-01   0.0000
  3.18923146e-02   0.0000
 -4.22227159e-02   0.0000
 -6.58313744e-03   0.0000
  1.31490573e-01   0.0000
  5.03594019e-02   0.0000
  3.98238637e-02   0.0000
  1.01855710e-01   0.0000
  4.76393029e-02   0.0000
 -8.40841234e-03   0.0000
  3.71225774e-01   0.0000
 -6.85385391e-02   0.0000
  6.14930235e-04   0.0000
  2.14855015e-01   0.0000
  2.59421393e-02   0.0000
  3.02717425e-02   0.0000
  6.33537397e-02   0.0000
  3.47017334e-03   0.0000
  9.76544321e-02   0.0000
  3.61164659e-02   0.0000
 -6.05912413e-04   0.0000
  3.25804314e-04   0.0000
 -1.52623164e-04   0.0000
 -2.95670354e-04   0.0000
 -1.24814376e-01   0.0000
  1.45499539e-02   0.0000
 -4.07163166e-02   0.0000
 -1.91621184e-01   0.0000
  3.56555618e-02   0.0000
 -8.23151227e-03   0.0000
  1.36668876e-01   0.0000
 -1.39426559e-01   0.0000
  1.72970545e+00   0.0000
  6.05890788e-02   0.0000
 -1.04092509e-01   0.0000
 -5.61622322e-01   0.0000
  2.13879049e-01   0.0000
 -5.63864084e-03   0.0000
  2.94821233e-01   0.0000
  1.01808655e+00   0.0000
  1.87532216e-01   0.0000
 -1.06389835e-01   0.0000
  1.00411534e+00   0.0000
  7.59189203e-03   0.0000
  2.03119987e-03   0.0000
  3.97555768e-01   0.0000
  8.71965364e-02   0.0000
  1.49996892e-01   0.0000
  7.41673231e-01   0.0000
  4.71758634e-01   0.0000
  3.45424861e-01   0.0000
  1.72457814e-01   0.0000
 -2.36977619e-04   0.0000
  2.15362255e-02   0.0000
 -5.52021712e-03   0.0000
 -2.94228643e-03   0.0000
  7.35224970e-03   0.0000
 -8.55375469e-01   0.0000
 -1.51247038e-02   0.0000
 -3.14860016e-01   0.0000
 -5.85121103e-03   0.0000
 -9.33421776e-02   0.0000
 -2.53958460e-02   0.0000
  3.16837281e-02   0.0000
  1.65301359e+00   0.0000
  6.47348985e-02   0.0000
 -2.52716869e-01   0.0000
 -1.57394543e-01   0.0000
  2.20053124e+00   0.0000
  4.92098540e-01   0.0000
  1.72337449e+00   0.0000
  1.35332274e+00   0.0000
  1.14797048e-01   0.0000
 -5.32553047e-02   0.0000
  3.09594584e+00   0.0000
 -4.02481407e-01   0.0000
  7.88638063e-05   0.0000
  1.03933585e+00   0.0000
  6.62754625e-02   0.0000
  2.27304753e-02   0.0000
  1.50899971e+00   0.0000
  1.04573637e-01   0.0000
  9.40664291e-01   0.0000
  1.93594038e-01   0.0000
 -1.09855260e-03   0.0000
 -1.34112418e-01   0.0000
 -2.18486153e-02   0.0000
 -1.46527261e-01   0.0000
 -4.86589402e-01   0.0000
 -1.14274636e-01   0.0000
 -3.72028619e-01   0.0000
 -1.45492196e+00   0.0000
  2.57562995e-01   0.0000
 -5.21511175e-02   0.0000
  5.39822936e-01   0.0000
  9.36118811e-02   0.0000
 -2.58545894e-02   0.0000
 -3.49235684e-02   0.0000
  7.35515878e-02   0.0000
  5.44484816e-02   0.0000
 -9.08472314e-02   0.0000
 -7.55836591e-02   0.0000
 -4.26115170e-02   0.0000
 -3.72841060e-02   0.0000
 -1.54990330e-01   0.0000
  1.63098991e-01   0.0000
 -2.57955134e-01   0.0000
  1.01395220e-01   0.0000
 -1.03972037e-04   0.0000
 -5.84261753e-02   0.0000
 -2.23412402e-02   0.0000
 -1.68483302e-01   0.0000
 -5.01873046e-02   0.0000
 -1.93436444e-01   0.0000
 -8.96852762e-02   0.0000
 -6.96373284e-02   0.0000
  2.19666818e-03   0.0000
 -1.51270616e-03   0.0000
  1.02737418e-03   0.0000
  3.55961942e-03   0.0000
  5.70728071e-02   0.0000
  8.27158764e-02   0.0000
  6.03526644e-02   0.0000
  1.35881126e-01   0.0000
 -4.43176553e-02   0.0000
  5.36901876e-03   0.0000
 -7.69429579e-02   0.0000
 -6.14571385e-02   0.0000
  1.85951638e+00   0.0000
  9.04393420e-02   0.0000
 -4.24836785e-01   0.0000
 -3.14458758e-01   0.0000
  2.95227480e+00   0.0000
  4.71593887e-01   0.0000
  2.18949342e+00   0.0000
  1.29723954e+00   0.0000
  1.42622843e-01   0.0000
 -5.73059022e-02   0.0000
  4.16652632e+00   0.0000
 -3.79516691e-01   0.0000
 -8.68438184e-03   0.0000
  9.83854115e-01   0.0000
  9.59947854e-02   0.0000
  4.49446663e-02   0.0000
  1.60216451e+00   0.0000
  1.27097324e-01   0.0000
  1.04432011e+00   0.0000
  2.09478304e-01   0.0000
 -9.52165792e-05   0.0000
  2.70068441e-02   0.0000
 -7.24460743e-03   0.0000
 -1.40224835e-02   0.0000
 -5.07570744e-01   0.0000
 -3.29639524e-01   0.0000
 -4.00845796e-01   0.0000
 -1.89286077e+00   0.0000
  2.52175450e-01   0.0000
 -2.54493523e-02   0.0000
  6.46216094e-01   0.0000
  3.94286169e-03   0.0000
 -5.66442451e-03   0.0000
 -1.84530616e-02   0.0000
  1.67351775e-02   0.0000
  1.31010395e-02   0.0000
 -9.64847207e-02   0.0000
 -2.88873967e-02   0.0000
 -1.53674334e-02   0.0000
 -6.31047599e-03   0.0000
 -1.81190167e-02   0.0000
  3.15686315e-02   0.0000
 -2.36490846e-01   0.0000
  3.36549170e-02   0.0000
 -1.70370709e-04   0.0000
 -5.84284924e-02   0.0000
 -1.50349503e-02   0.0000
 -7.26710586e-03   0.0000
 -4.71612215e-02   0.0000
 -1.04685966e-02   0.0000
 -6.85391128e-02   0.0000
 -3.11100408e-02   0.0000
  1.80568008e-04   0.0000
 -2.47385236e-03   0.0000
  1.04019455e-04   0.0000
 -2.44854091e-05   0.0000
  5.31208999e-02   0.0000
  1.17160771e-02   0.0000
  6.47780001e-02   0.0000
  1.10023461e-01   0.0000
 -2.22833287e-02   0.0000
  1.43331308e-02   0.0000
 -7.03194439e-02   0.0000
 -6.78732665e-03   0.0000
 -1.31427753e+00   0.0000
 -5.39306067e-02   0.0000
  2.95895904e-01   0.0000
 -7.43903890e-02   0.0000
 -1.63313746e-01   0.0000
 -4.12890524e-01   0.0000
 -3.57026249e-01   0.0000
 -1.20740664e+00   0.0000
 -4.10592444e-02   0.0000
 -1.64183844e-02   0.0000
 -2.58346558e-01   0.0000
  4.00412053e-01   0.0000
  7.17998017e-04   0.0000
 -7.31149733e-01   0.0000
 -4.95547913e-02   0.0000
 -1.82708260e-02   0.0000
 -7.96482146e-01   0.0000
  4.29727584e-02   0.0000
 -5.67296863e-01   0.0000
 -1.38446316e-01   0.0000
 -3.01431341e-04   0.0000
  4.26080776e-03   0.0000
 -4.06290434e-04   0.0000
  1.80402119e-02   0.0000
  3.03361595e-01   0.0000
 -1.75526932e-01   0.0000
  2.45385230e-01   0.0000
  2.67451376e-01   0.0000
 -2.29128405e-01   0.0000
 -1.81632526e-02   0.0000
 -5.38648248e-01   0.0000
  1.63096841e-02   0.0000
 -7.21536651e-02   0.0000
 -1.88257303e-02   0.0000
  2.93274540e-02   0.0000
  5.80093749e-02   0.0000
 -1.58543974e-01   0.0000
 -2.24621929e-02   0.0000
 -2.78002042e-02   0.0000
 -5.48234805e-02   0.0000
 -1.00498550e-01   0.0000
  3.82621097e-03   0.0000
 -2.27802187e-01   0.0000
  6.40419796e-02   0.0000
 -5.33097540e-04   0.0000
 -1.78095728e-01   0.0000
 -2.20153220e-02   0.0000
 -1.02998270e-02   0.0000
 -5.60624935e-02   0.0000
 -2.45288797e-02   0.0000
 -9.14962441e-02   0.0000
 -1.31127266e-02   0.0000
 -1.81859083e-04   0.0000
 -8.98294058e-03   0.0000
  4.98485111e-04   0.0000
 -4.12568479e-04   0.0000
  1.54251993e-01   0.0000
  6.90339657e-04   0.0000
  4.92080413e-02   0.0000
  3.37370276e-01   0.0000
 -6.03060164e-02   0.0000
  3.90082947e-03   0.0000
 -1.27242669e-01   0.0000
  1.11213818e-01   0.0000
  8.44488919e-01   0.0000
 -5.59342876e-02   0.0000
  1.31289452e-01   0.0000
  2.66232580e-01   0.0000
  1.00776780e+00   0.0000
 -1.02148384e-01   0.0000
  2.91829199e-01   0.0000
  2.37564161e-01   0.0000
 -1.19936422e-01   0.0000
  1.22504316e-01   0.0000
  2.13489747e+00   0.0000
  9.94739309e-02   0.0000
  1.29724236e-03   0.0000
  1.48754399e-02   0.0000
 -4.35866900e-02   0.0000
 -3.13075073e-02   0.0000
  4.81583923e-01   0.0000
 -1.02532864e-01   0.0000
 -1.15730232e-02   0.0000
 -1.45518869e-01   0.0000
 -1.10087269e-04   0.0000
 -4.82117347e-02   0.0000
  2.62932153e-03   0.0000
 -3.79512552e-03   0.0000
  1.10213399e-01   0.0000
  4.15463954e-01   0.0000
  9.94768068e-02   0.0000
 -1.16782606e-01   0.0000
 -7.86087960e-02   0.0000
  1.60967588e-01   0.0000
 -1.48695543e-01   0.0000
 -1.39958095e-02   0.0000
  1.89094007e-01   0.0000
  9.19102281e-02   0.0000
 -1.39767781e-01   0.0000
 -1.05894975e-01   0.0000
  1.87391937e-01   0.0000
  4.55177277e-02   0.0000
  5.33775389e-02   0.0000
  1.68596461e-01   0.0000
  1.33185640e-01   0.0000
 -8.38011969e-03   0.0000
  2.77792245e-01   0.0000
 -3.33169959e-02   0.0000
  1.83985758e-05   0.0000
  1.25145763e-01   0.0000
  5.95595650e-02   0.0000
  1.53720528e-02   0.0000
  1.14406332e-01   0.0000
  6.56040162e-02   0.0000
  1.12083219e-01   0.0000
  1.74148884e-02   0.0000
 -6.40960498e-05   0.0000
  1.03191019e-03   0.0000
 -3.20882932e-03   0.0000
 -5.34597365e-03   0.0000
 -8.77009183e-02   0.0000
 -1.22985892e-01   0.0000
 -4.14941460e-02   0.0000
 -2.25112051e-01   0.0000
  4.55712304e-02   0.0000
 -1.18565466e-02   0.0000
  7.93629661e-02   0.0000
 -3.81623693e-02   0.0000
 -4.50058490e-01   0.0000
  7.60477269e-03   0.0000
  3.90087627e-02   0.0000
 -3.09573673e-02   0.0000
 -4.59655255e-01   0.0000
 -6.72586858e-02   0.0000
 -4.47413474e-01   0.0000
 -5.21314085e-01   0.0000
  1.10174241e-02   0.0000
 -1.86685082e-02   0.0000
 -4.11456734e-01   0.0000
  1.98495090e-02   0.0000
 -1.14546739e-03   0.0000
 -3.36948395e-01   0.0000
  1.62219023e-03   0.0000
  7.85629265e-03   0.0000
 -5.39504528e-01   0.0000
  3.53681459e-03   0.0000
 -2.77143478e-01   0.0000
  1.30309798e-02   0.0000
 -2.18220497e-03   0.0000
  5.08805476e-02   0.0000
 -5.69572789e-04   0.0000
  1.01532985e-03   0.0000
  3.91986594e-02   0.0000
  2.42203064e-02   0.0000
 -2.96006841e-03   0.0000
  4.54693377e-01   0.0000
  7.78943021e-03   0.0000
 -3.51091591e-03   0.0000
 -5.64617775e-02   0.0000
  9.02602300e-02   0.0000
  8.39909136e-01   0.0000
 -5.35255484e-02   0.0000
  2.84572020e-02   0.0000
  1.27114847e-01   0.0000
  3.68043423e-01   0.0000
  1.56896599e-02   0.0000
  5.50711870e-01   0.0000
  5.46283424e-01   0.0000
 -4.08533327e-02   0.0000
  7.32861832e-02   0.0000
  7.24896431e-01   0.0000
 -3.13593075e-02   0.0000
 -2.93004676e-03   0.0000
  3.79665017e-01   0.0000
 -2.13139076e-02   0.0000
 -1.09639183e-01   0.0000
  1.95244655e-01   0.0000
 -3.67767364e-03   0.0000
  3.89331043e-01   0.0000
 -5.24681620e-02   0.0000
  4.00281831e-04   0.0000
 -8.41113552e-02   0.0000
 -3.49819171e-03   0.0000
 -8.52325407e-04   0.0000
 -1.10235736e-02   0.0000
  7.20710009e-02   0.0000
 -1.56336520e-02   0.0000
 -1.92991868e-01   0.0000
 -3.80431041e-02   0.0000
 -2.46096291e-02   0.0000
  2.15932801e-02   0.0000
  2.91656167e-03   0.0000
  9.18423653e-01   0.0000
 -2.52936385e-03   0.0000
 -4.94575277e-02   0.0000
 -1.72039598e-01   0.0000
  3.35936993e-01   0.0000
  8.00680593e-02   0.0000
  5.78466237e-01   0.0000
  7.10868537e-01   0.0000
  2.51750665e-04   0.0000
  1.33129815e-02   0.0000
  1.08541703e+00   0.0000
  7.62696145e-03   0.0000
  2.06001056e-03   0.0000
  2.23224610e-01   0.0000
 -2.37866901e-02   0.0000
 -5.04989624e-02   0.0000
  6.27083957e-01   0.0000
 -6.91323057e-02   0.0000
  1.76719844e-01   0.0000
  2.99917976e-03   0.0000
  4.26139421e-04   0.0000
  5.00619761e-04   0.0000
 -4.65713965e-04   0.0000
 -1.85484649e-04   0.0000
 -9.15382355e-02   0.0000
 -8.43873695e-02   0.0000
 -6.57132789e-02   0.0000
 -5.24790227e-01   0.0000
  6.35819286e-02   0.0000
  1.95121001e-02   0.0000
  7.87619203e-02   0.0000
  7.78194144e-02   0.0000
  2.92661250e-01   0.0000
 -1.69466473e-02   0.0000
  1.78367887e-02   0.0000
  1.24249542e-02   0.0000
  7.31309414e-01   0.0000
 -1.22520588e-02   0.0000
  6.05020940e-01   0.0000
  1.66180149e-01   0.0000
 -7.55055994e-03   0.0000
  9.23076943e-02   0.0000
  1.21873868e+00   0.0000
  8.36438220e-03   0.0000
  6.83088461e-03   0.0000
  1.62078500e-01   0.0000
 -3.90303507e-02   0.0000
 -5.77365188e-03   0.0000
  3.80146265e-01   0.0000
  2.93838413e-04   0.0000
  2.18078062e-01   0.0000
 -5.16707636e-02   0.0000
  9.76866926e-04   0.0000
 -6.11428311e-03   0.0000
  7.17597650e-05   0.0000
  2.03207158e-03   0.0000
  1.05659524e-02   0.0000
 -1.04451239e-01   0.0000
 -1.40756555e-02   0.0000
 -3.49499971e-01   0.0000
  2.39049736e-02   0.0000
  4.37213900e-03   0.0000
  6.51576072e-02   0.0000
  1.76991925e-01   0.0000
 -1.80279091e-02   0.0000
 -4.74601947e-02   0.0000
  2.32903175e-02   0.0000
  1.80451557e-01   0.0000
 -6.50347918e-02   0.0000
 -6.00140505e-02   0.0000
 -1.07146269e-02   0.0000
  4.65429993e-03   0.0000
 -1.13850430e-01   0.0000
  1.62289232e-01   0.0000
 -2.34841838e-01   0.0000
  3.90902646e-02   0.0000
  1.21427129e-03   0.0000
 -3.81581225e-02   0.0000
 -1.17698396e-02   0.0000
 -1.18801035e-01   0.0000
 -7.26142824e-02   0.0000
 -1.53216839e-01   0.0000
 -7.87492841e-02   0.0000
 -1.14717707e-01   0.0000
  8.91907839e-05   0.0000
 -1.48564428e-02   0.0000
 -2.54600513e-04   0.0000
 -5.29463054e-04   0.0000
  6.39185458e-02   0.0000
  2.66570691e-03   0.0000
  4.00982350e-02   0.0000
  8.64303261e-02   0.0000
 -2.38154512e-02   0.0000
  4.44136187e-02   0.0000
 -3.08201164e-02   0.0000
 -1.26239576e-03   0.0000
 -5.76020479e-01   0.0000
 -9.88169108e-04   0.0000
  1.19619824e-01   0.0000
  1.43193258e-02   0.0000
 -1.87415943e-01   0.0000
 -1.11294970e-01   0.0000
 -1.59971133e-01   0.0000
 -3.35981846e-01   0.0000
  1.77217659e-03   0.0000
 -1.98150501e-02   0.0000
 -1.51659414e-01   0.0000
  1.02868326e-01   0.0000
 -4.80702240e-03   0.0000
 -2.39133924e-01   0.0000
  1.32973846e-02   0.0000
  2.74665630e-03   0.0000
 -2.64002919e-01   0.0000
 -3.77086992e-03   0.0000
 -3.06715190e-01   0.0000
 -4.22810614e-02   0.0000
 -6.57124864e-03   0.0000
  1.38187641e-02   0.0000
 -1.60355668e-03   0.0000
 -1.15770847e-04   0.0000
  7.85815269e-02   0.0000
  3.28731276e-02   0.0000
  8.32083002e-02   0.0000
  2.21271157e-01   0.0000
 -1.97458807e-02   0.0000
 -2.14560404e-02   0.0000
 -1.57705173e-01   0.0000
  3.92351262e-02   0.0000
  1.23304498e+00   0.0000
  7.38927573e-02   0.0000
 -2.41141155e-01   0.0000
 -2.18486637e-01   0.0000
  8.04698944e-01   0.0000
  3.35008144e-01   0.0000
  5.85652232e-01   0.0000
  9.64615107e-01   0.0000
  1.17887609e-01   0.0000
  6.69877976e-03   0.0000
  8.48626614e-01   0.0000
 -2.18950152e-01   0.0000
 -2.94474466e-03   0.0000
  6.98766232e-01   0.0000
  5.96394390e-02   0.0000
  2.18194500e-02   0.0000
  7.34054565e-01   0.0000
  1.34062901e-01   0.0000
  5.72993994e-01   0.0000
  1.78520977e-01   0.0000
  1.62868714e-03   0.0000
 -3.26520670e-03   0.0000
  2.98969774e-03   0.0000
 -5.31102531e-02   0.0000
 -2.33850151e-01   0.0000
 -3.16249728e-01   0.0000
 -1.78091019e-01   0.0000
 -5.86063206e-01   0.0000
  1.33785263e-01   0.0000
 -4.70899977e-02   0.0000
  3.61620009e-01   0.0000
  9.51666664e-03   0.0000
 -1.91365167e-01   0.0000
 -4.54695746e-02   0.0000
  5.35982251e-02   0.0000
  1.36727616e-01   0.0000
 -2.35084772e-01   0.0000
 -4.83004712e-02   0.0000
 -6.13331720e-02   0.0000
 -2.29436859e-01   0.0000
 -1.06717506e-02   0.0000
  9.49001126e-03   0.0000
 -3.52994114e-01   0.0000
  3.35176103e-02   0.0000
 -2.16081389e-04   0.0000
 -9.05046985e-02   0.0000
 -9.91548505e-03   0.0000
 -1.60827041e-02   0.0000
 -2.39660516e-01   0.0000
 -1.01354448e-02   0.0000
 -1.27503455e-01   0.0000
 -5.74196875e-02   0.0000
  2.53613479e-03   0.0000
 -1.96848847e-02   0.0000
  7.97526794e-04   0.0000
  1.18933800e-04   0.0000
  1.85361505e-01   0.0000
  6.13404624e-02   0.0000
  4.90939580e-02   0.0000
  2.14964405e-01   0.0000
 -6.69232458e-02   0.0000
  9.18685365e-03   0.0000
 -1.03109643e-01   0.0000
  3.71864475e-02   0.0000
  1.61804751e-01   0.0000
 -4.84603345e-02   0.0000
  3.12868319e-02   0.0000
  8.47651511e-02   0.0000
  4.53778774e-01   0.0000
 -4.27559502e-02   0.0000
  1.62355810e-01   0.0000
  1.29464597e-01   0.0000
 -6.65543824e-02   0.0000
  2.21067276e-02   0.0000
  1.09259081e+00   0.0000
  6.17124923e-02   0.0000
  1.34797639e-03   0.0000
  7.54173994e-02   0.0000
 -4.03835066e-02   0.0000
 -4.75035273e-02   0.0000
  1.46289006e-01   0.0000
 -3.38879339e-02   0.0000
 -3.89638133e-02   0.0000
 -5.00385761e-02   0.0000
  3.13987467e-03   0.0000
 -6.55132672e-03   0.0000
  6.49478810e-04   0.0000
  2.64916802e-04   0.0000
  5.07920384e-02   0.0000
  8.25409740e-02   0.0000
  6.06991500e-02   0.0000
 -2.82382905e-01   0.0000
 -6.29406124e-02   0.0000
  3.22572514e-02   0.0000
 -1.25644691e-02   0.0000
  1.74566239e-01   0.0000
  1.78745599e-03   0.0000
 -9.96975377e-02   0.0000
  9.09650549e-02   0.0000
  1.04822102e-03   0.0000
 -8.97106156e-02   0.0000
 -3.16341221e-02   0.0000
 -1.68813504e-02   0.0000
 -2.29006223e-02   0.0000
 -6.61287382e-02   0.0000
  2.61242152e-03   0.0000
 -2.35908911e-01   0.0000
  2.41458919e-02   0.0000
  1.18518504e-03   0.0000
 -3.29797342e-02   0.0000
 -4.78779227e-02   0.0000
 -2.54778955e-02   0.0000
 -7.67296553e-02   0.0000
 -1.81255862e-01   0.0000
 -1.09958053e-01   0.0000
 -7.66031146e-02   0.0000
 -1.64903223e-03   0.0000
 -6.88281208e-02   0.0000
  3.33495118e-04   0.0000
 -3.44635802e-04   0.0000
  4.65151817e-02   0.0000
  1.47896662e-01   0.0000
  3.05385925e-02   0.0000
  1.54103950e-01   0.0000
 -9.81977955e-02   0.0000
  9.55129117e-02   0.0000
 -4.98422608e-02   0.0000
 -7.38567396e-05   0.0000
  5.05100489e-01   0.0000
 -6.68767327e-03   0.0000
 -7.97594562e-02   0.0000
 -1.18375212e-01   0.0000
  3.82456660e-01   0.0000
  4.61233780e-02   0.0000
  2.11602494e-01   0.0000
  4.31533784e-01   0.0000
  2.37491466e-02   0.0000
  5.40721193e-02   0.0000
  5.48460901e-01   0.0000
 -6.11332105e-03   0.0000
 -2.08640634e-03   0.0000
  3.38587165e-01   0.0000
 -5.53159462e-03   0.0000
  7.46433064e-03   0.0000
  3.54886085e-01   0.0000
  4.93743308e-02   0.0000
  2.10360348e-01   0.0000
  2.21229512e-02   0.0000
 -9.76301089e-04   0.0000
 -3.11446562e-03   0.0000
  1.69525971e-04   0.0000
 -1.08380488e-03   0.0000
 -1.85769275e-02   0.0000
 -1.34443641e-01   0.0000
  4.93128132e-03   0.0000
 -3.22083771e-01   0.0000
 -7.81255681e-03   0.0000
  3.56718362e-03   0.0000
  1.19761631e-01   0.0000
 -2.31357396e-01   0.0000
  4.47692811e-01   0.0000
  1.50710791e-01   0.0000
 -4.02989835e-01   0.0000
 -4.12154794e-01   0.0000
  4.01536599e-02   0.0000
  3.57489884e-01   0.0000
 -1.66266143e-01   0.0000
  3.78685772e-01   0.0000
  2.57968634e-01   0.0000
 -7.41095319e-02   0.0000
  3.33416402e-01   0.0000
 -2.76193589e-01   0.0000
 -1.83605980e-02   0.0000
  3.46381813e-01   0.0000
  1.21642254e-01   0.0000
  2.77239144e-01   0.0000
  1.50513470e-01   0.0000
  2.77792364e-01   0.0000
  2.48793051e-01   0.0000
  3.61283630e-01   0.0000
  7.42741977e-04   0.0000
  3.06749176e-02   0.0000
 -4.26813308e-03   0.0000
  1.13774040e-04   0.0000
 -2.73401618e-01   0.0000
 -5.89884520e-01   0.0000
 -2.19674096e-01   0.0000
 -7.22278580e-02   0.0000
  1.89626396e-01   0.0000
 -1.80662096e-01   0.0000
  3.73580366e-01   0.0000
 -1.40805040e-02   0.0000
  4.01381373e-01   0.0000
 -1.79339387e-02   0.0000
  1.01139776e-01   0.0000
  5.44425771e-02   0.0000
  8.62238348e-01   0.0000
 -1.48778662e-01   0.0000
  6.84369862e-01   0.0000
  1.80998191e-01   0.0000
  5.32743242e-03   0.0000
 -1.38552086e-02   0.0000
  1.05604613e+00   0.0000
  9.86772850e-02   0.0000
 -6.38181670e-03   0.0000
  2.59669814e-02   0.0000
 -1.31147727e-02   0.0000
  8.04642402e-03   0.0000
  2.20670387e-01   0.0000
  2.27507427e-02   0.0000
 -3.40693519e-02   0.0000
 -4.10337560e-02   0.0000
 -4.04663803e-03   0.0000
 -1.47765949e-02   0.0000
 -1.68524624e-03   0.0000
 -1.01242782e-04   0.0000
  6.62604198e-02   0.0000
 -8.07459815e-04   0.0000
  6.76625445e-02   0.0000
 -5.94194233e-01   0.0000
 -5.91614991e-02   0.0000
 -1.25237340e-02   0.0000
 -1.63835064e-01   0.0000
 -4.41917330e-01   0.0000
  4.40626919e-01   0.0000
  4.65048611e-01   0.0000
 -3.97624135e-01   0.0000
 -4.80264843e-01   0.0000
  7.49692023e-01   0.0000
  4.67530519e-01   0.0000
  3.71165246e-01   0.0000
  3.38181555e-01   0.0000
  4.58268613e-01   0.0000
 -5.12966156e-01   0.0000
  8.92823815e-01   0.0000
 -3.17871779e-01   0.0000
 -9.09245224e-04   0.0000
  3.01449716e-01   0.0000
  3.67016166e-01   0.0000
  4.29119229e-01   0.0000
  3.80808949e-01   0.0000
  5.90141475e-01   0.0000
  4.53295380e-01   0.0000
  4.44177359e-01   0.0000
 -9.49399371e-04   0.0000
  4.25248414e-01   0.0000
 -1.01846926e-01   0.0000
  3.34676504e-02   0.0000
 -2.14681655e-01   0.0000
 -6.21245742e-01   0.0000
 -3.68314743e-01   0.0000
 -3.27028543e-01   0.0000
  2.98752993e-01   0.0000
 -4.97221321e-01   0.0000
  4.19076204e-01   0.0000
 -6.25631511e-01   0.0000
  3.71182799e+00   0.0000
  7.50913084e-01   0.0000
 -1.44889772e+00   0.0000
 -1.64255500e+00   0.0000
  4.00558472e+00   0.0000
  1.51757479e+00   0.0000
  3.29041553e+00   0.0000
  2.89771080e+00   0.0000
  1.12517107e+00   0.0000
 -5.35228014e-01   0.0000
  5.54382563e+00   0.0000
 -1.25483072e+00   0.0000
 -5.25067113e-02   0.0000
  2.23909521e+00   0.0000
  7.25597918e-01   0.0000
  6.79545820e-01   0.0000
  2.96057463e+00   0.0000
  1.17840981e+00   0.0000
  2.17969060e+00   0.0000
  1.27165043e+00   0.0000
 -7.10900277e-02   0.0000
  2.63273507e-01   0.0000
 -3.90899368e-02   0.0000
 -1.57921333e-02   0.0000
 -1.22665560e+00   0.0000
 -1.97418046e+00   0.0000
 -1.00835276e+00   0.0000
 -3.02051592e+00   0.0000
  9.16140020e-01   0.0000
 -5.65915346e-01   0.0000
  1.63372242e+00   0.0000
  0.00000000e+00   0.0000

