 5 0.000000 1
 1 
 Si 28.085500
 0 0.250001 4.500000 0.978124 1.000000 
 4 0 1 2 3
 8 2.00000 2.20000 2.40000 2.60000 2.80000 3.00000 3.25000 3.50000
 1 12.169200 6.172630 3.114710 0.755675 0.404939 0.036124 0.650018 0.572890
 4 32 32 32 1
 -1.59756452e-01   0.0000
 -7.68239051e-02   0.0000
 -1.29071772e+00   0.0000
 -1.31379459e-02   0.0000
 -1.26691425e+00   0.0000
 -5.78800915e-04   0.0000
 -1.00849561e-01   0.0000
  1.03431847e-03   0.0000
  1.38807476e-01   0.0000
  2.44959909e-02   0.0000
 -1.49680853e+00   0.0000
  1.93156862e+00   0.0000
 -4.63548638e-02   0.0000
  9.77135122e-01   0.0000
 -6.90368563e-02   0.0000
 -9.74938214e-01   0.0000
  3.29014868e-03   0.0000
 -2.54039735e-01   0.0000
  5.22199199e-02   0.0000
  2.36170113e-01   0.0000
 -1.60707867e+00   0.0000
  7.87784874e-01   0.0000
  4.07978445e-01   0.0000
  3.57229705e-03   0.0000
  7.16414511e-01   0.0000
 -1.08580458e+00   0.0000
 -5.49600795e-02   0.0000
  4.09901559e-01   0.0000
  2.01980630e-03   0.0000
 -1.61951855e-01   0.0000
 -9.12295282e-01   0.0000
 -1.71429273e-02   0.0000
  4.49433863e-01   0.0000
  2.28277631e-02   0.0000
 -6.55010939e-01   0.0000
  1.27072185e-02   0.0000
 -2.30056271e-01   0.0000
 -6.08477332e-02   0.0000
 -8.76826867e-02   0.0000
 -1.14748925e-01   0.0000
  1.50907308e-01   0.0000
  4.78159785e-02   0.0000
 -1.17081904e+00   0.0000
  1.06800568e+00   0.0000
 -3.09763197e-02   0.0000
 -1.71698809e-01   0.0000
 -1.16237350e-01   0.0000
  3.90061378e-01   0.0000
 -4.91698682e-02   0.0000
 -4.74880636e-01   0.0000
  2.08011925e-01   0.0000
  8.93337131e-02   0.0000
 -9.86813426e-01   0.0000
  8.14786911e-01   0.0000
 -1.20574534e-01   0.0000
 -2.11271998e-02   0.0000
  5.91039836e-01   0.0000
 -7.51071513e-01   0.0000
 -1.48902148e-01   0.0000
  4.37220871e-01   0.0000
 -8.78579915e-03   0.0000
 -4.54862595e-01   0.0000
 -5.00174105e-01   0.0000
 -6.09857738e-01   0.0000
  2.03998923e-01   0.0000
  1.04500331e-01   0.0000
 -5.57965338e-01   0.0000
  2.96975020e-02   0.0000
  3.15211177e-01   0.0000
 -2.83817458e-03   0.0000
 -4.65230495e-02   0.0000
 -1.23799473e-01   0.0000
  1.00398168e-01   0.0000
  2.35986367e-01   0.0000
 -6.68383420e-01   0.0000
  3.10578257e-01   0.0000
 -1.55738607e-01   0.0000
 -3.20236862e-01   0.0000
 -1.14593528e-01   0.0000
  6.94031954e-01   0.0000
 -1.52608026e-02   0.0000
 -4.94881600e-01   0.0000
  1.90501750e-01   0.0000
  8.48021507e-02   0.0000
 -5.65341413e-01   0.0000
  6.91003203e-01   0.0000
 -4.61745322e-01   0.0000
 -1.94090307e-02   0.0000
  3.53028983e-01   0.0000
 -3.99059117e-01   0.0000
 -9.50845331e-02   0.0000
  3.33736897e-01   0.0000
 -6.35669678e-02   0.0000
 -5.85755408e-01   0.0000
 -1.28234848e-01   0.0000
 -9.38612163e-01   0.0000
 -1.35110453e-01   0.0000
  1.71971962e-01   0.0000
 -5.45424104e-01   0.0000
  2.19519958e-02   0.0000
  6.49183810e-01   0.0000
 -1.70276500e-02   0.0000
  1.15204439e-01   0.0000
 -1.89316854e-01   0.0000
  1.60922602e-01   0.0000
  2.20159307e-01   0.0000
 -3.22298348e-01   0.0000
 -2.15843409e-01   0.0000
 -8.53689387e-02   0.0000
 -3.86801660e-01   0.0000
 -2.12265640e-01   0.0000
  3.41369420e-01   0.0000
 -1.54684663e-01   0.0000
 -5.59879661e-01   0.0000
  2.99351424e-01   0.0000
 -5.55158295e-02   0.0000
 -1.28154561e-01   0.0000
  5.79109609e-01   0.0000
 -6.14657938e-01   0.0000
 -1.31167725e-01   0.0000
  1.67225063e-01   0.0000
 -3.03059332e-02   0.0000
 -7.92258903e-02   0.0000
  2.01908439e-01   0.0000
 -8.99314582e-02   0.0000
 -7.22540140e-01   0.0000
  4.24822681e-02   0.0000
 -1.01615655e+00   0.0000
 -1.33666843e-01   0.0000
  2.10507840e-01   0.0000
 -3.57922345e-01   0.0000
  2.09485009e-01   0.0000
  9.29167390e-01   0.0000
  2.78726257e-02   0.0000
  6.03226535e-02   0.0000
 -2.77365685e-01   0.0000
  3.59440565e-01   0.0000
  2.05066115e-01   0.0000
 -1.06905952e-01   0.0000
 -6.23161972e-01   0.0000
 -1.02682486e-01   0.0000
 -3.30085158e-01   0.0000
 -2.64099151e-01   0.0000
  1.19966537e-01   0.0000
 -1.40637547e-01   0.0000
 -5.22392035e-01   0.0000
  2.02774704e-01   0.0000
  8.29643663e-03   0.0000
 -2.51049758e-03   0.0000
  3.40839744e-01   0.0000
 -6.43994331e-01   0.0000
 -1.64525360e-01   0.0000
 -5.70028685e-02   0.0000
 -2.91828923e-02   0.0000
 -3.26402217e-01   0.0000
 -2.92945951e-02   0.0000
 -1.74901187e-01   0.0000
 -8.14141035e-01   0.0000
  2.86857396e-01   0.0000
 -1.02194607e+00   0.0000
  1.16441520e-02   0.0000
  3.07649076e-01   0.0000
 -4.39331025e-01   0.0000
  2.12046325e-01   0.0000
  1.02201772e+00   0.0000
 -6.49160370e-02   0.0000
  1.78703085e-01   0.0000
 -1.97561756e-01   0.0000
  3.26520771e-01   0.0000
  2.79967248e-01   0.0000
 -6.49016947e-02   0.0000
 -1.12986159e+00   0.0000
 -1.94378063e-01   0.0000
 -7.37834796e-02   0.0000
 -3.29100013e-01   0.0000
 -1.15913101e-01   0.0000
 -3.30300719e-01   0.0000
 -6.37701154e-01   0.0000
  3.15568179e-01   0.0000
 -4.00336087e-02   0.0000
  1.79156158e-02   0.0000
 -1.41212391e-02   0.0000
 -9.54062760e-01   0.0000
 -2.08377644e-01   0.0000
 -1.27617881e-01   0.0000
  8.40477739e-03   0.0000
 -2.97076076e-01   0.0000
 -1.59384012e-01   0.0000
 -2.07697853e-01   0.0000
 -8.49080622e-01   0.0000
  2.02471286e-01   0.0000
 -9.96098638e-01   0.0000
  3.08977962e-01   0.0000
  3.21767330e-01   0.0000
 -2.38227680e-01   0.0000
  2.09204271e-01   0.0000
  1.03489995e+00   0.0000
  4.84133232e-03   0.0000
  2.42718741e-01   0.0000
 -4.39320982e-01   0.0000
  4.74190176e-01   0.0000
  3.20621550e-01   0.0000
 -6.05120547e-02   0.0000
 -1.58591402e+00   0.0000
 -3.52625310e-01   0.0000
  2.62187243e-01   0.0000
 -3.31672251e-01   0.0000
 -4.01493639e-01   0.0000
 -2.69203573e-01   0.0000
 -7.32019484e-01   0.0000
  4.68528062e-01   0.0000
 -1.93900764e-02   0.0000
  8.88616126e-03   0.0000
 -3.76681685e-01   0.0000
 -9.09500480e-01   0.0000
 -2.49038234e-01   0.0000
 -2.20203549e-01   0.0000
 -2.17433140e-01   0.0000
 -3.64868790e-01   0.0000
 -2.68316746e-01   0.0000
 -3.09007466e-01   0.0000
 -9.75638211e-01   0.0000
  4.25847739e-01   0.0000
 -7.47771740e-01   0.0000
  7.13212371e-01   0.0000
  3.58360827e-01   0.0000
 -1.13614425e-01   0.0000
  2.57043689e-01   0.0000
  1.03670073e+00   0.0000
 -3.51801291e-02   0.0000
  2.08796844e-01   0.0000
 -3.72339785e-01   0.0000
  4.10743088e-01   0.0000
  3.47836792e-01   0.0000
 -1.34266555e-01   0.0000
 -1.98408568e+00   0.0000
 -3.11648011e-01   0.0000
  5.27513504e-01   0.0000
 -4.88857836e-01   0.0000
 -5.87229490e-01   0.0000
 -3.48296732e-01   0.0000
 -8.90952110e-01   0.0000
  5.07895172e-01   0.0000
  1.06040798e-01   0.0000
 -8.18496421e-02   0.0000
 -8.46388519e-01   0.0000
 -1.04850197e+00   0.0000
 -2.40051359e-01   0.0000
 -3.47257793e-01   0.0000
 -4.65498835e-01   0.0000
 -4.29836929e-01   0.0000
 -3.95836115e-01   0.0000
 -2.49024466e-01   0.0000
 -8.87812138e-01   0.0000
  4.59151566e-01   0.0000
 -6.20532393e-01   0.0000
 -7.16317818e-02   0.0000
  6.65569231e-02   0.0000
  8.60320628e-02   0.0000
  8.37773457e-03   0.0000
 -2.26277590e+00   0.0000
 -1.26532922e-02   0.0000
 -5.87021792e-03   0.0000
 -7.43954862e-03   0.0000
  1.06121954e-02   0.0000
 -1.28468662e-03   0.0000
 -1.60557771e+00   0.0000
  2.10992694e+00   0.0000
 -2.66425423e-02   0.0000
  3.49427438e+00   0.0000
 -3.04539409e-02   0.0000
 -8.76279533e-01   0.0000
  6.43510977e-03   0.0000
 -3.15189362e-01   0.0000
  4.91720513e-02   0.0000
 -4.31668423e-02   0.0000
 -6.47894144e-01   0.0000
 -1.31861353e+00   0.0000
  1.42590153e+00   0.0000
  5.22674713e-03   0.0000
  3.97250593e-01   0.0000
  3.30863088e-01   0.0000
  3.39478167e-04   0.0000
 -1.93532199e-01   0.0000
 -3.55251250e-03   0.0000
  4.32792515e-01   0.0000
 -3.25985938e-01   0.0000
  2.04537106e+00   0.0000
 -1.99948594e-01   0.0000
  8.51427205e-03   0.0000
  6.46010399e-01   0.0000
  1.85293201e-02   0.0000
 -1.27309728e+00   0.0000
  2.11085267e-02   0.0000
 -1.96368769e-02   0.0000
 -6.97663333e-03   0.0000
 -2.04002857e-03   0.0000
 -8.17692140e-04   0.0000
 -4.94446844e-01   0.0000
  1.47934985e+00   0.0000
  3.35647119e-03   0.0000
  3.12849283e-01   0.0000
 -4.92675304e-02   0.0000
 -7.40685225e-01   0.0000
  1.98399066e-03   0.0000
 -1.03644371e-01   0.0000
  9.32380557e-03   0.0000
 -6.01422004e-02   0.0000
 -4.46818769e-01   0.0000
 -6.69171810e-01   0.0000
  1.03099751e+00   0.0000
 -1.88900977e-02   0.0000
  4.53136206e-01   0.0000
  3.43562156e-01   0.0000
 -5.36307283e-02   0.0000
 -6.29377440e-02   0.0000
 -1.27765089e-02   0.0000
  1.38875097e-01   0.0000
 -2.26715490e-01   0.0000
  1.11659825e+00   0.0000
 -1.61029011e-01   0.0000
  4.39932011e-02   0.0000
  1.30679464e+00   0.0000
  1.91726666e-02   0.0000
 -6.19367242e-01   0.0000
  3.37214693e-02   0.0000
  1.75166118e-03   0.0000
  2.38355598e-03   0.0000
  1.01940736e-01   0.0000
  1.09448247e-01   0.0000
  1.54776126e-01   0.0000
  8.35766196e-01   0.0000
  5.16979536e-03   0.0000
 -8.72491241e-01   0.0000
 -5.82426339e-02   0.0000
 -3.07820410e-01   0.0000
 -7.69140664e-03   0.0000
  5.58475256e-02   0.0000
  8.92768055e-02   0.0000
 -9.06426534e-02   0.0000
 -1.91652283e-01   0.0000
 -3.54159474e-01   0.0000
  6.20034754e-01   0.0000
 -3.69028896e-02   0.0000
  3.27502966e-01   0.0000
  2.46935084e-01   0.0000
  3.65880318e-03   0.0000
 -2.52053980e-02   0.0000
 -3.48584317e-02   0.0000
  8.53032991e-02   0.0000
 -1.15545884e-01   0.0000
  8.36369097e-01   0.0000
 -2.16119647e-01   0.0000
  6.49338439e-02   0.0000
  1.41042364e+00   0.0000
  2.72651538e-02   0.0000
 -2.76069254e-01   0.0000
  1.35913035e-02   0.0000
 -2.52405629e-02   0.0000
 -4.43336517e-02   0.0000
  1.55895110e-02   0.0000
 -1.20252632e-02   0.0000
  5.12697637e-01   0.0000
  1.27229989e-01   0.0000
  7.32133398e-03   0.0000
 -1.09788370e+00   0.0000
 -5.21544777e-02   0.0000
  5.31926937e-02   0.0000
 -9.83294379e-03   0.0000
  2.10496083e-01   0.0000
  1.43863916e-01   0.0000
 -6.29705265e-02   0.0000
  2.57548075e-02   0.0000
 -2.27140427e-01   0.0000
  4.29393739e-01   0.0000
 -2.72904821e-02   0.0000
  2.43585318e-01   0.0000
  2.84247369e-01   0.0000
 -5.17719835e-02   0.0000
 -1.64319202e-01   0.0000
 -4.27657701e-02   0.0000
 -7.72965103e-02   0.0000
 -1.42497215e-02   0.0000
  6.72891736e-01   0.0000
 -2.20654607e-01   0.0000
  9.25795734e-02   0.0000
  1.35622573e+00   0.0000
  1.79819167e-02   0.0000
 -9.36751738e-02   0.0000
  4.04739752e-02   0.0000
 -1.18380487e-02   0.0000
 -1.40088484e-01   0.0000
  9.75997448e-02   0.0000
  1.23905003e-01   0.0000
  7.27989197e-01   0.0000
 -3.52138817e-01   0.0000
  2.42065755e-03   0.0000
 -8.76930892e-01   0.0000
 -7.82589689e-02   0.0000
  2.55839646e-01   0.0000
 -1.55106140e-02   0.0000
  4.01828468e-01   0.0000
  2.52328873e-01   0.0000
 -2.38606352e-02   0.0000
  2.93110549e-01   0.0000
 -1.36618510e-01   0.0000
  1.91850498e-01   0.0000
 -1.83058809e-02   0.0000
  1.69710055e-01   0.0000
  3.41318697e-01   0.0000
 -9.57883671e-02   0.0000
  2.49976590e-02   0.0000
 -3.30621898e-02   0.0000
 -1.44896314e-01   0.0000
  5.76180182e-02   0.0000
  5.89213967e-01   0.0000
 -3.04522008e-01   0.0000
  1.48469314e-01   0.0000
  9.97991323e-01   0.0000
  6.86955154e-02   0.0000
  1.17339164e-01   0.0000
  5.71805425e-02   0.0000
  9.22367070e-03   0.0000
 -9.62593034e-02   0.0000
  9.61883068e-02   0.0000
  5.24565391e-02   0.0000
  1.00173032e+00   0.0000
 -7.87800908e-01   0.0000
 -1.07529357e-01   0.0000
 -4.90357608e-01   0.0000
 -7.27584958e-02   0.0000
  2.69026488e-01   0.0000
 -6.88203648e-02   0.0000
  5.56330323e-01   0.0000
  2.17190310e-01   0.0000
 -5.58443144e-02   0.0000
  5.63822329e-01   0.0000
 -7.35001937e-02   0.0000
  1.47920147e-01   0.0000
 -1.94713548e-02   0.0000
  3.65230441e-02   0.0000
  4.02846664e-01   0.0000
 -1.75374091e-01   0.0000
 -1.57107458e-01   0.0000
 -7.72414729e-02   0.0000
 -1.04058884e-01   0.0000
  1.42476082e-01   0.0000
  6.43131673e-01   0.0000
 -5.33673644e-01   0.0000
  1.63273767e-01   0.0000
  5.18881619e-01   0.0000
  2.75525469e-02   0.0000
  1.06684729e-01   0.0000
  1.19328694e-02   0.0000
  2.91259643e-02   0.0000
 -3.17248255e-01   0.0000
  2.82877386e-01   0.0000
  1.63506106e-01   0.0000
  1.34729850e+00   0.0000
 -1.19520617e+00   0.0000
 -2.54064854e-02   0.0000
  7.72894770e-02   0.0000
 -6.90325350e-02   0.0000
  3.72638069e-02   0.0000
 -6.83715343e-02   0.0000
  6.48092210e-01   0.0000
  1.20153867e-01   0.0000
 -5.12850694e-02   0.0000
  9.29572284e-01   0.0000
 -8.14616233e-02   0.0000
  8.28031972e-02   0.0000
 -2.81886086e-02   0.0000
 -1.09707922e-01   0.0000
  4.53596473e-01   0.0000
 -1.31650358e-01   0.0000
 -1.21164881e-01   0.0000
 -5.34579568e-02   0.0000
 -1.45179763e-01   0.0000
  1.40804023e-01   0.0000
  8.42066169e-01   0.0000
 -6.32502794e-01   0.0000
  2.06090212e-01   0.0000
 -1.48030173e-03   0.0000
  9.45623443e-02   0.0000
  1.26658872e-01   0.0000
 -1.61501709e-02   0.0000
  4.14348468e-02   0.0000
 -2.48461679e-01   0.0000
  3.74125600e-01   0.0000
  3.31727654e-01   0.0000
  1.58575404e+00   0.0000
 -1.51667058e+00   0.0000
 -1.91815957e-01   0.0000
  9.05085564e-01   0.0000
 -9.24530327e-02   0.0000
 -2.71293998e-01   0.0000
 -2.07336083e-01   0.0000
  7.63698220e-01   0.0000
  3.24379593e-01   0.0000
  1.24184396e-02   0.0000
  1.25846136e+00   0.0000
 -7.84743577e-02   0.0000
  1.92793235e-02   0.0000
 -1.89666957e-01   0.0000
 -2.25586504e-01   0.0000
  4.96138155e-01   0.0000
 -1.90063477e-01   0.0000
 -1.91136539e-01   0.0000
 -3.70163806e-02   0.0000
 -1.78834379e-01   0.0000
  1.74561292e-01   0.0000
  1.05738473e+00   0.0000
 -1.55134726e+00   0.0000
  4.14156258e-01   0.0000
 -9.85617816e-01   0.0000
  2.28240434e-02   0.0000
 -3.81991863e-01   0.0000
  1.11110784e-01   0.0000
  4.68859822e-02   0.0000
 -2.76108347e-02   0.0000
 -1.30324031e-03   0.0000
 -3.15045565e-03   0.0000
  1.52164721e+00   0.0000
 -2.11205482e-01   0.0000
 -2.18969602e-02   0.0000
  9.87123311e-01   0.0000
 -1.03901662e-01   0.0000
 -1.04232937e-01   0.0000
 -5.59658569e-04   0.0000
  1.92605138e-01   0.0000
 -2.02077033e-04   0.0000
 -2.00142741e-01   0.0000
  2.77231425e-01   0.0000
  4.24145579e-01   0.0000
  6.82962060e-01   0.0000
 -4.61617783e-02   0.0000
 -5.72214067e-01   0.0000
  5.46909094e-01   0.0000
 -1.28358947e-02   0.0000
  2.87986845e-01   0.0000
 -2.87881531e-02   0.0000
 -2.87725836e-01   0.0000
  6.09925687e-02   0.0000
  1.07811773e+00   0.0000
 -8.66933584e-01   0.0000
  3.07854116e-01   0.0000
 -4.72069919e-01   0.0000
  3.67278717e-02   0.0000
  1.61183745e-01   0.0000
  5.95292337e-02   0.0000
  2.64771506e-02   0.0000
 -9.61497985e-03   0.0000
  2.12191939e-02   0.0000
  4.74724482e-04   0.0000
  1.16027385e-01   0.0000
 -6.67470574e-01   0.0000
 -1.14656184e-02   0.0000
 -1.07815325e-01   0.0000
 -7.63752460e-02   0.0000
  3.55015308e-01   0.0000
 -9.53300949e-03   0.0000
  2.23399803e-01   0.0000
 -1.00157158e-02   0.0000
 -1.71694577e-01   0.0000
 -2.17374101e-01   0.0000
  8.65027010e-02   0.0000
  2.95058787e-01   0.0000
 -2.02035159e-02   0.0000
 -3.84168565e-01   0.0000
  1.63678780e-01   0.0000
 -2.10170681e-03   0.0000
  5.42180479e-01   0.0000
 -4.87036631e-02   0.0000
 -1.71056122e-01   0.0000
 -9.15017724e-02   0.0000
  4.72283036e-01   0.0000
 -7.01842755e-02   0.0000
  2.39145130e-01   0.0000
 -2.62612402e-01   0.0000
  3.74362320e-02   0.0000
  3.16883355e-01   0.0000
  7.04321936e-02   0.0000
 -1.11615816e-02   0.0000
 -1.98304858e-02   0.0000
  3.37267667e-02   0.0000
 -5.45325363e-03   0.0000
 -5.87403774e-01   0.0000
 -6.86684012e-01   0.0000
 -4.55630897e-03   0.0000
 -3.90447587e-01   0.0000
 -3.10382284e-02   0.0000
  6.20948017e-01   0.0000
 -8.47515278e-03   0.0000
  3.84813696e-01   0.0000
  2.97100330e-03   0.0000
 -1.58423409e-01   0.0000
 -4.59697932e-01   0.0000
 -1.31987095e-01   0.0000
  1.32965535e-01   0.0000
 -3.19738835e-02   0.0000
 -2.30552167e-01   0.0000
 -1.23216741e-01   0.0000
  3.65566090e-03   0.0000
  4.28119928e-01   0.0000
 -7.03438222e-02   0.0000
 -5.43288626e-02   0.0000
 -2.05210119e-01   0.0000
  1.77464634e-01   0.0000
  4.92841631e-01   0.0000
  1.44026369e-01   0.0000
 -2.37289757e-01   0.0000
 -2.42042076e-02   0.0000
  4.18055564e-01   0.0000
  3.66346017e-02   0.0000
 -9.80041474e-02   0.0000
 -8.11721548e-04   0.0000
 -1.91229425e-04   0.0000
 -6.44524815e-03   0.0000
 -6.56789780e-01   0.0000
 -4.56502169e-01   0.0000
 -1.60363521e-02   0.0000
 -2.57434100e-01   0.0000
  6.77433759e-02   0.0000
  6.53005123e-01   0.0000
 -1.10631064e-02   0.0000
  5.21865726e-01   0.0000
  2.06909366e-02   0.0000
 -2.44601145e-01   0.0000
 -3.94056112e-01   0.0000
 -3.05088490e-01   0.0000
  1.39125630e-01   0.0000
 -3.76218408e-02   0.0000
 -8.98437947e-02   0.0000
 -2.19378874e-01   0.0000
 -2.65783072e-02   0.0000
  4.31633562e-01   0.0000
 -2.28765719e-02   0.0000
  9.17235389e-02   0.0000
 -4.42778349e-01   0.0000
 -1.12864904e-01   0.0000
  7.27814734e-01   0.0000
  1.55337527e-01   0.0000
 -2.21984625e-01   0.0000
  2.16975026e-02   0.0000
  4.20373499e-01   0.0000
  1.19465798e-01   0.0000
 -2.78331880e-02   0.0000
 -1.87133986e-03   0.0000
  8.36115517e-03   0.0000
 -6.47859322e-03   0.0000
 -4.56485689e-01   0.0000
 -1.46693707e-01   0.0000
 -3.07014827e-02   0.0000
 -1.43631503e-01   0.0000
  2.04736404e-02   0.0000
  3.88274908e-01   0.0000
  1.95568521e-03   0.0000
  5.63914895e-01   0.0000
  2.26496793e-02   0.0000
 -1.50209829e-01   0.0000
 -1.32209376e-01   0.0000
 -2.87642747e-01   0.0000
  1.14860259e-01   0.0000
  1.39385965e-02   0.0000
  2.81814709e-02   0.0000
 -1.67915091e-01   0.0000
 -3.83254215e-02   0.0000
  5.10689855e-01   0.0000
 -6.32346720e-02   0.0000
  2.39250526e-01   0.0000
 -4.35418159e-01   0.0000
 -1.95285961e-01   0.0000
  7.47887254e-01   0.0000
  9.14135724e-02   0.0000
 -1.43633187e-02   0.0000
  3.92390192e-02   0.0000
  5.21266282e-01   0.0000
  6.22186475e-02   0.0000
 -1.58457473e-01   0.0000
 -2.24179476e-02   0.0000
  3.01759392e-02   0.0000
  9.05746967e-03   0.0000
 -2.01838613e-01   0.0000
  1.05930984e-01   0.0000
 -1.74842216e-02   0.0000
  8.85900781e-02   0.0000
  1.60289660e-01   0.0000
 -2.94292510e-01   0.0000
  4.49949363e-03   0.0000
  7.88279831e-01   0.0000
  7.40042515e-03   0.0000
 -2.66108811e-01   0.0000
  2.60554403e-01   0.0000
 -1.16685785e-01   0.0000
  1.73028871e-01   0.0000
 -1.77447163e-02   0.0000
  1.21592000e-01   0.0000
 -5.77362478e-02   0.0000
  9.48320888e-03   0.0000
  4.79479194e-01   0.0000
 -3.10415588e-02   0.0000
  3.92644107e-01   0.0000
 -5.91582894e-01   0.0000
 -4.66965437e-01   0.0000
  5.12504995e-01   0.0000
  5.20067587e-02   0.0000
  4.73188698e-01   0.0000
  1.51469633e-02   0.0000
  5.94239533e-01   0.0000
  5.28000742e-02   0.0000
 -3.86464968e-02   0.0000
 -5.07634021e-02   0.0000
  5.13547100e-02   0.0000
  2.57153101e-02   0.0000
  1.37555018e-01   0.0000
  5.17311990e-01   0.0000
  6.26371149e-03   0.0000
  1.05125681e-01   0.0000
  1.49238363e-01   0.0000
 -1.01599646e+00   0.0000
 -1.59644354e-02   0.0000
  9.00620103e-01   0.0000
  1.36766555e-02   0.0000
 -2.26376384e-01   0.0000
  6.26452804e-01   0.0000
  2.84649860e-02   0.0000
  2.45657474e-01   0.0000
 -4.68058586e-02   0.0000
  2.47544453e-01   0.0000
  7.74029270e-02   0.0000
 -5.32950200e-02   0.0000
  5.71827650e-01   0.0000
 -5.99328354e-02   0.0000
  6.62326515e-01   0.0000
 -5.93834341e-01   0.0000
 -7.17440844e-01   0.0000
  3.19065452e-01   0.0000
  1.29067786e-02   0.0000
  1.05741382e+00   0.0000
  1.49421822e-02   0.0000
  4.95001256e-01   0.0000
  2.26193666e-01   0.0000
 -6.77564070e-02   0.0000
 -8.00789297e-02   0.0000
  8.59294981e-02   0.0000
  5.76786324e-02   0.0000
  4.86063182e-01   0.0000
  8.68457854e-01   0.0000
 -9.49814077e-03   0.0000
  1.10853411e-01   0.0000
  8.60302001e-02   0.0000
 -1.81377029e+00   0.0000
 -2.89184414e-02   0.0000
  1.14797032e+00   0.0000
  5.71005829e-02   0.0000
 -3.01359743e-01   0.0000
  7.72207260e-01   0.0000
  1.87479109e-01   0.0000
  4.10104930e-01   0.0000
  8.06945376e-03   0.0000
  2.65589565e-01   0.0000
  3.46185654e-01   0.0000
 -7.48202354e-02   0.0000
  6.58553421e-01   0.0000
 -3.21441703e-02   0.0000
  7.37740695e-01   0.0000
 -4.75754440e-01   0.0000
 -7.88692355e-01   0.0000
 -6.74181819e-01   0.0000
 -5.05564094e-04   0.0000
 -1.99934137e+00   0.0000
  1.16926560e-03   0.0000
 -1.96167588e+00   0.0000
 -1.93428788e-02   0.0000
  9.18029025e-02   0.0000
 -2.23823227e-02   0.0000
  1.17337052e-02   0.0000
  4.98006493e-02   0.0000
 -1.32967186e+00   0.0000
  3.74830198e+00   0.0000
 -1.62751339e-02   0.0000
  1.89731741e+00   0.0000
 -1.19893447e-01   0.0000
  2.66829543e-02   0.0000
 -1.22236190e-04   0.0000
  3.38755578e-01   0.0000
 -1.54006819e-03   0.0000
 -3.84489261e-02   0.0000
  6.01970553e-02   0.0000
 -1.05335510e+00   0.0000
  1.65994465e+00   0.0000
  6.91492995e-03   0.0000
  7.16350675e-02   0.0000
  3.87061179e-01   0.0000
 -4.81387926e-03   0.0000
 -5.54561377e-01   0.0000
 -6.67693559e-03   0.0000
  5.45809090e-01   0.0000
  6.90923870e-01   0.0000
  8.92725170e-01   0.0000
  1.33575410e-01   0.0000
  9.11401585e-02   0.0000
 -5.83725691e-01   0.0000
  7.57571915e-03   0.0000
  8.90839398e-01   0.0000
 -1.79311205e-02   0.0000
  1.31754056e-01   0.0000
 -1.31888846e-02   0.0000
  3.42707746e-02   0.0000
 -2.69598793e-04   0.0000
 -1.37671232e+00   0.0000
 -7.39586115e-01   0.0000
 -6.18370622e-03   0.0000
 -1.31683064e+00   0.0000
 -1.21309370e-01   0.0000
  2.24818259e-01   0.0000
 -5.51571883e-03   0.0000
  3.61206442e-01   0.0000
  1.04947006e-02   0.0000
 -8.80723761e-04   0.0000
 -3.53387594e-02   0.0000
 -5.68135440e-01   0.0000
 -7.86225438e-01   0.0000
 -1.65969077e-02   0.0000
  1.19440779e-01   0.0000
  8.53196979e-02   0.0000
 -5.35925338e-03   0.0000
 -1.55448779e-01   0.0000
  1.50400901e-03   0.0000
  2.66462892e-01   0.0000
  4.95695859e-01   0.0000
 -8.32175016e-01   0.0000
  4.77866948e-01   0.0000
  3.38119119e-01   0.0000
 -4.13543582e-01   0.0000
  4.85080032e-04   0.0000
 -4.82853234e-01   0.0000
 -1.05692558e-02   0.0000
  3.80764231e-02   0.0000
 -1.58452580e-03   0.0000
  1.72984006e-03   0.0000
  2.64593083e-02   0.0000
 -7.48930812e-01   0.0000
 -2.04876781e+00   0.0000
 -5.62539184e-03   0.0000
  6.23783529e-01   0.0000
 -7.50389993e-02   0.0000
  3.96658659e-01   0.0000
 -3.27562690e-02   0.0000
  3.82797897e-01   0.0000
  2.59176139e-02   0.0000
  1.89659558e-02   0.0000
  7.68027529e-02   0.0000
 -1.30295366e-01   0.0000
 -1.62011135e+00   0.0000
 -6.35964572e-02   0.0000
  3.16245824e-01   0.0000
 -1.22053977e-02   0.0000
 -1.05171476e-03   0.0000
 -6.77298158e-02   0.0000
 -2.56727189e-02   0.0000
  2.20705211e-01   0.0000
  3.43081027e-01   0.0000
 -4.54613147e-03   0.0000
  7.51356900e-01   0.0000
  4.12811220e-01   0.0000
 -4.44285929e-01   0.0000
  4.00050990e-02   0.0000
 -1.28274992e-01   0.0000
  8.36934615e-03   0.0000
  1.05268788e-02   0.0000
 -1.63053945e-02   0.0000
  1.69030465e-02   0.0000
  1.67048350e-01   0.0000
 -2.36183301e-01   0.0000
 -1.87214530e+00   0.0000
 -2.06480315e-03   0.0000
  2.34966222e-02   0.0000
 -5.15992902e-02   0.0000
  3.44028294e-01   0.0000
 -2.10862216e-02   0.0000
  3.15133572e-01   0.0000
  1.10641392e-02   0.0000
 -2.65164226e-02   0.0000
  1.87577635e-01   0.0000
 -6.78555548e-01   0.0000
 -1.33643663e+00   0.0000
 -3.87434312e-03   0.0000
  2.08860457e-01   0.0000
 -3.77643518e-02   0.0000
 -2.43508518e-02   0.0000
  1.02760807e-01   0.0000
 -3.13974991e-02   0.0000
  2.18479320e-01   0.0000
  2.46826634e-01   0.0000
  2.51431644e-01   0.0000
  6.25081956e-01   0.0000
  5.68566918e-01   0.0000
 -2.34802231e-01   0.0000
  9.98702366e-04   0.0000
 -6.66052848e-02   0.0000
  5.57630742e-03   0.0000
 -7.11925142e-03   0.0000
 -1.19424112e-01   0.0000
  1.96909010e-01   0.0000
  1.43765509e-01   0.0000
  2.14086145e-01   0.0000
 -1.64738071e+00   0.0000
 -1.12966113e-01   0.0000
  3.73430401e-01   0.0000
 -5.08139618e-02   0.0000
  1.38972536e-01   0.0000
 -7.54372180e-02   0.0000
  3.29020470e-01   0.0000
  1.26417071e-01   0.0000
 -3.10427248e-02   0.0000
  2.16699913e-01   0.0000
 -3.32707167e-01   0.0000
 -1.08994138e+00   0.0000
 -2.31511369e-02   0.0000
  1.25934511e-01   0.0000
 -2.97659785e-02   0.0000
 -1.33321807e-01   0.0000
  8.21480006e-02   0.0000
 -6.91452250e-02   0.0000
  2.50770539e-01   0.0000
  1.05705261e-01   0.0000
 -2.07557660e-02   0.0000
  4.14906621e-01   0.0000
  5.39009571e-01   0.0000
  1.23310201e-01   0.0000
  1.40057197e-02   0.0000
 -3.29071671e-01   0.0000
 -2.56391289e-03   0.0000
  5.98911569e-02   0.0000
 -1.04901232e-01   0.0000
  9.61397812e-02   0.0000
  1.52005211e-01   0.0000
  3.11419815e-01   0.0000
 -1.22874892e+00   0.0000
 -1.59712106e-01   0.0000
  7.87220448e-02   0.0000
 -3.53507176e-02   0.0000
 -6.65651709e-02   0.0000
 -7.83756897e-02   0.0000
  4.78896439e-01   0.0000
  1.70096070e-01   0.0000
 -6.58337399e-03   0.0000
  1.20373897e-01   0.0000
  6.27919436e-02   0.0000
 -1.16790366e+00   0.0000
 -1.57618240e-01   0.0000
  1.00500077e-01   0.0000
  3.23146656e-02   0.0000
 -1.55317143e-01   0.0000
  1.76776305e-01   0.0000
 -1.59916431e-02   0.0000
  3.82019788e-01   0.0000
 -1.92097221e-02   0.0000
 -5.84029146e-02   0.0000
 -1.73231289e-01   0.0000
  5.31028032e-01   0.0000
  7.29627848e-01   0.0000
  3.61022912e-02   0.0000
  2.63674080e-01   0.0000
 -5.73156178e-02   0.0000
 -3.37407575e-03   0.0000
 -2.21077517e-01   0.0000
  2.65181720e-01   0.0000
  2.56451547e-01   0.0000
  1.93644539e-01   0.0000
 -9.24714983e-01   0.0000
 -7.53601715e-02   0.0000
  5.33631667e-02   0.0000
 -1.27660125e-01   0.0000
 -3.06950003e-01   0.0000
 -1.63233340e-01   0.0000
  8.86056066e-01   0.0000
  1.27991095e-01   0.0000
 -3.42137404e-02   0.0000
 -1.65455550e-01   0.0000
 -1.35552688e-02   0.0000
 -1.11584365e+00   0.0000
 -1.10073194e-01   0.0000
  8.14298317e-02   0.0000
  9.43499804e-02   0.0000
 -2.45933667e-01   0.0000
 -9.06294808e-02   0.0000
 -1.19610876e-01   0.0000
  4.53858316e-01   0.0000
 -8.30440819e-02   0.0000
 -4.52667743e-01   0.0000
 -1.10006559e+00   0.0000
  5.84256411e-01   0.0000
  1.57109046e+00   0.0000
  1.62488073e-01   0.0000
  4.34864849e-01   0.0000
 -5.09809107e-02   0.0000
 -6.16376474e-03   0.0000
 -2.22222298e-01   0.0000
  1.85994804e-01   0.0000
  4.21278402e-02   0.0000
  4.68937933e-01   0.0000
 -5.84893227e-01   0.0000
 -1.90253273e-01   0.0000
 -4.84598786e-01   0.0000
 -1.41504053e-02   0.0000
 -5.78730166e-01   0.0000
 -3.24745029e-01   0.0000
  1.44831634e+00   0.0000
  1.41819924e-01   0.0000
 -5.38134947e-02   0.0000
 -4.34651941e-01   0.0000
  3.54844958e-01   0.0000
 -1.17585135e+00   0.0000
 -1.42272219e-01   0.0000
  4.33498733e-02   0.0000
  3.04086745e-01   0.0000
 -3.65900576e-01   0.0000
 -2.56117523e-01   0.0000
 -2.23184675e-01   0.0000
  3.59905571e-01   0.0000
 -7.86680430e-02   0.0000
 -6.61612689e-01   0.0000
  1.04618028e-01   0.0000
  1.37154371e-01   0.0000
 -6.01265430e-01   0.0000
  1.35112941e-01   0.0000
  7.25969970e-01   0.0000
  1.13845384e-02   0.0000
  1.14763543e-01   0.0000
 -4.27891076e-01   0.0000
  2.11708844e-01   0.0000
  3.59367400e-01   0.0000
  1.81622040e+00   0.0000
 -7.67749920e-02   0.0000
 -1.99760333e-01   0.0000
 -2.59404230e+00   0.0000
 -9.37785432e-02   0.0000
 -3.14454705e-01   0.0000
 -2.61966884e-01   0.0000
  1.29423308e+00   0.0000
  1.43263668e-01   0.0000
 -4.44142632e-02   0.0000
  1.26876676e+00   0.0000
  5.27136505e-01   0.0000
 -1.49037793e-01   0.0000
 -3.19993019e-01   0.0000
 -1.24639444e-01   0.0000
  4.90267426e-01   0.0000
 -2.39155769e-01   0.0000
 -1.94249764e-01   0.0000
 -2.30284169e-01   0.0000
  5.15405953e-01   0.0000
  1.76519722e-01   0.0000
 -3.91208798e-01   0.0000
  5.27867414e-02   0.0000
 -7.76899517e-01   0.0000
 -2.84714520e-01   0.0000
  7.01727569e-01   0.0000
  7.47455001e-01   0.0000
 -5.79563916e-01   0.0000
 -7.42290914e-01   0.0000
 -9.90828097e-01   0.0000
 -8.22343409e-01   0.0000
 -3.86838049e-01   0.0000
  6.94901422e-02   0.0000
 -1.55524522e-01   0.0000
  6.14499986e-01   0.0000
  4.90363361e-03   0.0000
 -8.71049166e-01   0.0000
 -3.11732054e-01   0.0000
 -1.63169846e-01   0.0000
 -7.84069955e-01   0.0000
 -3.35289091e-01   0.0000
 -9.21572030e-01   0.0000
 -5.27943432e-01   0.0000
  1.24503132e-02   0.0000
 -1.36461724e-02   0.0000
  5.19011393e-02   0.0000
  1.03745284e-02   0.0000
  5.09189844e-01   0.0000
  8.48636746e-01   0.0000
  4.52570885e-01   0.0000
  5.69763899e-01   0.0000
 -5.05389512e-01   0.0000
  1.13937013e-01   0.0000
 -6.95430815e-01   0.0000
 -3.11699882e-02   0.0000
  1.31012991e-01   0.0000
  5.89707457e-02   0.0000
 -1.04857855e-01   0.0000
 -1.32574543e-01   0.0000
  2.67914385e-01   0.0000
  1.21275328e-01   0.0000
  1.51600942e-01   0.0000
  9.80228260e-02   0.0000
  7.85670057e-02   0.0000
 -2.29716040e-02   0.0000
  7.60253565e-03   0.0000
 -1.75072849e-01   0.0000
 -8.93001631e-03   0.0000
  2.02308431e-01   0.0000
  6.09035045e-02   0.0000
  3.08529381e-02   0.0000
  1.17478624e-01   0.0000
  8.01763684e-02   0.0000
  1.78076535e-01   0.0000
  9.11678374e-02   0.0000
 -1.72526704e-03   0.0000
  9.42916144e-03   0.0000
 -1.36441579e-02   0.0000
  1.21557200e-02   0.0000
 -1.96689457e-01   0.0000
 -1.34128958e-01   0.0000
 -1.40706643e-01   0.0000
 -3.21174562e-01   0.0000
  7.03182667e-02   0.0000
 -4.33556363e-02   0.0000
  1.85364768e-01   0.0000
  1.36087105e-01   0.0000
 -6.57777011e-01   0.0000
 -1.07064635e-01   0.0000
  2.80927181e-01   0.0000
  2.65125781e-01   0.0000
 -1.44309199e+00   0.0000
 -4.01959777e-01   0.0000
 -1.54431164e+00   0.0000
 -6.57656610e-01   0.0000
 -1.68097332e-01   0.0000
  3.39597128e-02   0.0000
 -1.30352569e+00   0.0000
  3.09396654e-01   0.0000
 -1.92713540e-03   0.0000
 -6.19005442e-01   0.0000
 -1.37355953e-01   0.0000
 -2.88903147e-01   0.0000
 -9.40561593e-01   0.0000
 -2.95507967e-01   0.0000
 -7.34674871e-01   0.0000
 -2.17958331e-01   0.0000
  1.52395116e-02   0.0000
  1.19012070e-03   0.0000
  2.11414527e-02   0.0000
  3.51415947e-03   0.0000
  2.92762130e-01   0.0000
  2.58989960e-01   0.0000
  2.62229800e-01   0.0000
  1.23077452e+00   0.0000
 -2.32430533e-01   0.0000
  1.09008625e-01   0.0000
 -3.77595872e-01   0.0000
 -8.99447128e-03   0.0000
  5.63300774e-02   0.0000
  2.41113419e-04   0.0000
 -1.32946568e-02   0.0000
 -1.29302079e-02   0.0000
 -5.07013220e-03   0.0000
 -4.86350991e-03   0.0000
 -8.78984779e-02   0.0000
  3.44065577e-02   0.0000
  1.15146674e-02   0.0000
 -4.52493876e-03   0.0000
  1.39919713e-01   0.0000
 -1.53029915e-02   0.0000
  9.99549590e-03   0.0000
  3.29019316e-02   0.0000
  3.06545850e-03   0.0000
 -4.35121218e-03   0.0000
 -5.85910939e-02   0.0000
  1.90182999e-02   0.0000
 -5.31871151e-03   0.0000
  8.08477681e-03   0.0000
 -1.29806250e-03   0.0000
 -7.63346115e-03   0.0000
 -2.28106743e-03   0.0000
 -3.41557362e-03   0.0000
 -4.93952632e-02   0.0000
 -3.92333278e-03   0.0000
  5.43414569e-03   0.0000
 -2.27691494e-02   0.0000
  1.16093666e-03   0.0000
 -8.93568154e-03   0.0000
  9.95393377e-03   0.0000
 -9.83648933e-03   0.0000
 -7.32891798e-01   0.0000
  1.11659616e-02   0.0000
  1.28598750e-01   0.0000
  2.81030741e-02   0.0000
 -1.16534185e+00   0.0000
 -1.38559431e-01   0.0000
 -8.58249843e-01   0.0000
 -4.77426589e-01   0.0000
  1.85066182e-02   0.0000
 -9.47942305e-03   0.0000
 -1.68812191e+00   0.0000
  1.89175561e-01   0.0000
  2.98208673e-03   0.0000
 -4.37118739e-01   0.0000
  1.15215822e-04   0.0000
 -4.09767730e-04   0.0000
 -7.00904489e-01   0.0000
  5.80128375e-03   0.0000
 -4.36308801e-01   0.0000
  2.82144803e-03   0.0000
  1.83704030e-03   0.0000
  7.39636719e-02   0.0000
  2.02519987e-02   0.0000
  1.97897684e-02   0.0000
  1.39194146e-01   0.0000
 -1.18943891e-02   0.0000
  2.05023855e-01   0.0000
  8.50133121e-01   0.0000
 -9.29362178e-02   0.0000
 -5.03890309e-03   0.0000
 -1.64880961e-01   0.0000
  9.10188183e-02   0.0000
  1.04674637e-01   0.0000
 -1.81963313e-02   0.0000
 -1.90063622e-02   0.0000
 -7.28071248e-03   0.0000
  6.06923848e-02   0.0000
  4.27651219e-02   0.0000
  1.67655036e-01   0.0000
  1.71886742e-01   0.0000
  2.31372863e-02   0.0000
 -3.05287656e-03   0.0000
 -3.89751159e-02   0.0000
 -1.93517376e-02   0.0000
  1.22798243e-04   0.0000
  1.65650755e-01   0.0000
 -8.02154317e-02   0.0000
  2.22774912e-02   0.0000
  1.65146872e-01   0.0000
 -6.10431544e-02   0.0000
  1.49601609e-01   0.0000
  3.23266648e-02   0.0000
  1.18594887e-02   0.0000
  8.46358482e-03   0.0000
 -1.37554633e-03   0.0000
 -3.99285480e-02   0.0000
 -1.26789799e-02   0.0000
 -6.71326974e-03   0.0000
 -1.82906277e-02   0.0000
 -2.07924336e-01   0.0000
  4.23071384e-02   0.0000
  2.35638227e-02   0.0000
  9.73398089e-02   0.0000
 -9.26286355e-02   0.0000
 -5.28250225e-02   0.0000
  1.05465180e-03   0.0000
 -6.62947912e-03   0.0000
 -1.19481236e-01   0.0000
 -6.25672787e-02   0.0000
 -5.70645891e-02   0.0000
 -1.87074378e-01   0.0000
 -9.49725434e-02   0.0000
  1.25765294e-01   0.0000
  7.06410501e-03   0.0000
  2.20910963e-02   0.0000
  2.97677480e-02   0.0000
 -1.13614474e-03   0.0000
 -1.09319054e-01   0.0000
  7.95438290e-02   0.0000
  6.58201352e-02   0.0000
 -1.44660220e-01   0.0000
  7.86801334e-03   0.0000
 -1.30444631e-01   0.0000
  8.83187726e-02   0.0000
 -6.26738835e-03   0.0000
  1.27836362e-01   0.0000
  3.33624915e-03   0.0000
 -1.97674218e-03   0.0000
  3.08465846e-02   0.0000
 -1.70939304e-02   0.0000
  4.53827977e-02   0.0000
  1.19403116e-01   0.0000
  2.84648556e-02   0.0000
 -4.73925434e-02   0.0000
 -6.52884915e-02   0.0000
  2.39296840e-03   0.0000
 -2.91631997e-01   0.0000
 -3.88262980e-02   0.0000
  1.17286801e-01   0.0000
  1.01341128e-01   0.0000
 -9.38065425e-02   0.0000
 -1.59937609e-02   0.0000
 -3.83426137e-02   0.0000
 -2.01862857e-01   0.0000
 -2.56826393e-02   0.0000
  1.37565890e-02   0.0000
 -4.15666461e-01   0.0000
  8.54242221e-02   0.0000
  6.08734367e-03   0.0000
 -1.49403915e-01   0.0000
 -8.89094621e-02   0.0000
  4.88453312e-03   0.0000
 -2.00701252e-01   0.0000
 -4.42075320e-02   0.0000
 -4.00648527e-02   0.0000
 -5.90325370e-02   0.0000
  9.30433162e-03   0.0000
 -2.46060081e-02   0.0000
 -7.23231933e-04   0.0000
  2.77938005e-02   0.0000
  1.22905619e-01   0.0000
  1.32314771e-01   0.0000
  2.39007082e-02   0.0000
  1.28179371e-01   0.0000
 -3.33792344e-02   0.0000
  1.77925010e-03   0.0000
 -1.89415902e-01   0.0000
 -2.55953497e-03   0.0000
  3.09850961e-01   0.0000
  3.15047838e-02   0.0000
 -1.66899130e-01   0.0000
 -2.14991957e-01   0.0000
  1.19236805e-01   0.0000
  1.72397122e-01   0.0000
  7.50823990e-02   0.0000
  9.25876722e-02   0.0000
  6.97136521e-02   0.0000
 -3.57331261e-02   0.0000
  2.57317245e-01   0.0000
 -1.56800672e-01   0.0000
  2.46564683e-04   0.0000
  1.08531825e-01   0.0000
  1.28412813e-01   0.0000
  8.45320802e-03   0.0000
  2.14461088e-01   0.0000
  8.91107023e-02   0.0000
  1.35589093e-01   0.0000
  1.25854120e-01   0.0000
 -1.13969697e-02   0.0000
 -3.10726324e-03   0.0000
  6.75712060e-03   0.0000
  1.09580997e-03   0.0000
 -6.13188855e-02   0.0000
 -1.35023162e-01   0.0000
 -6.98258355e-02   0.0000
 -2.05653936e-01   0.0000
  1.44843921e-01   0.0000
 -5.69975711e-02   0.0000
  1.67811543e-01   0.0000
  3.13188508e-03   0.0000
  3.55355769e-01   0.0000
  4.33950275e-02   0.0000
 -5.75174689e-02   0.0000
 -2.74092853e-02   0.0000
  8.12924728e-02   0.0000
  4.75783236e-02   0.0000
 -4.22589593e-02   0.0000
  1.61682442e-01   0.0000
  7.70314336e-02   0.0000
  4.16395720e-03   0.0000
  3.69843841e-01   0.0000
 -6.67546019e-02   0.0000
 -5.57892909e-03   0.0000
  2.43539825e-01   0.0000
  4.46109362e-02   0.0000
  3.11152562e-02   0.0000
  3.52760293e-02   0.0000
  3.81277464e-02   0.0000
  4.88393307e-02   0.0000
  6.20671697e-02   0.0000
 -1.68774580e-03   0.0000
 -3.70563730e-03   0.0000
  3.05812852e-03   0.0000
  3.08762072e-03   0.0000
 -1.09777346e-01   0.0000
 -1.41329402e-02   0.0000
 -2.17103828e-02   0.0000
 -1.07830204e-01   0.0000
  3.47158127e-02   0.0000
 -5.49684511e-03   0.0000
  1.33081809e-01   0.0000
 -1.23910882e-01   0.0000
  1.02739620e+00   0.0000
  3.68469208e-02   0.0000
 -1.65621102e-01   0.0000
 -5.94178677e-01   0.0000
  2.10211933e-01   0.0000
  5.48243336e-02   0.0000
 -6.43087775e-02   0.0000
  5.55412710e-01   0.0000
  1.85234278e-01   0.0000
 -8.33132863e-02   0.0000
  9.64554071e-01   0.0000
  6.18069954e-02   0.0000
 -6.53168326e-03   0.0000
  1.19310699e-01   0.0000
  6.17345981e-02   0.0000
  1.31514028e-01   0.0000
  2.72096097e-01   0.0000
  3.96394551e-01   0.0000
  2.02998109e-02   0.0000
  1.82882428e-01   0.0000
  2.49372283e-03   0.0000
  1.25605278e-02   0.0000
 -1.11213494e-02   0.0000
 -4.18041018e-04   0.0000
  4.36258204e-02   0.0000
 -7.71455109e-01   0.0000
  5.27888797e-02   0.0000
 -4.59974334e-02   0.0000
 -6.73552183e-03   0.0000
 -6.69731572e-02   0.0000
  2.38235835e-02   0.0000
  1.49849728e-01   0.0000
  1.16899860e+00   0.0000
 -3.30042355e-02   0.0000
 -1.39531478e-01   0.0000
 -7.66408667e-02   0.0000
  1.53058052e+00   0.0000
  3.47664207e-01   0.0000
  1.16574681e+00   0.0000
  9.67118263e-01   0.0000
  3.02116498e-02   0.0000
  8.42577545e-04   0.0000
  2.29090524e+00   0.0000
 -2.81638265e-01   0.0000
 -1.28441572e-03   0.0000
  7.35165060e-01   0.0000
 -2.07450241e-02   0.0000
 -9.60727036e-02   0.0000
  1.09805048e+00   0.0000
 -1.79510657e-02   0.0000
  6.83314264e-01   0.0000
  9.60204974e-02   0.0000
  1.35956425e-02   0.0000
 -2.33019561e-01   0.0000
 -1.81591026e-02   0.0000
 -2.03459933e-01   0.0000
 -3.88561666e-01   0.0000
  2.72664079e-03   0.0000
 -2.70932555e-01   0.0000
 -1.05518293e+00   0.0000
  1.83422431e-01   0.0000
  1.00470511e-02   0.0000
  3.77050459e-01   0.0000
  1.11259148e-01   0.0000
 -1.23388946e-01   0.0000
 -2.71040741e-02   0.0000
  7.57626817e-02   0.0000
  8.58024359e-02   0.0000
 -2.15514284e-02   0.0000
 -5.83123937e-02   0.0000
  4.92020361e-02   0.0000
 -5.24452440e-02   0.0000
 -1.82935819e-01   0.0000
  1.91147029e-01   0.0000
 -1.99773654e-01   0.0000
  8.57176408e-02   0.0000
 -6.38392346e-04   0.0000
 -3.35297585e-02   0.0000
 -2.87702661e-02   0.0000
 -1.92443758e-01   0.0000
  2.56320350e-02   0.0000
 -2.32969478e-01   0.0000
 -1.61452815e-02   0.0000
 -8.98840874e-02   0.0000
 -1.58577655e-02   0.0000
 -6.25385717e-03   0.0000
  1.00208344e-02   0.0000
 -3.30642127e-02   0.0000
  1.70449987e-02   0.0000
  1.41320527e-01   0.0000
  2.18958613e-02   0.0000
  9.35396459e-03   0.0000
 -2.20515169e-02   0.0000
  5.27584227e-03   0.0000
 -3.39236557e-02   0.0000
  2.63367370e-02   0.0000
  1.62244558e+00   0.0000
  8.68829712e-03   0.0000
 -2.64302164e-01   0.0000
 -1.39330998e-01   0.0000
  2.46334863e+00   0.0000
  2.83810526e-01   0.0000
  1.94303000e+00   0.0000
  1.15583086e+00   0.0000
  1.50297033e-02   0.0000
  2.65400670e-02   0.0000
  3.47370076e+00   0.0000
 -2.32331738e-01   0.0000
 -7.12682900e-04   0.0000
  7.14063466e-01   0.0000
  2.43066046e-02   0.0000
 -7.93338194e-02   0.0000
  1.44839275e+00   0.0000
 -5.73079437e-02   0.0000
  8.23634207e-01   0.0000
  7.68201351e-02   0.0000
  6.36546174e-05   0.0000
 -1.94030143e-02   0.0000
  5.10384794e-03   0.0000
 -5.00560664e-02   0.0000
 -4.02023733e-01   0.0000
 -7.89159685e-02   0.0000
 -3.04347962e-01   0.0000
 -1.70165515e+00   0.0000
  1.65707037e-01   0.0000
  9.20095891e-02   0.0000
  4.57425356e-01   0.0000
  5.37925726e-03   0.0000
 -5.71197309e-02   0.0000
 -1.29329925e-02   0.0000
 -1.25919376e-02   0.0000
  6.09388633e-04   0.0000
 -2.63215788e-02   0.0000
  1.06747346e-02   0.0000
  9.17503759e-02   0.0000
 -1.89431999e-02   0.0000
  1.69910854e-04   0.0000
  4.70599271e-02   0.0000
 -1.78424180e-01   0.0000
 -9.14697011e-04   0.0000
  1.35444093e-03   0.0000
 -4.13521864e-02   0.0000
 -2.04049405e-02   0.0000
 -1.62289664e-03   0.0000
  6.72562644e-02   0.0000
 -9.49218217e-03   0.0000
  5.80627844e-02   0.0000
 -4.05992530e-02   0.0000
  1.03068389e-02   0.0000
 -1.16871379e-03   0.0000
  9.42832499e-04   0.0000
  5.36407344e-03   0.0000
  1.65309496e-02   0.0000
 -7.04523595e-03   0.0000
  4.56796661e-02   0.0000
  3.03871906e-03   0.0000
 -9.34522017e-04   0.0000
  1.29157733e-02   0.0000
 -4.10945863e-02   0.0000
  5.91398925e-02   0.0000
 -1.20236647e+00   0.0000
 -1.32014737e-01   0.0000
  4.51830238e-01   0.0000
  1.40530273e-01   0.0000
 -1.42825395e-01   0.0000
 -5.87867618e-01   0.0000
 -3.06111753e-01   0.0000
 -1.21382821e+00   0.0000
 -1.50772735e-01   0.0000
  1.84019189e-02   0.0000
  8.26945901e-02   0.0000
  5.36582887e-01   0.0000
  1.23520996e-02   0.0000
 -9.45711315e-01   0.0000
 -1.15137801e-01   0.0000
 -8.31620395e-02   0.0000
 -8.33513796e-01   0.0000
 -5.43646067e-02   0.0000
 -7.63920665e-01   0.0000
 -2.69989520e-01   0.0000
 -4.64972854e-03   0.0000
  2.98717692e-02   0.0000
 -1.37860258e-03   0.0000
  6.62028566e-02   0.0000
  4.51348275e-01   0.0000
  9.10505876e-02   0.0000
  3.60146940e-01   0.0000
  3.00588518e-01   0.0000
 -3.47791076e-01   0.0000
 -6.04714593e-03   0.0000
 -7.53316700e-01   0.0000
  1.74750164e-02   0.0000
 -1.71480879e-01   0.0000
 -1.54673196e-02   0.0000
  2.80663408e-02   0.0000
  8.69363248e-02   0.0000
 -9.81262103e-02   0.0000
 -2.82925484e-03   0.0000
  7.64018074e-02   0.0000
 -8.12179074e-02   0.0000
 -1.23787075e-01   0.0000
 -1.16390141e-03   0.0000
 -1.78646117e-01   0.0000
  4.42537852e-02   0.0000
 -6.70579757e-05   0.0000
 -1.77193120e-01   0.0000
 -1.48808723e-02   0.0000
 -3.64044536e-05   0.0000
  1.18083013e-02   0.0000
 -4.15267274e-02   0.0000
 -1.91450473e-02   0.0000
 -4.56574932e-03   0.0000
  1.13860564e-02   0.0000
  3.13446149e-02   0.0000
  1.65025238e-03   0.0000
 -9.85231530e-03   0.0000
  1.29342601e-01   0.0000
  3.78634147e-02   0.0000
  1.27522992e-02   0.0000
  2.47026756e-01   0.0000
 -5.09003513e-02   0.0000
  4.59697098e-03   0.0000
 -1.03834324e-01   0.0000
  1.02900930e-01   0.0000
  4.45571601e-01   0.0000
 -2.34608492e-03   0.0000
  2.02614274e-02   0.0000
  1.20271109e-01   0.0000
  9.01588500e-01   0.0000
  3.96998897e-02   0.0000
  3.27910751e-01   0.0000
  2.28869066e-01   0.0000
 -5.71734495e-02   0.0000
  1.14363186e-01   0.0000
  1.78891873e+00   0.0000
  8.57008528e-03   0.0000
  2.00330932e-02   0.0000
  1.76704213e-01   0.0000
 -1.34832738e-02   0.0000
 -8.86362605e-03   0.0000
  4.17740971e-01   0.0000
 -4.69022654e-02   0.0000
  1.15706600e-01   0.0000
 -5.86129352e-02   0.0000
  1.52241895e-02   0.0000
 -5.15136868e-02   0.0000
 -1.36770178e-02   0.0000
 -4.04624902e-02   0.0000
  1.30214095e-02   0.0000
  1.62737563e-01   0.0000
  4.09332626e-02   0.0000
 -2.70228922e-01   0.0000
 -1.94262248e-02   0.0000
  1.56116903e-01   0.0000
  7.17313215e-03   0.0000
 -3.60988779e-03   0.0000
  3.08085382e-01   0.0000
  1.07453980e-01   0.0000
 -1.59080625e-01   0.0000
 -1.51687860e-01   0.0000
  1.29327878e-01   0.0000
  4.01983075e-02   0.0000
 -3.47294509e-02   0.0000
  2.29303196e-01   0.0000
  1.68326631e-01   0.0000
  3.27316415e-03   0.0000
  2.74610192e-01   0.0000
 -2.50206888e-02   0.0000
 -9.62726772e-03   0.0000
  1.41222015e-01   0.0000
  7.98664540e-02   0.0000
  5.10833180e-03   0.0000
  8.25241953e-02   0.0000
  1.01353653e-01   0.0000
  5.87847866e-02   0.0000
  4.09481227e-02   0.0000
 -8.36400874e-03   0.0000
  2.41144579e-02   0.0000
 -1.98137220e-02   0.0000
 -2.52174754e-02   0.0000
 -6.29084259e-02   0.0000
 -1.91901505e-01   0.0000
 -2.87902635e-02   0.0000
 -1.31356820e-01   0.0000
  3.41383815e-02   0.0000
  3.07554612e-03   0.0000
  5.96471205e-02   0.0000
 -7.47981891e-02   0.0000
 -2.17311189e-01   0.0000
 -9.09310672e-03   0.0000
  7.59041682e-02   0.0000
  1.89386662e-02   0.0000
 -1.74754784e-01   0.0000
 -8.91825408e-02   0.0000
 -2.76295304e-01   0.0000
 -2.43200421e-01   0.0000
 -1.48109188e-02   0.0000
 -6.29253760e-02   0.0000
 -1.06564447e-01   0.0000
  3.74189876e-02   0.0000
  9.51951928e-03   0.0000
 -2.37095430e-01   0.0000
  6.02209184e-04   0.0000
 -7.83493835e-03   0.0000
 -2.66370118e-01   0.0000
 -2.24243589e-02   0.0000
 -2.11327478e-01   0.0000
 -7.07089435e-03   0.0000
  1.65264290e-02   0.0000
  9.71467867e-02   0.0000
 -1.66907499e-03   0.0000
 -1.13164373e-02   0.0000
  8.72386768e-02   0.0000
  8.78735259e-02   0.0000
  1.36045655e-02   0.0000
  2.63548017e-01   0.0000
 -7.65046105e-03   0.0000
 -5.83482608e-02   0.0000
 -1.11368023e-01   0.0000
  1.38029724e-01   0.0000
  4.65094119e-01   0.0000
 -6.76140636e-02   0.0000
 -7.22415326e-03   0.0000
  9.16962698e-02   0.0000
  2.19091892e-01   0.0000
  6.66849390e-02   0.0000
  4.22243506e-01   0.0000
  4.20218080e-01   0.0000
 -7.69122615e-02   0.0000
  1.25674859e-01   0.0000
  3.03461671e-01   0.0000
 -1.01862602e-01   0.0000
  1.37770856e-02   0.0000
  2.72501767e-01   0.0000
 -4.53304760e-02   0.0000
 -1.71171591e-01   0.0000
  2.79907614e-01   0.0000
 -7.29559362e-02   0.0000
  3.08371365e-01   0.0000
 -5.48643321e-02   0.0000
 -8.23482592e-03   0.0000
 -1.28310010e-01   0.0000
  2.82479599e-02   0.0000
 -2.01692283e-02   0.0000
 -5.40960208e-02   0.0000
  9.62451547e-02   0.0000
 -5.07040508e-02   0.0000
 -2.26128697e-01   0.0000
 -3.11087929e-02   0.0000
  7.88709987e-03   0.0000
  5.33652604e-02   0.0000
 -9.39399004e-02   0.0000
  4.53620553e-01   0.0000
  8.45680684e-02   0.0000
 -1.96270660e-01   0.0000
 -2.81082362e-01   0.0000
  5.71923494e-01   0.0000
  2.68042803e-01   0.0000
  7.89663017e-01   0.0000
  4.76488888e-01   0.0000
  9.10559148e-02   0.0000
 -7.68102035e-02   0.0000
  2.44268999e-01   0.0000
 -1.39935985e-01   0.0000
 -4.60780337e-02   0.0000
  4.59930271e-01   0.0000
  5.07824346e-02   0.0000
  2.66821403e-03   0.0000
  5.37150145e-01   0.0000
  3.55396941e-02   0.0000
  4.50658560e-01   0.0000
  1.13495819e-01   0.0000
  1.73874348e-02   0.0000
  7.70250186e-02   0.0000
 -1.15694208e-02   0.0000
  2.43178522e-03   0.0000
 -2.45015413e-01   0.0000
 -2.21011728e-01   0.0000
 -2.16183335e-01   0.0000
 -7.11310387e-01   0.0000
  1.75068364e-01   0.0000
 -5.92810325e-02   0.0000
  3.04568022e-01   0.0000
  1.21508002e-01   0.0000
  4.10427511e-01   0.0000
 -3.23059596e-02   0.0000
 -4.73522358e-02   0.0000
  8.31701979e-03   0.0000
  5.21721840e-01   0.0000
  9.08700451e-02   0.0000
  4.41644728e-01   0.0000
  2.48593047e-01   0.0000
 -3.06554344e-02   0.0000
  1.35271952e-01   0.0000
  8.52924228e-01   0.0000
 -8.15050378e-02   0.0000
  3.07707693e-02   0.0000
  2.72223175e-01   0.0000
 -5.38661852e-02   0.0000
 -1.19078038e-02   0.0000
  4.44898278e-01   0.0000
 -2.76936889e-02   0.0000
  3.54926050e-01   0.0000
 -5.61877824e-02   0.0000
  1.06280006e-03   0.0000
 -4.94254380e-02   0.0000
 -4.50574007e-04   0.0000
 -3.31714228e-02   0.0000
 -8.30526426e-02   0.0000
 -1.48714766e-01   0.0000
 -9.58460942e-02   0.0000
 -4.06405360e-01   0.0000
  1.08353607e-01   0.0000
  1.11035993e-02   0.0000
  1.83724165e-01   0.0000
  2.03575268e-01   0.0000
 -1.25740781e-01   0.0000
 -5.25833666e-02   0.0000
  1.89303514e-02   0.0000
  2.25740537e-01   0.0000
 -8.10366590e-03   0.0000
 -4.54477705e-02   0.0000
  9.45539474e-02   0.0000
  4.11784323e-03   0.0000
 -1.40622944e-01   0.0000
  1.91182926e-01   0.0000
 -2.01881319e-01   0.0000
  1.11897932e-02   0.0000
  6.31528860e-03   0.0000
 -1.29295709e-02   0.0000
 -2.39083767e-02   0.0000
 -1.39661312e-01   0.0000
 -2.49320660e-02   0.0000
 -1.92142487e-01   0.0000
  1.66901127e-02   0.0000
 -1.37877792e-01   0.0000
  6.12903992e-03   0.0000
 -3.73580977e-02   0.0000
 -3.19505320e-03   0.0000
 -3.06059630e-03   0.0000
  2.06087697e-02   0.0000
  5.73494993e-02   0.0000
  1.11348731e-02   0.0000
 -3.89538705e-02   0.0000
 -1.28589589e-02   0.0000
  6.01373389e-02   0.0000
 -5.11100283e-03   0.0000
  3.03386878e-02   0.0000
 -2.43209392e-01   0.0000
 -4.23869751e-02   0.0000
  1.68675870e-01   0.0000
  3.17901634e-02   0.0000
 -2.13285565e-01   0.0000
 -1.38320580e-01   0.0000
 -2.60115355e-01   0.0000
 -1.90395206e-01   0.0000
 -4.27751541e-02   0.0000
  8.04159977e-03   0.0000
  1.61211476e-01   0.0000
  1.45374030e-01   0.0000
  1.67620629e-02   0.0000
 -2.24248931e-01   0.0000
 -3.60331535e-02   0.0000
 -2.83554140e-02   0.0000
 -2.77843058e-01   0.0000
 -1.03719831e-02   0.0000
 -3.62400949e-01   0.0000
 -7.44352564e-02   0.0000
 -1.23811923e-02   0.0000
 -1.46844117e-02   0.0000
  7.48148374e-03   0.0000
 -6.78747846e-03   0.0000
  1.22384191e-01   0.0000
  2.69042794e-03   0.0000
  1.16902508e-01   0.0000
  3.68186861e-01   0.0000
 -6.56674579e-02   0.0000
  1.13036123e-03   0.0000
 -1.71082273e-01   0.0000
  1.07711561e-01   0.0000
  7.38697529e-01   0.0000
  8.13710466e-02   0.0000
 -2.30256498e-01   0.0000
 -2.07197130e-01   0.0000
  6.50840759e-01   0.0000
  3.18977714e-01   0.0000
  5.67121446e-01   0.0000
  6.90993965e-01   0.0000
  1.18485913e-01   0.0000
  7.28444979e-02   0.0000
  7.76737273e-01   0.0000
 -2.16969177e-01   0.0000
 -9.00662411e-03   0.0000
  5.68060279e-01   0.0000
  5.51555902e-02   0.0000
  7.05653755e-03   0.0000
  6.25085890e-01   0.0000
  1.09438784e-01   0.0000
  4.93899256e-01   0.0000
  1.74924195e-01   0.0000
  2.30362564e-02   0.0000
 -4.54557389e-02   0.0000
 -1.29373688e-02   0.0000
 -1.06036954e-01   0.0000
 -2.46834606e-01   0.0000
 -2.79268414e-01   0.0000
 -1.67954028e-01   0.0000
 -6.06703341e-01   0.0000
  1.34570166e-01   0.0000
 -4.85098809e-02   0.0000
  3.37253571e-01   0.0000
 -2.29007727e-03   0.0000
 -3.08594286e-01   0.0000
 -5.45716733e-02   0.0000
  6.26877695e-02   0.0000
  1.80639461e-01   0.0000
 -1.82119697e-01   0.0000
 -3.95946577e-02   0.0000
 -1.00911660e-02   0.0000
 -2.88623154e-01   0.0000
 -2.30732188e-02   0.0000
  4.18924447e-03   0.0000
 -3.41264069e-01   0.0000
  2.04178635e-02   0.0000
  6.44976133e-03   0.0000
 -9.75882038e-02   0.0000
 -1.01580685e-02   0.0000
 -3.30444649e-02   0.0000
 -2.13374078e-01   0.0000
 -2.18466315e-02   0.0000
 -7.11043179e-02   0.0000
 -7.94756860e-02   0.0000
 -7.50181405e-03   0.0000
 -2.80358121e-02   0.0000
  1.34070404e-03   0.0000
  4.24583117e-03   0.0000
  1.70510605e-01   0.0000
  1.24685153e-01   0.0000
  2.62885615e-02   0.0000
  1.19388878e-01   0.0000
 -6.35096207e-02   0.0000
  3.81097617e-03   0.0000
 -8.80268961e-02   0.0000
  7.22109387e-03   0.0000
  2.39704460e-01   0.0000
  1.14195500e-04   0.0000
 -9.58372876e-02   0.0000
  2.52435799e-03   0.0000
  1.05818100e-01   0.0000
  8.67071897e-02   0.0000
  3.45030315e-02   0.0000
  2.47815713e-01   0.0000
  1.76376523e-03   0.0000
  3.17376363e-03   0.0000
  3.02192092e-01   0.0000
 -3.82783227e-02   0.0000
  1.36798285e-02   0.0000
  2.37176433e-01   0.0000
  8.34482070e-03   0.0000
 -1.72186233e-02   0.0000
  1.52892128e-01   0.0000
 -6.64845854e-03   0.0000
  1.61131650e-01   0.0000
  4.05012853e-02   0.0000
 -1.03934994e-02   0.0000
 -9.52792587e-04   0.0000
 -2.71900487e-03   0.0000
 -1.57642725e-03   0.0000
 -4.03914265e-02   0.0000
  5.32568209e-02   0.0000
 -4.05976102e-02   0.0000
 -1.50901154e-01   0.0000
  3.20374928e-02   0.0000
  1.54800275e-02   0.0000
  1.46275580e-01   0.0000
  2.02772275e-01   0.0000
 -8.76457244e-02   0.0000
 -1.11635365e-01   0.0000
  9.84784663e-02   0.0000
  3.28464769e-02   0.0000
 -1.53740719e-02   0.0000
 -1.38358558e-02   0.0000
  1.07579708e-01   0.0000
 -9.49244853e-03   0.0000
 -9.00772214e-02   0.0000
  1.80806071e-02   0.0000
 -2.07882583e-01   0.0000
 -1.51654042e-03   0.0000
 -8.55144858e-03   0.0000
  1.56321023e-02   0.0000
 -6.19800240e-02   0.0000
 -3.89270745e-02   0.0000
  4.69448157e-02   0.0000
 -2.23864660e-01   0.0000
  5.42095490e-03   0.0000
 -9.79861394e-02   0.0000
  1.02649806e-02   0.0000
 -9.74897593e-02   0.0000
 -6.02763794e-05   0.0000
 -2.75455473e-04   0.0000
  7.86327571e-03   0.0000
  2.21342832e-01   0.0000
 -3.86810955e-03   0.0000
 -1.05229709e-02   0.0000
 -9.56000313e-02   0.0000
  1.18070923e-01   0.0000
 -8.98496434e-03   0.0000
  6.01175278e-02   0.0000
  3.46830368e-01   0.0000
  2.79187952e-04   0.0000
 -6.99199960e-02   0.0000
 -8.25654566e-02   0.0000
  4.57064629e-01   0.0000
  4.25142981e-02   0.0000
  3.15800399e-01   0.0000
  3.15264195e-01   0.0000
  8.76740925e-03   0.0000
  1.17600426e-01   0.0000
  4.70571697e-01   0.0000
 -1.48753105e-02   0.0000
  3.04809958e-02   0.0000
  2.92901576e-01   0.0000
 -7.47027015e-03   0.0000
  6.97266869e-03   0.0000
  3.19014758e-01   0.0000
  1.79284234e-02   0.0000
  2.23598540e-01   0.0000
  1.00740427e-02   0.0000
  9.65541322e-03   0.0000
  9.69961472e-03   0.0000
 -1.86221302e-03   0.0000
 -7.99237378e-03   0.0000
 -4.71143313e-02   0.0000
 -5.99563010e-02   0.0000
 -1.45689370e-02   0.0000
 -4.46570009e-01   0.0000
 -1.25919946e-03   0.0000
 -2.29943567e-03   0.0000
  1.23050578e-01   0.0000
 -1.71300560e-01   0.0000
  5.08431718e-02   0.0000
  3.42907645e-02   0.0000
 -1.95118159e-01   0.0000
 -1.92119598e-01   0.0000
  1.54972047e-01   0.0000
  1.10099539e-01   0.0000
 -7.21181482e-02   0.0000
  1.88860130e-02   0.0000
  1.23382173e-01   0.0000
 -1.89814698e-02   0.0000
  3.42775643e-01   0.0000
 -6.39783293e-02   0.0000
 -4.02717330e-02   0.0000
  3.14827561e-02   0.0000
  2.48932671e-02   0.0000
  2.00851649e-01   0.0000
  2.16442086e-02   0.0000
  1.36742309e-01   0.0000
  1.42956115e-02   0.0000
  1.92890480e-01   0.0000
 -7.56790768e-03   0.0000
 -6.92130579e-03   0.0000
  6.72788499e-03   0.0000
  2.36589593e-04   0.0000
 -7.84794316e-02   0.0000
 -3.22730064e-01   0.0000
 -4.40356620e-02   0.0000
 -5.70050348e-03   0.0000
  4.39239591e-02   0.0000
 -1.20920949e-01   0.0000
  9.30690840e-02   0.0000
  4.06481512e-03   0.0000
  5.98535359e-01   0.0000
 -1.10472562e-02   0.0000
  4.08393592e-02   0.0000
  6.71885163e-02   0.0000
  6.45996153e-01   0.0000
 -4.26616818e-02   0.0000
  5.26071191e-01   0.0000
  3.61793339e-01   0.0000
 -3.03762360e-03   0.0000
  2.34914944e-03   0.0000
  1.19894874e+00   0.0000
  6.80853380e-03   0.0000
  7.89713580e-03   0.0000
  1.81978524e-01   0.0000
 -9.01126582e-03   0.0000
  2.75748549e-04   0.0000
  3.30930769e-01   0.0000
 -1.28647871e-02   0.0000
  1.04892015e-01   0.0000
 -1.70958340e-02   0.0000
  2.57678656e-03   0.0000
 -4.60719839e-02   0.0000
 -9.97034647e-03   0.0000
 -3.73307825e-03   0.0000
 -4.65356484e-02   0.0000
  4.56511527e-02   0.0000
 -1.88657604e-02   0.0000
 -6.92489803e-01   0.0000
 -1.04435300e-02   0.0000
  2.00546323e-03   0.0000
 -1.16203874e-02   0.0000
 -4.84535873e-01   0.0000
  7.26095855e-01   0.0000
  4.93667513e-01   0.0000
 -4.38062608e-01   0.0000
 -5.84391296e-01   0.0000
  6.70335233e-01   0.0000
  4.74287063e-01   0.0000
  2.66948253e-01   0.0000
  4.84242946e-01   0.0000
  5.25607407e-01   0.0000
 -5.65230966e-01   0.0000
  9.92881656e-01   0.0000
 -3.09542865e-01   0.0000
 -2.85307188e-02   0.0000
  3.45306516e-01   0.0000
  4.02287424e-01   0.0000
  4.68228281e-01   0.0000
  3.44315350e-01   0.0000
  6.74895823e-01   0.0000
  3.72912616e-01   0.0000
  5.05802810e-01   0.0000
  4.98191314e-03   0.0000
  4.77235049e-01   0.0000
 -1.30310267e-01   0.0000
  8.64744484e-02   0.0000
 -1.55734360e-01   0.0000
 -7.80932367e-01   0.0000
 -3.45854372e-01   0.0000
 -1.06536418e-01   0.0000
  2.90156722e-01   0.0000
 -5.44550955e-01   0.0000
  4.10445005e-01   0.0000
 -5.48393607e-01   0.0000
  3.08834386e+00   0.0000
  7.09093273e-01   0.0000
 -1.22143865e+00   0.0000
 -1.37055337e+00   0.0000
  3.46850920e+00   0.0000
  1.36103022e+00   0.0000
  2.96527410e+00   0.0000
  2.45972466e+00   0.0000
  9.57823217e-01   0.0000
 -4.85266596e-01   0.0000
  4.63006163e+00   0.0000
 -1.11514473e+00   0.0000
 -1.10676229e-01   0.0000
  1.98526192e+00   0.0000
  6.64405644e-01   0.0000
  6.04482293e-01   0.0000
  2.58341932e+00   0.0000
  1.05634141e+00   0.0000
  1.95635998e+00   0.0000
  1.12420738e+00   0.0000
 -1.35668674e-02   0.0000
  2.83101231e-01   0.0000
 -1.11312069e-01   0.0000
  3.90916802e-02   0.0000
 -1.03425121e+00   0.0000
 -1.72928238e+00   0.0000
 -9.34142292e-01   0.0000
 -2.65763187e+00   0.0000
  8.31268668e-01   0.0000
 -5.05941868e-01   0.0000
  1.45114338e+00   0.0000
  0.00000000e+00   0.0000

