 5 0.000000 1
 1 
 Si 28.085500
 0 0.250001 4.500000 0.978124 1.000000 
 4 0 1 2 3
 8 2.00000 2.20000 2.40000 2.60000 2.80000 3.00000 3.25000 3.50000
 1 12.169200 6.172630 3.114710 0.755675 0.404939 0.036124 0.650018 0.572890
 4 32 32 32 1
 -1.71945661e-01   0.0000
 -7.93263987e-02   0.0000
 -1.33769917e+00   0.0000
 -6.99923933e-03   0.0000
 -1.24258482e+00   0.0000
  1.55715510e-01   0.0000
  4.10774872e-02   0.0000
  9.90066561e-04   0.0000
  9.03133005e-02   0.0000
 -6.91695651e-03   0.0000
 -1.17313325e+00   0.0000
  2.12597394e+00   0.0000
 -1.58791139e-03   0.0000
  5.25603354e-01   0.0000
 -1.80068631e-02   0.0000
 -1.51398325e+00   0.0000
  2.10273452e-02   0.0000
 -6.92512244e-02   0.0000
  1.36977555e-02   0.0000
  1.03682086e-01   0.0000
 -1.40777528e+00   0.0000
  2.01537037e+00   0.0000
  5.11362612e-01   0.0000
  1.82638392e-02   0.0000
  4.73941147e-01   0.0000
 -1.04036176e+00   0.0000
  7.16218213e-03   0.0000
  6.37928307e-01   0.0000
  5.79875633e-02   0.0000
 -2.68703729e-01   0.0000
 -1.07981586e+00   0.0000
  2.55239159e-01   0.0000
  1.52415991e-01   0.0000
 -8.55717137e-02   0.0000
 -4.54273522e-01   0.0000
 -8.43565725e-03   0.0000
 -9.59060565e-02   0.0000
  1.44584179e-01   0.0000
  3.92252058e-02   0.0000
 -7.25502223e-02   0.0000
  1.10399149e-01   0.0000
  1.68505628e-02   0.0000
 -9.48472023e-01   0.0000
  1.17650509e+00   0.0000
 -1.58401839e-02   0.0000
 -5.05924344e-01   0.0000
 -7.58039504e-02   0.0000
  2.81749338e-01   0.0000
  6.33473566e-04   0.0000
 -2.85226285e-01   0.0000
  1.64757565e-01   0.0000
  5.76735428e-03   0.0000
 -1.10663319e+00   0.0000
  1.35160828e+00   0.0000
  1.81199927e-02   0.0000
  2.65069678e-03   0.0000
  3.89863700e-01   0.0000
 -9.17590797e-01   0.0000
 -8.86510313e-02   0.0000
  4.41755891e-01   0.0000
  6.50121793e-02   0.0000
 -5.41720092e-01   0.0000
 -4.70562696e-01   0.0000
 -3.19961786e-01   0.0000
 -2.30279341e-01   0.0000
 -3.99028994e-02   0.0000
 -3.67815912e-01   0.0000
  2.32475307e-02   0.0000
  4.30410087e-01   0.0000
  1.96872070e-01   0.0000
  4.36317772e-02   0.0000
 -9.30041149e-02   0.0000
  7.36792237e-02   0.0000
  2.06239909e-01   0.0000
 -5.68905830e-01   0.0000
  3.51068705e-01   0.0000
 -1.60386488e-01   0.0000
 -5.92404008e-01   0.0000
 -8.52595121e-02   0.0000
  7.85395503e-01   0.0000
  4.09161346e-03   0.0000
 -5.11648118e-01   0.0000
  1.56392619e-01   0.0000
 -2.60334462e-02   0.0000
 -7.33288705e-01   0.0000
  1.01196802e+00   0.0000
 -3.33756745e-01   0.0000
 -1.31819211e-02   0.0000
  1.84807628e-01   0.0000
 -6.12911522e-01   0.0000
 -5.46706840e-02   0.0000
  3.32780987e-01   0.0000
 -1.45062525e-03   0.0000
 -6.86343253e-01   0.0000
  5.27729653e-02   0.0000
 -7.04363883e-01   0.0000
 -5.54847717e-01   0.0000
  2.80853976e-02   0.0000
 -4.00536388e-01   0.0000
  2.59658340e-02   0.0000
  7.31934369e-01   0.0000
  1.60284787e-01   0.0000
  1.16017953e-01   0.0000
 -1.63869113e-01   0.0000
  1.35744289e-01   0.0000
  2.07347929e-01   0.0000
 -3.56002599e-01   0.0000
 -1.50393277e-01   0.0000
 -1.19725406e-01   0.0000
 -5.07556379e-01   0.0000
 -1.80226624e-01   0.0000
  6.41478837e-01   0.0000
 -1.32887930e-01   0.0000
 -7.10830033e-01   0.0000
  2.61666447e-01   0.0000
 -1.36746347e-01   0.0000
 -3.03707391e-01   0.0000
  8.07525337e-01   0.0000
 -5.20903945e-01   0.0000
 -1.39235616e-01   0.0000
  3.34428847e-02   0.0000
 -1.84025362e-01   0.0000
 -5.38453907e-02   0.0000
  2.51011372e-01   0.0000
 -3.50488313e-02   0.0000
 -8.41486871e-01   0.0000
  2.53654301e-01   0.0000
 -8.46035063e-01   0.0000
 -4.88981158e-01   0.0000
  7.18552470e-02   0.0000
 -3.43247145e-01   0.0000
  2.09920898e-01   0.0000
  9.52215552e-01   0.0000
  1.39029026e-01   0.0000
  4.05606069e-02   0.0000
 -2.49119401e-01   0.0000
  3.18661869e-01   0.0000
  2.03012288e-01   0.0000
 -2.64478445e-01   0.0000
 -5.51867366e-01   0.0000
 -1.49370030e-01   0.0000
 -2.09134221e-01   0.0000
 -2.28938997e-01   0.0000
  5.40433526e-01   0.0000
 -1.28258929e-01   0.0000
 -7.33580589e-01   0.0000
  1.71647206e-01   0.0000
 -9.82717201e-02   0.0000
 -1.50035456e-01   0.0000
  4.97786105e-01   0.0000
 -5.91471732e-01   0.0000
 -1.82026163e-01   0.0000
 -1.11383222e-01   0.0000
 -1.15352377e-01   0.0000
 -2.89370000e-01   0.0000
  9.62571651e-02   0.0000
 -1.21169925e-01   0.0000
 -9.56882119e-01   0.0000
  4.93310302e-01   0.0000
 -9.14752007e-01   0.0000
 -1.86126962e-01   0.0000
  1.83409795e-01   0.0000
 -4.50074315e-01   0.0000
  2.18116373e-01   0.0000
  9.69655395e-01   0.0000
  3.59526724e-02   0.0000
  1.34591654e-01   0.0000
 -1.76119447e-01   0.0000
  2.83386678e-01   0.0000
  2.73384929e-01   0.0000
 -3.35825503e-01   0.0000
 -1.01237440e+00   0.0000
 -2.35895842e-01   0.0000
  2.15230331e-01   0.0000
 -2.86262423e-01   0.0000
  3.92962366e-01   0.0000
 -3.05133313e-01   0.0000
 -8.56348693e-01   0.0000
  2.71448523e-01   0.0000
 -1.23575054e-01   0.0000
 -1.29722863e-01   0.0000
  7.18300939e-02   0.0000
 -9.18264866e-01   0.0000
 -2.25311458e-01   0.0000
 -1.30781695e-01   0.0000
 -1.06857136e-01   0.0000
 -2.62226492e-01   0.0000
 -2.84579489e-02   0.0000
 -1.51438028e-01   0.0000
 -1.01893723e+00   0.0000
  3.76411885e-01   0.0000
 -9.43304896e-01   0.0000
  3.64441067e-01   0.0000
  2.21269444e-01   0.0000
 -2.53607661e-01   0.0000
  2.18234345e-01   0.0000
  8.75873446e-01   0.0000
 -2.62536178e-03   0.0000
  1.87950641e-01   0.0000
 -3.88068676e-01   0.0000
  4.07789767e-01   0.0000
  3.05740356e-01   0.0000
 -4.59697515e-01   0.0000
 -1.40319061e+00   0.0000
 -3.75997394e-01   0.0000
  6.93486929e-01   0.0000
 -2.83366382e-01   0.0000
  1.86105967e-01   0.0000
 -2.43666589e-01   0.0000
 -9.45265353e-01   0.0000
  4.00691628e-01   0.0000
 -5.71911819e-02   0.0000
 -1.30497158e-01   0.0000
 -4.09338802e-01   0.0000
 -9.14862216e-01   0.0000
 -2.58355856e-01   0.0000
 -1.15319438e-01   0.0000
 -3.91480654e-01   0.0000
 -3.15848172e-01   0.0000
 -1.83944866e-01   0.0000
 -2.37233713e-01   0.0000
 -1.16970682e+00   0.0000
  4.92424965e-01   0.0000
 -7.57072806e-01   0.0000
  1.10149527e+00   0.0000
  2.79151350e-01   0.0000
 -1.01243272e-01   0.0000
  2.61468530e-01   0.0000
  7.70979524e-01   0.0000
 -1.14322640e-01   0.0000
  1.60167366e-01   0.0000
 -3.15118402e-01   0.0000
  3.36564451e-01   0.0000
  3.19529414e-01   0.0000
 -6.39357209e-01   0.0000
 -1.71403027e+00   0.0000
 -3.28313142e-01   0.0000
  1.05274904e+00   0.0000
 -4.22000349e-01   0.0000
  2.56601945e-02   0.0000
 -3.06386322e-01   0.0000
 -1.08576083e+00   0.0000
  4.24295574e-01   0.0000
  9.81461927e-02   0.0000
 -1.90063387e-01   0.0000
 -1.04075503e+00   0.0000
 -1.07624805e+00   0.0000
 -2.42099375e-01   0.0000
 -1.52035937e-01   0.0000
 -8.35900724e-01   0.0000
 -3.62754762e-01   0.0000
 -3.67320240e-01   0.0000
 -1.71430215e-01   0.0000
 -1.11249733e+00   0.0000
  4.17403340e-01   0.0000
 -6.70751393e-01   0.0000
  7.66948462e-01   0.0000
  3.71089607e-01   0.0000
 -2.02025861e-01   0.0000
 -7.44393654e-03   0.0000
 -2.34480023e+00   0.0000
  5.60020767e-02   0.0000
  4.09268327e-02   0.0000
 -2.05587450e-04   0.0000
  1.83984739e-04   0.0000
 -4.45276441e-04   0.0000
 -1.51289332e+00   0.0000
  1.45833564e+00   0.0000
  1.28750154e-03   0.0000
  4.20383883e+00   0.0000
  2.12398078e-03   0.0000
 -7.46699512e-01   0.0000
  1.05137611e-02   0.0000
 -1.03521967e+00   0.0000
  3.67339305e-03   0.0000
 -3.48743707e-01   0.0000
 -8.20193142e-02   0.0000
 -1.22137260e+00   0.0000
  1.39471817e+00   0.0000
  8.26503430e-03   0.0000
  5.30799270e-01   0.0000
  8.99059594e-01   0.0000
  2.27608485e-03   0.0000
 -3.06384623e-01   0.0000
  1.29935304e-02   0.0000
  2.19092146e-01   0.0000
 -2.89681256e-01   0.0000
  2.01201820e+00   0.0000
  2.84419358e-01   0.0000
  2.11784080e-01   0.0000
  7.09565103e-01   0.0000
 -1.16161108e-02   0.0000
 -1.11786830e+00   0.0000
  3.32735367e-02   0.0000
  6.04072288e-02   0.0000
  5.77863073e-03   0.0000
  7.67409874e-05   0.0000
 -4.78574220e-04   0.0000
  9.64679930e-04   0.0000
  7.37039864e-01   0.0000
 -1.80062576e-04   0.0000
  8.30268562e-01   0.0000
 -1.68973748e-02   0.0000
 -6.27487302e-01   0.0000
  1.37781221e-02   0.0000
 -4.55820471e-01   0.0000
 -5.51738631e-05   0.0000
 -1.93255991e-01   0.0000
 -1.28443420e-01   0.0000
 -6.50657475e-01   0.0000
  9.71305549e-01   0.0000
  1.62567217e-02   0.0000
  4.65630829e-01   0.0000
  7.54830360e-01   0.0000
  5.84731949e-03   0.0000
 -2.85455883e-01   0.0000
  3.81207541e-02   0.0000
 -4.39468287e-02   0.0000
 -1.08092681e-01   0.0000
  1.01611435e+00   0.0000
  1.26807153e-01   0.0000
  1.82091236e-01   0.0000
  1.46429098e+00   0.0000
 -1.03476094e-02   0.0000
 -3.56044382e-01   0.0000
  4.97644655e-02   0.0000
  8.23842883e-02   0.0000
  9.74965561e-03   0.0000
  5.00596464e-02   0.0000
  4.97790724e-02   0.0000
  6.45916998e-01   0.0000
  3.17226686e-02   0.0000
  1.40513235e-03   0.0000
 -6.26170516e-01   0.0000
 -3.46303508e-02   0.0000
 -2.46258199e-01   0.0000
  8.77842866e-03   0.0000
 -3.40335593e-02   0.0000
  4.06359769e-02   0.0000
 -1.26073927e-01   0.0000
 -5.06435968e-02   0.0000
 -6.15224063e-01   0.0000
  5.39886057e-01   0.0000
 -1.26469112e-03   0.0000
  2.80926406e-01   0.0000
  6.22776031e-01   0.0000
  1.26044825e-02   0.0000
 -3.23668420e-01   0.0000
  3.18844691e-02   0.0000
 -6.71398267e-02   0.0000
  5.13553172e-02   0.0000
  6.63123906e-01   0.0000
  4.42874245e-02   0.0000
  1.69730395e-01   0.0000
  1.56442881e+00   0.0000
 -7.52910413e-03   0.0000
  9.41396132e-03   0.0000
  1.90409571e-02   0.0000
  9.36392471e-02   0.0000
  3.49866645e-03   0.0000
 -4.80707083e-03   0.0000
 -1.06243435e-02   0.0000
  8.78660798e-01   0.0000
 -6.54754162e-01   0.0000
 -2.34717177e-03   0.0000
 -1.23388267e+00   0.0000
 -1.44227864e-02   0.0000
 -5.09193689e-02   0.0000
  1.35701150e-02   0.0000
  2.18192428e-01   0.0000
  8.66291225e-02   0.0000
 -3.37046012e-02   0.0000
  3.07600349e-02   0.0000
 -6.74731016e-01   0.0000
  3.15570861e-01   0.0000
  1.09111806e-02   0.0000
  2.18924493e-01   0.0000
  5.70029259e-01   0.0000
 -3.34526063e-04   0.0000
 -4.77820158e-01   0.0000
  2.75797024e-02   0.0000
 -1.50083974e-01   0.0000
  1.21600285e-01   0.0000
  4.42497522e-01   0.0000
 -4.03151587e-02   0.0000
  1.95044100e-01   0.0000
  1.39909399e+00   0.0000
 -9.10631754e-03   0.0000
  1.48032248e-01   0.0000
  1.07144453e-02   0.0000
  1.09645531e-01   0.0000
 -6.48158416e-02   0.0000
  3.46484147e-02   0.0000
  5.46277836e-02   0.0000
  9.91292179e-01   0.0000
 -1.10520267e+00   0.0000
  2.07083835e-03   0.0000
 -1.27060437e+00   0.0000
 -4.81082201e-02   0.0000
 -5.76383583e-02   0.0000
  1.13889910e-02   0.0000
  4.76767212e-01   0.0000
  1.78938478e-01   0.0000
  2.89601032e-02   0.0000
  2.91610658e-01   0.0000
 -6.52593374e-01   0.0000
  5.42763695e-02   0.0000
  1.22281397e-02   0.0000
  1.85145169e-01   0.0000
  5.31460226e-01   0.0000
 -2.35293508e-02   0.0000
 -3.62067282e-01   0.0000
  3.95712480e-02   0.0000
 -1.99242264e-01   0.0000
  1.53805763e-01   0.0000
  3.12366039e-01   0.0000
 -2.02398047e-01   0.0000
  2.58825958e-01   0.0000
  8.91158760e-01   0.0000
  2.29501408e-02   0.0000
  2.83509433e-01   0.0000
  1.16685696e-03   0.0000
  1.18855745e-01   0.0000
 -1.60756428e-02   0.0000
  2.26638746e-02   0.0000
  8.94136960e-04   0.0000
  1.16786981e+00   0.0000
 -1.50500953e+00   0.0000
 -4.40647006e-02   0.0000
 -1.01605856e+00   0.0000
 -3.47508192e-02   0.0000
 -3.17935646e-01   0.0000
  5.49489399e-03   0.0000
  6.65977895e-01   0.0000
  1.37161687e-01   0.0000
  3.16679440e-02   0.0000
  6.00485742e-01   0.0000
 -5.86654007e-01   0.0000
  1.21610705e-04   0.0000
  1.81793422e-02   0.0000
  1.01584688e-01   0.0000
  4.86228257e-01   0.0000
 -8.77561867e-02   0.0000
 -5.36419690e-01   0.0000
  2.19639521e-02   0.0000
 -1.53714299e-01   0.0000
  1.84739813e-01   0.0000
  3.24290961e-01   0.0000
 -5.09642482e-01   0.0000
  2.90942013e-01   0.0000
  1.78663611e-01   0.0000
 -2.93314457e-03   0.0000
  1.98611677e-01   0.0000
 -6.06815517e-02   0.0000
  1.50050461e-01   0.0000
 -2.06771210e-01   0.0000
  1.80291295e-01   0.0000
  7.22449571e-02   0.0000
  1.43122745e+00   0.0000
 -1.85429847e+00   0.0000
  9.36012343e-03   0.0000
 -5.00522017e-01   0.0000
 -2.08741166e-02   0.0000
 -9.09223318e-01   0.0000
  6.39365334e-03   0.0000
  7.94472635e-01   0.0000
  3.53965089e-02   0.0000
  3.51982340e-02   0.0000
  1.01789474e+00   0.0000
 -5.29771268e-01   0.0000
 -8.01293477e-02   0.0000
  1.87021829e-02   0.0000
  8.09332915e-03   0.0000
  4.57726181e-01   0.0000
 -3.20940912e-02   0.0000
 -5.54196119e-01   0.0000
  3.72929685e-02   0.0000
 -1.89899594e-01   0.0000
  1.08285047e-01   0.0000
  4.69558686e-01   0.0000
 -6.82830513e-01   0.0000
  3.52816790e-01   0.0000
 -5.36672592e-01   0.0000
  4.77896072e-02   0.0000
  1.23582907e-01   0.0000
 -1.05906695e-01   0.0000
  1.62521929e-01   0.0000
 -1.32336080e-01   0.0000
  2.50687242e-01   0.0000
  2.15547785e-01   0.0000
  1.61812055e+00   0.0000
 -2.10259199e+00   0.0000
 -9.95525569e-02   0.0000
  3.44780296e-01   0.0000
 -3.66450250e-02   0.0000
 -1.61309516e+00   0.0000
 -9.67867151e-02   0.0000
  9.19542730e-01   0.0000
  2.10198432e-01   0.0000
  6.95564896e-02   0.0000
  1.40657401e+00   0.0000
 -4.47073221e-01   0.0000
 -1.45581231e-01   0.0000
 -9.65379179e-02   0.0000
 -1.03208587e-01   0.0000
  4.42025274e-01   0.0000
 -7.19879270e-02   0.0000
 -6.75783038e-01   0.0000
  5.94726577e-02   0.0000
 -2.17644513e-01   0.0000
  4.85607348e-02   0.0000
  6.45334899e-01   0.0000
 -1.49759293e+00   0.0000
  7.80731082e-01   0.0000
 -4.30864513e-01   0.0000
  8.25514738e-03   0.0000
 -3.64460319e-01   0.0000
  4.32822675e-01   0.0000
  1.18298549e-02   0.0000
  3.85848829e-03   0.0000
 -2.94126361e-03   0.0000
 -2.35423516e-03   0.0000
  1.18196464e+00   0.0000
 -2.45963499e-01   0.0000
 -2.91287340e-03   0.0000
  1.45955086e+00   0.0000
 -5.17654419e-02   0.0000
 -7.34123349e-01   0.0000
  2.52336217e-03   0.0000
  3.40136439e-02   0.0000
  5.41929156e-04   0.0000
 -4.03712660e-01   0.0000
  3.48235518e-01   0.0000
 -2.10995242e-01   0.0000
  5.12101948e-01   0.0000
 -3.09903305e-02   0.0000
 -6.97528720e-01   0.0000
  2.39243284e-01   0.0000
  9.36966669e-03   0.0000
  3.79049033e-01   0.0000
  1.17505016e-02   0.0000
 -1.23927325e-01   0.0000
  1.99771419e-01   0.0000
  1.07611024e+00   0.0000
 -6.23183310e-01   0.0000
  5.16841114e-01   0.0000
  1.50931612e-01   0.0000
  1.74076483e-02   0.0000
  8.16348344e-02   0.0000
  2.89756328e-01   0.0000
  7.41925696e-03   0.0000
  4.37958445e-03   0.0000
 -7.37513299e-04   0.0000
 -1.78096670e-05   0.0000
 -3.55354071e-01   0.0000
 -7.32544303e-01   0.0000
  1.01743955e-02   0.0000
 -3.25507015e-01   0.0000
 -3.34505774e-02   0.0000
 -1.25303522e-01   0.0000
  4.97773709e-03   0.0000
  1.34910032e-01   0.0000
 -3.78170342e-04   0.0000
 -3.77069265e-01   0.0000
 -3.68310586e-02   0.0000
 -3.49436939e-01   0.0000
  9.15756449e-02   0.0000
 -4.10818233e-04   0.0000
 -4.24445778e-01   0.0000
 -6.85668066e-02   0.0000
  1.49736553e-03   0.0000
  7.82642543e-01   0.0000
 -3.72798927e-02   0.0000
 -3.90286669e-02   0.0000
  6.70178831e-02   0.0000
  3.59644353e-01   0.0000
  2.73801893e-01   0.0000
  3.51817399e-01   0.0000
  5.88786565e-02   0.0000
  3.77819985e-02   0.0000
  2.90355235e-01   0.0000
  2.37883806e-01   0.0000
  1.01833669e-02   0.0000
  6.20096689e-03   0.0000
  1.23754935e-02   0.0000
  1.85154204e-04   0.0000
 -5.53172410e-01   0.0000
 -7.52623081e-01   0.0000
 -1.79053773e-03   0.0000
 -4.27940190e-01   0.0000
  1.72755355e-03   0.0000
  8.33544582e-02   0.0000
 -3.47707956e-03   0.0000
  4.32334185e-01   0.0000
 -6.92023372e-04   0.0000
 -3.60543162e-01   0.0000
 -2.14282975e-01   0.0000
 -9.04653147e-02   0.0000
 -5.65592423e-02   0.0000
 -2.10848041e-02   0.0000
 -3.33503872e-01   0.0000
 -6.40060008e-02   0.0000
 -1.82759704e-03   0.0000
  8.65353405e-01   0.0000
 -7.32783899e-02   0.0000
  8.40064585e-02   0.0000
 -4.19547074e-02   0.0000
  3.99966277e-02   0.0000
  9.01810408e-01   0.0000
  1.76796958e-01   0.0000
 -2.83965051e-01   0.0000
  1.05247786e-02   0.0000
  4.72552329e-01   0.0000
  1.45842671e-01   0.0000
 -6.88697621e-02   0.0000
  1.42515614e-03   0.0000
  3.26346577e-04   0.0000
  1.35557307e-03   0.0000
 -3.20764035e-01   0.0000
 -5.37644446e-01   0.0000
 -9.91222169e-03   0.0000
 -3.29521954e-01   0.0000
  3.68470512e-02   0.0000
  2.88657576e-01   0.0000
 -1.63943358e-02   0.0000
  7.63904452e-01   0.0000
 -1.96288852e-03   0.0000
 -3.58881623e-01   0.0000
 -1.08350627e-01   0.0000
 -4.06779684e-02   0.0000
 -4.64201830e-02   0.0000
 -4.08428572e-02   0.0000
 -2.44793683e-01   0.0000
  1.25016421e-02   0.0000
  6.93815178e-04   0.0000
  1.07320821e+00   0.0000
 -5.14336713e-02   0.0000
  2.60672420e-01   0.0000
 -2.45213777e-01   0.0000
 -1.99304685e-01   0.0000
  1.15206385e+00   0.0000
  1.11211553e-01   0.0000
 -5.40917277e-01   0.0000
  2.71640811e-02   0.0000
  5.80786347e-01   0.0000
  1.65607199e-01   0.0000
 -7.29297753e-03   0.0000
  5.16017806e-03   0.0000
 -7.06180371e-03   0.0000
  3.53186741e-03   0.0000
 -7.76915178e-02   0.0000
 -2.74744630e-01   0.0000
 -2.72733755e-02   0.0000
 -2.83515811e-01   0.0000
  6.90072216e-03   0.0000
  3.16630244e-01   0.0000
 -2.30735391e-02   0.0000
  1.04782200e+00   0.0000
 -1.64849684e-03   0.0000
 -1.82404384e-01   0.0000
  1.14738673e-01   0.0000
 -2.60799918e-02   0.0000
 -6.55550435e-02   0.0000
 -2.10981034e-02   0.0000
 -8.18002522e-02   0.0000
  1.48587555e-01   0.0000
 -8.30548257e-03   0.0000
  1.35623288e+00   0.0000
 -8.97988528e-02   0.0000
  4.52426076e-01   0.0000
 -2.27926597e-01   0.0000
 -3.03443700e-01   0.0000
  1.04009318e+00   0.0000
 -1.29027653e-03   0.0000
 -4.30645406e-01   0.0000
  5.04877605e-02   0.0000
  7.97172546e-01   0.0000
  7.66187459e-02   0.0000
 -1.35035023e-01   0.0000
 -5.59641048e-05   0.0000
 -5.20911533e-03   0.0000
  3.98181146e-04   0.0000
  5.22984415e-02   0.0000
 -1.14920080e-01   0.0000
 -2.42851060e-02   0.0000
 -1.05074197e-01   0.0000
  1.19614281e-01   0.0000
 -1.78103205e-02   0.0000
 -3.13675627e-02   0.0000
  1.52716267e+00   0.0000
 -3.63821443e-03   0.0000
 -2.24847779e-01   0.0000
  4.48096633e-01   0.0000
  2.35716775e-02   0.0000
 -7.77931977e-03   0.0000
 -2.43083443e-02   0.0000
  1.27581805e-01   0.0000
  1.88989699e-01   0.0000
 -1.61311571e-02   0.0000
  1.52008355e+00   0.0000
 -7.85943121e-02   0.0000
  6.37906849e-01   0.0000
 -3.63697648e-01   0.0000
 -5.82238674e-01   0.0000
  4.28162098e-01   0.0000
 -9.07458887e-02   0.0000
  1.71164066e-01   0.0000
  2.09896602e-02   0.0000
  1.00720775e+00   0.0000
  2.53522787e-02   0.0000
 -5.21199517e-02   0.0000
 -2.88191647e-03   0.0000
  5.85010787e-03   0.0000
  5.65375993e-03   0.0000
  4.07888480e-02   0.0000
  1.84150025e-01   0.0000
 -2.80487575e-02   0.0000
  6.08879514e-02   0.0000
  1.08042665e-01   0.0000
 -4.57482994e-01   0.0000
 -3.81005555e-02   0.0000
  1.97601807e+00   0.0000
 -6.76817913e-03   0.0000
 -1.38268515e-01   0.0000
  7.34831095e-01   0.0000
 -1.31306658e-02   0.0000
  7.49327317e-02   0.0000
 -6.75201118e-02   0.0000
  3.89697939e-01   0.0000
  4.14241888e-02   0.0000
 -2.89244708e-02   0.0000
  1.80898309e+00   0.0000
 -1.15480945e-01   0.0000
  9.47336733e-01   0.0000
 -3.63739550e-01   0.0000
 -8.49787056e-01   0.0000
 -3.26672465e-01   0.0000
 -1.72078222e-01   0.0000
  1.08565307e+00   0.0000
  3.64862457e-02   0.0000
  1.05151343e+00   0.0000
  1.80932879e-01   0.0000
 -9.25692022e-02   0.0000
 -2.58614384e-02   0.0000
  2.18958650e-02   0.0000
  1.54887354e-02   0.0000
  3.99111025e-02   0.0000
  4.39469755e-01   0.0000
 -3.15859169e-02   0.0000
  2.95891613e-01   0.0000
  4.67671789e-02   0.0000
 -1.03341866e+00   0.0000
 -4.70671542e-02   0.0000
  2.53260970e+00   0.0000
  2.36029294e-03   0.0000
 -1.89161405e-01   0.0000
  7.79681444e-01   0.0000
 -9.03012790e-03   0.0000
  2.41551131e-01   0.0000
 -4.62543815e-02   0.0000
  4.96796936e-01   0.0000
 -6.21229820e-02   0.0000
 -4.73329127e-02   0.0000
  2.05226660e+00   0.0000
 -9.09854993e-02   0.0000
  1.06308460e+00   0.0000
 -2.60390490e-01   0.0000
 -9.59869862e-01   0.0000
 -3.13729972e-01   0.0000
 -3.47810984e-01   0.0000
 -3.14622307e+00   0.0000
 -6.58548390e-03   0.0000
 -1.85524356e+00   0.0000
 -1.08303025e-01   0.0000
  1.21339560e-01   0.0000
  1.13000898e-02   0.0000
 -4.80801828e-05   0.0000
  7.18551019e-05   0.0000
 -1.65613055e+00   0.0000
  4.27151155e+00   0.0000
  1.36809032e-02   0.0000
  2.18109798e+00   0.0000
 -5.77306710e-02   0.0000
  6.27251744e-01   0.0000
  1.31472852e-02   0.0000
  8.11947346e-01   0.0000
 -1.59933686e-03   0.0000
  1.15167402e-01   0.0000
  5.15859306e-01   0.0000
 -1.10422814e+00   0.0000
  2.76667571e+00   0.0000
  6.93940790e-03   0.0000
  3.09108675e-01   0.0000
  9.54459310e-01   0.0000
  1.51865594e-02   0.0000
 -1.63036078e-01   0.0000
  1.70978233e-02   0.0000
  4.91806448e-01   0.0000
  5.75349450e-01   0.0000
  1.54655147e+00   0.0000
  6.37806654e-01   0.0000
  2.51315892e-01   0.0000
 -1.91785768e-01   0.0000
 -2.44384282e-04   0.0000
  1.15729988e+00   0.0000
 -2.70113498e-01   0.0000
  1.92240581e-01   0.0000
  4.88586817e-03   0.0000
  3.96301365e-03   0.0000
 -4.35985299e-03   0.0000
 -1.57117069e+00   0.0000
 -1.28942800e+00   0.0000
  1.66682824e-02   0.0000
 -1.23626781e+00   0.0000
 -6.96004257e-02   0.0000
  9.11859334e-01   0.0000
  1.45060178e-02   0.0000
  9.83384371e-01   0.0000
 -2.03144876e-03   0.0000
  2.51139820e-01   0.0000
  1.73749551e-01   0.0000
 -8.98320019e-01   0.0000
 -5.38372815e-01   0.0000
  1.56591721e-02   0.0000
  3.87364268e-01   0.0000
  3.15230042e-01   0.0000
  5.85999945e-03   0.0000
  1.47722498e-01   0.0000
  2.73979492e-02   0.0000
  1.87117100e-01   0.0000
  2.02543527e-01   0.0000
 -3.88265669e-01   0.0000
  9.52525079e-01   0.0000
  6.06441915e-01   0.0000
  3.47605795e-01   0.0000
 -4.08294797e-03   0.0000
 -5.21833301e-01   0.0000
 -4.20513839e-01   0.0000
  1.16852514e-01   0.0000
  4.97866469e-03   0.0000
 -2.69945664e-03   0.0000
  4.75104153e-03   0.0000
 -7.47844040e-01   0.0000
 -2.84754658e+00   0.0000
  9.47629195e-03   0.0000
  3.99809808e-01   0.0000
 -2.48999242e-02   0.0000
  7.20470130e-01   0.0000
  3.96837108e-03   0.0000
  1.04398191e+00   0.0000
  1.29805570e-02   0.0000
  2.34527290e-01   0.0000
  5.45018800e-02   0.0000
 -6.04769647e-01   0.0000
 -1.65388370e+00   0.0000
 -3.13271657e-02   0.0000
  3.71433556e-01   0.0000
  2.32622504e-01   0.0000
  9.37330164e-03   0.0000
  1.24399617e-01   0.0000
  2.60494910e-02   0.0000
  1.77280933e-01   0.0000
 -2.34641209e-02   0.0000
 -1.67520687e-01   0.0000
  9.16319907e-01   0.0000
  4.25011098e-01   0.0000
 -1.94267724e-02   0.0000
  2.53660362e-02   0.0000
 -2.78512597e-01   0.0000
 -4.21394527e-01   0.0000
  9.44296494e-02   0.0000
 -1.66330431e-02   0.0000
  1.38450060e-02   0.0000
  1.53502047e-01   0.0000
  1.78097948e-01   0.0000
 -2.51303530e+00   0.0000
 -1.13575961e-02   0.0000
  2.58897454e-01   0.0000
 -1.14553226e-02   0.0000
  2.19918326e-01   0.0000
 -2.71861092e-03   0.0000
  9.03988004e-01   0.0000
  1.41736008e-02   0.0000
  3.52570005e-02   0.0000
  1.39548361e-01   0.0000
 -5.75128734e-01   0.0000
 -1.35415614e+00   0.0000
 -4.19069733e-03   0.0000
 -3.29123177e-02   0.0000
  3.51893157e-01   0.0000
 -3.85209196e-03   0.0000
  1.52150169e-01   0.0000
  1.47819761e-02   0.0000
  2.77455598e-01   0.0000
 -1.21070385e-01   0.0000
 -2.17419818e-01   0.0000
  4.63424712e-01   0.0000
  4.40652251e-01   0.0000
 -2.26633236e-01   0.0000
  1.76252797e-02   0.0000
  4.99932207e-02   0.0000
 -2.56352246e-01   0.0000
  7.54079595e-02   0.0000
 -1.22870572e-01   0.0000
  1.94574863e-01   0.0000
  1.52092993e-01   0.0000
  7.29544282e-01   0.0000
 -2.10536313e+00   0.0000
 -1.30991220e-01   0.0000
  3.45402092e-01   0.0000
 -2.11912934e-02   0.0000
 -2.58113354e-01   0.0000
 -7.71443769e-02   0.0000
  7.48804331e-01   0.0000
  1.32732257e-01   0.0000
 -4.25784439e-02   0.0000
  2.75015324e-01   0.0000
  1.82149485e-02   0.0000
 -1.05065084e+00   0.0000
 -4.15125862e-02   0.0000
 -3.06573540e-01   0.0000
  3.45617265e-01   0.0000
 -1.24832891e-01   0.0000
  4.02458459e-02   0.0000
 -3.00185494e-02   0.0000
  4.24834609e-01   0.0000
 -2.00717896e-01   0.0000
 -1.69261664e-01   0.0000
 -4.41188887e-02   0.0000
  3.59916180e-01   0.0000
 -1.25988573e-01   0.0000
  4.05632630e-02   0.0000
  1.26719519e-01   0.0000
 -2.32914776e-01   0.0000
  7.98155144e-02   0.0000
 -1.26914948e-01   0.0000
  1.14346333e-01   0.0000
  1.79175138e-01   0.0000
  6.59996390e-01   0.0000
 -1.55720663e+00   0.0000
 -1.98623046e-01   0.0000
 -1.95426777e-01   0.0000
 -2.40995437e-02   0.0000
 -5.22833347e-01   0.0000
 -1.06049314e-01   0.0000
  6.94677651e-01   0.0000
  1.84525371e-01   0.0000
 -5.23554571e-02   0.0000
  3.10503393e-01   0.0000
 -6.84005469e-02   0.0000
 -1.05942321e+00   0.0000
 -1.88653588e-01   0.0000
 -3.51427555e-01   0.0000
  2.36572802e-01   0.0000
 -1.63114130e-01   0.0000
  3.49317342e-02   0.0000
 -1.35002797e-02   0.0000
  6.43573165e-01   0.0000
 -2.41906703e-01   0.0000
  1.16325162e-01   0.0000
 -3.44337612e-01   0.0000
  2.96818972e-01   0.0000
  4.57526416e-01   0.0000
  8.42170194e-02   0.0000
  5.14282644e-01   0.0000
 -2.47665554e-01   0.0000
  5.12317792e-02   0.0000
 -2.50012040e-01   0.0000
  2.82513201e-01   0.0000
  2.96687007e-01   0.0000
  1.57434583e-01   0.0000
 -1.12587082e+00   0.0000
 -1.46923214e-01   0.0000
 -7.92660937e-02   0.0000
 -1.12279534e-01   0.0000
 -6.73443258e-01   0.0000
 -2.06352189e-01   0.0000
  8.68380785e-01   0.0000
  1.57094598e-01   0.0000
  4.32685912e-02   0.0000
  2.11630538e-01   0.0000
 -9.23469141e-02   0.0000
 -9.48895931e-01   0.0000
 -1.72797441e-01   0.0000
 -1.40463412e-01   0.0000
 -1.04966663e-01   0.0000
 -2.67051309e-01   0.0000
 -2.61473954e-01   0.0000
 -1.75556302e-01   0.0000
  8.10233295e-01   0.0000
 -2.25162998e-01   0.0000
 -1.76311776e-01   0.0000
 -1.18155038e+00   0.0000
  3.07168156e-01   0.0000
  1.45839357e+00   0.0000
  2.12849140e-01   0.0000
 -8.22857916e-01   0.0000
 -4.81437385e-01   0.0000
  2.90759988e-02   0.0000
 -2.62823850e-01   0.0000
  2.14318484e-01   0.0000
  1.39278308e-01   0.0000
 -1.03675455e-01   0.0000
 -7.12379038e-01   0.0000
 -2.77441084e-01   0.0000
 -3.83179575e-01   0.0000
 -2.22846102e-02   0.0000
 -1.75310612e-01   0.0000
 -3.79026145e-01   0.0000
  1.24827480e+00   0.0000
  1.79680273e-01   0.0000
  2.21078530e-01   0.0000
  1.32431477e-01   0.0000
  9.27990675e-01   0.0000
 -9.54520464e-01   0.0000
 -2.25537971e-01   0.0000
  3.46483290e-01   0.0000
 -4.83667821e-01   0.0000
 -3.94797176e-01   0.0000
 -4.73722667e-01   0.0000
 -3.03964615e-01   0.0000
  7.91329801e-01   0.0000
 -1.56955913e-01   0.0000
 -4.31855887e-01   0.0000
  1.52863666e-01   0.0000
 -6.01099357e-02   0.0000
 -5.23297429e-01   0.0000
  1.19082160e-01   0.0000
  8.79536688e-01   0.0000
 -1.53273910e-01   0.0000
  7.66939446e-02   0.0000
 -3.35557789e-01   0.0000
  1.27956986e-01   0.0000
  2.80748665e-01   0.0000
  2.10485435e+00   0.0000
  2.26639494e-01   0.0000
 -1.27766192e-01   0.0000
 -1.98359120e+00   0.0000
 -4.57225777e-02   0.0000
  1.14101991e-01   0.0000
 -1.90784991e-01   0.0000
  1.16814792e+00   0.0000
  7.05528036e-02   0.0000
  7.79101700e-02   0.0000
  1.14143252e+00   0.0000
  3.16347212e-01   0.0000
 -1.09112442e-01   0.0000
 -2.54345268e-01   0.0000
  9.76629406e-02   0.0000
  1.27420723e+00   0.0000
 -1.52128845e-01   0.0000
 -8.56083751e-01   0.0000
 -1.55928060e-01   0.0000
  4.28369284e-01   0.0000
  1.26499325e-01   0.0000
 -4.26060617e-01   0.0000
  6.01012595e-02   0.0000
 -1.33405495e+00   0.0000
 -2.74588227e-01   0.0000
  6.56799316e-01   0.0000
  6.84709072e-01   0.0000
 -2.59413153e-01   0.0000
 -7.36583769e-01   0.0000
 -6.46150410e-01   0.0000
 -9.28236544e-01   0.0000
 -3.48534793e-01   0.0000
  6.34801686e-02   0.0000
 -3.19274962e-02   0.0000
  6.02013469e-01   0.0000
 -2.40163543e-04   0.0000
 -7.99162507e-01   0.0000
 -2.73531199e-01   0.0000
 -1.56027019e-01   0.0000
 -7.18376815e-01   0.0000
 -2.77829140e-01   0.0000
 -8.61315668e-01   0.0000
 -4.94059473e-01   0.0000
  9.80367884e-04   0.0000
 -5.52582182e-03   0.0000
  3.13874669e-02   0.0000
 -2.88016134e-04   0.0000
  5.22109270e-01   0.0000
  7.22629726e-01   0.0000
  4.64465976e-01   0.0000
  2.85555124e-01   0.0000
 -4.96330440e-01   0.0000
  9.41800475e-02   0.0000
 -7.21966326e-01   0.0000
 -5.63431792e-02   0.0000
  1.14111885e-01   0.0000
  1.05848409e-01   0.0000
 -2.43957639e-01   0.0000
 -2.78688759e-01   0.0000
  4.92444783e-01   0.0000
  3.08351815e-01   0.0000
  3.45382661e-01   0.0000
  2.55559385e-01   0.0000
  1.50837883e-01   0.0000
 -6.24712668e-02   0.0000
 -8.77046958e-02   0.0000
 -3.00794244e-01   0.0000
  1.48038310e-03   0.0000
  4.53464329e-01   0.0000
  9.74827409e-02   0.0000
  6.57641888e-02   0.0000
  3.32507551e-01   0.0000
  1.56524450e-01   0.0000
  4.30341214e-01   0.0000
  1.95984602e-01   0.0000
  5.45330287e-04   0.0000
  1.90722924e-02   0.0000
 -1.08346054e-02   0.0000
 -3.59594193e-03   0.0000
 -3.33009779e-01   0.0000
 -2.95463055e-01   0.0000
 -2.43586674e-01   0.0000
 -6.98608696e-01   0.0000
  1.57588020e-01   0.0000
 -7.77738467e-02   0.0000
  3.88865620e-01   0.0000
  1.61508083e-01   0.0000
 -4.95480560e-02   0.0000
 -1.86299890e-01   0.0000
  4.67702240e-01   0.0000
  3.86231691e-01   0.0000
 -1.34934950e+00   0.0000
 -6.42662585e-01   0.0000
 -1.60945487e+00   0.0000
 -6.32083118e-01   0.0000
 -2.71892190e-01   0.0000
  5.23133017e-02   0.0000
 -1.12918699e+00   0.0000
  5.01546144e-01   0.0000
  7.26969913e-04   0.0000
 -8.52664769e-01   0.0000
 -2.00371221e-01   0.0000
 -3.30093831e-01   0.0000
 -9.62137938e-01   0.0000
 -3.86078715e-01   0.0000
 -9.73546982e-01   0.0000
 -3.49238604e-01   0.0000
 -1.14263792e-03   0.0000
 -1.65604819e-02   0.0000
  1.22522581e-02   0.0000
  3.84880725e-04   0.0000
  4.74747360e-01   0.0000
  4.07001197e-01   0.0000
  4.27775353e-01   0.0000
  1.33474839e+00   0.0000
 -3.70271355e-01   0.0000
  1.39046609e-01   0.0000
 -6.37536824e-01   0.0000
 -5.46894642e-03   0.0000
 -5.02789579e-02   0.0000
  7.75821693e-03   0.0000
 -3.29566784e-02   0.0000
 -4.82492935e-04   0.0000
  8.52331296e-02   0.0000
  2.66392007e-02   0.0000
  1.86962374e-02   0.0000
  2.42645387e-03   0.0000
  6.91141095e-03   0.0000
 -6.39293622e-03   0.0000
  1.69111922e-01   0.0000
 -4.42069024e-02   0.0000
 -1.14816846e-03   0.0000
  3.60183232e-02   0.0000
  1.13151120e-02   0.0000
  6.78323535e-03   0.0000
  3.77791189e-02   0.0000
  1.99095835e-03   0.0000
  6.43743426e-02   0.0000
  1.10413851e-02   0.0000
 -2.53761886e-04   0.0000
  3.11253862e-05   0.0000
 -3.02891567e-04   0.0000
 -1.69509498e-04   0.0000
 -7.36043677e-02   0.0000
  2.35313922e-02   0.0000
 -2.51858141e-02   0.0000
 -1.11902826e-01   0.0000
  1.99228209e-02   0.0000
 -1.02936698e-03   0.0000
  4.43908572e-02   0.0000
 -5.35751879e-03   0.0000
 -7.21404016e-01   0.0000
  3.42730694e-02   0.0000
 -1.72547263e-03   0.0000
 -2.11920105e-02   0.0000
 -9.42565322e-01   0.0000
  2.00670213e-02   0.0000
 -6.66036546e-01   0.0000
 -3.63258481e-01   0.0000
  4.06746715e-02   0.0000
 -5.27551351e-03   0.0000
 -1.59666777e+00   0.0000
  4.38578427e-02   0.0000
 -1.40070007e-03   0.0000
 -2.26806298e-01   0.0000
  1.69898998e-02   0.0000
  8.26506782e-03   0.0000
 -4.89708722e-01   0.0000
  1.23287393e-02   0.0000
 -1.88600719e-01   0.0000
  3.11626364e-02   0.0000
 -1.76791998e-03   0.0000
  4.94405888e-02   0.0000
 -2.24726298e-03   0.0000
  6.79093355e-04   0.0000
 -1.20986197e-02   0.0000
 -2.28989460e-02   0.0000
  6.60071075e-02   0.0000
  5.39899588e-01   0.0000
  1.96827929e-02   0.0000
 -5.79615403e-03   0.0000
  1.27395568e-02   0.0000
  4.36823517e-02   0.0000
  3.60632777e-01   0.0000
  9.94499959e-03   0.0000
 -7.97983631e-03   0.0000
  1.23060588e-03   0.0000
  2.52542794e-01   0.0000
  2.76145488e-02   0.0000
  2.62313128e-01   0.0000
  2.59016186e-01   0.0000
  1.66712534e-02   0.0000
 -3.89681710e-03   0.0000
  3.07985276e-01   0.0000
 -6.17876882e-03   0.0000
 -6.01569249e-04   0.0000
  1.73920602e-01   0.0000
 -2.16938201e-02   0.0000
  3.41771892e-03   0.0000
  2.66983211e-01   0.0000
 -1.28997695e-02   0.0000
  1.71859115e-01   0.0000
  2.82084588e-02   0.0000
 -3.15419259e-03   0.0000
  2.64527189e-04   0.0000
 -1.72150932e-04   0.0000
  1.24610541e-03   0.0000
 -8.20836751e-04   0.0000
 -2.03707758e-02   0.0000
  7.81123119e-04   0.0000
 -2.01994836e-01   0.0000
  2.88277697e-02   0.0000
 -1.43082021e-02   0.0000
  5.48654236e-02   0.0000
 -6.02794588e-02   0.0000
 -1.68901592e-01   0.0000
  1.21677304e-02   0.0000
 -1.74924184e-03   0.0000
 -5.71431667e-02   0.0000
 -5.36351539e-02   0.0000
 -7.24125467e-03   0.0000
 -1.54433370e-01   0.0000
 -1.30987093e-01   0.0000
  7.53931552e-02   0.0000
 -1.22112054e-02   0.0000
 -7.53273517e-02   0.0000
 -8.15466978e-03   0.0000
 -1.66171638e-04   0.0000
 -9.56661403e-02   0.0000
  4.42598350e-02   0.0000
  3.24988998e-02   0.0000
 -1.22594789e-01   0.0000
 -5.66331856e-03   0.0000
 -7.80985877e-02   0.0000
  3.92516181e-02   0.0000
  3.04818549e-03   0.0000
  8.98057595e-02   0.0000
 -1.17116212e-03   0.0000
  2.93099263e-04   0.0000
 -1.83353201e-02   0.0000
  3.83247547e-02   0.0000
 -7.81457871e-04   0.0000
  4.91893552e-02   0.0000
  9.41508915e-03   0.0000
 -1.54054509e-02   0.0000
 -1.39059229e-02   0.0000
  6.97829993e-03   0.0000
 -1.54083461e-01   0.0000
 -2.62260903e-02   0.0000
  9.86802727e-02   0.0000
  5.59649020e-02   0.0000
 -1.68252558e-01   0.0000
 -2.88835485e-02   0.0000
 -8.30819085e-02   0.0000
 -1.39526650e-01   0.0000
 -8.98630079e-03   0.0000
  1.47207640e-02   0.0000
 -3.92295063e-01   0.0000
  8.72906223e-02   0.0000
  8.84135225e-05   0.0000
 -1.31741777e-01   0.0000
 -6.57250956e-02   0.0000
 -8.30143970e-03   0.0000
 -2.26027310e-01   0.0000
 -1.97338481e-02   0.0000
 -8.81002769e-02   0.0000
 -3.19310725e-02   0.0000
 -2.55358405e-03   0.0000
 -1.56963151e-02   0.0000
  8.65812646e-04   0.0000
 -2.66514765e-03   0.0000
  1.32843435e-01   0.0000
  6.17365241e-02   0.0000
  3.87970470e-02   0.0000
  2.13882923e-01   0.0000
 -3.11367679e-02   0.0000
  8.75940640e-03   0.0000
 -1.89824209e-01   0.0000
 -9.67528578e-03   0.0000
  1.77416548e-01   0.0000
  2.91561950e-02   0.0000
 -1.45116940e-01   0.0000
 -1.64366439e-01   0.0000
  1.99305564e-01   0.0000
  1.65973112e-01   0.0000
  1.21042892e-01   0.0000
  4.13221754e-02   0.0000
  3.89181972e-02   0.0000
 -1.35165509e-02   0.0000
  2.46884122e-01   0.0000
 -1.53906062e-01   0.0000
  2.84998212e-04   0.0000
  9.49533656e-02   0.0000
  1.02980942e-01   0.0000
  1.06683010e-02   0.0000
  2.43029714e-01   0.0000
  5.20288981e-02   0.0000
  1.80903837e-01   0.0000
  9.50135589e-02   0.0000
 -1.37854845e-03   0.0000
  3.38052795e-03   0.0000
 -1.49195211e-03   0.0000
 -3.21239023e-03   0.0000
 -8.55365172e-02   0.0000
 -6.77262694e-02   0.0000
 -7.76081905e-02   0.0000
 -2.90790766e-01   0.0000
  1.37325972e-01   0.0000
 -3.48154455e-02   0.0000
  1.72081307e-01   0.0000
 -6.75147353e-03   0.0000
  2.09972024e-01   0.0000
  3.06732785e-02   0.0000
 -4.02266122e-02   0.0000
 -2.61562807e-03   0.0000
  1.55587092e-01   0.0000
  4.83976193e-02   0.0000
  4.28834781e-02   0.0000
  1.02845088e-01   0.0000
  4.61423285e-02   0.0000
 -7.63924513e-03   0.0000
  3.58812124e-01   0.0000
 -6.67228550e-02   0.0000
 -2.85969960e-04   0.0000
  2.17592269e-01   0.0000
  2.48600412e-02   0.0000
  2.94969082e-02   0.0000
  7.07107335e-02   0.0000
  1.91011094e-03   0.0000
  9.53849554e-02   0.0000
  3.41749713e-02   0.0000
 -1.25645820e-04   0.0000
 -6.87669963e-05   0.0000
  1.82306103e-04   0.0000
 -1.92016584e-03   0.0000
 -1.23296820e-01   0.0000
  2.18854081e-02   0.0000
 -3.86425592e-02   0.0000
 -1.89637542e-01   0.0000
  3.38559300e-02   0.0000
 -6.94253389e-03   0.0000
  1.35744020e-01   0.0000
 -1.38711646e-01   0.0000
  1.68065059e+00   0.0000
  6.08866401e-02   0.0000
 -1.05772734e-01   0.0000
 -5.69454730e-01   0.0000
  2.01687127e-01   0.0000
 -1.49916403e-03   0.0000
  2.63997376e-01   0.0000
  9.99038160e-01   0.0000
  1.86761409e-01   0.0000
 -1.05697252e-01   0.0000
  9.82778490e-01   0.0000
  1.23189259e-02   0.0000
  1.85684976e-03   0.0000
  3.88464153e-01   0.0000
  8.62377957e-02   0.0000
  1.49880841e-01   0.0000
  6.96462929e-01   0.0000
  4.66718346e-01   0.0000
  3.37054342e-01   0.0000
  1.72151446e-01   0.0000
 -1.40132755e-03   0.0000
  2.24068258e-02   0.0000
 -7.93761387e-03   0.0000
 -4.03077155e-03   0.0000
  9.03607439e-03   0.0000
 -8.55455339e-01   0.0000
 -1.53546650e-02   0.0000
 -2.93476075e-01   0.0000
 -5.04166866e-03   0.0000
 -9.22454819e-02   0.0000
 -2.49609910e-02   0.0000
  3.36506739e-02   0.0000
  1.65971410e+00   0.0000
  6.83548898e-02   0.0000
 -2.59124994e-01   0.0000
 -1.64032221e-01   0.0000
  2.15505457e+00   0.0000
  4.99842495e-01   0.0000
  1.70535529e+00   0.0000
  1.35957325e+00   0.0000
  1.19552910e-01   0.0000
 -5.64854331e-02   0.0000
  3.04811287e+00   0.0000
 -4.08484817e-01   0.0000
 -6.04064662e-05   0.0000
  1.04356611e+00   0.0000
  7.01456070e-02   0.0000
  2.55362689e-02   0.0000
  1.51119828e+00   0.0000
  1.10068448e-01   0.0000
  9.50569987e-01   0.0000
  1.99293435e-01   0.0000
 -8.42159905e-04   0.0000
 -1.37202665e-01   0.0000
 -2.39720624e-02   0.0000
 -1.49810255e-01   0.0000
 -4.92819518e-01   0.0000
 -1.21967480e-01   0.0000
 -3.77381504e-01   0.0000
 -1.46004152e+00   0.0000
  2.62857616e-01   0.0000
 -5.56320660e-02   0.0000
  5.47324002e-01   0.0000
  9.35952514e-02   0.0000
 -1.52182784e-02   0.0000
 -3.34321558e-02   0.0000
  7.17428699e-02   0.0000
  5.30870073e-02   0.0000
 -1.16071902e-01   0.0000
 -7.37492144e-02   0.0000
 -4.57344912e-02   0.0000
 -3.74531671e-02   0.0000
 -1.53970733e-01   0.0000
  1.63757965e-01   0.0000
 -2.45620891e-01   0.0000
  9.97263640e-02   0.0000
  5.64709771e-05   0.0000
 -5.98750785e-02   0.0000
 -2.11213287e-02   0.0000
 -1.68503538e-01   0.0000
 -5.76424412e-02   0.0000
 -1.92746103e-01   0.0000
 -8.72505903e-02   0.0000
 -6.78428337e-02   0.0000
  1.88003865e-03   0.0000
 -1.56118069e-03   0.0000
  2.08572391e-03   0.0000
  4.33488144e-03   0.0000
  5.50538152e-02   0.0000
  8.11421424e-02   0.0000
  5.83064891e-02   0.0000
  1.33280128e-01   0.0000
 -4.23392579e-02   0.0000
  3.98716005e-03   0.0000
 -7.56240115e-02   0.0000
 -5.36228269e-02   0.0000
  1.86751044e+00   0.0000
  8.05558637e-02   0.0000
 -4.02567983e-01   0.0000
 -2.88458019e-01   0.0000
  2.89908862e+00   0.0000
  4.46993560e-01   0.0000
  2.17511964e+00   0.0000
  1.29833865e+00   0.0000
  1.27044797e-01   0.0000
 -5.11023812e-02   0.0000
  4.13937902e+00   0.0000
 -3.59975100e-01   0.0000
 -9.06868931e-03   0.0000
  9.45726454e-01   0.0000
  8.61733258e-02   0.0000
  3.50204483e-02   0.0000
  1.58957124e+00   0.0000
  1.08809233e-01   0.0000
  1.00631726e+00   0.0000
  1.91041157e-01   0.0000
 -3.77411838e-04   0.0000
  2.49973051e-02   0.0000
 -8.23264569e-03   0.0000
 -1.61655862e-02   0.0000
 -4.89597291e-01   0.0000
 -2.93600887e-01   0.0000
 -3.85764301e-01   0.0000
 -1.87335122e+00   0.0000
  2.39258945e-01   0.0000
 -1.56474877e-02   0.0000
  6.20256424e-01   0.0000
  3.33971228e-03   0.0000
  1.19675482e-02   0.0000
 -1.69036780e-02   0.0000
  1.40839918e-02   0.0000
  8.94884672e-03   0.0000
 -1.20593883e-01   0.0000
 -2.61423513e-02   0.0000
 -1.70711726e-02   0.0000
 -4.69577080e-03   0.0000
 -1.45957768e-02   0.0000
  3.13232280e-02   0.0000
 -2.22187713e-01   0.0000
  3.12252156e-02   0.0000
  7.22321216e-04   0.0000
 -5.88271096e-02   0.0000
 -1.33919539e-02   0.0000
 -5.47152059e-03   0.0000
 -5.23543693e-02   0.0000
 -6.52281241e-03   0.0000
 -6.42551333e-02   0.0000
 -2.85042394e-02   0.0000
 -7.88720849e-04   0.0000
 -2.42668530e-03   0.0000
  6.13685115e-05   0.0000
  1.57666905e-03   0.0000
  5.05529046e-02   0.0000
  6.47490798e-03   0.0000
  6.24918342e-02   0.0000
  1.06122173e-01   0.0000
 -2.00762991e-02   0.0000
  1.35435807e-02   0.0000
 -6.84407353e-02   0.0000
 -2.21271697e-03   0.0000
 -1.33780193e+00   0.0000
 -6.09611459e-02   0.0000
  3.13131899e-01   0.0000
 -6.15940243e-02   0.0000
 -1.50413617e-01   0.0000
 -4.34493333e-01   0.0000
 -3.35227937e-01   0.0000
 -1.20473063e+00   0.0000
 -5.04391976e-02   0.0000
 -1.51390648e-02   0.0000
 -2.35372722e-01   0.0000
  4.16425854e-01   0.0000
 -7.48140737e-04   0.0000
 -7.53061950e-01   0.0000
 -5.60801402e-02   0.0000
 -2.46944465e-02   0.0000
 -7.91871071e-01   0.0000
  3.78538407e-02   0.0000
 -5.93729198e-01   0.0000
 -1.50323987e-01   0.0000
  2.64065107e-04   0.0000
  5.38034225e-03   0.0000
  1.55179907e-04   0.0000
  2.08276771e-02   0.0000
  3.20267230e-01   0.0000
 -1.62418857e-01   0.0000
  2.58385807e-01   0.0000
  2.64686912e-01   0.0000
 -2.40349218e-01   0.0000
 -1.70434006e-02   0.0000
 -5.64561248e-01   0.0000
  1.60676204e-02   0.0000
 -6.32577986e-02   0.0000
 -1.79606434e-02   0.0000
  2.81666238e-02   0.0000
  5.75447194e-02   0.0000
 -1.86316431e-01   0.0000
 -2.14016847e-02   0.0000
 -3.18939015e-02   0.0000
 -5.64855151e-02   0.0000
 -9.98429880e-02   0.0000
  3.60162999e-03   0.0000
 -2.16800228e-01   0.0000
  6.29330575e-02   0.0000
  3.52184346e-04   0.0000
 -1.81617439e-01   0.0000
 -2.10908484e-02   0.0000
 -9.16137360e-03   0.0000
 -6.50617406e-02   0.0000
 -2.33800057e-02   0.0000
 -9.03485641e-02   0.0000
 -1.03889024e-02   0.0000
  3.79032106e-04   0.0000
 -9.45354532e-03   0.0000
  5.39274828e-04   0.0000
 -3.67374072e-04   0.0000
  1.53614864e-01   0.0000
 -4.60376404e-03   0.0000
  4.78142090e-02   0.0000
  3.37237358e-01   0.0000
 -5.91748580e-02   0.0000
  3.27849598e-03   0.0000
 -1.27313018e-01   0.0000
  1.10593513e-01   0.0000
  7.33671606e-01   0.0000
 -5.13137542e-02   0.0000
  1.24986790e-01   0.0000
  2.56515145e-01   0.0000
  1.02891493e+00   0.0000
 -9.76765975e-02   0.0000
  3.21538806e-01   0.0000
  2.25090951e-01   0.0000
 -1.14525363e-01   0.0000
  1.20325163e-01   0.0000
  2.12908959e+00   0.0000
  9.41703543e-02   0.0000
  6.16280653e-04   0.0000
  3.50747071e-02   0.0000
 -3.93612646e-02   0.0000
 -2.97373720e-02   0.0000
  4.74503934e-01   0.0000
 -9.61302146e-02   0.0000
  1.24925096e-02   0.0000
 -1.39199197e-01   0.0000
  1.17407413e-03   0.0000
 -4.78314422e-02   0.0000
  3.61297652e-03   0.0000
 -6.51257997e-03   0.0000
  1.05631888e-01   0.0000
  3.92902017e-01   0.0000
  9.40049067e-02   0.0000
 -1.77370355e-01   0.0000
 -7.43546113e-02   0.0000
  1.58950448e-01   0.0000
 -1.45196840e-01   0.0000
 -1.25148827e-02   0.0000
  1.77707314e-01   0.0000
  9.07642990e-02   0.0000
 -1.37807131e-01   0.0000
 -1.04075566e-01   0.0000
  2.10427567e-01   0.0000
  4.30002958e-02   0.0000
  5.59771098e-02   0.0000
  1.69054449e-01   0.0000
  1.31805480e-01   0.0000
 -7.75396824e-03   0.0000
  2.64181405e-01   0.0000
 -3.08913272e-02   0.0000
  1.16616357e-04   0.0000
  1.26745388e-01   0.0000
  5.84150665e-02   0.0000
  1.35015529e-02   0.0000
  1.20986767e-01   0.0000
  6.39766753e-02   0.0000
  1.09180473e-01   0.0000
  1.49767902e-02   0.0000
  2.02626851e-03   0.0000
 -2.62403453e-04   0.0000
 -5.06867655e-03   0.0000
 -7.49217067e-03   0.0000
 -8.54864493e-02   0.0000
 -1.20554082e-01   0.0000
 -3.92762162e-02   0.0000
 -2.22624794e-01   0.0000
  4.32912558e-02   0.0000
 -1.07464893e-02   0.0000
  7.74493143e-02   0.0000
 -3.46210524e-02   0.0000
 -4.87114757e-01   0.0000
 -1.02425856e-05   0.0000
  5.79528101e-02   0.0000
 -1.38259949e-02   0.0000
 -4.57500875e-01   0.0000
 -8.76332521e-02   0.0000
 -4.39174563e-01   0.0000
 -5.00489950e-01   0.0000
 -7.36129354e-04   0.0000
 -1.64088812e-02   0.0000
 -4.18216020e-01   0.0000
  3.55315134e-02   0.0000
 -1.33601145e-03   0.0000
 -3.47772509e-01   0.0000
 -7.42450869e-03   0.0000
  6.42423111e-04   0.0000
 -5.14879763e-01   0.0000
 -1.08978916e-02   0.0000
 -2.98478127e-01   0.0000
 -1.13057939e-03   0.0000
 -6.73048664e-04   0.0000
  5.11655882e-02   0.0000
  2.82093952e-05   0.0000
  2.41403002e-03   0.0000
  5.49170040e-02   0.0000
  4.96216416e-02   0.0000
  9.86967329e-03   0.0000
  4.59185570e-01   0.0000
 -3.14737461e-03   0.0000
 -1.32530706e-03   0.0000
 -7.81313553e-02   0.0000
  9.79761556e-02   0.0000
  8.14191520e-01   0.0000
 -6.05395325e-02   0.0000
  3.67178917e-02   0.0000
  1.36103123e-01   0.0000
  3.54701251e-01   0.0000
  1.01917433e-02   0.0000
  5.35419166e-01   0.0000
  5.14735997e-01   0.0000
 -5.00795394e-02   0.0000
  8.05948153e-02   0.0000
  6.85135305e-01   0.0000
 -2.77952645e-02   0.0000
 -2.22331705e-03   0.0000
  3.47699285e-01   0.0000
 -2.86878087e-02   0.0000
 -1.18721075e-01   0.0000
  1.75918922e-01   0.0000
 -1.69575643e-02   0.0000
  3.67408931e-01   0.0000
 -6.13525733e-02   0.0000
 -6.33083342e-04   0.0000
 -8.91209319e-02   0.0000
 -3.42096225e-03   0.0000
 -1.05535635e-03   0.0000
 -4.16932069e-03   0.0000
  8.88678730e-02   0.0000
 -9.61599033e-03   0.0000
 -2.04991668e-01   0.0000
 -4.48456854e-02   0.0000
 -2.08462235e-02   0.0000
  1.36230504e-02   0.0000
  2.86564650e-03   0.0000
  7.71013319e-01   0.0000
 -4.81049018e-03   0.0000
 -5.01808226e-02   0.0000
 -1.85968772e-01   0.0000
  4.43208039e-01   0.0000
  7.56589845e-02   0.0000
  6.55263245e-01   0.0000
  6.28552139e-01   0.0000
 -2.46294076e-04   0.0000
  1.37614142e-02   0.0000
  1.06799102e+00   0.0000
  1.32810464e-02   0.0000
  2.48672906e-03   0.0000
  2.30136082e-01   0.0000
 -2.68350337e-02   0.0000
 -5.39412089e-02   0.0000
  6.20988786e-01   0.0000
 -6.21389523e-02   0.0000
  1.91084206e-01   0.0000
  5.22439042e-03   0.0000
  2.71549751e-03   0.0000
  3.12813278e-03   0.0000
 -1.58540288e-03   0.0000
  5.76435059e-06   0.0000
 -8.88767615e-02   0.0000
 -1.18493617e-01   0.0000
 -6.55106977e-02   0.0000
 -5.72971702e-01   0.0000
  6.28292561e-02   0.0000
  2.08197795e-02   0.0000
  7.59587213e-02   0.0000
  7.80236199e-02   0.0000
  3.17440122e-01   0.0000
 -1.58781689e-02   0.0000
  1.18471803e-02   0.0000
  5.25401207e-03   0.0000
  7.16337442e-01   0.0000
 -1.35714281e-03   0.0000
  6.02534831e-01   0.0000
  1.78764716e-01   0.0000
 -3.08557507e-03   0.0000
  9.31728557e-02   0.0000
  1.23971820e+00   0.0000
 -5.50366603e-05   0.0000
  8.92906450e-03   0.0000
  1.76342875e-01   0.0000
 -3.79933938e-02   0.0000
 -1.00772572e-03   0.0000
  3.94811392e-01   0.0000
  9.03209206e-03   0.0000
  2.36868203e-01   0.0000
 -4.77911122e-02   0.0000
 -8.45385366e-04   0.0000
 -7.60089606e-03   0.0000
 -2.67482974e-04   0.0000
  3.30724823e-03   0.0000
  3.11728823e-03   0.0000
 -1.18947603e-01   0.0000
 -2.23754589e-02   0.0000
 -3.68333876e-01   0.0000
  3.21085528e-02   0.0000
  9.21953528e-04   0.0000
  7.73658231e-02   0.0000
  1.77712664e-01   0.0000
 -8.80189985e-03   0.0000
 -4.65782359e-02   0.0000
  2.22605132e-02   0.0000
  1.80744529e-01   0.0000
 -9.38120931e-02   0.0000
 -5.89167774e-02   0.0000
 -1.38668492e-02   0.0000
  8.48549418e-03   0.0000
 -1.13174208e-01   0.0000
  1.63197145e-01   0.0000
 -2.26725578e-01   0.0000
  3.75185460e-02   0.0000
  2.40119291e-03   0.0000
 -4.01468538e-02   0.0000
 -1.08644404e-02   0.0000
 -1.18854523e-01   0.0000
 -8.14672559e-02   0.0000
 -1.52881622e-01   0.0000
 -7.71632865e-02   0.0000
 -1.13841571e-01   0.0000
 -1.96735933e-03   0.0000
 -1.59468874e-02   0.0000
  1.77737020e-04   0.0000
 -1.23312813e-03   0.0000
  6.24914244e-02   0.0000
  2.96430459e-04   0.0000
  3.84576917e-02   0.0000
  8.47939625e-02   0.0000
 -2.23802738e-02   0.0000
  4.45434488e-02   0.0000
 -3.03855725e-02   0.0000
 -3.01882182e-03   0.0000
 -5.29408514e-01   0.0000
 -2.95763975e-03   0.0000
  1.16044983e-01   0.0000
  7.56799383e-03   0.0000
 -1.45532548e-01   0.0000
 -1.07180007e-01   0.0000
 -1.65717453e-01   0.0000
 -3.03894490e-01   0.0000
  5.71372686e-03   0.0000
 -2.22333241e-02   0.0000
 -9.68196765e-02   0.0000
  1.00978397e-01   0.0000
 -5.22352150e-03   0.0000
 -2.25400835e-01   0.0000
  1.53029207e-02   0.0000
  4.87097679e-03   0.0000
 -2.34042257e-01   0.0000
  2.75978091e-04   0.0000
 -2.98134774e-01   0.0000
 -3.98791209e-02   0.0000
 -8.81169364e-03   0.0000
  1.50501020e-02   0.0000
 -3.34858662e-03   0.0000
  1.77234266e-04   0.0000
  7.67407194e-02   0.0000
  2.10347828e-02   0.0000
  8.32893923e-02   0.0000
  2.24897087e-01   0.0000
 -2.07189061e-02   0.0000
 -2.46974453e-02   0.0000
 -1.51585415e-01   0.0000
  3.66067328e-02   0.0000
  1.27235806e+00   0.0000
  8.44521001e-02   0.0000
 -2.56619245e-01   0.0000
 -2.31428847e-01   0.0000
  7.73655415e-01   0.0000
  3.52829039e-01   0.0000
  5.82413733e-01   0.0000
  9.84882534e-01   0.0000
  1.30428895e-01   0.0000
  4.72086808e-03   0.0000
  8.66137266e-01   0.0000
 -2.34550610e-01   0.0000
 -6.26976881e-03   0.0000
  7.16542363e-01   0.0000
  7.00554103e-02   0.0000
  3.14865559e-02   0.0000
  7.35683203e-01   0.0000
  1.45601645e-01   0.0000
  5.91355324e-01   0.0000
  1.92448989e-01   0.0000
  3.17378063e-03   0.0000
 -2.15110322e-03   0.0000
  2.67031556e-03   0.0000
 -5.62707111e-02   0.0000
 -2.48814613e-01   0.0000
 -3.27689886e-01   0.0000
 -1.91124827e-01   0.0000
 -6.03023410e-01   0.0000
  1.46373555e-01   0.0000
 -5.46689481e-02   0.0000
  3.78504574e-01   0.0000
  8.60144477e-03   0.0000
 -1.81214154e-01   0.0000
 -4.42982242e-02   0.0000
  5.16426601e-02   0.0000
  1.35636762e-01   0.0000
 -2.59762317e-01   0.0000
 -4.62953933e-02   0.0000
 -6.48110583e-02   0.0000
 -2.30994806e-01   0.0000
 -8.01780354e-03   0.0000
  8.64962302e-03   0.0000
 -3.40112418e-01   0.0000
  3.14477757e-02   0.0000
  9.38307086e-04   0.0000
 -9.25411656e-02   0.0000
 -7.82016851e-03   0.0000
 -1.54016418e-02   0.0000
 -2.47963578e-01   0.0000
 -7.23839505e-03   0.0000
 -1.25389934e-01   0.0000
 -5.55628836e-02   0.0000
  2.29129684e-03   0.0000
 -2.05144491e-02   0.0000
  8.58581450e-04   0.0000
 -1.35876951e-04   0.0000
  1.84164792e-01   0.0000
  5.93841672e-02   0.0000
  4.70636040e-02   0.0000
  2.12965071e-01   0.0000
 -6.52706549e-02   0.0000
  8.17633048e-03   0.0000
 -1.01994134e-01   0.0000
  3.39756608e-02   0.0000
  2.53597289e-01   0.0000
 -4.54448573e-02   0.0000
  2.35211123e-02   0.0000
  8.66122916e-02   0.0000
  4.06840056e-01   0.0000
 -3.26538049e-02   0.0000
  1.31426305e-01   0.0000
  1.56999826e-01   0.0000
 -6.29859567e-02   0.0000
  2.02191416e-02   0.0000
  1.07079089e+00   0.0000
  5.42651489e-02   0.0000
  3.35645396e-03   0.0000
  8.91443416e-02   0.0000
 -3.75840254e-02   0.0000
 -4.47908230e-02   0.0000
  1.54744878e-01   0.0000
 -3.42621207e-02   0.0000
 -2.19731349e-02   0.0000
 -4.55080271e-02   0.0000
  3.77959246e-03   0.0000
 -6.54740864e-03   0.0000
  5.73763158e-04   0.0000
  1.77822844e-03   0.0000
  4.30266671e-02   0.0000
  9.71200988e-02   0.0000
  5.42511009e-02   0.0000
 -2.67267674e-01   0.0000
 -5.71992472e-02   0.0000
  3.03745270e-02   0.0000
  1.88973523e-03   0.0000
  1.78412214e-01   0.0000
 -1.88358163e-03   0.0000
 -1.03059076e-01   0.0000
  9.60555226e-02   0.0000
  4.68216417e-03   0.0000
 -1.23032451e-01   0.0000
 -3.64672132e-02   0.0000
 -2.10608169e-02   0.0000
 -2.09659934e-02   0.0000
 -6.97724074e-02   0.0000
  5.52386651e-03   0.0000
 -2.31821537e-01   0.0000
  2.82782745e-02   0.0000
  2.97073671e-03   0.0000
 -4.03133817e-02   0.0000
 -5.10402992e-02   0.0000
 -2.79627182e-02   0.0000
 -7.94065520e-02   0.0000
 -1.84385911e-01   0.0000
 -1.13150157e-01   0.0000
 -8.06943551e-02   0.0000
 -2.83615943e-03   0.0000
 -7.18353912e-02   0.0000
  2.04545073e-03   0.0000
 -1.41431126e-04   0.0000
  5.07705845e-02   0.0000
  1.52195215e-01   0.0000
  3.41979116e-02   0.0000
  1.50664255e-01   0.0000
 -1.01995006e-01   0.0000
  9.90837738e-02   0.0000
 -5.53535819e-02   0.0000
 -1.81740383e-03   0.0000
  5.21306992e-01   0.0000
 -3.00374441e-03   0.0000
 -8.64528120e-02   0.0000
 -1.25070855e-01   0.0000
  3.74360383e-01   0.0000
  5.26584722e-02   0.0000
  2.16990799e-01   0.0000
  4.36051220e-01   0.0000
  2.97676213e-02   0.0000
  5.46893403e-02   0.0000
  5.76874673e-01   0.0000
 -1.27365878e-02   0.0000
 -3.89660685e-03   0.0000
  3.41814905e-01   0.0000
 -1.92462502e-03   0.0000
  1.26884459e-02   0.0000
  3.54598403e-01   0.0000
  5.54512367e-02   0.0000
  2.17936009e-01   0.0000
  2.87466291e-02   0.0000
 -2.98971776e-03   0.0000
 -1.72928721e-05   0.0000
 -4.90943436e-04   0.0000
 -5.65572642e-04   0.0000
 -2.49241367e-02   0.0000
 -1.42024681e-01   0.0000
 -9.01615829e-04   0.0000
 -3.35754752e-01   0.0000
 -5.24264015e-03   0.0000
 -1.08879560e-03   0.0000
  1.25605613e-01   0.0000
 -2.30401799e-01   0.0000
  4.34811354e-01   0.0000
  1.47690311e-01   0.0000
 -3.98598671e-01   0.0000
 -4.07410800e-01   0.0000
  5.88211529e-02   0.0000
  3.52513701e-01   0.0000
 -1.65700331e-01   0.0000
  3.75516713e-01   0.0000
  2.54465282e-01   0.0000
 -7.30084181e-02   0.0000
  3.23393315e-01   0.0000
 -2.71562666e-01   0.0000
 -2.03565061e-02   0.0000
  3.44211340e-01   0.0000
  1.18916184e-01   0.0000
  2.75992036e-01   0.0000
  1.57655150e-01   0.0000
  2.74265975e-01   0.0000
  2.43940622e-01   0.0000
  3.57292235e-01   0.0000
  1.15115603e-03   0.0000
  3.11735049e-02   0.0000
 -5.88894915e-03   0.0000
  5.83920628e-04   0.0000
 -2.69366264e-01   0.0000
 -5.84473610e-01   0.0000
 -2.15699017e-01   0.0000
 -6.63164631e-02   0.0000
  1.85946092e-01   0.0000
 -1.79793999e-01   0.0000
  3.68893534e-01   0.0000
 -9.75110754e-03   0.0000
  3.63433152e-01   0.0000
 -2.60999594e-02   0.0000
  1.11842290e-01   0.0000
  6.48992881e-02   0.0000
  8.00711513e-01   0.0000
 -1.59034342e-01   0.0000
  6.47695243e-01   0.0000
  1.62577689e-01   0.0000
 -3.98250064e-03   0.0000
 -1.03322081e-02   0.0000
  1.08346951e+00   0.0000
  1.09160081e-01   0.0000
 -6.67302124e-03   0.0000
  2.66387849e-03   0.0000
 -2.14858651e-02   0.0000
  2.63869367e-03   0.0000
  2.00188339e-01   0.0000
  1.54949008e-02   0.0000
 -5.36830612e-02   0.0000
 -5.12886718e-02   0.0000
 -4.91912849e-03   0.0000
 -1.97510924e-02   0.0000
 -2.10473896e-03   0.0000
  2.25535041e-04   0.0000
  7.65382946e-02   0.0000
  1.16394535e-02   0.0000
  7.72995502e-02   0.0000
 -5.75424373e-01   0.0000
 -6.74842000e-02   0.0000
 -7.98418559e-03   0.0000
 -1.73518062e-01   0.0000
 -4.40800965e-01   0.0000
  4.22169924e-01   0.0000
  4.62125450e-01   0.0000
 -3.92801166e-01   0.0000
 -4.76598203e-01   0.0000
  7.93904483e-01   0.0000
  4.62950438e-01   0.0000
  3.74784291e-01   0.0000
  3.40370864e-01   0.0000
  4.54678744e-01   0.0000
 -5.12795985e-01   0.0000
  8.68719518e-01   0.0000
 -3.12781334e-01   0.0000
 -2.57283077e-03   0.0000
  3.04696143e-01   0.0000
  3.63903910e-01   0.0000
  4.27255332e-01   0.0000
  3.94613534e-01   0.0000
  5.87113619e-01   0.0000
  4.48423147e-01   0.0000
  4.39596951e-01   0.0000
 -1.15214568e-03   0.0000
  4.26723331e-01   0.0000
 -1.03936501e-01   0.0000
  3.65428105e-02   0.0000
 -2.09293395e-01   0.0000
 -6.16744101e-01   0.0000
 -3.63724291e-01   0.0000
 -3.19251090e-01   0.0000
  2.93912947e-01   0.0000
 -4.96534020e-01   0.0000
  4.15716827e-01   0.0000
 -6.17058694e-01   0.0000
  3.67005253e+00   0.0000
  7.45048940e-01   0.0000
 -1.43665719e+00   0.0000
 -1.62834120e+00   0.0000
  3.98138595e+00   0.0000
  1.50737095e+00   0.0000
  3.27535820e+00   0.0000
  2.87630820e+00   0.0000
  1.11509418e+00   0.0000
 -5.27590096e-01   0.0000
  5.49449253e+00   0.0000
 -1.24558520e+00   0.0000
 -5.53338937e-02   0.0000
  2.23037791e+00   0.0000
  7.19879210e-01   0.0000
  6.72217607e-01   0.0000
  2.94447732e+00   0.0000
  1.16752422e+00   0.0000
  2.16545582e+00   0.0000
  1.26221716e+00   0.0000
 -7.20556676e-02   0.0000
  2.59708285e-01   0.0000
 -4.10773754e-02   0.0000
 -1.86122134e-02   0.0000
 -1.21370280e+00   0.0000
 -1.96116471e+00   0.0000
 -9.97657895e-01   0.0000
 -3.00252676e+00   0.0000
  9.07971978e-01   0.0000
 -5.59392512e-01   0.0000
  1.62238908e+00   0.0000
  0.00000000e+00   0.0000

