  2.451494   0.795023  13.878091  3711                                   NO_DFT 
  2.517710   0.795023  13.856689  3716                                   NO_DFT 
  2.585071   0.795023  13.826243  3721                                   NO_DFT 
  2.653624   0.795023  13.786125  3726                                   NO_DFT 
  2.668861   0.795023  13.716357  3709                                   NO_DFT 
  2.723377   0.795023  13.736724  3731                                   NO_DFT 
  2.740923   0.795023  13.676102  3714                                   NO_DFT 
  2.794343   0.795023  13.679157  3736                                   NO_DFT 
  2.814272   0.795023  13.631713  3719                                   NO_DFT 
  2.866568   0.795023  13.614826  3741                                   NO_DFT 
  2.888869   0.795023  13.582434  3724                                   NO_DFT 
  2.939989   0.795023  13.545069  3746                                   NO_DFT 
  2.964821   0.795023  13.527349  3729                                   NO_DFT 
  3.014653   0.795023  13.470636  3751                                   NO_DFT 
  3.042094   0.795023  13.465519  3734                                   NO_DFT 
  3.090571   0.795023  13.391822  3756                                   NO_DFT 
  3.120697   0.795023  13.395823  3739                                   NO_DFT 
  3.167753   0.795023  13.308661  3761                                   NO_DFT 
  3.200644   0.795023  13.316869  3744                                   NO_DFT 
  3.246250   0.795023  13.221208  3766                                   NO_DFT 
  3.281944   0.795023  13.226850  3749                                   NO_DFT 
  3.325992   0.795023  13.129726  3771                                   NO_DFT 
  3.364609   0.795023  13.123384  3754                                   NO_DFT 
  3.407028   0.795023  13.034008  3776                                   NO_DFT 
  3.448596   0.795023  13.003445  3759                                   NO_DFT 
  3.466948   0.795023  12.916676  3710                                   NO_DFT 
  3.489371   0.795023  12.932827  3781                                   NO_DFT 
  3.534025   0.795023  12.862934  3764                                   NO_DFT 
  3.560550   0.795023  12.749445  3715                                   NO_DFT 
  3.573030   0.795023  12.823133  3786                                   NO_DFT 
  3.620853   0.795023  12.697090  3769                                   NO_DFT 
  3.655823   0.795023  12.552279  3720                                   NO_DFT 
  3.658060   0.795023  12.699473  3791                                   NO_DFT 
  3.709092   0.795023  12.500226  3774                                   NO_DFT 
  3.744383   0.795023  12.554234  3796                                   NO_DFT 
  3.752779   0.795023  12.321714  3725                                   NO_DFT 
  3.798753   0.795023  12.266020  3779                                   NO_DFT 
  3.832053   0.795023  12.377777  3801                                   NO_DFT 
  3.851436   0.795023  12.056297  3730                                   NO_DFT 
  3.889847   0.795023  11.987902  3784                                   NO_DFT 
  3.921081   0.795023  12.159517  3806                                   NO_DFT 
  3.951806   0.795023  11.757561  3735                                   NO_DFT 
  3.982326   0.795023  11.659939  3789                                   NO_DFT 
  4.011478   0.795023  11.889135  3811                                   NO_DFT 
  4.053905   0.795023  11.430552  3740                                   NO_DFT 
  4.076320   0.795023  11.276735  3794                                   NO_DFT 
  4.103253   0.795023  11.557895  3816                                   NO_DFT 
  4.157748   0.795023  11.083618  3745                                   NO_DFT 
  4.171782   0.795023  10.835731  3799                                   NO_DFT 
  4.196467   0.795023  11.160006  3821                                   NO_DFT 
  4.263349   0.795023  10.726979  3750                                   NO_DFT 
  4.268723   0.795023  10.337309  3804                                   NO_DFT 
  4.291032   0.795023  10.694898  3826                                   NO_DFT 
  4.367154   0.795023   9.785529  3809                                   NO_DFT 
  4.370723   0.795023  10.370928  3755                                   NO_DFT 
  4.387007   0.795023  10.166708  3831                                   NO_DFT 
  4.467086   0.795023   9.188385  3814                                   NO_DFT 
  4.479885   0.795023  10.023690  3760                                   NO_DFT 
  4.484403   0.795023   9.585041  3836                                   NO_DFT 
  4.568532   0.795023   8.557217  3819                                   NO_DFT 
  4.583229   0.795023   8.963371  3841                                   NO_DFT 
  4.590849   0.795023   9.689826  3765                                   NO_DFT 
  4.671434   0.795023   7.906160  3824                                   NO_DFT 
  4.683550   0.795023   8.316880  3846                                   NO_DFT 
  4.703631   0.795023   9.369448  3770                                   NO_DFT 
  4.775939   0.795023   7.248965  3829                                   NO_DFT 
  4.785271   0.795023   7.661801  3851                                   NO_DFT 
  4.818246   0.795023   9.058677  3775                                   NO_DFT 
  4.881990   0.795023   6.600115  3834                                   NO_DFT 
  4.888453   0.795023   7.011593  3856                                   NO_DFT 
  4.934707   0.795023   8.750595  3780                                   NO_DFT 
  4.989601   0.795023   5.971817  3839                                   NO_DFT 
  4.993109   0.795023   6.377391  3861                                   NO_DFT 
  5.053030   0.795023   8.436961  3785                                   NO_DFT 
  5.098781   0.795023   5.373461  3844                                   NO_DFT 
  5.099247   0.795023   5.767242  3866                                   NO_DFT 
  5.173229   0.795023   8.109694  3790                                   NO_DFT 
  5.206936   0.795023   5.185934  3871                                   NO_DFT 
  5.209541   0.795023   4.811389  3849                                   NO_DFT 
  5.295320   0.795023   7.762107  3795                                   NO_DFT 
  5.316073   0.795023   4.636701  3876                                   NO_DFT 
  5.321822   0.795023   4.289132  3854                                   NO_DFT 
  5.337722   0.795023  10.504339  3708                                   NO_DFT 
  5.419316   0.795023   7.389802  3800                                   NO_DFT 
  5.426725   0.795023   4.119735  3881                                   NO_DFT 
  5.435779   0.795023   3.806628  3859                                   NO_DFT 
  5.481847   0.795023  10.119318  3713                                   NO_DFT 
  5.538901   0.795023   3.634115  3886                                   NO_DFT 
  5.545233   0.795023   6.990744  3805                                   NO_DFT 
  5.551350   0.795023   3.362738  3864                                   NO_DFT 
  5.628543   0.795023   9.722597  3718                                   NO_DFT 
  5.652613   0.795023   3.177887  3891                                   NO_DFT 
  5.668549   0.795023   2.954454  3869                                   NO_DFT 
  5.673086   0.795023   6.565395  3810                                   NO_DFT 
  5.767931   0.795023   2.748267  3896                                   NO_DFT 
  5.777834   0.795023   9.327206  3723                                   NO_DFT 
  5.787385   0.795023   2.577969  3874                                   NO_DFT 
  5.802888   0.795023   6.116494  3815                                   NO_DFT 
  5.884745   0.795023   2.342914  3901                                   NO_DFT 
  5.907870   0.795023   2.229013  3879                                   NO_DFT 
  5.929741   0.795023   8.943896  3728                                   NO_DFT 
  5.934657   0.795023   5.648517  3820                                   NO_DFT 
  6.003126   0.795023   1.958882  3906                                   NO_DFT 
  6.030017   0.795023   1.903247  3884                                   NO_DFT 
  6.068404   0.795023   5.167183  3825                                   NO_DFT 
  6.084188   0.795023   8.579251  3733                                   NO_DFT 
  6.123084   0.795023   1.593720  3911                                   NO_DFT 
  6.153756   0.795023   1.596817  3889                                   NO_DFT 
  6.204146   0.795023   4.678924  3830                                   NO_DFT 
  6.241395   0.795023   8.233603  3738                                   NO_DFT 
  6.244629   0.795023   1.245460  3916                                   NO_DFT 
  6.279256   0.795023   1.305831  3894                                   NO_DFT 
  6.341898   0.795023   4.190434  3835                                   NO_DFT 
  6.367773   0.795023   0.912791  3921                                   NO_DFT 
  6.401287   0.795023   7.903121  3743                                   NO_DFT 
  6.406452   0.795023   1.027545  3899                                   NO_DFT 
  6.481674   0.795023   3.707949  3840                                   NO_DFT 
  6.492591   0.795023   0.594880  3926                                   NO_DFT 
  6.535354   0.795023   0.759869  3904                                   NO_DFT 
  6.563887   0.795023   7.580228  3748                                   NO_DFT 
  6.618962   0.795023   0.291878  3931                                   NO_DFT 
  6.623488   0.795023   3.237000  3845                                   NO_DFT 
  6.665973   0.795023   0.501415  3909                                   NO_DFT 
  6.729218   0.795023   7.255903  3753                                   NO_DFT 
  6.746963   0.795023   0.003821  3936                                   NO_DFT 
  6.767356   0.795023   2.782199  3850                                   NO_DFT 
  6.798322   0.795023   0.251408  3914                                   NO_DFT 
  6.876604   0.795023  -0.268943  3941                                   NO_DFT 
  6.897301   0.795023   6.921345  3758                                   NO_DFT 
  6.913292   0.795023   2.346947  3855                                   NO_DFT 
  6.932324   0.795023   0.009791  3919                                   NO_DFT 
  7.007894   0.795023  -0.526218  3946                                   NO_DFT 
  7.061312   0.795023   1.933332  3860                                   NO_DFT 
  7.068161   0.795023   6.569010  3763                                   NO_DFT 
  7.068163   0.795023  -0.223692  3924                                   NO_DFT 
  7.140915   0.795023  -0.768225  3951                                   NO_DFT 
  7.205765   0.795023  -0.448660  3929                                   NO_DFT 
  7.211430   0.795023   1.542289  3865                                   NO_DFT 
  7.241706   0.795023   6.193757  3768                                   NO_DFT 
  7.275538   0.795023  -0.995202  3956                                   NO_DFT 
  7.345142   0.795023  -0.664898  3934                                   NO_DFT 
  7.363660   0.795023   1.173466  3870                                   NO_DFT 
  7.411842   0.795023  -1.208206  3961                                   NO_DFT 
  7.418184   0.795023   5.792032  3773                                   NO_DFT 
  7.486304   0.795023  -0.872275  3939                                   NO_DFT 
  7.518017   0.795023   0.825658  3875                                   NO_DFT 
  7.549839   0.795023  -1.408348  3966                                   NO_DFT 
  7.597505   0.795023   5.363715  3778                                   NO_DFT 
  7.629264   0.795023  -1.070838  3944                                   NO_DFT 
  7.674517   0.795023   0.497030  3880                                   NO_DFT 
  7.689537   0.795023  -1.596905  3971                                   NO_DFT 
  7.774032   0.795023  -1.260805  3949                                   NO_DFT 
  7.779694   0.795023   4.910999  3783                                   NO_DFT 
  7.831023   0.795023  -1.775030  3976                                   NO_DFT 
  7.833173   0.795023   0.185664  3885                                   NO_DFT 
  7.920526   0.795023  -1.442390  3954                                   NO_DFT 
  7.964772   0.795023   4.438625  3788                                   NO_DFT 
  7.974158   0.795023  -1.943450  3981                                   NO_DFT 
  7.994001   0.795023  -0.110191  3890                                   NO_DFT 
  8.068943   0.795023  -1.616324  3959                                   NO_DFT 
  8.119027   0.795023  -2.102894  3986                                   NO_DFT 
  8.152762   0.795023   3.953229  3793                                   NO_DFT 
  8.157016   0.795023  -0.391878  3895                                   NO_DFT 
  8.219204   0.795023  -1.782976  3964                                   NO_DFT 
  8.265640   0.795023  -2.253727  3991                                   NO_DFT 
  8.322232   0.795023  -0.660212  3900                                   NO_DFT 
  8.343564   0.795023   3.463118  3798                                   NO_DFT 
  8.371319   0.795023  -1.942854  3969                                   NO_DFT 
  8.414008   0.795023  -2.396202  3996                                   NO_DFT 
  8.489664   0.795023  -0.915594  3905                                   NO_DFT 
  8.525298   0.795023  -2.096431  3974                                   NO_DFT 
  8.537445   0.795023   2.975854  3803                                   NO_DFT 
  8.564219   0.795023  -2.530531  4001                                   NO_DFT 
  8.659327   0.795023  -1.158177  3910                                   NO_DFT 
  8.681155   0.795023  -2.244133  3979                                   NO_DFT 
  8.716128   0.795023  -2.656740  4006                                   NO_DFT 
  8.734307   0.795023   2.499303  3808                                   NO_DFT 
  8.831235   0.795023  -1.387910  3915                                   NO_DFT 
  8.838798   0.795023  -2.386121  3984                                   NO_DFT 
  8.869823   0.795023  -2.775138  4011                                   NO_DFT 
  8.934172   0.795023   2.039578  3813                                   NO_DFT 
  8.998441   0.795023  -2.522795  3989                                   NO_DFT 
  9.005404   0.795023  -1.604834  3920                                   NO_DFT 
  9.025313   0.795023  -2.885993  4016                                   NO_DFT 
  9.137063   0.795023   1.600775  3818                                   NO_DFT 
  9.159994   0.795023  -2.654160  3994                                   NO_DFT 
  9.181847   0.795023  -1.809166  3925                                   NO_DFT 
  9.182611   0.795023  -2.989650  4021                                   NO_DFT 
  9.323470   0.795023  -2.780212  3999                                   NO_DFT 
  9.341725   0.795023  -3.086468  4026                                   NO_DFT 
  9.343002   0.795023   1.184843  3823                                   NO_DFT 
  9.360579   0.795023  -2.001249  3930                                   NO_DFT 
  9.488879   0.795023  -2.900898  4004                                   NO_DFT 
  9.502752   0.795023  -3.176914  4031                                   NO_DFT 
  9.541617   0.795023  -2.181656  3935                                   NO_DFT 
  9.552013   0.795023   0.791953  3828                                   NO_DFT 
  9.656233   0.795023  -3.016141  4009                                   NO_DFT 
  9.665533   0.795023  -3.261236  4036                                   NO_DFT 
  9.724975   0.795023  -2.351069  3940                                   NO_DFT 
  9.763981   0.795023   0.421189  3833                                   NO_DFT 
  9.825543   0.795023  -3.125840  4014                                   NO_DFT 
  9.830162   0.795023  -3.339881  4041                                   NO_DFT 
  9.910666   0.795023  -2.510327  3945                                   NO_DFT 
  9.979201   0.795023   0.070383  3838                                   NO_DFT 
  9.996651   0.795023  -3.413162  4046                                   NO_DFT 
  9.996711   0.795023  -3.229910  4019                                   NO_DFT 
 10.098706   0.795023  -2.660229  3950                                   NO_DFT 
 10.165008   0.795023  -3.481404  4051                                   NO_DFT 
 10.169967   0.795023  -3.328420  4024                                   NO_DFT 
 10.197561   0.795023  -0.262063  3843                                   NO_DFT 
 10.289109   0.795023  -2.801511  3955                                   NO_DFT 
 10.335335   0.795023  -3.544915  4056                                   NO_DFT 
 10.345213   0.795023  -3.421374  4029                                   NO_DFT 
 10.419083   0.795023  -0.577558  3848                                   NO_DFT 
 10.481892   0.795023  -2.934789  3960                                   NO_DFT 
 10.507463   0.795023  -3.603876  4061                                   NO_DFT 
 10.522461   0.795023  -3.508875  4034                                   NO_DFT 
 10.643789   0.795023  -0.877041  3853                                   NO_DFT 
 10.677067   0.795023  -3.060484  3965                                   NO_DFT 
 10.681492   0.795023  -3.658544  4066                                   NO_DFT 
 10.701722   0.795023  -3.591076  4039                                   NO_DFT 
 10.857432   0.795023  -3.709123  4071                                   NO_DFT 
 10.871704   0.795023  -1.160967  3858                                   NO_DFT 
 10.874649   0.795023  -3.178887  3970                                   NO_DFT 
 10.883007   0.795023  -3.668161  4044                                   NO_DFT 
 11.035294   0.795023  -3.755797  4076                                   NO_DFT 
 11.066210   0.795023  -3.740268  4049                                   NO_DFT 
 11.074655   0.795023  -3.290128  3975                                   NO_DFT 
 11.102850   0.795023  -1.429525  3863                                   NO_DFT 
 11.215181   0.795023  -3.798744  4081                                   NO_DFT 
 11.251577   0.795023  -3.807675  4054                                   NO_DFT 
 11.277098   0.795023  -3.394227  3980                                   NO_DFT 
 11.337097   0.795023  -1.682727  3868                                   NO_DFT 
 11.396918   0.795023  -3.838059  4086                                   NO_DFT 
 11.439003   0.795023  -3.870498  4059                                   NO_DFT 
 11.481994   0.795023  -3.491212  3985                                   NO_DFT 
 11.574770   0.795023  -1.921135  3873                                   NO_DFT 
 11.580607   0.795023  -3.873912  4091                                   NO_DFT 
 11.628498   0.795023  -3.928873  4064                                   NO_DFT 
 11.689355   0.795023  -3.581073  3990                                   NO_DFT 
 11.766260   0.795023  -3.906416  4096                                   NO_DFT 
 11.815741   0.795023  -2.145057  3878                                   NO_DFT 
 11.820075   0.795023  -3.982897  4069                                   NO_DFT 
 11.899199   0.795023  -3.663913  3995                                   NO_DFT 
 11.953886   0.795023  -3.935725  4101                                   NO_DFT 
 12.013744   0.795023  -4.032652  4074                                   NO_DFT 
 12.060034   0.795023  -2.355102  3883                                   NO_DFT 
 12.111540   0.795023  -3.739854  4000                                   NO_DFT 
 12.143597   0.795023  -3.961954  4106                                   NO_DFT 
 12.209518   0.795023  -4.078176  4079                                   NO_DFT 
 12.307671   0.795023  -2.551958  3888                                   NO_DFT 
 12.326391   0.795023  -3.809159  4005                                   NO_DFT 
 12.335203   0.795023  -3.985231  4111                                   NO_DFT 
 12.407279   0.795023  -4.119478  4084                                   NO_DFT 
 12.528813   0.795023  -4.005693  4116                                   NO_DFT 
 12.543769   0.795023  -3.872112  4010                                   NO_DFT 
 12.558675   0.795023  -2.736315  3893                                   NO_DFT 
 12.607293   0.795023  -4.156626  4089                                   NO_DFT 
 12.724440   0.795023  -4.023492  4121                                   NO_DFT 
 12.763687   0.795023  -3.929117  4015                                   NO_DFT 
 12.809446   0.795023  -4.189613  4094                                   NO_DFT 
 12.812904   0.795023  -2.908707  3898                                   NO_DFT 
 12.922092   0.795023  -4.038764  4126                                   NO_DFT 
 12.986160   0.795023  -3.980576  4020                                   NO_DFT 
 13.013748   0.795023  -4.218458  4099                                   NO_DFT 
 13.070708   0.795023  -3.069959  3903                                   NO_DFT 
 13.121780   0.795023  -4.051664  4131                                   NO_DFT 
 13.211205   0.795023  -4.026916  4025                                   NO_DFT 
 13.220210   0.795023  -4.243182  4104                                   NO_DFT 
 13.323622   0.795023  -4.062328  4136                                   NO_DFT 
 13.331946   0.795023  -3.220523  3908                                   NO_DFT 
 13.428845   0.795023  -4.263836  4109                                   NO_DFT 
 13.438833   0.795023  -4.068547  4030                                   NO_DFT 
 13.527415   0.795023  -4.070895  4141                                   NO_DFT 
 13.596643   0.795023  -3.360949  3913                                   NO_DFT 
 13.639528   0.795023  -4.280473  4114                                   NO_DFT 
 13.669063   0.795023  -4.105854  4035                                   NO_DFT 
 13.733276   0.795023  -4.077513  4146                                   NO_DFT 
 13.852540   0.795023  -4.293194  4119                                   NO_DFT 
 13.864820   0.795023  -3.491789  3918                                   NO_DFT 
 13.901906   0.795023  -4.139183  4040                                   NO_DFT 
 13.941215   0.795023  -4.082325  4151                                   NO_DFT 
 14.067759   0.795023  -4.302084  4124                                   NO_DFT 
 14.136501   0.795023  -3.613597  3923                                   NO_DFT 
 14.137379   0.795023  -4.168807  4045                                   NO_DFT 
 14.151242   0.795023  -4.085460  4156                                   NO_DFT 
 14.285194   0.795023  -4.307281  4129                                   NO_DFT 
 14.363481   0.795023  -4.087035  4161                                   NO_DFT 
 14.375496   0.795023  -4.194932  4050                                   NO_DFT 
 14.411709   0.795023  -3.726911  3928                                   NO_DFT 
 14.504859   0.795023  -4.308906  4134                                   NO_DFT 
 14.577717   0.795023  -4.087171  4166                                   NO_DFT 
 14.616271   0.795023  -4.217696  4055                                   NO_DFT 
 14.690284   0.795023  -3.832148  3933                                   NO_DFT 
 14.726765   0.795023  -4.307120  4139                                   NO_DFT 
 14.794073   0.795023  -4.085947  4171                                   NO_DFT 
 14.859720   0.795023  -4.237183  4060                                   NO_DFT 
 14.950922   0.795023  -4.302102  4144                                   NO_DFT 
 14.972609   0.795023  -3.929851  3938                                   NO_DFT 
 15.012560   0.795023  -4.083439  4176                                   NO_DFT 
 15.105858   0.795023  -4.253430  4065                                   NO_DFT 
 15.177197   0.795023  -4.294038  4149                                   NO_DFT 
 15.233187   0.795023  -4.079710  4181                                   NO_DFT 
 15.258528   0.795023  -4.020288  3943                                   NO_DFT 
 15.354699   0.795023  -4.266408  4070                                   NO_DFT 
 15.405890   0.795023  -4.283122  4154                                   NO_DFT 
 15.456082   0.795023  -4.074785  4186                                   NO_DFT 
 15.548064   0.795023  -4.103682  3948                                   NO_DFT 
 15.606257   0.795023  -4.276090  4075                                   NO_DFT 
 15.636869   0.795023  -4.269559  4159                                   NO_DFT 
 15.681024   0.795023  -4.068705  4191                                   NO_DFT 
 15.841240   0.795023  -4.180187  3953                                   NO_DFT 
 15.860549   0.795023  -4.282441  4080                                   NO_DFT 
 15.870146   0.795023  -4.253572  4164                                   NO_DFT 
 15.908136   0.795023  -4.061473  4196                                   NO_DFT 
 16.105732   0.795023  -4.235393  4169                                   NO_DFT 
 16.117588   0.795023  -4.285451  4085                                   NO_DFT 
 16.137432   0.795023  -4.053092  4201                                   NO_DFT 
 16.138079   0.795023  -4.249879  3958                                   NO_DFT 
 16.343636   0.795023  -4.215242  4174                                   NO_DFT 
 16.368919   0.795023  -4.043558  4206                                   NO_DFT 
 16.377388   0.795023  -4.285161  4090                                   NO_DFT 
 16.438408   0.795023  -4.312755  3963                                   NO_DFT 
 16.583717   0.795023  -4.193384  4179                                   NO_DFT 
 16.602734   0.795023  -4.032863  4211                                   NO_DFT 
 16.639967   0.795023  -4.281662  4095                                   NO_DFT 
 16.742638   0.795023  -4.368925  3968                                   NO_DFT 
 16.826296   0.795023  -4.170024  4184                                   NO_DFT 
 16.838640   0.795023  -4.021016  4216                                   NO_DFT 
 16.905336   0.795023  -4.275141  4100                                   NO_DFT 
 17.050596   0.795023  -4.418401  3973                                   NO_DFT 
 17.071228   0.795023  -4.145419  4189                                   NO_DFT 
 17.076771   0.795023  -4.008018  4221                                   NO_DFT 
 17.173512   0.795023  -4.265821  4105                                   NO_DFT 
 17.317135   0.795023  -3.993874  4226                                   NO_DFT 
 17.318525   0.795023  -4.119811  4194                                   NO_DFT 
 17.362310   0.795023  -4.461340  3978                                   NO_DFT 
 17.444510   0.795023  -4.254024  4110                                   NO_DFT 
 17.559746   0.795023  -3.978612  4231                                   NO_DFT 
 17.568199   0.795023  -4.093432  4199                                   NO_DFT 
 17.677799   0.795023  -4.498017  3983                                   NO_DFT 
 17.718342   0.795023  -4.240100  4115                                   NO_DFT 
 17.804611   0.795023  -3.962258  4236                                   NO_DFT 
 17.820261   0.795023  -4.066509  4204                                   NO_DFT 
 17.995026   0.795023  -4.224421  4120                                   NO_DFT 
 17.997087   0.795023  -4.528869  3988                                   NO_DFT 
 18.051872   0.795023  -3.944847  4241                                   NO_DFT 
 18.074558   0.795023  -4.039272  4209                                   NO_DFT 
 18.274576   0.795023  -4.207354  4125                                   NO_DFT 
 18.301281   0.795023  -3.926435  4246                                   NO_DFT 
 18.320196   0.795023  -4.554499  3993                                   NO_DFT 
 18.331430   0.795023  -4.011890  4214                                   NO_DFT 
 18.552975   0.795023  -3.907076  4251                                   NO_DFT 
 18.557007   0.795023  -4.189205  4130                                   NO_DFT 
 18.590723   0.795023  -3.984554  4219                                   NO_DFT 
 18.646940   0.795023  -4.575563  3998                                   NO_DFT 
 18.806969   0.795023  -3.886826  4256                                   NO_DFT 
 18.842331   0.795023  -4.170238  4135                                   NO_DFT 
 18.852449   0.795023  -3.957422  4224                                   NO_DFT 
 18.977758   0.795023  -4.592745  4003                                   NO_DFT 
 19.063269   0.795023  -3.865742  4261                                   NO_DFT 
 19.116623   0.795023  -3.930631  4229                                   NO_DFT 
 19.130566   0.795023  -4.150604  4140                                   NO_DFT 
 19.312466   0.795023  -4.606483  4008                                   NO_DFT 
 19.322021   0.795023  -3.843883  4266                                   NO_DFT 
 19.383251   0.795023  -3.904285  4234                                   NO_DFT 
 19.421724   0.795023  -4.130376  4145                                   NO_DFT 
 19.582970   0.795023  -3.821328  4271                                   NO_DFT 
 19.651087   0.795023  -4.616944  4013                                   NO_DFT 
 19.652348   0.795023  -3.878453  4239                                   NO_DFT 
 19.715824   0.795023  -4.109517  4150                                   NO_DFT 
 19.846256   0.795023  -3.798129  4276                                   NO_DFT 
 19.923746   0.795023  -3.853204  4244                                   NO_DFT 
 19.993643   0.795023  -4.624025  4018                                   NO_DFT 
 20.012877   0.795023  -4.087910  4155                                   NO_DFT 
 20.111893   0.795023  -3.774343  4281                                   NO_DFT 
 20.197811   0.795023  -3.828506  4249                                   NO_DFT 
 20.312897   0.795023  -4.065381  4160                                   NO_DFT 
 20.340157   0.795023  -4.627445  4023                                   NO_DFT 
 20.379889   0.795023  -3.750016  4286                                   NO_DFT 
 20.474377   0.795023  -3.804357  4254                                   NO_DFT 
 20.615902   0.795023  -4.041739  4165                                   NO_DFT 
 20.650398   0.795023  -3.725183  4291                                   NO_DFT 
 20.690426   0.795023  -4.626965  4028                                   NO_DFT 
 20.753456   0.795023  -3.780696  4259                                   NO_DFT 
 20.921906   0.795023  -4.016795  4170                                   NO_DFT 
 20.923145   0.795023  -3.699897  4296                                   NO_DFT 
 21.035059   0.795023  -3.757429  4264                                   NO_DFT 
 21.044922   0.795023  -4.622530  4033                                   NO_DFT 
 21.198284   0.795023  -3.674181  4301                                   NO_DFT 
 21.230923   0.795023  -3.990406  4175                                   NO_DFT 
 21.319199   0.795023  -3.734431  4269                                   NO_DFT 
 21.403444   0.795023  -4.614384  4038                                   NO_DFT 
 21.475826   0.795023  -3.648041  4306                                   NO_DFT 
 21.542967   0.795023  -3.962498  4180                                   NO_DFT 
 21.605701   0.795023  -3.711555  4274                                   NO_DFT 
 21.755779   0.795023  -3.621487  4311                                   NO_DFT 
 21.766014   0.795023  -4.603024  4043                                   NO_DFT 
 21.858055   0.795023  -3.933083  4185                                   NO_DFT 
 21.894945   0.795023  -3.688584  4279                                   NO_DFT 
 22.038155   0.795023  -3.594510  4316                                   NO_DFT 
 22.132656   0.795023  -4.589087  4048                                   NO_DFT 
 22.176199   0.795023  -3.902250  4190                                   NO_DFT 
 22.186760   0.795023  -3.665326  4284                                   NO_DFT 
 22.323111   0.795023  -3.567070  4321                                   NO_DFT 
 22.481155   0.795023  -3.641539  4289                                   NO_DFT 
 22.497416   0.795023  -3.870152  4195                                   NO_DFT 
 22.503393   0.795023  -4.573156  4053                                   NO_DFT 
 22.610365   0.795023  -3.539163  4326                                   NO_DFT 
 22.778143   0.795023  -3.616980  4294                                   NO_DFT 
 22.821720   0.795023  -3.837002  4200                                   NO_DFT 
 22.878246   0.795023  -4.555638  4058                                   NO_DFT 
 22.900070   0.795023  -3.510720  4331                                   NO_DFT 
 23.077736   0.795023  -3.591388  4299                                   NO_DFT 
 23.149124   0.795023  -3.803030  4205                                   NO_DFT 
 23.192242   0.795023  -3.481676  4336                                   NO_DFT 
 23.256996   0.795023  -4.536720  4063                                   NO_DFT 
 23.379944   0.795023  -3.564508  4304                                   NO_DFT 
 23.479647   0.795023  -3.768471  4210                                   NO_DFT 
 23.486885   0.795023  -3.451941  4341                                   NO_DFT 
 23.640150   0.795023  -4.516346  4068                                   NO_DFT 
 23.684582   0.795023  -3.536120  4309                                   NO_DFT 
 23.784172   0.795023  -3.421400  4346                                   NO_DFT 
 23.813301   0.795023  -3.733551  4215                                   NO_DFT 
 23.992052   0.795023  -3.505962  4314                                   NO_DFT 
 24.027489   0.795023  -4.494363  4073                                   NO_DFT 
 24.083799   0.795023  -3.389955  4351                                   NO_DFT 
 24.150099   0.795023  -3.698445  4220                                   NO_DFT 
 24.302174   0.795023  -3.473861  4319                                   NO_DFT 
 24.385931   0.795023  -3.357454  4356                                   NO_DFT 
 24.419037   0.795023  -4.470595  4078                                   NO_DFT 
 24.490059   0.795023  -3.663319  4225                                   NO_DFT 
 24.614956   0.795023  -3.439681  4324                                   NO_DFT 
 24.690580   0.795023  -3.323747  4361                                   NO_DFT 
 24.814814   0.795023  -4.444890  4083                                   NO_DFT 
 24.833195   0.795023  -3.628279  4230                                   NO_DFT 
 24.930408   0.795023  -3.403337  4329                                   NO_DFT 
 24.997757   0.795023  -3.288673  4366                                   NO_DFT 
 25.179520   0.795023  -3.593395  4235                                   NO_DFT 
 25.214846   0.795023  -4.417197  4088                                   NO_DFT 
 25.248547   0.795023  -3.364820  4334                                   NO_DFT 
 25.307632   0.795023  -3.252050  4371                                   NO_DFT 
 25.529051   0.795023  -3.558713  4240                                   NO_DFT 
 25.569174   0.795023  -3.324231  4339                                   NO_DFT 
 25.619152   0.795023  -4.387552  4093                                   NO_DFT 
 25.619894   0.795023  -3.213755  4376                                   NO_DFT 
 25.881802   0.795023  -3.524232  4245                                   NO_DFT 
 25.892712   0.795023  -3.281660  4344                                   NO_DFT 
 25.934715   0.795023  -3.173624  4381                                   NO_DFT 
 26.027496   0.795023  -4.356111  4098                                   NO_DFT 
 26.218966   0.795023  -3.237372  4349                                   NO_DFT 
 26.237787   0.795023  -3.489943  4250                                   NO_DFT 
 26.252104   0.795023  -3.131537  4386                                   NO_DFT 
 26.440420   0.795023  -4.323019  4103                                   NO_DFT 
 26.547951   0.795023  -3.191675  4354                                   NO_DFT 
 26.572071   0.795023  -3.087403  4391                                   NO_DFT 
 26.597021   0.795023  -3.455800  4255                                   NO_DFT 
 26.857691   0.795023  -4.288517  4108                                   NO_DFT 
 26.879675   0.795023  -3.144942  4359                                   NO_DFT 
 26.894798   0.795023  -3.041153  4396                                   NO_DFT 
 26.959520   0.795023  -3.421762  4260                                   NO_DFT 
 27.214153   0.795023  -3.097570  4364                                   NO_DFT 
 27.219955   0.795023  -2.992852  4401                                   NO_DFT 
 27.279327   0.795023  -4.252830  4113                                   NO_DFT 
 27.325298   0.795023  -3.387762  4265                                   NO_DFT 
 27.547724   0.795023  -2.942575  4406                                   NO_DFT 
 27.551394   0.795023  -3.049967  4369                                   NO_DFT 
 27.694368   0.795023  -3.353734  4270                                   NO_DFT 
 27.705355   0.795023  -4.216166  4118                                   NO_DFT 
 27.878115   0.795023  -2.890486  4411                                   NO_DFT 
 27.891188   0.795023  -3.002522  4374                                   NO_DFT 
 28.066748   0.795023  -3.319610  4275                                   NO_DFT 
 28.135794   0.795023  -4.178704  4123                                   NO_DFT 
 28.211134   0.795023  -2.836854  4416                                   NO_DFT 
 28.233988   0.795023  -2.955451  4379                                   NO_DFT 
 28.442451   0.795023  -3.285321  4280                                   NO_DFT 
 28.546797   0.795023  -2.782018  4421                                   NO_DFT 
 28.570389   0.795023  -4.140622  4128                                   NO_DFT 
 28.579584   0.795023  -2.908918  4384                                   NO_DFT 
 28.821491   0.795023  -3.250798  4285                                   NO_DFT 
 28.885288   0.795023  -2.726306  4426                                   NO_DFT 
 28.927988   0.795023  -2.862882  4389                                   NO_DFT 
 29.009718   0.795023  -4.101975  4133                                   NO_DFT 
 29.203884   0.795023  -3.215980  4290                                   NO_DFT 
 29.226265   0.795023  -2.670047  4431                                   NO_DFT 
 29.279213   0.795023  -2.817098  4394                                   NO_DFT 
 29.453529   0.795023  -4.062888  4138                                   NO_DFT 
 29.569916   0.795023  -2.613211  4436                                   NO_DFT 
 29.589645   0.795023  -3.180814  4295                                   NO_DFT 
 29.633270   0.795023  -2.771128  4399                                   NO_DFT 
 29.901844   0.795023  -4.023417  4143                                   NO_DFT 
 29.916250   0.795023  -2.555369  4441                                   NO_DFT 
 29.978788   0.795023  -3.145255  4300                                   NO_DFT 
 29.989941   0.795023  -2.724422  4404                                   NO_DFT 
 30.265278   0.795023  -2.495654  4446                                   NO_DFT 
 30.349691   0.795023  -2.676293  4409                                   NO_DFT 
 30.354685   0.795023  -3.983615  4148                                   NO_DFT 
 30.371328   0.795023  -3.109274  4305                                   NO_DFT 
 30.617195   0.795023  -2.433088  4451                                   NO_DFT 
 30.712309   0.795023  -2.626253  4414                                   NO_DFT 
 30.767279   0.795023  -3.072851  4310                                   NO_DFT 
 30.812075   0.795023  -3.943521  4153                                   NO_DFT 
 30.971643   0.795023  -2.367445  4456                                   NO_DFT 
 31.077803   0.795023  -2.574023  4419                                   NO_DFT 
 31.166658   0.795023  -3.035976  4315                                   NO_DFT 
 31.274036   0.795023  -3.903177  4158                                   NO_DFT 
 31.328815   0.795023  -2.299692  4461                                   NO_DFT 
 31.446186   0.795023  -2.519640  4424                                   NO_DFT 
 31.569477   0.795023  -2.998653  4320                                   NO_DFT 
 31.688725   0.795023  -2.231855  4466                                   NO_DFT 
 31.740292   0.795023  -3.862653  4163                                   NO_DFT 
 31.817469   0.795023  -2.463399  4429                                   NO_DFT 
 31.975752   0.795023  -2.960900  4325                                   NO_DFT 
 32.051380   0.795023  -2.165457  4471                                   NO_DFT 
 32.191662   0.795023  -2.405680  4434                                   NO_DFT 
 32.211464   0.795023  -3.821940  4168                                   NO_DFT 
 32.385498   0.795023  -2.922733  4330                                   NO_DFT 
 32.416981   0.795023  -2.099886  4476                                   NO_DFT 
 32.568535   0.795023  -2.346769  4439                                   NO_DFT 
 32.687271   0.795023  -3.781102  4173                                   NO_DFT 
 32.785160   0.795023  -2.033168  4481                                   NO_DFT 
 32.798729   0.795023  -2.884170  4335                                   NO_DFT 
 32.948582   0.795023  -2.286691  4444                                   NO_DFT 
 33.156116   0.795023  -1.964759  4486                                   NO_DFT 
 33.167747   0.795023  -3.740199  4178                                   NO_DFT 
 33.215462   0.795023  -2.845232  4340                                   NO_DFT 
 33.331573   0.795023  -2.225616  4449                                   NO_DFT 
 33.529861   0.795023  -1.896989  4491                                   NO_DFT 
 33.635708   0.795023  -2.805917  4345                                   NO_DFT 
 33.652905   0.795023  -3.699259  4183                                   NO_DFT 
 33.717522   0.795023  -2.163929  4454                                   NO_DFT 
 33.906403   0.795023  -1.831625  4496                                   NO_DFT 
 34.059486   0.795023  -2.766216  4350                                   NO_DFT 
 34.106441   0.795023  -2.102151  4459                                   NO_DFT 
 34.142773   0.795023  -3.658302  4188                                   NO_DFT 
 34.285954   0.795023  -1.766324  4501                                   NO_DFT 
 34.486805   0.795023  -2.726094  4355                                   NO_DFT 
 34.498337   0.795023  -2.040504  4464                                   NO_DFT 
 34.637051   0.795023  -3.617377  4193                                   NO_DFT 
 34.668125   0.795023  -1.697191  4506                                   NO_DFT 
 34.892967   0.795023  -1.978528  4469                                   NO_DFT 
 34.917686   0.795023  -2.685496  4360                                   NO_DFT 
 35.053127   0.795023  -1.623856  4511                                   NO_DFT 
 35.136398   0.795023  -3.576437  4198                                   NO_DFT 
 35.290855   0.795023  -1.915253  4474                                   NO_DFT 
 35.352142   0.795023  -2.644341  4365                                   NO_DFT 
 35.440968   0.795023  -1.550144  4516                                   NO_DFT 
 35.640522   0.795023  -3.535511  4203                                   NO_DFT 
 35.691757   0.795023  -1.850244  4479                                   NO_DFT 
 35.790184   0.795023  -2.602529  4370                                   NO_DFT 
 35.831657   0.795023  -1.479985  4521                                   NO_DFT 
 36.095680   0.795023  -1.784081  4484                                   NO_DFT 
 36.149445   0.795023  -3.494592  4208                                   NO_DFT 
 36.225208   0.795023  -1.414268  4526                                   NO_DFT 
 36.231834   0.795023  -2.559947  4375                                   NO_DFT 
 36.502640   0.795023  -1.718204  4489                                   NO_DFT 
 36.621841   0.795023  -1.351071  4531                                   NO_DFT 
 36.663193   0.795023  -3.453669  4213                                   NO_DFT 
 36.677097   0.795023  -2.516472  4380                                   NO_DFT 
 36.912651   0.795023  -1.653994  4494                                   NO_DFT 
 37.021145   0.795023  -1.287742  4536                                   NO_DFT 
 37.125996   0.795023  -2.472001  4385                                   NO_DFT 
 37.181782   0.795023  -3.412732  4218                                   NO_DFT 
 37.325718   0.795023  -1.591947  4499                                   NO_DFT 
 37.423344   0.795023  -1.222455  4541                                   NO_DFT 
 37.578545   0.795023  -2.426419  4390                                   NO_DFT 
 37.705238   0.795023  -3.371750  4223                                   NO_DFT 
 37.741585   0.795023  -1.531500  4504                                   NO_DFT 
 37.828445   0.795023  -1.155092  4546                                   NO_DFT 
 38.034752   0.795023  -2.379645  4395                                   NO_DFT 
 38.160801   0.795023  -1.471337  4509                                   NO_DFT 
 38.233246   0.795023  -3.330731  4228                                   NO_DFT 
 38.236458   0.795023  -1.087101  4551                                   NO_DFT 
 38.494640   0.795023  -2.331607  4400                                   NO_DFT 
 38.583111   0.795023  -1.410280  4514                                   NO_DFT 
 38.647610   0.795023  -1.020780  4556                                   NO_DFT 
 38.766502   0.795023  -3.289596  4233                                   NO_DFT 
 38.958218   0.795023  -2.282266  4405                                   NO_DFT 
 39.008526   0.795023  -1.347655  4519                                   NO_DFT 
 39.061485   0.795023  -0.958566  4561                                   NO_DFT 
 39.304695   0.795023  -3.248338  4238                                   NO_DFT 
 39.425507   0.795023  -2.231648  4410                                   NO_DFT 
 39.437054   0.795023  -1.283550  4524                                   NO_DFT 
 39.478298   0.795023  -0.902053  4566                                   NO_DFT 
 39.847843   0.795023  -3.206939  4243                                   NO_DFT 
 39.868710   0.795023  -1.218688  4529                                   NO_DFT 
 39.896511   0.795023  -2.179884  4415                                   NO_DFT 
 39.898071   0.795023  -0.851689  4571                                   NO_DFT 
 40.303226   0.795023  -1.154173  4534                                   NO_DFT 
 40.320808   0.795023  -0.806675  4576                                   NO_DFT 
 40.371258   0.795023  -2.127236  4420                                   NO_DFT 
 40.395977   0.795023  -3.165361  4248                                   NO_DFT 
 40.741169   0.795023  -1.090955  4539                                   NO_DFT 
 40.746742   0.795023  -0.765205  4581                                   NO_DFT 
 40.849751   0.795023  -2.074118  4425                                   NO_DFT 
 40.949112   0.795023  -3.123593  4253                                   NO_DFT 
 41.175442   0.795023  -0.725029  4586                                   NO_DFT 
 41.182274   0.795023  -1.029815  4544                                   NO_DFT 
 41.332012   0.795023  -2.020965  4430                                   NO_DFT 
 41.507271   0.795023  -3.081611  4258                                   NO_DFT 
 41.607136   0.795023  -0.683864  4591                                   NO_DFT 
 41.626549   0.795023  -0.971029  4549                                   NO_DFT 
 41.818058   0.795023  -1.968092  4435                                   NO_DFT 
 42.041840   0.795023  -0.639971  4596                                   NO_DFT 
 42.070118   0.795023  -3.039438  4263                                   NO_DFT 
 42.074009   0.795023  -0.914400  4554                                   NO_DFT 
 42.307896   0.795023  -1.915539  4440                                   NO_DFT 
 42.479561   0.795023  -0.592421  4601                                   NO_DFT 
 42.524662   0.795023  -0.859349  4559                                   NO_DFT 
 42.638397   0.795023  -2.997009  4268                                   NO_DFT 
 42.801540   0.795023  -1.863017  4445                                   NO_DFT 
 42.920540   0.795023  -0.541180  4606                                   NO_DFT 
 42.978523   0.795023  -0.805110  4564                                   NO_DFT 
 43.211773   0.795023  -2.954364  4273                                   NO_DFT 
 43.299015   0.795023  -1.810023  4450                                   NO_DFT 
 43.364326   0.795023  -0.487107  4611                                   NO_DFT 
 43.435310   0.795023  -0.750949  4569                                   NO_DFT 
 43.790264   0.795023  -2.911523  4278                                   NO_DFT 
 43.800327   0.795023  -1.756079  4455                                   NO_DFT 
 43.811161   0.795023  -0.431536  4616                                   NO_DFT 
 43.895615   0.795023  -0.696217  4574                                   NO_DFT 
 44.261055   0.795023  -0.376111  4621                                   NO_DFT 
 44.305496   0.795023  -1.700932  4460                                   NO_DFT 
 44.359161   0.795023  -0.640679  4579                                   NO_DFT 
 44.373894   0.795023  -2.868521  4283                                   NO_DFT 
 44.714020   0.795023  -0.322474  4626                                   NO_DFT 
 44.814533   0.795023  -1.644688  4465                                   NO_DFT 
 44.825962   0.795023  -0.584414  4584                                   NO_DFT 
 44.962688   0.795023  -2.825388  4288                                   NO_DFT 
 45.170067   0.795023  -0.272044  4631                                   NO_DFT 
 45.296024   0.795023  -0.527854  4589                                   NO_DFT 
 45.327454   0.795023  -1.587748  4470                                   NO_DFT 
 45.556286   0.795023  -2.782199  4293                                   NO_DFT 
 45.629440   0.795023  -0.225876  4636                                   NO_DFT 
 45.769363   0.795023  -0.471688  4594                                   NO_DFT 
 45.844273   0.795023  -1.530582  4475                                   NO_DFT 
 46.091679   0.795023  -0.184702  4641                                   NO_DFT 
 46.155472   0.795023  -2.738947  4298                                   NO_DFT 
 46.245678   0.795023  -0.416800  4599                                   NO_DFT 
 46.365005   0.795023  -1.473599  4480                                   NO_DFT 
 46.557026   0.795023  -0.148793  4646                                   NO_DFT 
 46.725597   0.795023  -0.364001  4604                                   NO_DFT 
 46.759888   0.795023  -2.695689  4303                                   NO_DFT 
 46.889668   0.795023  -1.417016  4485                                   NO_DFT 
 47.025497   0.795023  -0.118145  4651                                   NO_DFT 
 47.208824   0.795023  -0.314153  4609                                   NO_DFT 
 47.369556   0.795023  -2.652440  4308                                   NO_DFT 
 47.418274   0.795023  -1.360880  4490                                   NO_DFT 
 47.497097   0.795023  -0.092491  4656                                   NO_DFT 
 47.695374   0.795023  -0.267933  4614                                   NO_DFT 
 47.950836   0.795023  -1.305155  4495                                   NO_DFT 
 47.972092   0.795023  -0.071403  4661                                   NO_DFT 
 47.984501   0.795023  -2.609185  4313                                   NO_DFT 
 48.185253   0.795023  -0.225833  4619                                   NO_DFT 
 48.449989   0.795023  -0.054381  4666                                   NO_DFT 
 48.487373   0.795023  -1.249844  4500                                   NO_DFT 
 48.604748   0.795023  -2.565873  4318                                   NO_DFT 
 48.678474   0.795023  -0.188134  4624                                   NO_DFT 
 48.931053   0.795023  -0.040855  4671                                   NO_DFT 
 49.027897   0.795023  -1.195049  4505                                   NO_DFT 
 49.175053   0.795023  -0.154935  4629                                   NO_DFT 
 49.230312   0.795023  -2.522392  4323                                   NO_DFT 
 49.415291   0.795023  -0.030273  4676                                   NO_DFT 
 49.572422   0.795023  -1.140990  4510                                   NO_DFT 
 49.674671   0.795023  -0.126169  4634                                   NO_DFT 
 49.860817   0.795023  -2.478616  4328                                   NO_DFT 
 49.902710   0.795023  -0.022121  4681                                   NO_DFT 
 50.120964   0.795023  -1.087957  4515                                   NO_DFT 
 50.177990   0.795023  -0.101579  4639                                   NO_DFT 
 50.393585   0.795023  -0.015930  4686                                   NO_DFT 
 50.497093   0.795023  -2.434292  4333                                   NO_DFT 
 50.673538   0.795023  -1.036233  4520                                   NO_DFT 
 50.684696   0.795023  -0.080877  4644                                   NO_DFT 
 50.887405   0.795023  -0.011304  4691                                   NO_DFT 
 51.138760   0.795023  -2.389252  4338                                   NO_DFT 
 51.194801   0.795023  -0.063676  4649                                   NO_DFT 
 51.230160   0.795023  -0.986014  4525                                   NO_DFT 
 51.384445   0.795023  -0.007894  4696                                   NO_DFT 
 51.708317   0.795023  -0.049578  4654                                   NO_DFT 
 51.785839   0.795023  -2.343328  4343                                   NO_DFT 
 51.790840   0.795023  -0.937331  4530                                   NO_DFT 
 51.884708   0.795023  -0.005421  4701                                   NO_DFT 
 52.225254   0.795023  -0.038169  4659                                   NO_DFT 
 52.355598   0.795023  -0.890046  4535                                   NO_DFT 
 52.388206   0.795023  -0.003655  4706                                   NO_DFT 
 52.438351   0.795023  -2.296442  4348                                   NO_DFT 
 52.745293   0.795023  -0.029057  4664                                   NO_DFT 
 52.924446   0.795023  -0.843830  4540                                   NO_DFT 
 53.096325   0.795023  -2.248635  4353                                   NO_DFT 
 53.269108   0.795023  -0.021856  4669                                   NO_DFT 
 53.497402   0.795023  -0.798250  4545                                   NO_DFT 
 53.759350   0.795023  -2.200130  4358                                   NO_DFT 
 53.796383   0.795023  -0.016245  4674                                   NO_DFT 
 54.074474   0.795023  -0.752817  4550                                   NO_DFT 
 54.327122   0.795023  -0.011920  4679                                   NO_DFT 
 54.428307   0.795023  -2.151162  4363                                   NO_DFT 
 54.655685   0.795023  -0.707098  4555                                   NO_DFT 
 54.861343   0.795023  -0.008630  4684                                   NO_DFT 
 55.102787   0.795023  -2.102109  4368                                   NO_DFT 
 55.241043   0.795023  -0.660769  4560                                   NO_DFT 
 55.399052   0.795023  -0.006162  4689                                   NO_DFT 
 55.782814   0.795023  -2.053290  4373                                   NO_DFT 
 55.830566   0.795023  -0.613694  4565                                   NO_DFT 
 55.940266   0.795023  -0.004334  4694                                   NO_DFT 
 56.424271   0.795023  -0.565935  4570                                   NO_DFT 
 56.468418   0.795023  -2.004918  4378                                   NO_DFT 
 56.484642   0.795023  -0.002997  4699                                   NO_DFT 
 57.022167   0.795023  -0.517763  4575                                   NO_DFT 
 57.032890   0.795023  -0.002036  4704                                   NO_DFT 
 57.159611   0.795023  -1.957056  4383                                   NO_DFT 
 57.624275   0.795023  -0.469620  4580                                   NO_DFT 
 57.856426   0.795023  -1.909629  4388                                   NO_DFT 
 58.230606   0.795023  -0.422064  4585                                   NO_DFT 
 58.558426   0.795023  -1.862500  4393                                   NO_DFT 
 58.841175   0.795023  -0.375713  4590                                   NO_DFT 
 59.266541   0.795023  -1.815418  4398                                   NO_DFT 
 59.455994   0.795023  -0.331190  4595                                   NO_DFT 
 59.980339   0.795023  -1.768263  4403                                   NO_DFT 
 60.075085   0.795023  -0.289047  4600                                   NO_DFT 
 60.698456   0.795023  -0.249751  4605                                   NO_DFT 
 60.699848   0.795023  -1.720953  4408                                   NO_DFT 
 61.326126   0.795023  -0.213639  4610                                   NO_DFT 
 61.425087   0.795023  -1.673471  4413                                   NO_DFT 
 61.958107   0.795023  -0.180933  4615                                   NO_DFT 
 62.156078   0.795023  -1.625844  4418                                   NO_DFT 
 62.594418   0.795023  -0.151713  4620                                   NO_DFT 
 62.892845   0.795023  -1.578105  4423                                   NO_DFT 
 63.235069   0.795023  -0.125963  4625                                   NO_DFT 
 63.634937   0.795023  -1.530282  4428                                   NO_DFT 
 63.880074   0.795023  -0.103556  4630                                   NO_DFT 
 64.383324   0.795023  -1.482292  4433                                   NO_DFT 
 64.529457   0.795023  -0.084301  4635                                   NO_DFT 
 65.137550   0.795023  -1.434102  4438                                   NO_DFT 
 65.183220   0.795023  -0.067955  4640                                   NO_DFT 
 65.841385   0.795023  -0.054240  4645                                   NO_DFT 
 65.897652   0.795023  -1.385649  4443                                   NO_DFT 
 66.503967   0.795023  -0.042860  4650                                   NO_DFT 
 66.663643   0.795023  -1.336912  4448                                   NO_DFT 
 67.170975   0.795023  -0.033524  4655                                   NO_DFT 
 67.435547   0.795023  -1.287911  4453                                   NO_DFT 
 67.842430   0.795023  -0.025950  4660                                   NO_DFT 
 68.212883   0.795023  -1.238788  4458                                   NO_DFT 
 68.518349   0.795023  -0.019872  4665                                   NO_DFT 
 68.996674   0.795023  -1.189663  4463                                   NO_DFT 
 69.198738   0.795023  -0.015047  4670                                   NO_DFT 
 69.786446   0.795023  -1.140817  4468                                   NO_DFT 
 69.883614   0.795023  -0.011264  4675                                   NO_DFT 
 70.572998   0.795023  -0.008329  4680                                   NO_DFT 
 70.582222   0.795023  -1.092538  4473                                   NO_DFT 
 71.266907   0.795023  -0.006080  4685                                   NO_DFT 
 71.384026   0.795023  -1.045116  4478                                   NO_DFT 
 71.965340   0.795023  -0.004375  4690                                   NO_DFT 
 72.191879   0.795023  -0.998815  4483                                   NO_DFT 
 72.668327   0.795023  -0.003100  4695                                   NO_DFT 
 73.005806   0.795023  -0.953829  4488                                   NO_DFT 
 73.375877   0.795023  -0.002164  4700                                   NO_DFT 
 73.825302   0.795023  -0.910293  4493                                   NO_DFT 
 74.087997   0.795023  -0.001480  4705                                   NO_DFT 
 74.651436   0.795023  -0.868152  4498                                   NO_DFT 
 75.483704   0.795023  -0.827326  4503                                   NO_DFT 
 76.322144   0.795023  -0.787627  4508                                   NO_DFT 
 77.166771   0.795023  -0.748785  4513                                   NO_DFT 
 78.017601   0.795023  -0.710507  4518                                   NO_DFT 
 78.874107   0.795023  -0.672518  4523                                   NO_DFT 
 79.737419   0.795023  -0.634503  4528                                   NO_DFT 
 80.607010   0.795023  -0.596296  4533                                   NO_DFT 
 81.482903   0.795023  -0.557800  4538                                   NO_DFT 
 82.365112   0.795023  -0.519020  4543                                   NO_DFT 
 83.253670   0.795023  -0.480062  4548                                   NO_DFT 
 84.148590   0.795023  -0.441142  4553                                   NO_DFT 
 85.049324   0.795023  -0.402570  4558                                   NO_DFT 
 85.957047   0.795023  -0.364633  4563                                   NO_DFT 
 86.871208   0.795023  -0.327728  4568                                   NO_DFT 
 87.791824   0.795023  -0.292213  4573                                   NO_DFT 
 88.718925   0.795023  -0.258427  4578                                   NO_DFT 
 89.652527   0.795023  -0.226660  4583                                   NO_DFT 
 90.592651   0.795023  -0.197142  4588                                   NO_DFT 
 91.538727   0.795023  -0.170041  4593                                   NO_DFT 
 92.491974   0.795023  -0.145420  4598                                   NO_DFT 
 93.451813   0.795023  -0.123312  4603                                   NO_DFT 
 94.418274   0.795023  -0.103682  4608                                   NO_DFT 
 95.391373   0.795023  -0.086438  4613                                   NO_DFT 
 96.371140   0.795023  -0.071447  4618                                   NO_DFT 
 97.356949   0.795023  -0.058561  4623                                   NO_DFT 
 98.350105   0.795023  -0.047578  4628                                   NO_DFT 
 99.349991   0.795023  -0.038319  4633                                   NO_DFT 
100.356628   0.795023  -0.030585  4638                                   NO_DFT 
101.370041   0.795023  -0.024193  4643                                   NO_DFT 
102.390259   0.795023  -0.018955  4648                                   NO_DFT 
103.417297   0.795023  -0.014714  4653                                   NO_DFT 
104.450508   0.795023  -0.011309  4658                                   NO_DFT 
105.491257   0.795023  -0.008597  4663                                   NO_DFT 
106.538895   0.795023  -0.006466  4668                                   NO_DFT 
107.593445   0.795023  -0.004804  4673                                   NO_DFT 
108.654930   0.795023  -0.003532  4678                                   NO_DFT 
109.723373   0.795023  -0.002556  4683                                   NO_DFT 
110.798103   0.795023  -0.001824  4688                                   NO_DFT 
111.880531   0.795023  -0.001281  4693                                   NO_DFT 
112.969986   0.795023  -0.000882  4698                                   NO_DFT 
114.066483   0.795023  -0.000592  4703                                   NO_DFT 
4302.700195   0.795023  -0.321683  3712                                   NO_DFT 
4305.399902   0.795023  -0.351093  3717                                   NO_DFT 
4308.100098   0.795023  -0.381627  3722                                   NO_DFT 
4310.799805   0.795023  -0.413231  3727                                   NO_DFT 
4313.500000   0.795023  -0.445833  3732                                   NO_DFT 
4316.200195   0.795023  -0.479360  3737                                   NO_DFT 
4318.899902   0.795023  -0.513729  3742                                   NO_DFT 
4321.600098   0.795023  -0.548847  3747                                   NO_DFT 
4324.299805   0.795023  -0.584620  3752                                   NO_DFT 
4327.000000   0.795023  -0.620950  3757                                   NO_DFT 
4329.700195   0.795023  -0.657731  3762                                   NO_DFT 
4332.399902   0.795023  -0.694851  3767                                   NO_DFT 
4335.100098   0.795023  -0.732211  3772                                   NO_DFT 
4337.799805   0.795023  -0.769686  3777                                   NO_DFT 
4340.500000   0.795023  -0.807177  3782                                   NO_DFT 
4343.200195   0.795023  -0.844571  3787                                   NO_DFT 
4345.899902   0.795023  -0.881758  3792                                   NO_DFT 
4348.600098   0.795023  -0.918635  3797                                   NO_DFT 
4351.299805   0.795023  -0.955106  3802                                   NO_DFT 
4354.000000   0.795023  -0.991069  3807                                   NO_DFT 
4356.700195   0.795023  -1.026434  3812                                   NO_DFT 
4359.399902   0.795023  -1.061119  3817                                   NO_DFT 
4362.100098   0.795023  -1.095041  3822                                   NO_DFT 
4364.799805   0.795023  -1.128125  3827                                   NO_DFT 
4367.500000   0.795023  -1.160309  3832                                   NO_DFT 
4370.200195   0.795023  -1.191525  3837                                   NO_DFT 
4372.899902   0.795023  -1.221727  3842                                   NO_DFT 
4375.600098   0.795023  -1.250866  3847                                   NO_DFT 
4378.299805   0.795023  -1.278898  3852                                   NO_DFT 
4381.000000   0.795023  -1.305792  3857                                   NO_DFT 
4383.700195   0.795023  -1.331513  3862                                   NO_DFT 
4386.399902   0.795023  -1.356044  3867                                   NO_DFT 
4389.100098   0.795023  -1.379363  3872                                   NO_DFT 
4391.799805   0.795023  -1.401459  3877                                   NO_DFT 
4394.500000   0.795023  -1.422323  3882                                   NO_DFT 
4397.200195   0.795023  -1.441955  3887                                   NO_DFT 
4399.899902   0.795023  -1.460349  3892                                   NO_DFT 
4402.600098   0.795023  -1.477516  3897                                   NO_DFT 
4405.299805   0.795023  -1.493459  3902                                   NO_DFT 
4408.000000   0.795023  -1.508193  3907                                   NO_DFT 
4410.700195   0.795023  -1.521730  3912                                   NO_DFT 
4413.399902   0.795023  -1.534088  3917                                   NO_DFT 
4416.100098   0.795023  -1.545288  3922                                   NO_DFT 
4418.799805   0.795023  -1.555351  3927                                   NO_DFT 
4421.500000   0.795023  -1.564303  3932                                   NO_DFT 
4424.200195   0.795023  -1.572166  3937                                   NO_DFT 
4426.899902   0.795023  -1.578975  3942                                   NO_DFT 
4429.600098   0.795023  -1.584755  3947                                   NO_DFT 
4432.299805   0.795023  -1.589536  3952                                   NO_DFT 
4435.000000   0.795023  -1.593357  3957                                   NO_DFT 
4437.700195   0.795023  -1.596244  3962                                   NO_DFT 
4440.399902   0.795023  -1.598236  3967                                   NO_DFT 
4443.100098   0.795023  -1.599369  3972                                   NO_DFT 
4445.799805   0.795023  -1.599674  3977                                   NO_DFT 
4448.500000   0.795023  -1.599193  3982                                   NO_DFT 
4451.200195   0.795023  -1.597957  3987                                   NO_DFT 
4453.899902   0.795023  -1.596003  3992                                   NO_DFT 
4456.600098   0.795023  -1.593369  3997                                   NO_DFT 
4459.299805   0.795023  -1.590092  4002                                   NO_DFT 
4462.000000   0.795023  -1.586202  4007                                   NO_DFT 
4464.700195   0.795023  -1.581733  4012                                   NO_DFT 
4467.399902   0.795023  -1.576717  4017                                   NO_DFT 
4470.100098   0.795023  -1.571185  4022                                   NO_DFT 
4472.799805   0.795023  -1.565166  4027                                   NO_DFT 
4475.500000   0.795023  -1.558682  4032                                   NO_DFT 
4478.200195   0.795023  -1.551766  4037                                   NO_DFT 
4480.899902   0.795023  -1.544428  4042                                   NO_DFT 
4483.600098   0.795023  -1.536698  4047                                   NO_DFT 
4486.299805   0.795023  -1.528587  4052                                   NO_DFT 
4489.000000   0.795023  -1.520105  4057                                   NO_DFT 
4491.700195   0.795023  -1.511269  4062                                   NO_DFT 
4494.399902   0.795023  -1.502077  4067                                   NO_DFT 
4497.100098   0.795023  -1.492547  4072                                   NO_DFT 
4499.799805   0.795023  -1.482674  4077                                   NO_DFT 
4502.500000   0.795023  -1.472454  4082                                   NO_DFT 
4505.200195   0.795023  -1.461890  4087                                   NO_DFT 
4507.899902   0.795023  -1.450972  4092                                   NO_DFT 
4510.600098   0.795023  -1.439702  4097                                   NO_DFT 
4513.299805   0.795023  -1.428065  4102                                   NO_DFT 
4516.000000   0.795023  -1.416056  4107                                   NO_DFT 
4518.700195   0.795023  -1.403666  4112                                   NO_DFT 
4521.399902   0.795023  -1.390887  4117                                   NO_DFT 
4524.100098   0.795023  -1.377716  4122                                   NO_DFT 
4526.799805   0.795023  -1.364142  4127                                   NO_DFT 
4529.500000   0.795023  -1.350166  4132                                   NO_DFT 
4532.200195   0.795023  -1.335787  4137                                   NO_DFT 
4534.899902   0.795023  -1.321007  4142                                   NO_DFT 
4537.600098   0.795023  -1.305832  4147                                   NO_DFT 
4540.299805   0.795023  -1.290269  4152                                   NO_DFT 
4543.000000   0.795023  -1.274338  4157                                   NO_DFT 
4545.700195   0.795023  -1.258050  4162                                   NO_DFT 
4548.399902   0.795023  -1.241431  4167                                   NO_DFT 
4551.100098   0.795023  -1.224503  4172                                   NO_DFT 
4553.799805   0.795023  -1.207301  4177                                   NO_DFT 
4556.500000   0.795023  -1.189855  4182                                   NO_DFT 
4559.200195   0.795023  -1.172202  4187                                   NO_DFT 
4561.899902   0.795023  -1.154385  4192                                   NO_DFT 
4564.600098   0.795023  -1.136444  4197                                   NO_DFT 
4567.299805   0.795023  -1.118419  4202                                   NO_DFT 
4570.000000   0.795023  -1.100360  4207                                   NO_DFT 
4572.700195   0.795023  -1.082310  4212                                   NO_DFT 
4575.399902   0.795023  -1.064311  4217                                   NO_DFT 
4578.100098   0.795023  -1.046406  4222                                   NO_DFT 
4580.799805   0.795023  -1.028635  4227                                   NO_DFT 
4583.500000   0.795023  -1.011036  4232                                   NO_DFT 
4586.200195   0.795023  -0.993646  4237                                   NO_DFT 
4588.899902   0.795023  -0.976486  4242                                   NO_DFT 
4591.600098   0.795023  -0.959588  4247                                   NO_DFT 
4594.299805   0.795023  -0.942964  4252                                   NO_DFT 
4597.000000   0.795023  -0.926626  4257                                   NO_DFT 
4599.700195   0.795023  -0.910583  4262                                   NO_DFT 
4602.399902   0.795023  -0.894830  4267                                   NO_DFT 
4605.100098   0.795023  -0.879364  4272                                   NO_DFT 
4607.799805   0.795023  -0.864161  4277                                   NO_DFT 
4610.500000   0.795023  -0.849203  4282                                   NO_DFT 
4613.200195   0.795023  -0.834465  4287                                   NO_DFT 
4615.899902   0.795023  -0.819912  4292                                   NO_DFT 
4618.600098   0.795023  -0.805498  4297                                   NO_DFT 
4621.299805   0.795023  -0.791186  4302                                   NO_DFT 
4624.000000   0.795023  -0.776926  4307                                   NO_DFT 
4626.700195   0.795023  -0.762662  4312                                   NO_DFT 
4629.399902   0.795023  -0.748355  4317                                   NO_DFT 
4632.100098   0.795023  -0.733940  4322                                   NO_DFT 
4634.799805   0.795023  -0.719373  4327                                   NO_DFT 
4637.500000   0.795023  -0.704602  4332                                   NO_DFT 
4640.200195   0.795023  -0.689579  4337                                   NO_DFT 
4642.899902   0.795023  -0.674260  4342                                   NO_DFT 
4645.600098   0.795023  -0.658615  4347                                   NO_DFT 
4648.299805   0.795023  -0.642605  4352                                   NO_DFT 
4651.000000   0.795023  -0.626208  4357                                   NO_DFT 
4653.700195   0.795023  -0.609403  4362                                   NO_DFT 
4656.399902   0.795023  -0.592181  4367                                   NO_DFT 
4659.100098   0.795023  -0.574542  4372                                   NO_DFT 
4661.799805   0.795023  -0.556486  4377                                   NO_DFT 
4664.500000   0.795023  -0.538029  4382                                   NO_DFT 
4667.200195   0.795023  -0.519184  4387                                   NO_DFT 
4669.899902   0.795023  -0.499991  4392                                   NO_DFT 
4672.600098   0.795023  -0.480469  4397                                   NO_DFT 
4675.299805   0.795023  -0.460665  4402                                   NO_DFT 
4678.000000   0.795023  -0.440622  4407                                   NO_DFT 
4680.700195   0.795023  -0.420391  4412                                   NO_DFT 
4683.399902   0.795023  -0.400026  4417                                   NO_DFT 
4686.100098   0.795023  -0.379586  4422                                   NO_DFT 
4688.799805   0.795023  -0.359130  4427                                   NO_DFT 
4691.500000   0.795023  -0.338728  4432                                   NO_DFT 
4694.200195   0.795023  -0.318437  4437                                   NO_DFT 
4696.899902   0.795023  -0.298333  4442                                   NO_DFT 
4699.600098   0.795023  -0.278484  4447                                   NO_DFT 
4702.299805   0.795023  -0.258961  4452                                   NO_DFT 
4705.000000   0.795023  -0.239831  4457                                   NO_DFT 
4707.700195   0.795023  -0.221163  4462                                   NO_DFT 
4710.399902   0.795023  -0.203025  4467                                   NO_DFT 
4713.100098   0.795023  -0.185485  4472                                   NO_DFT 
4715.799805   0.795023  -0.168598  4477                                   NO_DFT 
4718.500000   0.795023  -0.152424  4482                                   NO_DFT 
4721.200195   0.795023  -0.137016  4487                                   NO_DFT 
4723.899902   0.795023  -0.122416  4492                                   NO_DFT 
4726.600098   0.795023  -0.108665  4497                                   NO_DFT 
4729.299805   0.795023  -0.095789  4502                                   NO_DFT 
4732.000000   0.795023  -0.083814  4507                                   NO_DFT 
4734.700195   0.795023  -0.072749  4512                                   NO_DFT 
4737.399902   0.795023  -0.062603  4517                                   NO_DFT 
4740.100098   0.795023  -0.053366  4522                                   NO_DFT 
4742.799805   0.795023  -0.045020  4527                                   NO_DFT 
4745.500000   0.795023  -0.037549  4532                                   NO_DFT 
4748.200195   0.795023  -0.030917  4537                                   NO_DFT 
4750.899902   0.795023  -0.025083  4542                                   NO_DFT 
4753.600098   0.795023  -0.020007  4547                                   NO_DFT 
4756.299805   0.795023  -0.015639  4552                                   NO_DFT 
4759.000000   0.795023  -0.011922  4557                                   NO_DFT 
4761.700195   0.795023  -0.008800  4562                                   NO_DFT 
4764.399902   0.795023  -0.006216  4567                                   NO_DFT 
4767.100098   0.795023  -0.004110  4572                                   NO_DFT 
4769.799805   0.795023  -0.002427  4577                                   NO_DFT 
4772.500000   0.795023  -0.001113  4582                                   NO_DFT 
4775.200195   0.795023  -0.000114  4587                                   NO_DFT 
4777.899902   0.795023   0.000623  4592                                   NO_DFT 
4780.600098   0.795023   0.001136  4597                                   NO_DFT 
4783.299805   0.795023   0.001469  4602                                   NO_DFT 
4786.000000   0.795023   0.001657  4607                                   NO_DFT 
4788.700195   0.795023   0.001736  4612                                   NO_DFT 
4791.399902   0.795023   0.001731  4617                                   NO_DFT 
4794.100098   0.795023   0.001664  4622                                   NO_DFT 
4796.799805   0.795023   0.001552  4627                                   NO_DFT 
4799.500000   0.795023   0.001418  4632                                   NO_DFT 
4802.200195   0.795023   0.001273  4637                                   NO_DFT 
4804.899902   0.795023   0.001118  4642                                   NO_DFT 
4807.600098   0.795023   0.000968  4647                                   NO_DFT 
4810.299805   0.795023   0.000829  4652                                   NO_DFT 
4813.000000   0.795023   0.000698  4657                                   NO_DFT 
4815.700195   0.795023   0.000583  4662                                   NO_DFT 
4818.399902   0.795023   0.000479  4667                                   NO_DFT 
4821.100098   0.795023   0.000393  4672                                   NO_DFT 
4823.799805   0.795023   0.000316  4677                                   NO_DFT 
4826.500000   0.795023   0.000256  4682                                   NO_DFT 
4829.200195   0.795023   0.000205  4687                                   NO_DFT 
4831.899902   0.795023   0.000161  4692                                   NO_DFT 
4834.600098   0.795023   0.000130  4697                                   NO_DFT 
4837.299805   0.795023   0.000106  4702                                   NO_DFT 
4840.000000   0.795023   0.000085  4707                                   NO_DFT 
