  2.451494   0.795023  14.053977  3711                                   NO_DFT 
  2.517710   0.795023  14.029789  3716                                   NO_DFT 
  2.585071   0.795023  13.995849  3721                                   NO_DFT 
  2.653624   0.795023  13.951078  3726                                   NO_DFT 
  2.668861   0.795023  13.847452  3709                                   NO_DFT 
  2.723377   0.795023  13.895433  3731                                   NO_DFT 
  2.740923   0.795023  13.799977  3714                                   NO_DFT 
  2.794343   0.795023  13.829699  3736                                   NO_DFT 
  2.814272   0.795023  13.747944  3719                                   NO_DFT 
  2.866568   0.795023  13.755110  3741                                   NO_DFT 
  2.888869   0.795023  13.690430  3724                                   NO_DFT 
  2.939989   0.795023  13.673176  3746                                   NO_DFT 
  2.964821   0.795023  13.626332  3729                                   NO_DFT 
  3.014653   0.795023  13.585100  3751                                   NO_DFT 
  3.042094   0.795023  13.554502  3734                                   NO_DFT 
  3.090571   0.795023  13.491805  3756                                   NO_DFT 
  3.120697   0.795023  13.473588  3739                                   NO_DFT 
  3.167753   0.795023  13.393915  3761                                   NO_DFT 
  3.200644   0.795023  13.381951  3744                                   NO_DFT 
  3.246250   0.795023  13.291824  3766                                   NO_DFT 
  3.281944   0.795023  13.277493  3749                                   NO_DFT 
  3.325992   0.795023  13.185770  3771                                   NO_DFT 
  3.364609   0.795023  13.157581  3754                                   NO_DFT 
  3.407028   0.795023  13.075220  3776                                   NO_DFT 
  3.448596   0.795023  13.018902  3759                                   NO_DFT 
  3.466948   0.795023  12.928946  3710                                   NO_DFT 
  3.489371   0.795023  12.958485  3781                                   NO_DFT 
  3.534025   0.795023  12.857146  3764                                   NO_DFT 
  3.560550   0.795023  12.745182  3715                                   NO_DFT 
  3.573030   0.795023  12.832131  3786                                   NO_DFT 
  3.620853   0.795023  12.667382  3769                                   NO_DFT 
  3.655823   0.795023  12.535368  3720                                   NO_DFT 
  3.658060   0.795023  12.690590  3791                                   NO_DFT 
  3.709092   0.795023  12.443946  3774                                   NO_DFT 
  3.744383   0.795023  12.526587  3796                                   NO_DFT 
  3.752779   0.795023  12.297495  3725                                   NO_DFT 
  3.798753   0.795023  12.180738  3779                                   NO_DFT 
  3.832053   0.795023  12.331294  3801                                   NO_DFT 
  3.851436   0.795023  12.031094  3730                                   NO_DFT 
  3.889847   0.795023  11.871692  3784                                   NO_DFT 
  3.921081   0.795023  12.095440  3806                                   NO_DFT 
  3.951806   0.795023  11.737791  3735                                   NO_DFT 
  3.982326   0.795023  11.511635  3789                                   NO_DFT 
  4.011478   0.795023  11.810330  3811                                   NO_DFT 
  4.053905   0.795023  11.421551  3740                                   NO_DFT 
  4.076320   0.795023  11.096280  3794                                   NO_DFT 
  4.103253   0.795023  11.468928  3816                                   NO_DFT 
  4.157748   0.795023  11.088397  3745                                   NO_DFT 
  4.171782   0.795023  10.624306  3799                                   NO_DFT 
  4.196467   0.795023  11.066734  3821                                   NO_DFT 
  4.263349   0.795023  10.745851  3750                                   NO_DFT 
  4.268723   0.795023  10.097546  3804                                   NO_DFT 
  4.291032   0.795023  10.603603  3826                                   NO_DFT 
  4.367154   0.795023   9.521370  3809                                   NO_DFT 
  4.370723   0.795023  10.401582  3755                                   NO_DFT 
  4.387007   0.795023  10.083058  3831                                   NO_DFT 
  4.467086   0.795023   8.904869  3814                                   NO_DFT 
  4.479885   0.795023  10.062212  3760                                   NO_DFT 
  4.484403   0.795023   9.513022  3836                                   NO_DFT 
  4.568532   0.795023   8.260139  3819                                   NO_DFT 
  4.583229   0.795023   8.905008  3841                                   NO_DFT 
  4.590849   0.795023   9.731950  3765                                   NO_DFT 
  4.671434   0.795023   7.601465  3824                                   NO_DFT 
  4.683550   0.795023   8.272216  3846                                   NO_DFT 
  4.703631   0.795023   9.411716  3770                                   NO_DFT 
  4.775939   0.795023   6.942138  3829                                   NO_DFT 
  4.785271   0.795023   7.629512  3851                                   NO_DFT 
  4.818246   0.795023   9.098965  3775                                   NO_DFT 
  4.881990   0.795023   6.295630  3834                                   NO_DFT 
  4.888453   0.795023   6.989682  3856                                   NO_DFT 
  4.934707   0.795023   8.788210  3780                                   NO_DFT 
  4.989601   0.795023   5.672734  3839                                   NO_DFT 
  4.993109   0.795023   6.363698  3861                                   NO_DFT 
  5.053030   0.795023   8.472082  3785                                   NO_DFT 
  5.098781   0.795023   5.081369  3844                                   NO_DFT 
  5.099247   0.795023   5.759824  3866                                   NO_DFT 
  5.173229   0.795023   8.142900  3790                                   NO_DFT 
  5.206936   0.795023   5.183131  3871                                   NO_DFT 
  5.209541   0.795023   4.526473  3849                                   NO_DFT 
  5.295320   0.795023   7.793799  3795                                   NO_DFT 
  5.316073   0.795023   4.637038  3876                                   NO_DFT 
  5.321822   0.795023   4.010634  3854                                   NO_DFT 
  5.337722   0.795023  10.674320  3708                                   NO_DFT 
  5.419316   0.795023   7.419846  3800                                   NO_DFT 
  5.426725   0.795023   4.122016  3881                                   NO_DFT 
  5.435779   0.795023   3.533149  3859                                   NO_DFT 
  5.481847   0.795023  10.213807  3713                                   NO_DFT 
  5.538901   0.795023   3.637263  3886                                   NO_DFT 
  5.545233   0.795023   7.018640  3805                                   NO_DFT 
  5.551350   0.795023   3.092774  3864                                   NO_DFT 
  5.628543   0.795023   9.738457  3718                                   NO_DFT 
  5.652613   0.795023   3.180925  3891                                   NO_DFT 
  5.668549   0.795023   2.686716  3869                                   NO_DFT 
  5.673086   0.795023   6.590408  3810                                   NO_DFT 
  5.767931   0.795023   2.750383  3896                                   NO_DFT 
  5.777834   0.795023   9.271036  3723                                   NO_DFT 
  5.787385   0.795023   2.311528  3874                                   NO_DFT 
  5.802888   0.795023   6.137767  3815                                   NO_DFT 
  5.884745   0.795023   2.343526  3901                                   NO_DFT 
  5.907870   0.795023   1.963451  3879                                   NO_DFT 
  5.929741   0.795023   8.829933  3728                                   NO_DFT 
  5.934657   0.795023   5.665384  3820                                   NO_DFT 
  6.003126   0.795023   1.957694  3906                                   NO_DFT 
  6.030017   0.795023   1.638646  3884                                   NO_DFT 
  6.068404   0.795023   5.179307  3825                                   NO_DFT 
  6.084188   0.795023   8.425944  3733                                   NO_DFT 
  6.123084   0.795023   1.590767  3911                                   NO_DFT 
  6.153756   0.795023   1.333797  3889                                   NO_DFT 
  6.204146   0.795023   4.686378  3830                                   NO_DFT 
  6.241395   0.795023   8.060297  3738                                   NO_DFT 
  6.244629   0.795023   1.241134  3916                                   NO_DFT 
  6.279256   0.795023   1.045311  3894                                   NO_DFT 
  6.341898   0.795023   4.193667  3835                                   NO_DFT 
  6.367773   0.795023   0.907766  3921                                   NO_DFT 
  6.401287   0.795023   7.727667  3743                                   NO_DFT 
  6.406452   0.795023   0.770855  3899                                   NO_DFT 
  6.481674   0.795023   3.707842  3840                                   NO_DFT 
  6.492591   0.795023   0.589936  3926                                   NO_DFT 
  6.535354   0.795023   0.508447  3904                                   NO_DFT 
  6.563887   0.795023   7.417439  3748                                   NO_DFT 
  6.618962   0.795023   0.287844  3931                                   NO_DFT 
  6.623488   0.795023   3.234714  3845                                   NO_DFT 
  6.665973   0.795023   0.256786  3909                                   NO_DFT 
  6.729218   0.795023   7.116583  3753                                   NO_DFT 
  6.746963   0.795023   0.001353  3936                                   NO_DFT 
  6.767356   0.795023   2.778969  3850                                   NO_DFT 
  6.798322   0.795023   0.015103  3914                                   NO_DFT 
  6.876604   0.795023  -0.269494  3941                                   NO_DFT 
  6.897301   0.795023   6.811869  3758                                   NO_DFT 
  6.913292   0.795023   2.343941  3855                                   NO_DFT 
  6.932324   0.795023  -0.216844  3919                                   NO_DFT 
  7.007894   0.795023  -0.524897  3946                                   NO_DFT 
  7.061312   0.795023   1.931415  3860                                   NO_DFT 
  7.068161   0.795023   6.491295  3763                                   NO_DFT 
  7.068163   0.795023  -0.439453  3924                                   NO_DFT 
  7.140915   0.795023  -0.765442  3951                                   NO_DFT 
  7.205765   0.795023  -0.652527  3929                                   NO_DFT 
  7.211430   0.795023   1.541910  3865                                   NO_DFT 
  7.241706   0.795023   6.145804  3768                                   NO_DFT 
  7.275538   0.795023  -0.991689  3956                                   NO_DFT 
  7.345142   0.795023  -0.856119  3934                                   NO_DFT 
  7.363660   0.795023   1.174663  3870                                   NO_DFT 
  7.411842   0.795023  -1.204770  3961                                   NO_DFT 
  7.418184   0.795023   5.768828  3773                                   NO_DFT 
  7.486304   0.795023  -1.050313  3939                                   NO_DFT 
  7.518017   0.795023   0.828140  3875                                   NO_DFT 
  7.549839   0.795023  -1.405803  3966                                   NO_DFT 
  7.597505   0.795023   5.358395  3778                                   NO_DFT 
  7.629264   0.795023  -1.235386  3944                                   NO_DFT 
  7.674517   0.795023   0.500297  3880                                   NO_DFT 
  7.689537   0.795023  -1.595822  3971                                   NO_DFT 
  7.774032   0.795023  -1.411729  3949                                   NO_DFT 
  7.779694   0.795023   4.916227  3783                                   NO_DFT 
  7.831023   0.795023  -1.775744  3976                                   NO_DFT 
  7.833173   0.795023   0.189077  3885                                   NO_DFT 
  7.920526   0.795023  -1.579806  3954                                   NO_DFT 
  7.964772   0.795023   4.447787  3788                                   NO_DFT 
  7.974158   0.795023  -1.945976  3981                                   NO_DFT 
  7.994001   0.795023  -0.107264  3890                                   NO_DFT 
  8.068943   0.795023  -1.740450  3959                                   NO_DFT 
  8.119027   0.795023  -2.106967  3986                                   NO_DFT 
  8.152762   0.795023   3.961448  3793                                   NO_DFT 
  8.157016   0.795023  -0.389954  3895                                   NO_DFT 
  8.219204   0.795023  -1.894274  3964                                   NO_DFT 
  8.265640   0.795023  -2.258939  3991                                   NO_DFT 
  8.322232   0.795023  -0.659661  3900                                   NO_DFT 
  8.343564   0.795023   3.467642  3798                                   NO_DFT 
  8.371319   0.795023  -2.041975  3969                                   NO_DFT 
  8.414008   0.795023  -2.402034  3996                                   NO_DFT 
  8.489664   0.795023  -0.916606  3905                                   NO_DFT 
  8.525298   0.795023  -2.184225  3974                                   NO_DFT 
  8.537445   0.795023   2.976022  3803                                   NO_DFT 
  8.564219   0.795023  -2.536498  4001                                   NO_DFT 
  8.659327   0.795023  -1.160665  3910                                   NO_DFT 
  8.681155   0.795023  -2.321602  3979                                   NO_DFT 
  8.716128   0.795023  -2.662405  4006                                   NO_DFT 
  8.734307   0.795023   2.496056  3808                                   NO_DFT 
  8.831235   0.795023  -1.391575  3915                                   NO_DFT 
  8.838798   0.795023  -2.454471  3984                                   NO_DFT 
  8.869823   0.795023  -2.780153  4011                                   NO_DFT 
  8.934172   0.795023   2.034619  3813                                   NO_DFT 
  8.998441   0.795023  -2.583312  3989                                   NO_DFT 
  9.005404   0.795023  -1.609233  3920                                   NO_DFT 
  9.025313   0.795023  -2.890127  4016                                   NO_DFT 
  9.137063   0.795023   1.595916  3818                                   NO_DFT 
  9.159994   0.795023  -2.708226  3994                                   NO_DFT 
  9.181847   0.795023  -1.813669  3925                                   NO_DFT 
  9.182611   0.795023  -2.992740  4021                                   NO_DFT 
  9.323470   0.795023  -2.829204  3999                                   NO_DFT 
  9.341725   0.795023  -3.088464  4026                                   NO_DFT 
  9.343002   0.795023   1.181497  3823                                   NO_DFT 
  9.360579   0.795023  -2.005287  3930                                   NO_DFT 
  9.488879   0.795023  -2.946133  4004                                   NO_DFT 
  9.502752   0.795023  -3.177809  4031                                   NO_DFT 
  9.541617   0.795023  -2.184700  3935                                   NO_DFT 
  9.552013   0.795023   0.790841  3828                                   NO_DFT 
  9.656233   0.795023  -3.058831  4009                                   NO_DFT 
  9.665533   0.795023  -3.261108  4036                                   NO_DFT 
  9.724975   0.795023  -2.352771  3940                                   NO_DFT 
  9.763981   0.795023   0.422299  3833                                   NO_DFT 
  9.825543   0.795023  -3.167025  4014                                   NO_DFT 
  9.830162   0.795023  -3.338817  4041                                   NO_DFT 
  9.910666   0.795023  -2.510580  3945                                   NO_DFT 
  9.979201   0.795023   0.073059  3838                                   NO_DFT 
  9.996651   0.795023  -3.411332  4046                                   NO_DFT 
  9.996711   0.795023  -3.270386  4019                                   NO_DFT 
 10.098706   0.795023  -2.659108  3950                                   NO_DFT 
 10.165008   0.795023  -3.478981  4051                                   NO_DFT 
 10.169967   0.795023  -3.368804  4024                                   NO_DFT 
 10.197561   0.795023  -0.258695  3843                                   NO_DFT 
 10.289109   0.795023  -2.799281  3955                                   NO_DFT 
 10.335335   0.795023  -3.542081  4056                                   NO_DFT 
 10.345213   0.795023  -3.462054  4029                                   NO_DFT 
 10.419083   0.795023  -0.574354  3848                                   NO_DFT 
 10.481892   0.795023  -2.931802  3960                                   NO_DFT 
 10.507463   0.795023  -3.600850  4061                                   NO_DFT 
 10.522461   0.795023  -3.549999  4034                                   NO_DFT 
 10.643789   0.795023  -0.874611  3853                                   NO_DFT 
 10.677067   0.795023  -3.057165  3965                                   NO_DFT 
 10.681492   0.795023  -3.655515  4066                                   NO_DFT 
 10.701722   0.795023  -3.632641  4039                                   NO_DFT 
 10.857432   0.795023  -3.706306  4071                                   NO_DFT 
 10.871704   0.795023  -1.159561  3858                                   NO_DFT 
 10.874649   0.795023  -3.175610  3970                                   NO_DFT 
 10.883007   0.795023  -3.709992  4044                                   NO_DFT 
 11.035294   0.795023  -3.753340  4076                                   NO_DFT 
 11.066210   0.795023  -3.782094  4049                                   NO_DFT 
 11.074655   0.795023  -3.287184  3975                                   NO_DFT 
 11.102850   0.795023  -1.429130  3863                                   NO_DFT 
 11.215181   0.795023  -3.796808  4081                                   NO_DFT 
 11.251577   0.795023  -3.849162  4054                                   NO_DFT 
 11.277098   0.795023  -3.391817  3980                                   NO_DFT 
 11.337097   0.795023  -1.683176  3868                                   NO_DFT 
 11.396918   0.795023  -3.836762  4086                                   NO_DFT 
 11.439003   0.795023  -3.911265  4059                                   NO_DFT 
 11.481994   0.795023  -3.489388  3985                                   NO_DFT 
 11.574770   0.795023  -1.922266  3873                                   NO_DFT 
 11.580607   0.795023  -3.873326  4091                                   NO_DFT 
 11.628498   0.795023  -3.968535  4064                                   NO_DFT 
 11.689355   0.795023  -3.579825  3990                                   NO_DFT 
 11.766260   0.795023  -3.906596  4096                                   NO_DFT 
 11.815741   0.795023  -2.146835  3878                                   NO_DFT 
 11.820075   0.795023  -4.021108  4069                                   NO_DFT 
 11.899199   0.795023  -3.663115  3995                                   NO_DFT 
 11.953886   0.795023  -3.936650  4101                                   NO_DFT 
 12.013744   0.795023  -4.069108  4074                                   NO_DFT 
 12.060034   0.795023  -2.357609  3883                                   NO_DFT 
 12.111540   0.795023  -3.739362  4000                                   NO_DFT 
 12.143597   0.795023  -3.963620  4106                                   NO_DFT 
 12.209518   0.795023  -4.112631  4079                                   NO_DFT 
 12.307671   0.795023  -2.555315  3888                                   NO_DFT 
 12.326391   0.795023  -3.808786  4005                                   NO_DFT 
 12.335203   0.795023  -3.987561  4111                                   NO_DFT 
 12.407279   0.795023  -4.151768  4084                                   NO_DFT 
 12.528813   0.795023  -4.008583  4116                                   NO_DFT 
 12.543769   0.795023  -3.871695  4010                                   NO_DFT 
 12.558675   0.795023  -2.740677  3893                                   NO_DFT 
 12.607293   0.795023  -4.186656  4089                                   NO_DFT 
 12.724440   0.795023  -4.026823  4121                                   NO_DFT 
 12.763687   0.795023  -3.928504  4015                                   NO_DFT 
 12.809446   0.795023  -4.217357  4094                                   NO_DFT 
 12.812904   0.795023  -2.914149  3898                                   NO_DFT 
 12.922092   0.795023  -4.042394  4126                                   NO_DFT 
 12.986160   0.795023  -3.979669  4020                                   NO_DFT 
 13.013748   0.795023  -4.243966  4099                                   NO_DFT 
 13.070708   0.795023  -3.076451  3903                                   NO_DFT 
 13.121780   0.795023  -4.055420  4131                                   NO_DFT 
 13.211205   0.795023  -4.025656  4025                                   NO_DFT 
 13.220210   0.795023  -4.266572  4104                                   NO_DFT 
 13.323622   0.795023  -4.066060  4136                                   NO_DFT 
 13.331946   0.795023  -3.227914  3908                                   NO_DFT 
 13.428845   0.795023  -4.285269  4109                                   NO_DFT 
 13.438833   0.795023  -4.066935  4030                                   NO_DFT 
 13.527415   0.795023  -4.074444  4141                                   NO_DFT 
 13.596643   0.795023  -3.369038  3913                                   NO_DFT 
 13.639528   0.795023  -4.300153  4114                                   NO_DFT 
 13.669063   0.795023  -4.103922  4035                                   NO_DFT 
 13.733276   0.795023  -4.080725  4146                                   NO_DFT 
 13.852540   0.795023  -4.311350  4119                                   NO_DFT 
 13.864820   0.795023  -3.500298  3918                                   NO_DFT 
 13.901906   0.795023  -4.136987  4040                                   NO_DFT 
 13.941215   0.795023  -4.085071  4151                                   NO_DFT 
 14.067759   0.795023  -4.318971  4124                                   NO_DFT 
 14.136501   0.795023  -3.622232  3923                                   NO_DFT 
 14.137379   0.795023  -4.166436  4045                                   NO_DFT 
 14.151242   0.795023  -4.087631  4156                                   NO_DFT 
 14.285194   0.795023  -4.323149  4129                                   NO_DFT 
 14.363481   0.795023  -4.088551  4161                                   NO_DFT 
 14.375496   0.795023  -4.192489  4050                                   NO_DFT 
 14.411709   0.795023  -3.735385  3928                                   NO_DFT 
 14.504859   0.795023  -4.324010  4134                                   NO_DFT 
 14.577717   0.795023  -4.087975  4166                                   NO_DFT 
 14.616271   0.795023  -4.215285  4055                                   NO_DFT 
 14.690284   0.795023  -3.840205  3933                                   NO_DFT 
 14.726765   0.795023  -4.321705  4139                                   NO_DFT 
 14.794073   0.795023  -4.086025  4171                                   NO_DFT 
 14.859720   0.795023  -4.234900  4060                                   NO_DFT 
 14.950922   0.795023  -4.316380  4144                                   NO_DFT 
 14.972609   0.795023  -3.937283  3938                                   NO_DFT 
 15.012560   0.795023  -4.082808  4176                                   NO_DFT 
 15.105858   0.795023  -4.251352  4065                                   NO_DFT 
 15.177197   0.795023  -4.308203  4149                                   NO_DFT 
 15.233187   0.795023  -4.078407  4181                                   NO_DFT 
 15.258528   0.795023  -4.026928  3943                                   NO_DFT 
 15.354699   0.795023  -4.264612  4070                                   NO_DFT 
 15.405890   0.795023  -4.297330  4154                                   NO_DFT 
 15.456082   0.795023  -4.072880  4186                                   NO_DFT 
 15.548064   0.795023  -4.109424  3948                                   NO_DFT 
 15.606257   0.795023  -4.274632  4075                                   NO_DFT 
 15.636869   0.795023  -4.283940  4159                                   NO_DFT 
 15.681024   0.795023  -4.066288  4191                                   NO_DFT 
 15.841240   0.795023  -4.184979  3953                                   NO_DFT 
 15.860549   0.795023  -4.281361  4080                                   NO_DFT 
 15.870146   0.795023  -4.268211  4164                                   NO_DFT 
 15.908136   0.795023  -4.058654  4196                                   NO_DFT 
 16.105732   0.795023  -4.250330  4169                                   NO_DFT 
 16.117588   0.795023  -4.284757  4085                                   NO_DFT 
 16.137432   0.795023  -4.049981  4201                                   NO_DFT 
 16.138079   0.795023  -4.253713  3958                                   NO_DFT 
 16.343636   0.795023  -4.230496  4174                                   NO_DFT 
 16.368919   0.795023  -4.040276  4206                                   NO_DFT 
 16.377388   0.795023  -4.284862  4090                                   NO_DFT 
 16.438408   0.795023  -4.315671  3963                                   NO_DFT 
 16.583717   0.795023  -4.208920  4179                                   NO_DFT 
 16.602734   0.795023  -4.029523  4211                                   NO_DFT 
 16.639967   0.795023  -4.281759  4095                                   NO_DFT 
 16.742638   0.795023  -4.371003  3968                                   NO_DFT 
 16.826296   0.795023  -4.185785  4184                                   NO_DFT 
 16.838640   0.795023  -4.017732  4216                                   NO_DFT 
 16.905336   0.795023  -4.275609  4100                                   NO_DFT 
 17.050596   0.795023  -4.419766  3973                                   NO_DFT 
 17.071228   0.795023  -4.161319  4189                                   NO_DFT 
 17.076771   0.795023  -4.004882  4221                                   NO_DFT 
 17.173512   0.795023  -4.266654  4105                                   NO_DFT 
 17.317135   0.795023  -3.990983  4226                                   NO_DFT 
 17.318525   0.795023  -4.135728  4194                                   NO_DFT 
 17.362310   0.795023  -4.462138  3978                                   NO_DFT 
 17.444510   0.795023  -4.255195  4110                                   NO_DFT 
 17.559746   0.795023  -3.976030  4231                                   NO_DFT 
 17.568199   0.795023  -4.109236  4199                                   NO_DFT 
 17.677799   0.795023  -4.498427  3983                                   NO_DFT 
 17.718342   0.795023  -4.241585  4115                                   NO_DFT 
 17.804611   0.795023  -3.960039  4236                                   NO_DFT 
 17.820261   0.795023  -4.082053  4204                                   NO_DFT 
 17.995026   0.795023  -4.226195  4120                                   NO_DFT 
 17.997087   0.795023  -4.529090  3988                                   NO_DFT 
 18.051872   0.795023  -3.943025  4241                                   NO_DFT 
 18.074558   0.795023  -4.054399  4209                                   NO_DFT 
 18.274576   0.795023  -4.209363  4125                                   NO_DFT 
 18.301281   0.795023  -3.925034  4246                                   NO_DFT 
 18.320196   0.795023  -4.554703  3993                                   NO_DFT 
 18.331430   0.795023  -4.026442  4214                                   NO_DFT 
 18.552975   0.795023  -3.906103  4251                                   NO_DFT 
 18.557007   0.795023  -4.191408  4130                                   NO_DFT 
 18.590723   0.795023  -3.998378  4219                                   NO_DFT 
 18.646940   0.795023  -4.575895  3998                                   NO_DFT 
 18.806969   0.795023  -3.886277  4256                                   NO_DFT 
 18.842331   0.795023  -4.172552  4135                                   NO_DFT 
 18.852449   0.795023  -3.970377  4224                                   NO_DFT 
 18.977758   0.795023  -4.593256  4003                                   NO_DFT 
 19.063269   0.795023  -3.865606  4261                                   NO_DFT 
 19.116623   0.795023  -3.942586  4229                                   NO_DFT 
 19.130566   0.795023  -4.152922  4140                                   NO_DFT 
 19.312466   0.795023  -4.607141  4008                                   NO_DFT 
 19.322021   0.795023  -3.844132  4266                                   NO_DFT 
 19.383251   0.795023  -3.915127  4234                                   NO_DFT 
 19.421724   0.795023  -4.132547  4145                                   NO_DFT 
 19.582970   0.795023  -3.821941  4271                                   NO_DFT 
 19.651087   0.795023  -4.617646  4013                                   NO_DFT 
 19.652348   0.795023  -3.888098  4239                                   NO_DFT 
 19.715824   0.795023  -4.111357  4150                                   NO_DFT 
 19.846256   0.795023  -3.799075  4276                                   NO_DFT 
 19.923746   0.795023  -3.861588  4244                                   NO_DFT 
 19.993643   0.795023  -4.624644  4018                                   NO_DFT 
 20.012877   0.795023  -4.089207  4155                                   NO_DFT 
 20.111893   0.795023  -3.775586  4281                                   NO_DFT 
 20.197811   0.795023  -3.835593  4249                                   NO_DFT 
 20.312897   0.795023  -4.065925  4160                                   NO_DFT 
 20.340157   0.795023  -4.627918  4023                                   NO_DFT 
 20.379889   0.795023  -3.751527  4286                                   NO_DFT 
 20.474377   0.795023  -3.810133  4254                                   NO_DFT 
 20.615902   0.795023  -4.041333  4165                                   NO_DFT 
 20.650398   0.795023  -3.726929  4291                                   NO_DFT 
 20.690426   0.795023  -4.627352  4028                                   NO_DFT 
 20.753456   0.795023  -3.785184  4259                                   NO_DFT 
 20.921906   0.795023  -4.015298  4170                                   NO_DFT 
 20.923145   0.795023  -3.701854  4296                                   NO_DFT 
 21.035059   0.795023  -3.760672  4264                                   NO_DFT 
 21.044922   0.795023  -4.623023  4033                                   NO_DFT 
 21.198284   0.795023  -3.676319  4301                                   NO_DFT 
 21.230923   0.795023  -3.987775  4175                                   NO_DFT 
 21.319199   0.795023  -3.736504  4269                                   NO_DFT 
 21.403444   0.795023  -4.615265  4038                                   NO_DFT 
 21.475826   0.795023  -3.650344  4306                                   NO_DFT 
 21.542967   0.795023  -3.958790  4180                                   NO_DFT 
 21.605701   0.795023  -3.712561  4274                                   NO_DFT 
 21.755779   0.795023  -3.623932  4311                                   NO_DFT 
 21.766014   0.795023  -4.604563  4043                                   NO_DFT 
 21.858055   0.795023  -3.928471  4185                                   NO_DFT 
 21.894945   0.795023  -3.688647  4279                                   NO_DFT 
 22.038155   0.795023  -3.597078  4316                                   NO_DFT 
 22.132656   0.795023  -4.591441  4048                                   NO_DFT 
 22.176199   0.795023  -3.896995  4190                                   NO_DFT 
 22.186760   0.795023  -3.664589  4284                                   NO_DFT 
 22.323111   0.795023  -3.569751  4321                                   NO_DFT 
 22.481155   0.795023  -3.640174  4289                                   NO_DFT 
 22.497416   0.795023  -3.864592  4195                                   NO_DFT 
 22.503393   0.795023  -4.576318  4053                                   NO_DFT 
 22.610365   0.795023  -3.541943  4326                                   NO_DFT 
 22.778143   0.795023  -3.615165  4294                                   NO_DFT 
 22.821720   0.795023  -3.831499  4200                                   NO_DFT 
 22.878246   0.795023  -4.559430  4058                                   NO_DFT 
 22.900070   0.795023  -3.513584  4331                                   NO_DFT 
 23.077736   0.795023  -3.589319  4299                                   NO_DFT 
 23.149124   0.795023  -3.797940  4205                                   NO_DFT 
 23.192242   0.795023  -3.484613  4336                                   NO_DFT 
 23.256996   0.795023  -4.540851  4063                                   NO_DFT 
 23.379944   0.795023  -3.562388  4304                                   NO_DFT 
 23.479647   0.795023  -3.764107  4210                                   NO_DFT 
 23.486885   0.795023  -3.454929  4341                                   NO_DFT 
 23.640150   0.795023  -4.520468  4068                                   NO_DFT 
 23.684582   0.795023  -3.534140  4309                                   NO_DFT 
 23.784172   0.795023  -3.424413  4346                                   NO_DFT 
 23.813301   0.795023  -3.730146  4215                                   NO_DFT 
 23.992052   0.795023  -3.504311  4314                                   NO_DFT 
 24.027489   0.795023  -4.498158  4073                                   NO_DFT 
 24.083799   0.795023  -3.392964  4351                                   NO_DFT 
 24.150099   0.795023  -3.696160  4220                                   NO_DFT 
 24.302174   0.795023  -3.472709  4319                                   NO_DFT 
 24.385931   0.795023  -3.360413  4356                                   NO_DFT 
 24.419037   0.795023  -4.473796  4078                                   NO_DFT 
 24.490059   0.795023  -3.662207  4225                                   NO_DFT 
 24.614956   0.795023  -3.439165  4324                                   NO_DFT 
 24.690580   0.795023  -3.326599  4361                                   NO_DFT 
 24.814814   0.795023  -4.447317  4083                                   NO_DFT 
 24.833195   0.795023  -3.628316  4230                                   NO_DFT 
 24.930408   0.795023  -3.403561  4329                                   NO_DFT 
 24.997757   0.795023  -3.291345  4366                                   NO_DFT 
 25.179520   0.795023  -3.594481  4235                                   NO_DFT 
 25.214846   0.795023  -4.418761  4088                                   NO_DFT 
 25.248547   0.795023  -3.365834  4334                                   NO_DFT 
 25.307632   0.795023  -3.254444  4371                                   NO_DFT 
 25.529051   0.795023  -3.560678  4240                                   NO_DFT 
 25.569174   0.795023  -3.326036  4339                                   NO_DFT 
 25.619152   0.795023  -4.388258  4093                                   NO_DFT 
 25.619894   0.795023  -3.215761  4376                                   NO_DFT 
 25.881802   0.795023  -3.526872  4245                                   NO_DFT 
 25.892712   0.795023  -3.284201  4344                                   NO_DFT 
 25.934715   0.795023  -3.175114  4381                                   NO_DFT 
 26.027496   0.795023  -4.356025  4098                                   NO_DFT 
 26.218966   0.795023  -3.240542  4349                                   NO_DFT 
 26.237787   0.795023  -3.493013  4250                                   NO_DFT 
 26.252104   0.795023  -3.132373  4386                                   NO_DFT 
 26.440420   0.795023  -4.322267  4103                                   NO_DFT 
 26.547951   0.795023  -3.195325  4354                                   NO_DFT 
 26.572071   0.795023  -3.087451  4391                                   NO_DFT 
 26.597021   0.795023  -3.459067  4255                                   NO_DFT 
 26.857691   0.795023  -4.287269  4108                                   NO_DFT 
 26.879675   0.795023  -3.148882  4359                                   NO_DFT 
 26.894798   0.795023  -3.040304  4396                                   NO_DFT 
 26.959520   0.795023  -3.424981  4260                                   NO_DFT 
 27.214153   0.795023  -3.101602  4364                                   NO_DFT 
 27.219955   0.795023  -2.991052  4401                                   NO_DFT 
 27.279327   0.795023  -4.251272  4113                                   NO_DFT 
 27.325298   0.795023  -3.390706  4265                                   NO_DFT 
 27.547724   0.795023  -2.939844  4406                                   NO_DFT 
 27.551394   0.795023  -3.053893  4369                                   NO_DFT 
 27.694368   0.795023  -3.356207  4270                                   NO_DFT 
 27.705355   0.795023  -4.214505  4118                                   NO_DFT 
 27.878115   0.795023  -2.886986  4411                                   NO_DFT 
 27.891188   0.795023  -3.006154  4374                                   NO_DFT 
 28.066748   0.795023  -3.321445  4275                                   NO_DFT 
 28.135794   0.795023  -4.177139  4123                                   NO_DFT 
 28.211134   0.795023  -2.832892  4416                                   NO_DFT 
 28.233988   0.795023  -2.958618  4379                                   NO_DFT 
 28.442451   0.795023  -3.286393  4280                                   NO_DFT 
 28.546797   0.795023  -2.778066  4421                                   NO_DFT 
 28.570389   0.795023  -4.139333  4128                                   NO_DFT 
 28.579584   0.795023  -2.911457  4384                                   NO_DFT 
 28.821491   0.795023  -3.251027  4285                                   NO_DFT 
 28.885288   0.795023  -2.722954  4426                                   NO_DFT 
 28.927988   0.795023  -2.864607  4389                                   NO_DFT 
 29.009718   0.795023  -4.101131  4133                                   NO_DFT 
 29.203884   0.795023  -3.215336  4290                                   NO_DFT 
 29.226265   0.795023  -2.667853  4431                                   NO_DFT 
 29.279213   0.795023  -2.817776  4394                                   NO_DFT 
 29.453529   0.795023  -4.062614  4138                                   NO_DFT 
 29.569916   0.795023  -2.612484  4436                                   NO_DFT 
 29.589645   0.795023  -3.179316  4295                                   NO_DFT 
 29.633270   0.795023  -2.770462  4399                                   NO_DFT 
 29.901844   0.795023  -4.023811  4143                                   NO_DFT 
 29.916250   0.795023  -2.555898  4441                                   NO_DFT 
 29.978788   0.795023  -3.142974  4300                                   NO_DFT 
 29.989941   0.795023  -2.722071  4404                                   NO_DFT 
 30.265278   0.795023  -2.496604  4446                                   NO_DFT 
 30.349691   0.795023  -2.671983  4409                                   NO_DFT 
 30.354685   0.795023  -3.984732  4148                                   NO_DFT 
 30.371328   0.795023  -3.106328  4305                                   NO_DFT 
 30.617195   0.795023  -2.433300  4451                                   NO_DFT 
 30.712309   0.795023  -2.619942  4414                                   NO_DFT 
 30.767279   0.795023  -3.069408  4310                                   NO_DFT 
 30.812075   0.795023  -3.945372  4153                                   NO_DFT 
 30.971643   0.795023  -2.366247  4456                                   NO_DFT 
 31.077803   0.795023  -2.566102  4419                                   NO_DFT 
 31.166658   0.795023  -3.032248  4315                                   NO_DFT 
 31.274036   0.795023  -3.905736  4158                                   NO_DFT 
 31.328815   0.795023  -2.297785  4461                                   NO_DFT 
 31.446186   0.795023  -2.511012  4424                                   NO_DFT 
 31.569477   0.795023  -2.994892  4320                                   NO_DFT 
 31.688725   0.795023  -2.231313  4466                                   NO_DFT 
 31.740292   0.795023  -3.865838  4163                                   NO_DFT 
 31.817469   0.795023  -2.455353  4429                                   NO_DFT 
 31.975752   0.795023  -2.957371  4325                                   NO_DFT 
 32.051380   0.795023  -2.168261  4471                                   NO_DFT 
 32.191662   0.795023  -2.399531  4434                                   NO_DFT 
 32.211464   0.795023  -3.825636  4168                                   NO_DFT 
 32.385498   0.795023  -2.919716  4330                                   NO_DFT 
 32.416981   0.795023  -2.105944  4476                                   NO_DFT 
 32.568535   0.795023  -2.343462  4439                                   NO_DFT 
 32.687271   0.795023  -3.785165  4173                                   NO_DFT 
 32.785160   0.795023  -2.039785  4481                                   NO_DFT 
 32.798729   0.795023  -2.881936  4335                                   NO_DFT 
 32.948582   0.795023  -2.286577  4444                                   NO_DFT 
 33.156116   0.795023  -1.968362  4486                                   NO_DFT 
 33.167747   0.795023  -3.744447  4178                                   NO_DFT 
 33.215462   0.795023  -2.844010  4340                                   NO_DFT 
 33.331573   0.795023  -2.228479  4449                                   NO_DFT 
 33.529861   0.795023  -1.895730  4491                                   NO_DFT 
 33.635708   0.795023  -2.805882  4345                                   NO_DFT 
 33.652905   0.795023  -3.703494  4183                                   NO_DFT 
 33.717522   0.795023  -2.169105  4454                                   NO_DFT 
 33.906403   0.795023  -1.826710  4496                                   NO_DFT 
 34.059486   0.795023  -2.767447  4350                                   NO_DFT 
 34.106441   0.795023  -2.108649  4459                                   NO_DFT 
 34.142773   0.795023  -3.662328  4188                                   NO_DFT 
 34.285954   0.795023  -1.761106  4501                                   NO_DFT 
 34.486805   0.795023  -2.728559  4355                                   NO_DFT 
 34.498337   0.795023  -2.047114  4464                                   NO_DFT 
 34.637051   0.795023  -3.620997  4193                                   NO_DFT 
 34.668125   0.795023  -1.694914  4506                                   NO_DFT 
 34.892967   0.795023  -1.984112  4469                                   NO_DFT 
 34.917686   0.795023  -2.689030  4360                                   NO_DFT 
 35.053127   0.795023  -1.625695  4511                                   NO_DFT 
 35.136398   0.795023  -3.579473  4198                                   NO_DFT 
 35.290855   0.795023  -1.919072  4474                                   NO_DFT 
 35.352142   0.795023  -2.648650  4365                                   NO_DFT 
 35.440968   0.795023  -1.554803  4516                                   NO_DFT 
 35.640522   0.795023  -3.537808  4203                                   NO_DFT 
 35.691757   0.795023  -1.852169  4479                                   NO_DFT 
 35.790184   0.795023  -2.607206  4370                                   NO_DFT 
 35.831657   0.795023  -1.484868  4521                                   NO_DFT 
 36.095680   0.795023  -1.784478  4484                                   NO_DFT 
 36.149445   0.795023  -3.496028  4208                                   NO_DFT 
 36.225208   0.795023  -1.417239  4526                                   NO_DFT 
 36.231834   0.795023  -2.564518  4375                                   NO_DFT 
 36.502640   0.795023  -1.717564  4489                                   NO_DFT 
 36.621841   0.795023  -1.351495  4531                                   NO_DFT 
 36.663193   0.795023  -3.454171  4213                                   NO_DFT 
 36.677097   0.795023  -2.520459  4380                                   NO_DFT 
 36.912651   0.795023  -1.652674  4494                                   NO_DFT 
 37.021145   0.795023  -1.286396  4536                                   NO_DFT 
 37.125996   0.795023  -2.474980  4385                                   NO_DFT 
 37.181782   0.795023  -3.412258  4218                                   NO_DFT 
 37.325718   0.795023  -1.590112  4499                                   NO_DFT 
 37.423344   0.795023  -1.220713  4541                                   NO_DFT 
 37.578545   0.795023  -2.428104  4390                                   NO_DFT 
 37.705238   0.795023  -3.370334  4223                                   NO_DFT 
 37.741585   0.795023  -1.529266  4504                                   NO_DFT 
 37.828445   0.795023  -1.154063  4546                                   NO_DFT 
 38.034752   0.795023  -2.379920  4395                                   NO_DFT 
 38.160801   0.795023  -1.468879  4509                                   NO_DFT 
 38.233246   0.795023  -3.328441  4228                                   NO_DFT 
 38.236458   0.795023  -1.087166  4551                                   NO_DFT 
 38.494640   0.795023  -2.330548  4400                                   NO_DFT 
 38.583111   0.795023  -1.407844  4514                                   NO_DFT 
 38.647610   0.795023  -1.021627  4556                                   NO_DFT 
 38.766502   0.795023  -3.286555  4233                                   NO_DFT 
 38.958218   0.795023  -2.280148  4405                                   NO_DFT 
 39.008526   0.795023  -1.345490  4519                                   NO_DFT 
 39.061485   0.795023  -0.959536  4561                                   NO_DFT 
 39.304695   0.795023  -3.244718  4238                                   NO_DFT 
 39.425507   0.795023  -2.228929  4410                                   NO_DFT 
 39.437054   0.795023  -1.281820  4524                                   NO_DFT 
 39.478298   0.795023  -0.902552  4566                                   NO_DFT 
 39.847843   0.795023  -3.202950  4243                                   NO_DFT 
 39.868710   0.795023  -1.217444  4529                                   NO_DFT 
 39.896511   0.795023  -2.177138  4415                                   NO_DFT 
 39.898071   0.795023  -0.851462  4571                                   NO_DFT 
 40.303226   0.795023  -1.153391  4534                                   NO_DFT 
 40.320808   0.795023  -0.805846  4576                                   NO_DFT 
 40.371258   0.795023  -2.125062  4420                                   NO_DFT 
 40.395977   0.795023  -3.161248  4248                                   NO_DFT 
 40.741169   0.795023  -1.090624  4539                                   NO_DFT 
 40.746742   0.795023  -0.764133  4581                                   NO_DFT 
 40.849751   0.795023  -2.072959  4425                                   NO_DFT 
 40.949112   0.795023  -3.119598  4253                                   NO_DFT 
 41.175442   0.795023  -0.724082  4586                                   NO_DFT 
 41.182274   0.795023  -1.029989  4544                                   NO_DFT 
 41.332012   0.795023  -2.020943  4430                                   NO_DFT 
 41.507271   0.795023  -3.077992  4258                                   NO_DFT 
 41.607136   0.795023  -0.683245  4591                                   NO_DFT 
 41.626549   0.795023  -0.971831  4549                                   NO_DFT 
 41.818058   0.795023  -1.968938  4435                                   NO_DFT 
 42.041840   0.795023  -0.639644  4596                                   NO_DFT 
 42.070118   0.795023  -3.036423  4263                                   NO_DFT 
 42.074009   0.795023  -0.915991  4554                                   NO_DFT 
 42.307896   0.795023  -1.916644  4440                                   NO_DFT 
 42.479561   0.795023  -0.592152  4601                                   NO_DFT 
 42.524662   0.795023  -0.861850  4559                                   NO_DFT 
 42.638397   0.795023  -2.994798  4268                                   NO_DFT 
 42.801540   0.795023  -1.863666  4445                                   NO_DFT 
 42.920540   0.795023  -0.540639  4606                                   NO_DFT 
 42.978523   0.795023  -0.808536  4564                                   NO_DFT 
 43.211773   0.795023  -2.953091  4273                                   NO_DFT 
 43.299015   0.795023  -1.809686  4450                                   NO_DFT 
 43.364326   0.795023  -0.485979  4611                                   NO_DFT 
 43.435310   0.795023  -0.755173  4569                                   NO_DFT 
 43.790264   0.795023  -2.911254  4278                                   NO_DFT 
 43.800327   0.795023  -1.754614  4455                                   NO_DFT 
 43.811161   0.795023  -0.429620  4616                                   NO_DFT 
 43.895615   0.795023  -0.700980  4574                                   NO_DFT 
 44.261055   0.795023  -0.373351  4621                                   NO_DFT 
 44.305496   0.795023  -1.698647  4460                                   NO_DFT 
 44.359161   0.795023  -0.645626  4579                                   NO_DFT 
 44.373894   0.795023  -2.869223  4283                                   NO_DFT 
 44.714020   0.795023  -0.318940  4626                                   NO_DFT 
 44.814533   0.795023  -1.642189  4465                                   NO_DFT 
 44.825962   0.795023  -0.589176  4584                                   NO_DFT 
 44.962688   0.795023  -2.826943  4288                                   NO_DFT 
 45.170067   0.795023  -0.267912  4631                                   NO_DFT 
 45.296024   0.795023  -0.532086  4589                                   NO_DFT 
 45.327454   0.795023  -1.585690  4470                                   NO_DFT 
 45.556286   0.795023  -2.784395  4293                                   NO_DFT 
 45.629440   0.795023  -0.221370  4636                                   NO_DFT 
 45.769363   0.795023  -0.475139  4594                                   NO_DFT 
 45.844273   0.795023  -1.529494  4475                                   NO_DFT 
 46.091679   0.795023  -0.180056  4641                                   NO_DFT 
 46.155472   0.795023  -2.741481  4298                                   NO_DFT 
 46.245678   0.795023  -0.419314  4599                                   NO_DFT 
 46.365005   0.795023  -1.473742  4480                                   NO_DFT 
 46.557026   0.795023  -0.144224  4646                                   NO_DFT 
 46.725597   0.795023  -0.365537  4604                                   NO_DFT 
 46.759888   0.795023  -2.698198  4303                                   NO_DFT 
 46.889668   0.795023  -1.418377  4485                                   NO_DFT 
 47.025497   0.795023  -0.113825  4651                                   NO_DFT 
 47.208824   0.795023  -0.314757  4609                                   NO_DFT 
 47.369556   0.795023  -2.654537  4308                                   NO_DFT 
 47.418274   0.795023  -1.363219  4490                                   NO_DFT 
 47.497097   0.795023  -0.088541  4656                                   NO_DFT 
 47.695374   0.795023  -0.267728  4614                                   NO_DFT 
 47.950836   0.795023  -1.308087  4495                                   NO_DFT 
 47.972092   0.795023  -0.067901  4661                                   NO_DFT 
 47.984501   0.795023  -2.610482  4313                                   NO_DFT 
 48.185253   0.795023  -0.224972  4619                                   NO_DFT 
 48.449989   0.795023  -0.051357  4666                                   NO_DFT 
 48.487373   0.795023  -1.252906  4500                                   NO_DFT 
 48.604748   0.795023  -2.566029  4318                                   NO_DFT 
 48.678474   0.795023  -0.186795  4624                                   NO_DFT 
 48.931053   0.795023  -0.038306  4671                                   NO_DFT 
 49.027897   0.795023  -1.197783  4505                                   NO_DFT 
 49.175053   0.795023  -0.153280  4629                                   NO_DFT 
 49.230312   0.795023  -2.521171  4323                                   NO_DFT 
 49.415291   0.795023  -0.028180  4676                                   NO_DFT 
 49.572422   0.795023  -1.142990  4510                                   NO_DFT 
 49.674671   0.795023  -0.124351  4634                                   NO_DFT 
 49.860817   0.795023  -2.475926  4328                                   NO_DFT 
 49.902710   0.795023  -0.020437  4681                                   NO_DFT 
 50.120964   0.795023  -1.088939  4515                                   NO_DFT 
 50.177990   0.795023  -0.099722  4639                                   NO_DFT 
 50.393585   0.795023  -0.014615  4686                                   NO_DFT 
 50.497093   0.795023  -2.430225  4333                                   NO_DFT 
 50.673538   0.795023  -1.036068  4520                                   NO_DFT 
 50.684696   0.795023  -0.079071  4644                                   NO_DFT 
 50.887405   0.795023  -0.010290  4691                                   NO_DFT 
 51.138760   0.795023  -2.384101  4338                                   NO_DFT 
 51.194801   0.795023  -0.061999  4649                                   NO_DFT 
 51.230160   0.795023  -0.984752  4525                                   NO_DFT 
 51.384445   0.795023  -0.007142  4696                                   NO_DFT 
 51.708317   0.795023  -0.048068  4654                                   NO_DFT 
 51.785839   0.795023  -2.337586  4343                                   NO_DFT 
 51.790840   0.795023  -0.935181  4530                                   NO_DFT 
 51.884708   0.795023  -0.004877  4701                                   NO_DFT 
 52.225254   0.795023  -0.036854  4659                                   NO_DFT 
 52.355598   0.795023  -0.887330  4535                                   NO_DFT 
 52.388206   0.795023  -0.003278  4706                                   NO_DFT 
 52.438351   0.795023  -2.290745  4348                                   NO_DFT 
 52.745293   0.795023  -0.027933  4664                                   NO_DFT 
 52.924446   0.795023  -0.840927  4540                                   NO_DFT 
 53.096325   0.795023  -2.243701  4353                                   NO_DFT 
 53.269108   0.795023  -0.020926  4669                                   NO_DFT 
 53.497402   0.795023  -0.795522  4545                                   NO_DFT 
 53.759350   0.795023  -2.196622  4358                                   NO_DFT 
 53.796383   0.795023  -0.015490  4674                                   NO_DFT 
 54.074474   0.795023  -0.750555  4550                                   NO_DFT 
 54.327122   0.795023  -0.011328  4679                                   NO_DFT 
 54.428307   0.795023  -2.149586  4363                                   NO_DFT 
 54.655685   0.795023  -0.705466  4555                                   NO_DFT 
 54.861343   0.795023  -0.008180  4684                                   NO_DFT 
 55.102787   0.795023  -2.102703  4368                                   NO_DFT 
 55.241043   0.795023  -0.659823  4560                                   NO_DFT 
 55.399052   0.795023  -0.005827  4689                                   NO_DFT 
 55.782814   0.795023  -2.055964  4373                                   NO_DFT 
 55.830566   0.795023  -0.613373  4565                                   NO_DFT 
 55.940266   0.795023  -0.004098  4694                                   NO_DFT 
 56.424271   0.795023  -0.566105  4570                                   NO_DFT 
 56.468418   0.795023  -2.009260  4378                                   NO_DFT 
 56.484642   0.795023  -0.002840  4699                                   NO_DFT 
 57.022167   0.795023  -0.518249  4575                                   NO_DFT 
 57.032890   0.795023  -0.001936  4704                                   NO_DFT 
 57.159611   0.795023  -1.962397  4383                                   NO_DFT 
 57.624275   0.795023  -0.470240  4580                                   NO_DFT 
 57.856426   0.795023  -1.915171  4388                                   NO_DFT 
 58.230606   0.795023  -0.422660  4585                                   NO_DFT 
 58.558426   0.795023  -1.867431  4393                                   NO_DFT 
 58.841175   0.795023  -0.376165  4590                                   NO_DFT 
 59.266541   0.795023  -1.819062  4398                                   NO_DFT 
 59.455994   0.795023  -0.331418  4595                                   NO_DFT 
 59.980339   0.795023  -1.770153  4403                                   NO_DFT 
 60.075085   0.795023  -0.289018  4600                                   NO_DFT 
 60.698456   0.795023  -0.249462  4605                                   NO_DFT 
 60.699848   0.795023  -1.720894  4408                                   NO_DFT 
 61.326126   0.795023  -0.213124  4610                                   NO_DFT 
 61.425087   0.795023  -1.671540  4413                                   NO_DFT 
 61.958107   0.795023  -0.180234  4615                                   NO_DFT 
 62.156078   0.795023  -1.622346  4418                                   NO_DFT 
 62.594418   0.795023  -0.150886  4620                                   NO_DFT 
 62.892845   0.795023  -1.573504  4423                                   NO_DFT 
 63.235069   0.795023  -0.125055  4625                                   NO_DFT 
 63.634937   0.795023  -1.525131  4428                                   NO_DFT 
 63.880074   0.795023  -0.102624  4630                                   NO_DFT 
 64.383324   0.795023  -1.477144  4433                                   NO_DFT 
 64.529457   0.795023  -0.083384  4635                                   NO_DFT 
 65.137550   0.795023  -1.429460  4438                                   NO_DFT 
 65.183220   0.795023  -0.067085  4640                                   NO_DFT 
 65.841385   0.795023  -0.053438  4645                                   NO_DFT 
 65.897652   0.795023  -1.381919  4443                                   NO_DFT 
 66.503967   0.795023  -0.042145  4650                                   NO_DFT 
 66.663643   0.795023  -1.334368  4448                                   NO_DFT 
 67.170975   0.795023  -0.032900  4655                                   NO_DFT 
 67.435547   0.795023  -1.286692  4453                                   NO_DFT 
 67.842430   0.795023  -0.025419  4660                                   NO_DFT 
 68.212883   0.795023  -1.238901  4458                                   NO_DFT 
 68.518349   0.795023  -0.019436  4665                                   NO_DFT 
 68.996674   0.795023  -1.190999  4463                                   NO_DFT 
 69.198738   0.795023  -0.014699  4670                                   NO_DFT 
 69.786446   0.795023  -1.143179  4468                                   NO_DFT 
 69.883614   0.795023  -0.010995  4675                                   NO_DFT 
 70.572998   0.795023  -0.008126  4680                                   NO_DFT 
 70.582222   0.795023  -1.095663  4473                                   NO_DFT 
 71.266907   0.795023  -0.005934  4685                                   NO_DFT 
 71.384026   0.795023  -1.048720  4478                                   NO_DFT 
 71.965340   0.795023  -0.004280  4690                                   NO_DFT 
 72.191879   0.795023  -1.002607  4483                                   NO_DFT 
 72.668327   0.795023  -0.003045  4695                                   NO_DFT 
 73.005806   0.795023  -0.957536  4488                                   NO_DFT 
 73.375877   0.795023  -0.002140  4700                                   NO_DFT 
 73.825302   0.795023  -0.913672  4493                                   NO_DFT 
 74.087997   0.795023  -0.001481  4705                                   NO_DFT 
 74.651436   0.795023  -0.871000  4498                                   NO_DFT 
 75.483704   0.795023  -0.829487  4503                                   NO_DFT 
 76.322144   0.795023  -0.788974  4508                                   NO_DFT 
 77.166771   0.795023  -0.749232  4513                                   NO_DFT 
 78.017601   0.795023  -0.709993  4518                                   NO_DFT 
 78.874107   0.795023  -0.671012  4523                                   NO_DFT 
 79.737419   0.795023  -0.632006  4528                                   NO_DFT 
 80.607010   0.795023  -0.592842  4533                                   NO_DFT 
 81.482903   0.795023  -0.553447  4538                                   NO_DFT 
 82.365112   0.795023  -0.513863  4543                                   NO_DFT 
 83.253670   0.795023  -0.474227  4548                                   NO_DFT 
 84.148590   0.795023  -0.434772  4553                                   NO_DFT 
 85.049324   0.795023  -0.395829  4558                                   NO_DFT 
 85.957047   0.795023  -0.357691  4563                                   NO_DFT 
 86.871208   0.795023  -0.320748  4568                                   NO_DFT 
 87.791824   0.795023  -0.285351  4573                                   NO_DFT 
 88.718925   0.795023  -0.251816  4578                                   NO_DFT 
 89.652527   0.795023  -0.220412  4583                                   NO_DFT 
 90.592651   0.795023  -0.191335  4588                                   NO_DFT 
 91.538727   0.795023  -0.164736  4593                                   NO_DFT 
 92.491974   0.795023  -0.140648  4598                                   NO_DFT 
 93.451813   0.795023  -0.119086  4603                                   NO_DFT 
 94.418274   0.795023  -0.099984  4608                                   NO_DFT 
 95.391373   0.795023  -0.083250  4613                                   NO_DFT 
 96.371140   0.795023  -0.068737  4618                                   NO_DFT 
 97.356949   0.795023  -0.056280  4623                                   NO_DFT 
 98.350105   0.795023  -0.045689  4628                                   NO_DFT 
 99.349991   0.795023  -0.036764  4633                                   NO_DFT 
100.356628   0.795023  -0.029330  4638                                   NO_DFT 
101.370041   0.795023  -0.023191  4643                                   NO_DFT 
102.390259   0.795023  -0.018170  4648                                   NO_DFT 
103.417297   0.795023  -0.014102  4653                                   NO_DFT 
104.450508   0.795023  -0.010844  4658                                   NO_DFT 
105.491257   0.795023  -0.008253  4663                                   NO_DFT 
106.538895   0.795023  -0.006220  4668                                   NO_DFT 
107.593445   0.795023  -0.004638  4673                                   NO_DFT 
108.654930   0.795023  -0.003419  4678                                   NO_DFT 
109.723373   0.795023  -0.002494  4683                                   NO_DFT 
110.798103   0.795023  -0.001799  4688                                   NO_DFT 
111.880531   0.795023  -0.001283  4693                                   NO_DFT 
112.969986   0.795023  -0.000901  4698                                   NO_DFT 
114.066483   0.795023  -0.000629  4703                                   NO_DFT 
4302.700195   0.795023  -0.262464  3712                                   NO_DFT 
4305.399902   0.795023  -0.292498  3717                                   NO_DFT 
4308.100098   0.795023  -0.323758  3722                                   NO_DFT 
4310.799805   0.795023  -0.356183  3727                                   NO_DFT 
4313.500000   0.795023  -0.389704  3732                                   NO_DFT 
4316.200195   0.795023  -0.424240  3737                                   NO_DFT 
4318.899902   0.795023  -0.459700  3742                                   NO_DFT 
4321.600098   0.795023  -0.495996  3747                                   NO_DFT 
4324.299805   0.795023  -0.533018  3752                                   NO_DFT 
4327.000000   0.795023  -0.570668  3757                                   NO_DFT 
4329.700195   0.795023  -0.608837  3762                                   NO_DFT 
4332.399902   0.795023  -0.647411  3767                                   NO_DFT 
4335.100098   0.795023  -0.686275  3772                                   NO_DFT 
4337.799805   0.795023  -0.725313  3777                                   NO_DFT 
4340.500000   0.795023  -0.764406  3782                                   NO_DFT 
4343.200195   0.795023  -0.803450  3787                                   NO_DFT 
4345.899902   0.795023  -0.842324  3792                                   NO_DFT 
4348.600098   0.795023  -0.880921  3797                                   NO_DFT 
4351.299805   0.795023  -0.919136  3802                                   NO_DFT 
4354.000000   0.795023  -0.956866  3807                                   NO_DFT 
4356.700195   0.795023  -0.994019  3812                                   NO_DFT 
4359.399902   0.795023  -1.030500  3817                                   NO_DFT 
4362.100098   0.795023  -1.066226  3822                                   NO_DFT 
4364.799805   0.795023  -1.101118  3827                                   NO_DFT 
4367.500000   0.795023  -1.135102  3832                                   NO_DFT 
4370.200195   0.795023  -1.168114  3837                                   NO_DFT 
4372.899902   0.795023  -1.200093  3842                                   NO_DFT 
4375.600098   0.795023  -1.230987  3847                                   NO_DFT 
4378.299805   0.795023  -1.260749  3852                                   NO_DFT 
4381.000000   0.795023  -1.289335  3857                                   NO_DFT 
4383.700195   0.795023  -1.316718  3862                                   NO_DFT 
4386.399902   0.795023  -1.342861  3867                                   NO_DFT 
4389.100098   0.795023  -1.367747  3872                                   NO_DFT 
4391.799805   0.795023  -1.391351  3877                                   NO_DFT 
4394.500000   0.795023  -1.413665  3882                                   NO_DFT 
4397.200195   0.795023  -1.434678  3887                                   NO_DFT 
4399.899902   0.795023  -1.454386  3892                                   NO_DFT 
4402.600098   0.795023  -1.472787  3897                                   NO_DFT 
4405.299805   0.795023  -1.489892  3902                                   NO_DFT 
4408.000000   0.795023  -1.505700  3907                                   NO_DFT 
4410.700195   0.795023  -1.520224  3912                                   NO_DFT 
4413.399902   0.795023  -1.533480  3917                                   NO_DFT 
4416.100098   0.795023  -1.545483  3922                                   NO_DFT 
4418.799805   0.795023  -1.556257  3927                                   NO_DFT 
4421.500000   0.795023  -1.565820  3932                                   NO_DFT 
4424.200195   0.795023  -1.574202  3937                                   NO_DFT 
4426.899902   0.795023  -1.581431  3942                                   NO_DFT 
4429.600098   0.795023  -1.587535  3947                                   NO_DFT 
4432.299805   0.795023  -1.592546  3952                                   NO_DFT 
4435.000000   0.795023  -1.596502  3957                                   NO_DFT 
4437.700195   0.795023  -1.599436  3962                                   NO_DFT 
4440.399902   0.795023  -1.601388  3967                                   NO_DFT 
4443.100098   0.795023  -1.602399  3972                                   NO_DFT 
4445.799805   0.795023  -1.602510  3977                                   NO_DFT 
4448.500000   0.795023  -1.601763  3982                                   NO_DFT 
4451.200195   0.795023  -1.600202  3987                                   NO_DFT 
4453.899902   0.795023  -1.597871  3992                                   NO_DFT 
4456.600098   0.795023  -1.594814  3997                                   NO_DFT 
4459.299805   0.795023  -1.591078  4002                                   NO_DFT 
4462.000000   0.795023  -1.586708  4007                                   NO_DFT 
4464.700195   0.795023  -1.581748  4012                                   NO_DFT 
4467.399902   0.795023  -1.576246  4017                                   NO_DFT 
4470.100098   0.795023  -1.570239  4022                                   NO_DFT 
4472.799805   0.795023  -1.563773  4027                                   NO_DFT 
4475.500000   0.795023  -1.556887  4032                                   NO_DFT 
4478.200195   0.795023  -1.549618  4037                                   NO_DFT 
4480.899902   0.795023  -1.542003  4042                                   NO_DFT 
4483.600098   0.795023  -1.534073  4047                                   NO_DFT 
4486.299805   0.795023  -1.525854  4052                                   NO_DFT 
4489.000000   0.795023  -1.517381  4057                                   NO_DFT 
4491.700195   0.795023  -1.508668  4062                                   NO_DFT 
4494.399902   0.795023  -1.499736  4067                                   NO_DFT 
4497.100098   0.795023  -1.490599  4072                                   NO_DFT 
4499.799805   0.795023  -1.481266  4077                                   NO_DFT 
4502.500000   0.795023  -1.471740  4082                                   NO_DFT 
4505.200195   0.795023  -1.462023  4087                                   NO_DFT 
4507.899902   0.795023  -1.452114  4092                                   NO_DFT 
4510.600098   0.795023  -1.442002  4097                                   NO_DFT 
4513.299805   0.795023  -1.431677  4102                                   NO_DFT 
4516.000000   0.795023  -1.421131  4107                                   NO_DFT 
4518.700195   0.795023  -1.410339  4112                                   NO_DFT 
4521.399902   0.795023  -1.399286  4117                                   NO_DFT 
4524.100098   0.795023  -1.387955  4122                                   NO_DFT 
4526.799805   0.795023  -1.376315  4127                                   NO_DFT 
4529.500000   0.795023  -1.364356  4132                                   NO_DFT 
4532.200195   0.795023  -1.352049  4137                                   NO_DFT 
4534.899902   0.795023  -1.339378  4142                                   NO_DFT 
4537.600098   0.795023  -1.326327  4147                                   NO_DFT 
4540.299805   0.795023  -1.312876  4152                                   NO_DFT 
4543.000000   0.795023  -1.299018  4157                                   NO_DFT 
4545.700195   0.795023  -1.284740  4162                                   NO_DFT 
4548.399902   0.795023  -1.270042  4167                                   NO_DFT 
4551.100098   0.795023  -1.254925  4172                                   NO_DFT 
4553.799805   0.795023  -1.239391  4177                                   NO_DFT 
4556.500000   0.795023  -1.223450  4182                                   NO_DFT 
4559.200195   0.795023  -1.207118  4187                                   NO_DFT 
4561.899902   0.795023  -1.190415  4192                                   NO_DFT 
4564.600098   0.795023  -1.173363  4197                                   NO_DFT 
4567.299805   0.795023  -1.155991  4202                                   NO_DFT 
4570.000000   0.795023  -1.138329  4207                                   NO_DFT 
4572.700195   0.795023  -1.120417  4212                                   NO_DFT 
4575.399902   0.795023  -1.102288  4217                                   NO_DFT 
4578.100098   0.795023  -1.083986  4222                                   NO_DFT 
4580.799805   0.795023  -1.065548  4227                                   NO_DFT 
4583.500000   0.795023  -1.047019  4232                                   NO_DFT 
4586.200195   0.795023  -1.028439  4237                                   NO_DFT 
4588.899902   0.795023  -1.009851  4242                                   NO_DFT 
4591.600098   0.795023  -0.991295  4247                                   NO_DFT 
4594.299805   0.795023  -0.972808  4252                                   NO_DFT 
4597.000000   0.795023  -0.954426  4257                                   NO_DFT 
4599.700195   0.795023  -0.936181  4262                                   NO_DFT 
4602.399902   0.795023  -0.918102  4267                                   NO_DFT 
4605.100098   0.795023  -0.900210  4272                                   NO_DFT 
4607.799805   0.795023  -0.882523  4277                                   NO_DFT 
4610.500000   0.795023  -0.865057  4282                                   NO_DFT 
4613.200195   0.795023  -0.847823  4287                                   NO_DFT 
4615.899902   0.795023  -0.830817  4292                                   NO_DFT 
4618.600098   0.795023  -0.814041  4297                                   NO_DFT 
4621.299805   0.795023  -0.797486  4302                                   NO_DFT 
4624.000000   0.795023  -0.781138  4307                                   NO_DFT 
4626.700195   0.795023  -0.764982  4312                                   NO_DFT 
4629.399902   0.795023  -0.748993  4317                                   NO_DFT 
4632.100098   0.795023  -0.733146  4322                                   NO_DFT 
4634.799805   0.795023  -0.717408  4327                                   NO_DFT 
4637.500000   0.795023  -0.701752  4332                                   NO_DFT 
4640.200195   0.795023  -0.686145  4337                                   NO_DFT 
4642.899902   0.795023  -0.670550  4342                                   NO_DFT 
4645.600098   0.795023  -0.654932  4347                                   NO_DFT 
4648.299805   0.795023  -0.639264  4352                                   NO_DFT 
4651.000000   0.795023  -0.623506  4357                                   NO_DFT 
4653.700195   0.795023  -0.607633  4362                                   NO_DFT 
4656.399902   0.795023  -0.591617  4367                                   NO_DFT 
4659.100098   0.795023  -0.575433  4372                                   NO_DFT 
4661.799805   0.795023  -0.559063  4377                                   NO_DFT 
4664.500000   0.795023  -0.542493  4382                                   NO_DFT 
4667.200195   0.795023  -0.525709  4387                                   NO_DFT 
4669.899902   0.795023  -0.508703  4392                                   NO_DFT 
4672.600098   0.795023  -0.491483  4397                                   NO_DFT 
4675.299805   0.795023  -0.474044  4402                                   NO_DFT 
4678.000000   0.795023  -0.456397  4407                                   NO_DFT 
4680.700195   0.795023  -0.438556  4412                                   NO_DFT 
4683.399902   0.795023  -0.420539  4417                                   NO_DFT 
4686.100098   0.795023  -0.402370  4422                                   NO_DFT 
4688.799805   0.795023  -0.384079  4427                                   NO_DFT 
4691.500000   0.795023  -0.365700  4432                                   NO_DFT 
4694.200195   0.795023  -0.347267  4437                                   NO_DFT 
4696.899902   0.795023  -0.328826  4442                                   NO_DFT 
4699.600098   0.795023  -0.310430  4447                                   NO_DFT 
4702.299805   0.795023  -0.292127  4452                                   NO_DFT 
4705.000000   0.795023  -0.273974  4457                                   NO_DFT 
4707.700195   0.795023  -0.256031  4462                                   NO_DFT 
4710.399902   0.795023  -0.238356  4467                                   NO_DFT 
4713.100098   0.795023  -0.221020  4472                                   NO_DFT 
4715.799805   0.795023  -0.204083  4477                                   NO_DFT 
4718.500000   0.795023  -0.187615  4482                                   NO_DFT 
4721.200195   0.795023  -0.171674  4487                                   NO_DFT 
4723.899902   0.795023  -0.156326  4492                                   NO_DFT 
4726.600098   0.795023  -0.141623  4497                                   NO_DFT 
4729.299805   0.795023  -0.127614  4502                                   NO_DFT 
4732.000000   0.795023  -0.114351  4507                                   NO_DFT 
4734.700195   0.795023  -0.101866  4512                                   NO_DFT 
4737.399902   0.795023  -0.090187  4517                                   NO_DFT 
4740.100098   0.795023  -0.079337  4522                                   NO_DFT 
4742.799805   0.795023  -0.069325  4527                                   NO_DFT 
4745.500000   0.795023  -0.060150  4532                                   NO_DFT 
4748.200195   0.795023  -0.051804  4537                                   NO_DFT 
4750.899902   0.795023  -0.044271  4542                                   NO_DFT 
4753.600098   0.795023  -0.037525  4547                                   NO_DFT 
4756.299805   0.795023  -0.031532  4552                                   NO_DFT 
4759.000000   0.795023  -0.026255  4557                                   NO_DFT 
4761.700195   0.795023  -0.021645  4562                                   NO_DFT 
4764.399902   0.795023  -0.017655  4567                                   NO_DFT 
4767.100098   0.795023  -0.014240  4572                                   NO_DFT 
4769.799805   0.795023  -0.011338  4577                                   NO_DFT 
4772.500000   0.795023  -0.008907  4582                                   NO_DFT 
4775.200195   0.795023  -0.006886  4587                                   NO_DFT 
4777.899902   0.795023  -0.005227  4592                                   NO_DFT 
4780.600098   0.795023  -0.003886  4597                                   NO_DFT 
4783.299805   0.795023  -0.002815  4602                                   NO_DFT 
4786.000000   0.795023  -0.001974  4607                                   NO_DFT 
4788.700195   0.795023  -0.001325  4612                                   NO_DFT 
4791.399902   0.795023  -0.000830  4617                                   NO_DFT 
4794.100098   0.795023  -0.000473  4622                                   NO_DFT 
4796.799805   0.795023  -0.000209  4627                                   NO_DFT 
4799.500000   0.795023  -0.000035  4632                                   NO_DFT 
4802.200195   0.795023   0.000082  4637                                   NO_DFT 
4804.899902   0.795023   0.000148  4642                                   NO_DFT 
4807.600098   0.795023   0.000182  4647                                   NO_DFT 
4810.299805   0.795023   0.000193  4652                                   NO_DFT 
4813.000000   0.795023   0.000184  4657                                   NO_DFT 
4815.700195   0.795023   0.000168  4662                                   NO_DFT 
4818.399902   0.795023   0.000145  4667                                   NO_DFT 
4821.100098   0.795023   0.000122  4672                                   NO_DFT 
4823.799805   0.795023   0.000095  4677                                   NO_DFT 
4826.500000   0.795023   0.000070  4682                                   NO_DFT 
4829.200195   0.795023   0.000048  4687                                   NO_DFT 
4831.899902   0.795023   0.000031  4692                                   NO_DFT 
4834.600098   0.795023   0.000016  4697                                   NO_DFT 
4837.299805   0.795023   0.000005  4702                                   NO_DFT 
4840.000000   0.795023  -0.000004  4707                                   NO_DFT 
