  2.451494   0.795023  14.146545  3711                                   NO_DFT 
  2.517710   0.795023  14.113965  3716                                   NO_DFT 
  2.585071   0.795023  14.072334  3721                                   NO_DFT 
  2.653624   0.795023  14.021473  3726                                   NO_DFT 
  2.668861   0.795023  14.022331  3709                                   NO_DFT 
  2.723377   0.795023  13.962273  3731                                   NO_DFT 
  2.740923   0.795023  13.973408  3714                                   NO_DFT 
  2.794343   0.795023  13.896317  3736                                   NO_DFT 
  2.814272   0.795023  13.919563  3719                                   NO_DFT 
  2.866568   0.795023  13.825279  3741                                   NO_DFT 
  2.888869   0.795023  13.860299  3724                                   NO_DFT 
  2.939989   0.795023  13.750533  3746                                   NO_DFT 
  2.964821   0.795023  13.794950  3729                                   NO_DFT 
  3.014653   0.795023  13.672587  3751                                   NO_DFT 
  3.042094   0.795023  13.722876  3734                                   NO_DFT 
  3.090571   0.795023  13.591259  3756                                   NO_DFT 
  3.120697   0.795023  13.643207  3739                                   NO_DFT 
  3.167753   0.795023  13.505952  3761                                   NO_DFT 
  3.200644   0.795023  13.554778  3744                                   NO_DFT 
  3.246250   0.795023  13.415959  3766                                   NO_DFT 
  3.281944   0.795023  13.456002  3749                                   NO_DFT 
  3.325992   0.795023  13.320753  3771                                   NO_DFT 
  3.364609   0.795023  13.344688  3754                                   NO_DFT 
  3.407028   0.795023  13.219342  3776                                   NO_DFT 
  3.448596   0.795023  13.218027  3759                                   NO_DFT 
  3.466948   0.795023  13.113049  3710                                   NO_DFT 
  3.489371   0.795023  13.109901  3781                                   NO_DFT 
  3.534025   0.795023  13.072184  3764                                   NO_DFT 
  3.560550   0.795023  12.935825  3715                                   NO_DFT 
  3.573030   0.795023  12.989044  3786                                   NO_DFT 
  3.620853   0.795023  12.902719  3769                                   NO_DFT 
  3.655823   0.795023  12.726046  3720                                   NO_DFT 
  3.658060   0.795023  12.851309  3791                                   NO_DFT 
  3.709092   0.795023  12.704338  3774                                   NO_DFT 
  3.744383   0.795023  12.689392  3796                                   NO_DFT 
  3.752779   0.795023  12.480180  3725                                   NO_DFT 
  3.798753   0.795023  12.471148  3779                                   NO_DFT 
  3.832053   0.795023  12.494135  3801                                   NO_DFT 
  3.851436   0.795023  12.196901  3730                                   NO_DFT 
  3.889847   0.795023  12.196938  3784                                   NO_DFT 
  3.921081   0.795023  12.255625  3806                                   NO_DFT 
  3.951806   0.795023  11.878159  3735                                   NO_DFT 
  3.982326   0.795023  11.875927  3789                                   NO_DFT 
  4.011478   0.795023  11.964333  3811                                   NO_DFT 
  4.053905   0.795023  11.529708  3740                                   NO_DFT 
  4.076320   0.795023  11.502586  3794                                   NO_DFT 
  4.103253   0.795023  11.612503  3816                                   NO_DFT 
  4.157748   0.795023  11.160707  3745                                   NO_DFT 
  4.171782   0.795023  11.073753  3799                                   NO_DFT 
  4.196467   0.795023  11.195347  3821                                   NO_DFT 
  4.263349   0.795023  10.782228  3750                                   NO_DFT 
  4.268723   0.795023  10.588581  3804                                   NO_DFT 
  4.291032   0.795023  10.713429  3826                                   NO_DFT 
  4.367154   0.795023  10.049624  3809                                   NO_DFT 
  4.370723   0.795023  10.405001  3755                                   NO_DFT 
  4.387007   0.795023  10.171740  3831                                   NO_DFT 
  4.467086   0.795023   9.463052  3814                                   NO_DFT 
  4.479885   0.795023  10.037375  3760                                   NO_DFT 
  4.484403   0.795023   9.580291  3836                                   NO_DFT 
  4.568532   0.795023   8.838638  3819                                   NO_DFT 
  4.583229   0.795023   8.952694  3841                                   NO_DFT 
  4.590849   0.795023   9.683773  3765                                   NO_DFT 
  4.671434   0.795023   8.189531  3824                                   NO_DFT 
  4.683550   0.795023   8.303724  3846                                   NO_DFT 
  4.703631   0.795023   9.344412  3770                                   NO_DFT 
  4.775939   0.795023   7.529251  3829                                   NO_DFT 
  4.785271   0.795023   7.648989  3851                                   NO_DFT 
  4.818246   0.795023   9.015849  3775                                   NO_DFT 
  4.881990   0.795023   6.872845  3834                                   NO_DFT 
  4.888453   0.795023   7.001132  3856                                   NO_DFT 
  4.934707   0.795023   8.692205  3780                                   NO_DFT 
  4.989601   0.795023   6.233586  3839                                   NO_DFT 
  4.993109   0.795023   6.370338  3861                                   NO_DFT 
  5.053030   0.795023   8.366489  3785                                   NO_DFT 
  5.098781   0.795023   5.622038  3844                                   NO_DFT 
  5.099247   0.795023   5.763851  3866                                   NO_DFT 
  5.173229   0.795023   8.031761  3790                                   NO_DFT 
  5.206936   0.795023   5.185749  3871                                   NO_DFT 
  5.209541   0.795023   5.045668  3849                                   NO_DFT 
  5.295320   0.795023   7.682106  3795                                   NO_DFT 
  5.316073   0.795023   4.638794  3876                                   NO_DFT 
  5.321822   0.795023   4.508756  3854                                   NO_DFT 
  5.337722   0.795023  10.484888  3708                                   NO_DFT 
  5.419316   0.795023   7.313056  3800                                   NO_DFT 
  5.426725   0.795023   4.122981  3881                                   NO_DFT 
  5.435779   0.795023   4.011595  3859                                   NO_DFT 
  5.481847   0.795023  10.107906  3713                                   NO_DFT 
  5.538901   0.795023   3.637376  3886                                   NO_DFT 
  5.545233   0.795023   6.921999  3805                                   NO_DFT 
  5.551350   0.795023   3.553035  3864                                   NO_DFT 
  5.628543   0.795023   9.722285  3718                                   NO_DFT 
  5.652613   0.795023   3.180295  3891                                   NO_DFT 
  5.668549   0.795023   3.129997  3869                                   NO_DFT 
  5.673086   0.795023   6.508113  3810                                   NO_DFT 
  5.767931   0.795023   2.749207  3896                                   NO_DFT 
  5.777834   0.795023   9.335559  3723                                   NO_DFT 
  5.787385   0.795023   2.738391  3874                                   NO_DFT 
  5.802888   0.795023   6.072555  3815                                   NO_DFT 
  5.884745   0.795023   2.342199  3901                                   NO_DFT 
  5.907870   0.795023   2.373653  3879                                   NO_DFT 
  5.929741   0.795023   8.954391  3728                                   NO_DFT 
  5.934657   0.795023   5.618042  3820                                   NO_DFT 
  6.003126   0.795023   1.956624  3906                                   NO_DFT 
  6.030017   0.795023   2.031493  3884                                   NO_DFT 
  6.068404   0.795023   5.148821  3825                                   NO_DFT 
  6.084188   0.795023   8.583570  3733                                   NO_DFT 
  6.123084   0.795023   1.590305  3911                                   NO_DFT 
  6.153756   0.795023   1.708100  3889                                   NO_DFT 
  6.204146   0.795023   4.670172  3830                                   NO_DFT 
  6.241395   0.795023   8.224395  3738                                   NO_DFT 
  6.244629   0.795023   1.241546  3916                                   NO_DFT 
  6.279256   0.795023   1.399920  3894                                   NO_DFT 
  6.341898   0.795023   4.188265  3835                                   NO_DFT 
  6.367773   0.795023   0.909001  3921                                   NO_DFT 
  6.401287   0.795023   7.875731  3743                                   NO_DFT 
  6.406452   0.795023   1.104741  3899                                   NO_DFT 
  6.481674   0.795023   3.709363  3840                                   NO_DFT 
  6.492591   0.795023   0.591810  3926                                   NO_DFT 
  6.535354   0.795023   0.821008  3904                                   NO_DFT 
  6.563887   0.795023   7.533528  3748                                   NO_DFT 
  6.618962   0.795023   0.289967  3931                                   NO_DFT 
  6.623488   0.795023   3.239573  3845                                   NO_DFT 
  6.665973   0.795023   0.547929  3909                                   NO_DFT 
  6.729218   0.795023   7.192033  3753                                   NO_DFT 
  6.746963   0.795023   0.003324  3936                                   NO_DFT 
  6.767356   0.795023   2.784262  3850                                   NO_DFT 
  6.798322   0.795023   0.285252  3914                                   NO_DFT 
  6.876604   0.795023  -0.268058  3941                                   NO_DFT 
  6.897301   0.795023   6.844739  3758                                   NO_DFT 
  6.913292   0.795023   2.347755  3855                                   NO_DFT 
  6.932324   0.795023   0.033200  3919                                   NO_DFT 
  7.007894   0.795023  -0.524190  3946                                   NO_DFT 
  7.061312   0.795023   1.932943  3860                                   NO_DFT 
  7.068161   0.795023   6.485582  3763                                   NO_DFT 
  7.068163   0.795023  -0.208229  3924                                   NO_DFT 
  7.140915   0.795023  -0.765440  3951                                   NO_DFT 
  7.205765   0.795023  -0.438695  3929                                   NO_DFT 
  7.211430   0.795023   1.541261  3865                                   NO_DFT 
  7.241706   0.795023   6.109861  3768                                   NO_DFT 
  7.275538   0.795023  -0.992183  3956                                   NO_DFT 
  7.345142   0.795023  -0.658103  3934                                   NO_DFT 
  7.363660   0.795023   1.172553  3870                                   NO_DFT 
  7.411842   0.795023  -1.205400  3961                                   NO_DFT 
  7.418184   0.795023   5.713681  3773                                   NO_DFT 
  7.486304   0.795023  -0.866580  3939                                   NO_DFT 
  7.518017   0.795023   0.825544  3875                                   NO_DFT 
  7.549839   0.795023  -1.406215  3966                                   NO_DFT 
  7.597505   0.795023   5.295869  3778                                   NO_DFT 
  7.629264   0.795023  -1.064512  3944                                   NO_DFT 
  7.674517   0.795023   0.498073  3880                                   NO_DFT 
  7.689537   0.795023  -1.595736  3971                                   NO_DFT 
  7.774032   0.795023  -1.252408  3949                                   NO_DFT 
  7.779694   0.795023   4.857014  3783                                   NO_DFT 
  7.831023   0.795023  -1.775038  3976                                   NO_DFT 
  7.833173   0.795023   0.187840  3885                                   NO_DFT 
  7.920526   0.795023  -1.430837  3954                                   NO_DFT 
  7.964772   0.795023   4.399902  3788                                   NO_DFT 
  7.974158   0.795023  -1.944699  3981                                   NO_DFT 
  7.994001   0.795023  -0.107237  3890                                   NO_DFT 
  8.068943   0.795023  -1.600814  3959                                   NO_DFT 
  8.119027   0.795023  -2.105271  3986                                   NO_DFT 
  8.152762   0.795023   3.929297  3793                                   NO_DFT 
  8.157016   0.795023  -0.388663  3895                                   NO_DFT 
  8.219204   0.795023  -1.762941  3964                                   NO_DFT 
  8.265640   0.795023  -2.257060  3991                                   NO_DFT 
  8.322232   0.795023  -0.657344  3900                                   NO_DFT 
  8.343564   0.795023   3.451758  3798                                   NO_DFT 
  8.371319   0.795023  -1.917956  3969                                   NO_DFT 
  8.414008   0.795023  -2.400213  3996                                   NO_DFT 
  8.489664   0.795023  -0.913569  3905                                   NO_DFT 
  8.525298   0.795023  -2.066551  3974                                   NO_DFT 
  8.537445   0.795023   2.973766  3803                                   NO_DFT 
  8.564219   0.795023  -2.534912  4001                                   NO_DFT 
  8.659327   0.795023  -1.157283  3910                                   NO_DFT 
  8.681155   0.795023  -2.209223  3979                                   NO_DFT 
  8.716128   0.795023  -2.661217  4006                                   NO_DFT 
  8.734307   0.795023   2.502825  3808                                   NO_DFT 
  8.831235   0.795023  -1.388273  3915                                   NO_DFT 
  8.838798   0.795023  -2.346334  3984                                   NO_DFT 
  8.869823   0.795023  -2.779491  4011                                   NO_DFT 
  8.934172   0.795023   2.045231  3813                                   NO_DFT 
  8.998441   0.795023  -2.478374  3989                                   NO_DFT 
  9.005404   0.795023  -1.606455  3920                                   NO_DFT 
  9.025313   0.795023  -2.890090  4016                                   NO_DFT 
  9.137063   0.795023   1.605978  3818                                   NO_DFT 
  9.159994   0.795023  -2.605420  3994                                   NO_DFT 
  9.181847   0.795023  -1.811909  3925                                   NO_DFT 
  9.182611   0.795023  -2.993425  4021                                   NO_DFT 
  9.323470   0.795023  -2.727582  3999                                   NO_DFT 
  9.341725   0.795023  -3.089917  4026                                   NO_DFT 
  9.343002   0.795023   1.188055  3823                                   NO_DFT 
  9.360579   0.795023  -2.004965  3930                                   NO_DFT 
  9.488879   0.795023  -2.844898  4004                                   NO_DFT 
  9.502752   0.795023  -3.180039  4031                                   NO_DFT 
  9.541617   0.795023  -2.186140  3935                                   NO_DFT 
  9.552013   0.795023   0.792811  3828                                   NO_DFT 
  9.656233   0.795023  -2.957380  4009                                   NO_DFT 
  9.665533   0.795023  -3.264055  4036                                   NO_DFT 
  9.724975   0.795023  -2.356107  3940                                   NO_DFT 
  9.763981   0.795023   0.420188  3833                                   NO_DFT 
  9.825543   0.795023  -3.064991  4014                                   NO_DFT 
  9.830162   0.795023  -3.342385  4041                                   NO_DFT 
  9.910666   0.795023  -2.515626  3945                                   NO_DFT 
  9.979201   0.795023   0.068528  3838                                   NO_DFT 
  9.996651   0.795023  -3.415324  4046                                   NO_DFT 
  9.996711   0.795023  -3.167682  4019                                   NO_DFT 
 10.098706   0.795023  -2.665437  3950                                   NO_DFT 
 10.165008   0.795023  -3.483136  4051                                   NO_DFT 
 10.169967   0.795023  -3.265599  4024                                   NO_DFT 
 10.197561   0.795023  -0.263651  3843                                   NO_DFT 
 10.289109   0.795023  -2.806218  3955                                   NO_DFT 
 10.335335   0.795023  -3.546127  4056                                   NO_DFT 
 10.345213   0.795023  -3.358776  4029                                   NO_DFT 
 10.419083   0.795023  -0.578048  3848                                   NO_DFT 
 10.481892   0.795023  -2.938568  3960                                   NO_DFT 
 10.507463   0.795023  -3.604469  4061                                   NO_DFT 
 10.522461   0.795023  -3.447309  4034                                   NO_DFT 
 10.643789   0.795023  -0.876202  3853                                   NO_DFT 
 10.677067   0.795023  -3.062966  3965                                   NO_DFT 
 10.681492   0.795023  -3.658455  4066                                   NO_DFT 
 10.701722   0.795023  -3.531348  4039                                   NO_DFT 
 10.857432   0.795023  -3.708292  4071                                   NO_DFT 
 10.871704   0.795023  -1.159093  3858                                   NO_DFT 
 10.874649   0.795023  -3.179790  3970                                   NO_DFT 
 10.883007   0.795023  -3.611026  4044                                   NO_DFT 
 11.035294   0.795023  -3.754204  4076                                   NO_DFT 
 11.066210   0.795023  -3.686413  4049                                   NO_DFT 
 11.074655   0.795023  -3.289325  3975                                   NO_DFT 
 11.102850   0.795023  -1.427375  3863                                   NO_DFT 
 11.215181   0.795023  -3.796426  4081                                   NO_DFT 
 11.251577   0.795023  -3.757686  4054                                   NO_DFT 
 11.277098   0.795023  -3.391785  3980                                   NO_DFT 
 11.337097   0.795023  -1.681159  3868                                   NO_DFT 
 11.396918   0.795023  -3.835089  4086                                   NO_DFT 
 11.439003   0.795023  -3.824819  4059                                   NO_DFT 
 11.481994   0.795023  -3.487355  3985                                   NO_DFT 
 11.574770   0.795023  -1.920849  3873                                   NO_DFT 
 11.580607   0.795023  -3.870403  4091                                   NO_DFT 
 11.628498   0.795023  -3.887803  4064                                   NO_DFT 
 11.689355   0.795023  -3.576191  3990                                   NO_DFT 
 11.766260   0.795023  -3.902527  4096                                   NO_DFT 
 11.815741   0.795023  -2.146410  3878                                   NO_DFT 
 11.820075   0.795023  -3.946589  4069                                   NO_DFT 
 11.899199   0.795023  -3.658470  3995                                   NO_DFT 
 11.953886   0.795023  -3.931622  4101                                   NO_DFT 
 12.013744   0.795023  -4.001101  4074                                   NO_DFT 
 12.060034   0.795023  -2.357966  3883                                   NO_DFT 
 12.111540   0.795023  -3.734346  4000                                   NO_DFT 
 12.143597   0.795023  -3.957838  4106                                   NO_DFT 
 12.209518   0.795023  -4.051260  4079                                   NO_DFT 
 12.307671   0.795023  -2.555816  3888                                   NO_DFT 
 12.326391   0.795023  -3.804034  4005                                   NO_DFT 
 12.335203   0.795023  -3.981292  4111                                   NO_DFT 
 12.407279   0.795023  -4.096938  4084                                   NO_DFT 
 12.528813   0.795023  -4.002138  4116                                   NO_DFT 
 12.543769   0.795023  -3.867757  4010                                   NO_DFT 
 12.558675   0.795023  -2.740464  3893                                   NO_DFT 
 12.607293   0.795023  -4.138129  4089                                   NO_DFT 
 12.724440   0.795023  -4.020497  4121                                   NO_DFT 
 12.763687   0.795023  -3.925785  4015                                   NO_DFT 
 12.809446   0.795023  -4.174735  4094                                   NO_DFT 
 12.812904   0.795023  -2.912374  3898                                   NO_DFT 
 12.922092   0.795023  -4.036487  4126                                   NO_DFT 
 12.986160   0.795023  -3.978384  4020                                   NO_DFT 
 13.013748   0.795023  -4.206734  4099                                   NO_DFT 
 13.070708   0.795023  -3.072520  3903                                   NO_DFT 
 13.121780   0.795023  -4.050219  4131                                   NO_DFT 
 13.211205   0.795023  -4.025866  4025                                   NO_DFT 
 13.220210   0.795023  -4.234126  4104                                   NO_DFT 
 13.323622   0.795023  -4.061790  4136                                   NO_DFT 
 13.331946   0.795023  -3.221578  3908                                   NO_DFT 
 13.428845   0.795023  -4.256946  4109                                   NO_DFT 
 13.438833   0.795023  -4.068534  4030                                   NO_DFT 
 13.527415   0.795023  -4.071300  4141                                   NO_DFT 
 13.596643   0.795023  -3.360404  3913                                   NO_DFT 
 13.639528   0.795023  -4.275252  4114                                   NO_DFT 
 13.669063   0.795023  -4.106683  4035                                   NO_DFT 
 13.733276   0.795023  -4.078815  4146                                   NO_DFT 
 13.852540   0.795023  -4.289180  4119                                   NO_DFT 
 13.864820   0.795023  -3.489812  3918                                   NO_DFT 
 13.901906   0.795023  -4.140584  4040                                   NO_DFT 
 13.941215   0.795023  -4.084456  4151                                   NO_DFT 
 14.067759   0.795023  -4.298840  4124                                   NO_DFT 
 14.136501   0.795023  -3.610568  3923                                   NO_DFT 
 14.137379   0.795023  -4.170499  4045                                   NO_DFT 
 14.151242   0.795023  -4.088273  4156                                   NO_DFT 
 14.285194   0.795023  -4.304400  4129                                   NO_DFT 
 14.363481   0.795023  -4.090356  4161                                   NO_DFT 
 14.375496   0.795023  -4.196650  4050                                   NO_DFT 
 14.411709   0.795023  -3.723354  3928                                   NO_DFT 
 14.504859   0.795023  -4.306052  4134                                   NO_DFT 
 14.577717   0.795023  -4.090770  4166                                   NO_DFT 
 14.616271   0.795023  -4.219201  4055                                   NO_DFT 
 14.690284   0.795023  -3.828637  3933                                   NO_DFT 
 14.726765   0.795023  -4.303994  4139                                   NO_DFT 
 14.794073   0.795023  -4.089589  4171                                   NO_DFT 
 14.859720   0.795023  -4.238289  4060                                   NO_DFT 
 14.950922   0.795023  -4.298449  4144                                   NO_DFT 
 14.972609   0.795023  -3.926936  3938                                   NO_DFT 
 15.012560   0.795023  -4.086880  4176                                   NO_DFT 
 15.105858   0.795023  -4.254015  4065                                   NO_DFT 
 15.177197   0.795023  -4.289659  4149                                   NO_DFT 
 15.233187   0.795023  -4.082699  4181                                   NO_DFT 
 15.258528   0.795023  -4.018397  3943                                   NO_DFT 
 15.354699   0.795023  -4.266421  4070                                   NO_DFT 
 15.405890   0.795023  -4.277874  4154                                   NO_DFT 
 15.456082   0.795023  -4.077105  4186                                   NO_DFT 
 15.548064   0.795023  -4.103095  3948                                   NO_DFT 
 15.606257   0.795023  -4.275550  4075                                   NO_DFT 
 15.636869   0.795023  -4.263343  4159                                   NO_DFT 
 15.681024   0.795023  -4.070167  4191                                   NO_DFT 
 15.841240   0.795023  -4.180968  3953                                   NO_DFT 
 15.860549   0.795023  -4.281432  4080                                   NO_DFT 
 15.870146   0.795023  -4.246336  4164                                   NO_DFT 
 15.908136   0.795023  -4.061939  4196                                   NO_DFT 
 16.105732   0.795023  -4.227117  4169                                   NO_DFT 
 16.117588   0.795023  -4.284096  4085                                   NO_DFT 
 16.137432   0.795023  -4.052474  4201                                   NO_DFT 
 16.138079   0.795023  -4.251904  3958                                   NO_DFT 
 16.343636   0.795023  -4.205961  4174                                   NO_DFT 
 16.368919   0.795023  -4.041833  4206                                   NO_DFT 
 16.377388   0.795023  -4.283607  4090                                   NO_DFT 
 16.438408   0.795023  -4.315713  3963                                   NO_DFT 
 16.583717   0.795023  -4.183146  4179                                   NO_DFT 
 16.602734   0.795023  -4.030056  4211                                   NO_DFT 
 16.639967   0.795023  -4.280075  4095                                   NO_DFT 
 16.742638   0.795023  -4.372389  3968                                   NO_DFT 
 16.826296   0.795023  -4.158914  4184                                   NO_DFT 
 16.838640   0.795023  -4.017209  4216                                   NO_DFT 
 16.905336   0.795023  -4.273658  4100                                   NO_DFT 
 17.050596   0.795023  -4.421883  3973                                   NO_DFT 
 17.071228   0.795023  -4.133537  4189                                   NO_DFT 
 17.076771   0.795023  -4.003336  4221                                   NO_DFT 
 17.173512   0.795023  -4.264575  4105                                   NO_DFT 
 17.317135   0.795023  -3.988496  4226                                   NO_DFT 
 17.318525   0.795023  -4.107270  4194                                   NO_DFT 
 17.362310   0.795023  -4.464368  3978                                   NO_DFT 
 17.444510   0.795023  -4.253099  4110                                   NO_DFT 
 17.559746   0.795023  -3.972732  4231                                   NO_DFT 
 17.568199   0.795023  -4.080347  4199                                   NO_DFT 
 17.677799   0.795023  -4.500190  3983                                   NO_DFT 
 17.718342   0.795023  -4.239548  4115                                   NO_DFT 
 17.804611   0.795023  -3.956089  4236                                   NO_DFT 
 17.820261   0.795023  -4.052997  4204                                   NO_DFT 
 17.995026   0.795023  -4.224247  4120                                   NO_DFT 
 17.997087   0.795023  -4.529931  3988                                   NO_DFT 
 18.051872   0.795023  -3.938613  4241                                   NO_DFT 
 18.074558   0.795023  -4.025445  4209                                   NO_DFT 
 18.274576   0.795023  -4.207536  4125                                   NO_DFT 
 18.301281   0.795023  -3.920361  4246                                   NO_DFT 
 18.320196   0.795023  -4.554348  3993                                   NO_DFT 
 18.331430   0.795023  -3.997853  4214                                   NO_DFT 
 18.552975   0.795023  -3.901371  4251                                   NO_DFT 
 18.557007   0.795023  -4.189701  4130                                   NO_DFT 
 18.590723   0.795023  -3.970400  4219                                   NO_DFT 
 18.646940   0.795023  -4.574306  3998                                   NO_DFT 
 18.806969   0.795023  -3.881675  4256                                   NO_DFT 
 18.842331   0.795023  -4.170989  4135                                   NO_DFT 
 18.852449   0.795023  -3.943232  4224                                   NO_DFT 
 18.977758   0.795023  -4.590663  4003                                   NO_DFT 
 19.063269   0.795023  -3.861319  4261                                   NO_DFT 
 19.116623   0.795023  -3.916464  4229                                   NO_DFT 
 19.130566   0.795023  -4.151556  4140                                   NO_DFT 
 19.312466   0.795023  -4.604015  4008                                   NO_DFT 
 19.322021   0.795023  -3.840321  4266                                   NO_DFT 
 19.383251   0.795023  -3.890188  4234                                   NO_DFT 
 19.421724   0.795023  -4.131473  4145                                   NO_DFT 
 19.582970   0.795023  -3.818737  4271                                   NO_DFT 
 19.651087   0.795023  -4.614611  4013                                   NO_DFT 
 19.652348   0.795023  -3.864467  4239                                   NO_DFT 
 19.715824   0.795023  -4.110707  4150                                   NO_DFT 
 19.846256   0.795023  -3.796579  4276                                   NO_DFT 
 19.923746   0.795023  -3.839347  4244                                   NO_DFT 
 19.993643   0.795023  -4.622296  4018                                   NO_DFT 
 20.012877   0.795023  -4.089163  4155                                   NO_DFT 
 20.111893   0.795023  -3.773876  4281                                   NO_DFT 
 20.197811   0.795023  -3.814785  4249                                   NO_DFT 
 20.312897   0.795023  -4.066653  4160                                   NO_DFT 
 20.340157   0.795023  -4.626612  4023                                   NO_DFT 
 20.379889   0.795023  -3.750632  4286                                   NO_DFT 
 20.474377   0.795023  -3.790772  4254                                   NO_DFT 
 20.615902   0.795023  -4.042974  4165                                   NO_DFT 
 20.650398   0.795023  -3.726855  4291                                   NO_DFT 
 20.690426   0.795023  -4.627040  4028                                   NO_DFT 
 20.753456   0.795023  -3.767231  4259                                   NO_DFT 
 20.921906   0.795023  -4.017933  4170                                   NO_DFT 
 20.923145   0.795023  -3.702566  4296                                   NO_DFT 
 21.035059   0.795023  -3.744068  4264                                   NO_DFT 
 21.044922   0.795023  -4.623229  4033                                   NO_DFT 
 21.198284   0.795023  -3.677752  4301                                   NO_DFT 
 21.230923   0.795023  -3.991365  4175                                   NO_DFT 
 21.319199   0.795023  -3.721148  4269                                   NO_DFT 
 21.403444   0.795023  -4.615241  4038                                   NO_DFT 
 21.475826   0.795023  -3.652398  4306                                   NO_DFT 
 21.542967   0.795023  -3.963189  4180                                   NO_DFT 
 21.605701   0.795023  -3.698321  4274                                   NO_DFT 
 21.755779   0.795023  -3.626491  4311                                   NO_DFT 
 21.766014   0.795023  -4.603554  4043                                   NO_DFT 
 21.858055   0.795023  -3.933419  4185                                   NO_DFT 
 21.894945   0.795023  -3.675364  4279                                   NO_DFT 
 22.038155   0.795023  -3.599991  4316                                   NO_DFT 
 22.132656   0.795023  -4.588965  4048                                   NO_DFT 
 22.176199   0.795023  -3.902149  4190                                   NO_DFT 
 22.186760   0.795023  -3.652079  4284                                   NO_DFT 
 22.323111   0.795023  -3.572850  4321                                   NO_DFT 
 22.481155   0.795023  -3.628223  4289                                   NO_DFT 
 22.497416   0.795023  -3.869576  4195                                   NO_DFT 
 22.503393   0.795023  -4.572294  4053                                   NO_DFT 
 22.610365   0.795023  -3.545037  4326                                   NO_DFT 
 22.778143   0.795023  -3.603560  4294                                   NO_DFT 
 22.821720   0.795023  -3.835954  4200                                   NO_DFT 
 22.878246   0.795023  -4.554188  4058                                   NO_DFT 
 22.900070   0.795023  -3.516486  4331                                   NO_DFT 
 23.077736   0.795023  -3.577833  4299                                   NO_DFT 
 23.149124   0.795023  -3.801562  4205                                   NO_DFT 
 23.192242   0.795023  -3.487109  4336                                   NO_DFT 
 23.256996   0.795023  -4.534969  4063                                   NO_DFT 
 23.379944   0.795023  -3.550793  4304                                   NO_DFT 
 23.479647   0.795023  -3.766695  4210                                   NO_DFT 
 23.486885   0.795023  -3.456825  4341                                   NO_DFT 
 23.640150   0.795023  -4.514611  4068                                   NO_DFT 
 23.684582   0.795023  -3.522227  4309                                   NO_DFT 
 23.784172   0.795023  -3.425514  4346                                   NO_DFT 
 23.813301   0.795023  -3.731612  4215                                   NO_DFT 
 23.992052   0.795023  -3.491899  4314                                   NO_DFT 
 24.027489   0.795023  -4.492907  4073                                   NO_DFT 
 24.083799   0.795023  -3.393097  4351                                   NO_DFT 
 24.150099   0.795023  -3.696530  4220                                   NO_DFT 
 24.302174   0.795023  -3.459673  4319                                   NO_DFT 
 24.385931   0.795023  -3.359438  4356                                   NO_DFT 
 24.419037   0.795023  -4.469567  4078                                   NO_DFT 
 24.490059   0.795023  -3.661604  4225                                   NO_DFT 
 24.614956   0.795023  -3.425432  4324                                   NO_DFT 
 24.690580   0.795023  -3.324426  4361                                   NO_DFT 
 24.814814   0.795023  -4.444317  4083                                   NO_DFT 
 24.833195   0.795023  -3.626947  4230                                   NO_DFT 
 24.930408   0.795023  -3.389145  4329                                   NO_DFT 
 24.997757   0.795023  -3.287938  4366                                   NO_DFT 
 25.179520   0.795023  -3.592599  4235                                   NO_DFT 
 25.214846   0.795023  -4.417022  4088                                   NO_DFT 
 25.248547   0.795023  -3.350848  4334                                   NO_DFT 
 25.307632   0.795023  -3.249860  4371                                   NO_DFT 
 25.529051   0.795023  -3.558560  4240                                   NO_DFT 
 25.569174   0.795023  -3.310689  4339                                   NO_DFT 
 25.619152   0.795023  -4.387640  4093                                   NO_DFT 
 25.619894   0.795023  -3.210155  4376                                   NO_DFT 
 25.881802   0.795023  -3.524791  4245                                   NO_DFT 
 25.892712   0.795023  -3.268810  4344                                   NO_DFT 
 25.934715   0.795023  -3.168759  4381                                   NO_DFT 
 26.027496   0.795023  -4.356290  4098                                   NO_DFT 
 26.218966   0.795023  -3.225512  4349                                   NO_DFT 
 26.237787   0.795023  -3.491228  4250                                   NO_DFT 
 26.252104   0.795023  -3.125668  4386                                   NO_DFT 
 26.440420   0.795023  -4.323108  4103                                   NO_DFT 
 26.547951   0.795023  -3.181116  4354                                   NO_DFT 
 26.572071   0.795023  -3.080923  4391                                   NO_DFT 
 26.597021   0.795023  -3.457781  4255                                   NO_DFT 
 26.857691   0.795023  -4.288361  4108                                   NO_DFT 
 26.879675   0.795023  -3.135984  4359                                   NO_DFT 
 26.894798   0.795023  -3.034583  4396                                   NO_DFT 
 26.959520   0.795023  -3.424356  4260                                   NO_DFT 
 27.214153   0.795023  -3.090477  4364                                   NO_DFT 
 27.219955   0.795023  -2.986826  4401                                   NO_DFT 
 27.279327   0.795023  -4.252306  4113                                   NO_DFT 
 27.325298   0.795023  -3.390848  4265                                   NO_DFT 
 27.547724   0.795023  -2.937777  4406                                   NO_DFT 
 27.551394   0.795023  -3.044909  4369                                   NO_DFT 
 27.694368   0.795023  -3.357162  4270                                   NO_DFT 
 27.705355   0.795023  -4.215195  4118                                   NO_DFT 
 27.878115   0.795023  -2.887579  4411                                   NO_DFT 
 27.891188   0.795023  -2.999546  4374                                   NO_DFT 
 28.066748   0.795023  -3.323207  4275                                   NO_DFT 
 28.135794   0.795023  -4.177249  4123                                   NO_DFT 
 28.211134   0.795023  -2.836338  4416                                   NO_DFT 
 28.233988   0.795023  -2.954444  4379                                   NO_DFT 
 28.442451   0.795023  -3.288902  4280                                   NO_DFT 
 28.546797   0.795023  -2.784066  4421                                   NO_DFT 
 28.570389   0.795023  -4.138691  4128                                   NO_DFT 
 28.579584   0.795023  -2.909588  4384                                   NO_DFT 
 28.821491   0.795023  -3.254178  4285                                   NO_DFT 
 28.885288   0.795023  -2.730597  4426                                   NO_DFT 
 28.927988   0.795023  -2.864769  4389                                   NO_DFT 
 29.009718   0.795023  -4.099626  4133                                   NO_DFT 
 29.203884   0.795023  -3.218984  4290                                   NO_DFT 
 29.226265   0.795023  -2.675660  4431                                   NO_DFT 
 29.279213   0.795023  -2.819613  4394                                   NO_DFT 
 29.453529   0.795023  -4.060197  4138                                   NO_DFT 
 29.569916   0.795023  -2.618726  4436                                   NO_DFT 
 29.589645   0.795023  -3.183288  4295                                   NO_DFT 
 29.633270   0.795023  -2.773632  4399                                   NO_DFT 
 29.901844   0.795023  -4.020494  4143                                   NO_DFT 
 29.916250   0.795023  -2.559229  4441                                   NO_DFT 
 29.978788   0.795023  -3.147074  4300                                   NO_DFT 
 29.989941   0.795023  -2.726323  4404                                   NO_DFT 
 30.265278   0.795023  -2.496783  4446                                   NO_DFT 
 30.349691   0.795023  -2.677152  4409                                   NO_DFT 
 30.354685   0.795023  -3.980584  4148                                   NO_DFT 
 30.371328   0.795023  -3.110347  4305                                   NO_DFT 
 30.617195   0.795023  -2.431508  4451                                   NO_DFT 
 30.712309   0.795023  -2.625836  4414                                   NO_DFT 
 30.767279   0.795023  -3.073131  4310                                   NO_DFT 
 30.812075   0.795023  -3.940518  4153                                   NO_DFT 
 30.971643   0.795023  -2.364404  4456                                   NO_DFT 
 31.077803   0.795023  -2.572294  4419                                   NO_DFT 
 31.166658   0.795023  -3.035467  4315                                   NO_DFT 
 31.274036   0.795023  -3.900340  4158                                   NO_DFT 
 31.328815   0.795023  -2.297038  4461                                   NO_DFT 
 31.446186   0.795023  -2.516679  4424                                   NO_DFT 
 31.569477   0.795023  -2.997409  4320                                   NO_DFT 
 31.688725   0.795023  -2.230969  4466                                   NO_DFT 
 31.740292   0.795023  -3.860109  4163                                   NO_DFT 
 31.817469   0.795023  -2.459350  4429                                   NO_DFT 
 31.975752   0.795023  -2.959013  4325                                   NO_DFT 
 32.051380   0.795023  -2.166698  4471                                   NO_DFT 
 32.191662   0.795023  -2.400755  4434                                   NO_DFT 
 32.211464   0.795023  -3.819802  4168                                   NO_DFT 
 32.385498   0.795023  -2.920352  4330                                   NO_DFT 
 32.416981   0.795023  -2.103126  4476                                   NO_DFT 
 32.568535   0.795023  -2.341410  4439                                   NO_DFT 
 32.687271   0.795023  -3.779471  4173                                   NO_DFT 
 32.785160   0.795023  -2.038415  4481                                   NO_DFT 
 32.798729   0.795023  -2.881474  4335                                   NO_DFT 
 32.948582   0.795023  -2.281710  4444                                   NO_DFT 
 33.156116   0.795023  -1.971360  4486                                   NO_DFT 
 33.167747   0.795023  -3.739140  4178                                   NO_DFT 
 33.215462   0.795023  -2.842433  4340                                   NO_DFT 
 33.331573   0.795023  -2.222160  4449                                   NO_DFT 
 33.529861   0.795023  -1.902328  4491                                   NO_DFT 
 33.635708   0.795023  -2.803233  4345                                   NO_DFT 
 33.652905   0.795023  -3.698821  4183                                   NO_DFT 
 33.717522   0.795023  -2.163069  4454                                   NO_DFT 
 33.906403   0.795023  -1.832280  4496                                   NO_DFT 
 34.059486   0.795023  -2.763865  4350                                   NO_DFT 
 34.106441   0.795023  -2.104402  4459                                   NO_DFT 
 34.142773   0.795023  -3.658500  4188                                   NO_DFT 
 34.285954   0.795023  -1.761641  4501                                   NO_DFT 
 34.486805   0.795023  -2.724283  4355                                   NO_DFT 
 34.498337   0.795023  -2.045517  4464                                   NO_DFT 
 34.637051   0.795023  -3.618196  4193                                   NO_DFT 
 34.668125   0.795023  -1.690806  4506                                   NO_DFT 
 34.892967   0.795023  -1.985259  4469                                   NO_DFT 
 34.917686   0.795023  -2.684399  4360                                   NO_DFT 
 35.053127   0.795023  -1.620830  4511                                   NO_DFT 
 35.136398   0.795023  -3.577837  4198                                   NO_DFT 
 35.290855   0.795023  -1.922321  4474                                   NO_DFT 
 35.352142   0.795023  -2.644087  4365                                   NO_DFT 
 35.440968   0.795023  -1.553116  4516                                   NO_DFT 
 35.640522   0.795023  -3.537418  4203                                   NO_DFT 
 35.691757   0.795023  -1.856215  4479                                   NO_DFT 
 35.790184   0.795023  -2.603187  4370                                   NO_DFT 
 35.831657   0.795023  -1.487916  4521                                   NO_DFT 
 36.095680   0.795023  -1.787620  4484                                   NO_DFT 
 36.149445   0.795023  -3.496906  4208                                   NO_DFT 
 36.225208   0.795023  -1.423769  4526                                   NO_DFT 
 36.231834   0.795023  -2.561518  4375                                   NO_DFT 
 36.502640   0.795023  -1.718239  4489                                   NO_DFT 
 36.621841   0.795023  -1.358466  4531                                   NO_DFT 
 36.663193   0.795023  -3.456271  4213                                   NO_DFT 
 36.677097   0.795023  -2.518882  4380                                   NO_DFT 
 36.912651   0.795023  -1.650005  4494                                   NO_DFT 
 37.021145   0.795023  -1.290603  4536                                   NO_DFT 
 37.125996   0.795023  -2.475085  4385                                   NO_DFT 
 37.181782   0.795023  -3.415478  4218                                   NO_DFT 
 37.325718   0.795023  -1.584201  4499                                   NO_DFT 
 37.423344   0.795023  -1.220225  4541                                   NO_DFT 
 37.578545   0.795023  -2.429942  4390                                   NO_DFT 
 37.705238   0.795023  -3.374496  4223                                   NO_DFT 
 37.741585   0.795023  -1.521114  4504                                   NO_DFT 
 37.828445   0.795023  -1.148904  4546                                   NO_DFT 
 38.034752   0.795023  -2.383307  4395                                   NO_DFT 
 38.160801   0.795023  -1.460002  4509                                   NO_DFT 
 38.233246   0.795023  -3.333321  4228                                   NO_DFT 
 38.236458   0.795023  -1.079067  4551                                   NO_DFT 
 38.494640   0.795023  -2.335084  4400                                   NO_DFT 
 38.583111   0.795023  -1.399869  4514                                   NO_DFT 
 38.647610   0.795023  -1.013182  4556                                   NO_DFT 
 38.766502   0.795023  -3.291879  4233                                   NO_DFT 
 38.958218   0.795023  -2.285255  4405                                   NO_DFT 
 39.008526   0.795023  -1.339805  4519                                   NO_DFT 
 39.061485   0.795023  -0.953194  4561                                   NO_DFT 
 39.304695   0.795023  -3.250177  4238                                   NO_DFT 
 39.425507   0.795023  -2.233902  4410                                   NO_DFT 
 39.437054   0.795023  -1.279358  4524                                   NO_DFT 
 39.478298   0.795023  -0.899827  4566                                   NO_DFT 
 39.847843   0.795023  -3.208211  4243                                   NO_DFT 
 39.868710   0.795023  -1.218568  4529                                   NO_DFT 
 39.896511   0.795023  -2.181238  4415                                   NO_DFT 
 39.898071   0.795023  -0.852603  4571                                   NO_DFT 
 40.303226   0.795023  -1.157847  4534                                   NO_DFT 
 40.320808   0.795023  -0.809946  4576                                   NO_DFT 
 40.371258   0.795023  -2.127610  4420                                   NO_DFT 
 40.395977   0.795023  -3.165986  4248                                   NO_DFT 
 40.741169   0.795023  -1.097589  4539                                   NO_DFT 
 40.746742   0.795023  -0.769539  4581                                   NO_DFT 
 40.849751   0.795023  -2.073467  4425                                   NO_DFT 
 40.949112   0.795023  -3.123517  4253                                   NO_DFT 
 41.175442   0.795023  -0.728966  4586                                   NO_DFT 
 41.182274   0.795023  -1.038184  4544                                   NO_DFT 
 41.332012   0.795023  -2.019275  4430                                   NO_DFT 
 41.507271   0.795023  -3.080830  4258                                   NO_DFT 
 41.607136   0.795023  -0.686081  4591                                   NO_DFT 
 41.626549   0.795023  -0.979710  4549                                   NO_DFT 
 41.818058   0.795023  -1.965424  4435                                   NO_DFT 
 42.041840   0.795023  -0.639498  4596                                   NO_DFT 
 42.070118   0.795023  -3.037993  4263                                   NO_DFT 
 42.074009   0.795023  -0.921969  4554                                   NO_DFT 
 42.307896   0.795023  -1.912084  4440                                   NO_DFT 
 42.479561   0.795023  -0.588780  4601                                   NO_DFT 
 42.524662   0.795023  -0.864557  4559                                   NO_DFT 
 42.638397   0.795023  -2.995001  4268                                   NO_DFT 
 42.801540   0.795023  -1.859169  4445                                   NO_DFT 
 42.920540   0.795023  -0.534371  4606                                   NO_DFT 
 42.978523   0.795023  -0.806998  4564                                   NO_DFT 
 43.211773   0.795023  -2.951934  4273                                   NO_DFT 
 43.299015   0.795023  -1.806347  4450                                   NO_DFT 
 43.364326   0.795023  -0.477523  4611                                   NO_DFT 
 43.435310   0.795023  -0.748938  4569                                   NO_DFT 
 43.790264   0.795023  -2.908854  4278                                   NO_DFT 
 43.800327   0.795023  -1.753190  4455                                   NO_DFT 
 43.811161   0.795023  -0.419858  4616                                   NO_DFT 
 43.895615   0.795023  -0.690119  4574                                   NO_DFT 
 44.261055   0.795023  -0.363134  4621                                   NO_DFT 
 44.305496   0.795023  -1.699329  4460                                   NO_DFT 
 44.359161   0.795023  -0.630681  4579                                   NO_DFT 
 44.373894   0.795023  -2.865817  4283                                   NO_DFT 
 44.714020   0.795023  -0.308988  4626                                   NO_DFT 
 44.814533   0.795023  -1.644610  4465                                   NO_DFT 
 44.825962   0.795023  -0.571023  4584                                   NO_DFT 
 44.962688   0.795023  -2.822863  4288                                   NO_DFT 
 45.170067   0.795023  -0.258743  4631                                   NO_DFT 
 45.296024   0.795023  -0.511790  4589                                   NO_DFT 
 45.327454   0.795023  -1.589127  4470                                   NO_DFT 
 45.556286   0.795023  -2.780035  4293                                   NO_DFT 
 45.629440   0.795023  -0.213301  4636                                   NO_DFT 
 45.769363   0.795023  -0.453794  4594                                   NO_DFT 
 45.844273   0.795023  -1.533144  4475                                   NO_DFT 
 46.091679   0.795023  -0.173223  4641                                   NO_DFT 
 46.155472   0.795023  -2.737271  4298                                   NO_DFT 
 46.245678   0.795023  -0.397929  4599                                   NO_DFT 
 46.365005   0.795023  -1.476988  4480                                   NO_DFT 
 46.557026   0.795023  -0.138640  4646                                   NO_DFT 
 46.725597   0.795023  -0.344961  4604                                   NO_DFT 
 46.759888   0.795023  -2.694546  4303                                   NO_DFT 
 46.889668   0.795023  -1.420927  4485                                   NO_DFT 
 47.025497   0.795023  -0.109397  4651                                   NO_DFT 
 47.208824   0.795023  -0.295626  4609                                   NO_DFT 
 47.369556   0.795023  -2.651767  4308                                   NO_DFT 
 47.418274   0.795023  -1.365106  4490                                   NO_DFT 
 47.497097   0.795023  -0.085134  4656                                   NO_DFT 
 47.695374   0.795023  -0.250454  4614                                   NO_DFT 
 47.950836   0.795023  -1.309586  4495                                   NO_DFT 
 47.972092   0.795023  -0.065346  4661                                   NO_DFT 
 47.984501   0.795023  -2.608788  4313                                   NO_DFT 
 48.185253   0.795023  -0.209786  4619                                   NO_DFT 
 48.449989   0.795023  -0.049496  4666                                   NO_DFT 
 48.487373   0.795023  -1.254395  4500                                   NO_DFT 
 48.604748   0.795023  -2.565444  4318                                   NO_DFT 
 48.678474   0.795023  -0.173752  4624                                   NO_DFT 
 48.931053   0.795023  -0.036991  4671                                   NO_DFT 
 49.027897   0.795023  -1.199580  4505                                   NO_DFT 
 49.175053   0.795023  -0.142321  4629                                   NO_DFT 
 49.230312   0.795023  -2.521552  4323                                   NO_DFT 
 49.415291   0.795023  -0.027280  4676                                   NO_DFT 
 49.572422   0.795023  -1.145254  4510                                   NO_DFT 
 49.674671   0.795023  -0.115317  4634                                   NO_DFT 
 49.860817   0.795023  -2.476980  4328                                   NO_DFT 
 49.902710   0.795023  -0.019845  4681                                   NO_DFT 
 50.120964   0.795023  -1.091563  4515                                   NO_DFT 
 50.177990   0.795023  -0.092417  4639                                   NO_DFT 
 50.393585   0.795023  -0.014241  4686                                   NO_DFT 
 50.497093   0.795023  -2.431570  4333                                   NO_DFT 
 50.673538   0.795023  -1.038654  4520                                   NO_DFT 
 50.684696   0.795023  -0.073263  4644                                   NO_DFT 
 50.887405   0.795023  -0.010081  4691                                   NO_DFT 
 51.138760   0.795023  -2.385338  4338                                   NO_DFT 
 51.194801   0.795023  -0.057460  4649                                   NO_DFT 
 51.230160   0.795023  -0.986634  4525                                   NO_DFT 
 51.384445   0.795023  -0.007039  4696                                   NO_DFT 
 51.708317   0.795023  -0.044578  4654                                   NO_DFT 
 51.785839   0.795023  -2.338383  4343                                   NO_DFT 
 51.790840   0.795023  -0.935489  4530                                   NO_DFT 
 51.884708   0.795023  -0.004844  4701                                   NO_DFT 
 52.225254   0.795023  -0.034211  4659                                   NO_DFT 
 52.355598   0.795023  -0.885110  4535                                   NO_DFT 
 52.388206   0.795023  -0.003294  4706                                   NO_DFT 
 52.438351   0.795023  -2.290892  4348                                   NO_DFT 
 52.745293   0.795023  -0.025973  4664                                   NO_DFT 
 52.924446   0.795023  -0.835285  4540                                   NO_DFT 
 53.096325   0.795023  -2.243143  4353                                   NO_DFT 
 53.269108   0.795023  -0.019496  4669                                   NO_DFT 
 53.497402   0.795023  -0.785748  4545                                   NO_DFT 
 53.759350   0.795023  -2.195453  4358                                   NO_DFT 
 53.796383   0.795023  -0.014469  4674                                   NO_DFT 
 54.074474   0.795023  -0.736233  4550                                   NO_DFT 
 54.327122   0.795023  -0.010614  4679                                   NO_DFT 
 54.428307   0.795023  -2.147989  4363                                   NO_DFT 
 54.655685   0.795023  -0.686547  4555                                   NO_DFT 
 54.861343   0.795023  -0.007701  4684                                   NO_DFT 
 55.102787   0.795023  -2.100906  4368                                   NO_DFT 
 55.241043   0.795023  -0.636607  4560                                   NO_DFT 
 55.399052   0.795023  -0.005519  4689                                   NO_DFT 
 55.782814   0.795023  -2.054209  4373                                   NO_DFT 
 55.830566   0.795023  -0.586490  4565                                   NO_DFT 
 55.940266   0.795023  -0.003910  4694                                   NO_DFT 
 56.424271   0.795023  -0.536423  4570                                   NO_DFT 
 56.468418   0.795023  -2.007760  4378                                   NO_DFT 
 56.484642   0.795023  -0.002744  4699                                   NO_DFT 
 57.022167   0.795023  -0.486773  4575                                   NO_DFT 
 57.032890   0.795023  -0.001905  4704                                   NO_DFT 
 57.159611   0.795023  -1.961344  4383                                   NO_DFT 
 57.624275   0.795023  -0.438014  4580                                   NO_DFT 
 57.856426   0.795023  -1.914734  4388                                   NO_DFT 
 58.230606   0.795023  -0.390676  4585                                   NO_DFT 
 58.558426   0.795023  -1.867755  4393                                   NO_DFT 
 58.841175   0.795023  -0.345288  4590                                   NO_DFT 
 59.266541   0.795023  -1.820227  4398                                   NO_DFT 
 59.455994   0.795023  -0.302343  4595                                   NO_DFT 
 59.980339   0.795023  -1.772159  4403                                   NO_DFT 
 60.075085   0.795023  -0.262253  4600                                   NO_DFT 
 60.698456   0.795023  -0.225336  4605                                   NO_DFT 
 60.699848   0.795023  -1.723618  4408                                   NO_DFT 
 61.326126   0.795023  -0.191788  4610                                   NO_DFT 
 61.425087   0.795023  -1.674726  4413                                   NO_DFT 
 61.958107   0.795023  -0.161699  4615                                   NO_DFT 
 62.156078   0.795023  -1.625630  4418                                   NO_DFT 
 62.594418   0.795023  -0.135049  4620                                   NO_DFT 
 62.892845   0.795023  -1.576460  4423                                   NO_DFT 
 63.235069   0.795023  -0.111737  4625                                   NO_DFT 
 63.634937   0.795023  -1.527334  4428                                   NO_DFT 
 63.880074   0.795023  -0.091586  4630                                   NO_DFT 
 64.383324   0.795023  -1.478242  4433                                   NO_DFT 
 64.529457   0.795023  -0.074365  4635                                   NO_DFT 
 65.137550   0.795023  -1.429229  4438                                   NO_DFT 
 65.183220   0.795023  -0.059821  4640                                   NO_DFT 
 65.841385   0.795023  -0.047662  4645                                   NO_DFT 
 65.897652   0.795023  -1.380296  4443                                   NO_DFT 
 66.503967   0.795023  -0.037615  4650                                   NO_DFT 
 66.663643   0.795023  -1.331455  4448                                   NO_DFT 
 67.170975   0.795023  -0.029398  4655                                   NO_DFT 
 67.435547   0.795023  -1.282760  4453                                   NO_DFT 
 67.842430   0.795023  -0.022748  4660                                   NO_DFT 
 68.212883   0.795023  -1.234327  4458                                   NO_DFT 
 68.518349   0.795023  -0.017427  4665                                   NO_DFT 
 68.996674   0.795023  -1.186239  4463                                   NO_DFT 
 69.198738   0.795023  -0.013213  4670                                   NO_DFT 
 69.786446   0.795023  -1.138698  4468                                   NO_DFT 
 69.883614   0.795023  -0.009918  4675                                   NO_DFT 
 70.572998   0.795023  -0.007361  4680                                   NO_DFT 
 70.582222   0.795023  -1.091900  4473                                   NO_DFT 
 71.266907   0.795023  -0.005406  4685                                   NO_DFT 
 71.384026   0.795023  -1.046010  4478                                   NO_DFT 
 71.965340   0.795023  -0.003930  4690                                   NO_DFT 
 72.191879   0.795023  -1.001178  4483                                   NO_DFT 
 72.668327   0.795023  -0.002828  4695                                   NO_DFT 
 73.005806   0.795023  -0.957477  4488                                   NO_DFT 
 73.375877   0.795023  -0.002015  4700                                   NO_DFT 
 73.825302   0.795023  -0.914929  4493                                   NO_DFT 
 74.087997   0.795023  -0.001427  4705                                   NO_DFT 
 74.651436   0.795023  -0.873409  4498                                   NO_DFT 
 75.483704   0.795023  -0.832775  4503                                   NO_DFT 
 76.322144   0.795023  -0.792810  4508                                   NO_DFT 
 77.166771   0.795023  -0.753260  4513                                   NO_DFT 
 78.017601   0.795023  -0.713868  4518                                   NO_DFT 
 78.874107   0.795023  -0.674423  4523                                   NO_DFT 
 79.737419   0.795023  -0.634710  4528                                   NO_DFT 
 80.607010   0.795023  -0.594658  4533                                   NO_DFT 
 81.482903   0.795023  -0.554281  4538                                   NO_DFT 
 82.365112   0.795023  -0.513681  4543                                   NO_DFT 
 83.253670   0.795023  -0.473061  4548                                   NO_DFT 
 84.148590   0.795023  -0.432706  4553                                   NO_DFT 
 85.049324   0.795023  -0.392982  4558                                   NO_DFT 
 85.957047   0.795023  -0.354205  4563                                   NO_DFT 
 86.871208   0.795023  -0.316777  4568                                   NO_DFT 
 87.791824   0.795023  -0.281051  4573                                   NO_DFT 
 88.718925   0.795023  -0.247335  4578                                   NO_DFT 
 89.652527   0.795023  -0.215880  4583                                   NO_DFT 
 90.592651   0.795023  -0.186868  4588                                   NO_DFT 
 91.538727   0.795023  -0.160432  4593                                   NO_DFT 
 92.491974   0.795023  -0.136580  4598                                   NO_DFT 
 93.451813   0.795023  -0.115303  4603                                   NO_DFT 
 94.418274   0.795023  -0.096534  4608                                   NO_DFT 
 95.391373   0.795023  -0.080144  4613                                   NO_DFT 
 96.371140   0.795023  -0.065978  4618                                   NO_DFT 
 97.356949   0.795023  -0.053870  4623                                   NO_DFT 
 98.350105   0.795023  -0.043603  4628                                   NO_DFT 
 99.349991   0.795023  -0.034995  4633                                   NO_DFT 
100.356628   0.795023  -0.027843  4638                                   NO_DFT 
101.370041   0.795023  -0.021958  4643                                   NO_DFT 
102.390259   0.795023  -0.017166  4648                                   NO_DFT 
103.417297   0.795023  -0.013297  4653                                   NO_DFT 
104.450508   0.795023  -0.010208  4658                                   NO_DFT 
105.491257   0.795023  -0.007766  4663                                   NO_DFT 
106.538895   0.795023  -0.005852  4668                                   NO_DFT 
107.593445   0.795023  -0.004370  4673                                   NO_DFT 
108.654930   0.795023  -0.003234  4678                                   NO_DFT 
109.723373   0.795023  -0.002374  4683                                   NO_DFT 
110.798103   0.795023  -0.001734  4688                                   NO_DFT 
111.880531   0.795023  -0.001258  4693                                   NO_DFT 
112.969986   0.795023  -0.000909  4698                                   NO_DFT 
114.066483   0.795023  -0.000661  4703                                   NO_DFT 
4302.700195   0.795023  -0.160754  3712                                   NO_DFT 
4305.399902   0.795023  -0.188057  3717                                   NO_DFT 
4308.100098   0.795023  -0.216975  3722                                   NO_DFT 
4310.799805   0.795023  -0.247473  3727                                   NO_DFT 
4313.500000   0.795023  -0.279525  3732                                   NO_DFT 
4316.200195   0.795023  -0.313076  3737                                   NO_DFT 
4318.899902   0.795023  -0.348071  3742                                   NO_DFT 
4321.600098   0.795023  -0.384432  3747                                   NO_DFT 
4324.299805   0.795023  -0.422066  3752                                   NO_DFT 
4327.000000   0.795023  -0.460878  3757                                   NO_DFT 
4329.700195   0.795023  -0.500756  3762                                   NO_DFT 
4332.399902   0.795023  -0.541578  3767                                   NO_DFT 
4335.100098   0.795023  -0.583209  3772                                   NO_DFT 
4337.799805   0.795023  -0.625512  3777                                   NO_DFT 
4340.500000   0.795023  -0.668334  3782                                   NO_DFT 
4343.200195   0.795023  -0.711523  3787                                   NO_DFT 
4345.899902   0.795023  -0.754916  3792                                   NO_DFT 
4348.600098   0.795023  -0.798351  3797                                   NO_DFT 
4351.299805   0.795023  -0.841675  3802                                   NO_DFT 
4354.000000   0.795023  -0.884715  3807                                   NO_DFT 
4356.700195   0.795023  -0.927320  3812                                   NO_DFT 
4359.399902   0.795023  -0.969333  3817                                   NO_DFT 
4362.100098   0.795023  -1.010606  3822                                   NO_DFT 
4364.799805   0.795023  -1.051001  3827                                   NO_DFT 
4367.500000   0.795023  -1.090388  3832                                   NO_DFT 
4370.200195   0.795023  -1.128641  3837                                   NO_DFT 
4372.899902   0.795023  -1.165660  3842                                   NO_DFT 
4375.600098   0.795023  -1.201336  3847                                   NO_DFT 
4378.299805   0.795023  -1.235589  3852                                   NO_DFT 
4381.000000   0.795023  -1.268350  3857                                   NO_DFT 
4383.700195   0.795023  -1.299560  3862                                   NO_DFT 
4386.399902   0.795023  -1.329158  3867                                   NO_DFT 
4389.100098   0.795023  -1.357124  3872                                   NO_DFT 
4391.799805   0.795023  -1.383432  3877                                   NO_DFT 
4394.500000   0.795023  -1.408063  3882                                   NO_DFT 
4397.200195   0.795023  -1.431029  3887                                   NO_DFT 
4399.899902   0.795023  -1.452327  3892                                   NO_DFT 
4402.600098   0.795023  -1.471984  3897                                   NO_DFT 
4405.299805   0.795023  -1.490020  3902                                   NO_DFT 
4408.000000   0.795023  -1.506472  3907                                   NO_DFT 
4410.700195   0.795023  -1.521381  3912                                   NO_DFT 
4413.399902   0.795023  -1.534790  3917                                   NO_DFT 
4416.100098   0.795023  -1.546748  3922                                   NO_DFT 
4418.799805   0.795023  -1.557317  3927                                   NO_DFT 
4421.500000   0.795023  -1.566543  3932                                   NO_DFT 
4424.200195   0.795023  -1.574493  3937                                   NO_DFT 
4426.899902   0.795023  -1.581226  3942                                   NO_DFT 
4429.600098   0.795023  -1.586802  3947                                   NO_DFT 
4432.299805   0.795023  -1.591284  3952                                   NO_DFT 
4435.000000   0.795023  -1.594736  3957                                   NO_DFT 
4437.700195   0.795023  -1.597215  3962                                   NO_DFT 
4440.399902   0.795023  -1.598780  3967                                   NO_DFT 
4443.100098   0.795023  -1.599490  3972                                   NO_DFT 
4445.799805   0.795023  -1.599401  3977                                   NO_DFT 
4448.500000   0.795023  -1.598562  3982                                   NO_DFT 
4451.200195   0.795023  -1.597023  3987                                   NO_DFT 
4453.899902   0.795023  -1.594833  3992                                   NO_DFT 
4456.600098   0.795023  -1.592031  3997                                   NO_DFT 
4459.299805   0.795023  -1.588659  4002                                   NO_DFT 
4462.000000   0.795023  -1.584743  4007                                   NO_DFT 
4464.700195   0.795023  -1.580317  4012                                   NO_DFT 
4467.399902   0.795023  -1.575409  4017                                   NO_DFT 
4470.100098   0.795023  -1.570035  4022                                   NO_DFT 
4472.799805   0.795023  -1.564211  4027                                   NO_DFT 
4475.500000   0.795023  -1.557946  4032                                   NO_DFT 
4478.200195   0.795023  -1.551250  4037                                   NO_DFT 
4480.899902   0.795023  -1.544121  4042                                   NO_DFT 
4483.600098   0.795023  -1.536555  4047                                   NO_DFT 
4486.299805   0.795023  -1.528545  4052                                   NO_DFT 
4489.000000   0.795023  -1.520081  4057                                   NO_DFT 
4491.700195   0.795023  -1.511150  4062                                   NO_DFT 
4494.399902   0.795023  -1.501729  4067                                   NO_DFT 
4497.100098   0.795023  -1.491804  4072                                   NO_DFT 
4499.799805   0.795023  -1.481353  4077                                   NO_DFT 
4502.500000   0.795023  -1.470353  4082                                   NO_DFT 
4505.200195   0.795023  -1.458783  4087                                   NO_DFT 
4507.899902   0.795023  -1.446624  4092                                   NO_DFT 
4510.600098   0.795023  -1.433858  4097                                   NO_DFT 
4513.299805   0.795023  -1.420467  4102                                   NO_DFT 
4516.000000   0.795023  -1.406441  4107                                   NO_DFT 
4518.700195   0.795023  -1.391778  4112                                   NO_DFT 
4521.399902   0.795023  -1.376471  4117                                   NO_DFT 
4524.100098   0.795023  -1.360528  4122                                   NO_DFT 
4526.799805   0.795023  -1.343959  4127                                   NO_DFT 
4529.500000   0.795023  -1.326788  4132                                   NO_DFT 
4532.200195   0.795023  -1.309041  4137                                   NO_DFT 
4534.899902   0.795023  -1.290751  4142                                   NO_DFT 
4537.600098   0.795023  -1.271961  4147                                   NO_DFT 
4540.299805   0.795023  -1.252729  4152                                   NO_DFT 
4543.000000   0.795023  -1.233106  4157                                   NO_DFT 
4545.700195   0.795023  -1.213165  4162                                   NO_DFT 
4548.399902   0.795023  -1.192971  4167                                   NO_DFT 
4551.100098   0.795023  -1.172602  4172                                   NO_DFT 
4553.799805   0.795023  -1.152144  4177                                   NO_DFT 
4556.500000   0.795023  -1.131673  4182                                   NO_DFT 
4559.200195   0.795023  -1.111277  4187                                   NO_DFT 
4561.899902   0.795023  -1.091042  4192                                   NO_DFT 
4564.600098   0.795023  -1.071052  4197                                   NO_DFT 
4567.299805   0.795023  -1.051383  4202                                   NO_DFT 
4570.000000   0.795023  -1.032115  4207                                   NO_DFT 
4572.700195   0.795023  -1.013318  4212                                   NO_DFT 
4575.399902   0.795023  -0.995052  4217                                   NO_DFT 
4578.100098   0.795023  -0.977375  4222                                   NO_DFT 
4580.799805   0.795023  -0.960321  4227                                   NO_DFT 
4583.500000   0.795023  -0.943934  4232                                   NO_DFT 
4586.200195   0.795023  -0.928231  4237                                   NO_DFT 
4588.899902   0.795023  -0.913221  4242                                   NO_DFT 
4591.600098   0.795023  -0.898900  4247                                   NO_DFT 
4594.299805   0.795023  -0.885249  4252                                   NO_DFT 
4597.000000   0.795023  -0.872241  4257                                   NO_DFT 
4599.700195   0.795023  -0.859830  4262                                   NO_DFT 
4602.399902   0.795023  -0.847962  4267                                   NO_DFT 
4605.100098   0.795023  -0.836571  4272                                   NO_DFT 
4607.799805   0.795023  -0.825583  4277                                   NO_DFT 
4610.500000   0.795023  -0.814912  4282                                   NO_DFT 
4613.200195   0.795023  -0.804461  4287                                   NO_DFT 
4615.899902   0.795023  -0.794143  4292                                   NO_DFT 
4618.600098   0.795023  -0.783851  4297                                   NO_DFT 
4621.299805   0.795023  -0.773481  4302                                   NO_DFT 
4624.000000   0.795023  -0.762938  4307                                   NO_DFT 
4626.700195   0.795023  -0.752121  4312                                   NO_DFT 
4629.399902   0.795023  -0.740936  4317                                   NO_DFT 
4632.100098   0.795023  -0.729297  4322                                   NO_DFT 
4634.799805   0.795023  -0.717128  4327                                   NO_DFT 
4637.500000   0.795023  -0.704357  4332                                   NO_DFT 
4640.200195   0.795023  -0.690928  4337                                   NO_DFT 
4642.899902   0.795023  -0.676798  4342                                   NO_DFT 
4645.600098   0.795023  -0.661929  4347                                   NO_DFT 
4648.299805   0.795023  -0.646305  4352                                   NO_DFT 
4651.000000   0.795023  -0.629916  4357                                   NO_DFT 
4653.700195   0.795023  -0.612769  4362                                   NO_DFT 
4656.399902   0.795023  -0.594879  4367                                   NO_DFT 
4659.100098   0.795023  -0.576271  4372                                   NO_DFT 
4661.799805   0.795023  -0.556993  4377                                   NO_DFT 
4664.500000   0.795023  -0.537083  4382                                   NO_DFT 
4667.200195   0.795023  -0.516602  4387                                   NO_DFT 
4669.899902   0.795023  -0.495616  4392                                   NO_DFT 
4672.600098   0.795023  -0.474185  4397                                   NO_DFT 
4675.299805   0.795023  -0.452395  4402                                   NO_DFT 
4678.000000   0.795023  -0.430317  4407                                   NO_DFT 
4680.700195   0.795023  -0.408038  4412                                   NO_DFT 
4683.399902   0.795023  -0.385646  4417                                   NO_DFT 
4686.100098   0.795023  -0.363228  4422                                   NO_DFT 
4688.799805   0.795023  -0.340870  4427                                   NO_DFT 
4691.500000   0.795023  -0.318660  4432                                   NO_DFT 
4694.200195   0.795023  -0.296692  4437                                   NO_DFT 
4696.899902   0.795023  -0.275053  4442                                   NO_DFT 
4699.600098   0.795023  -0.253835  4447                                   NO_DFT 
4702.299805   0.795023  -0.233119  4452                                   NO_DFT 
4705.000000   0.795023  -0.212988  4457                                   NO_DFT 
4707.700195   0.795023  -0.193513  4462                                   NO_DFT 
4710.399902   0.795023  -0.174786  4467                                   NO_DFT 
4713.100098   0.795023  -0.156856  4472                                   NO_DFT 
4715.799805   0.795023  -0.139795  4477                                   NO_DFT 
4718.500000   0.795023  -0.123657  4482                                   NO_DFT 
4721.200195   0.795023  -0.108475  4487                                   NO_DFT 
4723.899902   0.795023  -0.094301  4492                                   NO_DFT 
4726.600098   0.795023  -0.081151  4497                                   NO_DFT 
4729.299805   0.795023  -0.069043  4502                                   NO_DFT 
4732.000000   0.795023  -0.057980  4507                                   NO_DFT 
4734.700195   0.795023  -0.047964  4512                                   NO_DFT 
4737.399902   0.795023  -0.038965  4517                                   NO_DFT 
4740.100098   0.795023  -0.030972  4522                                   NO_DFT 
4742.799805   0.795023  -0.023944  4527                                   NO_DFT 
4745.500000   0.795023  -0.017826  4532                                   NO_DFT 
4748.200195   0.795023  -0.012581  4537                                   NO_DFT 
4750.899902   0.795023  -0.008150  4542                                   NO_DFT 
4753.600098   0.795023  -0.004461  4547                                   NO_DFT 
4756.299805   0.795023  -0.001456  4552                                   NO_DFT 
4759.000000   0.795023   0.000936  4557                                   NO_DFT 
4761.700195   0.795023   0.002782  4562                                   NO_DFT 
4764.399902   0.795023   0.004151  4567                                   NO_DFT 
4767.100098   0.795023   0.005106  4572                                   NO_DFT 
4769.799805   0.795023   0.005716  4577                                   NO_DFT 
4772.500000   0.795023   0.006031  4582                                   NO_DFT 
4775.200195   0.795023   0.006114  4587                                   NO_DFT 
4777.899902   0.795023   0.006008  4592                                   NO_DFT 
4780.600098   0.795023   0.005764  4597                                   NO_DFT 
4783.299805   0.795023   0.005413  4602                                   NO_DFT 
4786.000000   0.795023   0.004996  4607                                   NO_DFT 
4788.700195   0.795023   0.004529  4612                                   NO_DFT 
4791.399902   0.795023   0.004055  4617                                   NO_DFT 
4794.100098   0.795023   0.003573  4622                                   NO_DFT 
4796.799805   0.795023   0.003109  4627                                   NO_DFT 
4799.500000   0.795023   0.002670  4632                                   NO_DFT 
4802.200195   0.795023   0.002261  4637                                   NO_DFT 
4804.899902   0.795023   0.001889  4642                                   NO_DFT 
4807.600098   0.795023   0.001554  4647                                   NO_DFT 
4810.299805   0.795023   0.001261  4652                                   NO_DFT 
4813.000000   0.795023   0.001006  4657                                   NO_DFT 
4815.700195   0.795023   0.000786  4662                                   NO_DFT 
4818.399902   0.795023   0.000602  4667                                   NO_DFT 
4821.100098   0.795023   0.000448  4672                                   NO_DFT 
4823.799805   0.795023   0.000319  4677                                   NO_DFT 
4826.500000   0.795023   0.000214  4682                                   NO_DFT 
4829.200195   0.795023   0.000133  4687                                   NO_DFT 
4831.899902   0.795023   0.000070  4692                                   NO_DFT 
4834.600098   0.795023   0.000016  4697                                   NO_DFT 
4837.299805   0.795023  -0.000024  4702                                   NO_DFT 
4840.000000   0.795023  -0.000052  4707                                   NO_DFT 
