 5 0.000000 1
 1 
 Si 28.085500
 0 0.250000 4.500000 1.000000 1.500000 
 5 0 1 2 3 4
 6 1.00000 1.25000 1.50000 1.75000 4.50000 4.75000
 1 12.169200 6.172630 3.114710 0.755675 0.404939 0.036124 0.650018 0.572890
 4 30 24 24 1
  1.18085735e-01   0.0000
 -5.27628422e-01   0.0000
 -1.34132004e+00   0.0000
 -3.23732831e-02   0.0000
  6.08233809e-01   0.0000
 -6.09796047e-01   0.0000
  1.51225388e+00   0.0000
  1.05103171e+00   0.0000
 -6.99146926e-01   0.0000
  1.01431024e+00   0.0000
 -3.75512779e-01   0.0000
 -2.32502297e-01   0.0000
  1.66479671e+00   0.0000
 -5.93326807e-01   0.0000
  1.43852651e-01   0.0000
 -4.50351149e-01   0.0000
 -6.30208313e-01   0.0000
 -2.07169667e-01   0.0000
 -7.30498731e-01   0.0000
 -5.44765234e-01   0.0000
  2.01596618e+00   0.0000
 -4.84539032e+00   0.0000
  2.11124730e+00   0.0000
 -1.98398340e+00   0.0000
  6.36646003e-02   0.0000
 -1.45152330e-01   0.0000
 -1.19298697e+00   0.0000
  2.33681157e-01   0.0000
  1.23652005e+00   0.0000
 -6.15237892e-01   0.0000
  1.90276396e+00   0.0000
  1.07783437e-01   0.0000
 -1.04534900e+00   0.0000
  5.80900550e-01   0.0000
 -2.77503461e-01   0.0000
  7.11493850e-01   0.0000
  1.06169319e+00   0.0000
 -6.45499408e-01   0.0000
  3.02311271e-01   0.0000
  3.09980094e-01   0.0000
 -8.40094209e-01   0.0000
 -5.32022953e-01   0.0000
 -4.30902272e-01   0.0000
 -3.05039197e-01   0.0000
  1.73660958e+00   0.0000
 -1.32215142e+00   0.0000
 -1.35884094e+00   0.0000
 -7.61528134e-01   0.0000
  2.46771157e-01   0.0000
 -4.03767586e-01   0.0000
 -4.21187162e-01   0.0000
  1.71089172e-01   0.0000
  1.19082737e+00   0.0000
 -1.20090270e+00   0.0000
  2.65098310e+00   0.0000
  2.11257070e-01   0.0000
 -1.05131733e+00   0.0000
  1.29043818e-01   0.0000
 -8.15685272e-01   0.0000
  9.04341578e-01   0.0000
  3.87366205e-01   0.0000
 -6.79153144e-01   0.0000
  4.95910913e-01   0.0000
  1.20168591e+00   0.0000
 -9.91592705e-01   0.0000
 -6.29520297e-01   0.0000
 -6.99096918e-01   0.0000
 -9.76577699e-01   0.0000
  1.37348151e+00   0.0000
  1.59977889e+00   0.0000
 -1.31551993e+00   0.0000
 -1.56656846e-01   0.0000
 -1.62444159e-01   0.0000
 -5.77840686e-01   0.0000
  8.14315856e-01   0.0000
  3.42283130e-01   0.0000
  8.14923823e-01   0.0000
 -1.30442965e+00   0.0000
  2.87871957e+00   0.0000
  5.83819807e-01   0.0000
 -9.19630706e-01   0.0000
 -1.13468778e+00   0.0000
 -5.85435092e-01   0.0000
  9.36654285e-02   0.0000
 -5.92784762e-01   0.0000
 -8.08494508e-01   0.0000
 -7.45148957e-02   0.0000
  2.37070370e+00   0.0000
 -8.73629153e-01   0.0000
 -9.01270330e-01   0.0000
 -5.26218235e-01   0.0000
 -9.53701019e-01   0.0000
  5.21911919e-01   0.0000
  3.00541711e+00   0.0000
  1.24602675e+00   0.0000
 -2.29039341e-01   0.0000
  4.59839761e-01   0.0000
 -6.06813192e-01   0.0000
 -5.65432370e-01   0.0000
  2.31687993e-01   0.0000
  3.73307313e-03   0.0000
 -9.48168457e-01   0.0000
  2.35412002e+00   0.0000
  5.19537747e-01   0.0000
 -1.43156159e+00   0.0000
 -5.43570518e-01   0.0000
 -3.08415413e-01   0.0000
 -6.21082306e-01   0.0000
 -1.05614030e+00   0.0000
 -5.51617026e-01   0.0000
  5.65556958e-02   0.0000
  2.24083567e+00   0.0000
  2.83751804e-02   0.0000
 -6.00703001e-01   0.0000
 -3.46713245e-01   0.0000
 -5.70391297e-01   0.0000
  1.38153195e+00   0.0000
 -1.20340657e+00   0.0000
 -5.26975915e-02   0.0000
 -2.20615804e-01   0.0000
  3.62638563e-01   0.0000
 -7.95527339e-01   0.0000
 -1.47593513e-01   0.0000
  4.18017983e-01   0.0000
  5.10703325e-01   0.0000
 -7.30895340e-01   0.0000
  1.87767732e+00   0.0000
 -4.36417907e-01   0.0000
  7.43650675e-01   0.0000
  4.87208664e-01   0.0000
 -5.95590234e-01   0.0000
 -1.56490743e-01   0.0000
  1.23476058e-01   0.0000
 -5.07527530e-01   0.0000
 -4.15777385e-01   0.0000
  1.70310307e+00   0.0000
 -6.37324631e-01   0.0000
 -4.34291691e-01   0.0000
 -3.80100667e-01   0.0000
 -6.12081766e-01   0.0000
 -4.97072875e-01   0.0000
  1.10836172e+00   0.0000
  5.46641275e-02   0.0000
 -1.13008916e+00   0.0000
  1.35037497e-01   0.0000
  1.65694922e-01   0.0000
  2.42510095e-01   0.0000
 -4.34859902e-01   0.0000
 -2.37804372e-02   0.0000
 -1.00601770e-01   0.0000
 -1.56823382e-01   0.0000
  4.13133085e-01   0.0000
  1.39764297e+00   0.0000
 -1.47955072e+00   0.0000
 -7.74700269e-02   0.0000
  6.76877558e-01   0.0000
  8.86891603e-01   0.0000
 -3.59026730e-01   0.0000
  2.00894266e-01   0.0000
  1.15728402e+00   0.0000
 -2.55334020e-01   0.0000
  1.55954704e-01   0.0000
 -6.73957914e-02   0.0000
 -1.06497645e-01   0.0000
 -2.04207015e+00   0.0000
 -5.25075853e-01   0.0000
  7.58887827e-01   0.0000
  8.24608445e-01   0.0000
  1.61872283e-01   0.0000
 -5.81084229e-02   0.0000
 -3.77953172e-01   0.0000
 -8.34201500e-02   0.0000
  2.07080692e-01   0.0000
  1.84755623e-02   0.0000
 -2.66294211e-01   0.0000
  8.44168663e-01   0.0000
  4.18757319e-01   0.0000
 -4.23676074e-01   0.0000
 -1.74018726e-01   0.0000
  4.96744901e-01   0.0000
  9.15952027e-01   0.0000
 -9.09103379e-02   0.0000
  4.63536412e-01   0.0000
  6.77838385e-01   0.0000
 -7.35333115e-02   0.0000
 -1.30989745e-01   0.0000
 -4.30240929e-01   0.0000
 -3.07090461e-01   0.0000
 -2.02652478e+00   0.0000
 -2.31694236e-01   0.0000
 -6.88750088e-01   0.0000
  4.41359311e-01   0.0000
  9.38175395e-02   0.0000
  7.80320913e-02   0.0000
 -1.66996285e-01   0.0000
  2.66919941e-01   0.0000
 -1.59067154e-01   0.0000
 -2.33724684e-01   0.0000
  1.31389052e-01   0.0000
  7.52513766e-01   0.0000
  8.89644682e-01   0.0000
  4.46003169e-01   0.0000
  5.74147664e-02   0.0000
 -5.22802711e-01   0.0000
  5.28671801e-01   0.0000
 -1.70359492e-01   0.0000
  7.52228618e-01   0.0000
 -5.93991816e-01   0.0000
 -2.08895449e-02   0.0000
 -1.51812539e-01   0.0000
 -8.59654993e-02   0.0000
 -3.59312207e-01   0.0000
 -9.02580857e-01   0.0000
  2.89178729e-01   0.0000
 -1.02702391e+00   0.0000
  7.66871691e-01   0.0000
  1.82138383e-01   0.0000
 -1.09039694e-01   0.0000
  5.73956490e-01   0.0000
 -1.40193596e-01   0.0000
 -1.17248285e+00   0.0000
 -2.39451490e-02   0.0000
 -1.36560336e-01   0.0000
  4.61044639e-01   0.0000
  2.16320705e+00   0.0000
 -7.28499711e-01   0.0000
  4.28661883e-01   0.0000
 -2.00432467e+00   0.0000
 -4.15632814e-01   0.0000
 -3.30019146e-02   0.0000
  9.37337041e-01   0.0000
 -1.63790941e+00   0.0000
 -7.84373358e-02   0.0000
  1.71964839e-01   0.0000
 -3.98001850e-01   0.0000
  6.87609380e-03   0.0000
 -6.72608793e-01   0.0000
  8.30362976e-01   0.0000
  9.91933227e-01   0.0000
  1.28653765e+00   0.0000
 -5.86035907e-01   0.0000
 -1.57397538e-01   0.0000
  1.06701696e+00   0.0000
  2.11596355e-01   0.0000
 -2.02290249e+00   0.0000
  5.05580783e-01   0.0000
  3.41985703e-01   0.0000
 -1.38039899e+00   0.0000
 -1.31268218e-01   0.0000
  1.22731674e+00   0.0000
  1.15652537e+00   0.0000
 -1.73772335e+00   0.0000
 -1.09734273e+00   0.0000
  3.10557812e-01   0.0000
  2.83334218e-02   0.0000
 -3.17035294e+00   0.0000
  1.49946539e-02   0.0000
  1.29577309e-01   0.0000
 -2.52343923e-01   0.0000
  1.34179637e-01   0.0000
 -1.09319448e+00   0.0000
 -1.24206007e+00   0.0000
 -1.07611799e+00   0.0000
  1.07311094e+00   0.0000
 -3.00048202e-01   0.0000
  2.74927080e-01   0.0000
  7.36332655e-01   0.0000
  3.46787453e-01   0.0000
 -1.33074713e+00   0.0000
  3.13192338e-01   0.0000
  1.27925798e-01   0.0000
 -1.00418472e+00   0.0000
 -1.02591860e+00   0.0000
 -7.70143509e-01   0.0000
  7.63645232e-01   0.0000
 -8.85182261e-01   0.0000
 -4.45981055e-01   0.0000
  1.94241375e-01   0.0000
 -5.42304404e-02   0.0000
 -1.99016798e+00   0.0000
 -3.18551958e-02   0.0000
  3.67788553e-01   0.0000
  1.01680994e-01   0.0000
  1.86582550e-01   0.0000
 -6.69351041e-01   0.0000
 -1.68136030e-01   0.0000
  1.45957541e+00   0.0000
  8.83161306e-01   0.0000
 -1.50968255e-02   0.0000
  7.19065890e-02   0.0000
 -6.17795587e-01   0.0000
 -6.56992614e-01   0.0000
  3.27942401e-01   0.0000
 -2.12908059e-01   0.0000
 -5.62967718e-01   0.0000
  8.58553231e-01   0.0000
  1.01365352e+00   0.0000
  1.71897459e+00   0.0000
 -2.49070361e-01   0.0000
  3.19785446e-01   0.0000
 -1.51506007e-01   0.0000
 -3.02653998e-01   0.0000
  1.69334158e-01   0.0000
 -2.39977193e+00   0.0000
 -3.39537114e-02   0.0000
 -2.00407162e-01   0.0000
 -1.27051517e-01   0.0000
  2.08048895e-02   0.0000
  6.75055861e-01   0.0000
 -2.01549387e+00   0.0000
  8.56208801e-01   0.0000
 -2.87042916e-01   0.0000
  5.16396582e-01   0.0000
  8.39070827e-02   0.0000
 -1.01292264e+00   0.0000
 -4.56775814e-01   0.0000
  7.73133874e-01   0.0000
  1.64437220e-02   0.0000
 -7.50577271e-01   0.0000
  9.18779194e-01   0.0000
  5.05237877e-02   0.0000
  1.48140204e+00   0.0000
 -1.97465032e-01   0.0000
  5.15602112e-01   0.0000
 -5.15592039e-01   0.0000
 -1.56584352e-01   0.0000
  1.38366804e-01   0.0000
 -1.68391430e+00   0.0000
 -4.93965298e-01   0.0000
 -1.65057704e-01   0.0000
 -5.96828997e-01   0.0000
 -2.04494655e-01   0.0000
  4.88160580e-01   0.0000
 -1.22407615e+00   0.0000
  9.23432291e-01   0.0000
  2.17927203e-01   0.0000
  5.37253201e-01   0.0000
 -3.97050492e-02   0.0000
 -8.71430814e-01   0.0000
 -5.70674576e-02   0.0000
  7.77878881e-01   0.0000
  1.98553115e-01   0.0000
 -6.70552313e-01   0.0000
  3.69740963e-01   0.0000
 -3.44860643e-01   0.0000
 -4.73380923e-01   0.0000
 -1.58006027e-01   0.0000
  1.06190610e+00   0.0000
 -9.14219141e-01   0.0000
 -2.61568695e-01   0.0000
  4.74004634e-02   0.0000
 -1.32365751e+00   0.0000
 -6.22744679e-01   0.0000
  2.18098179e-01   0.0000
 -5.70677340e-01   0.0000
 -2.64314801e-01   0.0000
  2.13986203e-01   0.0000
  1.65786639e-01   0.0000
  1.08543992e+00   0.0000
  1.01318073e+00   0.0000
  8.45963359e-01   0.0000
  1.70446813e-01   0.0000
 -3.31264913e-01   0.0000
  3.44491094e-01   0.0000
  2.02087909e-01   0.0000
 -7.97247398e-04   0.0000
 -7.73233294e-01   0.0000
  2.53227741e-01   0.0000
  6.09495401e-01   0.0000
 -2.15942192e+00   0.0000
 -2.20926777e-01   0.0000
  8.62330616e-01   0.0000
 -8.97675097e-01   0.0000
  2.34187450e-02   0.0000
  4.91494179e-01   0.0000
 -9.53740001e-01   0.0000
 -8.35120082e-01   0.0000
 -8.50124955e-02   0.0000
 -7.62626350e-01   0.0000
 -2.94793367e-01   0.0000
 -5.60260117e-01   0.0000
  1.70376694e+00   0.0000
 -1.56277657e+00   0.0000
  1.02531028e+00   0.0000
 -2.97660470e-01   0.0000
  1.09738819e-01   0.0000
  1.82452953e+00   0.0000
 -4.93906409e-01   0.0000
 -1.23441684e+00   0.0000
  2.47162074e-01   0.0000
  2.66541690e-01   0.0000
  2.29187105e-02   0.0000
  1.71516025e+00   0.0000
 -1.49916276e-01   0.0000
  4.48939562e-01   0.0000
 -1.43661186e-01   0.0000
  1.69424906e-01   0.0000
  1.48082599e-01   0.0000
  1.63889647e-01   0.0000
 -4.94222231e-02   0.0000
  2.74728179e-01   0.0000
  2.43724868e-01   0.0000
  1.52494371e-01   0.0000
  2.62701005e-01   0.0000
 -1.12439239e+00   0.0000
  4.59836833e-02   0.0000
 -7.43454456e-01   0.0000
  6.53914392e-01   0.0000
  8.28299075e-02   0.0000
 -1.15157537e-01   0.0000
  6.48222566e-01   0.0000
 -8.52432773e-02   0.0000
 -7.97591388e-01   0.0000
  9.05155763e-02   0.0000
  2.86858499e-01   0.0000
 -3.64436358e-02   0.0000
  8.18730652e-01   0.0000
  4.58341390e-01   0.0000
  4.69616264e-01   0.0000
 -2.69540489e-01   0.0000
  1.19805478e-01   0.0000
  6.36964813e-02   0.0000
 -1.57574505e-01   0.0000
 -6.09832294e-02   0.0000
  3.31260771e-01   0.0000
  8.87116343e-02   0.0000
  8.43641013e-02   0.0000
  1.51316300e-01   0.0000
 -5.50588310e-01   0.0000
  1.98063478e-01   0.0000
  1.02445281e+00   0.0000
  1.22286904e+00   0.0000
 -2.36790031e-01   0.0000
  1.35907307e-01   0.0000
  1.34896493e+00   0.0000
  6.66662633e-01   0.0000
  6.63414121e-01   0.0000
 -1.94363102e-01   0.0000
  2.04471946e-01   0.0000
 -4.00136858e-02   0.0000
  1.55607969e-01   0.0000
  1.32875288e+00   0.0000
 -4.67997611e-01   0.0000
  4.05482590e-01   0.0000
 -9.01246667e-01   0.0000
 -3.79629731e-01   0.0000
 -1.76675647e-01   0.0000
 -1.03591537e+00   0.0000
 -6.53463125e-01   0.0000
 -1.13466173e-01   0.0000
 -3.97249192e-01   0.0000
 -6.61155060e-02   0.0000
 -2.28181314e+00   0.0000
 -1.08761084e+00   0.0000
  4.17725682e-01   0.0000
  9.58527446e-01   0.0000
 -1.86120749e-01   0.0000
  1.40635252e-01   0.0000
  4.65451807e-01   0.0000
  5.86350620e-01   0.0000
  8.40910137e-01   0.0000
 -4.93950516e-01   0.0000
  2.14905202e-01   0.0000
  6.27192497e-01   0.0000
  7.46502817e-01   0.0000
 -3.69485408e-01   0.0000
 -5.12821257e-01   0.0000
  4.56115961e-01   0.0000
 -1.97006953e+00   0.0000
 -1.76382750e-01   0.0000
 -3.17748189e-02   0.0000
 -8.43906701e-01   0.0000
 -7.09195018e-01   0.0000
 -1.97141916e-02   0.0000
 -6.82848871e-01   0.0000
  9.06200856e-02   0.0000
 -6.23821914e-01   0.0000
  1.95035875e-01   0.0000
  1.11752582e+00   0.0000
  1.13626671e+00   0.0000
 -8.21010619e-02   0.0000
  8.92012641e-02   0.0000
 -4.16888177e-01   0.0000
 -1.03658289e-01   0.0000
  1.13362610e+00   0.0000
 -5.06266296e-01   0.0000
  2.45672077e-01   0.0000
  4.32758212e-01   0.0000
  9.75295842e-01   0.0000
  3.77755351e-02   0.0000
 -7.72231579e-01   0.0000
  2.16822680e-02   0.0000
 -2.58716059e+00   0.0000
 -4.41213787e-01   0.0000
 -9.22725424e-02   0.0000
 -2.43894845e-01   0.0000
 -5.46514392e-01   0.0000
 -1.52903199e-01   0.0000
 -4.77403343e-01   0.0000
 -4.61695284e-01   0.0000
  4.00995642e-01   0.0000
  8.93014014e-01   0.0000
 -8.62506032e-01   0.0000
  5.79867661e-01   0.0000
 -2.96639949e-01   0.0000
  3.03020358e-01   0.0000
 -9.42498267e-01   0.0000
 -6.65088534e-01   0.0000
  7.89209247e-01   0.0000
 -4.22399938e-01   0.0000
  2.38034353e-01   0.0000
 -8.61321151e-01   0.0000
 -7.78986633e-01   0.0000
 -1.99847087e-01   0.0000
 -8.35163653e-01   0.0000
 -8.60510647e-01   0.0000
 -4.18578815e+00   0.0000
 -4.26584184e-01   0.0000
 -4.49568272e-01   0.0000
  2.19531476e-01   0.0000
  2.47472376e-01   0.0000
 -2.13851899e-01   0.0000
  3.00272048e-01   0.0000
 -4.38504457e-01   0.0000
 -1.89227998e-01   0.0000
 -1.41306579e-01   0.0000
 -9.06535313e-02   0.0000
 -5.71204543e-01   0.0000
  3.51753294e-01   0.0000
  2.07500234e-01   0.0000
 -4.34785753e-01   0.0000
  4.54385966e-01   0.0000
  3.55916351e-01   0.0000
 -1.72289407e+00   0.0000
 -3.24085295e-01   0.0000
  1.76379752e+00   0.0000
  1.96867371e+00   0.0000
  9.09506083e-02   0.0000
 -6.92248583e-01   0.0000
  1.15239561e+00   0.0000
  1.55253792e+00   0.0000
 -6.14556134e-01   0.0000
 -3.20172384e-02   0.0000
 -1.18333900e+00   0.0000
  1.17013943e+00   0.0000
 -5.74604332e-01   0.0000
  8.44101250e-01   0.0000
 -1.00284569e-01   0.0000
 -6.42267883e-01   0.0000
  6.55146837e-01   0.0000
  3.08744252e-01   0.0000
 -2.44554996e+00   0.0000
  1.29952833e-01   0.0000
 -2.27870848e-02   0.0000
  4.29565072e-01   0.0000
  5.41525304e-01   0.0000
  1.98622465e-01   0.0000
 -8.78162503e-01   0.0000
  5.45977764e-02   0.0000
  1.92453250e-01   0.0000
  9.26048458e-01   0.0000
 -3.49611282e-01   0.0000
 -5.40267587e-01   0.0000
  5.56596398e-01   0.0000
  9.21977222e-01   0.0000
 -3.32247585e-01   0.0000
  1.21277869e-02   0.0000
 -7.89400280e-01   0.0000
  7.53328383e-01   0.0000
 -3.27376336e-01   0.0000
  5.03853619e-01   0.0000
 -2.63519019e-01   0.0000
 -4.48343873e-01   0.0000
 -1.17949426e+00   0.0000
 -3.74535441e-01   0.0000
 -6.67541802e-01   0.0000
 -2.09336475e-01   0.0000
  2.48316750e-01   0.0000
  1.32846141e+00   0.0000
  2.49733463e-01   0.0000
 -5.53948939e-01   0.0000
 -1.30211875e-01   0.0000
 -2.32458990e-02   0.0000
  1.41198322e-01   0.0000
  8.73521924e-01   0.0000
  3.49761844e-01   0.0000
  1.21569552e-01   0.0000
  2.52357990e-01   0.0000
 -2.06903720e+00   0.0000
 -2.86056846e-01   0.0000
  7.18395337e-02   0.0000
 -2.56015241e-01   0.0000
  3.14672962e-02   0.0000
  3.72019187e-02   0.0000
 -1.15458958e-01   0.0000
  6.79659620e-02   0.0000
 -4.12966698e-01   0.0000
  2.31633171e-01   0.0000
  1.72028971e+00   0.0000
  1.17625616e-01   0.0000
 -2.71977067e-01   0.0000
 -1.88956350e-01   0.0000
  1.12516868e+00   0.0000
  2.79898673e-01   0.0000
 -1.02069664e+00   0.0000
 -4.82831262e-02   0.0000
  1.71733513e-01   0.0000
 -6.66083097e-01   0.0000
 -2.70693935e-02   0.0000
  6.94729805e-01   0.0000
  5.42359687e-02   0.0000
  3.09920371e-01   0.0000
 -1.60859740e+00   0.0000
 -3.04419428e-01   0.0000
  2.77429998e-01   0.0000
 -3.44783552e-02   0.0000
 -3.12378347e-01   0.0000
 -3.15024793e-01   0.0000
 -3.56882662e-01   0.0000
 -2.09804848e-02   0.0000
 -3.88600498e-01   0.0000
  1.16851166e-01   0.0000
 -6.77793980e-01   0.0000
  2.48868719e-01   0.0000
 -1.54139653e-01   0.0000
  1.39098302e-01   0.0000
  5.42669058e-01   0.0000
 -2.19641313e-01   0.0000
 -9.33833539e-01   0.0000
 -6.62657261e-01   0.0000
 -4.66248989e-02   0.0000
 -5.30201852e-01   0.0000
  2.91276425e-02   0.0000
 -1.99837044e-01   0.0000
 -5.34239888e-01   0.0000
  8.90210152e-01   0.0000
 -7.44892240e-01   0.0000
 -2.25748181e-01   0.0000
  6.96321487e-01   0.0000
  1.35817778e+00   0.0000
 -1.09051824e-01   0.0000
 -3.53205234e-01   0.0000
 -7.09351957e-01   0.0000
 -3.28567505e-01   0.0000
 -9.25686538e-01   0.0000
 -2.82151371e-01   0.0000
 -1.07807004e+00   0.0000
 -3.50343376e-01   0.0000
  1.95604429e-01   0.0000
 -3.66068184e-01   0.0000
 -3.38084400e-01   0.0000
 -9.25396919e-01   0.0000
 -4.70373601e-01   0.0000
 -6.96711123e-01   0.0000
 -1.20311715e-01   0.0000
  7.18135715e-01   0.0000
  3.72990847e-01   0.0000
 -5.05857706e-01   0.0000
 -5.63906133e-01   0.0000
  9.50007021e-01   0.0000
  2.16582984e-01   0.0000
 -4.88736570e-01   0.0000
  1.54384601e+00   0.0000
  2.14212728e+00   0.0000
 -9.22094211e-02   0.0000
 -5.18426239e-01   0.0000
 -5.85291684e-01   0.0000
 -5.27329385e-01   0.0000
 -1.63310373e+00   0.0000
 -2.50709474e-01   0.0000
  4.87368137e-01   0.0000
 -1.48973417e+00   0.0000
  8.89700204e-02   0.0000
 -2.32267063e-02   0.0000
 -8.66729856e-01   0.0000
  3.58555079e-01   0.0000
  8.65774274e-01   0.0000
  5.83798112e-03   0.0000
 -2.17614102e+00   0.0000
  1.46343064e+00   0.0000
 -2.27833644e-01   0.0000
  2.03155726e-01   0.0000
 -4.16832775e-01   0.0000
  1.59338748e+00   0.0000
 -1.34630907e+00   0.0000
 -3.28395009e-01   0.0000
  1.46851647e+00   0.0000
 -5.74527644e-02   0.0000
 -2.24425986e-01   0.0000
 -2.13369533e-01   0.0000
  3.71495098e-01   0.0000
 -2.45924845e-01   0.0000
  2.20293835e-01   0.0000
  1.71271384e-01   0.0000
  1.27565131e-01   0.0000
 -7.34340191e-01   0.0000
 -6.64693937e-02   0.0000
 -1.51544452e-01   0.0000
  2.14040324e-01   0.0000
  5.96716404e-02   0.0000
  3.93006891e-01   0.0000
 -6.19378872e-03   0.0000
 -1.60413694e+00   0.0000
 -1.12680173e+00   0.0000
  3.76742572e-01   0.0000
 -4.89404887e-01   0.0000
 -2.44359955e-01   0.0000
  1.24555242e+00   0.0000
 -2.14051962e-01   0.0000
  2.10624449e-02   0.0000
  7.71496221e-02   0.0000
  5.35847545e-02   0.0000
 -4.58186328e-01   0.0000
  2.81053558e-02   0.0000
  4.13778335e-01   0.0000
 -3.53500307e-01   0.0000
  5.47258019e-01   0.0000
 -3.22754264e-01   0.0000
 -1.98284015e-01   0.0000
 -1.80482402e-01   0.0000
 -4.00683671e-01   0.0000
 -2.38003675e-02   0.0000
  1.40456319e+00   0.0000
  1.16421998e-01   0.0000
 -5.04135229e-02   0.0000
  6.35816008e-02   0.0000
  5.45555174e-01   0.0000
 -1.72569537e+00   0.0000
  6.60560727e-01   0.0000
  1.61036396e+00   0.0000
 -8.10273886e-01   0.0000
 -1.66035935e-01   0.0000
 -7.48376608e-01   0.0000
 -1.19469488e+00   0.0000
  8.25097084e-01   0.0000
  1.79659379e+00   0.0000
  8.83142114e-01   0.0000
 -8.17038000e-01   0.0000
 -8.36951844e-03   0.0000
 -1.55517399e+00   0.0000
 -1.59837008e+00   0.0000
  5.61820221e+00   0.0000
 -3.76778817e+00   0.0000
 -3.06966603e-01   0.0000
  2.39711180e-01   0.0000
  3.63830924e-01   0.0000
  3.43807489e-01   0.0000
 -5.69780409e-01   0.0000
 -6.49727643e-01   0.0000
 -9.38484907e-01   0.0000
 -2.93919235e-01   0.0000
  1.30648598e-01   0.0000
 -3.86712372e-01   0.0000
 -1.59592479e-01   0.0000
  1.00485429e-01   0.0000
 -7.44979642e-03   0.0000
  2.77828336e-01   0.0000
 -4.51121628e-02   0.0000
  9.03151214e-01   0.0000
 -1.22835830e-01   0.0000
  5.09377867e-02   0.0000
  2.65684843e-01   0.0000
  7.12332204e-02   0.0000
 -1.49828017e-01   0.0000
  1.27152637e-01   0.0000
 -6.55761898e-01   0.0000
 -8.32285807e-02   0.0000
 -2.32762337e-01   0.0000
 -2.62363642e-01   0.0000
 -2.20215499e-01   0.0000
 -2.96136439e-02   0.0000
  6.62267357e-02   0.0000
  4.69139874e-01   0.0000
  4.70561981e-02   0.0000
 -4.64053713e-02   0.0000
 -5.65501332e-01   0.0000
  4.36320156e-01   0.0000
 -6.77249670e-01   0.0000
 -4.84787643e-01   0.0000
  4.42348093e-01   0.0000
 -1.87793061e-01   0.0000
  4.36926752e-01   0.0000
 -1.28824264e-01   0.0000
 -3.24495405e-01   0.0000
  5.25726497e-01   0.0000
  2.04876378e-01   0.0000
 -1.84611797e-01   0.0000
 -4.79153305e-01   0.0000
 -1.70976654e-01   0.0000
  6.03450648e-02   0.0000
  5.93004823e-01   0.0000
 -1.46011278e-01   0.0000
  1.26924977e-01   0.0000
 -4.53950673e-01   0.0000
 -1.32724524e-01   0.0000
  7.31605411e-01   0.0000
  1.53824136e-01   0.0000
  3.67341600e-02   0.0000
  2.05797911e+00   0.0000
  1.47516951e-01   0.0000
  7.30369329e-01   0.0000
  1.34499085e+00   0.0000
 -2.13328172e-02   0.0000
 -7.42980689e-02   0.0000
 -3.38019729e-01   0.0000
 -4.50298786e-01   0.0000
 -3.87999821e+00   0.0000
 -5.70982695e-03   0.0000
 -6.95636094e-01   0.0000
  6.41354471e-02   0.0000
 -9.15684626e-02   0.0000
  2.13539436e-01   0.0000
  2.07764119e-01   0.0000
  6.90399468e-01   0.0000
  2.81415761e-01   0.0000
  1.46982118e-01   0.0000
  1.45111576e-01   0.0000
  4.14796054e-01   0.0000
  5.21219373e-02   0.0000
 -4.81224060e-01   0.0000
 -5.65842211e-01   0.0000
 -8.07263434e-01   0.0000
 -8.88569534e-01   0.0000
  3.76949459e-01   0.0000
 -5.97070158e-01   0.0000
 -8.24582040e-01   0.0000
  2.75842279e-01   0.0000
  1.49407372e-01   0.0000
  2.15194132e-02   0.0000
 -5.55264652e-01   0.0000
  1.21928465e+00   0.0000
  3.87718938e-02   0.0000
 -4.53192741e-01   0.0000
  1.70018911e-01   0.0000
 -1.25112087e-02   0.0000
  3.67991388e-01   0.0000
  2.18598604e-01   0.0000
 -1.08544447e-01   0.0000
 -5.48740447e-01   0.0000
  4.13555861e-01   0.0000
  1.75436333e-01   0.0000
  4.94183451e-01   0.0000
 -2.20709756e-01   0.0000
 -3.24501425e-01   0.0000
 -2.06975654e-01   0.0000
 -2.85399824e-01   0.0000
  1.01047134e+00   0.0000
  8.79152939e-02   0.0000
 -5.76615870e-01   0.0000
  5.23615837e-01   0.0000
  7.46561214e-03   0.0000
 -4.87716138e-01   0.0000
 -8.60731676e-02   0.0000
 -2.53855497e-01   0.0000
 -9.84363675e-01   0.0000
  4.91433144e-01   0.0000
 -4.93589014e-01   0.0000
 -1.11799312e+00   0.0000
  6.14716649e-01   0.0000
  1.04555286e-01   0.0000
  1.06453195e-01   0.0000
 -1.27401933e-01   0.0000
 -6.18741274e-01   0.0000
  8.15201700e-01   0.0000
 -2.76195794e-01   0.0000
 -3.59708816e-01   0.0000
  1.40394881e-01   0.0000
  3.02924663e-01   0.0000
  3.21145713e-01   0.0000
  3.65092725e-01   0.0000
 -5.38929880e-01   0.0000
 -1.40835747e-01   0.0000
  2.47604966e-01   0.0000
 -6.23567045e-01   0.0000
 -3.43264729e-01   0.0000
  2.78192431e-01   0.0000
  4.49975803e-02   0.0000
  4.69743818e-01   0.0000
  4.56420600e-01   0.0000
 -4.55521375e-01   0.0000
  3.46434563e-01   0.0000
  5.43549657e-01   0.0000
 -3.27887118e-01   0.0000
 -3.76388341e-01   0.0000
 -2.26601109e-01   0.0000
  7.07966508e-03   0.0000
  3.47285509e-01   0.0000
 -3.27024639e-01   0.0000
 -4.28066030e-02   0.0000
  3.01214427e-01   0.0000
  2.93911666e-01   0.0000
 -3.40127736e-01   0.0000
 -5.19076645e-01   0.0000
 -8.95619869e-01   0.0000
 -1.41262507e+00   0.0000
 -4.15011436e-01   0.0000
 -5.54055214e-01   0.0000
  9.76206511e-02   0.0000
 -3.93310636e-01   0.0000
  3.51614445e-01   0.0000
  1.20568551e-01   0.0000
  4.00474787e-01   0.0000
  1.06144942e-01   0.0000
 -3.52697611e-01   0.0000
  4.17178810e-01   0.0000
  1.22503094e-01   0.0000
 -2.44844183e-01   0.0000
 -6.79582417e-01   0.0000
  6.84883026e-03   0.0000
 -7.34800756e-01   0.0000
  3.62739749e-02   0.0000
 -1.82846949e-01   0.0000
 -1.82210207e-01   0.0000
 -3.47723722e-01   0.0000
 -9.69539303e-03   0.0000
 -1.42066687e-01   0.0000
  4.56154458e-02   0.0000
 -5.70710897e-01   0.0000
 -4.54011708e-01   0.0000
 -3.70266765e-01   0.0000
 -3.52567807e-02   0.0000
 -5.79639912e-01   0.0000
  3.71648580e-01   0.0000
  5.71479976e-01   0.0000
  1.19814754e-01   0.0000
  3.06241006e-01   0.0000
  1.23402464e+00   0.0000
 -3.38805350e-03   0.0000
  3.59003901e-01   0.0000
  7.71235466e-01   0.0000
 -7.75202632e-01   0.0000
 -6.57145381e-02   0.0000
 -1.31075591e-01   0.0000
  1.84461012e-01   0.0000
  4.89079922e-01   0.0000
 -4.48065668e-01   0.0000
 -5.80547214e-01   0.0000
 -1.09511662e+00   0.0000
 -3.71969026e-03   0.0000
  3.33824366e-01   0.0000
  1.87168643e-01   0.0000
  4.95231330e-01   0.0000
 -8.40776384e-01   0.0000
 -7.37886250e-01   0.0000
  2.46362969e-01   0.0000
 -2.94680689e-02   0.0000
  2.58065701e-01   0.0000
  1.44315755e+00   0.0000
 -2.79935807e-01   0.0000
  6.84959173e-01   0.0000
  4.12003517e-01   0.0000
 -3.47715527e-01   0.0000
  1.10163800e-01   0.0000
  1.90012658e+00   0.0000
 -1.42580080e+00   0.0000
 -2.43702605e-01   0.0000
 -5.77422008e-02   0.0000
  1.64511442e-01   0.0000
  1.08841562e+00   0.0000
 -9.85048234e-01   0.0000
 -3.86403680e-01   0.0000
 -5.01609445e-01   0.0000
  4.12642866e-01   0.0000
 -5.87371290e-01   0.0000
 -3.62029403e-01   0.0000
 -1.18588591e+00   0.0000
  7.16488361e-01   0.0000
 -7.14682281e-01   0.0000
 -1.00090420e+00   0.0000
 -2.31152034e+00   0.0000
  2.09108219e-01   0.0000
  2.85708487e-01   0.0000
  2.84127444e-01   0.0000
  9.15096760e-01   0.0000
 -5.25382996e-01   0.0000
 -4.34211135e-01   0.0000
  2.31926233e-01   0.0000
  3.91627818e-01   0.0000
 -1.52366161e-01   0.0000
 -4.30373624e-02   0.0000
 -5.77342883e-02   0.0000
 -4.69680965e-01   0.0000
  1.86805770e-01   0.0000
 -1.73230078e-02   0.0000
 -4.07927096e-01   0.0000
 -3.05700839e-01   0.0000
 -9.27836075e-02   0.0000
  5.07193148e-01   0.0000
  3.64654064e-01   0.0000
  2.86040723e-01   0.0000
 -3.93250259e-03   0.0000
 -3.12185902e-02   0.0000
  4.09515113e-01   0.0000
 -8.45046997e-01   0.0000
 -2.67674088e-01   0.0000
  6.43639922e-01   0.0000
 -3.89516234e-01   0.0000
  1.08595803e-01   0.0000
  5.01032531e-01   0.0000
 -6.11108430e-02   0.0000
  4.19180453e-01   0.0000
  5.27163804e-01   0.0000
 -6.87949777e-01   0.0000
 -2.62358725e-01   0.0000
 -2.69446194e-01   0.0000
 -6.56324322e-04   0.0000
  5.33335030e-01   0.0000
 -2.95371383e-01   0.0000
  1.48377731e-01   0.0000
  1.04214855e-01   0.0000
  1.19197659e-01   0.0000
 -4.42508966e-01   0.0000
 -1.32116422e-01   0.0000
 -1.00376336e-02   0.0000
  7.91763246e-01   0.0000
  2.72356600e-01   0.0000
 -3.00511152e-01   0.0000
 -8.41210112e-02   0.0000
  2.76963800e-01   0.0000
 -7.08002508e-01   0.0000
  2.13314846e-01   0.0000
  4.97504994e-02   0.0000
 -1.11571074e+00   0.0000
 -1.73765555e-01   0.0000
 -5.85098207e-01   0.0000
 -5.78926392e-02   0.0000
  5.76440692e-01   0.0000
  1.57405511e-01   0.0000
 -7.47294873e-02   0.0000
 -2.73432076e-01   0.0000
 -2.43767530e-01   0.0000
  6.20776176e-01   0.0000
 -8.59832973e-04   0.0000
 -7.52942860e-02   0.0000
 -6.72286674e-02   0.0000
  1.58865646e-01   0.0000
  2.74635553e-01   0.0000
  1.37101519e+00   0.0000
 -3.39240640e-01   0.0000
  2.23794445e-01   0.0000
  1.52922615e-01   0.0000
 -1.11118531e+00   0.0000
  5.89042492e-02   0.0000
  9.96708050e-02   0.0000
 -4.97021168e-01   0.0000
 -7.39087522e-01   0.0000
 -1.40452170e+00   0.0000
  3.59832525e-01   0.0000
 -3.78419220e-01   0.0000
 -4.87882048e-01   0.0000
  4.15326208e-02   0.0000
  3.54164749e-01   0.0000
  3.80095184e-01   0.0000
  2.28244215e-01   0.0000
  2.79141098e-01   0.0000
 -1.99734524e-01   0.0000
 -4.71774526e-02   0.0000
 -1.89763703e-03   0.0000
  2.22062171e-01   0.0000
  1.98434159e-01   0.0000
  1.76914215e-01   0.0000
 -1.07122874e-02   0.0000
 -6.76462501e-02   0.0000
 -4.37391728e-01   0.0000
  2.22533673e-01   0.0000
 -8.18632245e-01   0.0000
 -1.93949774e-01   0.0000
  4.97378796e-01   0.0000
  4.08189632e-02   0.0000
  3.78462553e-01   0.0000
  2.54834354e-01   0.0000
 -3.57503772e-01   0.0000
  2.67309517e-01   0.0000
  3.45615238e-01   0.0000
 -1.20566562e-01   0.0000
 -2.83816725e-01   0.0000
 -2.25670010e-01   0.0000
 -1.79973751e-01   0.0000
  2.14526936e-01   0.0000
 -1.54911146e-01   0.0000
 -3.08630556e-01   0.0000
 -5.70065260e-01   0.0000
  9.45167057e-03   0.0000
 -2.26463258e-01   0.0000
 -2.15058312e-01   0.0000
 -1.22622447e-02   0.0000
  6.26514971e-01   0.0000
 -4.69173729e-01   0.0000
 -3.66773725e-01   0.0000
 -7.00632155e-01   0.0000
  3.82131010e-01   0.0000
  8.23695540e-01   0.0000
  1.39203116e-01   0.0000
  6.76566184e-01   0.0000
  1.02130079e+00   0.0000
 -4.10308875e-02   0.0000
 -5.73912859e-02   0.0000
  1.23172951e+00   0.0000
 -9.12999153e-01   0.0000
  1.24585181e-01   0.0000
 -1.49008716e-02   0.0000
  1.37697682e-01   0.0000
  5.00014603e-01   0.0000
 -7.17271149e-01   0.0000
 -1.07556485e-01   0.0000
 -7.39733219e-01   0.0000
  2.81125128e-01   0.0000
 -6.53844476e-01   0.0000
 -4.16104674e-01   0.0000
 -6.44309580e-01   0.0000
 -6.81704462e-01   0.0000
 -4.47870642e-01   0.0000
 -6.61565661e-01   0.0000
 -1.05537213e-01   0.0000
 -3.26698995e-03   0.0000
  6.12866759e-01   0.0000
  4.42727745e-01   0.0000
  5.89598179e-01   0.0000
 -3.74885529e-01   0.0000
 -3.43527883e-01   0.0000
  5.95153987e-01   0.0000
  5.47405481e-01   0.0000
 -7.26260304e-01   0.0000
 -7.01252759e-01   0.0000
 -1.14750050e-01   0.0000
 -2.41953149e-01   0.0000
  9.33889747e-01   0.0000
 -1.24873149e+00   0.0000
  2.02326760e-01   0.0000
  3.65064919e-01   0.0000
  1.65181831e-01   0.0000
  1.15751758e-01   0.0000
  1.91813231e-01   0.0000
 -2.63436764e-01   0.0000
  5.70043623e-02   0.0000
  2.20162585e-01   0.0000
  2.49148190e-01   0.0000
  2.50398546e-01   0.0000
 -2.40592837e-01   0.0000
 -9.21419978e-01   0.0000
 -1.70429870e-01   0.0000
 -7.31866181e-01   0.0000
  2.30000708e-02   0.0000
  3.59182507e-01   0.0000
 -4.83700275e-01   0.0000
 -9.50895369e-01   0.0000
  6.09486103e-01   0.0000
  1.45215333e-01   0.0000
  1.79156646e-01   0.0000
 -1.53293550e-01   0.0000
 -4.39926863e-01   0.0000
  7.73529947e-01   0.0000
 -8.80891681e-02   0.0000
 -3.85341346e-01   0.0000
 -1.11403480e-01   0.0000
  2.18320087e-01   0.0000
  4.93300736e-01   0.0000
  7.16300383e-02   0.0000
 -3.02467018e-01   0.0000
 -3.17714542e-01   0.0000
  1.82452813e-01   0.0000
 -5.35012782e-01   0.0000
 -2.59651482e-01   0.0000
  2.09247261e-01   0.0000
 -1.36373863e-01   0.0000
  3.60087864e-02   0.0000
  3.22663844e-01   0.0000
 -2.21133277e-01   0.0000
  3.53294730e-01   0.0000
  1.95295766e-01   0.0000
 -2.56352216e-01   0.0000
  8.29217732e-02   0.0000
 -1.13570780e-01   0.0000
 -5.42996824e-02   0.0000
  3.44775945e-01   0.0000
 -2.10896447e-01   0.0000
  1.94609031e-01   0.0000
  3.62987489e-01   0.0000
 -3.90597470e-02   0.0000
  5.38553655e-01   0.0000
  2.48793021e-01   0.0000
 -6.07750155e-02   0.0000
  2.55734146e-01   0.0000
  3.54648352e-01   0.0000
  2.74125040e-01   0.0000
 -3.23750824e-02   0.0000
 -1.81751717e-02   0.0000
 -7.96340644e-01   0.0000
 -4.04207051e-01   0.0000
 -5.95193803e-01   0.0000
  3.04167867e-01   0.0000
  2.74656773e-01   0.0000
 -5.94341099e-01   0.0000
 -9.37237442e-01   0.0000
  5.35217583e-01   0.0000
  1.39983803e-01   0.0000
  2.98387036e-02   0.0000
 -4.80581298e-02   0.0000
 -4.46571290e-01   0.0000
  3.85515511e-01   0.0000
 -2.35940650e-01   0.0000
 -2.69428223e-01   0.0000
 -1.95360184e-01   0.0000
  1.55598968e-01   0.0000
  9.53536034e-02   0.0000
 -1.59371272e-01   0.0000
 -2.32555613e-01   0.0000
 -1.71370089e-01   0.0000
  4.67250347e-01   0.0000
 -5.82937002e-01   0.0000
 -3.17202151e-01   0.0000
 -9.40766111e-02   0.0000
 -2.01201618e-01   0.0000
  3.71439487e-01   0.0000
 -4.61535156e-02   0.0000
 -2.10685670e-01   0.0000
  3.09675992e-01   0.0000
 -1.07453719e-01   0.0000
 -2.96869606e-01   0.0000
 -5.77845015e-02   0.0000
 -1.43975616e-01   0.0000
 -2.31624499e-01   0.0000
  1.37476325e-01   0.0000
 -3.16584080e-01   0.0000
  1.09076709e-03   0.0000
 -4.25243229e-01   0.0000
  4.12637383e-01   0.0000
 -5.79801679e-01   0.0000
 -2.75506914e-01   0.0000
 -1.31908536e+00   0.0000
 -1.76925170e+00   0.0000
 -5.83382130e-01   0.0000
 -6.20653272e-01   0.0000
 -5.41846693e-01   0.0000
 -4.49656397e-01   0.0000
  4.17694956e-01   0.0000
  4.25935566e-01   0.0000
  7.80881464e-01   0.0000
  1.20933783e+00   0.0000
 -3.21280599e-01   0.0000
  9.92713511e-01   0.0000
 -4.76460420e-02   0.0000
 -6.30950630e-01   0.0000
 -7.72397459e-01   0.0000
 -2.70579219e-01   0.0000
 -7.08606362e-01   0.0000
  7.78742671e-01   0.0000
 -9.39383984e-01   0.0000
 -1.00995862e+00   0.0000
 -1.43564701e+00   0.0000
  4.07837629e-01   0.0000
 -6.68029726e-01   0.0000
 -6.89835668e-01   0.0000
 -1.82125464e-01   0.0000
 -4.99593449e+00   0.0000
 -1.39145327e+00   0.0000
 -5.29827237e-01   0.0000
 -1.51283240e+00   0.0000
 -4.04690742e-01   0.0000
  1.44676995e+00   0.0000
  1.26682806e+00   0.0000
  1.83814645e+00   0.0000
  4.10785484e+00   0.0000
 -8.36260200e-01   0.0000
  1.94325233e+00   0.0000
  2.14568734e+00   0.0000
 -1.29413891e+00   0.0000
 -1.10999370e+00   0.0000
 -7.45447159e-01   0.0000
 -1.05116391e+00   0.0000
  1.71315587e+00   0.0000
 -1.63183594e+00   0.0000
  1.06194460e+00   0.0000
  1.28221560e+00   0.0000
 -3.00721645e-01   0.0000
  3.62948775e-01   0.0000
  3.88552308e-01   0.0000
  9.62932780e-02   0.0000
  5.88650990e+00   0.0000
  1.38639760e+00   0.0000
  6.74987733e-01   0.0000
  1.34034050e+00   0.0000
  8.91883790e-01   0.0000
 -1.32058573e+00   0.0000
 -7.86188602e-01   0.0000
 -1.63516438e+00   0.0000
 -2.59669089e+00   0.0000
  8.36341321e-01   0.0000
 -2.09309435e+00   0.0000
 -1.51821685e+00   0.0000
  1.45055342e+00   0.0000
  1.12487435e+00   0.0000
  7.17314959e-01   0.0000
  1.39440536e+00   0.0000
 -1.58613193e+00   0.0000
  1.64680672e+00   0.0000
  3.76012117e-01   0.0000
  3.12376291e-01   0.0000
 -2.89956629e-01   0.0000
  5.75263023e-01   0.0000
  2.84274966e-01   0.0000
  1.28593516e+00   0.0000
  5.76773107e-01   0.0000
  8.02954197e-01   0.0000
  7.21110165e-01   0.0000
  5.87607145e-01   0.0000
  4.06781137e-01   0.0000
 -7.81881928e-01   0.0000
 -1.75797924e-01   0.0000
 -1.40348589e+00   0.0000
 -1.22923851e+00   0.0000
  5.70270002e-01   0.0000
 -9.21128094e-01   0.0000
  3.49534005e-01   0.0000
  5.48988521e-01   0.0000
  7.82518029e-01   0.0000
  4.82595503e-01   0.0000
  3.82985026e-01   0.0000
 -1.12635231e+00   0.0000
  1.53792965e+00   0.0000
  8.76632988e-01   0.0000
  1.21334648e+00   0.0000
 -6.87391400e-01   0.0000
 -7.44966149e-01   0.0000
 -4.71005619e-01   0.0000
  5.12068689e-01   0.0000
  1.76491570e+00   0.0000
  1.45977211e+00   0.0000
 -1.01100102e-01   0.0000
  3.06272650e+00   0.0000
  7.40885854e-01   0.0000
 -1.56910193e+00   0.0000
 -7.52669573e-01   0.0000
 -1.59876215e+00   0.0000
 -1.50985539e+00   0.0000
  8.28132868e-01   0.0000
 -1.28065097e+00   0.0000
 -1.86734843e+00   0.0000
  1.72558987e+00   0.0000
  8.99652481e-01   0.0000
  1.37449697e-01   0.0000
  5.89749694e-01   0.0000
 -1.58017242e+00   0.0000
  1.88685322e+00   0.0000
  1.41512895e+00   0.0000
  2.56585884e+00   0.0000
 -3.55864257e-01   0.0000
 -1.69138384e+00   0.0000
 -8.62949967e-01   0.0000
 -1.69232321e+00   0.0000
  5.89813232e+00   0.0000
  2.09416151e+00   0.0000
 -1.40705216e+00   0.0000
  3.10266495e+00   0.0000
  1.09792531e-01   0.0000
 -3.08115339e+00   0.0000
 -3.15009385e-01   0.0000
 -2.71191120e+00   0.0000
 -5.33305025e+00   0.0000
  1.37723911e+00   0.0000
 -2.34207964e+00   0.0000
 -3.79398155e+00   0.0000
  3.11937857e+00   0.0000
  1.47831845e+00   0.0000
  8.52114260e-01   0.0000
  3.51037294e-01   0.0000
 -3.07614064e+00   0.0000
  3.30030298e+00   0.0000
  0.00000000e+00   0.0000

