 5 0.000000 1
 1 
 Si 28.085500
 0 0.250001 4.500000 0.978124 1.000000 
 5 0 1 2 4 6
 8 2.25000 2.50000 2.75000 3.00000 3.25000 3.50000 3.75000 4.00000
 1 12.169200 6.172630 3.114710 0.755675 0.404939 0.036124 0.650018 0.572890
 5 40 24 24 16 1
 -6.93712115e-01   0.0000
 -3.82524639e-01   0.0000
 -1.03812551e+00   0.0000
  1.89776170e+00   0.0000
  4.06502277e-01   0.0000
  5.74235320e-01   0.0000
  8.53492975e-01   0.0000
 -2.40708262e-01   0.0000
  6.99042797e-01   0.0000
  7.16316342e-01   0.0000
 -6.43618464e-01   0.0000
  5.74324727e-01   0.0000
  1.59775704e-01   0.0000
  1.96648419e-01   0.0000
  1.36023059e-01   0.0000
 -5.63837886e-01   0.0000
  4.99435551e-02   0.0000
 -4.47472572e-01   0.0000
 -5.92855752e-01   0.0000
 -2.63789296e-01   0.0000
 -5.89992583e-01   0.0000
 -9.70494270e-01   0.0000
  8.25788677e-02   0.0000
 -1.49861071e-02   0.0000
 -2.21956253e-01   0.0000
 -4.13491249e-01   0.0000
 -4.26742196e-01   0.0000
  2.92758822e-01   0.0000
 -6.45573288e-02   0.0000
 -4.53955345e-02   0.0000
  8.02686334e-01   0.0000
  2.58972734e-01   0.0000
  3.57182086e-01   0.0000
  4.93898153e-01   0.0000
 -6.07925653e-01   0.0000
  1.61979511e-01   0.0000
  1.77161500e-01   0.0000
  1.87628880e-01   0.0000
  5.39651453e-01   0.0000
 -2.84181505e-01   0.0000
  3.68064106e-01   0.0000
 -8.04161727e-01   0.0000
 -6.52206596e-03   0.0000
 -3.70772898e-01   0.0000
  1.97805837e-01   0.0000
 -4.15064365e-01   0.0000
 -3.47966589e-02   0.0000
  2.74946213e-01   0.0000
 -5.68367720e-01   0.0000
 -2.00166389e-01   0.0000
  8.19384009e-02   0.0000
 -4.99162197e-01   0.0000
 -4.86809574e-02   0.0000
 -2.63215572e-01   0.0000
  1.00771666e+00   0.0000
  2.55215075e-02   0.0000
  2.44625568e-01   0.0000
  9.84137133e-02   0.0000
 -9.10192207e-02   0.0000
  7.11462140e-01   0.0000
 -8.94375294e-02   0.0000
 -6.75296709e-02   0.0000
  1.85313553e-01   0.0000
 -8.08442652e-01   0.0000
  4.56890643e-01   0.0000
 -9.28089321e-02   0.0000
  2.03879431e-01   0.0000
 -5.00418723e-01   0.0000
  3.66718397e-02   0.0000
 -1.56075314e-01   0.0000
  6.21557057e-01   0.0000
  4.13932562e-01   0.0000
 -4.64720339e-01   0.0000
 -2.62643576e-01   0.0000
  4.62773532e-01   0.0000
 -5.70920587e-01   0.0000
  5.39309196e-02   0.0000
 -2.69471407e-01   0.0000
  9.24066186e-01   0.0000
 -8.50490630e-02   0.0000
  4.88324054e-02   0.0000
  2.18142718e-01   0.0000
  1.53812200e-01   0.0000
  8.07277933e-02   0.0000
 -5.23173392e-01   0.0000
 -4.64678645e-01   0.0000
  3.74613851e-01   0.0000
 -5.82618773e-01   0.0000
  2.22236246e-01   0.0000
 -1.44067556e-01   0.0000
  3.72368991e-02   0.0000
 -5.40917814e-01   0.0000
 -7.73037523e-02   0.0000
  1.47907197e-01   0.0000
  2.90525407e-01   0.0000
  3.36100936e-01   0.0000
 -7.78955758e-01   0.0000
  2.48296484e-02   0.0000
  4.27313119e-01   0.0000
 -5.39801240e-01   0.0000
  5.12754396e-02   0.0000
 -6.53295815e-02   0.0000
  7.96240807e-01   0.0000
 -6.49737716e-02   0.0000
 -3.00996393e-01   0.0000
  2.33158946e-01   0.0000
  2.78092951e-01   0.0000
  2.72823069e-02   0.0000
 -6.85924947e-01   0.0000
 -3.73338908e-01   0.0000
  3.73020142e-01   0.0000
 -4.80578244e-01   0.0000
  4.80871238e-02   0.0000
 -1.31844459e-02   0.0000
  7.42218792e-02   0.0000
 -5.40871993e-02   0.0000
  1.09656602e-02   0.0000
  1.72247857e-01   0.0000
  2.54126906e-01   0.0000
  3.94186378e-03   0.0000
 -8.07475150e-01   0.0000
 -3.20943296e-01   0.0000
  4.19727154e-02   0.0000
 -2.21871674e-01   0.0000
  8.64879489e-02   0.0000
  8.47922936e-02   0.0000
  1.13399124e+00   0.0000
 -1.48914084e-02   0.0000
 -3.86956900e-01   0.0000
  3.26616496e-01   0.0000
  4.87369597e-01   0.0000
  3.41602206e-01   0.0000
 -2.74407953e-01   0.0000
 -6.02985583e-02   0.0000
  1.22511219e-02   0.0000
 -5.33605337e-01   0.0000
 -4.85194623e-01   0.0000
  1.52859446e-02   0.0000
 -7.74315298e-02   0.0000
 -3.16868126e-02   0.0000
 -1.38351461e-02   0.0000
 -2.39090070e-01   0.0000
 -1.55939013e-01   0.0000
  1.17346823e-01   0.0000
 -3.42700109e-02   0.0000
 -2.03641132e-01   0.0000
 -6.31388091e-03   0.0000
  5.89724183e-01   0.0000
  1.17125951e-01   0.0000
  8.84996831e-01   0.0000
  6.43665075e-01   0.0000
  2.37524007e-02   0.0000
 -1.41040921e-01   0.0000
  6.44954085e-01   0.0000
  6.10063791e-01   0.0000
  3.33111465e-01   0.0000
  7.91976005e-02   0.0000
  4.53234524e-01   0.0000
  2.38822913e-03   0.0000
 -3.88820559e-01   0.0000
 -4.50572789e-01   0.0000
 -2.85010114e-02   0.0000
 -6.66140795e-01   0.0000
 -1.76325828e-01   0.0000
 -5.07356152e-02   0.0000
 -6.58177257e-01   0.0000
 -6.50346458e-01   0.0000
  8.39580968e-02   0.0000
 -3.10746610e-01   0.0000
 -2.52989829e-01   0.0000
 -1.53072610e-01   0.0000
  9.94346201e-01   0.0000
  4.70059365e-01   0.0000
  1.34898174e+00   0.0000
  4.54039872e-01   0.0000
  1.78066138e-02   0.0000
 -7.00726546e-03   0.0000
  3.27841401e-01   0.0000
  6.86995864e-01   0.0000
 -1.83222011e-01   0.0000
  2.01195240e-01   0.0000
  2.56847084e-01   0.0000
 -2.69150385e-03   0.0000
 -7.67639801e-02   0.0000
 -9.34152424e-01   0.0000
 -4.43048805e-01   0.0000
 -1.00251448e+00   0.0000
 -1.20970204e-01   0.0000
 -4.62504596e-01   0.0000
 -3.48440021e-01   0.0000
 -2.97511727e-01   0.0000
  6.78289495e-03   0.0000
 -1.75211858e-02   0.0000
  6.17601462e-02   0.0000
 -3.17948878e-01   0.0000
  2.26577014e-01   0.0000
  1.73215628e-01   0.0000
  3.23516697e-01   0.0000
  1.13901868e-01   0.0000
  1.26090392e-01   0.0000
 -4.24278557e-01   0.0000
 -1.50870541e-02   0.0000
  7.40436241e-02   0.0000
 -1.09493397e-02   0.0000
 -3.19429860e-02   0.0000
 -5.62709332e-01   0.0000
  3.28211160e-03   0.0000
  2.24014103e-01   0.0000
 -5.13547100e-02   0.0000
  3.79044469e-03   0.0000
 -2.57139862e-01   0.0000
  3.92483957e-02   0.0000
 -1.20833531e-01   0.0000
 -1.14969619e-01   0.0000
 -1.77104324e-01   0.0000
  5.34476666e-03   0.0000
 -1.58031713e-02   0.0000
  2.28676107e-02   0.0000
 -3.07004094e-01   0.0000
 -6.52590841e-02   0.0000
  8.16512629e-02   0.0000
  3.02812010e-01   0.0000
  3.04318488e-01   0.0000
  4.48052585e-02   0.0000
  1.22919127e-01   0.0000
 -1.25030885e-02   0.0000
 -7.76018351e-02   0.0000
  1.38476528e-02   0.0000
 -4.04907525e-01   0.0000
 -7.13770330e-01   0.0000
 -2.12646439e-03   0.0000
  9.85269919e-02   0.0000
  7.40454197e-02   0.0000
 -2.19261106e-02   0.0000
 -1.49829611e-01   0.0000
  9.94929597e-02   0.0000
  7.44888335e-02   0.0000
 -1.14639193e-01   0.0000
 -1.80173784e-01   0.0000
  2.73579746e-01   0.0000
  6.98546879e-03   0.0000
  2.19487339e-01   0.0000
  3.15005854e-02   0.0000
  1.00420080e-01   0.0000
  7.31318220e-02   0.0000
  1.59985602e-01   0.0000
  1.01620309e-01   0.0000
  1.30351350e-01   0.0000
 -4.78851289e-01   0.0000
 -1.85628124e-02   0.0000
 -2.64824294e-02   0.0000
 -2.46576071e-02   0.0000
 -3.64607662e-01   0.0000
 -3.17605585e-01   0.0000
  6.30589426e-02   0.0000
  4.36921418e-02   0.0000
  3.40356797e-01   0.0000
 -5.55013008e-02   0.0000
 -3.77867892e-02   0.0000
 -5.42054698e-02   0.0000
 -9.62169189e-03   0.0000
  5.43889264e-03   0.0000
 -1.50373653e-01   0.0000
  7.39343986e-02   0.0000
 -6.96903244e-02   0.0000
  2.34995484e-02   0.0000
  9.20363963e-02   0.0000
 -7.67442733e-02   0.0000
  9.74496603e-02   0.0000
  1.05032437e-01   0.0000
  4.70876321e-02   0.0000
 -3.06011140e-01   0.0000
  1.07754961e-01   0.0000
  2.39125893e-01   0.0000
 -5.45833744e-02   0.0000
 -4.72092535e-04   0.0000
 -8.11095163e-02   0.0000
 -2.65851438e-01   0.0000
 -7.10286349e-02   0.0000
 -1.94779798e-01   0.0000
  2.76952267e-01   0.0000
  2.66739051e-04   0.0000
 -1.48682803e-01   0.0000
  1.67347435e-02   0.0000
 -7.39710107e-02   0.0000
  7.60714412e-02   0.0000
 -4.52363864e-02   0.0000
 -3.14157107e-03   0.0000
  1.96399599e-01   0.0000
  6.50944328e-03   0.0000
 -9.86052826e-02   0.0000
  2.60803908e-01   0.0000
  6.31909892e-02   0.0000
  9.47998762e-02   0.0000
  2.91567165e-02   0.0000
 -2.77312189e-01   0.0000
 -4.54585582e-01   0.0000
 -2.61056155e-01   0.0000
 -8.38552862e-02   0.0000
 -4.32693511e-02   0.0000
 -8.23539421e-02   0.0000
 -2.21151903e-01   0.0000
  1.09033458e-01   0.0000
 -1.49155883e-02   0.0000
 -4.56912108e-02   0.0000
 -1.99516583e-03   0.0000
  5.02198935e-02   0.0000
 -5.92068434e-02   0.0000
 -8.49507377e-02   0.0000
  1.06684275e-01   0.0000
  1.82987481e-01   0.0000
  1.18614193e-02   0.0000
  8.24687071e-04   0.0000
  1.47497654e-01   0.0000
 -4.57166880e-01   0.0000
 -5.44531792e-02   0.0000
  1.17856093e-01   0.0000
  1.79292798e-01   0.0000
 -7.59426766e-05   0.0000
 -7.84290060e-02   0.0000
 -2.19333678e-01   0.0000
  5.16702002e-03   0.0000
 -4.43050474e-01   0.0000
 -5.12717143e-02   0.0000
 -1.06862016e-01   0.0000
 -1.69232845e-01   0.0000
 -6.08763006e-03   0.0000
 -1.16903139e-02   0.0000
  6.84601143e-02   0.0000
 -3.18548386e-03   0.0000
 -1.79676875e-01   0.0000
 -3.73618002e-03   0.0000
 -2.56499827e-01   0.0000
  1.37311041e-01   0.0000
  2.13021472e-01   0.0000
  9.78138880e-04   0.0000
 -4.38473606e-03   0.0000
 -1.24768951e-04   0.0000
 -5.55725815e-03   0.0000
  1.31689355e-01   0.0000
  1.56604484e-01   0.0000
  5.27510233e-02   0.0000
  1.98131204e-02   0.0000
 -8.33901539e-02   0.0000
 -3.52200687e-01   0.0000
  9.90449637e-02   0.0000
 -1.94988862e-01   0.0000
 -2.25328933e-03   0.0000
 -7.65452757e-02   0.0000
 -2.54830234e-02   0.0000
 -1.63766876e-04   0.0000
  1.39092980e-03   0.0000
  9.64740217e-02   0.0000
  2.93636182e-03   0.0000
  1.59167975e-01   0.0000
 -8.97874963e-03   0.0000
 -1.75092831e-01   0.0000
  2.62126774e-01   0.0000
  1.76212698e-01   0.0000
  7.27949839e-04   0.0000
  1.94113757e-02   0.0000
 -1.51666971e-02   0.0000
  3.23806629e-02   0.0000
 -1.16937542e-02   0.0000
 -1.20261200e-02   0.0000
 -1.07106175e-02   0.0000
  2.04663761e-02   0.0000
  2.65446827e-02   0.0000
 -2.98740566e-01   0.0000
  2.96063215e-01   0.0000
  4.82106232e-04   0.0000
 -2.44065169e-02   0.0000
 -5.02061471e-02   0.0000
 -3.17690638e-03   0.0000
 -5.19941412e-02   0.0000
  2.08663449e-01   0.0000
 -1.75779000e-01   0.0000
  1.37362719e-01   0.0000
  5.75587014e-03   0.0000
  3.10170855e-02   0.0000
  4.34518512e-03   0.0000
  1.68000609e-01   0.0000
 -1.32520394e-02   0.0000
 -1.98648823e-03   0.0000
 -6.06026351e-02   0.0000
  6.69334503e-03   0.0000
 -1.26077071e-01   0.0000
 -2.98964530e-01   0.0000
  3.63841325e-01   0.0000
 -9.47379321e-03   0.0000
  3.08278322e-01   0.0000
  6.69759363e-02   0.0000
 -2.16970235e-01   0.0000
 -5.92979267e-02   0.0000
  1.87420815e-01   0.0000
 -3.80108808e-03   0.0000
  1.03130303e-01   0.0000
  2.63502806e-01   0.0000
  2.59712506e-02   0.0000
 -1.78870186e-01   0.0000
  3.16029005e-02   0.0000
 -1.11066438e-04   0.0000
  1.11993305e-01   0.0000
  8.39717500e-03   0.0000
  7.04979822e-02   0.0000
  1.84062906e-02   0.0000
 -1.38731867e-01   0.0000
 -1.33360177e-01   0.0000
 -1.13982610e-01   0.0000
 -1.73767000e-01   0.0000
 -2.32572287e-01   0.0000
  2.25762710e-01   0.0000
  2.40595624e-01   0.0000
 -2.37577539e-02   0.0000
 -2.43315734e-02   0.0000
  1.83531754e-02   0.0000
 -2.01798752e-02   0.0000
  1.47421256e-01   0.0000
  1.03436746e-01   0.0000
  2.77509272e-01   0.0000
  2.60504514e-01   0.0000
  9.82988719e-03   0.0000
  1.27454832e-01   0.0000
 -2.98896700e-01   0.0000
  8.34491998e-02   0.0000
  1.31170645e-01   0.0000
 -1.15293361e-01   0.0000
 -1.13590240e-01   0.0000
  2.67149061e-01   0.0000
  1.20892830e-01   0.0000
 -9.44336727e-02   0.0000
  7.73287639e-02   0.0000
 -1.07957631e-01   0.0000
 -6.38795570e-02   0.0000
  1.03659579e-03   0.0000
  4.89854991e-01   0.0000
  1.65514216e-01   0.0000
 -2.58531305e-03   0.0000
  2.41440684e-01   0.0000
  1.45933861e-02   0.0000
 -1.60028592e-01   0.0000
  2.05825239e-01   0.0000
  9.17422324e-02   0.0000
  2.58419931e-01   0.0000
  2.25900114e-01   0.0000
  1.39523705e-03   0.0000
  1.29368585e-02   0.0000
 -2.75649965e-01   0.0000
  6.38922974e-02   0.0000
 -3.17065656e-01   0.0000
 -2.79702276e-01   0.0000
 -7.07160383e-02   0.0000
  1.42513700e-02   0.0000
 -1.21709533e-01   0.0000
 -4.40036505e-03   0.0000
  8.69781747e-02   0.0000
 -5.53659946e-02   0.0000
 -4.67264771e-01   0.0000
 -1.29790321e-01   0.0000
  4.15109664e-01   0.0000
  2.21988931e-01   0.0000
  1.87152866e-02   0.0000
  1.22739948e-01   0.0000
  4.32600342e-02   0.0000
  6.94321394e-02   0.0000
  4.73586261e-01   0.0000
 -1.82320803e-01   0.0000
  1.43427864e-01   0.0000
 -1.07043386e-01   0.0000
 -4.08399571e-03   0.0000
  1.89757801e-03   0.0000
 -1.25359237e-01   0.0000
  3.49091366e-02   0.0000
  7.12287147e-03   0.0000
 -3.04157019e-01   0.0000
 -6.75593987e-02   0.0000
 -1.12142734e-01   0.0000
 -5.16282357e-02   0.0000
  2.91085746e-02   0.0000
  5.54859675e-02   0.0000
 -4.15648408e-02   0.0000
  1.47780334e-03   0.0000
 -6.63603693e-02   0.0000
  3.65657598e-01   0.0000
  3.66404057e-01   0.0000
  7.83345774e-02   0.0000
  2.77470588e-03   0.0000
 -9.41128377e-03   0.0000
 -1.57376125e-01   0.0000
  5.19526862e-02   0.0000
  3.81084420e-02   0.0000
  1.89052764e-02   0.0000
  8.57676566e-03   0.0000
  6.42341599e-02   0.0000
 -1.41408816e-01   0.0000
 -1.81775540e-01   0.0000
 -3.18240225e-02   0.0000
 -1.24505848e-01   0.0000
 -3.54712188e-01   0.0000
 -2.05917675e-02   0.0000
 -4.54972349e-02   0.0000
  1.12776039e-02   0.0000
  3.56258482e-01   0.0000
  3.10640465e-02   0.0000
  2.90926982e-04   0.0000
  1.30159721e-01   0.0000
 -2.47587543e-02   0.0000
  1.44017376e-02   0.0000
  3.65947366e-01   0.0000
 -1.35674952e-02   0.0000
  4.06801468e-03   0.0000
 -4.98206280e-02   0.0000
 -1.15306817e-01   0.0000
  3.83037166e-03   0.0000
 -4.94604046e-03   0.0000
 -4.83895978e-03   0.0000
 -2.63613075e-01   0.0000
 -1.30117759e-01   0.0000
  2.11394224e-02   0.0000
 -4.09653410e-03   0.0000
  3.50013073e-03   0.0000
 -1.43662006e-01   0.0000
 -2.95765668e-01   0.0000
  1.67456828e-02   0.0000
 -8.80491212e-02   0.0000
  4.92460191e-01   0.0000
  1.96003526e-01   0.0000
 -7.87573634e-04   0.0000
 -1.88887201e-03   0.0000
 -1.45790624e-02   0.0000
  2.66740937e-02   0.0000
 -1.05254494e-01   0.0000
  2.12261066e-01   0.0000
 -4.71679308e-03   0.0000
  6.64306879e-02   0.0000
 -4.24436480e-02   0.0000
 -4.36561018e-01   0.0000
  4.42474522e-02   0.0000
 -1.99192185e-02   0.0000
  4.94907200e-02   0.0000
 -9.90262926e-02   0.0000
 -3.47783923e-01   0.0000
  6.11351861e-04   0.0000
  1.71219274e-01   0.0000
  3.46495390e-01   0.0000
 -7.01523677e-04   0.0000
 -4.68841791e-02   0.0000
  2.94340239e-03   0.0000
  1.37416482e-01   0.0000
  6.45275488e-02   0.0000
  1.12346478e-01   0.0000
 -1.44703928e-02   0.0000
  2.01531369e-02   0.0000
  1.43399858e-03   0.0000
  7.73418974e-03   0.0000
 -4.52313572e-02   0.0000
  3.08037162e-01   0.0000
  6.21434243e-04   0.0000
 -2.10363597e-01   0.0000
 -1.35397434e-01   0.0000
 -8.70281532e-02   0.0000
 -9.29577183e-03   0.0000
 -6.27735704e-02   0.0000
 -1.54573545e-01   0.0000
 -5.22991605e-02   0.0000
 -6.38062835e-01   0.0000
  4.23925521e-04   0.0000
  3.72306198e-01   0.0000
 -2.35362560e-03   0.0000
 -7.96526000e-02   0.0000
 -8.83993432e-02   0.0000
 -5.94385527e-02   0.0000
  1.43047586e-01   0.0000
  4.53918651e-02   0.0000
  2.74734832e-02   0.0000
  7.28731900e-02   0.0000
  2.42019951e-01   0.0000
 -2.67566256e-02   0.0000
  7.16407239e-01   0.0000
 -6.75154552e-02   0.0000
 -1.18295372e+00   0.0000
  1.17242813e-01   0.0000
  5.31556532e-02   0.0000
 -1.35631457e-01   0.0000
  5.54297805e-01   0.0000
  8.88234824e-02   0.0000
  1.19579315e+00   0.0000
 -6.64745942e-02   0.0000
  7.19889939e-01   0.0000
  5.32640040e-01   0.0000
  1.74483851e-01   0.0000
 -1.17806047e-01   0.0000
 -2.73316324e-01   0.0000
 -1.47682112e-02   0.0000
  6.04553223e-01   0.0000
 -8.34944248e-02   0.0000
  1.55546829e-01   0.0000
  2.27088273e-01   0.0000
 -1.16262901e+00   0.0000
  5.74479759e-01   0.0000
 -8.83809775e-02   0.0000
 -3.04631703e-02   0.0000
  1.30924463e-01   0.0000
 -6.78541422e-01   0.0000
  5.03006577e-01   0.0000
 -4.77814585e-01   0.0000
 -4.97241467e-01   0.0000
  3.15143652e-02   0.0000
  5.81228495e-01   0.0000
  1.00687578e-01   0.0000
  7.72275031e-02   0.0000
  9.10005439e-03   0.0000
  2.78166473e-01   0.0000
 -6.56717539e-01   0.0000
 -2.45467387e-03   0.0000
  2.74923205e-01   0.0000
 -2.97655970e-01   0.0000
  1.68589770e-03   0.0000
  4.53170091e-01   0.0000
 -3.58513892e-02   0.0000
  1.71094671e-01   0.0000
  2.85931796e-01   0.0000
 -2.90903240e-01   0.0000
  2.34080836e-01   0.0000
 -1.94774553e-01   0.0000
 -4.63480167e-02   0.0000
 -1.01557359e-01   0.0000
  9.30330828e-02   0.0000
  1.15316260e+00   0.0000
 -2.48488486e-01   0.0000
 -7.35624805e-02   0.0000
 -2.13053599e-01   0.0000
  2.21748903e-01   0.0000
 -3.53850245e-01   0.0000
 -6.14310563e-01   0.0000
  5.68813235e-02   0.0000
 -6.14083529e-01   0.0000
 -1.15452003e+00   0.0000
  2.22132728e-02   0.0000
 -8.93096179e-02   0.0000
 -4.45068061e-01   0.0000
 -1.55863017e-01   0.0000
 -2.53953785e-01   0.0000
 -6.39288723e-02   0.0000
  1.00757293e-01   0.0000
  4.06853110e-01   0.0000
  4.52279419e-01   0.0000
  1.96731910e-01   0.0000
  2.92787496e-02   0.0000
 -2.49503106e-02   0.0000
 -1.12641305e-01   0.0000
  3.83582674e-02   0.0000
  3.55957001e-01   0.0000
  2.35429451e-01   0.0000
  4.89783287e-02   0.0000
 -3.48870963e-01   0.0000
  2.98638374e-01   0.0000
  6.57784492e-02   0.0000
 -2.47589126e-01   0.0000
  5.00758290e-02   0.0000
 -3.91970307e-01   0.0000
 -3.37891817e-01   0.0000
  2.91004567e-03   0.0000
 -8.22166204e-02   0.0000
 -7.83406615e-01   0.0000
 -1.63638070e-02   0.0000
  3.75415653e-01   0.0000
 -5.80432639e-02   0.0000
 -1.47759885e-01   0.0000
  2.51692772e-01   0.0000
  2.17257112e-01   0.0000
  7.56627396e-02   0.0000
 -9.55746230e-03   0.0000
 -8.88478756e-03   0.0000
  3.32300663e-01   0.0000
  1.09995827e-01   0.0000
 -1.40257907e+00   0.0000
  2.19614506e-02   0.0000
  2.06475798e-03   0.0000
 -1.79868191e-01   0.0000
  2.14346722e-01   0.0000
  6.92625418e-02   0.0000
  1.40382528e-01   0.0000
  1.31114200e-01   0.0000
 -6.23599768e-01   0.0000
  6.19877875e-01   0.0000
  1.55044941e-03   0.0000
 -2.16426160e-02   0.0000
 -8.45263064e-01   0.0000
 -1.14605878e-04   0.0000
  4.52683419e-01   0.0000
 -2.15783581e-01   0.0000
 -1.15093619e-01   0.0000
  8.64869207e-02   0.0000
 -4.93176341e-01   0.0000
  5.16106039e-02   0.0000
 -1.19297230e-03   0.0000
 -8.17247946e-03   0.0000
  3.80863219e-01   0.0000
 -2.08133385e-01   0.0000
 -5.89042544e-01   0.0000
  1.54960617e-01   0.0000
 -6.71122828e-03   0.0000
 -7.80573040e-02   0.0000
  9.60608870e-02   0.0000
 -1.14883065e-01   0.0000
  3.70018883e-04   0.0000
  1.56842824e-02   0.0000
 -3.24607603e-02   0.0000
  1.35914132e-01   0.0000
 -1.35572290e-03   0.0000
 -4.35108040e-03   0.0000
 -6.88378930e-01   0.0000
 -1.90068819e-02   0.0000
  2.08874688e-01   0.0000
 -1.13061979e-01   0.0000
 -5.10070361e-02   0.0000
 -7.96099529e-02   0.0000
  2.90398616e-02   0.0000
  9.42854136e-02   0.0000
  1.04965258e-03   0.0000
 -1.65187553e-01   0.0000
  3.90720010e-01   0.0000
  1.10576898e-01   0.0000
 -1.69739470e-01   0.0000
 -4.70352583e-02   0.0000
 -2.00537875e-01   0.0000
 -2.14435384e-01   0.0000
  5.05879223e-02   0.0000
 -5.08131878e-03   0.0000
 -2.11016327e-01   0.0000
 -7.71417283e-03   0.0000
 -3.02827507e-01   0.0000
 -6.20582581e-01   0.0000
  3.36134255e-01   0.0000
 -5.57814427e-02   0.0000
 -3.33983123e-01   0.0000
  2.40998849e-01   0.0000
 -5.06847762e-02   0.0000
 -1.14162350e-02   0.0000
 -2.21511066e-01   0.0000
 -1.35567307e-01   0.0000
  6.94147646e-01   0.0000
 -1.87652223e-02   0.0000
  7.60226802e-04   0.0000
 -1.81276560e-01   0.0000
  2.40206808e-01   0.0000
  9.10025686e-02   0.0000
  3.60113949e-01   0.0000
  4.67509665e-02   0.0000
  2.25402904e-03   0.0000
 -2.72014439e-01   0.0000
  2.62277871e-02   0.0000
  2.23848317e-02   0.0000
 -5.26127398e-01   0.0000
 -1.50316069e-02   0.0000
 -3.53789777e-01   0.0000
 -1.12560928e+00   0.0000
  1.15264964e-03   0.0000
  2.42855716e-02   0.0000
 -1.03975341e-01   0.0000
  1.34182647e-01   0.0000
 -2.53156871e-01   0.0000
 -5.86347617e-02   0.0000
 -5.01422107e-01   0.0000
  5.47764683e-03   0.0000
  8.61436248e-01   0.0000
 -8.13739225e-02   0.0000
  1.41550362e-01   0.0000
  8.07387680e-02   0.0000
 -6.52408302e-02   0.0000
  7.88612664e-02   0.0000
 -1.27351511e+00   0.0000
 -6.56140506e-01   0.0000
  3.82187366e-02   0.0000
 -2.54155278e-01   0.0000
  3.21771055e-01   0.0000
 -2.75286108e-01   0.0000
 -1.09693754e+00   0.0000
 -1.44753247e-01   0.0000
 -4.20217915e-03   0.0000
 -1.42627254e-01   0.0000
 -6.59007132e-02   0.0000
  4.38950121e-01   0.0000
 -7.14640617e-01   0.0000
  7.89975747e-02   0.0000
  1.55154598e+00   0.0000
  1.67971924e-01   0.0000
 -3.49162310e-01   0.0000
 -3.26482922e-01   0.0000
 -2.41348892e-01   0.0000
  4.00427222e-01   0.0000
 -8.97200406e-03   0.0000
  6.33482188e-02   0.0000
 -3.47976387e-01   0.0000
  1.27232686e-01   0.0000
 -6.48202658e-01   0.0000
 -2.99064845e-01   0.0000
  2.50716150e-01   0.0000
 -1.11774370e-01   0.0000
  3.22962791e-01   0.0000
 -3.69835526e-01   0.0000
 -4.53848988e-01   0.0000
 -2.78310716e-01   0.0000
 -3.91838998e-02   0.0000
  3.18471491e-01   0.0000
  1.62774503e-01   0.0000
  9.05696675e-02   0.0000
 -2.05922976e-01   0.0000
 -9.10017639e-02   0.0000
 -6.66941851e-02   0.0000
  1.04494408e-01   0.0000
 -3.46526355e-01   0.0000
 -1.10411897e-01   0.0000
 -5.46626627e-01   0.0000
  1.71049073e-01   0.0000
  1.71575584e-02   0.0000
  1.76370457e-01   0.0000
 -1.92667127e-01   0.0000
 -4.78531718e-01   0.0000
  2.10634083e-01   0.0000
  2.89826561e-03   0.0000
  7.33686164e-02   0.0000
 -2.02058747e-01   0.0000
  6.99358284e-01   0.0000
 -8.14815611e-02   0.0000
 -6.73211098e-01   0.0000
 -1.00633651e-01   0.0000
 -3.61642629e-01   0.0000
 -5.52737117e-01   0.0000
 -2.29640491e-03   0.0000
  4.18296643e-02   0.0000
 -8.51691291e-02   0.0000
  6.37757243e-04   0.0000
 -1.73540339e-01   0.0000
 -1.30128905e-01   0.0000
  4.70836833e-02   0.0000
 -1.06900454e-01   0.0000
  4.22945499e-01   0.0000
 -6.57622050e-03   0.0000
 -1.35290012e-01   0.0000
 -2.98787087e-01   0.0000
  2.79104978e-01   0.0000
 -8.17135334e-01   0.0000
  9.21208858e-01   0.0000
 -8.08783174e-01   0.0000
  7.45232627e-02   0.0000
 -2.10984960e-01   0.0000
  2.50860900e-01   0.0000
 -9.18910131e-02   0.0000
 -7.99271941e-01   0.0000
 -6.00440837e-02   0.0000
 -9.26794037e-02   0.0000
 -4.69732851e-01   0.0000
  1.58338591e-01   0.0000
  1.25552669e-01   0.0000
  1.43317297e-01   0.0000
 -2.01099110e-03   0.0000
  6.55380130e-01   0.0000
  1.04794987e-01   0.0000
  4.86230403e-01   0.0000
 -2.60882583e-02   0.0000
  6.62604153e-01   0.0000
  8.74739289e-02   0.0000
  1.54246986e-02   0.0000
  2.90451152e-03   0.0000
 -1.05762538e-02   0.0000
 -2.53373027e-01   0.0000
  7.51873732e-01   0.0000
 -3.17609847e-01   0.0000
  1.89013720e-01   0.0000
  2.58494079e-01   0.0000
  1.63906410e-01   0.0000
 -3.85600105e-02   0.0000
 -3.03955257e-01   0.0000
 -2.44738385e-02   0.0000
  2.57662773e-01   0.0000
 -9.04874146e-01   0.0000
 -2.52180872e-03   0.0000
 -1.09136350e-01   0.0000
 -4.42397781e-02   0.0000
 -4.75842739e-03   0.0000
 -2.47215591e-02   0.0000
  5.95972233e-04   0.0000
  5.05700052e-01   0.0000
  3.45518947e-01   0.0000
  3.11178207e-01   0.0000
  1.92547321e-01   0.0000
 -2.46893659e-01   0.0000
  4.41498309e-03   0.0000
  3.00733168e-02   0.0000
 -2.96771564e-02   0.0000
  1.48607835e-01   0.0000
  2.00699478e-01   0.0000
  7.12002292e-02   0.0000
  9.55569968e-02   0.0000
  6.23252913e-02   0.0000
  3.25097777e-02   0.0000
  1.61129102e-01   0.0000
  1.30041605e-02   0.0000
  2.38206744e-01   0.0000
 -6.26519978e-01   0.0000
  7.06038158e-03   0.0000
 -1.28312394e-01   0.0000
 -1.11258626e-01   0.0000
 -3.40420799e-03   0.0000
 -2.34708682e-01   0.0000
  2.65713059e-03   0.0000
  2.45163441e-01   0.0000
  6.91164657e-02   0.0000
  7.45730817e-01   0.0000
  1.32610798e-01   0.0000
 -6.18146360e-03   0.0000
  2.66911928e-03   0.0000
  3.15306596e-02   0.0000
 -2.84137350e-04   0.0000
 -3.79512519e-01   0.0000
  5.69591701e-01   0.0000
 -4.75769676e-02   0.0000
  1.44341841e-01   0.0000
  4.27070141e-01   0.0000
 -3.34597775e-03   0.0000
  3.82948726e-01   0.0000
  4.81956085e-04   0.0000
  2.17538923e-01   0.0000
 -4.53562915e-01   0.0000
  4.26434027e-03   0.0000
 -5.00185275e-03   0.0000
 -1.12570271e-01   0.0000
 -1.17117517e-01   0.0000
  4.34548892e-02   0.0000
 -3.40290636e-01   0.0000
  1.48752943e-01   0.0000
 -8.17003846e-02   0.0000
 -9.27141234e-02   0.0000
  1.77958578e-01   0.0000
 -1.19887777e-02   0.0000
  1.68411404e-01   0.0000
 -1.72357894e-02   0.0000
 -2.44493727e-02   0.0000
 -2.55491763e-01   0.0000
  6.35293722e-01   0.0000
  7.13304728e-02   0.0000
  1.33816257e-01   0.0000
  1.77993163e-01   0.0000
 -1.37841672e-01   0.0000
  4.73904729e-01   0.0000
 -1.32139958e-03   0.0000
  1.37091205e-01   0.0000
 -1.95438281e-01   0.0000
 -1.16998531e-01   0.0000
 -8.49655829e-04   0.0000
 -9.75811332e-02   0.0000
 -8.27178452e-03   0.0000
  2.82156393e-02   0.0000
 -3.96673684e-04   0.0000
  9.23674479e-02   0.0000
  1.63107201e-01   0.0000
  2.39644796e-02   0.0000
  3.32247280e-02   0.0000
 -4.21995148e-02   0.0000
  1.92163661e-01   0.0000
  1.40164578e+00   0.0000
 -2.75739098e+00   0.0000
 -2.55024981e+00   0.0000
 -8.24271202e-01   0.0000
 -1.06264718e-01   0.0000
  4.38586801e-01   0.0000
 -1.91321075e+00   0.0000
 -2.14958116e-01   0.0000
  1.20788503e+00   0.0000
 -1.32247806e-01   0.0000
 -3.19331229e-01   0.0000
  7.15340018e-01   0.0000
  3.40818167e-02   0.0000
  1.78861439e-01   0.0000
 -2.41769850e-01   0.0000
 -4.69704866e-01   0.0000
  2.37397075e+00   0.0000
  1.26112476e-01   0.0000
  3.64983320e-01   0.0000
  2.30363679e+00   0.0000
 -1.67843533e+00   0.0000
 -8.01184326e-02   0.0000
 -2.16045231e-01   0.0000
  1.18616987e-02   0.0000
 -1.16806410e-01   0.0000
 -2.32343678e-04   0.0000
  2.96313435e-01   0.0000
  2.46759746e-02   0.0000
 -1.26874641e-01   0.0000
 -1.80207379e-02   0.0000
 -5.01557777e-04   0.0000
  3.59757617e-02   0.0000
  3.06557715e-01   0.0000
 -4.57751937e-02   0.0000
 -4.41761836e-02   0.0000
  1.38409128e-02   0.0000
  1.82015765e-02   0.0000
  4.14851271e-02   0.0000
 -2.28984877e-01   0.0000
 -1.12862587e-02   0.0000
 -4.15566891e-01   0.0000
 -2.57014073e-02   0.0000
  3.20268691e-01   0.0000
  2.58046808e-03   0.0000
  1.29949778e-01   0.0000
 -2.24801779e-01   0.0000
 -6.77639917e-02   0.0000
 -1.27666399e-01   0.0000
 -8.19460824e-02   0.0000
 -6.68284595e-02   0.0000
 -1.59868076e-02   0.0000
  6.49468973e-02   0.0000
 -1.53917270e-02   0.0000
  1.25024423e-01   0.0000
 -7.77456537e-03   0.0000
  7.97913689e-03   0.0000
  4.17418778e-01   0.0000
 -3.13977808e-01   0.0000
 -2.21143261e-01   0.0000
  3.82808834e-01   0.0000
 -1.11280888e-01   0.0000
  2.04027705e-02   0.0000
 -1.89991385e-01   0.0000
 -5.55709004e-04   0.0000
 -2.20569938e-01   0.0000
 -2.39903033e-02   0.0000
  1.22011371e-03   0.0000
  2.26318479e-01   0.0000
  4.22526971e-02   0.0000
 -1.16517082e-01   0.0000
  2.66046792e-01   0.0000
 -4.55061197e-01   0.0000
  8.57783616e-01   0.0000
 -4.12181281e-02   0.0000
  3.39069128e-01   0.0000
 -1.85114756e-01   0.0000
 -1.77581385e-01   0.0000
  3.40999328e-02   0.0000
  1.00763664e-01   0.0000
 -2.72733867e-01   0.0000
 -7.47513831e-01   0.0000
  7.90209711e-01   0.0000
  8.71190727e-01   0.0000
 -1.02166533e-01   0.0000
 -2.35820323e-01   0.0000
 -5.17273657e-02   0.0000
 -1.80410117e-01   0.0000
  7.04040647e-01   0.0000
  6.07339263e-01   0.0000
 -1.53703555e-01   0.0000
 -3.64409983e-01   0.0000
  1.63687080e-01   0.0000
  8.71487334e-02   0.0000
 -4.80373263e-01   0.0000
 -7.30156779e-01   0.0000
  6.47417679e-02   0.0000
 -1.59001052e+00   0.0000
  1.81601331e-01   0.0000
 -4.01957929e-01   0.0000
 -3.27596366e-02   0.0000
  3.45699191e-01   0.0000
 -1.74162611e-02   0.0000
 -1.31691411e-01   0.0000
  1.45865768e-01   0.0000
  7.51331925e-01   0.0000
 -1.76866663e+00   0.0000
 -1.34076524e+00   0.0000
  3.48287761e-01   0.0000
  2.98540533e-01   0.0000
  1.68655649e-01   0.0000
  1.54446289e-01   0.0000
 -3.18030000e-01   0.0000
 -1.37562156e+00   0.0000
 -4.20672484e-02   0.0000
  6.93709373e-01   0.0000
 -4.14196670e-01   0.0000
 -6.51075542e-01   0.0000
  1.39714137e-01   0.0000
 -6.83553159e-01   0.0000
  2.71188021e-02   0.0000
 -6.36055887e-01   0.0000
  4.63306205e-04   0.0000
 -3.56531978e-01   0.0000
  3.07746232e-03   0.0000
  2.50755012e-01   0.0000
 -2.53670484e-01   0.0000
 -2.89438274e-02   0.0000
  2.19073415e-01   0.0000
  6.70783520e-01   0.0000
 -1.96366417e+00   0.0000
 -1.32972181e+00   0.0000
  2.15913486e-02   0.0000
  1.95944011e-01   0.0000
 -1.82647500e-02   0.0000
  1.12564459e-01   0.0000
 -3.97094786e-01   0.0000
 -5.60294569e-01   0.0000
 -4.20474820e-03   0.0000
  3.92289162e-01   0.0000
  1.78264044e-02   0.0000
 -4.79678422e-01   0.0000
 -1.15102708e-01   0.0000
 -8.30188274e-01   0.0000
 -7.31802285e-02   0.0000
 -4.30900067e-01   0.0000
 -3.25487703e-02   0.0000
  1.33911157e-02   0.0000
  9.94713418e-03   0.0000
  1.98770940e-01   0.0000
  6.28632377e-04   0.0000
  1.65477082e-01   0.0000
 -2.62502078e-02   0.0000
  2.21598536e-01   0.0000
 -6.42413855e-01   0.0000
 -9.06989098e-01   0.0000
  8.31085294e-02   0.0000
 -7.44840577e-02   0.0000
 -1.56143140e-02   0.0000
 -1.46589935e-01   0.0000
  3.89631152e-01   0.0000
 -7.13836312e-01   0.0000
 -2.13428419e-02   0.0000
  8.31514597e-02   0.0000
  2.60640252e-02   0.0000
 -5.41759372e-01   0.0000
 -5.38587868e-02   0.0000
  8.72098655e-02   0.0000
  1.66025475e-01   0.0000
  5.55855572e-01   0.0000
  9.48738605e-02   0.0000
 -1.77328557e-01   0.0000
 -2.64855381e-02   0.0000
 -1.84586029e-02   0.0000
  1.96051106e-01   0.0000
 -5.92218479e-03   0.0000
  1.70897096e-01   0.0000
 -3.07816714e-01   0.0000
  1.71945304e-01   0.0000
  2.27624789e-01   0.0000
 -3.96524429e-01   0.0000
  6.93549290e-02   0.0000
 -2.57263482e-01   0.0000
  1.56132653e-01   0.0000
 -1.39588892e-01   0.0000
  3.50223869e-01   0.0000
  2.66492665e-01   0.0000
 -3.06630433e-01   0.0000
 -2.71304678e-02   0.0000
 -1.69289216e-01   0.0000
  4.19159919e-01   0.0000
  1.64198160e-01   0.0000
  5.72221540e-02   0.0000
  6.53933287e-01   0.0000
  4.77310782e-03   0.0000
 -1.20417356e-01   0.0000
 -3.58814793e-03   0.0000
 -3.93489056e-04   0.0000
 -3.21637213e-01   0.0000
  1.40709057e-01   0.0000
 -1.01713896e-01   0.0000
 -2.87377238e-01   0.0000
  5.51078022e-01   0.0000
  2.80068129e-01   0.0000
 -1.77622676e-01   0.0000
  1.24634951e-02   0.0000
 -1.93114176e-01   0.0000
  3.04592907e-01   0.0000
 -1.47662506e-01   0.0000
  3.92169952e-01   0.0000
  3.76294464e-01   0.0000
 -3.06593388e-01   0.0000
  1.24077521e-01   0.0000
  1.22004899e-03   0.0000
  5.63458800e-01   0.0000
  3.28834653e-01   0.0000
  5.48348010e-01   0.0000
  1.28830040e+00   0.0000
  1.37266172e-02   0.0000
 -5.96001267e-01   0.0000
 -2.05980837e-01   0.0000
 -4.97598648e-02   0.0000
 -1.14841729e-01   0.0000
 -7.49093965e-02   0.0000
  2.59481780e-02   0.0000
 -8.12701464e-01   0.0000
  5.85429311e-01   0.0000
  7.83950448e-01   0.0000
 -6.19569004e-01   0.0000
  3.86338234e-01   0.0000
 -2.58666873e-01   0.0000
  3.13558370e-01   0.0000
 -5.44984460e-01   0.0000
  1.00848782e+00   0.0000
  6.41718984e-01   0.0000
 -4.93898332e-01   0.0000
  1.74566418e-01   0.0000
 -1.77673772e-01   0.0000
  2.68011749e-01   0.0000
 -4.92750220e-02   0.0000
  3.78324604e-03   0.0000
  2.07088038e-01   0.0000
  7.58475624e-03   0.0000
 -1.77943110e-01   0.0000
  6.49967743e-03   0.0000
  3.42138261e-02   0.0000
 -1.36770308e-04   0.0000
 -4.30695742e-04   0.0000
 -6.26378283e-02   0.0000
 -3.71676236e-01   0.0000
  4.88953479e-02   0.0000
  4.44739088e-02   0.0000
 -3.73776287e-01   0.0000
 -6.95450325e-03   0.0000
 -2.91110098e-01   0.0000
  1.64245874e-01   0.0000
 -1.65695414e-01   0.0000
  4.56058562e-01   0.0000
  1.89376008e-02   0.0000
 -4.07258809e-01   0.0000
 -7.80595234e-03   0.0000
 -1.08129010e-01   0.0000
  1.56478602e-02   0.0000
  1.64991260e-01   0.0000
 -1.14791142e-02   0.0000
  1.16413128e+00   0.0000
 -2.33064190e-01   0.0000
  3.12167436e-01   0.0000
  1.35099692e-02   0.0000
 -2.60529537e-02   0.0000
  2.24082228e-02   0.0000
  1.17572807e-01   0.0000
 -3.13139677e-01   0.0000
 -8.70555997e-01   0.0000
  1.81440294e+00   0.0000
  6.66741014e-01   0.0000
 -4.14453089e-01   0.0000
 -9.74166915e-02   0.0000
 -2.16830015e-01   0.0000
 -1.94109350e-01   0.0000
  3.88656288e-01   0.0000
  7.57468045e-01   0.0000
 -8.82769655e-03   0.0000
 -3.56970400e-01   0.0000
  9.07849297e-02   0.0000
  4.62606251e-01   0.0000
 -9.86922532e-02   0.0000
  7.35635962e-03   0.0000
  1.34634285e-03   0.0000
  7.00424075e-01   0.0000
  4.88428958e-02   0.0000
 -8.40950832e-02   0.0000
  8.61073509e-02   0.0000
 -1.52366776e-02   0.0000
 -2.34581411e-01   0.0000
 -6.46223202e-02   0.0000
 -1.01598851e-01   0.0000
 -3.43570262e-01   0.0000
  4.80688453e-01   0.0000
  2.43249655e-01   0.0000
 -3.18967015e-01   0.0000
  3.14673483e-02   0.0000
 -1.14730991e-01   0.0000
  1.65557098e-02   0.0000
 -1.09073788e-01   0.0000
  3.22757840e-01   0.0000
  6.86246576e-03   0.0000
 -6.08265400e-03   0.0000
 -1.01692621e-02   0.0000
 -2.58930083e-02   0.0000
  1.22966044e-01   0.0000
  1.08451702e-01   0.0000
  5.17733507e-02   0.0000
  1.07299551e-01   0.0000
  9.20227841e-02   0.0000
 -6.70569777e-01   0.0000
 -3.55424806e-02   0.0000
  1.33469272e-02   0.0000
 -7.22940341e-02   0.0000
 -1.63549989e-01   0.0000
  4.02941555e-02   0.0000
 -3.25909294e-02   0.0000
  5.28262615e-01   0.0000
  4.31655854e-01   0.0000
 -1.00686975e-01   0.0000
  4.73620035e-02   0.0000
 -4.14178580e-01   0.0000
  4.87674147e-01   0.0000
 -6.07924163e-01   0.0000
  3.57473493e-01   0.0000
  4.15835947e-01   0.0000
 -1.22634538e-01   0.0000
 -6.16239058e-03   0.0000
  3.93024199e-02   0.0000
  5.30076206e-01   0.0000
  5.70060074e-01   0.0000
  1.32038772e-01   0.0000
  1.16848326e+00   0.0000
 -2.30793580e-01   0.0000
 -2.19817579e-01   0.0000
 -6.25990424e-03   0.0000
 -6.83432911e-03   0.0000
  2.02083262e-03   0.0000
  1.51900593e-02   0.0000
  1.37511745e-01   0.0000
 -6.96488738e-01   0.0000
  1.13693917e+00   0.0000
  1.17140257e+00   0.0000
 -3.77660185e-01   0.0000
 -1.90309789e-02   0.0000
 -5.74688688e-02   0.0000
  3.41552496e-02   0.0000
 -7.11753592e-02   0.0000
  4.71064597e-01   0.0000
  2.22696081e-01   0.0000
 -2.44919747e-01   0.0000
  5.09101897e-02   0.0000
  3.88427936e-02   0.0000
  3.54390532e-01   0.0000
  1.51827723e-01   0.0000
 -5.02010509e-02   0.0000
  3.21874559e-01   0.0000
  1.04118496e-01   0.0000
  2.16190424e-03   0.0000
 -1.57009929e-01   0.0000
 -3.98269147e-01   0.0000
  1.47093069e-02   0.0000
 -1.62707224e-01   0.0000
 -9.18978825e-04   0.0000
 -8.66143033e-02   0.0000
  5.05796313e-01   0.0000
  3.80024582e-01   0.0000
  3.28814611e-02   0.0000
 -1.85003001e-02   0.0000
  7.27469614e-03   0.0000
  1.98879391e-02   0.0000
  1.03208333e-01   0.0000
  2.02798285e-02   0.0000
  4.15195199e-03   0.0000
 -4.62375760e-01   0.0000
  2.93816656e-01   0.0000
 -4.02911799e-03   0.0000
  6.54297974e-03   0.0000
 -1.72024384e-01   0.0000
  3.90054449e-03   0.0000
 -5.48143327e-01   0.0000
 -1.78422138e-01   0.0000
  2.68889755e-01   0.0000
 -5.56323817e-03   0.0000
 -9.77394208e-02   0.0000
  1.78511530e-01   0.0000
 -1.76149085e-02   0.0000
 -1.45689890e-01   0.0000
  1.40410408e-01   0.0000
 -2.93326735e-01   0.0000
 -2.40735814e-01   0.0000
  2.84349829e-01   0.0000
 -8.62755924e-02   0.0000
  1.63552284e-01   0.0000
 -8.00963119e-02   0.0000
  1.45181805e-01   0.0000
 -5.25273323e-01   0.0000
 -1.02497719e-01   0.0000
  2.06500947e-01   0.0000
  1.33435836e-03   0.0000
  3.64561379e-02   0.0000
 -1.67227983e-01   0.0000
  2.67805487e-01   0.0000
  7.19197886e-03   0.0000
  7.94054151e-01   0.0000
  5.30538568e-03   0.0000
  2.30690651e-03   0.0000
 -1.38124809e-01   0.0000
 -3.18346322e-01   0.0000
  7.42489174e-02   0.0000
 -1.34311736e-01   0.0000
 -6.72072098e-02   0.0000
 -5.23222625e-01   0.0000
  3.97659808e-01   0.0000
 -5.18905222e-02   0.0000
 -3.46454412e-01   0.0000
  1.45447711e-02   0.0000
 -1.44272625e-01   0.0000
  3.75475362e-02   0.0000
 -1.06351525e-01   0.0000
  3.95632923e-01   0.0000
  1.67085856e-01   0.0000
 -4.42552209e-01   0.0000
 -1.79061852e-02   0.0000
  1.79624021e-01   0.0000
  1.36911705e-01   0.0000
  7.54594710e-03   0.0000
 -7.07208412e-04   0.0000
 -1.60866790e-02   0.0000
  1.20509923e-01   0.0000
 -1.25911564e-01   0.0000
 -2.67629415e-01   0.0000
  7.04323174e-04   0.0000
  2.42434181e-02   0.0000
  1.66709691e-01   0.0000
  1.29045108e-02   0.0000
  2.57818657e-03   0.0000
 -2.86921024e-01   0.0000
 -4.30139340e-02   0.0000
  2.08270028e-02   0.0000
  3.85712367e-03   0.0000
  4.99934936e-03   0.0000
  1.13025680e-01   0.0000
  1.96496043e-02   0.0000
 -7.34570771e-02   0.0000
 -1.37829199e-01   0.0000
  2.47790098e-01   0.0000
 -1.14931064e-02   0.0000
 -3.85808274e-02   0.0000
  4.24776338e-02   0.0000
  7.01729059e-01   0.0000
  2.60255802e-02   0.0000
  8.58163714e-01   0.0000
 -1.44291684e-01   0.0000
 -1.03104003e-01   0.0000
 -6.20927326e-02   0.0000
 -1.60813466e-01   0.0000
 -1.31607773e-02   0.0000
  2.03127548e-01   0.0000
  1.15522454e-02   0.0000
 -6.25701964e-01   0.0000
  1.16985178e+00   0.0000
  1.22211087e+00   0.0000
 -5.03805637e-01   0.0000
 -1.29602715e-01   0.0000
 -4.07556027e-01   0.0000
  5.32792509e-03   0.0000
 -8.21261257e-02   0.0000
  7.07545996e-01   0.0000
 -4.40215543e-02   0.0000
 -4.56955969e-01   0.0000
  4.88361642e-02   0.0000
 -1.84669010e-02   0.0000
  1.10496707e-01   0.0000
 -3.53171021e-01   0.0000
 -3.82043570e-01   0.0000
 -5.32578826e-01   0.0000
  1.09665804e-02   0.0000
  7.43712112e-03   0.0000
 -1.87497213e-02   0.0000
  1.75535500e-01   0.0000
 -2.18929395e-01   0.0000
  1.73513442e-02   0.0000
  3.25487275e-03   0.0000
  3.30483705e-01   0.0000
 -3.43721658e-01   0.0000
 -2.26838112e-01   0.0000
  1.24631397e-01   0.0000
  1.64573882e-02   0.0000
  1.54138014e-01   0.0000
 -8.79704058e-02   0.0000
  5.58738038e-02   0.0000
 -2.35955536e-01   0.0000
 -3.47854686e-03   0.0000
  1.96029544e-01   0.0000
 -5.87372333e-02   0.0000
 -5.25085954e-03   0.0000
 -1.08934725e-02   0.0000
  1.55510232e-01   0.0000
  2.27334425e-01   0.0000
  3.73389572e-01   0.0000
  1.11231636e-02   0.0000
 -3.98184508e-02   0.0000
  1.93961114e-02   0.0000
  2.48928536e-02   0.0000
 -6.07500924e-03   0.0000
 -4.28095795e-02   0.0000
  1.45072173e-02   0.0000
 -1.79738358e-01   0.0000
  4.68915761e-01   0.0000
  3.66499484e-01   0.0000
 -1.26875266e-01   0.0000
 -5.40792197e-03   0.0000
 -2.15275005e-01   0.0000
  5.32027669e-02   0.0000
 -2.18965128e-01   0.0000
  3.12715352e-01   0.0000
  1.47506237e-01   0.0000
 -4.76115227e-01   0.0000
 -6.84837985e-04   0.0000
 -2.74977498e-02   0.0000
  7.72994524e-03   0.0000
 -2.18856484e-01   0.0000
 -2.01279204e-02   0.0000
 -6.01964593e-01   0.0000
 -1.31908562e-02   0.0000
  5.09933770e-01   0.0000
 -1.68200023e-02   0.0000
  9.27433968e-02   0.0000
  2.52694339e-01   0.0000
  2.50870883e-01   0.0000
 -1.11066774e-01   0.0000
  4.50810432e-01   0.0000
 -2.51958430e-01   0.0000
 -4.27420855e-01   0.0000
  7.09150732e-01   0.0000
 -2.06388772e-01   0.0000
  4.84751850e-01   0.0000
 -1.71408758e-01   0.0000
  6.92453861e-01   0.0000
 -5.49969554e-01   0.0000
 -6.16182029e-01   0.0000
  2.19023213e-01   0.0000
 -5.28113963e-03   0.0000
  1.56465679e-01   0.0000
 -3.44333887e-01   0.0000
 -6.44721389e-02   0.0000
 -5.99285997e-02   0.0000
 -1.13296294e+00   0.0000
  2.25839373e-02   0.0000
 -8.36780593e-02   0.0000
  3.18235829e-02   0.0000
  3.43580693e-01   0.0000
 -2.01592445e-02   0.0000
  1.85044527e-01   0.0000
  1.01591349e-02   0.0000
  5.57916284e-01   0.0000
 -1.49525845e+00   0.0000
 -1.02212250e+00   0.0000
  2.08948001e-01   0.0000
  6.75014928e-02   0.0000
  6.78160116e-02   0.0000
 -1.79996043e-01   0.0000
  3.21455598e-01   0.0000
 -6.59110785e-01   0.0000
 -3.15041393e-01   0.0000
  5.56040704e-01   0.0000
 -3.58791510e-03   0.0000
 -5.59097350e-01   0.0000
 -1.91480607e-01   0.0000
  1.72957778e-01   0.0000
 -3.47033255e-02   0.0000
  2.55773813e-01   0.0000
  9.40146449e-04   0.0000
 -7.69442096e-02   0.0000
 -4.22895560e-03   0.0000
 -1.66290075e-01   0.0000
  1.25625404e-04   0.0000
  2.14562081e-02   0.0000
  6.41839067e-03   0.0000
 -2.62327224e-01   0.0000
  7.24849761e-01   0.0000
  6.87683582e-01   0.0000
  1.11466767e-02   0.0000
 -5.83678111e-03   0.0000
  3.13313268e-02   0.0000
 -3.45690064e-02   0.0000
 -1.56068712e-01   0.0000
  3.78189266e-01   0.0000
  1.35549411e-01   0.0000
 -8.59857425e-02   0.0000
 -2.54293699e-02   0.0000
 -3.12341638e-02   0.0000
 -1.74721293e-02   0.0000
  1.37372673e-01   0.0000
 -6.84203878e-02   0.0000
 -1.87197655e-01   0.0000
 -4.93877947e-01   0.0000
  4.42002982e-01   0.0000
  1.18776122e-02   0.0000
 -2.29799613e-01   0.0000
  1.83576033e-01   0.0000
 -6.51759142e-03   0.0000
 -3.09798215e-02   0.0000
  3.61494124e-01   0.0000
  6.05862737e-01   0.0000
  4.08077627e-01   0.0000
  6.39857590e-01   0.0000
 -1.42642349e-01   0.0000
  1.53140768e-01   0.0000
 -4.33494359e-01   0.0000
  5.80376029e-01   0.0000
 -3.71244282e-01   0.0000
 -6.00352824e-01   0.0000
  2.50665158e-01   0.0000
  1.79532096e-01   0.0000
  1.11384273e-01   0.0000
 -7.00301766e-01   0.0000
 -2.24523270e-03   0.0000
  1.99701369e-01   0.0000
  1.39033729e-02   0.0000
 -3.52068335e-01   0.0000
  3.31819594e-01   0.0000
 -6.35124743e-01   0.0000
  7.01617077e-02   0.0000
 -2.79539198e-01   0.0000
 -1.22627169e-02   0.0000
 -4.70687784e-02   0.0000
  6.39624655e-01   0.0000
 -3.77538025e-01   0.0000
  3.13059404e-03   0.0000
 -2.52629668e-01   0.0000
 -9.84509438e-02   0.0000
  4.57428284e-02   0.0000
  1.21334810e-02   0.0000
  6.11276191e-04   0.0000
  4.80637193e-01   0.0000
 -2.60331243e-01   0.0000
 -1.93914361e-02   0.0000
 -1.67538181e-01   0.0000
 -1.35206766e-02   0.0000
 -1.33991301e-01   0.0000
  2.38737203e-02   0.0000
  2.74779648e-02   0.0000
 -4.35201684e-03   0.0000
 -2.76047498e-01   0.0000
 -2.88039241e-02   0.0000
  9.09306761e-03   0.0000
 -3.44589323e-01   0.0000
 -1.14688440e-03   0.0000
 -4.46283042e-01   0.0000
  1.54915527e-01   0.0000
  4.18274760e-01   0.0000
 -4.15661722e-01   0.0000
  1.32261717e+00   0.0000
 -1.81906188e+00   0.0000
  4.48778532e-02   0.0000
 -3.12479526e-01   0.0000
  1.36589706e-01   0.0000
 -3.93985808e-01   0.0000
  1.39419663e+00   0.0000
 -1.39828861e+00   0.0000
  3.41891609e-02   0.0000
 -5.19888043e-01   0.0000
 -7.86667109e-01   0.0000
 -9.60362554e-02   0.0000
  8.23635533e-02   0.0000
  3.37634399e-03   0.0000
  1.63056493e-01   0.0000
 -2.44824514e-02   0.0000
  2.62331329e-02   0.0000
 -8.09862651e-03   0.0000
 -6.57726731e-03   0.0000
  5.19507332e-03   0.0000
 -3.30885494e-04   0.0000
 -1.70731768e-01   0.0000
 -2.57561821e-03   0.0000
  4.39781602e-03   0.0000
  5.56869023e-02   0.0000
 -8.32410716e-03   0.0000
 -1.83866248e-01   0.0000
 -3.86049151e-01   0.0000
  7.73941586e-03   0.0000
 -1.11169063e-01   0.0000
 -5.54667890e-01   0.0000
  3.02614361e-01   0.0000
 -5.55233240e-01   0.0000
 -2.66245585e-02   0.0000
 -5.62076509e-01   0.0000
  9.12757888e-02   0.0000
 -5.67076504e-02   0.0000
  1.56886503e-01   0.0000
 -3.23095948e-01   0.0000
  3.88557166e-02   0.0000
 -8.83431453e-03   0.0000
  2.93528587e-01   0.0000
  9.35533464e-01   0.0000
  4.79258820e-02   0.0000
  1.45825371e-03   0.0000
  3.08023214e-01   0.0000
  5.46697434e-03   0.0000
  1.99502241e-03   0.0000
 -4.24873233e-02   0.0000
  3.50719467e-02   0.0000
 -1.64978988e-02   0.0000
  4.37783934e-02   0.0000
 -1.16770323e-02   0.0000
  1.21375434e-01   0.0000
  1.09543400e-02   0.0000
  2.47129016e-02   0.0000
  1.77935959e-04   0.0000
 -1.28667755e-02   0.0000
 -3.66688818e-02   0.0000
 -9.17543918e-02   0.0000
  5.74681116e-03   0.0000
  5.25058294e-03   0.0000
  1.52786717e-01   0.0000
  9.30746272e-03   0.0000
 -7.01852962e-02   0.0000
  1.57090992e-01   0.0000
  2.40275234e-01   0.0000
  2.55500972e-01   0.0000
 -1.85739696e-02   0.0000
 -2.08026528e-01   0.0000
 -7.59708434e-02   0.0000
  3.58738638e-02   0.0000
  1.97755005e-02   0.0000
 -3.36051323e-02   0.0000
 -2.10980214e-02   0.0000
 -1.10314392e-01   0.0000
  5.16695082e-02   0.0000
  1.49731517e-01   0.0000
 -1.00095846e-01   0.0000
 -4.84328419e-02   0.0000
 -3.32038477e-02   0.0000
 -2.83403043e-03   0.0000
 -2.51954980e-02   0.0000
  2.45667771e-01   0.0000
  1.95646123e-03   0.0000
  7.85486400e-02   0.0000
 -8.31858441e-02   0.0000
 -5.05890639e-04   0.0000
  1.35400915e-03   0.0000
 -1.30662220e-02   0.0000
  2.20748484e-01   0.0000
  2.75326613e-02   0.0000
  2.37913113e-02   0.0000
  8.90141353e-03   0.0000
 -1.05606802e-01   0.0000
 -5.02761733e-03   0.0000
  3.62971704e-03   0.0000
 -9.07777064e-03   0.0000
 -1.03071570e-01   0.0000
 -7.31678307e-02   0.0000
  5.65092405e-03   0.0000
  2.92896360e-01   0.0000
  1.30755410e-01   0.0000
 -6.12450764e-03   0.0000
 -2.09552876e-04   0.0000
  3.52553499e-04   0.0000
  2.41318032e-01   0.0000
  9.13639273e-03   0.0000
  7.59720132e-02   0.0000
  2.34429780e-02   0.0000
  1.65084079e-01   0.0000
 -1.31064251e-01   0.0000
  2.97362488e-02   0.0000
  2.18948117e-03   0.0000
  4.43004780e-02   0.0000
 -3.29514244e-03   0.0000
 -2.37771240e-03   0.0000
 -2.31375739e-01   0.0000
  8.63656960e-03   0.0000
  2.32547104e-01   0.0000
  6.28509372e-02   0.0000
 -1.34174332e-01   0.0000
 -1.50745913e-01   0.0000
 -4.53263484e-02   0.0000
  2.58926183e-01   0.0000
 -4.02965732e-02   0.0000
 -2.92275995e-02   0.0000
  3.90587240e-01   0.0000
 -5.85045815e-01   0.0000
  1.12922359e+00   0.0000
 -1.03665954e-02   0.0000
  2.56956190e-01   0.0000
 -1.77382335e-01   0.0000
  1.13464687e-02   0.0000
 -1.32583296e+00   0.0000
  8.43521595e-01   0.0000
 -1.83606878e-01   0.0000
  4.43506315e-02   0.0000
  3.38149756e-01   0.0000
 -7.69097311e-03   0.0000
 -4.74705815e-01   0.0000
  3.97005260e-01   0.0000
  4.74277616e-01   0.0000
 -1.18662810e+00   0.0000
  1.38445556e+00   0.0000
 -1.95023823e+00   0.0000
  6.65713102e-02   0.0000
 -8.58839452e-01   0.0000
  2.42393285e-01   0.0000
 -1.56711251e-01   0.0000
  1.83437479e+00   0.0000
 -1.65355515e+00   0.0000
 -1.10669620e-01   0.0000
 -3.87480080e-01   0.0000
 -3.04573148e-01   0.0000
 -1.39816880e-01   0.0000
 -4.99698877e-01   0.0000
  1.33482337e-01   0.0000
  3.35528374e-01   0.0000
 -7.47387409e-01   0.0000
  1.05831683e+00   0.0000
 -1.81888688e+00   0.0000
  3.47689241e-01   0.0000
 -5.53820133e-01   0.0000
 -6.32710382e-02   0.0000
 -1.63514271e-01   0.0000
  1.06472802e+00   0.0000
 -1.13299727e+00   0.0000
 -1.22972436e-01   0.0000
 -5.63634671e-02   0.0000
 -1.57802016e-01   0.0000
 -5.48576862e-02   0.0000
  1.96361870e-01   0.0000
  3.06223091e-02   0.0000
 -3.96990538e-01   0.0000
  2.51444429e-01   0.0000
 -6.14422679e-01   0.0000
  9.67109919e-01   0.0000
  2.92872619e-02   0.0000
  5.69307387e-01   0.0000
 -1.30722255e-01   0.0000
  5.09303156e-03   0.0000
 -6.59936607e-01   0.0000
  3.74744147e-01   0.0000
 -6.59742102e-04   0.0000
  8.45097303e-02   0.0000
  5.09791315e-01   0.0000
  4.58308831e-02   0.0000
  6.57995194e-02   0.0000
 -1.71346992e-01   0.0000
  4.01723206e-01   0.0000
 -2.24708095e-01   0.0000
 -2.90705211e-04   0.0000
 -4.57961252e-03   0.0000
  9.80802551e-02   0.0000
  3.46265966e-03   0.0000
  1.20373011e-01   0.0000
 -2.25615352e-01   0.0000
 -2.01842990e-02   0.0000
  2.86182947e-03   0.0000
  8.87895748e-02   0.0000
 -2.49092653e-03   0.0000
 -2.58389980e-01   0.0000
 -1.64132714e-01   0.0000
  2.53077567e-01   0.0000
 -2.25382239e-01   0.0000
 -6.55018613e-02   0.0000
  1.24941796e-01   0.0000
 -3.74275476e-01   0.0000
  2.66955018e-01   0.0000
 -7.96344057e-02   0.0000
 -2.62864050e-04   0.0000
 -3.00988778e-02   0.0000
  1.32744834e-01   0.0000
 -5.11487603e-01   0.0000
  4.15310651e-01   0.0000
  2.21518730e-03   0.0000
  2.57562429e-01   0.0000
  3.53686437e-02   0.0000
  6.75347298e-02   0.0000
 -1.64949447e-01   0.0000
  2.29517315e-02   0.0000
  1.95150804e-02   0.0000
 -5.86320162e-01   0.0000
  2.77534604e-01   0.0000
 -1.66942492e-01   0.0000
  2.73766648e-02   0.0000
  5.56032918e-03   0.0000
 -1.10576730e-02   0.0000
 -5.13034403e-01   0.0000
  3.11610699e-01   0.0000
 -1.52576447e-01   0.0000
 -5.37587926e-02   0.0000
 -9.30440053e-02   0.0000
 -3.85971040e-01   0.0000
 -9.62016881e-02   0.0000
  3.11519150e-02   0.0000
 -2.76718616e-01   0.0000
 -7.52987683e-01   0.0000
  1.96442738e-01   0.0000
 -3.81980121e-01   0.0000
  3.52118053e-02   0.0000
 -1.13528483e-01   0.0000
  2.02761993e-01   0.0000
 -1.90982055e-02   0.0000
  3.30694348e-01   0.0000
 -2.61145055e-01   0.0000
  2.34338045e-01   0.0000
 -5.14685325e-02   0.0000
  2.16726810e-01   0.0000
  1.05747879e+00   0.0000
  1.94498256e-01   0.0000
 -6.49593771e-01   0.0000
  3.23533565e-01   0.0000
  2.02497065e-01   0.0000
 -5.66155493e-01   0.0000
  9.52635407e-01   0.0000
 -1.12774408e+00   0.0000
  8.49953443e-02   0.0000
 -5.39327502e-01   0.0000
  1.22576818e-01   0.0000
 -2.71470219e-01   0.0000
  1.02913821e+00   0.0000
 -1.10751474e+00   0.0000
 -1.83095068e-01   0.0000
  8.59232154e-03   0.0000
 -6.06182992e-01   0.0000
 -3.68784279e-01   0.0000
 -5.33512533e-01   0.0000
  2.49485602e-03   0.0000
  2.39904836e-01   0.0000
 -1.73301771e-02   0.0000
  6.76154733e-01   0.0000
 -7.56836176e-01   0.0000
  7.21045909e-03   0.0000
  4.14296240e-03   0.0000
  1.39837414e-01   0.0000
 -2.09039897e-01   0.0000
  2.84828484e-01   0.0000
 -3.97390395e-01   0.0000
  2.38664150e-02   0.0000
  3.65878246e-03   0.0000
 -4.38409209e-01   0.0000
 -2.31739104e-01   0.0000
  1.18333220e-01   0.0000
 -5.53922415e-01   0.0000
 -4.09669727e-02   0.0000
  1.42464235e-01   0.0000
 -6.07983887e-01   0.0000
  1.02024579e+00   0.0000
 -4.58133267e-03   0.0000
  4.45805579e-01   0.0000
  8.69634794e-04   0.0000
  2.64839709e-01   0.0000
 -4.60154921e-01   0.0000
  3.58554274e-01   0.0000
 -3.12281940e-02   0.0000
  5.76685765e-04   0.0000
  1.51765972e-01   0.0000
  2.92400047e-02   0.0000
 -1.92286279e-02   0.0000
  1.16570421e-01   0.0000
 -1.22569054e-02   0.0000
  4.71173413e-03   0.0000
 -1.06550623e-02   0.0000
 -1.35033339e-01   0.0000
 -2.45316140e-02   0.0000
 -8.90368316e-03   0.0000
 -5.43858344e-03   0.0000
  3.04417223e-01   0.0000
 -3.92973330e-03   0.0000
 -1.12124784e-02   0.0000
  1.58243731e-03   0.0000
  7.81367123e-02   0.0000
  1.48018315e-01   0.0000
 -1.31453499e-01   0.0000
  5.51006645e-02   0.0000
 -7.13986829e-02   0.0000
 -2.02897787e-01   0.0000
  1.40884176e-01   0.0000
 -2.82905281e-01   0.0000
 -1.26350522e-01   0.0000
 -4.89738472e-02   0.0000
  1.31419390e-01   0.0000
 -2.30069980e-01   0.0000
  3.44632745e-01   0.0000
  3.12326681e-02   0.0000
 -2.67278254e-01   0.0000
  4.72112233e-03   0.0000
  2.99607813e-01   0.0000
  4.49698776e-01   0.0000
  1.10028498e-01   0.0000
  9.41143255e-04   0.0000
 -2.89108269e-02   0.0000
  3.76782447e-01   0.0000
 -4.30719674e-01   0.0000
  2.61048883e-01   0.0000
 -6.47672832e-01   0.0000
  1.20192714e-01   0.0000
 -4.25023794e-01   0.0000
 -2.03056410e-02   0.0000
 -3.34642559e-01   0.0000
  3.05211186e-01   0.0000
 -3.46064359e-01   0.0000
 -1.22285634e-02   0.0000
 -9.00655761e-02   0.0000
 -6.09271109e-01   0.0000
 -2.73308694e-01   0.0000
  1.34392336e-01   0.0000
  8.23002160e-01   0.0000
 -7.77527153e-01   0.0000
  2.65632629e-01   0.0000
 -3.55886877e-01   0.0000
  1.75094634e-01   0.0000
 -4.02208656e-01   0.0000
  1.17364712e-01   0.0000
  2.54920483e-01   0.0000
  7.15337038e-01   0.0000
 -2.08043694e-01   0.0000
  1.27733320e-01   0.0000
 -9.57952521e-04   0.0000
  2.01535970e-01   0.0000
  1.04471302e+00   0.0000
  3.00468862e-01   0.0000
  9.20793414e-01   0.0000
 -9.94969085e-02   0.0000
 -1.82105339e+00   0.0000
  1.87252522e+00   0.0000
 -2.59648395e+00   0.0000
  3.98678231e+00   0.0000
 -7.75412738e-01   0.0000
  1.34642541e+00   0.0000
 -1.56287640e-01   0.0000
  1.47482967e+00   0.0000
 -3.11782408e+00   0.0000
  2.68542361e+00   0.0000
  3.59830745e-02   0.0000
  9.31622922e-01   0.0000
  2.66498518e+00   0.0000
  7.93439388e-01   0.0000
  1.93604481e+00   0.0000

