 5 0.000000 1
 1 
 Si 28.085500
 0 0.250000 4.500000 1.000000 1.000000 
 5 0 1 2 3 4
 8 2.15000 2.30000 2.45000 2.60000 2.75000 3.00000 3.50000 4.00000
 1 12.169200 6.172630 3.114710 0.755675 0.404939 0.036124 0.650018 0.572890
 5 40 13 13 13 1
  5.73518097e-01   0.0000
 -2.51079440e-01   0.0000
 -4.58410114e-01   0.0000
  3.84182215e+00   0.0000
  4.13118362e+00   0.0000
  4.05253917e-01   0.0000
  4.66582477e-01   0.0000
  2.32682228e+00   0.0000
  1.13229799e+00   0.0000
  1.04214084e+00   0.0000
 -3.58175606e-01   0.0000
 -1.93193936e+00   0.0000
 -4.85963702e-01   0.0000
  6.69391751e-01   0.0000
 -6.14210963e-01   0.0000
  1.06289279e+00   0.0000
  3.98028326e+00   0.0000
  1.48025072e+00   0.0000
 -1.56509376e+00   0.0000
 -7.35385716e-02   0.0000
  2.47609448e+00   0.0000
  4.12525535e-01   0.0000
  9.93510783e-01   0.0000
 -3.05697709e-01   0.0000
  4.46263403e-01   0.0000
  1.02288924e-01   0.0000
  6.41805351e-01   0.0000
 -1.34252214e+00   0.0000
  1.09697199e+00   0.0000
  4.02116776e+00   0.0000
 -8.05858374e-02   0.0000
  4.79056716e-01   0.0000
  5.88671982e-01   0.0000
  2.29496264e+00   0.0000
  8.12531352e-01   0.0000
  8.56165826e-01   0.0000
 -3.39846522e-01   0.0000
  4.65105623e-01   0.0000
  1.58541477e+00   0.0000
  1.28306627e+00   0.0000
 -1.08999825e+00   0.0000
  1.25523007e+00   0.0000
  3.01667881e+00   0.0000
  8.31251219e-02   0.0000
  2.32968974e+00   0.0000
  9.95815158e-01   0.0000
  1.79198313e+00   0.0000
  9.97007191e-01   0.0000
  1.23802304e+00   0.0000
 -8.41770113e-01   0.0000
  8.09969842e-01   0.0000
  7.80137837e-01   0.0000
  1.63145220e+00   0.0000
 -8.13214004e-01   0.0000
  5.32921672e-01   0.0000
  2.34289670e+00   0.0000
  7.51479249e-03   0.0000
  1.84326351e+00   0.0000
  3.26905638e-01   0.0000
  1.36995721e+00   0.0000
  9.74288464e-01   0.0000
  1.46378934e+00   0.0000
 -7.37203300e-01   0.0000
  7.28872776e-01   0.0000
 -8.35039079e-01   0.0000
  2.55263209e+00   0.0000
 -5.92100739e-01   0.0000
  2.20657039e+00   0.0000
  1.89775729e+00   0.0000
  1.55916866e-02   0.0000
 -1.10812712e+00   0.0000
 -1.32819760e+00   0.0000
  6.95019484e-01   0.0000
  1.22240639e+00   0.0000
  1.29073894e+00   0.0000
  3.87406677e-01   0.0000
 -6.28455818e-01   0.0000
 -1.71523428e+00   0.0000
  3.88111401e+00   0.0000
  8.27380657e-01   0.0000
  6.19062901e-01   0.0000
  9.73332107e-01   0.0000
  2.70751548e+00   0.0000
  2.26331547e-01   0.0000
  6.51454777e-02   0.0000
  1.59486249e-01   0.0000
  1.48987937e+00   0.0000
  1.40813851e+00   0.0000
  1.24407232e+00   0.0000
  9.08678055e-01   0.0000
  4.92036402e-01   0.0000
  3.83105779e+00   0.0000
  1.17015786e-01   0.0000
 -3.27575564e+00   0.0000
 -2.13906193e+00   0.0000
  3.17788792e+00   0.0000
 -7.56070390e-02   0.0000
 -3.12340111e-02   0.0000
  6.62852705e-01   0.0000
 -2.65589738e+00   0.0000
  4.80718851e-01   0.0000
 -3.15892386e+00   0.0000
 -7.74857759e-01   0.0000
 -1.28329337e-01   0.0000
 -1.23419292e-01   0.0000
  9.44933057e-01   0.0000
  1.34105361e+00   0.0000
 -2.50160837e+00   0.0000
 -5.48913836e-01   0.0000
  7.03728318e-01   0.0000
 -1.32541287e+00   0.0000
  5.86162031e-01   0.0000
  6.37166917e-01   0.0000
  9.70565557e-01   0.0000
  1.85029894e-01   0.0000
  1.09031880e+00   0.0000
  1.09412360e+00   0.0000
  1.55643567e-01   0.0000
  1.38478088e+00   0.0000
  2.62372166e-01   0.0000
 -1.87351274e+00   0.0000
  5.75342834e-01   0.0000
  4.80802000e-01   0.0000
  1.48864257e+00   0.0000
  3.81880730e-01   0.0000
  1.05875134e+00   0.0000
  6.70756638e-01   0.0000
  5.63077390e-01   0.0000
  1.02974832e+00   0.0000
  1.13351333e+00   0.0000
  1.51343331e-01   0.0000
  9.50935304e-01   0.0000
 -4.04711515e-01   0.0000
 -2.11800337e+00   0.0000
  1.61432588e+00   0.0000
 -1.08130097e+00   0.0000
  1.38812768e+00   0.0000
  3.51266384e-01   0.0000
  9.74462867e-01   0.0000
  5.20440340e-01   0.0000
  5.99491000e-01   0.0000
  2.05607340e-01   0.0000
 -9.08981562e-02   0.0000
  5.09790957e-01   0.0000
 -3.19122076e-01   0.0000
 -9.30678368e-01   0.0000
 -2.64159107e+00   0.0000
  1.92123795e+00   0.0000
 -2.14412808e+00   0.0000
 -2.52949987e-02   0.0000
  7.63369352e-02   0.0000
  7.73757160e-01   0.0000
  3.67953807e-01   0.0000
  5.56819558e-01   0.0000
 -1.19176924e+00   0.0000
 -1.49616623e+00   0.0000
  5.38291931e-01   0.0000
 -9.71654117e-01   0.0000
 -5.57189882e-01   0.0000
 -3.11295843e+00   0.0000
  2.08403540e+00   0.0000
 -1.39016092e+00   0.0000
 -8.26836646e-01   0.0000
  1.66401446e-01   0.0000
  7.61707306e-01   0.0000
  4.84389246e-01   0.0000
  4.77343976e-01   0.0000
 -1.70982754e+00   0.0000
 -1.34338927e+00   0.0000
  5.46512067e-01   0.0000
 -1.20098901e+00   0.0000
  4.10886705e-01   0.0000
 -3.93297768e+00   0.0000
  5.16647756e-01   0.0000
  4.01038933e+00   0.0000
  1.03094208e+00   0.0000
 -2.14747220e-01   0.0000
  7.98143446e-01   0.0000
  5.21864116e-01   0.0000
  9.20661926e-01   0.0000
  6.52363956e-01   0.0000
  1.69595504e+00   0.0000
  6.29778385e-01   0.0000
  7.07047641e-01   0.0000
  2.17859650e+00   0.0000
 -2.14479613e+00   0.0000
 -1.80850530e+00   0.0000
 -9.26817715e-01   0.0000
 -2.99460232e-01   0.0000
 -4.76370543e-01   0.0000
  1.34947562e+00   0.0000
  4.64725077e-01   0.0000
  1.04433024e+00   0.0000
  1.14589429e+00   0.0000
 -4.78205770e-01   0.0000
  1.89357609e-01   0.0000
 -7.74684191e-01   0.0000
  1.22868896e+00   0.0000
 -6.99603438e-01   0.0000
 -8.15849543e-01   0.0000
 -3.89399481e+00   0.0000
 -1.25828338e+00   0.0000
 -7.51625821e-02   0.0000
  4.48748142e-01   0.0000
  9.28531885e-02   0.0000
  1.18977785e-01   0.0000
 -1.59903026e+00   0.0000
 -1.65368724e+00   0.0000
 -2.56399214e-01   0.0000
  1.73621249e+00   0.0000
 -7.94985175e-01   0.0000
 -6.16333783e-01   0.0000
 -1.15964162e+00   0.0000
  3.33133507e+00   0.0000
 -2.65568590e+00   0.0000
  3.86774600e-01   0.0000
  6.94994509e-01   0.0000
  3.08517227e-03   0.0000
 -1.97767723e+00   0.0000
 -2.59755659e+00   0.0000
 -2.17442322e+00   0.0000
 -4.94380474e-01   0.0000
  1.00273438e-01   0.0000
 -3.73113677e-02   0.0000
  2.47110546e-01   0.0000
 -1.90361977e+00   0.0000
  9.71841216e-01   0.0000
 -1.37416112e+00   0.0000
  5.27691483e-01   0.0000
  7.80153453e-01   0.0000
 -8.47615004e-02   0.0000
 -1.66144896e+00   0.0000
  1.03177175e-01   0.0000
 -4.30426091e-01   0.0000
 -4.83062789e-02   0.0000
 -1.22567165e+00   0.0000
 -3.69659692e-01   0.0000
  4.33090895e-01   0.0000
 -2.00296211e+00   0.0000
 -1.73806047e+00   0.0000
  9.50073540e-01   0.0000
  1.69770196e-01   0.0000
  1.32745636e+00   0.0000
 -7.86658674e-02   0.0000
 -1.03333271e+00   0.0000
  8.77648473e-01   0.0000
  7.59547055e-01   0.0000
 -9.92673412e-02   0.0000
 -1.44412386e+00   0.0000
 -9.72617209e-01   0.0000
 -3.26509207e-01   0.0000
 -8.08003843e-01   0.0000
 -2.55332065e+00   0.0000
  1.86371338e+00   0.0000
  1.68463618e-01   0.0000
  1.71359229e+00   0.0000
  4.37569350e-01   0.0000
 -5.46178460e-01   0.0000
  2.30026424e-01   0.0000
  1.24846911e+00   0.0000
  5.00043273e-01   0.0000
 -1.02604842e+00   0.0000
 -2.00389099e+00   0.0000
 -9.14968014e-01   0.0000
  1.14422917e+00   0.0000
 -1.32846320e+00   0.0000
  3.92703503e-01   0.0000
 -1.62121981e-01   0.0000
  1.78555596e+00   0.0000
  3.39707226e-01   0.0000
 -2.50307351e-01   0.0000
 -4.23753619e-01   0.0000
  9.49259400e-01   0.0000
  6.45972788e-01   0.0000
  2.00857759e+00   0.0000
 -2.15770364e+00   0.0000
 -1.77141798e+00   0.0000
  2.85361910e+00   0.0000
  1.76647329e+00   0.0000
 -1.26037157e+00   0.0000
 -2.19888419e-01   0.0000
  1.83697784e+00   0.0000
  7.52206028e-01   0.0000
  6.61960006e-01   0.0000
 -1.50718319e+00   0.0000
 -1.83987713e+00   0.0000
  6.87687099e-01   0.0000
  3.00725222e+00   0.0000
  2.33783409e-01   0.0000
 -6.12033486e-01   0.0000
  2.18674064e+00   0.0000
 -9.90083396e-01   0.0000
  4.47851866e-01   0.0000
 -2.21621633e-01   0.0000
  1.66632938e+00   0.0000
  5.24170339e-01   0.0000
  4.47820097e-01   0.0000
 -2.07465100e+00   0.0000
  6.47669375e-01   0.0000
  2.43858755e-01   0.0000
 -4.46975708e-01   0.0000
  1.28056198e-01   0.0000
  2.16830015e-01   0.0000
  9.30526614e-01   0.0000
 -5.29569530e+00   0.0000
  2.39379621e+00   0.0000
 -5.21240495e-02   0.0000
  5.70670784e-01   0.0000
  1.43801048e-01   0.0000
  2.02071629e-02   0.0000
 -9.03325200e-01   0.0000
  2.49165654e+00   0.0000
  2.43097898e-02   0.0000
  7.20508516e-01   0.0000
 -2.30331826e+00   0.0000
 -5.20715475e-01   0.0000
 -3.52376848e-01   0.0000
 -2.39955330e+00   0.0000
  1.79727948e+00   0.0000
  5.98804951e-01   0.0000
  1.73221171e+00   0.0000
 -4.86271173e-01   0.0000
 -2.16337967e+00   0.0000
  1.84088558e-01   0.0000
 -9.50291455e-01   0.0000
 -2.25488767e-01   0.0000
  1.43394232e+00   0.0000
 -5.43402955e-02   0.0000
 -9.02442753e-01   0.0000
 -1.96698582e+00   0.0000
  1.55699587e+00   0.0000
 -2.53493261e+00   0.0000
  4.34951067e-01   0.0000
  5.45662344e-01   0.0000
 -4.68136936e-01   0.0000
 -1.18248010e+00   0.0000
  1.93697584e+00   0.0000
  2.72707796e+00   0.0000
 -1.99487824e-02   0.0000
  9.05934513e-01   0.0000
  1.34686291e+00   0.0000
 -1.31913984e+00   0.0000
 -2.64627481e+00   0.0000
  1.47711682e+00   0.0000
  1.69509780e+00   0.0000
  2.88013130e-01   0.0000
 -3.05200338e-01   0.0000
 -8.89592469e-01   0.0000
 -5.77461421e-01   0.0000
  6.72701359e-01   0.0000
 -6.75734639e-01   0.0000
  3.61590475e-01   0.0000
 -3.16144168e-01   0.0000
  1.14891517e+00   0.0000
 -2.12462163e+00   0.0000
 -1.88436961e+00   0.0000
 -1.35055199e-01   0.0000
  5.26814878e-01   0.0000
  1.16594478e-01   0.0000
 -9.01955187e-01   0.0000
 -5.98444462e-01   0.0000
 -9.37362984e-02   0.0000
 -8.87827516e-01   0.0000
 -1.80730605e+00   0.0000
  7.40278244e-01   0.0000
 -4.14279431e-01   0.0000
 -3.40570092e-01   0.0000
 -2.75937271e+00   0.0000
 -7.83710778e-02   0.0000
 -9.37867045e-01   0.0000
 -8.91566753e-01   0.0000
  5.03548920e-01   0.0000
 -1.71190310e+00   0.0000
 -8.11493814e-01   0.0000
 -2.00057864e-01   0.0000
 -8.07369411e-01   0.0000
 -8.11416924e-01   0.0000
  7.89145589e-01   0.0000
  1.16429543e+00   0.0000
 -2.51676631e+00   0.0000
 -2.32091379e+00   0.0000
  2.79716039e+00   0.0000
  2.26179153e-01   0.0000
 -7.02492654e-01   0.0000
  3.95017475e-01   0.0000
 -1.82635319e+00   0.0000
 -5.65995097e-01   0.0000
 -7.55396426e-01   0.0000
  3.03557754e-01   0.0000
  1.34006369e+00   0.0000
  1.34839880e+00   0.0000
  2.30696940e+00   0.0000
 -1.96413755e+00   0.0000
  7.52633631e-01   0.0000
  2.74534130e+00   0.0000
  4.64584410e-01   0.0000
 -1.80953443e-01   0.0000
  2.41694584e-01   0.0000
 -1.52986324e+00   0.0000
 -6.34001911e-01   0.0000
 -2.72455096e+00   0.0000
  9.48397160e-01   0.0000
 -2.03159451e+00   0.0000
  1.04850531e+00   0.0000
  1.32026887e+00   0.0000
 -2.71955249e-03   0.0000
  8.60992789e-01   0.0000
  1.53842437e+00   0.0000
 -9.85783815e-01   0.0000
 -2.73177356e-01   0.0000
  4.63319458e-02   0.0000
 -9.47410047e-01   0.0000
 -3.06936204e-01   0.0000
 -2.16019511e+00   0.0000
  1.58958924e+00   0.0000
  1.47639883e+00   0.0000
 -3.21380571e-02   0.0000
 -1.21767604e+00   0.0000
 -1.83089450e-01   0.0000
 -3.62883830e+00   0.0000
 -7.26287067e-01   0.0000
 -8.00908744e-01   0.0000
  6.97993815e-01   0.0000
  6.93214417e-01   0.0000
  4.58273232e-01   0.0000
  3.93750578e-01   0.0000
 -1.59301553e-02   0.0000
  2.85932302e-01   0.0000
  1.04051018e+00   0.0000
 -1.95164189e-01   0.0000
  1.21526110e+00   0.0000
  9.49361026e-01   0.0000
 -2.98949003e+00   0.0000
 -1.77194238e+00   0.0000
 -7.05697656e-01   0.0000
  1.13571221e-02   0.0000
  4.24472123e-01   0.0000
  5.00690378e-02   0.0000
 -4.11942415e-02   0.0000
 -2.12161303e-01   0.0000
  1.71509421e+00   0.0000
 -6.10117018e-01   0.0000
  1.17270477e-01   0.0000
  1.59402561e+00   0.0000
  8.25714111e-01   0.0000
 -2.39034081e+00   0.0000
 -2.15837550e+00   0.0000
 -6.17065243e-02   0.0000
 -4.21315342e-01   0.0000
  3.58045101e-01   0.0000
 -4.87419605e-01   0.0000
 -4.18177456e-01   0.0000
 -1.25736356e+00   0.0000
  1.72619009e+00   0.0000
 -4.05009151e-01   0.0000
  3.53169680e-01   0.0000
  5.15671790e-01   0.0000
 -2.68463761e-01   0.0000
 -1.82720137e+00   0.0000
 -1.61279547e+00   0.0000
  2.76229471e-01   0.0000
  6.75338030e-01   0.0000
  2.44320095e-01   0.0000
 -1.06029546e+00   0.0000
 -6.39097989e-01   0.0000
 -2.00089526e+00   0.0000
  1.20734349e-01   0.0000
  4.18986171e-01   0.0000
  3.20315838e-01   0.0000
 -1.49578661e-01   0.0000
 -1.51746202e+00   0.0000
 -9.89938557e-01   0.0000
 -1.25499463e+00   0.0000
  1.37881130e-01   0.0000
 -1.41529843e-01   0.0000
  2.63901711e-01   0.0000
 -1.63926172e+00   0.0000
 -1.09858704e+00   0.0000
 -2.55907536e+00   0.0000
  2.64640182e-01   0.0000
 -8.55409727e-02   0.0000
  6.03646815e-01   0.0000
  9.38961387e-01   0.0000
 -2.29899311e+00   0.0000
 -3.53508592e-01   0.0000
 -3.67116451e-01   0.0000
 -6.15667522e-01   0.0000
 -1.29327238e-01   0.0000
  4.20820922e-01   0.0000
 -2.70111465e+00   0.0000
 -1.69735265e+00   0.0000
 -2.73998499e+00   0.0000
  1.90712965e+00   0.0000
 -5.70304930e-01   0.0000
  1.43652153e+00   0.0000
  1.13907838e+00   0.0000
  1.28454995e+00   0.0000
  7.91554630e-01   0.0000
  1.11722922e+00   0.0000
  4.41686153e-01   0.0000
  5.00784457e-01   0.0000
  6.26721859e-01   0.0000
 -1.30914104e+00   0.0000
 -1.00811470e+00   0.0000
 -2.05095363e+00   0.0000
 -4.50324565e-01   0.0000
  6.26300514e-01   0.0000
  1.60335755e+00   0.0000
 -2.46505594e+00   0.0000
  2.05403423e+00   0.0000
  3.48879322e-02   0.0000
  1.74221706e+00   0.0000
  3.52968621e+00   0.0000
 -1.51282740e+00   0.0000
 -2.40661860e-01   0.0000
  1.44326520e+00   0.0000
  3.99342060e-01   0.0000
 -3.26170251e-02   0.0000
  1.06206656e+00   0.0000
 -2.29509878e+00   0.0000
  1.43693781e+00   0.0000
  3.01376246e-02   0.0000
 -3.90953064e-01   0.0000
  1.16489744e+00   0.0000
  1.18230939e+00   0.0000
 -2.00080061e+00   0.0000
 -5.16613245e+00   0.0000
  1.74604368e+00   0.0000
  1.41541815e+00   0.0000
  6.07694805e-01   0.0000
 -1.11117756e+00   0.0000
  1.81203913e-02   0.0000
  1.28051147e-01   0.0000
 -2.21412927e-01   0.0000
 -1.14139211e+00   0.0000
 -1.17169738e+00   0.0000
 -8.06247517e-02   0.0000
 -6.92267954e-01   0.0000
 -7.43717700e-02   0.0000
 -4.73553210e-01   0.0000
 -5.45656502e-01   0.0000
 -1.73241818e+00   0.0000
  2.71257758e-01   0.0000
  2.74233532e+00   0.0000
 -2.46296078e-01   0.0000
 -2.32764885e-01   0.0000
 -8.94415453e-02   0.0000
  1.67972243e+00   0.0000
  2.31720433e-01   0.0000
 -4.31467630e-02   0.0000
 -1.46453607e+00   0.0000
  2.38657951e+00   0.0000
 -7.83743024e-01   0.0000
  1.15414524e+00   0.0000
  1.77289391e+00   0.0000
  3.26686502e-01   0.0000
 -5.44747293e-01   0.0000
 -4.12954426e+00   0.0000
  7.48981675e-03   0.0000
  4.06844944e-01   0.0000
 -8.15481320e-02   0.0000
  5.36827922e-01   0.0000
  2.08929047e-01   0.0000
  1.77245486e+00   0.0000
 -2.11721992e+00   0.0000
  1.24021780e+00   0.0000
 -6.68442488e-01   0.0000
  2.37133455e+00   0.0000
 -1.07792366e+00   0.0000
 -1.99741876e+00   0.0000
  5.26971817e+00   0.0000
  2.76359272e+00   0.0000
  7.10845441e-02   0.0000
  1.10952938e+00   0.0000
  1.66177773e+00   0.0000
  1.43567950e-01   0.0000
  1.17740285e+00   0.0000
  4.19780970e+00   0.0000
 -9.45870124e-04   0.0000
 -1.20592010e+00   0.0000
  9.40747976e-01   0.0000
 -5.37628233e-02   0.0000
 -2.86818361e+00   0.0000
 -3.50122237e+00   0.0000
  2.44802809e+00   0.0000
 -4.17363018e-01   0.0000
 -6.72110379e-01   0.0000
 -1.96824515e+00   0.0000
  4.96592894e-02   0.0000
 -3.47819477e-01   0.0000
 -9.95812297e-01   0.0000
 -4.41782147e-01   0.0000
 -8.56906176e-01   0.0000
 -2.04545307e+00   0.0000
  3.19020838e-01   0.0000
  4.97018528e+00   0.0000
  1.18904209e+00   0.0000
 -2.52058077e+00   0.0000
  1.03757727e+00   0.0000
  4.10434818e+00   0.0000
 -1.07282901e+00   0.0000
  3.46317947e-01   0.0000
  2.71794558e+00   0.0000
 -3.54673475e-01   0.0000
  1.28753734e+00   0.0000
  2.27753615e+00   0.0000
  4.38886195e-01   0.0000
 -1.35273421e+00   0.0000
  2.99461627e+00   0.0000
 -5.17907143e+00   0.0000
  2.32304335e+00   0.0000
 -5.25076926e-01   0.0000
  5.16725636e+00   0.0000
  3.77706647e+00   0.0000
 -3.82951617e-01   0.0000
 -6.08060583e-02   0.0000
  4.08875608e+00   0.0000
 -3.53853106e-01   0.0000
  4.47650284e-01   0.0000
  4.78721905e+00   0.0000
  7.55056441e-01   0.0000
 -4.62730265e+00   0.0000
 -2.67038792e-01   0.0000
 -3.11330259e-01   0.0000
 -3.50574434e-01   0.0000
  5.44235706e-01   0.0000
  5.15529275e-01   0.0000
 -5.72844334e-02   0.0000
 -1.09648037e+00   0.0000
  1.60720080e-01   0.0000
 -5.20708978e-01   0.0000
 -9.36207294e-01   0.0000
  1.14511240e+00   0.0000
  9.07324672e-01   0.0000
 -1.87478590e+00   0.0000
  1.25817752e+00   0.0000
  5.76050580e-01   0.0000
  4.53283161e-01   0.0000
 -4.84451473e-01   0.0000
 -3.24654311e-01   0.0000
  2.08297461e-01   0.0000
  6.94450736e-01   0.0000
 -8.87988031e-01   0.0000
  1.34509474e-01   0.0000
  8.80064815e-02   0.0000
 -1.50513542e+00   0.0000
  9.04496908e-02   0.0000
  1.33462870e+00   0.0000
 -2.77765417e+00   0.0000
  2.64063048e+00   0.0000
 -1.11579951e-02   0.0000
 -1.18009865e+00   0.0000
 -1.26156414e+00   0.0000
  1.70120060e-01   0.0000
  4.52906191e-01   0.0000
  1.12244594e+00   0.0000
  3.51121649e-02   0.0000
  1.45864367e-01   0.0000
 -1.73460889e+00   0.0000
  3.72736186e-01   0.0000
  1.17204055e-01   0.0000
  3.08412492e-01   0.0000
  1.88997221e+00   0.0000
  1.32451132e-01   0.0000
 -3.72383296e-01   0.0000
 -7.27491558e-01   0.0000
  1.17401175e-01   0.0000
  4.89881039e-01   0.0000
 -2.09020734e+00   0.0000
  1.96236715e-01   0.0000
  9.83135045e-01   0.0000
 -1.00712299e+00   0.0000
 -8.43624353e-01   0.0000
  2.35485554e+00   0.0000
 -2.68638849e+00   0.0000
 -3.61017406e-01   0.0000
  3.66133422e-01   0.0000
  2.87180448e+00   0.0000
 -2.37770271e+00   0.0000
  1.17970943e-01   0.0000
 -4.45540667e-01   0.0000
 -5.18016577e+00   0.0000
 -6.66494519e-02   0.0000
 -4.13928717e-01   0.0000
 -1.75413775e+00   0.0000
  5.12235284e-01   0.0000
 -2.87871003e-01   0.0000
 -3.46801066e+00   0.0000
  1.16336668e+00   0.0000
 -7.84870625e-01   0.0000
 -2.08869720e+00   0.0000
 -1.18868709e+00   0.0000
 -8.53532195e-01   0.0000
 -5.68002403e-01   0.0000
  3.73335910e+00   0.0000
 -7.90559709e-01   0.0000
  1.14284146e+00   0.0000
 -2.47302532e+00   0.0000
  1.24274051e+00   0.0000
  3.51616549e+00   0.0000
 -4.30131674e+00   0.0000
 -1.12034988e+00   0.0000
 -1.28625840e-01   0.0000
 -1.86938488e+00   0.0000
 -3.62176448e-01   0.0000
 -4.26496983e-01   0.0000
 -1.91508997e-02   0.0000
 -5.03181338e-01   0.0000
  1.52210817e-01   0.0000
 -1.13276482e+00   0.0000
  3.05106878e-01   0.0000
  3.92120659e-01   0.0000
 -1.23926437e+00   0.0000
  4.49661136e-01   0.0000
  1.47687912e+00   0.0000
 -3.40903878e-01   0.0000
 -7.86418140e-01   0.0000
  4.74996597e-01   0.0000
 -4.60015953e-01   0.0000
  2.72939831e-01   0.0000
  5.90145886e-01   0.0000
  3.11363667e-01   0.0000
  3.71365964e-01   0.0000
  1.23156667e-01   0.0000
 -1.04248926e-01   0.0000
  7.76395261e-01   0.0000
 -8.94614935e-01   0.0000
  4.39522654e-01   0.0000
 -7.28158593e-01   0.0000
  4.91748524e+00   0.0000
 -5.74017167e-02   0.0000
 -1.98706257e+00   0.0000
 -3.27867270e-01   0.0000
 -6.27194941e-01   0.0000
 -1.25178754e+00   0.0000
 -8.08371007e-02   0.0000
  3.19906116e-01   0.0000
 -2.13179320e-01   0.0000
  2.79456258e+00   0.0000
  3.89314866e+00   0.0000
 -1.35106593e-01   0.0000
 -6.83738887e-01   0.0000
  2.62065530e+00   0.0000
  1.02395020e-01   0.0000
 -5.30387342e-01   0.0000
  6.91489697e-01   0.0000
  6.91372994e-03   0.0000
 -6.11497283e-01   0.0000
  7.16893315e-01   0.0000
  4.93044764e-01   0.0000
 -5.78946888e-01   0.0000
  1.50173020e+00   0.0000
  1.29324508e+00   0.0000
  2.51753420e-01   0.0000
 -1.04320139e-01   0.0000
 -7.97999322e-01   0.0000
  3.84848565e-01   0.0000
 -5.56831062e-02   0.0000
  6.26372397e-01   0.0000
  1.20479658e-01   0.0000
  2.55201310e-01   0.0000
  5.11547506e-01   0.0000
  8.67102146e-02   0.0000
 -1.15333788e-01   0.0000
  4.49756384e-01   0.0000
 -3.50492626e-01   0.0000
  4.76556182e-01   0.0000
  3.16687822e-01   0.0000
 -1.09979439e+00   0.0000
 -3.51339459e-01   0.0000
  2.67419010e-01   0.0000
 -8.86177123e-02   0.0000
 -2.44213924e-01   0.0000
  3.80079836e-01   0.0000
 -3.88809264e-01   0.0000
 -4.78457004e-01   0.0000
  2.11708486e-01   0.0000
  3.42633456e-01   0.0000
 -2.18176770e+00   0.0000
 -2.54449576e-01   0.0000
 -1.79627135e-01   0.0000
  4.12717056e+00   0.0000
  1.04487307e-01   0.0000
 -1.47684956e+00   0.0000
  2.95862347e-01   0.0000
 -3.26840311e-01   0.0000
 -7.63615072e-01   0.0000
  3.73071522e-01   0.0000
  2.73876011e-01   0.0000
 -3.22257072e-01   0.0000
 -7.31858432e-01   0.0000
  3.62244797e+00   0.0000
  3.53597164e-01   0.0000
  4.42851692e-01   0.0000
 -5.95188379e-01   0.0000
 -3.90348166e-01   0.0000
 -4.62608010e-01   0.0000
 -6.20550931e-01   0.0000
 -1.17232420e-01   0.0000
 -3.97940844e-01   0.0000
 -3.95201355e-01   0.0000
 -2.00220197e-01   0.0000
  1.77290559e-01   0.0000
  1.01682711e+00   0.0000
 -1.63295472e+00   0.0000
 -1.95956528e-01   0.0000
  9.80085954e-02   0.0000
 -7.22470224e-01   0.0000
  2.31865674e-01   0.0000
  9.05205786e-01   0.0000
  4.02623743e-01   0.0000
  2.00102776e-01   0.0000
 -1.81946501e-01   0.0000
 -1.52593002e-01   0.0000
  1.32866666e-01   0.0000
  1.36115164e-01   0.0000
 -1.23478746e+00   0.0000
 -5.85052013e-01   0.0000
  1.10983506e-01   0.0000
 -3.92339289e-01   0.0000
  3.68319941e+00   0.0000
 -1.78977683e-01   0.0000
 -1.62891638e+00   0.0000
 -2.01985896e-01   0.0000
 -3.45643729e-01   0.0000
 -1.49517632e+00   0.0000
 -2.66218215e-01   0.0000
  1.50098369e-01   0.0000
  1.05806038e-01   0.0000
  1.86099768e+00   0.0000
  2.79060650e+00   0.0000
  4.82815243e-02   0.0000
  2.28298590e-01   0.0000
  7.62940466e-01   0.0000
 -3.40415128e-02   0.0000
 -1.39866292e-01   0.0000
  1.18119650e-01   0.0000
 -1.27649143e-01   0.0000
  5.24845067e-03   0.0000
  1.80388913e-01   0.0000
 -3.69888134e-02   0.0000
  2.80413598e-01   0.0000
 -1.22445452e+00   0.0000
  1.99045312e+00   0.0000
  1.65054470e-01   0.0000
  2.59545684e-01   0.0000
 -4.40051031e+00   0.0000
  1.57704338e-01   0.0000
  2.22698879e+00   0.0000
  2.00312555e-01   0.0000
  3.59562635e-01   0.0000
 -5.49065471e-01   0.0000
  3.88291143e-02   0.0000
  1.81981146e-01   0.0000
  8.50722268e-02   0.0000
 -1.61629748e+00   0.0000
 -3.29592204e+00   0.0000
  9.89630818e-02   0.0000
 -2.93680400e-01   0.0000
  3.75877309e+00   0.0000
 -9.68845934e-02   0.0000
 -4.15567923e+00   0.0000
  2.51432866e-01   0.0000
 -6.51053607e-01   0.0000
 -2.64259505e+00   0.0000
  3.60920638e-01   0.0000
  2.64510572e-01   0.0000
 -3.14211875e-01   0.0000
  3.61444688e+00   0.0000
  4.77070189e+00   0.0000
  2.33744547e-01   0.0000
  5.79164684e-01   0.0000
 -2.83217978e+00   0.0000
 -4.21213545e-02   0.0000
  2.84937644e+00   0.0000
 -4.43270877e-02   0.0000
  2.30491906e-01   0.0000
  1.36125970e+00   0.0000
 -4.07826036e-01   0.0000
 -3.77847105e-01   0.0000
  1.25277042e-01   0.0000
  3.89292806e-01   0.0000
 -2.30299878e+00   0.0000
  2.05000862e-02   0.0000
  3.32740688e+00   0.0000
  4.05764866e+00   0.0000
 -3.42482829e+00   0.0000
 -1.17418694e+00   0.0000
 -3.37473154e+00   0.0000
 -3.38192463e+00   0.0000
 -2.31749606e+00   0.0000
 -3.31963015e+00   0.0000
 -3.39089632e+00   0.0000
  3.40392804e+00   0.0000
 -4.38643128e-01   0.0000
  2.48013663e+00   0.0000
 -3.43139720e+00   0.0000
 -2.71426034e+00   0.0000
  5.41486597e+00   0.0000
 -2.16952038e+00   0.0000
 -4.38121414e+00   0.0000
 -2.97376108e+00   0.0000
 -3.84318590e+00   0.0000
 -3.97075248e+00   0.0000
  1.82620347e+00   0.0000
  4.87037420e-01   0.0000
  5.51610887e-01   0.0000
  4.56431341e+00   0.0000
  5.03333426e+00   0.0000
 -2.44510913e+00   0.0000
  0.00000000e+00   0.0000

