 5 0.000000 1
 1 
 Si 28.085500
 0 0.250001 4.500000 0.978124 1.000000 
 5 0 1 2 4 6
 8 2.25000 2.50000 2.75000 3.00000 3.25000 3.50000 3.75000 4.00000
 1 12.169200 6.172630 3.114710 0.755675 0.404939 0.036124 0.650018 0.572890
 5 40 24 24 16 1
 -7.03347102e-02   0.0000
 -5.47128059e-02   0.0000
 -1.10410154e+00   0.0000
  1.33949840e+00   0.0000
  1.06821823e+00   0.0000
  1.08440578e-01   0.0000
  6.16476119e-01   0.0000
 -4.50462066e-02   0.0000
  3.48259628e-01   0.0000
  5.28566428e-02   0.0000
 -2.95524240e-01   0.0000
  5.97962141e-02   0.0000
  3.03415745e-01   0.0000
  1.21470451e-01   0.0000
 -1.54935969e-02   0.0000
 -1.85616091e-01   0.0000
  6.98171183e-02   0.0000
  1.71638839e-03   0.0000
 -2.63019443e-01   0.0000
 -5.57142235e-02   0.0000
 -1.69538856e-01   0.0000
 -1.20907009e+00   0.0000
  1.11600505e-02   0.0000
  5.23603000e-02   0.0000
 -2.87823379e-02   0.0000
 -1.24799116e-02   0.0000
 -1.12111844e-01   0.0000
 -2.80739516e-01   0.0000
 -7.11343065e-03   0.0000
  5.58438115e-02   0.0000
  6.35609686e-01   0.0000
 -2.12178491e-02   0.0000
 -1.31843761e-01   0.0000
  3.11773699e-02   0.0000
 -1.77134182e-02   0.0000
  8.72643143e-02   0.0000
 -6.62929937e-02   0.0000
 -3.75336967e-02   0.0000
  6.42858744e-02   0.0000
 -2.64098763e-01   0.0000
 -1.18128816e-02   0.0000
 -2.05397848e-02   0.0000
  6.10202085e-04   0.0000
 -9.22319517e-02   0.0000
 -2.49552168e-02   0.0000
 -6.83801949e-01   0.0000
  6.60706460e-02   0.0000
  1.04124166e-01   0.0000
 -1.88851163e-01   0.0000
 -1.50013808e-02   0.0000
 -2.75765955e-02   0.0000
 -7.98621595e-01   0.0000
 -2.68698968e-02   0.0000
  1.43198175e-02   0.0000
  8.03508341e-01   0.0000
 -1.05235487e-01   0.0000
 -2.32220456e-01   0.0000
  2.40429491e-02   0.0000
 -1.03650585e-01   0.0000
  3.58085036e-01   0.0000
 -1.83818161e-01   0.0000
 -2.83173174e-02   0.0000
  7.26771876e-02   0.0000
 -7.40059078e-01   0.0000
 -8.85131136e-02   0.0000
 -5.60723012e-03   0.0000
  3.37716490e-01   0.0000
 -3.05118293e-01   0.0000
 -1.42617021e-02   0.0000
 -2.47636810e-01   0.0000
  1.70714557e-01   0.0000
  2.17105821e-01   0.0000
 -1.52301088e-01   0.0000
 -1.64262075e-02   0.0000
  3.37087810e-01   0.0000
 -2.55685359e-01   0.0000
 -1.40984520e-01   0.0000
  7.61363730e-02   0.0000
  1.04849744e+00   0.0000
 -4.45845164e-02   0.0000
 -2.69969050e-02   0.0000
  1.74986850e-03   0.0000
 -2.34434567e-02   0.0000
  2.63020337e-01   0.0000
 -6.98422372e-01   0.0000
 -1.66183151e-02   0.0000
  6.11605756e-02   0.0000
 -7.71581233e-01   0.0000
 -3.63456132e-03   0.0000
  6.23122044e-03   0.0000
  9.64171737e-02   0.0000
 -3.20648313e-01   0.0000
 -7.81134982e-03   0.0000
 -1.33611634e-01   0.0000
  4.58942711e-01   0.0000
  1.54302701e-01   0.0000
 -9.86918658e-02   0.0000
 -2.83293845e-03   0.0000
  4.60051507e-01   0.0000
 -1.13698199e-01   0.0000
 -1.22378148e-01   0.0000
  2.76258409e-01   0.0000
  1.06441855e+00   0.0000
 -5.91773205e-02   0.0000
  5.18563725e-02   0.0000
  3.53751108e-02   0.0000
  1.35443062e-01   0.0000
  9.55275297e-02   0.0000
 -7.43361890e-01   0.0000
  1.66305512e-01   0.0000
 -1.50797144e-02   0.0000
 -4.65927392e-01   0.0000
 -8.78365710e-02   0.0000
  2.37522088e-03   0.0000
  1.00671882e-02   0.0000
 -9.35083330e-02   0.0000
 -1.19121140e-02   0.0000
  4.65540728e-03   0.0000
  4.27990444e-02   0.0000
  5.84064575e-04   0.0000
 -1.77908856e-02   0.0000
  6.44663069e-03   0.0000
  3.70583743e-01   0.0000
 -4.19165604e-02   0.0000
 -5.12978546e-02   0.0000
  3.82935166e-01   0.0000
  7.78870285e-01   0.0000
  1.52610680e-02   0.0000
  2.93114543e-01   0.0000
  4.22487222e-03   0.0000
  1.48429766e-01   0.0000
  2.80218646e-02   0.0000
 -5.74240088e-01   0.0000
  2.09438965e-01   0.0000
 -6.19136496e-03   0.0000
  8.74181557e-03   0.0000
 -1.13156721e-01   0.0000
 -6.89181034e-04   0.0000
 -1.25968367e-01   0.0000
 -1.20527279e-02   0.0000
 -1.39591135e-02   0.0000
  9.38548818e-02   0.0000
 -3.36767025e-02   0.0000
  4.30587679e-03   0.0000
 -2.21622828e-03   0.0000
 -1.97734940e-03   0.0000
  2.50753284e-01   0.0000
  4.51057106e-01   0.0000
  6.84105139e-03   0.0000
  3.07593286e-01   0.0000
  2.40814447e-01   0.0000
  4.79818787e-03   0.0000
  2.76587754e-01   0.0000
  3.78923267e-02   0.0000
  2.32132852e-01   0.0000
  8.47864721e-04   0.0000
 -7.06531107e-01   0.0000
  1.57823771e-01   0.0000
  8.73897341e-04   0.0000
 -2.83779483e-03   0.0000
 -1.36402817e-02   0.0000
  6.39731064e-03   0.0000
 -6.19111240e-01   0.0000
 -7.21653691e-03   0.0000
 -3.76028754e-02   0.0000
  3.35051656e-01   0.0000
  1.96863897e-03   0.0000
 -4.60075680e-03   0.0000
  3.84033401e-03   0.0000
  9.23743355e-04   0.0000
 -4.09079250e-03   0.0000
  1.16126084e+00   0.0000
  8.91416073e-02   0.0000
 -2.11141929e-02   0.0000
  3.25543806e-02   0.0000
 -2.19730614e-03   0.0000
  5.13831496e-01   0.0000
 -4.86272387e-03   0.0000
  4.59317803e-01   0.0000
  7.82797579e-03   0.0000
 -6.44916415e-01   0.0000
 -8.94453898e-02   0.0000
  2.33092942e-04   0.0000
  1.37907891e-02   0.0000
 -8.65797047e-03   0.0000
 -2.95390794e-03   0.0000
 -1.02374172e+00   0.0000
 -2.31631403e-03   0.0000
  9.26005887e-04   0.0000
  2.86688656e-02   0.0000
 -2.08198503e-01   0.0000
 -5.68797986e-04   0.0000
  2.79844133e-03   0.0000
  3.45421693e-04   0.0000
 -3.65165740e-01   0.0000
  7.12704957e-02   0.0000
  3.80282611e-01   0.0000
  3.13921958e-01   0.0000
  2.18485206e-01   0.0000
  7.71640539e-01   0.0000
  4.12156582e-01   0.0000
 -7.94922747e-03   0.0000
  2.37811908e-01   0.0000
  8.92594922e-04   0.0000
  4.74427313e-01   0.0000
  2.81446934e-01   0.0000
  1.01980353e-04   0.0000
  3.36258680e-01   0.0000
  4.97612268e-01   0.0000
 -1.52778905e-03   0.0000
 -5.89683689e-02   0.0000
 -3.48736139e-05   0.0000
  5.18686958e-02   0.0000
  1.16217956e-01   0.0000
  1.06121212e-01   0.0000
 -8.40488123e-04   0.0000
 -4.34022164e-03   0.0000
  2.43624789e-03   0.0000
 -4.85184677e-02   0.0000
  3.43349159e-01   0.0000
  2.90217757e-01   0.0000
  2.63764471e-01   0.0000
  4.16143149e-01   0.0000
  5.89211583e-01   0.0000
  2.44224165e-03   0.0000
 -9.04637272e-04   0.0000
  2.72640623e-02   0.0000
 -2.66884943e-03   0.0000
  2.14556202e-01   0.0000
 -6.18551135e-01   0.0000
 -1.88007043e-03   0.0000
  2.65668094e-01   0.0000
  4.12227213e-01   0.0000
  1.94199474e-05   0.0000
 -2.18641162e-02   0.0000
  2.90537439e-03   0.0000
  6.27955142e-03   0.0000
  1.79362625e-01   0.0000
 -4.32321131e-02   0.0000
  3.61181144e-03   0.0000
  1.07992196e-03   0.0000
 -6.77988026e-03   0.0000
  3.08859944e-02   0.0000
  2.59743541e-01   0.0000
  1.35689348e-01   0.0000
 -5.94210252e-02   0.0000
  6.54850841e-01   0.0000
  5.08201540e-01   0.0000
 -2.65253872e-01   0.0000
 -9.79065197e-04   0.0000
  2.30715558e-01   0.0000
 -7.30845006e-03   0.0000
  5.05408406e-01   0.0000
 -8.83687258e-01   0.0000
  3.60634224e-03   0.0000
 -1.15271164e-02   0.0000
  6.05847895e-01   0.0000
  7.25187454e-03   0.0000
  1.18747681e-01   0.0000
 -3.31333652e-03   0.0000
  1.84162483e-02   0.0000
 -1.84859149e-04   0.0000
 -2.05500692e-01   0.0000
  4.97088954e-03   0.0000
 -3.94756440e-03   0.0000
 -6.55232463e-04   0.0000
  3.25287879e-02   0.0000
  2.19615683e-01   0.0000
  1.10102937e-01   0.0000
 -1.13552533e-01   0.0000
  8.33675086e-01   0.0000
  3.26730102e-01   0.0000
 -7.43201971e-02   0.0000
  2.76043592e-03   0.0000
  2.81727053e-02   0.0000
  7.10092532e-03   0.0000
  6.67479277e-01   0.0000
 -1.07631874e+00   0.0000
 -6.57435914e-04   0.0000
 -1.88774288e-01   0.0000
  5.78753054e-01   0.0000
 -5.55018545e-04   0.0000
 -2.81371977e-02   0.0000
  1.05537276e-03   0.0000
  6.15813024e-03   0.0000
  1.72634248e-03   0.0000
  2.53354758e-02   0.0000
  5.11820195e-03   0.0000
  7.15845870e-03   0.0000
  5.71319775e-04   0.0000
  5.99551164e-02   0.0000
  3.39071035e-01   0.0000
  1.28588835e-02   0.0000
 -1.06577441e-01   0.0000
  7.13438034e-01   0.0000
  1.77425109e-02   0.0000
 -5.47054075e-02   0.0000
 -6.21922500e-03   0.0000
  2.92123365e-03   0.0000
  6.93232147e-03   0.0000
  4.72137988e-01   0.0000
 -1.19173455e+00   0.0000
 -4.42529190e-03   0.0000
 -1.83622837e-01   0.0000
  2.89172351e-01   0.0000
 -1.48347823e-03   0.0000
  1.40139163e-02   0.0000
 -1.19856035e-03   0.0000
  5.67824056e-04   0.0000
 -1.41586782e-02   0.0000
  1.95802487e-02   0.0000
  2.86392332e-03   0.0000
 -1.69329846e-03   0.0000
  3.39724473e-04   0.0000
  2.94049252e-02   0.0000
  3.14655036e-01   0.0000
  9.54477582e-03   0.0000
 -4.85986844e-03   0.0000
  3.38147044e-01   0.0000
 -5.28184650e-03   0.0000
 -1.43952062e-03   0.0000
  1.09849055e-03   0.0000
 -1.87794909e-01   0.0000
  8.44285823e-03   0.0000
  1.40080959e-01   0.0000
 -9.81195390e-01   0.0000
 -2.36483786e-04   0.0000
 -1.41235618e-02   0.0000
 -1.41247855e-02   0.0000
 -1.03832351e-03   0.0000
 -3.89918059e-05   0.0000
  3.59004526e-03   0.0000
 -2.93547381e-03   0.0000
  5.64754233e-02   0.0000
 -2.28627864e-02   0.0000
  2.75328712e-05   0.0000
  1.09202077e-03   0.0000
  1.33690634e-03   0.0000
  4.78925125e-04   0.0000
  1.33861110e-01   0.0000
 -2.10307585e-03   0.0000
  2.19655801e-02   0.0000
  1.03823142e-02   0.0000
 -2.60897614e-02   0.0000
 -5.01936488e-02   0.0000
  2.59946799e-03   0.0000
 -5.81111126e-02   0.0000
  4.46013920e-03   0.0000
 -1.52536705e-02   0.0000
 -4.87319201e-01   0.0000
 -2.84063048e-04   0.0000
  1.67241357e-02   0.0000
 -1.44193275e-02   0.0000
  1.27173567e-04   0.0000
 -1.11111384e-02   0.0000
  5.95406722e-03   0.0000
 -1.28502841e-03   0.0000
  5.32511584e-02   0.0000
 -7.35813472e-03   0.0000
 -1.18211354e-03   0.0000
 -9.16760415e-04   0.0000
 -1.54435192e-03   0.0000
 -2.01787427e-03   0.0000
  1.82369594e-02   0.0000
  9.12103336e-04   0.0000
  1.24760503e-02   0.0000
 -8.03493080e-04   0.0000
 -9.77917109e-03   0.0000
 -3.89384180e-02   0.0000
  3.79692740e-03   0.0000
 -6.33453066e-03   0.0000
 -8.13535356e-04   0.0000
 -1.04479194e-02   0.0000
 -6.81312829e-02   0.0000
 -3.71612003e-03   0.0000
  5.88193676e-03   0.0000
 -1.66545063e-02   0.0000
 -3.19821457e-03   0.0000
 -4.59774485e-04   0.0000
 -2.40218639e-03   0.0000
 -4.23695019e-05   0.0000
  2.07818858e-02   0.0000
 -3.98951862e-03   0.0000
  2.00448767e-03   0.0000
 -2.35627592e-02   0.0000
 -1.56899332e-03   0.0000
 -6.36270583e-01   0.0000
  2.04795506e-02   0.0000
 -7.07000270e-02   0.0000
 -1.46989562e-02   0.0000
 -3.77591044e-01   0.0000
  3.69757593e-01   0.0000
 -5.75593889e-01   0.0000
 -1.52957644e-02   0.0000
 -2.00785305e-02   0.0000
 -4.76770736e-02   0.0000
  3.82324815e-01   0.0000
  1.32596776e-01   0.0000
  5.12110488e-03   0.0000
  1.02042520e+00   0.0000
 -2.59047411e-02   0.0000
  1.23999722e-03   0.0000
 -1.36790238e-03   0.0000
  8.15222710e-02   0.0000
 -1.10265547e-02   0.0000
 -3.22727978e-01   0.0000
 -8.14988673e-01   0.0000
 -7.30217481e-03   0.0000
 -4.08453541e-03   0.0000
 -4.83260211e-03   0.0000
 -3.16076577e-01   0.0000
 -4.28410679e-01   0.0000
 -2.70064890e-01   0.0000
 -1.12679042e-01   0.0000
 -1.83140859e-02   0.0000
  7.73528814e-02   0.0000
 -8.58722329e-01   0.0000
 -9.44237225e-03   0.0000
  3.84194911e-01   0.0000
 -2.30473485e-02   0.0000
  5.49377203e-01   0.0000
  7.59491399e-02   0.0000
  5.79492375e-03   0.0000
 -3.94818783e-02   0.0000
  9.52235088e-02   0.0000
 -8.13351711e-04   0.0000
  6.76540583e-02   0.0000
  4.92555741e-03   0.0000
 -2.68139527e-04   0.0000
 -6.12606227e-01   0.0000
 -1.02532785e-02   0.0000
 -6.55219052e-03   0.0000
 -1.35105860e-04   0.0000
 -7.56739546e-03   0.0000
 -1.87633019e-02   0.0000
 -2.97970206e-01   0.0000
 -9.49375033e-02   0.0000
 -4.66407277e-03   0.0000
  1.22561064e-02   0.0000
  1.06584271e-02   0.0000
 -1.18589747e+00   0.0000
  3.37084639e-03   0.0000
  6.74451351e-01   0.0000
 -1.13741646e-03   0.0000
  2.53407091e-01   0.0000
  4.99160355e-03   0.0000
 -2.03774078e-03   0.0000
 -1.09855734e-01   0.0000
  5.87078668e-02   0.0000
 -4.32541734e-03   0.0000
  6.80484325e-02   0.0000
  2.34189606e-03   0.0000
  1.48116727e-03   0.0000
 -2.43500695e-01   0.0000
  1.05353165e-02   0.0000
  1.76499155e-03   0.0000
 -6.90890476e-03   0.0000
  9.49728710e-05   0.0000
 -9.73846589e-04   0.0000
  2.60637440e-02   0.0000
  3.46379401e-03   0.0000
  8.09009373e-03   0.0000
  1.38889682e-02   0.0000
  4.43734601e-02   0.0000
 -1.13404238e+00   0.0000
  1.91463158e-02   0.0000
  4.70158219e-01   0.0000
 -1.96361518e-03   0.0000
 -1.93766225e-03   0.0000
 -1.03076763e-01   0.0000
 -5.16128354e-03   0.0000
 -1.04048327e-02   0.0000
  3.32066952e-03   0.0000
  5.37901127e-04   0.0000
 -2.88958108e-05   0.0000
  1.17195549e-03   0.0000
 -1.67361628e-02   0.0000
  1.28931664e-02   0.0000
  4.54920903e-02   0.0000
  7.36956252e-04   0.0000
  2.19504116e-04   0.0000
  7.13237561e-04   0.0000
 -6.05094805e-03   0.0000
 -2.80022901e-03   0.0000
  9.93299782e-02   0.0000
  1.38705997e-02   0.0000
 -5.69918146e-03   0.0000
 -2.94061098e-02   0.0000
 -8.69124949e-01   0.0000
 -1.00955728e-03   0.0000
 -5.46907336e-02   0.0000
 -4.52070497e-03   0.0000
  8.01443495e-03   0.0000
 -1.51213348e-01   0.0000
 -4.43275133e-03   0.0000
  8.63413734e-04   0.0000
 -2.50231214e-02   0.0000
 -4.01509897e-04   0.0000
  1.31525882e-02   0.0000
  6.81848219e-03   0.0000
 -8.38329177e-03   0.0000
  1.86605275e-01   0.0000
 -9.68842884e-04   0.0000
 -7.64957163e-04   0.0000
 -9.65526910e-04   0.0000
 -1.97584298e-03   0.0000
 -1.20326290e-02   0.0000
  2.44648904e-02   0.0000
  1.05318882e-01   0.0000
  2.61109439e-03   0.0000
  8.48245062e-03   0.0000
 -1.85141421e-03   0.0000
 -5.77572942e-01   0.0000
  3.18143866e-03   0.0000
 -9.45866555e-02   0.0000
  9.64369319e-05   0.0000
 -1.92753114e-02   0.0000
 -2.85210907e-01   0.0000
 -1.18206046e-03   0.0000
  6.96772709e-02   0.0000
 -6.22780956e-02   0.0000
  3.22554586e-03   0.0000
 -2.71170810e-02   0.0000
 -9.33224394e-04   0.0000
 -7.34264730e-03   0.0000
  3.18696260e-01   0.0000
 -6.30728493e-04   0.0000
 -7.03176309e-04   0.0000
 -2.10606027e-03   0.0000
  1.48155307e-03   0.0000
 -1.37702310e-02   0.0000
  5.73155619e-02   0.0000
  8.54546651e-02   0.0000
  1.83123220e-02   0.0000
 -1.11230614e-03   0.0000
  6.06741272e-02   0.0000
 -4.12375212e-01   0.0000
 -8.39580968e-03   0.0000
 -3.11475992e-01   0.0000
 -2.44179158e-03   0.0000
 -1.07793286e-02   0.0000
 -4.44847435e-01   0.0000
  1.37389451e-03   0.0000
  1.06480584e-01   0.0000
 -1.34731218e-01   0.0000
  6.23477914e-04   0.0000
 -9.81990807e-03   0.0000
  1.18058419e-03   0.0000
 -9.14628399e-05   0.0000
  1.90479472e-01   0.0000
  1.14560025e-02   0.0000
 -5.09064458e-03   0.0000
  6.93279027e-04   0.0000
  2.40068440e-03   0.0000
 -5.38165402e-03   0.0000
  1.05776871e-03   0.0000
  7.27321357e-02   0.0000
  1.16658816e-03   0.0000
  2.35196808e-03   0.0000
  2.31847633e-02   0.0000
 -1.22536488e-01   0.0000
 -4.46372340e-03   0.0000
 -3.21242183e-01   0.0000
 -1.83474185e-04   0.0000
 -1.16489930e-02   0.0000
 -3.95962268e-01   0.0000
  1.29112916e-03   0.0000
  1.15449019e-01   0.0000
 -2.43429542e-02   0.0000
  1.31556485e-03   0.0000
 -4.79342509e-03   0.0000
  3.85172782e-03   0.0000
 -1.32302176e-02   0.0000
  8.54007825e-02   0.0000
  1.51720811e-02   0.0000
 -8.12964921e-04   0.0000
 -1.24482927e-03   0.0000
 -1.94590248e-03   0.0000
 -3.31475809e-02   0.0000
 -3.53974104e-02   0.0000
 -2.91915804e-01   0.0000
  1.67177871e-01   0.0000
  2.76096582e-01   0.0000
  1.53320104e-01   0.0000
  1.85330421e-01   0.0000
 -6.15560822e-03   0.0000
  1.94838417e+00   0.0000
  8.19226261e-03   0.0000
 -1.58796281e-01   0.0000
 -3.59589569e-02   0.0000
  8.13993509e-04   0.0000
  3.84764642e-01   0.0000
 -6.12859011e-01   0.0000
 -1.86240755e-03   0.0000
  5.86662889e-01   0.0000
  6.57845521e-03   0.0000
  3.23633067e-02   0.0000
  6.83736026e-01   0.0000
 -1.40658665e+00   0.0000
  3.28059979e-02   0.0000
  4.95837908e-03   0.0000
  6.97822683e-03   0.0000
 -3.95480841e-02   0.0000
 -5.96209407e-01   0.0000
  5.10589480e-01   0.0000
  2.10653350e-01   0.0000
  2.31047556e-01   0.0000
  3.59986834e-02   0.0000
  1.21876374e-01   0.0000
  6.00219471e-03   0.0000
 -1.34638235e-01   0.0000
 -3.14258249e-03   0.0000
 -3.37085985e-02   0.0000
 -5.11516988e-01   0.0000
  1.44506572e-03   0.0000
  1.97611209e-02   0.0000
  8.07697847e-02   0.0000
 -1.96779589e-03   0.0000
  2.24028602e-01   0.0000
  5.10928733e-03   0.0000
  3.28434289e-01   0.0000
  2.30183497e-01   0.0000
  2.18899343e-02   0.0000
  4.51958831e-03   0.0000
  5.72643476e-03   0.0000
  3.36276693e-03   0.0000
 -1.18737258e-01   0.0000
 -2.81580776e-01   0.0000
  1.08728373e+00   0.0000
  1.64205045e-01   0.0000
  4.75949198e-02   0.0000
  4.82619973e-03   0.0000
  2.30135143e-01   0.0000
 -9.57125798e-04   0.0000
 -4.21860844e-01   0.0000
  8.44886247e-03   0.0000
  1.13756750e-02   0.0000
 -8.47021818e-01   0.0000
 -2.74797296e-03   0.0000
 -4.11659442e-02   0.0000
  2.89193299e-02   0.0000
  1.05373899e-03   0.0000
  3.22175264e-01   0.0000
  9.50576097e-04   0.0000
  3.35953444e-01   0.0000
  4.10096124e-02   0.0000
  7.45733917e-01   0.0000
 -2.59613805e-03   0.0000
  3.28169554e-04   0.0000
 -7.56797660e-03   0.0000
  2.79243499e-01   0.0000
  1.84758186e-01   0.0000
  5.56153730e-02   0.0000
  9.31608528e-02   0.0000
  4.48499294e-03   0.0000
 -9.48428735e-03   0.0000
  4.25575852e-01   0.0000
 -5.33766812e-03   0.0000
  2.39239797e-01   0.0000
  9.29444004e-03   0.0000
  2.07810715e-01   0.0000
 -2.94453069e-03   0.0000
 -1.45612843e-03   0.0000
 -2.09542841e-01   0.0000
  7.08068088e-02   0.0000
 -7.42638193e-04   0.0000
  5.59882820e-01   0.0000
 -1.03409756e-02   0.0000
  3.04156363e-01   0.0000
  2.31951177e-01   0.0000
 -1.62076540e-02   0.0000
  1.41982932e-03   0.0000
 -6.22503168e-04   0.0000
  1.62130152e-03   0.0000
  5.25764763e-01   0.0000
  7.00209081e-01   0.0000
 -4.74327564e-01   0.0000
  1.39584150e-02   0.0000
 -2.74098385e-03   0.0000
 -4.22878414e-02   0.0000
  2.53316939e-01   0.0000
  8.61157954e-04   0.0000
  4.29961741e-01   0.0000
  5.14818961e-03   0.0000
  4.46095467e-01   0.0000
  9.91034284e-02   0.0000
 -5.41348592e-04   0.0000
 -2.20804021e-01   0.0000
 -1.28700569e-01   0.0000
 -5.24726091e-03   0.0000
  8.78647901e-03   0.0000
 -8.75264592e-03   0.0000
  2.68494375e-02   0.0000
  1.14825614e-01   0.0000
 -8.13487172e-02   0.0000
 -3.98769183e-03   0.0000
  1.20162719e-03   0.0000
  3.68547998e-03   0.0000
  3.18525821e-01   0.0000
  2.67881751e-01   0.0000
 -1.82086527e-01   0.0000
 -3.33376616e-01   0.0000
  4.71817650e-04   0.0000
 -9.06965137e-02   0.0000
  8.35869759e-02   0.0000
 -3.51729337e-04   0.0000
  3.15641835e-02   0.0000
  5.16749686e-03   0.0000
  3.14158827e-01   0.0000
 -3.26891132e-02   0.0000
  1.60454802e-04   0.0000
 -7.79957473e-02   0.0000
 -3.19359541e-01   0.0000
  4.87371617e-05   0.0000
 -1.73328385e-01   0.0000
  3.53179011e-03   0.0000
 -2.24366784e-02   0.0000
 -8.89711231e-02   0.0000
  2.67780256e-02   0.0000
  5.57741197e-03   0.0000
 -1.56209932e-03   0.0000
  8.40916019e-03   0.0000
 -1.04989214e-02   0.0000
  1.36280889e-02   0.0000
 -2.29523721e-04   0.0000
 -2.45864034e-01   0.0000
  1.05700111e-02   0.0000
 -9.12261009e-02   0.0000
  1.94695331e-02   0.0000
  4.38304705e-04   0.0000
 -4.97534610e-02   0.0000
  1.74427533e-03   0.0000
  1.37503415e-01   0.0000
 -3.86851579e-02   0.0000
  4.42756433e-03   0.0000
 -2.10923292e-02   0.0000
 -2.76423246e-01   0.0000
 -4.25992673e-03   0.0000
 -1.86651915e-01   0.0000
 -9.40891169e-03   0.0000
 -7.14080594e-03   0.0000
 -5.03402762e-02   0.0000
  3.55227917e-01   0.0000
  2.15391046e-03   0.0000
  1.48844742e-03   0.0000
 -4.27779567e-04   0.0000
 -2.65305582e-02   0.0000
  2.52692401e-02   0.0000
  4.64062318e-02   0.0000
 -5.18797114e-02   0.0000
 -1.76374870e-03   0.0000
  5.17070992e-03   0.0000
 -2.21904702e-02   0.0000
  9.77505581e-04   0.0000
 -2.13759258e-01   0.0000
  5.86806005e-03   0.0000
 -2.61801295e-02   0.0000
 -3.00848454e-01   0.0000
  2.43343326e-04   0.0000
 -1.91304577e-03   0.0000
 -1.54378831e-01   0.0000
 -8.34333827e-04   0.0000
 -4.82295547e-03   0.0000
  9.48307163e-04   0.0000
 -1.61868555e-03   0.0000
 -2.13403981e-02   0.0000
  5.47466815e-01   0.0000
  1.78646238e-03   0.0000
 -2.79372185e-03   0.0000
 -9.48316045e-03   0.0000
 -5.65474890e-02   0.0000
  2.50211716e-01   0.0000
 -1.49267769e+00   0.0000
 -4.18709397e-01   0.0000
  7.75936306e-01   0.0000
 -2.94773020e-02   0.0000
  5.17580807e-01   0.0000
  4.03536623e-03   0.0000
 -1.06357360e+00   0.0000
 -2.17114594e-02   0.0000
 -1.51098324e-02   0.0000
 -3.01731735e-01   0.0000
 -6.95071998e-04   0.0000
 -3.47122580e-01   0.0000
  1.44299164e-01   0.0000
 -1.47091737e-03   0.0000
  8.75833273e-01   0.0000
  2.21760701e-02   0.0000
  6.42870972e-03   0.0000
  3.07485253e-01   0.0000
  1.19787792e-03   0.0000
 -6.72997790e-04   0.0000
  3.46144103e-03   0.0000
  2.43372004e-03   0.0000
 -2.28470601e-02   0.0000
  4.15492803e-01   0.0000
 -6.73596084e-01   0.0000
 -3.50903094e-01   0.0000
  1.97509199e-01   0.0000
  5.13591897e-03   0.0000
  5.29670775e-01   0.0000
 -2.54905783e-03   0.0000
 -5.59137881e-01   0.0000
  1.36820972e-02   0.0000
 -4.56338525e-01   0.0000
  1.22098289e-01   0.0000
  8.33558966e-04   0.0000
  2.46649119e-03   0.0000
  5.67948744e-02   0.0000
 -1.17676686e-02   0.0000
  6.35808527e-01   0.0000
 -5.34934085e-03   0.0000
  2.92708073e-02   0.0000
  4.54231173e-01   0.0000
  2.33344898e-01   0.0000
 -4.84809000e-03   0.0000
  3.84083041e-03   0.0000
  7.80737679e-03   0.0000
 -2.04361454e-01   0.0000
 -9.98048484e-03   0.0000
 -3.06019574e-01   0.0000
 -5.32301247e-01   0.0000
 -5.72269224e-02   0.0000
  5.93345752e-03   0.0000
  3.89917612e-01   0.0000
  5.43423579e-04   0.0000
 -5.58912516e-01   0.0000
  2.30700607e-04   0.0000
 -1.02010417e+00   0.0000
  1.17225491e-01   0.0000
 -2.95678875e-03   0.0000
  4.59973425e-01   0.0000
  7.46514322e-03   0.0000
 -1.73254043e-03   0.0000
  1.27693256e-02   0.0000
  6.49786973e-03   0.0000
  4.39879857e-02   0.0000
  1.90260783e-01   0.0000
  2.77603060e-01   0.0000
 -8.76573659e-03   0.0000
  1.45220775e-02   0.0000
  7.73201650e-03   0.0000
 -3.73557180e-01   0.0000
 -7.81526864e-01   0.0000
  6.76947176e-01   0.0000
 -6.57711506e-01   0.0000
 -1.28606454e-01   0.0000
 -1.13424644e-01   0.0000
  2.95635998e-01   0.0000
  6.72600756e-04   0.0000
 -7.60606706e-01   0.0000
  3.67217790e-03   0.0000
 -7.01081216e-01   0.0000
 -4.72729713e-01   0.0000
 -1.24802929e-03   0.0000
  5.45089483e-01   0.0000
 -2.09924951e-01   0.0000
 -4.89162328e-03   0.0000
 -3.87500599e-02   0.0000
 -8.17571767e-03   0.0000
 -5.62620908e-02   0.0000
 -3.26325521e-02   0.0000
  6.93881810e-01   0.0000
 -8.83391011e-04   0.0000
 -4.54562483e-03   0.0000
  1.42544846e-03   0.0000
 -1.59982350e-02   0.0000
 -4.48645771e-01   0.0000
  2.06791908e-01   0.0000
 -5.69713950e-01   0.0000
  2.06488445e-02   0.0000
 -3.33821564e-03   0.0000
  5.69106340e-01   0.0000
 -2.35510408e-03   0.0000
 -2.70155142e-03   0.0000
  7.14182912e-04   0.0000
 -1.16956256e-01   0.0000
 -7.90974021e-01   0.0000
  1.33987621e-03   0.0000
  2.11333916e-01   0.0000
  3.45509988e-03   0.0000
  5.97984006e-04   0.0000
 -5.87278716e-02   0.0000
  1.31694064e-03   0.0000
  1.27611458e-01   0.0000
 -8.23105276e-02   0.0000
 -1.15733612e-02   0.0000
  9.77401272e-04   0.0000
 -8.35620891e-03   0.0000
  7.18752621e-04   0.0000
 -1.70370564e-02   0.0000
 -1.43393531e-01   0.0000
 -1.10782184e-01   0.0000
  8.81969780e-02   0.0000
  5.07231150e-03   0.0000
  9.72517859e-03   0.0000
  2.45367616e-01   0.0000
 -2.05853692e-04   0.0000
  7.97099233e-01   0.0000
  1.36592449e-03   0.0000
 -1.07474504e-02   0.0000
 -1.16989326e+00   0.0000
 -2.48435698e-03   0.0000
  7.36416131e-03   0.0000
  2.38079466e-02   0.0000
  2.97011546e-04   0.0000
  3.24559063e-02   0.0000
 -3.57653620e-03   0.0000
  1.16182365e-01   0.0000
  3.09033673e-02   0.0000
 -9.78911743e-02   0.0000
 -4.27456619e-03   0.0000
  1.62810215e-03   0.0000
 -4.45200969e-03   0.0000
  1.67414472e-01   0.0000
 -5.46400920e-02   0.0000
 -9.01370049e-01   0.0000
  2.81468853e-02   0.0000
  1.13356030e-02   0.0000
  5.11842109e-02   0.0000
  8.27575382e-03   0.0000
 -1.35530147e-03   0.0000
  6.46786511e-01   0.0000
  9.96344374e-04   0.0000
 -3.05717196e-02   0.0000
 -6.71805978e-01   0.0000
 -1.01068197e-03   0.0000
 -2.11568121e-02   0.0000
  2.85432059e-02   0.0000
  5.44066170e-05   0.0000
  3.63418870e-02   0.0000
 -2.74166791e-03   0.0000
  3.08333524e-03   0.0000
  1.03927210e-01   0.0000
 -8.84290636e-02   0.0000
 -2.80826562e-03   0.0000
  1.96151217e-04   0.0000
  3.89018236e-03   0.0000
  2.30079442e-02   0.0000
 -2.33151428e-02   0.0000
 -6.22003555e-01   0.0000
  7.86118135e-02   0.0000
  1.48037504e-02   0.0000
  2.25010933e-03   0.0000
  3.77775095e-02   0.0000
  3.11864004e-03   0.0000
  1.76260192e-02   0.0000
 -6.35067234e-04   0.0000
  1.83166284e-02   0.0000
 -2.49881074e-01   0.0000
 -1.57692248e-03   0.0000
 -3.55076953e-03   0.0000
  1.53027922e-02   0.0000
 -3.58273764e-03   0.0000
  3.44820023e-02   0.0000
 -1.51938107e-03   0.0000
  8.50520004e-03   0.0000
  1.19545370e-01   0.0000
  7.60254171e-03   0.0000
  4.24756960e-04   0.0000
 -3.52124777e-03   0.0000
  1.91134357e-04   0.0000
  3.07806600e-02   0.0000
 -1.45129132e+00   0.0000
 -1.33903694e+00   0.0000
 -1.44181639e-01   0.0000
  5.07078357e-02   0.0000
  8.88713896e-02   0.0000
 -1.54892039e+00   0.0000
  7.88176805e-03   0.0000
  2.41762251e-01   0.0000
 -1.32752033e-02   0.0000
  5.33311248e-01   0.0000
  1.71486512e-02   0.0000
 -1.01849926e-03   0.0000
  2.59056956e-01   0.0000
 -6.80386722e-02   0.0000
  4.10272041e-03   0.0000
  9.73971307e-01   0.0000
  1.34893917e-02   0.0000
 -1.89699903e-02   0.0000
  1.94230938e+00   0.0000
 -2.81491256e+00   0.0000
 -3.56343488e-04   0.0000
  2.19065277e-03   0.0000
 -1.24914775e-04   0.0000
  5.24148196e-02   0.0000
  5.01551945e-03   0.0000
 -7.17299944e-03   0.0000
  4.89676429e-04   0.0000
  6.59309840e-03   0.0000
  1.82494789e-03   0.0000
  3.14090503e-05   0.0000
  2.07411405e-03   0.0000
  1.11546949e-03   0.0000
 -1.19923905e-01   0.0000
 -2.76364759e-03   0.0000
 -6.90430775e-03   0.0000
 -4.24116937e-04   0.0000
 -4.22745151e-03   0.0000
  8.35395325e-03   0.0000
  9.08858795e-03   0.0000
  5.97954206e-02   0.0000
  1.02186948e-02   0.0000
  3.73575999e-03   0.0000
  4.58098762e-03   0.0000
 -6.46076538e-03   0.0000
  1.12434104e-02   0.0000
 -6.68483181e-03   0.0000
 -8.30902252e-03   0.0000
 -9.82542709e-03   0.0000
  1.12299563e-03   0.0000
  5.68414980e-04   0.0000
  6.43214583e-03   0.0000
 -2.02909898e-04   0.0000
 -1.80181791e-03   0.0000
  4.61067259e-03   0.0000
  2.87486892e-03   0.0000
  2.33997200e-02   0.0000
  3.16909812e-02   0.0000
 -1.07802562e-02   0.0000
 -1.73162390e-02   0.0000
 -3.14001372e-04   0.0000
 -4.91024053e-04   0.0000
  5.24442596e-03   0.0000
 -2.37058080e-03   0.0000
  8.72780010e-03   0.0000
  5.51534770e-03   0.0000
  4.51154978e-04   0.0000
 -3.19502153e-03   0.0000
 -3.07033095e-03   0.0000
 -2.04607757e-04   0.0000
 -9.01714433e-03   0.0000
  6.48419484e-02   0.0000
  4.09259170e-01   0.0000
  2.29425984e-03   0.0000
  4.72525328e-01   0.0000
 -2.31439993e-03   0.0000
 -4.62472765e-03   0.0000
 -1.80962484e-03   0.0000
  4.85592009e-03   0.0000
 -2.33892743e-02   0.0000
  7.63823539e-02   0.0000
  1.62621605e+00   0.0000
 -2.32588816e-02   0.0000
  2.38610387e-01   0.0000
  2.00735610e-02   0.0000
 -2.13633268e-03   0.0000
 -3.62911932e-02   0.0000
  5.94888806e-01   0.0000
 -2.61316508e-01   0.0000
 -2.92934358e-01   0.0000
  1.41208628e-02   0.0000
 -1.00305874e-03   0.0000
 -6.28860146e-02   0.0000
 -4.66587096e-01   0.0000
 -2.44164225e-02   0.0000
  5.93420700e-04   0.0000
 -1.10309684e+00   0.0000
  5.82790328e-03   0.0000
  7.10238591e-02   0.0000
 -2.34475941e-03   0.0000
 -2.05755141e-02   0.0000
 -6.39317383e-04   0.0000
 -5.98451542e-03   0.0000
 -4.08291351e-03   0.0000
  6.04387792e-03   0.0000
 -1.94025946e+00   0.0000
 -7.67046809e-01   0.0000
  4.34270203e-02   0.0000
  2.02716962e-02   0.0000
  4.91639646e-03   0.0000
 -1.22215431e-02   0.0000
  1.03330053e-01   0.0000
 -4.52931613e-01   0.0000
 -4.26426381e-02   0.0000
  1.99138355e-02   0.0000
  1.11607211e-02   0.0000
  2.87114903e-02   0.0000
 -3.57836410e-02   0.0000
 -2.35493816e-02   0.0000
  2.18720897e-03   0.0000
 -9.05175507e-01   0.0000
  2.08469830e-03   0.0000
  1.48098124e-02   0.0000
 -2.52610189e-04   0.0000
 -4.71715030e-04   0.0000
  6.37548976e-03   0.0000
  3.43309646e-03   0.0000
 -4.76567820e-03   0.0000
 -3.23953619e-03   0.0000
 -3.00251770e+00   0.0000
 -6.11900151e-01   0.0000
 -4.49388381e-03   0.0000
 -4.39049816e-03   0.0000
 -8.38469306e-04   0.0000
  1.74055458e-04   0.0000
  1.29135819e-02   0.0000
  4.28267308e-02   0.0000
 -7.43846130e-03   0.0000
 -1.00474479e-02   0.0000
  5.87958435e-04   0.0000
  1.30103845e-02   0.0000
  1.71166915e-03   0.0000
 -2.31476333e-02   0.0000
  2.08444358e-03   0.0000
 -6.58345580e-01   0.0000
 -2.11994484e-04   0.0000
  2.28200078e-01   0.0000
  5.39208879e-04   0.0000
 -6.93936553e-03   0.0000
 -7.26448093e-03   0.0000
 -1.84144988e-03   0.0000
  6.10165671e-03   0.0000
  3.19237113e-02   0.0000
 -1.14150500e+00   0.0000
 -5.41454256e-01   0.0000
  1.50558472e-01   0.0000
 -8.95103149e-04   0.0000
  1.64556969e-03   0.0000
  2.48596724e-03   0.0000
  3.07321668e-01   0.0000
 -5.27813137e-01   0.0000
 -1.68594912e-01   0.0000
  5.70984418e-03   0.0000
 -3.75929871e-04   0.0000
 -4.97352667e-02   0.0000
 -2.48262301e-01   0.0000
  1.76906548e-02   0.0000
 -6.33656001e-03   0.0000
  1.24733734e+00   0.0000
 -3.60669335e-04   0.0000
 -8.78208224e-03   0.0000
  2.60785600e-04   0.0000
  7.96451699e-04   0.0000
  8.87423288e-03   0.0000
 -1.76146114e-03   0.0000
 -7.97845796e-03   0.0000
 -3.37470800e-01   0.0000
  6.46286532e-02   0.0000
  3.71286929e-01   0.0000
 -1.65559828e-01   0.0000
  2.53921584e-03   0.0000
 -7.48208212e-03   0.0000
  2.12726220e-02   0.0000
 -8.13041031e-02   0.0000
  6.47457242e-01   0.0000
  6.95874020e-02   0.0000
  1.83649436e-02   0.0000
  1.36214611e-03   0.0000
 -7.07170414e-03   0.0000
  2.07114711e-01   0.0000
 -8.11115373e-03   0.0000
  3.51997279e-03   0.0000
  4.51346517e-01   0.0000
 -2.06299199e-04   0.0000
 -3.24732870e-01   0.0000
 -8.88992508e-04   0.0000
  4.81988041e-04   0.0000
  1.05367368e-02   0.0000
 -2.96485377e-03   0.0000
  3.55609285e-04   0.0000
 -9.47619453e-02   0.0000
  2.16747850e-01   0.0000
  1.37324274e-01   0.0000
 -2.89862305e-01   0.0000
  7.74460670e-04   0.0000
 -6.89478475e-04   0.0000
  4.73120762e-03   0.0000
 -4.23317730e-01   0.0000
  3.98824513e-01   0.0000
  3.18751335e-01   0.0000
  1.22369453e-02   0.0000
  5.90955326e-03   0.0000
 -1.88771042e-03   0.0000
  5.07676482e-01   0.0000
 -8.20844434e-03   0.0000
  9.67024732e-03   0.0000
  1.58269918e+00   0.0000
  7.60874304e-04   0.0000
  1.41480891e-02   0.0000
  8.08747578e-03   0.0000
 -5.75079612e-05   0.0000
  3.35078896e-03   0.0000
 -1.60677970e-04   0.0000
 -1.59965118e-03   0.0000
 -3.45102072e-01   0.0000
  1.77826250e+00   0.0000
  9.07468319e-01   0.0000
 -5.11320718e-02   0.0000
 -1.58417001e-02   0.0000
 -1.32200867e-03   0.0000
 -1.85596831e-02   0.0000
  6.98596286e-03   0.0000
  6.53236568e-01   0.0000
 -2.28593852e-02   0.0000
  2.71639451e-02   0.0000
 -2.54637119e-03   0.0000
  2.70927732e-04   0.0000
  6.34161010e-03   0.0000
 -2.93188333e-03   0.0000
 -1.25944812e-03   0.0000
  3.24320905e-02   0.0000
  1.30819506e-04   0.0000
  4.19654651e-03   0.0000
  1.35295931e-03   0.0000
 -2.27108132e-03   0.0000
  1.06028351e-03   0.0000
 -1.92733586e-03   0.0000
 -7.52906734e-03   0.0000
 -1.39888367e-02   0.0000
  6.24634419e-03   0.0000
 -2.50040088e-03   0.0000
 -3.38854082e-03   0.0000
 -1.70721149e-03   0.0000
 -4.84533561e-03   0.0000
 -6.95267413e-03   0.0000
 -4.02887538e-03   0.0000
  2.52183042e-02   0.0000
 -3.10523738e-03   0.0000
  9.76839662e-03   0.0000
 -4.47537081e-04   0.0000
  1.32315129e-03   0.0000
 -3.07314028e-03   0.0000
 -5.60685340e-03   0.0000
 -5.48633793e-03   0.0000
  1.24989986e+00   0.0000
  1.07053518e-02   0.0000
  2.25658901e-02   0.0000
 -1.84380333e-03   0.0000
  5.57147607e-04   0.0000
 -6.20451104e-03   0.0000
 -4.76058014e-03   0.0000
 -4.12601791e-03   0.0000
 -5.56032360e-02   0.0000
  2.50313902e+00   0.0000
  4.14645970e-01   0.0000
 -1.73383541e-02   0.0000
 -6.31074747e-03   0.0000
  5.42648882e-03   0.0000
  1.26129179e-03   0.0000
  3.15927304e-02   0.0000
 -6.90939054e-02   0.0000
 -4.90044383e-03   0.0000
 -2.38622241e-02   0.0000
 -6.32326351e-03   0.0000
 -3.82827483e-02   0.0000
 -1.92132276e-02   0.0000
  1.11821131e-03   0.0000
  4.13579692e-05   0.0000
  2.99869776e-02   0.0000
 -5.32177603e-03   0.0000
 -2.75547674e-04   0.0000
 -2.56082555e-03   0.0000
 -6.12874050e-04   0.0000
  2.41791783e-03   0.0000
  3.22921172e-04   0.0000
  7.31832581e-04   0.0000
 -1.75042413e-02   0.0000
  4.00884449e-01   0.0000
 -4.37307805e-02   0.0000
  1.07286656e-02   0.0000
  9.81444609e-04   0.0000
  5.15842228e-04   0.0000
  1.90481413e-04   0.0000
  9.16272867e-04   0.0000
  1.14134261e-02   0.0000
 -7.06489373e-04   0.0000
  1.01451878e-05   0.0000
  1.02770573e-03   0.0000
 -1.21599378e-03   0.0000
 -2.29079043e-03   0.0000
 -1.24734570e-03   0.0000
 -4.38798172e-03   0.0000
  7.18530178e-01   0.0000
  8.91546311e-04   0.0000
 -9.67125654e-01   0.0000
  1.49374630e-03   0.0000
  9.21007188e-04   0.0000
 -1.40069099e-03   0.0000
  7.17720715e-04   0.0000
 -3.41421482e-03   0.0000
 -1.75490037e-01   0.0000
 -1.94401711e-01   0.0000
  3.08286756e-01   0.0000
 -6.38738811e-01   0.0000
 -5.61486837e-03   0.0000
  4.08438481e-02   0.0000
  2.20540568e-01   0.0000
 -1.15505171e+00   0.0000
  8.89345825e-01   0.0000
  7.21996307e-01   0.0000
  4.60910052e-03   0.0000
 -1.02713343e-03   0.0000
  3.83228771e-02   0.0000
  1.03698659e+00   0.0000
  2.01492179e-02   0.0000
 -2.31305906e-03   0.0000
  1.08411646e+00   0.0000
  1.55767414e-03   0.0000
 -1.50353476e-01   0.0000
 -9.67883272e-04   0.0000
 -2.51804795e-06   0.0000
 -2.77050491e-03   0.0000
 -1.17078261e-03   0.0000
 -3.35022388e-03   0.0000
 -2.14108557e-01   0.0000
  1.88066959e+00   0.0000
  7.81245232e-01   0.0000
 -2.14110985e-01   0.0000
 -2.02952488e-03   0.0000
  1.81050424e-03   0.0000
  1.04257865e-02   0.0000
 -2.48070076e-01   0.0000
  3.55879009e-01   0.0000
  1.31447077e-01   0.0000
 -3.95996450e-03   0.0000
 -6.02329150e-03   0.0000
 -8.20561545e-04   0.0000
  1.31071270e-01   0.0000
 -2.11754395e-03   0.0000
  7.26041291e-03   0.0000
  3.58506199e-03   0.0000
 -2.04710825e-03   0.0000
 -3.68558615e-03   0.0000
 -1.09125650e-03   0.0000
  4.38295119e-03   0.0000
 -6.98903750e-06   0.0000
 -3.55546642e-03   0.0000
 -7.57549424e-04   0.0000
  3.02730850e-03   0.0000
 -3.83509770e-02   0.0000
 -9.09711607e-03   0.0000
  6.12285454e-03   0.0000
  1.37729757e-03   0.0000
  1.15591928e-03   0.0000
 -6.42765453e-03   0.0000
 -2.59008352e-03   0.0000
 -1.02944905e-02   0.0000
  5.14831254e-03   0.0000
  8.84503778e-03   0.0000
  5.70048206e-03   0.0000
  5.23542927e-04   0.0000
 -1.03274118e-02   0.0000
 -4.17159265e-03   0.0000
 -3.32346535e-04   0.0000
 -1.23614359e+00   0.0000
  7.73822330e-03   0.0000
 -1.84497517e-02   0.0000
  9.14085133e-04   0.0000
  1.14965497e-03   0.0000
  1.55984005e-03   0.0000
  1.11654424e-03   0.0000
 -4.01453208e-03   0.0000
  1.75124303e-01   0.0000
 -1.53623486e+00   0.0000
 -6.33610964e-01   0.0000
 -1.39483064e-02   0.0000
  1.13727132e-04   0.0000
 -5.25396271e-03   0.0000
  6.20133569e-03   0.0000
 -9.84322652e-03   0.0000
 -3.28620434e-01   0.0000
  8.06096755e-03   0.0000
 -6.35941979e-03   0.0000
  4.16396745e-03   0.0000
 -2.04504933e-03   0.0000
 -2.96830432e-03   0.0000
 -2.44827010e-04   0.0000
 -2.05807184e-04   0.0000
  8.31025362e-01   0.0000
  3.18949780e-04   0.0000
 -2.30990723e-01   0.0000
 -5.51711128e-05   0.0000
  3.77098424e-03   0.0000
  3.35165788e-03   0.0000
  1.46429695e-03   0.0000
  4.77384450e-03   0.0000
 -2.38710612e-01   0.0000
  6.08063996e-01   0.0000
  3.04333031e-01   0.0000
 -2.88014382e-01   0.0000
  1.10601203e-03   0.0000
  6.95958501e-03   0.0000
 -2.53627123e-03   0.0000
 -2.64742315e-01   0.0000
  4.58064288e-01   0.0000
  2.13557348e-01   0.0000
  4.43638936e-02   0.0000
  4.78200702e-04   0.0000
  6.35550590e-03   0.0000
  3.28309804e-01   0.0000
 -5.32685008e-05   0.0000
  6.97069336e-04   0.0000
  5.68120522e-05   0.0000
 -6.02130033e-03   0.0000
  6.94884919e-03   0.0000
  6.47601858e-03   0.0000
 -1.75335794e-03   0.0000
 -2.25931825e-03   0.0000
 -2.75378488e-03   0.0000
 -1.73035124e-03   0.0000
 -2.76269205e-03   0.0000
 -1.69914644e-02   0.0000
  5.94865019e-03   0.0000
  7.22371368e-03   0.0000
 -1.23439915e-03   0.0000
 -2.30770645e-04   0.0000
  5.55322040e-03   0.0000
  1.48394122e-03   0.0000
 -2.22710148e-03   0.0000
 -4.41195269e-04   0.0000
  1.76792440e-03   0.0000
 -3.31153540e-04   0.0000
 -2.07904330e-03   0.0000
  6.35801163e-03   0.0000
  1.57655869e-02   0.0000
 -5.29735640e-04   0.0000
  6.05205476e-01   0.0000
  5.02006558e-04   0.0000
 -3.21309358e-01   0.0000
 -1.92652305e-03   0.0000
 -3.81427887e-03   0.0000
  1.86090393e-03   0.0000
 -2.65172333e-03   0.0000
  2.08551995e-03   0.0000
 -4.80454378e-02   0.0000
  6.34374857e-01   0.0000
  4.26172137e-01   0.0000
 -2.51571715e-01   0.0000
  7.42735807e-03   0.0000
  1.16703508e-03   0.0000
  3.26142041e-03   0.0000
 -4.43650842e-01   0.0000
  4.48310912e-01   0.0000
  2.19450876e-01   0.0000
 -1.74584799e-02   0.0000
 -2.53260368e-03   0.0000
 -5.27616299e-04   0.0000
  3.91880929e-01   0.0000
  1.50795151e-02   0.0000
  1.73455942e-03   0.0000
 -8.95790905e-02   0.0000
  6.63212675e-04   0.0000
 -8.33681598e-03   0.0000
 -4.58012195e-03   0.0000
  5.86898823e-04   0.0000
  7.69410562e-03   0.0000
  1.12776528e-03   0.0000
 -8.57009727e-04   0.0000
  1.97452568e-02   0.0000
 -4.49009746e-01   0.0000
  4.59940583e-02   0.0000
 -1.14962261e-03   0.0000
 -7.30848173e-04   0.0000
  1.10859238e-03   0.0000
  2.30571302e-03   0.0000
 -6.48257975e-03   0.0000
 -7.40441307e-03   0.0000
 -1.50542823e-04   0.0000
 -3.61947878e-03   0.0000
 -1.59192295e-03   0.0000
 -6.69049844e-03   0.0000
  7.37053854e-03   0.0000
 -8.51963181e-04   0.0000
 -1.24589715e-03   0.0000
  4.81453151e-01   0.0000
 -1.30936527e-03   0.0000
 -3.13303955e-02   0.0000
  8.84512614e-04   0.0000
  1.98829104e-03   0.0000
 -2.11927784e-03   0.0000
 -8.34048726e-03   0.0000
 -7.18802330e-04   0.0000
 -2.57879812e-02   0.0000
  6.48061156e-01   0.0000
  4.63013686e-02   0.0000
 -2.65510217e-03   0.0000
 -3.02788685e-03   0.0000
  9.53771267e-03   0.0000
  8.55106488e-03   0.0000
 -2.12692167e-03   0.0000
 -1.81607120e-02   0.0000
  1.40720690e-02   0.0000
 -7.18846871e-03   0.0000
 -7.48503720e-04   0.0000
 -6.76237920e-04   0.0000
 -1.53885747e-03   0.0000
  1.54489204e-02   0.0000
 -5.28300274e-03   0.0000
 -1.05951273e+00   0.0000
 -3.40608705e-04   0.0000
  3.98840308e-01   0.0000
 -1.85784604e-03   0.0000
 -6.62302482e-04   0.0000
 -1.70076303e-02   0.0000
 -1.02261528e-02   0.0000
 -5.15405321e-03   0.0000
  3.80255729e-01   0.0000
 -1.19048393e+00   0.0000
 -7.09018350e-01   0.0000
  4.77365702e-01   0.0000
 -2.77629197e-02   0.0000
 -4.73732427e-02   0.0000
  4.44684811e-02   0.0000
  5.57403207e-01   0.0000
 -6.23143315e-01   0.0000
 -3.82880718e-01   0.0000
 -1.82738733e-02   0.0000
  9.76022566e-04   0.0000
 -5.75329512e-02   0.0000
 -4.15928930e-01   0.0000
  1.26067363e-03   0.0000
  4.41176677e-03   0.0000
 -1.29266989e+00   0.0000
  1.57922925e-03   0.0000
  1.63408387e-02   0.0000
  1.87606682e-04   0.0000
  3.97627940e-03   0.0000
  4.26748622e-04   0.0000
 -3.35728895e-04   0.0000
 -7.19031319e-04   0.0000
  2.21307546e-01   0.0000
 -2.54401159e+00   0.0000
 -8.62643838e-01   0.0000
  1.95328612e-02   0.0000
 -5.78752998e-03   0.0000
  8.96049314e-05   0.0000
 -1.64742314e-03   0.0000
  5.40731940e-03   0.0000
 -4.03702110e-01   0.0000
 -1.93122756e-02   0.0000
  1.16377305e-02   0.0000
 -8.82364460e-04   0.0000
 -2.76822429e-02   0.0000
 -4.95400187e-03   0.0000
  6.97935116e-04   0.0000
 -7.78855872e-04   0.0000
 -1.18750399e-02   0.0000
 -4.48148436e-04   0.0000
 -7.58551806e-03   0.0000
  9.39917460e-04   0.0000
  1.95112242e-03   0.0000
 -1.48949982e-03   0.0000
 -3.23576562e-04   0.0000
  1.30409608e-03   0.0000
  7.66797038e-03   0.0000
  1.39510602e-01   0.0000
 -7.10619986e-02   0.0000
  3.82101536e-03   0.0000
 -1.28524250e-03   0.0000
  1.40349101e-03   0.0000
  1.57239859e-03   0.0000
 -8.94194120e-04   0.0000
  6.43139705e-03   0.0000
 -1.13998065e-02   0.0000
  4.63768316e-04   0.0000
 -8.65828712e-04   0.0000
  2.43605260e-04   0.0000
 -1.05087003e-02   0.0000
 -1.35309494e-03   0.0000
  8.90933163e-03   0.0000
 -8.38611901e-01   0.0000
  1.31495371e-02   0.0000
  3.36733013e-02   0.0000
 -1.74858165e-03   0.0000
  2.94078654e-03   0.0000
 -1.21437712e-03   0.0000
 -5.05019038e-04   0.0000
 -3.08418996e-04   0.0000
  1.85700417e-01   0.0000
 -3.85770649e-01   0.0000
 -3.60400766e-01   0.0000
  1.24819525e-01   0.0000
  3.26939113e-03   0.0000
  1.36113062e-03   0.0000
 -3.25859636e-02   0.0000
  1.15792885e-01   0.0000
 -5.43335855e-01   0.0000
 -4.63261753e-02   0.0000
 -5.00790738e-02   0.0000
 -1.39948606e-04   0.0000
  1.48771470e-02   0.0000
 -1.11086354e-01   0.0000
 -1.40141766e-03   0.0000
  2.02967972e-03   0.0000
 -8.41179863e-04   0.0000
 -3.35912016e-04   0.0000
 -2.00084946e-03   0.0000
  6.86900914e-02   0.0000
  3.77780059e-04   0.0000
  2.06017192e-03   0.0000
  3.15802754e-04   0.0000
  7.04177073e-04   0.0000
 -8.23420137e-02   0.0000
  4.21625637e-02   0.0000
 -8.06003984e-04   0.0000
  6.09650416e-03   0.0000
  6.11856231e-04   0.0000
 -1.34444225e-03   0.0000
 -1.60566613e-03   0.0000
  1.40833168e-03   0.0000
  6.46579079e-03   0.0000
 -4.61045746e-03   0.0000
  1.18675780e-04   0.0000
 -1.50055368e-03   0.0000
 -3.53008480e-04   0.0000
 -3.81444872e-04   0.0000
  4.60632285e-03   0.0000
  8.60397704e-04   0.0000
 -4.55849164e-04   0.0000
 -2.45591719e-03   0.0000
 -3.16865073e-04   0.0000
 -4.01028519e-04   0.0000
 -8.63500964e-03   0.0000
 -4.99625225e-03   0.0000
 -1.83039531e-02   0.0000
  1.95727847e-03   0.0000
  5.50553918e-01   0.0000
 -4.99789447e-01   0.0000
  1.13055110e+00   0.0000
 -2.66439295e+00   0.0000
 -9.53378621e-04   0.0000
 -2.23599836e-01   0.0000
  2.24037585e-03   0.0000
 -2.90386617e-01   0.0000
  1.92853689e+00   0.0000
 -1.65571547e+00   0.0000
  1.33988928e-04   0.0000
  1.38957556e-02   0.0000
 -9.45461392e-01   0.0000
  1.10290588e-04   0.0000
 -1.66237738e-03   0.0000
  1.81121659e-03   0.0000
 -7.52824033e-03   0.0000
  1.31340127e-03   0.0000
 -4.25976329e-03   0.0000
 -5.44512412e-03   0.0000
 -3.98154138e-03   0.0000
 -9.45024585e-05   0.0000
  4.35453793e-03   0.0000
 -2.10249005e-03   0.0000
  1.03789615e-03   0.0000
 -7.19107105e-04   0.0000
 -1.91066100e-03   0.0000
  7.98362089e-05   0.0000
  6.97884941e-03   0.0000
  1.16277440e-02   0.0000
 -7.42349075e-03   0.0000
  1.26401009e-03   0.0000
 -5.68747699e-01   0.0000
  4.67015862e-01   0.0000
 -6.22682691e-01   0.0000
  1.77599601e-02   0.0000
  5.46831191e-02   0.0000
  1.82920128e-01   0.0000
  1.73648901e-03   0.0000
  2.64098108e-01   0.0000
 -1.94253609e-01   0.0000
  2.20351845e-01   0.0000
  1.40547601e-03   0.0000
 -1.78805180e-02   0.0000
  8.93099487e-01   0.0000
 -3.98413558e-03   0.0000
 -3.73942632e-04   0.0000
  3.70777957e-03   0.0000
 -1.54338102e-03   0.0000
  5.14319574e-04   0.0000
  5.57751900e-06   0.0000
 -2.83575337e-03   0.0000
 -3.56228935e-04   0.0000
 -4.47962433e-03   0.0000
 -1.19079149e-03   0.0000
 -2.33947090e-03   0.0000
  9.96272662e-04   0.0000
 -1.27246999e-03   0.0000
  6.58023404e-04   0.0000
 -4.08105669e-04   0.0000
 -1.83558848e-03   0.0000
 -5.73305530e-04   0.0000
  8.60183965e-04   0.0000
 -2.96268572e-05   0.0000
  6.66862307e-03   0.0000
  3.45074874e-03   0.0000
  1.90131448e-03   0.0000
 -7.28463661e-03   0.0000
 -6.34826533e-03   0.0000
 -1.65866548e-03   0.0000
  7.30993808e-04   0.0000
 -1.61634118e-03   0.0000
 -3.16088856e-03   0.0000
 -4.34478512e-03   0.0000
 -2.08424195e-03   0.0000
  3.13765439e-03   0.0000
  3.87665676e-03   0.0000
  3.79539467e-03   0.0000
  9.53135663e-04   0.0000
 -3.52587755e-04   0.0000
 -1.81156975e-05   0.0000
 -3.15579702e-03   0.0000
  1.15441810e-03   0.0000
 -1.03471172e-03   0.0000
  5.63091249e-04   0.0000
  3.97187565e-03   0.0000
 -5.41794929e-04   0.0000
 -8.52999918e-04   0.0000
 -7.46399257e-03   0.0000
  1.23662513e-03   0.0000
 -5.08139383e-05   0.0000
  1.83940341e-03   0.0000
  3.38230375e-03   0.0000
 -5.03929448e-04   0.0000
 -7.76602654e-04   0.0000
 -1.26164465e-04   0.0000
 -5.89806121e-04   0.0000
  2.05649412e-03   0.0000
 -1.45089091e-03   0.0000
 -1.07819005e-03   0.0000
  2.25585303e-03   0.0000
  5.92453929e-04   0.0000
  2.87598465e-04   0.0000
 -5.97635843e-03   0.0000
  4.48722113e-03   0.0000
  9.05262656e-04   0.0000
 -1.22633972e-03   0.0000
  6.82404265e-04   0.0000
  5.63154323e-03   0.0000
  5.17358584e-03   0.0000
 -1.41026953e-03   0.0000
 -2.83912195e-05   0.0000
  1.51212746e-03   0.0000
 -1.93544768e-03   0.0000
  2.36820360e-03   0.0000
 -4.86947451e-04   0.0000
  2.35784822e-03   0.0000
 -1.17438554e-03   0.0000
  6.89090288e-04   0.0000
  3.63425538e-03   0.0000
  1.36102317e-03   0.0000
 -1.61712617e-03   0.0000
 -2.34531402e-03   0.0000
  5.19635912e-04   0.0000
 -5.46685047e-03   0.0000
 -2.14821729e-03   0.0000
  9.12441500e-03   0.0000
 -2.36622989e-03   0.0000
 -2.72312784e-03   0.0000
  8.52002949e-03   0.0000
 -1.94335490e-01   0.0000
  8.17181230e-01   0.0000
 -1.88391854e-03   0.0000
 -9.58933774e-03   0.0000
 -6.79684686e-04   0.0000
  2.13533684e-04   0.0000
 -6.00443959e-01   0.0000
  4.22667503e-01   0.0000
  3.22889071e-03   0.0000
 -1.58553070e-03   0.0000
  9.62852687e-02   0.0000
 -2.63605689e-05   0.0000
 -1.77070200e-01   0.0000
 -1.94306746e-02   0.0000
  8.90725195e-01   0.0000
 -9.38368797e-01   0.0000
  1.54313767e+00   0.0000
 -3.55053759e+00   0.0000
 -5.61579270e-03   0.0000
 -5.50496578e-01   0.0000
 -6.60717813e-03   0.0000
 -5.12091577e-01   0.0000
  2.67326736e+00   0.0000
 -2.30091000e+00   0.0000
 -7.70882238e-03   0.0000
 -6.19071200e-02   0.0000
 -1.20801544e+00   0.0000
 -4.56097908e-03   0.0000
 -7.19862524e-04   0.0000
 -3.19935102e-03   0.0000
  2.48877823e-01   0.0000
 -2.54914850e-01   0.0000
  5.59375048e-01   0.0000
 -1.60109258e+00   0.0000
  7.01044919e-03   0.0000
 -7.38587603e-02   0.0000
  9.56672127e-04   0.0000
 -6.74786419e-02   0.0000
  1.12701941e+00   0.0000
 -9.90225136e-01   0.0000
  2.85582687e-03   0.0000
 -4.56388952e-04   0.0000
 -4.04584885e-01   0.0000
 -2.21053109e-04   0.0000
  4.54887329e-03   0.0000
 -7.78793328e-05   0.0000
 -3.42165112e-01   0.0000
  2.80868977e-01   0.0000
 -5.13237774e-01   0.0000
  3.32947761e-01   0.0000
  1.55283604e-04   0.0000
  1.24325365e-01   0.0000
  1.87628868e-03   0.0000
  1.03909455e-01   0.0000
 -3.58319968e-01   0.0000
  3.02196443e-01   0.0000
  6.90514746e-04   0.0000
  9.13575524e-04   0.0000
  6.06663346e-01   0.0000
 -1.26475096e-03   0.0000
  6.51952950e-03   0.0000
  1.93283567e-03   0.0000
 -4.59290342e-03   0.0000
 -1.52906764e-03   0.0000
  2.23627873e-03   0.0000
 -1.74102245e-03   0.0000
 -7.15278648e-03   0.0000
 -6.49619149e-04   0.0000
 -8.37196712e-04   0.0000
 -6.33803383e-03   0.0000
 -1.31943659e-03   0.0000
 -2.41294372e-04   0.0000
  4.16431902e-03   0.0000
  2.21112650e-03   0.0000
  6.73217932e-03   0.0000
 -1.88609154e-03   0.0000
  5.46504511e-03   0.0000
  5.91761945e-03   0.0000
  7.87608884e-03   0.0000
 -7.17688678e-03   0.0000
  2.90908124e-02   0.0000
  4.37568314e-03   0.0000
 -6.25140558e-04   0.0000
 -2.40630447e-03   0.0000
 -1.09811209e-03   0.0000
 -2.51480751e-03   0.0000
  4.29200009e-03   0.0000
  2.22426876e-02   0.0000
  6.19363680e-04   0.0000
  5.90645848e-03   0.0000
  1.00912489e-02   0.0000
 -1.61271819e-04   0.0000
 -2.95964815e-03   0.0000
 -3.39800696e-04   0.0000
 -1.38340881e-02   0.0000
 -5.68692349e-02   0.0000
  3.65027525e-02   0.0000
 -3.72858578e-03   0.0000
 -3.39770413e-05   0.0000
  1.36288043e-04   0.0000
 -5.37917949e-04   0.0000
  2.30006650e-02   0.0000
  1.60568114e-02   0.0000
 -2.87504314e-04   0.0000
 -2.02735653e-03   0.0000
  6.88592670e-03   0.0000
 -1.37526542e-01   0.0000
  1.68048625e-03   0.0000
  3.42514366e-02   0.0000
  8.32614955e-03   0.0000
 -7.35653102e-01   0.0000
  5.79039633e-01   0.0000
 -7.39809215e-01   0.0000
  7.08403625e-03   0.0000
 -4.49675648e-03   0.0000
  2.92516261e-01   0.0000
 -8.46709008e-04   0.0000
  3.90110701e-01   0.0000
 -2.82441914e-01   0.0000
  3.41286987e-01   0.0000
 -1.27305754e-03   0.0000
 -9.10398364e-03   0.0000
  1.08596969e+00   0.0000
 -1.16728768e-02   0.0000
 -2.06257571e-02   0.0000
  1.37159182e-03   0.0000
  4.34849024e-01   0.0000
 -4.45244730e-01   0.0000
  7.88496435e-01   0.0000
 -1.11078274e+00   0.0000
 -2.20462237e-03   0.0000
 -2.13017225e-01   0.0000
  9.03738476e-03   0.0000
 -2.24850744e-01   0.0000
  1.01743865e+00   0.0000
 -9.53433573e-01   0.0000
 -2.80487351e-03   0.0000
  2.98190722e-03   0.0000
 -7.48595774e-01   0.0000
 -1.34353265e-02   0.0000
  1.41031006e-02   0.0000
  2.65158851e-05   0.0000
  3.63008589e-01   0.0000
 -2.83632845e-01   0.0000
  5.11752725e-01   0.0000
 -1.56093717e-01   0.0000
  1.24973862e-03   0.0000
 -8.04422572e-02   0.0000
  1.38323591e-03   0.0000
 -1.53776705e-01   0.0000
  2.17290446e-01   0.0000
 -2.46843368e-01   0.0000
  3.13749129e-04   0.0000
 -6.13633543e-03   0.0000
 -6.30609453e-01   0.0000
  1.40389823e-03   0.0000
  4.31887386e-03   0.0000
 -5.77784376e-03   0.0000
  6.58139936e-04   0.0000
 -1.92675134e-03   0.0000
  5.11101522e-02   0.0000
  1.05836116e-01   0.0000
  1.00474987e-04   0.0000
  1.27740605e-02   0.0000
 -1.93493368e-04   0.0000
 -1.14672945e-03   0.0000
  3.09885181e-02   0.0000
 -5.29221669e-02   0.0000
  4.28626285e-04   0.0000
  3.40344792e-04   0.0000
 -2.22270703e-03   0.0000
  1.56945374e-03   0.0000
  7.25161866e-04   0.0000
  8.98833678e-04   0.0000
 -1.04898034e-04   0.0000
 -7.46379141e-03   0.0000
  2.98848870e-04   0.0000
  4.50276956e-03   0.0000
 -2.59281020e-04   0.0000
  1.19058439e-03   0.0000
 -6.29283348e-03   0.0000
 -1.46973226e-02   0.0000
  5.20567968e-03   0.0000
 -1.16298223e-04   0.0000
  2.55112798e-04   0.0000
 -4.80421958e-03   0.0000
 -5.35307918e-04   0.0000
 -2.60855188e-03   0.0000
 -3.10358498e-03   0.0000
  6.86694914e-03   0.0000
  9.57971532e-03   0.0000
 -3.27299465e-03   0.0000
  3.28226611e-02   0.0000
  5.13543049e-03   0.0000
  4.03173314e-03   0.0000
 -1.16086309e-03   0.0000
  5.82138030e-03   0.0000
  1.18405642e-02   0.0000
  3.21356172e-04   0.0000
  3.41061386e-04   0.0000
 -3.69294576e-04   0.0000
  1.81188923e-03   0.0000
 -2.51876451e-02   0.0000
  1.93304452e-03   0.0000
 -1.37585597e-02   0.0000
 -5.35972940e-04   0.0000
  6.08064651e-01   0.0000
 -5.63239992e-01   0.0000
  6.64845467e-01   0.0000
 -9.04028416e-02   0.0000
 -2.64957151e-03   0.0000
 -2.94789463e-01   0.0000
  1.14714226e-03   0.0000
 -3.42519939e-01   0.0000
  2.99527794e-01   0.0000
 -3.61436427e-01   0.0000
  1.63278216e-03   0.0000
  1.16880713e-02   0.0000
 -9.10057008e-01   0.0000
  1.63609290e-03   0.0000
  7.11861672e-03   0.0000
  3.78075168e-02   0.0000
 -1.18296839e-01   0.0000
  7.65360594e-02   0.0000
 -1.91290572e-01   0.0000
  2.30244383e-01   0.0000
  3.22824484e-03   0.0000
 -7.08456011e-03   0.0000
 -2.65880022e-03   0.0000
 -5.81426360e-03   0.0000
 -1.79027915e-01   0.0000
  1.33870184e-01   0.0000
 -1.20568776e-03   0.0000
  1.85760541e-03   0.0000
  2.15976864e-01   0.0000
 -2.76282686e-03   0.0000
  4.36935395e-01   0.0000
  8.42009205e-03   0.0000
 -2.16939926e+00   0.0000
  2.02663565e+00   0.0000
 -3.27339268e+00   0.0000
  5.25343657e+00   0.0000
  3.55228335e-02   0.0000
  1.14925432e+00   0.0000
 -6.24711858e-03   0.0000
  1.25645471e+00   0.0000
 -4.09691668e+00   0.0000
  3.61549497e+00   0.0000
 -9.56678414e-04   0.0000
  2.23309591e-01   0.0000
  3.39503551e+00   0.0000
 -3.33011001e-02   0.0000
  8.02137792e-01   0.0000

