 5 0.000000 1
 1 
 Si 28.085500
 0 0.250000 4.500000 1.000000 1.000000 
 5 0 1 2 3 4
 8 2.15000 2.30000 2.45000 2.60000 2.75000 3.00000 3.50000 4.00000
 1 12.169200 6.172630 3.114710 0.755675 0.404939 0.036124 0.650018 0.572890
 5 40 13 13 13 1
  6.20921195e-01   0.0000
  7.19797313e-02   0.0000
 -4.18325573e-01   0.0000
  4.18836594e+00   0.0000
  4.07162380e+00   0.0000
 -1.85521878e-02   0.0000
  8.78033638e-01   0.0000
  2.38719678e+00   0.0000
  9.27395940e-01   0.0000
  9.25319552e-01   0.0000
 -7.99133480e-01   0.0000
 -1.69184101e+00   0.0000
 -6.17739081e-01   0.0000
  7.62451828e-01   0.0000
 -4.47433472e-01   0.0000
  1.02779627e+00   0.0000
  4.35896397e+00   0.0000
  1.70384777e+00   0.0000
 -1.54115617e+00   0.0000
 -6.04132473e-01   0.0000
  2.50414705e+00   0.0000
  2.66283661e-01   0.0000
  7.77296841e-01   0.0000
 -5.14841378e-01   0.0000
  5.51223755e-01   0.0000
 -1.19805299e-01   0.0000
  7.47177422e-01   0.0000
 -1.36036587e+00   0.0000
  1.08946061e+00   0.0000
  4.31791782e+00   0.0000
 -2.87051555e-02   0.0000
  7.24056780e-01   0.0000
  1.24693349e-01   0.0000
  2.30838990e+00   0.0000
  8.81211400e-01   0.0000
  5.84978700e-01   0.0000
 -3.91479433e-01   0.0000
  2.26360932e-01   0.0000
  1.86713171e+00   0.0000
  1.37262380e+00   0.0000
 -1.31108522e+00   0.0000
  1.23596215e+00   0.0000
  3.26915550e+00   0.0000
 -7.75661469e-02   0.0000
  2.60822749e+00   0.0000
  1.09170783e+00   0.0000
  1.80117702e+00   0.0000
  1.14525914e+00   0.0000
  9.52929497e-01   0.0000
 -7.55392253e-01   0.0000
  4.48256850e-01   0.0000
  1.04285455e+00   0.0000
  1.69460440e+00   0.0000
 -1.22220182e+00   0.0000
  4.38027054e-01   0.0000
  2.35344887e+00   0.0000
 -3.07793349e-01   0.0000
  2.07762027e+00   0.0000
  9.07247186e-01   0.0000
  1.37135732e+00   0.0000
  1.03568745e+00   0.0000
  1.19708967e+00   0.0000
 -5.00276268e-01   0.0000
  6.69382393e-01   0.0000
 -9.52504218e-01   0.0000
  2.58401537e+00   0.0000
 -1.10768807e+00   0.0000
  2.46970916e+00   0.0000
  1.55559242e+00   0.0000
 -2.31928334e-01   0.0000
 -1.49830830e+00   0.0000
 -1.29149091e+00   0.0000
  6.79541409e-01   0.0000
  1.08066475e+00   0.0000
  1.08007967e+00   0.0000
  8.49786162e-01   0.0000
  3.41154169e-03   0.0000
 -1.82187021e+00   0.0000
  3.90549970e+00   0.0000
  1.19578648e+00   0.0000
  8.04900825e-01   0.0000
  7.12678254e-01   0.0000
  2.92693472e+00   0.0000
  3.64975989e-01   0.0000
 -8.67783725e-02   0.0000
  1.12393521e-01   0.0000
  1.69021928e+00   0.0000
  1.17484558e+00   0.0000
  1.24561346e+00   0.0000
  3.91667396e-01   0.0000
  5.27611732e-01   0.0000
  4.04198170e+00   0.0000
  3.68272334e-01   0.0000
 -3.81478691e+00   0.0000
 -2.20724916e+00   0.0000
  3.13455915e+00   0.0000
 -9.54367518e-02   0.0000
 -4.85521480e-02   0.0000
  6.35199785e-01   0.0000
 -2.83740520e+00   0.0000
  3.07393163e-01   0.0000
 -3.25874281e+00   0.0000
 -5.56997001e-01   0.0000
 -1.87569097e-01   0.0000
 -1.80156380e-01   0.0000
  1.27702117e+00   0.0000
  1.92271364e+00   0.0000
 -2.91106987e+00   0.0000
 -3.75582755e-01   0.0000
  7.17917264e-01   0.0000
 -1.34479117e+00   0.0000
  6.65204406e-01   0.0000
  3.59457672e-01   0.0000
  8.58837783e-01   0.0000
 -2.31597990e-01   0.0000
  1.03479981e+00   0.0000
  8.48041773e-01   0.0000
  1.61603898e-01   0.0000
  1.46115625e+00   0.0000
  3.43568683e-01   0.0000
 -2.12973356e+00   0.0000
  6.65876031e-01   0.0000
  5.64411938e-01   0.0000
  1.54242468e+00   0.0000
  4.39505905e-01   0.0000
  8.17063749e-01   0.0000
  5.33470988e-01   0.0000
  4.40014720e-01   0.0000
  1.12826872e+00   0.0000
  1.53421783e+00   0.0000
  1.93737090e-01   0.0000
  7.36053884e-01   0.0000
 -6.33015513e-01   0.0000
 -2.30157638e+00   0.0000
  1.50332797e+00   0.0000
 -1.03677309e+00   0.0000
  1.40906942e+00   0.0000
  3.95490348e-01   0.0000
  7.33502030e-01   0.0000
  3.81983608e-01   0.0000
  6.97734773e-01   0.0000
  2.80585200e-01   0.0000
  1.87255114e-01   0.0000
  5.61671734e-01   0.0000
 -7.57062197e-01   0.0000
 -1.29288888e+00   0.0000
 -2.83384800e+00   0.0000
  1.55219638e+00   0.0000
 -2.13282943e+00   0.0000
 -1.15327924e-01   0.0000
  1.16139628e-01   0.0000
  5.05413234e-01   0.0000
  2.52885938e-01   0.0000
  8.25482547e-01   0.0000
 -1.19313288e+00   0.0000
 -1.66664493e+00   0.0000
  5.80841660e-01   0.0000
 -1.45682728e+00   0.0000
 -9.70069110e-01   0.0000
 -3.34985757e+00   0.0000
  1.48136723e+00   0.0000
 -1.35327470e+00   0.0000
 -9.79064703e-01   0.0000
  2.08267286e-01   0.0000
  4.57002729e-01   0.0000
  4.08342302e-01   0.0000
  8.90157819e-01   0.0000
 -1.75768280e+00   0.0000
 -1.78388929e+00   0.0000
  5.61125934e-01   0.0000
 -1.34000218e+00   0.0000
 -5.01727872e-02   0.0000
 -4.13450623e+00   0.0000
 -2.77899683e-01   0.0000
  4.00787163e+00   0.0000
  1.14321816e+00   0.0000
 -1.68715194e-01   0.0000
  4.71085459e-01   0.0000
  5.10937870e-01   0.0000
  1.50032103e+00   0.0000
  5.88838279e-01   0.0000
  1.60225558e+00   0.0000
  6.24068618e-01   0.0000
  1.27907634e+00   0.0000
  1.88645279e+00   0.0000
 -2.40808320e+00   0.0000
 -2.37598443e+00   0.0000
 -9.47985113e-01   0.0000
 -1.95201754e-03   0.0000
 -4.64750290e-01   0.0000
  1.19346404e+00   0.0000
  4.86189723e-01   0.0000
  1.37793481e+00   0.0000
  4.59575474e-01   0.0000
 -7.35060405e-03   0.0000
  1.85748398e-01   0.0000
 -7.09128380e-01   0.0000
  1.37762117e+00   0.0000
 -8.04643035e-01   0.0000
 -1.03061450e+00   0.0000
 -4.29527044e+00   0.0000
 -1.02092719e+00   0.0000
 -8.76863450e-02   0.0000
  4.30470467e-01   0.0000
  1.00525312e-01   0.0000
  1.85155258e-01   0.0000
 -2.46036291e+00   0.0000
 -2.01680017e+00   0.0000
 -3.34176660e-01   0.0000
  1.47220314e+00   0.0000
 -1.04489803e+00   0.0000
 -8.55725527e-01   0.0000
 -1.14735579e+00   0.0000
  3.81617761e+00   0.0000
 -2.30194759e+00   0.0000
  4.61820573e-01   0.0000
  5.85817635e-01   0.0000
 -3.19970995e-02   0.0000
 -2.23107696e+00   0.0000
 -2.59138417e+00   0.0000
 -2.22484088e+00   0.0000
 -4.98676181e-01   0.0000
  5.08956015e-02   0.0000
 -1.46215707e-01   0.0000
  3.16532135e-01   0.0000
 -1.80428815e+00   0.0000
  1.01884568e+00   0.0000
 -1.51325071e+00   0.0000
  5.78410625e-01   0.0000
  7.27871180e-01   0.0000
 -1.62126288e-01   0.0000
 -1.83759701e+00   0.0000
 -4.48045641e-01   0.0000
 -2.66036898e-01   0.0000
 -5.91883110e-03   0.0000
 -1.09990358e+00   0.0000
 -4.38251346e-01   0.0000
  6.79806530e-01   0.0000
 -1.88923788e+00   0.0000
 -1.94103563e+00   0.0000
  8.27603638e-01   0.0000
  2.03972101e-01   0.0000
  1.27409124e+00   0.0000
 -1.73493922e-01   0.0000
 -1.18906033e+00   0.0000
  1.86433226e-01   0.0000
  8.63944769e-01   0.0000
 -3.88639160e-02   0.0000
 -1.22287190e+00   0.0000
 -1.11142671e+00   0.0000
 -3.08093242e-02   0.0000
 -7.37114727e-01   0.0000
 -2.71534371e+00   0.0000
  1.78331423e+00   0.0000
  1.95462361e-01   0.0000
  1.60628259e+00   0.0000
  3.51725042e-01   0.0000
 -7.17936456e-01   0.0000
 -8.71125311e-02   0.0000
  1.22028983e+00   0.0000
  5.56889176e-01   0.0000
 -7.93619454e-01   0.0000
 -2.27592731e+00   0.0000
 -6.52485609e-01   0.0000
  1.15972030e+00   0.0000
 -1.34241724e+00   0.0000
  3.37195992e-01   0.0000
 -1.34952456e-01   0.0000
  1.59774125e+00   0.0000
  2.81139731e-01   0.0000
 -4.50682223e-01   0.0000
 -1.13420568e-01   0.0000
  8.01658630e-01   0.0000
  6.78406775e-01   0.0000
  2.13978076e+00   0.0000
 -2.58736181e+00   0.0000
 -1.60099530e+00   0.0000
  2.76036215e+00   0.0000
  1.89074349e+00   0.0000
 -1.20665693e+00   0.0000
 -1.88822463e-01   0.0000
  1.53877509e+00   0.0000
  7.43969798e-01   0.0000
  4.42613333e-01   0.0000
 -6.27047896e-01   0.0000
 -2.01332593e+00   0.0000
  6.96561635e-01   0.0000
  2.95373702e+00   0.0000
 -1.19025819e-01   0.0000
 -5.42667508e-01   0.0000
  2.21899605e+00   0.0000
 -1.31881046e+00   0.0000
  3.28621000e-01   0.0000
 -2.18057349e-01   0.0000
  1.47862101e+00   0.0000
  5.29181242e-01   0.0000
  3.64367962e-01   0.0000
 -2.55381894e+00   0.0000
  8.68259609e-01   0.0000
  2.48352721e-01   0.0000
 -5.52854002e-01   0.0000
 -2.11172760e-01   0.0000
  2.14978024e-01   0.0000
  1.08539248e+00   0.0000
 -5.22262478e+00   0.0000
  2.06704831e+00   0.0000
 -6.73710555e-02   0.0000
  5.66086054e-01   0.0000
  1.37323231e-01   0.0000
  3.32301855e-02   0.0000
 -1.38420403e+00   0.0000
  2.33489561e+00   0.0000
 -5.65772392e-02   0.0000
  5.24529696e-01   0.0000
 -1.71366858e+00   0.0000
 -6.76887274e-01   0.0000
 -5.33840477e-01   0.0000
 -2.42482471e+00   0.0000
  2.09387302e+00   0.0000
  6.58717871e-01   0.0000
  1.76688731e+00   0.0000
 -5.11225879e-01   0.0000
 -2.28079271e+00   0.0000
  4.01671112e-01   0.0000
 -7.20337093e-01   0.0000
 -2.28154942e-01   0.0000
  1.51504898e+00   0.0000
  1.23833075e-01   0.0000
 -8.78870130e-01   0.0000
 -1.92529154e+00   0.0000
  1.65828276e+00   0.0000
 -2.91936255e+00   0.0000
  4.56309289e-01   0.0000
  5.09925127e-01   0.0000
 -5.78287601e-01   0.0000
 -1.25454390e+00   0.0000
  2.18788552e+00   0.0000
  2.99731207e+00   0.0000
  2.41352115e-02   0.0000
  1.04910970e+00   0.0000
  1.35881555e+00   0.0000
 -1.23019528e+00   0.0000
 -2.50956106e+00   0.0000
  1.41903663e+00   0.0000
  2.04960537e+00   0.0000
  2.70478666e-01   0.0000
 -3.55435580e-01   0.0000
 -1.04085171e+00   0.0000
 -6.86925411e-01   0.0000
  7.59349167e-01   0.0000
 -1.39211214e+00   0.0000
  4.16912198e-01   0.0000
 -1.06345274e-01   0.0000
  1.11168218e+00   0.0000
 -2.04471350e+00   0.0000
 -1.74485445e+00   0.0000
 -1.95828721e-01   0.0000
  1.44174755e-01   0.0000
  6.06780611e-02   0.0000
 -8.95481348e-01   0.0000
 -7.42968559e-01   0.0000
 -2.90131927e-01   0.0000
 -9.47811127e-01   0.0000
 -1.85755897e+00   0.0000
  7.77286410e-01   0.0000
 -1.23062797e-01   0.0000
 -3.59973937e-01   0.0000
 -2.69661713e+00   0.0000
  5.03110848e-02   0.0000
 -9.34112728e-01   0.0000
 -1.17046607e+00   0.0000
  4.10149425e-01   0.0000
 -1.60893011e+00   0.0000
 -9.13368881e-01   0.0000
 -4.86940622e-01   0.0000
 -8.55767727e-01   0.0000
 -5.71551442e-01   0.0000
  7.62167752e-01   0.0000
  1.35128522e+00   0.0000
 -2.18774915e+00   0.0000
 -2.27595139e+00   0.0000
  2.80362010e+00   0.0000
  2.80948520e-01   0.0000
 -1.52602699e-02   0.0000
  2.47188389e-01   0.0000
 -1.55267787e+00   0.0000
 -5.79269230e-01   0.0000
 -1.11738396e+00   0.0000
  3.10177565e-01   0.0000
  1.52340448e+00   0.0000
  1.23484433e+00   0.0000
  1.76962924e+00   0.0000
 -1.22480321e+00   0.0000
  8.46006155e-01   0.0000
  2.59687257e+00   0.0000
  9.25507665e-01   0.0000
 -7.95794427e-01   0.0000
  1.01090841e-01   0.0000
 -1.04595244e+00   0.0000
 -6.46889508e-01   0.0000
 -2.97763658e+00   0.0000
  6.67649269e-01   0.0000
 -2.38757825e+00   0.0000
  9.88259971e-01   0.0000
  1.22389042e+00   0.0000
  1.48181409e-01   0.0000
  8.52751136e-01   0.0000
  1.61311996e+00   0.0000
 -5.73932290e-01   0.0000
  4.96027261e-01   0.0000
  2.66305786e-02   0.0000
 -7.91893423e-01   0.0000
 -3.61228049e-01   0.0000
 -2.37472010e+00   0.0000
  1.53192401e+00   0.0000
  1.79160082e+00   0.0000
 -1.54931232e-01   0.0000
 -1.26723242e+00   0.0000
  2.51674294e-01   0.0000
 -3.85544753e+00   0.0000
 -2.91549265e-01   0.0000
 -1.06792736e+00   0.0000
  7.57863820e-01   0.0000
  7.67141581e-01   0.0000
  4.39281613e-01   0.0000
  4.17868614e-01   0.0000
 -9.36031342e-02   0.0000
  3.93463433e-01   0.0000
  1.21574068e+00   0.0000
 -2.37986937e-01   0.0000
  1.15236259e+00   0.0000
  9.14115667e-01   0.0000
 -3.21348572e+00   0.0000
 -1.47671890e+00   0.0000
 -5.64566672e-01   0.0000
 -2.47703403e-01   0.0000
  4.77022856e-01   0.0000
  9.63005498e-02   0.0000
 -6.37015402e-02   0.0000
 -2.57924318e-01   0.0000
  1.96176994e+00   0.0000
 -9.71992195e-01   0.0000
  1.28416792e-01   0.0000
  1.55453336e+00   0.0000
  5.25447547e-01   0.0000
 -2.66323757e+00   0.0000
 -2.08183718e+00   0.0000
  3.06004226e-01   0.0000
 -2.15236947e-01   0.0000
  4.02045816e-01   0.0000
 -3.54718953e-01   0.0000
 -4.63113457e-01   0.0000
 -1.33569217e+00   0.0000
  1.80298090e+00   0.0000
 -1.16732910e-01   0.0000
  3.89130831e-01   0.0000
  5.26386559e-01   0.0000
 -5.92039168e-01   0.0000
 -2.16587806e+00   0.0000
 -1.75842488e+00   0.0000
  4.04286176e-01   0.0000
  1.13614500e+00   0.0000
  2.97059864e-01   0.0000
 -8.63204479e-01   0.0000
 -6.81623101e-01   0.0000
 -2.14923358e+00   0.0000
 -2.53283828e-01   0.0000
  6.25617325e-01   0.0000
  3.59155864e-01   0.0000
 -4.93899994e-02   0.0000
 -1.68310452e+00   0.0000
 -1.35408950e+00   0.0000
 -1.50057840e+00   0.0000
 -2.62537718e-01   0.0000
 -8.47113431e-01   0.0000
  3.42720389e-01   0.0000
 -1.46296895e+00   0.0000
 -1.12326372e+00   0.0000
 -2.78465676e+00   0.0000
  8.33662674e-02   0.0000
 -5.75639248e-01   0.0000
  6.35618329e-01   0.0000
  1.41682136e+00   0.0000
 -2.15979075e+00   0.0000
 -6.05334103e-01   0.0000
 -4.01484221e-01   0.0000
 -9.36839342e-01   0.0000
  2.35964611e-01   0.0000
  5.63388824e-01   0.0000
 -2.68753147e+00   0.0000
 -1.69682634e+00   0.0000
 -3.09268212e+00   0.0000
  2.04744768e+00   0.0000
 -2.91197300e-01   0.0000
  1.55621171e+00   0.0000
  1.50310457e+00   0.0000
  1.38342488e+00   0.0000
  7.84005404e-01   0.0000
  1.55383635e+00   0.0000
  1.00469339e+00   0.0000
  4.48256403e-01   0.0000
  7.76276052e-01   0.0000
 -1.66309619e+00   0.0000
 -1.06869590e+00   0.0000
 -2.30285478e+00   0.0000
 -3.84165734e-01   0.0000
  4.60197508e-01   0.0000
  1.80088353e+00   0.0000
 -2.84595966e+00   0.0000
  1.87225997e+00   0.0000
 -2.86106300e-02   0.0000
  1.98426306e+00   0.0000
  3.29065514e+00   0.0000
 -1.57681596e+00   0.0000
 -2.83455461e-01   0.0000
  1.37829137e+00   0.0000
  3.56540322e-01   0.0000
  2.40190357e-01   0.0000
  1.04451060e+00   0.0000
 -2.36390567e+00   0.0000
  1.53501475e+00   0.0000
 -2.86704842e-02   0.0000
 -5.54666817e-01   0.0000
  8.67752969e-01   0.0000
  1.26022899e+00   0.0000
 -2.06953883e+00   0.0000
 -4.78865719e+00   0.0000
  1.35642040e+00   0.0000
  1.16915679e+00   0.0000
  4.84832674e-01   0.0000
 -1.27720129e+00   0.0000
  1.79176152e-01   0.0000
  3.41552138e-01   0.0000
 -2.66348779e-01   0.0000
 -1.28646004e+00   0.0000
 -1.12758970e+00   0.0000
 -1.34111121e-01   0.0000
 -8.95806849e-01   0.0000
  3.76679122e-01   0.0000
 -5.54960012e-01   0.0000
 -5.23525178e-01   0.0000
 -1.66818106e+00   0.0000
  3.80272865e-01   0.0000
  2.98622704e+00   0.0000
 -1.82003409e-01   0.0000
 -4.61126685e-01   0.0000
  6.86455444e-02   0.0000
  1.91703010e+00   0.0000
  2.05550581e-01   0.0000
 -2.24156916e-04   0.0000
 -1.29358518e+00   0.0000
  2.40052271e+00   0.0000
 -3.56462836e-01   0.0000
  1.09573305e+00   0.0000
  1.84103835e+00   0.0000
  1.12457797e-01   0.0000
  7.03625381e-02   0.0000
 -4.25775290e+00   0.0000
  1.42869726e-01   0.0000
  6.80536091e-01   0.0000
 -3.53741795e-01   0.0000
  6.62714899e-01   0.0000
  2.77143747e-01   0.0000
  1.87729537e+00   0.0000
 -2.48454118e+00   0.0000
  1.90906274e+00   0.0000
 -7.45244563e-01   0.0000
  2.57094789e+00   0.0000
 -1.37235463e+00   0.0000
 -1.35024083e+00   0.0000
  5.24066162e+00   0.0000
  2.07043505e+00   0.0000
 -1.35791395e-02   0.0000
  9.53745544e-01   0.0000
  1.70464242e+00   0.0000
 -2.54512578e-02   0.0000
  9.19094205e-01   0.0000
  4.83465147e+00   0.0000
  1.40166685e-01   0.0000
 -1.26469886e+00   0.0000
  8.45360577e-01   0.0000
  1.90808345e-03   0.0000
 -2.68007851e+00   0.0000
 -3.85268307e+00   0.0000
  2.01413393e+00   0.0000
 -6.37670159e-01   0.0000
 -5.09452522e-01   0.0000
 -2.12747788e+00   0.0000
  4.70072590e-02   0.0000
 -3.80809844e-01   0.0000
 -1.44129062e+00   0.0000
 -1.15734291e+00   0.0000
 -7.72861183e-01   0.0000
 -2.49650693e+00   0.0000
  5.45998573e-01   0.0000
  4.64535666e+00   0.0000
  6.58197105e-01   0.0000
 -2.94663501e+00   0.0000
  1.22987986e+00   0.0000
  4.08570862e+00   0.0000
 -1.08814549e+00   0.0000
  4.72151488e-01   0.0000
  3.33213377e+00   0.0000
 -1.44957677e-01   0.0000
  1.45159745e+00   0.0000
  2.33312893e+00   0.0000
  3.21331799e-01   0.0000
 -1.23839557e+00   0.0000
  3.81207299e+00   0.0000
 -5.03893614e+00   0.0000
  2.41048861e+00   0.0000
 -8.10742140e-01   0.0000
  5.05099535e+00   0.0000
  3.61530256e+00   0.0000
 -4.16281193e-01   0.0000
  8.82813111e-02   0.0000
  4.99416685e+00   0.0000
 -1.05761969e+00   0.0000
  5.40866911e-01   0.0000
  4.31725168e+00   0.0000
  1.24215746e+00   0.0000
 -4.17029047e+00   0.0000
 -7.22498596e-01   0.0000
 -4.97548312e-01   0.0000
 -2.98828781e-01   0.0000
  4.00955379e-01   0.0000
  6.07840180e-01   0.0000
 -4.62853871e-02   0.0000
 -1.13262653e+00   0.0000
  6.16228878e-02   0.0000
 -4.89996731e-01   0.0000
 -9.11947310e-01   0.0000
  1.26263535e+00   0.0000
  8.85863543e-01   0.0000
 -2.06374264e+00   0.0000
  1.19571853e+00   0.0000
  9.14496601e-01   0.0000
  4.34844702e-01   0.0000
 -3.95049185e-01   0.0000
 -2.67290860e-01   0.0000
  1.99291110e-01   0.0000
  6.09808505e-01   0.0000
 -9.01373625e-01   0.0000
 -1.77440904e-02   0.0000
  1.11473158e-01   0.0000
 -1.36330986e+00   0.0000
  8.65524411e-02   0.0000
  1.68886423e+00   0.0000
 -2.57349157e+00   0.0000
  2.64173055e+00   0.0000
  1.92016549e-02   0.0000
 -1.35420740e+00   0.0000
 -1.17792237e+00   0.0000
  1.87159061e-01   0.0000
  3.47561270e-01   0.0000
  7.95835018e-01   0.0000
  3.62059887e-04   0.0000
  1.74626142e-01   0.0000
 -1.69800127e+00   0.0000
  3.81600857e-01   0.0000
 -6.00520447e-02   0.0000
  6.37608707e-01   0.0000
  2.03950429e+00   0.0000
  3.22831958e-03   0.0000
 -2.30147257e-01   0.0000
 -8.34284902e-01   0.0000
  9.01297703e-02   0.0000
  5.01096010e-01   0.0000
 -2.15844512e+00   0.0000
  1.44737419e-02   0.0000
  9.73834097e-01   0.0000
 -1.15516186e+00   0.0000
 -6.72027409e-01   0.0000
  2.39417124e+00   0.0000
 -3.06180644e+00   0.0000
 -5.83416939e-01   0.0000
  3.45443159e-01   0.0000
  4.04234362e+00   0.0000
 -2.48801994e+00   0.0000
  5.20452634e-02   0.0000
 -7.02838540e-01   0.0000
 -4.65658808e+00   0.0000
  2.09417656e-01   0.0000
 -3.90488714e-01   0.0000
 -1.39441538e+00   0.0000
  8.26690733e-01   0.0000
  2.86962211e-01   0.0000
 -3.88779712e+00   0.0000
  1.22872376e+00   0.0000
 -8.61934185e-01   0.0000
 -2.18441510e+00   0.0000
 -1.07396424e+00   0.0000
 -9.82334673e-01   0.0000
 -5.56276441e-01   0.0000
  4.09258747e+00   0.0000
 -5.01461983e-01   0.0000
  1.16331673e+00   0.0000
 -2.36409926e+00   0.0000
  1.01825702e+00   0.0000
  3.22092986e+00   0.0000
 -4.01404095e+00   0.0000
 -1.19494855e+00   0.0000
 -4.75486331e-02   0.0000
 -2.15167522e+00   0.0000
 -2.02900440e-01   0.0000
 -4.41114277e-01   0.0000
 -9.31796618e-03   0.0000
 -4.14016545e-01   0.0000
  2.51200438e-01   0.0000
 -1.07188904e+00   0.0000
  5.57704449e-01   0.0000
  3.20656329e-01   0.0000
 -1.08083844e+00   0.0000
  6.08201563e-01   0.0000
  1.86024690e+00   0.0000
 -3.44489038e-01   0.0000
 -8.06261897e-01   0.0000
  4.75329340e-01   0.0000
 -6.87734723e-01   0.0000
  2.75106817e-01   0.0000
  5.95428407e-01   0.0000
  3.65632564e-01   0.0000
  3.69372189e-01   0.0000
  1.23006448e-01   0.0000
 -1.03597060e-01   0.0000
  8.98212552e-01   0.0000
 -1.18959570e+00   0.0000
  4.38770473e-01   0.0000
 -7.42041290e-01   0.0000
  4.46300936e+00   0.0000
 -7.17170984e-02   0.0000
 -2.17747951e+00   0.0000
 -3.55809450e-01   0.0000
 -6.49230957e-01   0.0000
 -1.20994854e+00   0.0000
 -6.52138442e-02   0.0000
  3.22517544e-01   0.0000
 -2.10078701e-01   0.0000
  2.70718503e+00   0.0000
  4.44257450e+00   0.0000
 -1.56766325e-01   0.0000
 -6.80001318e-01   0.0000
  2.67948580e+00   0.0000
  1.02632940e-01   0.0000
 -5.36069572e-01   0.0000
  6.78826153e-01   0.0000
  2.66035441e-02   0.0000
 -5.30987322e-01   0.0000
  7.20500350e-01   0.0000
  4.92628425e-01   0.0000
 -5.78978181e-01   0.0000
  1.56534398e+00   0.0000
  1.30037677e+00   0.0000
  2.47302577e-01   0.0000
 -9.90301147e-02   0.0000
 -7.99802065e-01   0.0000
  4.01319295e-01   0.0000
 -3.94474603e-02   0.0000
  6.49417400e-01   0.0000
  1.79490730e-01   0.0000
  5.37908077e-01   0.0000
  4.97805655e-01   0.0000
  8.45935717e-02   0.0000
 -1.18191265e-01   0.0000
  3.42480361e-01   0.0000
 -4.87786800e-01   0.0000
  4.95890260e-01   0.0000
  3.18925411e-01   0.0000
 -1.10777867e+00   0.0000
 -3.38970244e-01   0.0000
  2.67105639e-01   0.0000
 -6.52582571e-02   0.0000
 -2.10335776e-01   0.0000
  5.77382147e-01   0.0000
 -4.02034998e-01   0.0000
 -4.80600208e-01   0.0000
  2.10083917e-01   0.0000
  1.62435099e-01   0.0000
 -2.63243723e+00   0.0000
 -2.41966739e-01   0.0000
 -1.78538218e-01   0.0000
  4.46802187e+00   0.0000
  9.86821428e-02   0.0000
 -1.40248251e+00   0.0000
  2.66217351e-01   0.0000
 -3.11693519e-01   0.0000
 -8.24994087e-01   0.0000
  3.84973437e-01   0.0000
  2.74566263e-01   0.0000
 -3.19379658e-01   0.0000
 -1.52531362e+00   0.0000
  3.90509892e+00   0.0000
  3.32871050e-01   0.0000
  4.36749876e-01   0.0000
 -5.96736670e-01   0.0000
 -3.93384397e-01   0.0000
 -7.83177137e-01   0.0000
 -6.21182203e-01   0.0000
 -1.29356205e-01   0.0000
 -4.42321807e-01   0.0000
 -3.94825757e-01   0.0000
 -1.99870393e-01   0.0000
  1.78691566e-01   0.0000
  1.24734509e+00   0.0000
 -1.99269283e+00   0.0000
 -2.01228067e-01   0.0000
  1.01085313e-01   0.0000
 -7.80118942e-01   0.0000
  2.30280206e-01   0.0000
  9.06468153e-01   0.0000
  3.88787240e-01   0.0000
  2.10752457e-01   0.0000
 -1.72565609e-01   0.0000
 -1.48278385e-01   0.0000
  1.32439762e-01   0.0000
  1.36501312e-01   0.0000
 -1.21764362e+00   0.0000
 -6.54726148e-01   0.0000
  1.05033256e-01   0.0000
 -3.90248686e-01   0.0000
  3.64972734e+00   0.0000
 -1.77745536e-01   0.0000
 -1.68420589e+00   0.0000
 -2.12193966e-01   0.0000
 -3.20783168e-01   0.0000
 -1.36526418e+00   0.0000
 -2.63062119e-01   0.0000
  1.49836540e-01   0.0000
  1.05227172e-01   0.0000
  1.86678779e+00   0.0000
  2.90343428e+00   0.0000
  4.59074005e-02   0.0000
  2.31169000e-01   0.0000
  7.22907126e-01   0.0000
 -3.53280194e-02   0.0000
  1.08775206e-01   0.0000
  1.22719176e-01   0.0000
 -1.57763690e-01   0.0000
 -1.74756557e-01   0.0000
  1.79117009e-01   0.0000
 -3.69937904e-02   0.0000
  2.79659569e-01   0.0000
 -1.37281621e+00   0.0000
  2.15613484e+00   0.0000
  1.67915180e-01   0.0000
  2.69081622e-01   0.0000
 -4.46778488e+00   0.0000
  1.74915120e-01   0.0000
  2.89218926e+00   0.0000
  2.36207128e-01   0.0000
  3.93564343e-01   0.0000
 -7.31169820e-01   0.0000
  2.12073792e-02   0.0000
  1.79634631e-01   0.0000
  8.05771872e-02   0.0000
 -2.44549632e+00   0.0000
 -3.07960677e+00   0.0000
  1.27686530e-01   0.0000
 -2.97762752e-01   0.0000
  4.11430168e+00   0.0000
 -8.06136504e-02   0.0000
 -4.06810045e+00   0.0000
  2.96038091e-01   0.0000
 -6.09384656e-01   0.0000
 -2.79359484e+00   0.0000
  3.43129009e-01   0.0000
  2.63466299e-01   0.0000
 -3.18235546e-01   0.0000
  4.16890240e+00   0.0000
  4.77319622e+00   0.0000
  2.65086651e-01   0.0000
  5.73434830e-01   0.0000
 -2.75305676e+00   0.0000
 -4.34250794e-02   0.0000
  2.77235460e+00   0.0000
 -3.40645276e-02   0.0000
  2.16116756e-01   0.0000
  1.33380640e+00   0.0000
 -4.09372449e-01   0.0000
 -3.77209693e-01   0.0000
  1.25664115e-01   0.0000
  3.73723954e-01   0.0000
 -2.17161012e+00   0.0000
  2.34005265e-02   0.0000
  3.18767619e+00   0.0000
  3.95371175e+00   0.0000
 -3.25659728e+00   0.0000
 -1.12476313e+00   0.0000
 -3.17344975e+00   0.0000
 -3.23906398e+00   0.0000
 -2.26500010e+00   0.0000
 -3.16950607e+00   0.0000
 -3.23169637e+00   0.0000
  3.25913525e+00   0.0000
 -5.16822815e-01   0.0000
  2.50328445e+00   0.0000
 -3.24797654e+00   0.0000
 -2.65613437e+00   0.0000
  5.08639812e+00   0.0000
 -2.17029858e+00   0.0000
 -4.21845531e+00   0.0000
 -2.94285393e+00   0.0000
 -3.61898398e+00   0.0000
 -3.51833463e+00   0.0000
  1.80433691e+00   0.0000
  4.78346109e-01   0.0000
  5.58951676e-01   0.0000
  4.62278366e+00   0.0000
  4.88113165e+00   0.0000
 -2.44053960e+00   0.0000
  0.00000000e+00   0.0000

