 5 0.000000 1
 1 
 Si 28.085500
 0 0.250000 4.500000 1.000000 1.000000 
 5 0 1 2 3 4
 8 2.15000 2.30000 2.45000 2.60000 2.75000 3.00000 3.50000 4.00000
 1 12.169200 6.172630 3.114710 0.755675 0.404939 0.036124 0.650018 0.572890
 5 40 13 13 13 1
  6.42346382e-01   0.0000
 -2.46353775e-01   0.0000
 -2.80096531e-01   0.0000
  3.59582424e+00   0.0000
  3.96758437e+00   0.0000
  5.41048706e-01   0.0000
  4.14504766e-01   0.0000
  2.26781464e+00   0.0000
  1.35972178e+00   0.0000
  1.10509515e+00   0.0000
 -3.83429766e-01   0.0000
 -1.81597459e+00   0.0000
 -4.03268009e-01   0.0000
  6.83674634e-01   0.0000
 -6.18305624e-01   0.0000
  1.23976541e+00   0.0000
  3.72791505e+00   0.0000
  1.39139235e+00   0.0000
 -1.46167767e+00   0.0000
  7.67951161e-02   0.0000
  2.45098400e+00   0.0000
  5.86278021e-01   0.0000
  1.09162760e+00   0.0000
 -3.48296970e-01   0.0000
  3.29179615e-01   0.0000
  2.10609332e-01   0.0000
  6.24435544e-01   0.0000
 -1.28287184e+00   0.0000
  1.16247654e+00   0.0000
  3.84624982e+00   0.0000
  1.69461276e-02   0.0000
  4.87397820e-01   0.0000
  6.53115630e-01   0.0000
  2.29562855e+00   0.0000
  8.62156451e-01   0.0000
  9.64595079e-01   0.0000
 -3.61234397e-01   0.0000
  4.02372152e-01   0.0000
  1.46867514e+00   0.0000
  1.25461972e+00   0.0000
 -9.79177356e-01   0.0000
  1.22230375e+00   0.0000
  2.93452835e+00   0.0000
  2.90795475e-01   0.0000
  2.19844842e+00   0.0000
  9.04866755e-01   0.0000
  1.81312811e+00   0.0000
  9.56636667e-01   0.0000
  1.33424783e+00   0.0000
 -8.54111195e-01   0.0000
  8.33350062e-01   0.0000
  6.60830438e-01   0.0000
  1.60404921e+00   0.0000
 -7.21213162e-01   0.0000
  4.62135941e-01   0.0000
  2.39390516e+00   0.0000
  2.01323539e-01   0.0000
  1.56937432e+00   0.0000
  1.75251320e-01   0.0000
  1.41351843e+00   0.0000
  8.95133555e-01   0.0000
  1.52996552e+00   0.0000
 -7.96184361e-01   0.0000
  7.65807688e-01   0.0000
 -8.09913397e-01   0.0000
  2.53902721e+00   0.0000
 -6.86664104e-01   0.0000
  1.95105612e+00   0.0000
  2.05407619e+00   0.0000
 -5.54086678e-02   0.0000
 -1.12977684e+00   0.0000
 -1.27027786e+00   0.0000
  7.74922311e-01   0.0000
  1.14670765e+00   0.0000
  1.29086268e+00   0.0000
  1.25168890e-01   0.0000
 -5.96390963e-01   0.0000
 -1.73749709e+00   0.0000
  3.95807314e+00   0.0000
  6.95545077e-01   0.0000
  3.79191488e-01   0.0000
  9.78570759e-01   0.0000
  2.46318769e+00   0.0000
  6.38028324e-01   0.0000
  7.29713812e-02   0.0000
  2.46221334e-01   0.0000
  1.36129212e+00   0.0000
  1.36082447e+00   0.0000
  8.70809793e-01   0.0000
  9.01270151e-01   0.0000
  5.25834858e-01   0.0000
  3.80770516e+00   0.0000
  8.64178389e-02   0.0000
 -3.01894522e+00   0.0000
 -2.11618996e+00   0.0000
  3.17295074e+00   0.0000
 -4.59311932e-01   0.0000
  8.09179526e-03   0.0000
  6.74106121e-01   0.0000
 -2.46944141e+00   0.0000
  4.60676819e-01   0.0000
 -3.17134500e+00   0.0000
 -7.82976031e-01   0.0000
 -1.14551142e-01   0.0000
 -2.82278918e-02   0.0000
  8.20602119e-01   0.0000
  7.47658670e-01   0.0000
 -2.39304447e+00   0.0000
 -3.73298377e-01   0.0000
  7.91006088e-01   0.0000
 -1.51036477e+00   0.0000
  5.21807313e-01   0.0000
  8.79101098e-01   0.0000
  9.81920600e-01   0.0000
  3.13434541e-01   0.0000
  1.01311588e+00   0.0000
  1.10495865e+00   0.0000
  1.83380142e-01   0.0000
  1.27724636e+00   0.0000
  9.18024480e-02   0.0000
 -1.86923850e+00   0.0000
  6.47018790e-01   0.0000
  4.03484881e-01   0.0000
  1.43379021e+00   0.0000
  3.47050309e-01   0.0000
  1.24492955e+00   0.0000
  7.17522383e-01   0.0000
  6.38347566e-01   0.0000
  7.91328549e-01   0.0000
  9.66120422e-01   0.0000
  1.34062186e-01   0.0000
  9.39390838e-01   0.0000
 -3.14716995e-01   0.0000
 -2.13594413e+00   0.0000
  1.64628971e+00   0.0000
 -1.12105429e+00   0.0000
  1.50656307e+00   0.0000
  3.42236221e-01   0.0000
  1.12163627e+00   0.0000
  5.83826900e-01   0.0000
  6.62343800e-01   0.0000
  1.07105076e-01   0.0000
 -1.20119870e-01   0.0000
  4.69711781e-01   0.0000
 -2.31099993e-01   0.0000
 -7.06229091e-01   0.0000
 -2.61170626e+00   0.0000
  1.96880591e+00   0.0000
 -2.11894369e+00   0.0000
  1.90161616e-01   0.0000
  8.81559551e-02   0.0000
  8.91923606e-01   0.0000
  4.27869439e-01   0.0000
  6.13585591e-01   0.0000
 -1.04642963e+00   0.0000
 -1.32256389e+00   0.0000
  4.91481453e-01   0.0000
 -8.62482667e-01   0.0000
 -2.63298452e-01   0.0000
 -3.00724411e+00   0.0000
  2.18124771e+00   0.0000
 -1.38136888e+00   0.0000
 -6.94082320e-01   0.0000
  1.94131255e-01   0.0000
  8.49764824e-01   0.0000
  5.25467098e-01   0.0000
  5.04209459e-01   0.0000
 -1.40756142e+00   0.0000
 -1.13815546e+00   0.0000
  5.04883111e-01   0.0000
 -1.27670324e+00   0.0000
  7.23168194e-01   0.0000
 -3.78255105e+00   0.0000
  7.19838500e-01   0.0000
  3.85919714e+00   0.0000
  7.60874331e-01   0.0000
 -1.70560464e-01   0.0000
  8.16801727e-01   0.0000
  5.18892348e-01   0.0000
  8.37046862e-01   0.0000
  7.71173894e-01   0.0000
  1.57642102e+00   0.0000
  6.08763993e-01   0.0000
  3.07918757e-01   0.0000
  2.11389923e+00   0.0000
 -2.05604219e+00   0.0000
 -1.52498519e+00   0.0000
 -9.58695531e-01   0.0000
 -3.43923360e-01   0.0000
 -4.36279774e-01   0.0000
  1.26063955e+00   0.0000
  4.21335161e-01   0.0000
  8.81887913e-01   0.0000
  1.15181458e+00   0.0000
 -5.03026068e-01   0.0000
  1.85281634e-01   0.0000
 -8.82487178e-01   0.0000
  1.03385234e+00   0.0000
 -6.76387846e-01   0.0000
 -7.21331954e-01   0.0000
 -3.77500010e+00   0.0000
 -8.56946409e-01   0.0000
 -6.25867918e-02   0.0000
  4.09252524e-01   0.0000
  7.43323788e-02   0.0000
  7.33887479e-02   0.0000
 -1.31549335e+00   0.0000
 -1.55925918e+00   0.0000
 -1.37324348e-01   0.0000
  1.71151876e+00   0.0000
 -8.75734568e-01   0.0000
 -4.95977730e-01   0.0000
 -1.29119098e+00   0.0000
  3.20168376e+00   0.0000
 -3.07144952e+00   0.0000
  3.23607504e-01   0.0000
  8.66219282e-01   0.0000
 -3.58978435e-02   0.0000
 -1.60172534e+00   0.0000
 -2.66705680e+00   0.0000
 -2.25909448e+00   0.0000
 -4.44761902e-01   0.0000
 -3.71197728e-03   0.0000
 -8.22793320e-02   0.0000
  2.19184473e-01   0.0000
 -1.96237719e+00   0.0000
  1.12671065e+00   0.0000
 -1.30002713e+00   0.0000
  4.94631886e-01   0.0000
  8.91142666e-01   0.0000
 -8.40325579e-02   0.0000
 -1.39165020e+00   0.0000
  8.29645395e-02   0.0000
 -5.88701010e-01   0.0000
 -4.73120697e-02   0.0000
 -1.36224818e+00   0.0000
 -4.15606409e-01   0.0000
  3.53468388e-01   0.0000
 -2.01252317e+00   0.0000
 -1.43660831e+00   0.0000
  1.10495949e+00   0.0000
  1.62953496e-01   0.0000
  1.40366375e+00   0.0000
 -5.23979478e-02   0.0000
 -8.33782434e-01   0.0000
  1.01335406e+00   0.0000
  7.07737148e-01   0.0000
 -1.25679731e-01   0.0000
 -1.59214401e+00   0.0000
 -9.99386191e-01   0.0000
 -3.76375318e-01   0.0000
 -8.11367393e-01   0.0000
 -2.38879752e+00   0.0000
  1.96603251e+00   0.0000
  1.82652056e-01   0.0000
  1.77298474e+00   0.0000
  4.72744167e-01   0.0000
 -4.01279330e-01   0.0000
  3.87444019e-01   0.0000
  1.33374858e+00   0.0000
  4.62253958e-01   0.0000
 -1.19059134e+00   0.0000
 -1.98507404e+00   0.0000
 -9.01010036e-01   0.0000
  1.10738838e+00   0.0000
 -1.50741494e+00   0.0000
  4.13765788e-01   0.0000
 -1.32204354e-01   0.0000
  1.83156598e+00   0.0000
  3.69663894e-01   0.0000
 -1.60258278e-01   0.0000
 -4.15229678e-01   0.0000
  1.10149705e+00   0.0000
  6.07413471e-01   0.0000
  1.79468906e+00   0.0000
 -2.13093209e+00   0.0000
 -1.70035398e+00   0.0000
  2.76705241e+00   0.0000
  1.10589910e+00   0.0000
 -1.30339658e+00   0.0000
 -1.74403042e-01   0.0000
  1.84446681e+00   0.0000
  7.57706761e-01   0.0000
  6.55641317e-01   0.0000
 -1.75769126e+00   0.0000
 -1.81009197e+00   0.0000
  6.64745212e-01   0.0000
  2.83699179e+00   0.0000
 -4.61613834e-02   0.0000
 -6.40771270e-01   0.0000
  2.05269694e+00   0.0000
 -9.15174365e-01   0.0000
  5.75674176e-01   0.0000
 -1.81485429e-01   0.0000
  1.58897555e+00   0.0000
  5.01600266e-01   0.0000
  3.60112786e-01   0.0000
 -1.80669677e+00   0.0000
  5.97412527e-01   0.0000
  2.37900481e-01   0.0000
 -4.35255229e-01   0.0000
  1.75891686e-02   0.0000
  1.94972351e-01   0.0000
  7.64140368e-01   0.0000
 -4.83553934e+00   0.0000
  2.57101107e+00   0.0000
 -3.91572937e-02   0.0000
  5.29256880e-01   0.0000
  1.34515494e-01   0.0000
 -1.08497385e-02   0.0000
 -6.51160777e-01   0.0000
  2.68022037e+00   0.0000
  1.34687454e-01   0.0000
  8.05862904e-01   0.0000
 -2.57323527e+00   0.0000
 -2.17621803e-01   0.0000
 -2.91869104e-01   0.0000
 -2.35670996e+00   0.0000
  1.63779545e+00   0.0000
  5.35210609e-01   0.0000
  1.63612914e+00   0.0000
 -4.63725716e-01   0.0000
 -1.94929492e+00   0.0000
  2.18907669e-01   0.0000
 -9.14078593e-01   0.0000
 -1.82083353e-01   0.0000
  1.27538502e+00   0.0000
 -1.33032292e-01   0.0000
 -6.60351932e-01   0.0000
 -1.92603123e+00   0.0000
  1.30827129e+00   0.0000
 -2.34525108e+00   0.0000
  4.00317430e-01   0.0000
  4.72173005e-01   0.0000
 -4.06403184e-01   0.0000
 -1.11453485e+00   0.0000
  1.76811516e+00   0.0000
  2.44834924e+00   0.0000
 -2.05941349e-02   0.0000
  7.58893728e-01   0.0000
  1.26584959e+00   0.0000
 -1.05794954e+00   0.0000
 -2.60810304e+00   0.0000
  1.40624809e+00   0.0000
  1.53266311e+00   0.0000
  2.77426213e-01   0.0000
 -3.71276051e-01   0.0000
 -8.11237872e-01   0.0000
 -6.08270168e-01   0.0000
  6.39692664e-01   0.0000
 -4.94363517e-01   0.0000
  3.40527147e-01   0.0000
 -3.71810794e-01   0.0000
  1.02416468e+00   0.0000
 -1.80446875e+00   0.0000
 -1.87475431e+00   0.0000
  7.95695744e-03   0.0000
  6.48464739e-01   0.0000
  1.23260960e-01   0.0000
 -9.92492795e-01   0.0000
 -5.26373267e-01   0.0000
 -1.85728148e-01   0.0000
 -7.63325095e-01   0.0000
 -1.68221474e+00   0.0000
  7.17574060e-01   0.0000
 -4.08496261e-01   0.0000
 -4.67402995e-01   0.0000
 -2.40513229e+00   0.0000
 -1.52051359e-01   0.0000
 -6.96492374e-01   0.0000
 -7.41100192e-01   0.0000
  5.20090818e-01   0.0000
 -1.85138822e+00   0.0000
 -7.63188899e-01   0.0000
 -3.24398309e-01   0.0000
 -6.84898078e-01   0.0000
 -7.77204633e-01   0.0000
  7.87978470e-01   0.0000
  1.19773412e+00   0.0000
 -2.61773348e+00   0.0000
 -2.05909753e+00   0.0000
  2.59073830e+00   0.0000
  2.99905777e-01   0.0000
 -8.23882282e-01   0.0000
  4.11701858e-01   0.0000
 -2.05627608e+00   0.0000
 -5.70887029e-01   0.0000
 -8.71739626e-01   0.0000
  2.34685153e-01   0.0000
  1.10279036e+00   0.0000
  1.40470254e+00   0.0000
  2.46373367e+00   0.0000
 -2.08254480e+00   0.0000
  6.22997701e-01   0.0000
  2.63971710e+00   0.0000
  3.09577882e-01   0.0000
 -5.09989075e-02   0.0000
  2.11084843e-01   0.0000
 -1.75406814e+00   0.0000
 -6.75680578e-01   0.0000
 -2.63289952e+00   0.0000
  9.74370778e-01   0.0000
 -1.84799790e+00   0.0000
  1.09847450e+00   0.0000
  1.28357923e+00   0.0000
 -3.41919102e-02   0.0000
  7.61464298e-01   0.0000
  1.46189058e+00   0.0000
 -1.08816588e+00   0.0000
 -4.20765251e-01   0.0000
 -6.72211358e-03   0.0000
 -9.09624159e-01   0.0000
 -3.16753060e-01   0.0000
 -1.95798552e+00   0.0000
  1.64785445e+00   0.0000
  1.13044202e+00   0.0000
  7.69290030e-02   0.0000
 -1.18154311e+00   0.0000
 -4.41480339e-01   0.0000
 -3.45513535e+00   0.0000
 -9.26188707e-01   0.0000
 -8.48791838e-01   0.0000
  7.50930548e-01   0.0000
  6.31647170e-01   0.0000
  6.21812463e-01   0.0000
  3.86687756e-01   0.0000
  2.14165822e-01   0.0000
  1.69029292e-02   0.0000
  1.14625955e+00   0.0000
 -1.53541848e-01   0.0000
  1.13877678e+00   0.0000
  9.07421231e-01   0.0000
 -2.87510037e+00   0.0000
 -1.89082968e+00   0.0000
 -7.45126367e-01   0.0000
  3.21947373e-02   0.0000
  3.92573208e-01   0.0000
  1.43777877e-01   0.0000
 -1.28294146e-02   0.0000
 -2.85035782e-02   0.0000
  1.60509384e+00   0.0000
 -6.74144447e-01   0.0000
  1.15943469e-01   0.0000
  1.48374927e+00   0.0000
  8.58003020e-01   0.0000
 -2.22918391e+00   0.0000
 -2.17557859e+00   0.0000
 -1.45824343e-01   0.0000
 -4.98530298e-01   0.0000
  3.50451887e-01   0.0000
 -4.55515623e-01   0.0000
 -3.68566692e-01   0.0000
 -1.08338356e+00   0.0000
  1.69463325e+00   0.0000
 -5.25448382e-01   0.0000
  3.34287763e-01   0.0000
  4.39430714e-01   0.0000
 -2.26673007e-01   0.0000
 -1.55418098e+00   0.0000
 -1.53239512e+00   0.0000
  2.08024815e-01   0.0000
  5.21532178e-01   0.0000
  2.53162980e-01   0.0000
 -1.06361008e+00   0.0000
 -5.80967069e-01   0.0000
 -1.82587099e+00   0.0000
  2.73480415e-01   0.0000
  4.36025858e-01   0.0000
  3.03866833e-01   0.0000
 -1.76452950e-01   0.0000
 -1.47550344e+00   0.0000
 -6.10791206e-01   0.0000
 -1.11053753e+00   0.0000
  2.20075727e-01   0.0000
  1.23568401e-01   0.0000
  2.80164063e-01   0.0000
 -1.64064050e+00   0.0000
 -1.03868198e+00   0.0000
 -2.38712835e+00   0.0000
  2.82009989e-01   0.0000
  6.08456880e-02   0.0000
  6.13602281e-01   0.0000
  8.65458369e-01   0.0000
 -2.24161983e+00   0.0000
  5.14517128e-02   0.0000
 -2.08911315e-01   0.0000
 -3.23331028e-01   0.0000
 -2.36186638e-01   0.0000
  4.29972291e-01   0.0000
 -2.66477060e+00   0.0000
 -1.63181639e+00   0.0000
 -2.55640268e+00   0.0000
  1.65714478e+00   0.0000
 -6.91965222e-01   0.0000
  1.47972214e+00   0.0000
  9.50397968e-01   0.0000
  1.11304379e+00   0.0000
  9.05198395e-01   0.0000
  1.21008849e+00   0.0000
  1.68075889e-01   0.0000
  4.81654167e-01   0.0000
  5.93604207e-01   0.0000
 -1.18136990e+00   0.0000
 -9.10310686e-01   0.0000
 -1.77793062e+00   0.0000
 -3.87703449e-01   0.0000
  6.89511478e-01   0.0000
  1.60759938e+00   0.0000
 -2.36323214e+00   0.0000
  1.81035137e+00   0.0000
  4.27611843e-02   0.0000
  1.74512243e+00   0.0000
  3.32114053e+00   0.0000
 -1.40192294e+00   0.0000
 -2.51153171e-01   0.0000
  1.50665140e+00   0.0000
  4.60841238e-01   0.0000
  5.64857945e-02   0.0000
  1.04045296e+00   0.0000
 -2.32222724e+00   0.0000
  1.60451913e+00   0.0000
  1.16460226e-01   0.0000
 -9.18991119e-03   0.0000
  1.15209448e+00   0.0000
  1.14371574e+00   0.0000
 -2.01325727e+00   0.0000
 -5.35524654e+00   0.0000
  1.98878109e+00   0.0000
  1.58785617e+00   0.0000
  3.68076801e-01   0.0000
 -1.12317204e+00   0.0000
 -4.80421409e-02   0.0000
  1.35262385e-01   0.0000
 -2.03426078e-01   0.0000
 -1.03283250e+00   0.0000
 -1.17191255e+00   0.0000
 -5.16446680e-02   0.0000
 -5.84943891e-01   0.0000
 -1.54410750e-01   0.0000
 -4.37029511e-01   0.0000
 -5.51581144e-01   0.0000
 -1.67750490e+00   0.0000
  2.12861881e-01   0.0000
  2.67249918e+00   0.0000
 -1.16831437e-01   0.0000
 -2.18748331e-01   0.0000
 -1.49366781e-01   0.0000
  1.53694749e+00   0.0000
  2.52873540e-01   0.0000
 -9.18593854e-02   0.0000
 -1.42678475e+00   0.0000
  2.12411427e+00   0.0000
 -8.34110022e-01   0.0000
  1.15996814e+00   0.0000
  1.75681543e+00   0.0000
  4.18173194e-01   0.0000
 -8.78734052e-01   0.0000
 -4.08412027e+00   0.0000
 -1.48857147e-01   0.0000
  3.29408079e-01   0.0000
  8.99662301e-02   0.0000
  5.26889205e-01   0.0000
  1.70080438e-01   0.0000
  1.66822100e+00   0.0000
 -1.77435946e+00   0.0000
  1.04599309e+00   0.0000
 -6.03813231e-01   0.0000
  2.24878430e+00   0.0000
 -9.93156791e-01   0.0000
 -2.07993221e+00   0.0000
  5.15259123e+00   0.0000
  2.99227166e+00   0.0000
  1.15272649e-01   0.0000
  1.23802888e+00   0.0000
  1.74520195e+00   0.0000
  1.91568956e-01   0.0000
  7.67997801e-01   0.0000
  3.45037818e+00   0.0000
  3.29135382e-03   0.0000
 -1.17417288e+00   0.0000
  1.14640510e+00   0.0000
 -3.63993011e-02   0.0000
 -3.16779327e+00   0.0000
 -3.51813745e+00   0.0000
  2.50860381e+00   0.0000
 -3.08470756e-01   0.0000
 -7.72349238e-01   0.0000
 -1.80846369e+00   0.0000
  1.05895162e-01   0.0000
 -3.05021763e-01   0.0000
 -7.54084527e-01   0.0000
 -2.68849075e-01   0.0000
 -8.41578543e-01   0.0000
 -1.80123448e+00   0.0000
  2.14140639e-01   0.0000
  5.12381315e+00   0.0000
  1.30838466e+00   0.0000
 -2.18833876e+00   0.0000
  1.00069654e+00   0.0000
  3.94447112e+00   0.0000
 -1.06133473e+00   0.0000
  3.39224398e-01   0.0000
  2.25938416e+00   0.0000
 -5.44446409e-01   0.0000
  1.20067751e+00   0.0000
  2.23692632e+00   0.0000
  4.84918863e-01   0.0000
 -1.45850921e+00   0.0000
  2.69655108e+00   0.0000
 -5.15564346e+00   0.0000
  2.28138971e+00   0.0000
 -4.32426155e-01   0.0000
  5.41183138e+00   0.0000
  3.76723862e+00   0.0000
 -3.47006798e-01   0.0000
 -3.48881781e-02   0.0000
  3.64040494e+00   0.0000
 -1.58346906e-01   0.0000
  4.13434267e-01   0.0000
  4.83996725e+00   0.0000
  4.87685472e-01   0.0000
 -4.74015331e+00   0.0000
  2.32786372e-01   0.0000
 -1.92002922e-01   0.0000
 -3.33553821e-01   0.0000
  6.48758411e-01   0.0000
  4.93878305e-01   0.0000
 -2.67379861e-02   0.0000
 -1.01547778e+00   0.0000
  1.25807315e-01   0.0000
 -4.96238619e-01   0.0000
 -9.45318520e-01   0.0000
  1.16695893e+00   0.0000
  8.61474574e-01   0.0000
 -1.73744965e+00   0.0000
  1.23544812e+00   0.0000
  4.87130672e-01   0.0000
  4.80801851e-01   0.0000
 -4.66150731e-01   0.0000
 -3.40965658e-01   0.0000
  2.42276281e-01   0.0000
  7.47621298e-01   0.0000
 -9.40193534e-01   0.0000
  1.86668232e-01   0.0000
  7.04328045e-02   0.0000
 -1.51154840e+00   0.0000
  4.35383543e-02   0.0000
  1.28875554e+00   0.0000
 -2.79725742e+00   0.0000
  2.55850720e+00   0.0000
  1.86336152e-02   0.0000
 -1.05705166e+00   0.0000
 -1.25183344e+00   0.0000
  1.98405936e-01   0.0000
  5.87554395e-01   0.0000
  1.22784233e+00   0.0000
  9.18408036e-02   0.0000
  1.35276288e-01   0.0000
 -1.66101098e+00   0.0000
  2.82084137e-01   0.0000
  1.53338075e-01   0.0000
  4.07943219e-01   0.0000
  1.80167568e+00   0.0000
  9.54737887e-02   0.0000
 -4.42684948e-01   0.0000
 -6.90025270e-01   0.0000
  7.59598613e-02   0.0000
  4.19851661e-01   0.0000
 -1.85253465e+00   0.0000
  1.33066252e-01   0.0000
  9.86325085e-01   0.0000
 -1.01511741e+00   0.0000
 -7.77842760e-01   0.0000
  2.30114675e+00   0.0000
 -2.45421004e+00   0.0000
 -3.47662061e-01   0.0000
  3.27007115e-01   0.0000
  2.18622088e+00   0.0000
 -2.24498272e+00   0.0000
  1.05386101e-01   0.0000
 -3.69419575e-01   0.0000
 -5.18513155e+00   0.0000
 -1.71591625e-01   0.0000
 -3.81259471e-01   0.0000
 -1.81088495e+00   0.0000
  4.45761949e-01   0.0000
 -4.69683945e-01   0.0000
 -3.31063032e+00   0.0000
  1.17756534e+00   0.0000
 -7.03843474e-01   0.0000
 -2.10989952e+00   0.0000
 -1.18463957e+00   0.0000
 -7.97695279e-01   0.0000
 -5.43721378e-01   0.0000
  3.56502056e+00   0.0000
 -7.38690853e-01   0.0000
  1.12309790e+00   0.0000
 -2.40833330e+00   0.0000
  1.14082503e+00   0.0000
  3.40250778e+00   0.0000
 -4.56624269e+00   0.0000
 -1.13600838e+00   0.0000
 -1.10130258e-01   0.0000
 -1.66109610e+00   0.0000
 -3.72578919e-01   0.0000
 -3.69987935e-01   0.0000
  5.12521751e-02   0.0000
 -5.44326901e-01   0.0000
  1.57094762e-01   0.0000
 -1.16614318e+00   0.0000
  3.59317660e-01   0.0000
  3.44758779e-01   0.0000
 -1.16765499e+00   0.0000
  4.21229422e-01   0.0000
  1.25678694e+00   0.0000
 -3.38672757e-01   0.0000
 -7.59389997e-01   0.0000
  4.74369049e-01   0.0000
 -3.67552549e-01   0.0000
  2.70998359e-01   0.0000
  5.84687412e-01   0.0000
  3.09662253e-01   0.0000
  3.72341603e-01   0.0000
  1.23260304e-01   0.0000
 -1.04464740e-01   0.0000
  7.56209910e-01   0.0000
 -7.88270652e-01   0.0000
  4.39149857e-01   0.0000
 -7.19345689e-01   0.0000
  5.02525854e+00   0.0000
 -5.12709767e-02   0.0000
 -1.96492183e+00   0.0000
 -3.20610821e-01   0.0000
 -6.15402758e-01   0.0000
 -1.19307363e+00   0.0000
 -8.54125321e-02   0.0000
  3.18599015e-01   0.0000
 -2.14393124e-01   0.0000
  2.85434246e+00   0.0000
  3.36217809e+00   0.0000
 -1.28052071e-01   0.0000
 -6.87604904e-01   0.0000
  2.60398507e+00   0.0000
  9.91145372e-02   0.0000
 -5.93236327e-01   0.0000
  6.89218700e-01   0.0000
 -8.55339505e-03   0.0000
 -6.22528076e-01   0.0000
  7.19941258e-01   0.0000
  4.94165838e-01   0.0000
 -5.78309298e-01   0.0000
  1.45526195e+00   0.0000
  1.22052026e+00   0.0000
  2.47876182e-01   0.0000
 -1.04033969e-01   0.0000
 -7.68560648e-01   0.0000
  3.83129835e-01   0.0000
 -3.82647291e-02   0.0000
  6.23294413e-01   0.0000
  1.11436442e-01   0.0000
  2.17651561e-01   0.0000
  5.13272107e-01   0.0000
  8.69490132e-02   0.0000
 -1.15167096e-01   0.0000
  4.92258370e-01   0.0000
 -3.03067297e-01   0.0000
  4.74402159e-01   0.0000
  3.19643170e-01   0.0000
 -1.04547644e+00   0.0000
 -3.56906980e-01   0.0000
  2.70261168e-01   0.0000
 -9.99387577e-02   0.0000
 -2.61349499e-01   0.0000
  3.28332394e-01   0.0000
 -3.82694453e-01   0.0000
 -4.77666706e-01   0.0000
  2.12139249e-01   0.0000
  4.19018090e-01   0.0000
 -1.99909937e+00   0.0000
 -2.60886490e-01   0.0000
 -1.82286903e-01   0.0000
  3.89162111e+00   0.0000
  9.96573493e-02   0.0000
 -1.53775394e+00   0.0000
  2.92867959e-01   0.0000
 -3.70684654e-01   0.0000
 -8.64893556e-01   0.0000
  3.75160843e-01   0.0000
  2.74930447e-01   0.0000
 -3.22062135e-01   0.0000
 -5.17505527e-01   0.0000
  3.26834726e+00   0.0000
  3.50295722e-01   0.0000
  4.48700547e-01   0.0000
 -5.72788477e-01   0.0000
 -3.87501299e-01   0.0000
 -2.82029718e-01   0.0000
 -6.18979394e-01   0.0000
 -1.07312471e-01   0.0000
 -3.10746551e-01   0.0000
 -3.97108793e-01   0.0000
 -2.00833872e-01   0.0000
  1.76407859e-01   0.0000
  9.02520597e-01   0.0000
 -1.59810805e+00   0.0000
 -1.92526013e-01   0.0000
  9.23527628e-02   0.0000
 -6.46695077e-01   0.0000
  2.28805110e-01   0.0000
  8.77113521e-01   0.0000
  4.00462985e-01   0.0000
  1.90156370e-01   0.0000
 -1.51105002e-01   0.0000
 -1.49259433e-01   0.0000
  1.34242773e-01   0.0000
  1.36833981e-01   0.0000
 -1.29185629e+00   0.0000
 -5.56734145e-01   0.0000
  1.06893003e-01   0.0000
 -3.92342299e-01   0.0000
  3.68960309e+00   0.0000
 -1.80417910e-01   0.0000
 -1.66930008e+00   0.0000
 -2.02427611e-01   0.0000
 -3.56925845e-01   0.0000
 -1.49447823e+00   0.0000
 -2.64943957e-01   0.0000
  1.50530353e-01   0.0000
  1.06157742e-01   0.0000
  1.82202387e+00   0.0000
  2.59278750e+00   0.0000
  4.65542227e-02   0.0000
  2.26314396e-01   0.0000
  7.22943366e-01   0.0000
 -3.24097089e-02   0.0000
 -1.98967814e-01   0.0000
  1.19922012e-01   0.0000
 -1.12890631e-01   0.0000
 -7.61912111e-03   0.0000
  1.79281235e-01   0.0000
 -3.73394638e-02   0.0000
  2.80548155e-01   0.0000
 -1.18731725e+00   0.0000
  1.91738534e+00   0.0000
  1.65964901e-01   0.0000
  2.61024415e-01   0.0000
 -4.43252563e+00   0.0000
  1.62495121e-01   0.0000
  2.16408277e+00   0.0000
  2.01124668e-01   0.0000
  3.83217663e-01   0.0000
 -3.22591543e-01   0.0000
  3.52974497e-02   0.0000
  1.81060821e-01   0.0000
  8.53091776e-02   0.0000
 -1.38554454e+00   0.0000
 -3.43196821e+00   0.0000
  9.96389762e-02   0.0000
 -2.81596571e-01   0.0000
  3.64031196e+00   0.0000
 -8.40083435e-02   0.0000
 -4.24732447e+00   0.0000
  2.61348426e-01   0.0000
 -5.93443632e-01   0.0000
 -2.27221441e+00   0.0000
  3.51261199e-01   0.0000
  2.61687100e-01   0.0000
 -3.15708607e-01   0.0000
  3.49622440e+00   0.0000
  4.64160109e+00   0.0000
  2.44849935e-01   0.0000
  5.84738016e-01   0.0000
 -2.85662127e+00   0.0000
 -4.03613225e-02   0.0000
  2.83996201e+00   0.0000
 -4.36134711e-02   0.0000
  2.30982795e-01   0.0000
  1.28026092e+00   0.0000
 -4.10193145e-01   0.0000
 -3.78844142e-01   0.0000
  1.24515854e-01   0.0000
  4.95351255e-01   0.0000
 -2.35929894e+00   0.0000
  2.34695822e-02   0.0000
  3.42803478e+00   0.0000
  3.97118497e+00   0.0000
 -3.53250074e+00   0.0000
 -1.17099631e+00   0.0000
 -3.49912620e+00   0.0000
 -3.47995615e+00   0.0000
 -2.47799993e+00   0.0000
 -3.44489217e+00   0.0000
 -3.50441766e+00   0.0000
  3.49532986e+00   0.0000
 -2.93989927e-01   0.0000
  2.49190474e+00   0.0000
 -3.54431581e+00   0.0000
 -2.82015371e+00   0.0000
  5.38694000e+00   0.0000
 -2.10062861e+00   0.0000
 -4.49437475e+00   0.0000
 -2.91981006e+00   0.0000
 -3.90417886e+00   0.0000
 -4.02060175e+00   0.0000
  1.90289700e+00   0.0000
  5.57803750e-01   0.0000
  4.82009292e-01   0.0000
  4.59546757e+00   0.0000
  5.08335829e+00   0.0000
 -2.38045001e+00   0.0000
  0.00000000e+00   0.0000

