 5 0.000000 1
 1 
 Si 28.085500
 0 0.250001 4.500000 0.978124 1.000000 
 5 0 1 2 4 6
 8 2.25000 2.50000 2.75000 3.00000 3.25000 3.50000 3.75000 4.00000
 1 12.169200 6.172630 3.114710 0.755675 0.404939 0.036124 0.650018 0.572890
 5 40 24 24 16 1
 -4.39494476e-02   0.0000
 -3.57990488e-02   0.0000
 -1.07977521e+00   0.0000
  1.27628124e+00   0.0000
  1.08381081e+00   0.0000
  8.22125748e-02   0.0000
  6.71911061e-01   0.0000
 -7.52212619e-03   0.0000
  3.22699636e-01   0.0000
  3.59879918e-02   0.0000
 -2.05060929e-01   0.0000
  4.00502235e-02   0.0000
  3.14297855e-01   0.0000
  1.50417030e-01   0.0000
 -1.61819421e-02   0.0000
 -2.09523067e-01   0.0000
  6.30865693e-02   0.0000
  1.76839456e-02   0.0000
 -2.38778979e-01   0.0000
 -4.15049084e-02   0.0000
 -1.64871261e-01   0.0000
 -1.18390894e+00   0.0000
  2.34445725e-02   0.0000
  2.97814496e-02   0.0000
 -6.09003333e-03   0.0000
 -1.59000512e-02   0.0000
 -1.41847551e-01   0.0000
 -2.36673191e-01   0.0000
 -2.00838670e-02   0.0000
  5.53011447e-02   0.0000
  6.33695364e-01   0.0000
 -1.39298392e-02   0.0000
 -1.22092418e-01   0.0000
  2.23480314e-02   0.0000
 -4.84605953e-02   0.0000
  6.75355718e-02   0.0000
 -1.08384550e-01   0.0000
 -2.86985170e-02   0.0000
  5.76952472e-03   0.0000
 -2.72877276e-01   0.0000
 -3.24446186e-02   0.0000
  4.06367425e-03   0.0000
 -2.06468422e-02   0.0000
 -7.06668869e-02   0.0000
 -3.78935039e-02   0.0000
 -6.85544491e-01   0.0000
  4.20034602e-02   0.0000
  7.02075064e-02   0.0000
 -1.44792408e-01   0.0000
 -1.08043216e-02   0.0000
 -1.44327469e-02   0.0000
 -7.63781548e-01   0.0000
 -3.16204913e-02   0.0000
  8.17138888e-03   0.0000
  7.62910843e-01   0.0000
 -1.13206275e-01   0.0000
 -2.43746683e-01   0.0000
  3.25591071e-03   0.0000
 -1.23702914e-01   0.0000
  3.11695904e-01   0.0000
 -2.31291533e-01   0.0000
 -5.30280247e-02   0.0000
  2.07576361e-02   0.0000
 -7.45918751e-01   0.0000
 -1.00468248e-01   0.0000
  7.34332344e-03   0.0000
  3.09987336e-01   0.0000
 -2.75442272e-01   0.0000
 -1.30788833e-02   0.0000
 -2.83235729e-01   0.0000
  1.76397234e-01   0.0000
  1.73134893e-01   0.0000
 -1.10333845e-01   0.0000
 -1.01238582e-02   0.0000
  2.97107875e-01   0.0000
 -2.37425089e-01   0.0000
 -1.50184020e-01   0.0000
  5.98770641e-02   0.0000
  1.01408494e+00   0.0000
 -2.31054462e-02   0.0000
 -2.50076149e-02   0.0000
  1.43456850e-02   0.0000
 -1.89756602e-02   0.0000
  2.40726292e-01   0.0000
 -7.04163074e-01   0.0000
 -4.81013814e-03   0.0000
  5.86611684e-03   0.0000
 -7.85757124e-01   0.0000
 -2.76848301e-02   0.0000
 -1.48599385e-03   0.0000
  1.02142274e-01   0.0000
 -2.93824822e-01   0.0000
  2.64129660e-04   0.0000
 -1.35576919e-01   0.0000
  4.67819214e-01   0.0000
  1.17996208e-01   0.0000
 -5.24006225e-02   0.0000
 -1.54972862e-04   0.0000
  4.75875556e-01   0.0000
 -1.61225885e-01   0.0000
 -1.38251930e-01   0.0000
  2.52754956e-01   0.0000
  1.04752612e+00   0.0000
 -4.20852117e-02   0.0000
  8.86739977e-03   0.0000
  1.03295576e-02   0.0000
  1.31869674e-01   0.0000
  8.50442573e-02   0.0000
 -7.14684546e-01   0.0000
  1.47446811e-01   0.0000
 -8.89272522e-03   0.0000
 -4.58302021e-01   0.0000
 -8.19371641e-02   0.0000
 -2.29430338e-03   0.0000
 -1.04796449e-02   0.0000
 -9.23444480e-02   0.0000
 -8.76733009e-03   0.0000
  5.81383763e-04   0.0000
  2.88072377e-02   0.0000
  1.12791010e-03   0.0000
 -1.95278842e-02   0.0000
  1.23219704e-02   0.0000
  4.00697023e-01   0.0000
 -5.97677119e-02   0.0000
 -6.31866232e-02   0.0000
  3.74309450e-01   0.0000
  7.51640081e-01   0.0000
  2.12895423e-02   0.0000
  3.11275005e-01   0.0000
 -3.35438817e-05   0.0000
  1.51349112e-01   0.0000
  1.97948106e-02   0.0000
 -5.67816615e-01   0.0000
  2.02295005e-01   0.0000
  7.95339979e-03   0.0000
  6.98158285e-03   0.0000
 -1.07233830e-01   0.0000
  7.62703130e-04   0.0000
 -1.05879687e-01   0.0000
 -1.94972865e-02   0.0000
 -1.79432910e-02   0.0000
  1.02289423e-01   0.0000
 -3.98791321e-02   0.0000
 -4.12661582e-03   0.0000
  7.55017018e-03   0.0000
  1.07576083e-02   0.0000
  2.45092422e-01   0.0000
  4.37497735e-01   0.0000
 -6.91910321e-03   0.0000
  3.23281556e-01   0.0000
  2.20920190e-01   0.0000
 -2.63950857e-03   0.0000
  2.99209505e-01   0.0000
  2.56419810e-03   0.0000
  2.10652888e-01   0.0000
  1.34080136e-03   0.0000
 -7.19717681e-01   0.0000
  1.17151543e-01   0.0000
  2.12499406e-03   0.0000
  2.16646530e-02   0.0000
  1.71577539e-02   0.0000
 -3.18301679e-03   0.0000
 -6.11397147e-01   0.0000
 -1.40691828e-02   0.0000
 -8.98626167e-03   0.0000
  3.57974023e-01   0.0000
 -1.06716696e-02   0.0000
 -4.99283429e-03   0.0000
 -2.10761605e-03   0.0000
  9.20273457e-03   0.0000
 -2.13648621e-02   0.0000
  1.18965971e+00   0.0000
  1.26986519e-01   0.0000
  2.17701085e-02   0.0000
  1.64693650e-02   0.0000
 -2.08658911e-03   0.0000
  5.32986879e-01   0.0000
  3.62048298e-03   0.0000
  4.24668550e-01   0.0000
  1.81804135e-05   0.0000
 -6.69658720e-01   0.0000
 -6.66033998e-02   0.0000
 -3.94595758e-04   0.0000
  1.66172367e-02   0.0000
  2.59055048e-02   0.0000
  7.36983842e-04   0.0000
 -1.03705895e+00   0.0000
 -4.93146945e-03   0.0000
 -7.25633278e-03   0.0000
  1.06858565e-02   0.0000
 -1.87454090e-01   0.0000
  1.05847302e-03   0.0000
 -7.56198191e-04   0.0000
 -3.07108974e-04   0.0000
 -3.33009362e-01   0.0000
 -3.18867415e-02   0.0000
  4.68427837e-01   0.0000
  2.74764031e-01   0.0000
  1.95276976e-01   0.0000
  7.67952621e-01   0.0000
  3.40930015e-01   0.0000
  3.51492735e-03   0.0000
  1.82327151e-01   0.0000
 -2.35220022e-03   0.0000
  4.53692347e-01   0.0000
  3.34936410e-01   0.0000
  1.50295044e-03   0.0000
  4.04868573e-01   0.0000
  4.90948319e-01   0.0000
  5.82038367e-04   0.0000
 -3.81493829e-02   0.0000
  6.31820527e-04   0.0000
  2.13668812e-02   0.0000
  5.19686453e-02   0.0000
  6.94951937e-02   0.0000
  2.39468459e-03   0.0000
  3.96689726e-03   0.0000
 -1.22259720e-03   0.0000
 -2.57044863e-02   0.0000
  2.71567672e-01   0.0000
  3.92399698e-01   0.0000
  1.95768192e-01   0.0000
  3.64616394e-01   0.0000
  6.07449174e-01   0.0000
 -1.94103979e-02   0.0000
  1.46014255e-03   0.0000
 -3.95599473e-03   0.0000
  5.23239095e-03   0.0000
  2.15232015e-01   0.0000
 -5.26558936e-01   0.0000
  9.97510739e-04   0.0000
  3.33143353e-01   0.0000
  4.08821523e-01   0.0000
 -5.04200696e-04   0.0000
 -1.80633906e-02   0.0000
 -1.02885254e-03   0.0000
  4.38026246e-03   0.0000
  1.30110949e-01   0.0000
 -5.85403815e-02   0.0000
 -3.88279045e-03   0.0000
  2.22993479e-03   0.0000
  2.51748040e-03   0.0000
  3.94965708e-02   0.0000
  2.14051992e-01   0.0000
  1.63657814e-01   0.0000
 -8.00936371e-02   0.0000
  6.09870136e-01   0.0000
  5.25907457e-01   0.0000
 -2.03951836e-01   0.0000
  6.25936314e-04   0.0000
  2.56434113e-01   0.0000
 -7.82912690e-03   0.0000
  5.38571417e-01   0.0000
 -8.36828828e-01   0.0000
 -1.68189593e-03   0.0000
 -5.87333273e-03   0.0000
  6.11499250e-01   0.0000
 -3.70413228e-03   0.0000
  9.23554972e-02   0.0000
  3.75734549e-03   0.0000
  1.51349995e-02   0.0000
 -2.40059644e-02   0.0000
 -2.09301978e-01   0.0000
 -1.78194093e-03   0.0000
  3.76957469e-03   0.0000
 -1.64324266e-03   0.0000
  3.49002853e-02   0.0000
  2.37348661e-01   0.0000
  1.08841203e-01   0.0000
 -1.60495251e-01   0.0000
  8.06598902e-01   0.0000
  3.09273750e-01   0.0000
 -6.06798977e-02   0.0000
 -3.32828553e-04   0.0000
  5.07108979e-02   0.0000
 -4.53331182e-03   0.0000
  7.18574464e-01   0.0000
 -1.09404564e+00   0.0000
  3.45875276e-03   0.0000
 -2.17966259e-01   0.0000
  5.71002603e-01   0.0000
 -1.38287593e-04   0.0000
 -2.45095300e-03   0.0000
 -2.58964574e-05   0.0000
  1.17875617e-02   0.0000
 -9.62614361e-03   0.0000
  4.42259386e-02   0.0000
 -5.27235260e-03   0.0000
  1.65305231e-02   0.0000
 -2.84413388e-03   0.0000
  5.78012168e-02   0.0000
  3.78376871e-01   0.0000
  4.28544544e-02   0.0000
 -1.32328928e-01   0.0000
  7.01257706e-01   0.0000
 -2.04434674e-02   0.0000
 -5.15713617e-02   0.0000
 -1.34038460e-02   0.0000
 -2.08479799e-02   0.0000
 -1.66452711e-03   0.0000
  5.05146325e-01   0.0000
 -1.26189351e+00   0.0000
  2.39696982e-03   0.0000
 -1.95869401e-01   0.0000
  2.53013343e-01   0.0000
  2.71131028e-03   0.0000
  6.29993388e-03   0.0000
 -2.08750670e-03   0.0000
  1.19048730e-03   0.0000
  2.23248024e-02   0.0000
  1.83987580e-02   0.0000
 -3.31306248e-04   0.0000
 -2.02327897e-03   0.0000
 -4.44242172e-03   0.0000
  1.76796187e-02   0.0000
  3.45223427e-01   0.0000
  2.49252822e-02   0.0000
  7.64276972e-03   0.0000
  3.31732988e-01   0.0000
  8.54489277e-04   0.0000
 -4.32536798e-03   0.0000
  4.31721652e-04   0.0000
 -1.70231655e-01   0.0000
 -2.91237538e-03   0.0000
  1.21182516e-01   0.0000
 -1.04431236e+00   0.0000
 -1.49934815e-04   0.0000
  1.08423308e-02   0.0000
 -8.66705738e-03   0.0000
  9.06357192e-04   0.0000
  1.50255626e-03   0.0000
  1.36594521e-02   0.0000
  9.49334237e-04   0.0000
  6.73189461e-02   0.0000
  2.72863451e-03   0.0000
  4.78949136e-04   0.0000
  1.26964191e-03   0.0000
  8.47747549e-04   0.0000
  1.21514511e-03   0.0000
  1.34517252e-01   0.0000
  1.10683730e-02   0.0000
  2.18940880e-02   0.0000
  5.69927739e-03   0.0000
 -2.42394749e-02   0.0000
 -6.02334552e-02   0.0000
 -4.78226598e-03   0.0000
 -4.87933569e-02   0.0000
 -4.93433001e-03   0.0000
 -3.40636484e-02   0.0000
 -5.13194084e-01   0.0000
 -1.04092027e-03   0.0000
  3.29225026e-02   0.0000
 -1.51816159e-02   0.0000
  1.64939847e-04   0.0000
 -5.96152619e-03   0.0000
  1.51720596e-03   0.0000
 -9.46810190e-03   0.0000
  6.93856031e-02   0.0000
  8.54104728e-05   0.0000
 -1.12863514e-03   0.0000
 -9.68957494e-04   0.0000
  1.12702150e-03   0.0000
  4.37554112e-03   0.0000
  1.51498644e-02   0.0000
 -3.16259684e-03   0.0000
  1.07266633e-02   0.0000
  1.55440602e-03   0.0000
 -1.00274337e-06   0.0000
 -4.05877121e-02   0.0000
 -2.30066245e-03   0.0000
 -3.55835981e-03   0.0000
 -2.75080878e-04   0.0000
 -2.66257022e-02   0.0000
 -6.18194565e-02   0.0000
  3.92929465e-03   0.0000
  1.59146581e-02   0.0000
 -1.06729679e-02   0.0000
  4.39082365e-03   0.0000
 -7.76854111e-04   0.0000
  5.54086268e-03   0.0000
 -3.98620265e-04   0.0000
  3.54034007e-02   0.0000
 -1.78286550e-03   0.0000
 -1.14110077e-03   0.0000
  3.85401445e-03   0.0000
  7.70239625e-04   0.0000
 -6.19813561e-01   0.0000
 -4.44447855e-03   0.0000
 -2.74220370e-02   0.0000
  6.26539299e-03   0.0000
 -3.41308624e-01   0.0000
  3.43986541e-01   0.0000
 -6.15169168e-01   0.0000
 -1.18379071e-02   0.0000
 -5.27397320e-02   0.0000
 -2.31076702e-02   0.0000
  3.34024221e-01   0.0000
  7.56229162e-02   0.0000
 -2.17251782e-03   0.0000
  1.08376682e+00   0.0000
  2.86132954e-02   0.0000
  1.05728675e-03   0.0000
 -1.15881162e-02   0.0000
  6.31639808e-02   0.0000
  3.61224241e-03   0.0000
 -2.58296371e-01   0.0000
 -7.66447127e-01   0.0000
  7.79293594e-04   0.0000
 -7.10446062e-03   0.0000
  9.24705964e-05   0.0000
 -2.88077950e-01   0.0000
 -4.43857998e-01   0.0000
 -3.18602234e-01   0.0000
 -1.09973893e-01   0.0000
  2.65722629e-03   0.0000
  8.26252848e-02   0.0000
 -8.22988451e-01   0.0000
  1.13173267e-02   0.0000
  4.03146595e-01   0.0000
 -2.35181060e-02   0.0000
  5.39061427e-01   0.0000
  7.73875266e-02   0.0000
 -2.67164083e-03   0.0000
 -5.10833859e-02   0.0000
  8.86714906e-02   0.0000
  1.28832611e-03   0.0000
  4.14826907e-02   0.0000
 -1.63322978e-03   0.0000
 -1.37207815e-02   0.0000
 -6.52086258e-01   0.0000
  3.31366174e-02   0.0000
  2.83562928e-03   0.0000
  1.23921243e-04   0.0000
 -1.37917604e-02   0.0000
 -8.38792976e-03   0.0000
 -3.00189197e-01   0.0000
 -1.40924692e-01   0.0000
 -1.45134041e-02   0.0000
  3.32246311e-02   0.0000
 -1.11947535e-02   0.0000
 -1.14677441e+00   0.0000
 -5.34889800e-03   0.0000
  6.89097226e-01   0.0000
  1.11619364e-02   0.0000
  2.49765545e-01   0.0000
 -5.49672591e-03   0.0000
  5.18907269e-04   0.0000
 -1.27414346e-01   0.0000
  4.38596122e-02   0.0000
  1.71836605e-03   0.0000
  6.02835044e-02   0.0000
 -4.77065938e-03   0.0000
  1.77404995e-03   0.0000
 -2.64910311e-01   0.0000
  6.16968907e-02   0.0000
 -2.81135901e-03   0.0000
  4.60716477e-03   0.0000
  1.97350867e-02   0.0000
  2.68365489e-03   0.0000
  1.01466021e-02   0.0000
 -2.11224630e-02   0.0000
  1.87903289e-02   0.0000
 -1.16280541e-02   0.0000
  6.78298436e-03   0.0000
 -1.12562799e+00   0.0000
 -9.01303347e-03   0.0000
  4.31126982e-01   0.0000
  1.14842907e-04   0.0000
  2.03608163e-03   0.0000
 -1.03790082e-01   0.0000
  5.52515208e-04   0.0000
 -2.32721977e-02   0.0000
 -1.38457399e-05   0.0000
 -9.22618317e-04   0.0000
  1.03977937e-02   0.0000
 -7.23148603e-03   0.0000
 -9.52245388e-03   0.0000
 -1.00407302e-02   0.0000
  6.98908269e-02   0.0000
  3.72536341e-03   0.0000
 -3.67857341e-04   0.0000
 -4.23629826e-04   0.0000
 -3.62179778e-03   0.0000
 -8.03372450e-03   0.0000
  9.88055095e-02   0.0000
  2.51382440e-02   0.0000
  5.31783653e-03   0.0000
 -2.79559474e-02   0.0000
 -8.62716138e-01   0.0000
 -1.22287893e-03   0.0000
 -7.52297789e-02   0.0000
  7.19490810e-04   0.0000
 -1.31951226e-02   0.0000
 -1.72248587e-01   0.0000
  4.81366739e-03   0.0000
 -4.03943984e-03   0.0000
 -1.35535523e-02   0.0000
  8.10356927e-04   0.0000
  8.60603806e-03   0.0000
 -4.12014872e-03   0.0000
 -6.86112465e-03   0.0000
  1.96991563e-01   0.0000
  1.58055685e-04   0.0000
 -1.81934552e-03   0.0000
  4.90528997e-04   0.0000
 -7.75838853e-04   0.0000
 -5.88661386e-03   0.0000
 -1.34142926e-02   0.0000
  1.17252208e-01   0.0000
  2.07796227e-03   0.0000
 -3.03424546e-03   0.0000
 -2.09259056e-02   0.0000
 -5.55449307e-01   0.0000
 -2.89920042e-03   0.0000
 -1.12447090e-01   0.0000
  8.25964671e-04   0.0000
 -1.22705754e-02   0.0000
 -2.90593237e-01   0.0000
 -1.49152102e-03   0.0000
  8.25224146e-02   0.0000
 -4.32857610e-02   0.0000
 -1.93725165e-03   0.0000
  1.60831399e-03   0.0000
  1.22349744e-03   0.0000
 -8.13641213e-03   0.0000
  3.12851161e-01   0.0000
  4.39312682e-03   0.0000
 -8.06468131e-04   0.0000
 -6.52455026e-04   0.0000
 -2.01138481e-03   0.0000
 -7.78583204e-03   0.0000
  1.28256227e-03   0.0000
  1.08834833e-01   0.0000
  3.10529880e-02   0.0000
  3.02868756e-03   0.0000
  3.58830579e-02   0.0000
 -3.70120198e-01   0.0000
  2.47717113e-03   0.0000
 -3.47070813e-01   0.0000
 -5.74833248e-04   0.0000
 -2.57522296e-02   0.0000
 -4.27264750e-01   0.0000
 -1.04414055e-03   0.0000
  1.30155757e-01   0.0000
 -1.03215285e-01   0.0000
  4.89860176e-05   0.0000
  1.34986563e-04   0.0000
  9.46762855e-04   0.0000
 -1.16571912e-03   0.0000
  1.80119127e-01   0.0000
  3.05195116e-02   0.0000
 -2.97515141e-03   0.0000
  9.29600210e-04   0.0000
 -1.25402643e-03   0.0000
 -4.26345319e-03   0.0000
 -1.98171269e-02   0.0000
  9.77308750e-02   0.0000
  5.65914856e-03   0.0000
  5.10959188e-03   0.0000
 -8.79683439e-03   0.0000
 -1.00732267e-01   0.0000
  5.18490886e-03   0.0000
 -3.44492376e-01   0.0000
 -7.24234444e-04   0.0000
 -1.25049278e-02   0.0000
 -3.66311371e-01   0.0000
 -1.56567898e-03   0.0000
  1.27096564e-01   0.0000
 -6.18955726e-03   0.0000
  1.81531592e-03   0.0000
  8.02021567e-03   0.0000
 -2.57409969e-03   0.0000
  2.04940699e-03   0.0000
  6.83631226e-02   0.0000
  1.43938465e-03   0.0000
  4.24718426e-04   0.0000
 -1.55748345e-03   0.0000
  4.08650236e-03   0.0000
 -1.97455455e-02   0.0000
 -7.26723894e-02   0.0000
 -2.71959513e-01   0.0000
  1.85540870e-01   0.0000
  2.62537092e-01   0.0000
  1.14267997e-01   0.0000
  1.73167616e-01   0.0000
  1.28799025e-02   0.0000
  1.92367041e+00   0.0000
 -7.27147609e-03   0.0000
 -1.82462215e-01   0.0000
 -3.40477824e-02   0.0000
 -3.81642662e-04   0.0000
  3.92709911e-01   0.0000
 -5.68392038e-01   0.0000
  4.66045644e-03   0.0000
  5.92381418e-01   0.0000
 -1.45138651e-02   0.0000
  3.24523833e-04   0.0000
  7.02733755e-01   0.0000
 -1.41988969e+00   0.0000
  2.80552115e-02   0.0000
 -1.73904048e-03   0.0000
  6.54986966e-03   0.0000
 -4.53194678e-02   0.0000
 -5.83329856e-01   0.0000
  5.06916463e-01   0.0000
  2.15150177e-01   0.0000
  2.16142073e-01   0.0000
  3.02750915e-02   0.0000
  1.54309675e-01   0.0000
 -5.81939565e-03   0.0000
 -1.29136100e-01   0.0000
  4.51243902e-03   0.0000
 -4.25646864e-02   0.0000
 -5.62927723e-01   0.0000
 -5.57126943e-03   0.0000
 -7.93241430e-03   0.0000
  1.08995579e-01   0.0000
  1.46736670e-03   0.0000
  2.33481035e-01   0.0000
  2.45630206e-03   0.0000
  3.07324767e-01   0.0000
  2.05351129e-01   0.0000
  8.06248689e-04   0.0000
 -2.54894304e-03   0.0000
 -1.32769542e-02   0.0000
 -4.27263882e-03   0.0000
 -1.00265101e-01   0.0000
 -2.51855463e-01   0.0000
  1.06660879e+00   0.0000
  1.69586420e-01   0.0000
  3.87808084e-02   0.0000
  2.43877936e-02   0.0000
  2.55651534e-01   0.0000
  6.27685944e-03   0.0000
 -3.99262249e-01   0.0000
  7.65510276e-03   0.0000
 -5.04131708e-03   0.0000
 -8.20990086e-01   0.0000
  2.50114547e-03   0.0000
 -4.64572683e-02   0.0000
  3.83564644e-02   0.0000
  8.37068248e-04   0.0000
  3.51793557e-01   0.0000
 -2.61459313e-03   0.0000
  3.27379346e-01   0.0000
  2.16632476e-03   0.0000
  7.50758290e-01   0.0000
  1.10191498e-02   0.0000
 -5.04415133e-04   0.0000
  4.55043092e-03   0.0000
  2.58171767e-01   0.0000
  1.84200227e-01   0.0000
  1.34370914e-02   0.0000
  8.99009407e-02   0.0000
  1.98650416e-02   0.0000
 -3.94126102e-02   0.0000
  4.27584708e-01   0.0000
  1.23911479e-03   0.0000
  2.09345058e-01   0.0000
 -3.35949403e-03   0.0000
  1.83659300e-01   0.0000
  1.21183721e-02   0.0000
  4.81696392e-04   0.0000
 -2.51766711e-01   0.0000
  3.62625122e-02   0.0000
 -1.75381138e-04   0.0000
  5.76368153e-01   0.0000
 -1.00139529e-02   0.0000
  2.76476204e-01   0.0000
  2.78522968e-01   0.0000
 -5.39932251e-02   0.0000
 -3.54637101e-04   0.0000
  1.06792839e-03   0.0000
 -2.33178071e-04   0.0000
  5.34794986e-01   0.0000
  7.34947741e-01   0.0000
 -4.25325215e-01   0.0000
 -3.41405952e-03   0.0000
  1.13366898e-02   0.0000
 -3.09359990e-02   0.0000
  2.71174401e-01   0.0000
 -1.39780960e-03   0.0000
  4.44501549e-01   0.0000
 -4.55508800e-03   0.0000
  4.36445683e-01   0.0000
  9.85116512e-02   0.0000
 -1.81724026e-04   0.0000
 -2.60213643e-01   0.0000
 -1.13130152e-01   0.0000
  1.66916393e-03   0.0000
  2.49517560e-02   0.0000
  1.07374578e-03   0.0000
 -1.47171412e-02   0.0000
  1.25179172e-01   0.0000
 -3.20087224e-02   0.0000
  4.84552095e-03   0.0000
  8.05385993e-04   0.0000
  1.49428239e-03   0.0000
  2.91971773e-01   0.0000
  2.74510354e-01   0.0000
 -1.56364694e-01   0.0000
 -3.64364624e-01   0.0000
  2.04860209e-03   0.0000
 -6.92521408e-02   0.0000
  9.30471793e-02   0.0000
 -9.72007518e-04   0.0000
  1.84594803e-02   0.0000
 -1.46707846e-03   0.0000
  3.05426240e-01   0.0000
 -2.46033333e-02   0.0000
  1.33849622e-04   0.0000
 -9.33364406e-02   0.0000
 -3.24896216e-01   0.0000
  6.82041427e-05   0.0000
 -1.72663048e-01   0.0000
 -3.99945583e-03   0.0000
 -6.51925383e-03   0.0000
 -6.48547187e-02   0.0000
  1.82041898e-04   0.0000
  3.04810773e-03   0.0000
 -6.23336993e-04   0.0000
  4.72677173e-03   0.0000
  1.22369481e-02   0.0000
  2.85379980e-02   0.0000
 -1.50329049e-03   0.0000
 -2.66904056e-01   0.0000
 -1.27804745e-03   0.0000
 -6.56310394e-02   0.0000
  2.11281478e-02   0.0000
 -1.49511034e-04   0.0000
 -1.81839000e-02   0.0000
 -5.61470049e-04   0.0000
  1.05424613e-01   0.0000
 -5.43305725e-02   0.0000
  7.94367399e-03   0.0000
 -2.26056408e-02   0.0000
 -3.00284535e-01   0.0000
  2.02606572e-03   0.0000
 -1.78596437e-01   0.0000
  2.78591155e-03   0.0000
  1.63229182e-03   0.0000
 -5.56648038e-02   0.0000
  3.81497741e-01   0.0000
 -2.98677897e-03   0.0000
 -6.25654473e-04   0.0000
 -8.09507328e-04   0.0000
 -3.17893028e-02   0.0000
  3.54009829e-02   0.0000
  5.12529537e-02   0.0000
 -4.08331193e-02   0.0000
  9.48023226e-04   0.0000
 -6.92530826e-04   0.0000
 -7.18965777e-04   0.0000
 -1.90324651e-03   0.0000
 -1.92408785e-01   0.0000
 -9.55155061e-04   0.0000
 -2.25191973e-02   0.0000
 -3.01741213e-01   0.0000
  9.47236491e-04   0.0000
  1.13273319e-03   0.0000
 -1.72113329e-01   0.0000
  4.18614363e-03   0.0000
  5.37286093e-03   0.0000
  7.08737643e-05   0.0000
 -1.05918851e-03   0.0000
 -2.98651848e-02   0.0000
  5.60916305e-01   0.0000
  9.17237718e-04   0.0000
  1.00951651e-02   0.0000
  8.23218934e-03   0.0000
 -7.11563006e-02   0.0000
  3.11508060e-01   0.0000
 -1.50586200e+00   0.0000
 -3.63078713e-01   0.0000
  7.93019235e-01   0.0000
  2.52135023e-02   0.0000
  5.12249112e-01   0.0000
 -3.11148964e-04   0.0000
 -1.07552528e+00   0.0000
  1.51164120e-03   0.0000
  5.25074778e-03   0.0000
 -2.73380846e-01   0.0000
  4.62811720e-03   0.0000
 -2.98076421e-01   0.0000
  1.14862859e-01   0.0000
  8.69164593e-04   0.0000
  8.97616506e-01   0.0000
 -4.48829960e-03   0.0000
  1.17197651e-02   0.0000
  3.70164245e-01   0.0000
  1.76072922e-02   0.0000
  1.44123484e-03   0.0000
  4.41377051e-04   0.0000
 -1.44777901e-03   0.0000
 -2.82100122e-02   0.0000
  4.08070147e-01   0.0000
 -6.96082175e-01   0.0000
 -3.33144099e-01   0.0000
  1.73918724e-01   0.0000
  2.46646516e-02   0.0000
  5.34374297e-01   0.0000
 -1.11102738e-04   0.0000
 -6.02611721e-01   0.0000
  1.08486591e-02   0.0000
 -4.38966155e-01   0.0000
  1.16458602e-01   0.0000
 -2.41631860e-04   0.0000
  4.06743446e-03   0.0000
  4.77947667e-02   0.0000
 -5.52026613e-04   0.0000
  6.81180358e-01   0.0000
 -7.26569910e-03   0.0000
  6.68060854e-02   0.0000
  4.52737004e-01   0.0000
  2.44503990e-01   0.0000
 -2.66021700e-04   0.0000
 -1.28544075e-02   0.0000
  1.24668414e-02   0.0000
 -2.02805355e-01   0.0000
 -2.58005671e-02   0.0000
 -2.83463478e-01   0.0000
 -5.59829056e-01   0.0000
 -1.14102941e-02   0.0000
 -5.67260664e-03   0.0000
  3.88392180e-01   0.0000
  9.29288217e-04   0.0000
 -5.42522073e-01   0.0000
 -1.88182370e-04   0.0000
 -9.84057486e-01   0.0000
  1.12287797e-01   0.0000
  5.34035685e-03   0.0000
  4.68136489e-01   0.0000
 -1.14085292e-02   0.0000
 -2.20243842e-03   0.0000
 -9.12651047e-03   0.0000
 -1.48029309e-02   0.0000
  2.72321310e-02   0.0000
  1.09837525e-01   0.0000
  2.66004056e-01   0.0000
 -7.34402274e-04   0.0000
  1.91770811e-02   0.0000
 -2.79081962e-03   0.0000
 -3.76477063e-01   0.0000
 -7.59345233e-01   0.0000
  6.94578052e-01   0.0000
 -5.99950612e-01   0.0000
 -9.72879827e-02   0.0000
 -6.65563345e-02   0.0000
  2.92121977e-01   0.0000
 -8.35907849e-05   0.0000
 -7.32358634e-01   0.0000
 -3.94640677e-03   0.0000
 -6.91654921e-01   0.0000
 -4.50858682e-01   0.0000
  2.39761919e-03   0.0000
  5.84971130e-01   0.0000
 -1.58496395e-01   0.0000
  1.75794307e-03   0.0000
 -4.57075164e-02   0.0000
 -1.71316117e-02   0.0000
 -4.82060350e-02   0.0000
 -1.06516411e-04   0.0000
  7.29856968e-01   0.0000
  5.20233007e-05   0.0000
  4.55520721e-03   0.0000
 -1.27517583e-03   0.0000
  2.18829326e-03   0.0000
 -4.63084608e-01   0.0000
  1.97102219e-01   0.0000
 -5.25231957e-01   0.0000
  4.37804358e-03   0.0000
  3.39130796e-02   0.0000
  5.56210160e-01   0.0000
  2.61125900e-03   0.0000
  1.40161635e-02   0.0000
  3.16489786e-05   0.0000
 -1.01638883e-01   0.0000
 -7.68229187e-01   0.0000
 -1.38020341e-03   0.0000
  2.39013657e-01   0.0000
  8.98892153e-03   0.0000
  6.54851669e-04   0.0000
 -4.31094058e-02   0.0000
 -3.86134046e-03   0.0000
  8.48947242e-02   0.0000
 -3.25752385e-02   0.0000
  1.83227081e-02   0.0000
 -1.31497812e-03   0.0000
 -2.96488375e-04   0.0000
 -3.34369577e-03   0.0000
 -1.99850127e-02   0.0000
 -1.07591331e-01   0.0000
 -8.77999738e-02   0.0000
  8.07861015e-02   0.0000
 -2.55862880e-03   0.0000
  4.02355827e-02   0.0000
  2.26267233e-01   0.0000
 -9.97068360e-04   0.0000
  8.05225730e-01   0.0000
 -4.98898095e-04   0.0000
  7.28655420e-03   0.0000
 -1.19096446e+00   0.0000
  2.02436792e-03   0.0000
 -7.61303538e-03   0.0000
  3.52999195e-02   0.0000
  6.44089188e-04   0.0000
  4.60976809e-02   0.0000
  4.40833159e-03   0.0000
  9.36090127e-02   0.0000
  2.87882965e-02   0.0000
 -9.49351490e-02   0.0000
  1.67900964e-03   0.0000
 -4.77607071e-04   0.0000
  1.43007957e-03   0.0000
  1.43016547e-01   0.0000
  1.71307358e-04   0.0000
 -8.99894893e-01   0.0000
  2.64292670e-04   0.0000
  2.53157616e-02   0.0000
  3.74314897e-02   0.0000
  1.88488420e-02   0.0000
  8.33968341e-04   0.0000
  6.66080952e-01   0.0000
 -2.01559463e-03   0.0000
  5.71036665e-03   0.0000
 -6.68604016e-01   0.0000
 -3.30656301e-04   0.0000
 -4.53100838e-02   0.0000
  1.85680799e-02   0.0000
  4.75986686e-04   0.0000
  7.13938102e-02   0.0000
  4.88630403e-03   0.0000
 -5.73802367e-03   0.0000
  1.24546960e-01   0.0000
 -9.01494622e-02   0.0000
  1.59250712e-03   0.0000
  1.23403862e-03   0.0000
 -4.08075796e-03   0.0000
  1.40806455e-02   0.0000
  8.11769627e-03   0.0000
 -6.30878210e-01   0.0000
  2.63628941e-02   0.0000
  2.29591709e-02   0.0000
 -7.52559537e-03   0.0000
  4.35810387e-02   0.0000
 -1.01474498e-03   0.0000
  1.53314676e-02   0.0000
  1.18143717e-03   0.0000
  3.26010212e-02   0.0000
 -2.44034454e-01   0.0000
  9.46266460e-04   0.0000
 -6.56026602e-03   0.0000
  1.13302637e-02   0.0000
  2.19578785e-03   0.0000
  7.51858056e-02   0.0000
 -4.59218893e-04   0.0000
  1.14367660e-02   0.0000
  1.09978810e-01   0.0000
 -1.01636518e-02   0.0000
  6.46929257e-04   0.0000
  5.17136091e-03   0.0000
  1.36238569e-03   0.0000
  9.01624467e-03   0.0000
 -1.49443698e+00   0.0000
 -1.24452353e+00   0.0000
 -1.10219486e-01   0.0000
  2.11332515e-02   0.0000
  5.35595231e-02   0.0000
 -1.50546646e+00   0.0000
 -2.76638893e-03   0.0000
  2.23983437e-01   0.0000
 -1.88520867e-02   0.0000
  5.13619661e-01   0.0000
 -2.68922206e-02   0.0000
 -1.77978992e-03   0.0000
  2.25467920e-01   0.0000
 -5.60831791e-03   0.0000
 -1.20467097e-02   0.0000
  9.27780926e-01   0.0000
  7.91682117e-03   0.0000
 -1.05296699e-02   0.0000
  1.92865694e+00   0.0000
 -2.83069229e+00   0.0000
 -1.57692679e-03   0.0000
 -1.53929333e-03   0.0000
  5.13158157e-04   0.0000
  7.43716583e-02   0.0000
 -1.63975963e-03   0.0000
 -5.93170291e-03   0.0000
  9.27459405e-05   0.0000
 -2.59281835e-03   0.0000
  4.59632400e-04   0.0000
 -1.44559925e-03   0.0000
 -3.00116459e-04   0.0000
  1.72691066e-02   0.0000
 -3.94209325e-02   0.0000
  8.15382786e-03   0.0000
  9.81624355e-04   0.0000
 -8.03480041e-04   0.0000
  5.43619180e-03   0.0000
 -5.39917150e-04   0.0000
 -1.39548304e-02   0.0000
  3.15900743e-02   0.0000
  3.50528746e-03   0.0000
 -1.40844407e-02   0.0000
 -6.90525107e-04   0.0000
 -1.75572070e-03   0.0000
  1.52316131e-02   0.0000
 -5.32241538e-03   0.0000
  3.19457194e-03   0.0000
  2.21313164e-02   0.0000
 -2.70128483e-04   0.0000
  6.06253685e-04   0.0000
  2.11308966e-03   0.0000
  1.90882850e-03   0.0000
  4.21432836e-04   0.0000
 -1.72940071e-03   0.0000
 -1.00027095e-03   0.0000
 -1.07794823e-02   0.0000
 -1.36596384e-04   0.0000
  2.36438084e-02   0.0000
 -4.19524545e-03   0.0000
 -7.34005298e-04   0.0000
 -1.05193688e-03   0.0000
  5.51921502e-03   0.0000
  2.91479309e-03   0.0000
 -3.44149274e-04   0.0000
  1.24518631e-03   0.0000
  1.60888722e-03   0.0000
  3.20496806e-03   0.0000
  3.30669782e-03   0.0000
  4.93129890e-04   0.0000
  1.35014085e-02   0.0000
  3.89726982e-02   0.0000
  2.99105853e-01   0.0000
 -1.38972304e-03   0.0000
  4.30367142e-01   0.0000
  1.84810068e-03   0.0000
  6.17590407e-03   0.0000
  1.60237448e-03   0.0000
 -5.95856877e-03   0.0000
 -4.05658968e-03   0.0000
  4.07467112e-02   0.0000
  1.69332623e+00   0.0000
 -1.02349825e-01   0.0000
  2.13150948e-01   0.0000
 -1.08931419e-02   0.0000
  1.87094777e-03   0.0000
  1.80351976e-02   0.0000
  5.45411527e-01   0.0000
 -2.64701992e-01   0.0000
 -2.61088073e-01   0.0000
  1.01306010e-02   0.0000
 -1.77373597e-03   0.0000
 -5.45841232e-02   0.0000
 -4.27703530e-01   0.0000
 -2.40899064e-02   0.0000
 -4.40971134e-03   0.0000
 -1.03564537e+00   0.0000
 -2.56605400e-03   0.0000
  8.14553723e-02   0.0000
  2.69831042e-03   0.0000
 -1.25570102e-02   0.0000
  1.00073684e-03   0.0000
  2.85722571e-03   0.0000
  1.30754604e-03   0.0000
 -1.81000158e-02   0.0000
 -1.97599757e+00   0.0000
 -6.81077421e-01   0.0000
  5.79565652e-02   0.0000
 -1.16645098e-02   0.0000
  2.30950699e-03   0.0000
  4.37530829e-03   0.0000
  1.26569018e-01   0.0000
 -4.21146601e-01   0.0000
 -6.29723594e-02   0.0000
  7.82160787e-05   0.0000
 -1.86550431e-03   0.0000
 -8.49987008e-03   0.0000
 -5.50236255e-02   0.0000
 -1.60605256e-02   0.0000
 -4.69566742e-03   0.0000
 -8.74734163e-01   0.0000
 -3.06281308e-03   0.0000
  1.27429441e-02   0.0000
 -1.48019148e-03   0.0000
 -8.96458514e-04   0.0000
 -8.61723616e-04   0.0000
  3.83743434e-04   0.0000
  1.96150132e-03   0.0000
 -2.96743792e-02   0.0000
 -3.05928016e+00   0.0000
 -5.10780036e-01   0.0000
  3.97093641e-03   0.0000
 -3.30711110e-03   0.0000
 -1.18148746e-04   0.0000
  2.25396943e-05   0.0000
  1.85080077e-02   0.0000
  2.24192301e-03   0.0000
  1.00957206e-03   0.0000
  4.32501873e-03   0.0000
 -5.97862760e-04   0.0000
  7.84522947e-03   0.0000
 -8.60614795e-03   0.0000
 -2.51277667e-02   0.0000
  3.62658128e-03   0.0000
 -6.54202461e-01   0.0000
  2.29384255e-04   0.0000
  2.50913292e-01   0.0000
 -8.40897206e-04   0.0000
  1.24169020e-02   0.0000
  4.06974647e-03   0.0000
 -2.45500007e-03   0.0000
 -2.84299487e-03   0.0000
  2.01114677e-02   0.0000
 -1.18829775e+00   0.0000
 -5.24138451e-01   0.0000
  1.68966800e-01   0.0000
  7.95162778e-05   0.0000
 -1.73396678e-04   0.0000
 -8.03016417e-04   0.0000
  3.44362378e-01   0.0000
 -5.33272624e-01   0.0000
 -1.77692756e-01   0.0000
 -6.02820097e-03   0.0000
 -1.19443925e-03   0.0000
 -3.30433846e-02   0.0000
 -2.85075068e-01   0.0000
  1.82320140e-02   0.0000
  8.24261643e-03   0.0000
  1.24668419e+00   0.0000
  8.53192643e-04   0.0000
  1.14857806e-02   0.0000
  1.42603542e-03   0.0000
  1.34839781e-03   0.0000
 -2.72707827e-03   0.0000
  3.50687362e-04   0.0000
 -5.62017609e-04   0.0000
 -2.70539939e-01   0.0000
  1.20712653e-01   0.0000
  3.64329100e-01   0.0000
 -1.14815250e-01   0.0000
 -8.06626398e-04   0.0000
 -2.23668721e-02   0.0000
  7.75619829e-03   0.0000
 -6.57259300e-02   0.0000
  5.86678028e-01   0.0000
  2.69219410e-02   0.0000
  5.50124049e-02   0.0000
 -1.16767573e-04   0.0000
 -2.12397822e-03   0.0000
  1.60794601e-01   0.0000
  2.29296926e-03   0.0000
 -2.02102633e-03   0.0000
  4.69401956e-01   0.0000
 -1.55228563e-03   0.0000
 -3.17738265e-01   0.0000
 -1.29276406e-04   0.0000
 -2.13665087e-04   0.0000
 -4.15370660e-03   0.0000
  3.17447516e-03   0.0000
  3.59362480e-03   0.0000
 -6.43017292e-02   0.0000
  2.04088569e-01   0.0000
  1.53331131e-01   0.0000
 -2.69086599e-01   0.0000
  1.01732672e-03   0.0000
  8.55606608e-03   0.0000
 -3.25750262e-02   0.0000
 -4.23140019e-01   0.0000
  4.11924422e-01   0.0000
  2.89250970e-01   0.0000
 -1.36696342e-02   0.0000
 -4.43536462e-03   0.0000
  1.48776276e-02   0.0000
  4.87621278e-01   0.0000
 -2.02222411e-02   0.0000
 -2.16256138e-02   0.0000
  1.53834665e+00   0.0000
  9.75609582e-05   0.0000
 -5.14223194e-03   0.0000
 -4.48711636e-03   0.0000
 -6.36685290e-05   0.0000
 -1.16978213e-03   0.0000
  2.52616289e-03   0.0000
 -2.34282445e-04   0.0000
 -2.74877936e-01   0.0000
  1.87576079e+00   0.0000
  8.15022469e-01   0.0000
  4.11486160e-03   0.0000
 -1.11777410e-02   0.0000
 -9.81549267e-03   0.0000
 -1.01709971e-02   0.0000
  2.65801065e-02   0.0000
  5.65290153e-01   0.0000
 -2.27075648e-02   0.0000
  3.10293250e-02   0.0000
 -4.22640500e-04   0.0000
  7.64677441e-03   0.0000
  9.54951439e-03   0.0000
  1.06434082e-03   0.0000
  1.00518251e-03   0.0000
  1.93049256e-02   0.0000
  1.32537898e-04   0.0000
  4.82949801e-03   0.0000
  1.82088508e-04   0.0000
  2.44043622e-05   0.0000
  1.30900007e-03   0.0000
  3.17233754e-03   0.0000
  5.15799271e-03   0.0000
  1.80311389e-02   0.0000
  5.32214576e-03   0.0000
 -1.46326085e-04   0.0000
  5.21430792e-03   0.0000
  3.81838321e-03   0.0000
 -2.21959478e-03   0.0000
  6.57188566e-03   0.0000
  1.36948768e-02   0.0000
  2.24353541e-02   0.0000
 -4.60740441e-04   0.0000
 -4.13370412e-03   0.0000
  9.58420627e-04   0.0000
  1.24040525e-06   0.0000
 -1.75082800e-03   0.0000
  1.50305766e-03   0.0000
  7.50739686e-03   0.0000
  1.21303916e+00   0.0000
 -6.15326688e-03   0.0000
  1.41282380e-03   0.0000
 -3.91218695e-04   0.0000
  8.66053160e-04   0.0000
 -3.30805825e-03   0.0000
  4.13531484e-03   0.0000
  2.73548445e-04   0.0000
  8.27997271e-03   0.0000
  2.52138829e+00   0.0000
  3.44562650e-01   0.0000
  5.00028022e-03   0.0000
  6.84007909e-03   0.0000
 -6.75640069e-04   0.0000
 -2.33865809e-04   0.0000
  2.80341711e-02   0.0000
 -9.00681615e-02   0.0000
 -1.53272515e-02   0.0000
  5.40280296e-03   0.0000
  2.15186016e-03   0.0000
 -8.41931906e-03   0.0000
 -5.96846407e-03   0.0000
 -5.10612270e-04   0.0000
  2.46221898e-04   0.0000
 -4.05179039e-02   0.0000
 -1.58602267e-03   0.0000
  1.12160831e-03   0.0000
 -1.21374219e-03   0.0000
 -3.79956444e-04   0.0000
  2.19586334e-04   0.0000
  6.35349425e-05   0.0000
 -1.43290276e-03   0.0000
  9.37641691e-03   0.0000
  3.63312989e-01   0.0000
 -3.97700332e-02   0.0000
  8.60701967e-03   0.0000
  7.94080988e-05   0.0000
 -1.13367700e-04   0.0000
 -1.27577747e-03   0.0000
  4.62406751e-04   0.0000
  1.74398758e-02   0.0000
 -7.98939902e-04   0.0000
  1.44500821e-03   0.0000
  1.35513814e-03   0.0000
 -3.67366686e-03   0.0000
  3.46507499e-04   0.0000
  2.99900246e-04   0.0000
  9.06160567e-03   0.0000
  8.56971860e-01   0.0000
 -6.31026458e-04   0.0000
 -9.64944899e-01   0.0000
 -3.62189929e-03   0.0000
 -3.08958202e-04   0.0000
  8.03861651e-04   0.0000
 -1.84990960e-04   0.0000
  2.97362055e-03   0.0000
 -1.82933003e-01   0.0000
 -1.61623999e-01   0.0000
  3.94036829e-01   0.0000
 -6.56271577e-01   0.0000
 -1.23218214e-02   0.0000
  1.16888788e-02   0.0000
  1.53791398e-01   0.0000
 -1.16744137e+00   0.0000
  9.70410228e-01   0.0000
  7.19015062e-01   0.0000
 -3.04909982e-03   0.0000
 -7.57863396e-04   0.0000
  4.51527275e-02   0.0000
  1.05557632e+00   0.0000
  1.73840169e-02   0.0000
  2.01107381e-04   0.0000
  1.11625445e+00   0.0000
 -6.59106951e-03   0.0000
 -1.02103062e-01   0.0000
  3.02335073e-04   0.0000
 -9.32242721e-04   0.0000
 -1.05485611e-03   0.0000
 -9.29987407e-04   0.0000
  7.75167602e-04   0.0000
 -1.81694791e-01   0.0000
  1.86983693e+00   0.0000
  7.41908789e-01   0.0000
 -1.76910758e-01   0.0000
  2.42161303e-04   0.0000
  1.65350561e-03   0.0000
 -3.75910569e-03   0.0000
 -1.99203074e-01   0.0000
  3.86880547e-01   0.0000
  9.13775787e-02   0.0000
  1.93150975e-02   0.0000
  2.58898479e-03   0.0000
  1.22765399e-04   0.0000
  9.08503681e-02   0.0000
  1.64192508e-03   0.0000
 -3.30080907e-03   0.0000
  6.64099632e-03   0.0000
  8.55837308e-04   0.0000
  1.24842981e-02   0.0000
  4.60336450e-03   0.0000
 -9.94208083e-03   0.0000
 -3.05222115e-04   0.0000
  4.30570217e-03   0.0000
 -4.05209983e-04   0.0000
 -1.56100292e-03   0.0000
 -1.14613585e-01   0.0000
  7.46603357e-03   0.0000
  4.88475058e-03   0.0000
 -6.62014121e-04   0.0000
 -1.14359835e-03   0.0000
  1.10352400e-03   0.0000
  1.60993431e-02   0.0000
 -2.23141201e-02   0.0000
 -1.50555605e-03   0.0000
  1.27546079e-02   0.0000
 -3.46756959e-03   0.0000
  2.71983328e-04   0.0000
 -6.12806005e-04   0.0000
  4.52962983e-03   0.0000
 -1.69860621e-04   0.0000
 -1.23914874e+00   0.0000
 -5.21861529e-03   0.0000
  3.37464589e-04   0.0000
  4.80042334e-04   0.0000
  1.80663925e-03   0.0000
 -9.68041085e-03   0.0000
 -9.85630322e-04   0.0000
  4.11578547e-03   0.0000
  1.37291923e-01   0.0000
 -1.72606421e+00   0.0000
 -6.01793408e-01   0.0000
 -1.60346813e-02   0.0000
  1.57988514e-03   0.0000
  1.87251368e-03   0.0000
 -2.05776817e-03   0.0000
  1.10060191e-02   0.0000
 -2.78878421e-01   0.0000
  2.99836462e-03   0.0000
 -1.40851969e-02   0.0000
 -5.84112946e-04   0.0000
  4.96426364e-03   0.0000
  1.07642403e-02   0.0000
 -1.51740415e-02   0.0000
 -1.23487762e-03   0.0000
  8.26440573e-01   0.0000
 -4.37920389e-04   0.0000
 -2.29978263e-01   0.0000
 -6.26418972e-04   0.0000
 -2.97667715e-03   0.0000
 -2.21821433e-03   0.0000
 -5.33115643e-04   0.0000
 -1.68863055e-03   0.0000
 -1.92120239e-01   0.0000
  6.43423736e-01   0.0000
  3.25097829e-01   0.0000
 -2.62697190e-01   0.0000
  3.38677753e-04   0.0000
  1.29321460e-02   0.0000
  1.15068341e-02   0.0000
 -2.78189033e-01   0.0000
  4.60875154e-01   0.0000
  1.96756631e-01   0.0000
  4.20202464e-02   0.0000
  2.44657189e-04   0.0000
 -1.48296785e-02   0.0000
  3.32443148e-01   0.0000
  2.63359514e-04   0.0000
 -1.22321828e-04   0.0000
 -2.12212137e-04   0.0000
  1.90123543e-03   0.0000
  9.47966054e-03   0.0000
 -1.25198078e-03   0.0000
  7.04509206e-04   0.0000
  1.25179742e-03   0.0000
  4.62150760e-03   0.0000
  3.71956523e-03   0.0000
  1.92450464e-03   0.0000
 -3.07604428e-02   0.0000
 -1.08801695e-02   0.0000
  1.46446284e-02   0.0000
  1.32158492e-03   0.0000
 -5.06018929e-04   0.0000
 -3.42568522e-03   0.0000
  1.12180552e-03   0.0000
 -4.92741587e-03   0.0000
  1.58323604e-03   0.0000
 -6.22909842e-03   0.0000
 -7.99852889e-04   0.0000
  5.03389165e-03   0.0000
 -2.39658356e-03   0.0000
  1.74378548e-02   0.0000
 -9.35784890e-04   0.0000
  5.94848335e-01   0.0000
 -2.22147163e-03   0.0000
 -3.12458873e-01   0.0000
  2.36638036e-04   0.0000
  3.41170211e-03   0.0000
 -1.67109189e-03   0.0000
  3.11265886e-03   0.0000
 -1.39138545e-03   0.0000
 -8.37218110e-03   0.0000
  6.44917727e-01   0.0000
  3.80392939e-01   0.0000
 -2.34195516e-01   0.0000
 -4.05799504e-03   0.0000
 -2.05711415e-03   0.0000
  1.17856013e-02   0.0000
 -4.36250538e-01   0.0000
  4.26858544e-01   0.0000
  2.07419902e-01   0.0000
  1.57881081e-02   0.0000
  3.63861443e-03   0.0000
 -1.08927011e-03   0.0000
  3.84323776e-01   0.0000
  4.84206947e-03   0.0000
 -1.09011373e-02   0.0000
 -1.10056922e-02   0.0000
  3.12136603e-04   0.0000
 -1.35476200e-03   0.0000
  1.44993910e-03   0.0000
  1.20791083e-03   0.0000
  6.22615265e-03   0.0000
  1.23370276e-03   0.0000
 -1.11545797e-03   0.0000
  2.75544496e-03   0.0000
 -4.13177878e-01   0.0000
  6.80406764e-02   0.0000
  4.20057331e-04   0.0000
  8.09413614e-05   0.0000
  1.17008574e-03   0.0000
  2.06354493e-03   0.0000
 -8.57324246e-03   0.0000
 -1.53319668e-02   0.0000
  5.08468307e-04   0.0000
  3.00233834e-03   0.0000
  1.88115565e-03   0.0000
 -7.13232905e-03   0.0000
 -9.20053106e-04   0.0000
  1.09322986e-03   0.0000
  2.62447959e-03   0.0000
  4.32701975e-01   0.0000
  1.29686843e-03   0.0000
 -3.43823284e-02   0.0000
  3.59397498e-04   0.0000
  1.89555489e-04   0.0000
  2.26485473e-03   0.0000
  1.72499963e-03   0.0000
 -5.87131712e-04   0.0000
 -1.88427400e-02   0.0000
  6.42708540e-01   0.0000
  5.11555653e-03   0.0000
  6.67113159e-03   0.0000
  3.62003967e-03   0.0000
 -3.38183460e-03   0.0000
  7.11655826e-04   0.0000
 -2.75965687e-03   0.0000
 -1.64691880e-02   0.0000
  7.97826890e-03   0.0000
  1.85692515e-02   0.0000
  1.66569778e-03   0.0000
 -7.16041366e-04   0.0000
  2.13262532e-03   0.0000
 -1.13450317e-02   0.0000
 -7.52599226e-05   0.0000
 -1.10245383e+00   0.0000
  6.15055091e-04   0.0000
  3.34870517e-01   0.0000
  1.84361567e-03   0.0000
  6.00796717e-04   0.0000
 -9.56784748e-03   0.0000
  3.80848232e-03   0.0000
  5.10248542e-03   0.0000
  3.43578458e-01   0.0000
 -1.29604220e+00   0.0000
 -7.11419225e-01   0.0000
  4.16557670e-01   0.0000
 -1.88046917e-02   0.0000
 -1.76963042e-02   0.0000
  2.89364420e-02   0.0000
  4.99455690e-01   0.0000
 -6.35572970e-01   0.0000
 -3.17098588e-01   0.0000
 -3.85339372e-02   0.0000
 -2.89777818e-04   0.0000
 -3.32408696e-02   0.0000
 -3.65528613e-01   0.0000
  4.02826059e-04   0.0000
  1.03192881e-03   0.0000
 -1.28337538e+00   0.0000
 -3.73650400e-04   0.0000
 -7.78293284e-03   0.0000
  7.66446174e-04   0.0000
 -2.60299607e-03   0.0000
  8.99287988e-04   0.0000
 -3.38131795e-05   0.0000
 -1.62527591e-04   0.0000
  1.84693903e-01   0.0000
 -2.57727313e+00   0.0000
 -8.18216562e-01   0.0000
  2.93421536e-03   0.0000
 -1.80420408e-03   0.0000
 -2.93533038e-03   0.0000
  2.42667249e-03   0.0000
 -1.14059411e-02   0.0000
 -3.83579791e-01   0.0000
 -1.59462483e-03   0.0000
  1.26691870e-02   0.0000
 -7.50950072e-04   0.0000
  5.99952554e-03   0.0000
 -1.23761431e-03   0.0000
  4.82661463e-03   0.0000
  2.89216754e-03   0.0000
 -1.74645428e-02   0.0000
 -7.13393849e-04   0.0000
  3.57716484e-03   0.0000
  8.35017185e-04   0.0000
 -6.55651884e-03   0.0000
 -6.35407283e-04   0.0000
 -2.48297671e-04   0.0000
 -1.14491489e-03   0.0000
 -3.02362675e-03   0.0000
  4.68607619e-02   0.0000
 -7.52596706e-02   0.0000
  6.62079779e-04   0.0000
  2.23111967e-03   0.0000
  4.81479859e-04   0.0000
 -3.36898520e-05   0.0000
  4.95295040e-03   0.0000
 -2.98222825e-02   0.0000
 -3.00452579e-03   0.0000
  4.13009198e-04   0.0000
 -8.66401009e-04   0.0000
 -2.88926356e-04   0.0000
 -1.02256108e-02   0.0000
  3.83515435e-05   0.0000
 -3.17052961e-03   0.0000
 -8.33902776e-01   0.0000
  5.39966952e-03   0.0000
  1.28415856e-03   0.0000
  9.51264228e-05   0.0000
 -5.71189309e-03   0.0000
  7.20078638e-03   0.0000
 -1.00228732e-04   0.0000
 -5.47748496e-05   0.0000
  1.42083645e-01   0.0000
 -4.31673735e-01   0.0000
 -4.02516574e-01   0.0000
  8.08955058e-02   0.0000
 -3.59660538e-04   0.0000
  2.59037712e-03   0.0000
 -7.28039397e-03   0.0000
  7.73582235e-02   0.0000
 -5.09637713e-01   0.0000
 -6.19868748e-03   0.0000
 -2.96904072e-02   0.0000
  6.48796209e-04   0.0000
 -4.55010077e-03   0.0000
 -7.95550644e-02   0.0000
  3.69765935e-03   0.0000
  6.07559225e-04   0.0000
  9.29135887e-04   0.0000
  1.85148814e-03   0.0000
 -1.06451046e-02   0.0000
  4.56801653e-02   0.0000
  4.69520281e-04   0.0000
 -9.90968780e-04   0.0000
 -1.18206965e-03   0.0000
 -2.28949613e-03   0.0000
 -6.87376410e-02   0.0000
  9.43309814e-03   0.0000
  3.37282225e-04   0.0000
  6.52006501e-03   0.0000
  3.02486296e-05   0.0000
  5.05536678e-04   0.0000
  2.44613225e-03   0.0000
 -7.11399771e-04   0.0000
  2.07123701e-02   0.0000
 -1.91208161e-03   0.0000
 -1.42479991e-03   0.0000
  2.49886140e-03   0.0000
  7.28467945e-04   0.0000
 -7.31230131e-04   0.0000
 -3.05557461e-03   0.0000
  6.06025057e-03   0.0000
 -9.18521022e-04   0.0000
  3.29223298e-03   0.0000
 -4.84150602e-04   0.0000
 -8.41237954e-04   0.0000
 -2.08156798e-02   0.0000
 -1.72954315e-04   0.0000
  9.62127838e-03   0.0000
 -1.80992368e-03   0.0000
  5.67066312e-01   0.0000
 -5.16100526e-01   0.0000
  1.12540627e+00   0.0000
 -2.69780111e+00   0.0000
  1.90115970e-04   0.0000
 -2.18641847e-01   0.0000
 -2.84085679e-03   0.0000
 -2.82727271e-01   0.0000
  1.93864024e+00   0.0000
 -1.65366113e+00   0.0000
  1.66006805e-03   0.0000
 -2.80978903e-03   0.0000
 -9.61102903e-01   0.0000
  3.69474234e-04   0.0000
  1.21432869e-03   0.0000
 -5.39871724e-03   0.0000
 -1.00759626e-03   0.0000
  3.04413232e-04   0.0000
  3.61168245e-03   0.0000
  1.40461733e-03   0.0000
  2.93988222e-03   0.0000
  1.74084766e-04   0.0000
 -1.76722603e-03   0.0000
  4.03247308e-04   0.0000
 -1.03605760e-03   0.0000
 -8.77852784e-04   0.0000
  4.51495778e-03   0.0000
 -9.52150804e-05   0.0000
 -3.76970880e-03   0.0000
  7.40586256e-06   0.0000
  5.43660857e-03   0.0000
  1.52366585e-03   0.0000
 -5.38224220e-01   0.0000
  4.50442374e-01   0.0000
 -6.10557616e-01   0.0000
  7.46751344e-03   0.0000
  4.35734354e-02   0.0000
  1.65423736e-01   0.0000
 -1.19550014e-03   0.0000
  2.38396689e-01   0.0000
 -1.98954508e-01   0.0000
  2.37873569e-01   0.0000
 -4.44568024e-04   0.0000
 -5.30988816e-03   0.0000
  8.47148716e-01   0.0000
  1.84525747e-03   0.0000
  2.19744674e-04   0.0000
 -2.32577790e-03   0.0000
  3.44920601e-03   0.0000
 -1.17634120e-03   0.0000
  7.26624741e-04   0.0000
  3.15691053e-04   0.0000
 -1.32607005e-03   0.0000
  1.72080216e-03   0.0000
  1.46902865e-03   0.0000
  6.50022004e-04   0.0000
  6.60112826e-04   0.0000
 -1.09911384e-03   0.0000
  3.14973659e-05   0.0000
 -1.22119579e-03   0.0000
  1.39150606e-03   0.0000
  1.00414839e-03   0.0000
 -6.72010879e-04   0.0000
 -7.13533838e-04   0.0000
 -1.84340082e-04   0.0000
 -2.73184502e-03   0.0000
 -5.51611651e-04   0.0000
  4.05249652e-03   0.0000
  1.33928901e-03   0.0000
  1.39891461e-04   0.0000
 -3.46921501e-04   0.0000
  1.40381360e-03   0.0000
  3.78003414e-03   0.0000
  1.09195942e-03   0.0000
 -6.33007381e-04   0.0000
 -2.87647941e-03   0.0000
  4.39038442e-04   0.0000
 -2.48382729e-03   0.0000
  8.24953371e-04   0.0000
 -1.02760235e-03   0.0000
  1.95354209e-04   0.0000
  7.31051946e-03   0.0000
 -3.58393742e-03   0.0000
 -5.91281743e-04   0.0000
  1.09803502e-03   0.0000
 -8.81073717e-03   0.0000
  2.18487476e-04   0.0000
  3.85498279e-04   0.0000
  2.52115307e-03   0.0000
 -1.20460824e-03   0.0000
  1.09479658e-03   0.0000
 -7.69832463e-04   0.0000
  3.54472222e-03   0.0000
 -6.13975280e-05   0.0000
 -1.56472321e-03   0.0000
  3.79474732e-05   0.0000
 -1.63864257e-04   0.0000
 -4.29992611e-03   0.0000
  2.81102606e-04   0.0000
  4.47464408e-04   0.0000
  3.42813408e-04   0.0000
  5.77675877e-04   0.0000
  1.20687019e-03   0.0000
  9.87744704e-03   0.0000
 -4.58708208e-04   0.0000
 -6.16408535e-04   0.0000
  1.27893477e-03   0.0000
 -1.26855084e-04   0.0000
 -3.90341098e-04   0.0000
 -9.77646792e-04   0.0000
  6.19929458e-04   0.0000
  6.98696458e-05   0.0000
 -5.11595747e-04   0.0000
  5.74778253e-03   0.0000
 -3.73652234e-04   0.0000
 -8.44476279e-04   0.0000
 -2.55027786e-03   0.0000
  3.65774380e-04   0.0000
 -1.33766409e-03   0.0000
 -1.12564033e-02   0.0000
  8.44919821e-04   0.0000
  1.24344265e-03   0.0000
  5.57175896e-04   0.0000
 -7.84183096e-04   0.0000
  2.00106520e-02   0.0000
  8.84388341e-04   0.0000
 -3.02609568e-03   0.0000
  3.62770911e-03   0.0000
  3.24887154e-03   0.0000
 -3.86832771e-03   0.0000
 -1.54709905e-01   0.0000
  7.26044595e-01   0.0000
  1.84589555e-03   0.0000
  3.78555222e-03   0.0000
 -1.58597075e-04   0.0000
  1.07979088e-03   0.0000
 -5.12626648e-01   0.0000
  3.54599327e-01   0.0000
  8.97611585e-03   0.0000
  2.46162224e-03   0.0000
  7.89268762e-02   0.0000
 -7.59692222e-04   0.0000
 -1.44165948e-01   0.0000
 -1.05766244e-02   0.0000
  9.24312949e-01   0.0000
 -9.48275030e-01   0.0000
  1.57015741e+00   0.0000
 -3.70776582e+00   0.0000
 -1.95265072e-03   0.0000
 -5.36698818e-01   0.0000
  3.11527890e-03   0.0000
 -5.22704959e-01   0.0000
  2.74663901e+00   0.0000
 -2.35044193e+00   0.0000
 -4.55314852e-03   0.0000
 -1.93435457e-02   0.0000
 -1.26355124e+00   0.0000
  1.23493895e-02   0.0000
 -2.01913901e-02   0.0000
  6.25644391e-03   0.0000
  2.40679011e-01   0.0000
 -2.36932978e-01   0.0000
  5.36412477e-01   0.0000
 -1.55422246e+00   0.0000
 -1.94056146e-02   0.0000
 -4.67989296e-02   0.0000
  7.35019334e-04   0.0000
 -5.09238131e-02   0.0000
  1.09549415e+00   0.0000
 -9.51249957e-01   0.0000
 -3.81066673e-03   0.0000
 -1.32549298e-03   0.0000
 -4.02904898e-01   0.0000
  2.79767881e-03   0.0000
 -1.05932001e-02   0.0000
 -3.14130681e-04   0.0000
 -3.19799423e-01   0.0000
  2.62360603e-01   0.0000
 -4.86459851e-01   0.0000
  2.74137735e-01   0.0000
 -1.71376439e-03   0.0000
  8.80424455e-02   0.0000
 -2.08889158e-03   0.0000
  8.15043226e-02   0.0000
 -3.26014727e-01   0.0000
  2.87062705e-01   0.0000
  4.61285177e-04   0.0000
  2.48669035e-04   0.0000
  5.82600236e-01   0.0000
  3.12997843e-04   0.0000
 -1.53773511e-03   0.0000
 -2.74952804e-03   0.0000
  1.52462432e-02   0.0000
  4.91606025e-03   0.0000
  5.70032571e-04   0.0000
 -8.73592391e-04   0.0000
 -8.31841375e-04   0.0000
 -7.98352354e-04   0.0000
  1.19519781e-03   0.0000
  8.79034924e-04   0.0000
  1.46397937e-03   0.0000
  6.10151037e-04   0.0000
 -3.49033996e-03   0.0000
 -5.28727775e-04   0.0000
 -1.35793453e-02   0.0000
  1.03872828e-03   0.0000
 -5.80443349e-03   0.0000
 -2.16448703e-03   0.0000
 -2.37711892e-03   0.0000
 -1.83530897e-02   0.0000
 -2.20956653e-03   0.0000
 -6.70398865e-03   0.0000
  4.07780800e-03   0.0000
  8.84466455e-04   0.0000
 -3.27400514e-04   0.0000
 -3.29787517e-03   0.0000
 -1.42759997e-02   0.0000
  1.49270352e-02   0.0000
 -5.41059359e-04   0.0000
 -5.22520719e-03   0.0000
  1.73779037e-02   0.0000
  2.84990121e-04   0.0000
  4.86454647e-03   0.0000
  1.14465540e-03   0.0000
 -2.35335343e-02   0.0000
  5.15547581e-03   0.0000
 -1.03394734e-02   0.0000
  3.98145616e-03   0.0000
 -1.09960418e-03   0.0000
  2.43765349e-03   0.0000
 -1.77901832e-03   0.0000
  3.31589133e-02   0.0000
 -8.61955341e-03   0.0000
 -5.83407760e-04   0.0000
 -2.49027362e-04   0.0000
 -4.28280560e-03   0.0000
 -7.17520714e-02   0.0000
 -2.01501139e-03   0.0000
 -8.54807440e-05   0.0000
 -2.34560436e-03   0.0000
 -7.03965604e-01   0.0000
  5.73013008e-01   0.0000
 -7.46632099e-01   0.0000
  7.47782085e-03   0.0000
  1.31768268e-02   0.0000
  2.74028152e-01   0.0000
 -8.28183955e-04   0.0000
  3.60582501e-01   0.0000
 -3.01820487e-01   0.0000
  3.68948340e-01   0.0000
  1.95201463e-03   0.0000
 -2.78138593e-02   0.0000
  1.04372585e+00   0.0000
  1.51384883e-02   0.0000
  1.14942137e-02   0.0000
 -5.80145000e-03   0.0000
  4.60501164e-01   0.0000
 -4.56379682e-01   0.0000
  7.95520246e-01   0.0000
 -1.05652964e+00   0.0000
  4.84656403e-03   0.0000
 -2.01791421e-01   0.0000
 -3.59173096e-03   0.0000
 -2.23465025e-01   0.0000
  9.89554405e-01   0.0000
 -9.30254519e-01   0.0000
  5.46509586e-03   0.0000
 -3.18571553e-03   0.0000
 -7.77238667e-01   0.0000
  1.82493497e-02   0.0000
  1.96805168e-02   0.0000
 -7.42754142e-04   0.0000
  3.38660955e-01   0.0000
 -2.67767727e-01   0.0000
  4.82955635e-01   0.0000
 -1.07946329e-01   0.0000
 -4.00393084e-03   0.0000
 -5.89820333e-02   0.0000
 -1.82166498e-03   0.0000
 -1.23940170e-01   0.0000
  2.03083500e-01   0.0000
 -2.35808343e-01   0.0000
  5.92418597e-04   0.0000
  1.39015615e-02   0.0000
 -5.96954107e-01   0.0000
  8.63139704e-03   0.0000
 -2.08925107e-03   0.0000
  1.94868296e-02   0.0000
 -3.25083936e-04   0.0000
  2.02806084e-03   0.0000
  5.63435927e-02   0.0000
  8.24110303e-03   0.0000
 -1.26645423e-03   0.0000
 -1.45776970e-02   0.0000
 -5.67905488e-04   0.0000
 -1.62347758e-04   0.0000
  5.48560396e-02   0.0000
 -5.35994247e-02   0.0000
  1.48175540e-03   0.0000
 -1.86500838e-05   0.0000
 -4.84388787e-04   0.0000
 -2.87890853e-03   0.0000
  5.20632369e-04   0.0000
  1.59247790e-03   0.0000
 -1.69748662e-03   0.0000
  3.24018835e-03   0.0000
  6.72901399e-04   0.0000
 -1.22483214e-03   0.0000
 -1.40213792e-03   0.0000
 -4.56806447e-05   0.0000
  7.85860466e-04   0.0000
 -2.64000287e-03   0.0000
  3.75121919e-04   0.0000
 -1.07851774e-05   0.0000
  4.06787149e-04   0.0000
  2.01559183e-03   0.0000
 -7.01138517e-04   0.0000
  7.18601700e-03   0.0000
  1.27244485e-03   0.0000
 -3.21586779e-03   0.0000
 -1.47208581e-02   0.0000
  7.72583589e-04   0.0000
  1.35807414e-02   0.0000
 -1.75790151e-03   0.0000
 -2.98251747e-03   0.0000
  8.78276187e-04   0.0000
  6.38551079e-03   0.0000
  1.55494558e-02   0.0000
  1.21060852e-03   0.0000
 -6.51394203e-03   0.0000
 -1.45150186e-03   0.0000
  1.44210330e-03   0.0000
 -6.39590919e-02   0.0000
 -1.26099330e-03   0.0000
  1.21691590e-02   0.0000
  9.78900585e-04   0.0000
  5.90487480e-01   0.0000
 -5.46162426e-01   0.0000
  6.67956352e-01   0.0000
 -5.84740937e-02   0.0000
 -1.06098829e-02   0.0000
 -2.66935647e-01   0.0000
 -1.87278376e-03   0.0000
 -3.14346135e-01   0.0000
  3.03929776e-01   0.0000
 -3.72256219e-01   0.0000
 -3.35940596e-04   0.0000
 -7.64655694e-03   0.0000
 -8.85359466e-01   0.0000
 -8.47405195e-03   0.0000
  1.50301657e-03   0.0000
  1.61061771e-02   0.0000
 -9.34334695e-02   0.0000
  5.46775833e-02   0.0000
 -1.63999930e-01   0.0000
  2.14336708e-01   0.0000
 -4.57422342e-03   0.0000
  6.60042651e-03   0.0000
 -1.96278008e-04   0.0000
  4.59903246e-03   0.0000
 -1.56387746e-01   0.0000
  1.26335606e-01   0.0000
 -1.94532657e-03   0.0000
 -8.29875877e-04   0.0000
  1.75628170e-01   0.0000
  3.72156326e-04   0.0000
  3.35649759e-01   0.0000
 -6.62641553e-03   0.0000
 -2.15277719e+00   0.0000
  2.00415540e+00   0.0000
 -3.26905465e+00   0.0000
  5.32685709e+00   0.0000
  7.02157468e-02   0.0000
  1.08815968e+00   0.0000
  3.45378881e-03   0.0000
  1.19917846e+00   0.0000
 -4.14334202e+00   0.0000
  3.65426517e+00   0.0000
  2.03112233e-03   0.0000
  1.23709954e-01   0.0000
  3.37975812e+00   0.0000
 -7.99109191e-02   0.0000
  7.56399453e-01   0.0000

