 5 0.000000 1
 1 
 Si 28.085500
 0 0.250000 4.500000 1.000000 1.000000 
 5 0 1 2 3 4
 8 2.15000 2.30000 2.45000 2.60000 2.75000 3.00000 3.50000 4.00000
 1 12.169200 6.172630 3.114710 0.755675 0.404939 0.036124 0.650018 0.572890
 5 40 13 13 13 1
  6.73541844e-01   0.0000
 -2.24624932e-01   0.0000
 -2.03415811e-01   0.0000
  3.51488471e+00   0.0000
  3.85406256e+00   0.0000
  5.20098388e-01   0.0000
  3.99109691e-01   0.0000
  2.24506116e+00   0.0000
  1.44735098e+00   0.0000
  1.12643754e+00   0.0000
 -3.95384073e-01   0.0000
 -1.72986364e+00   0.0000
 -4.22047168e-01   0.0000
  6.96773708e-01   0.0000
 -6.15232408e-01   0.0000
  1.29187632e+00   0.0000
  3.62479949e+00   0.0000
  1.34893262e+00   0.0000
 -1.41882479e+00   0.0000
  1.19149953e-01   0.0000
  2.44054365e+00   0.0000
  6.51818097e-01   0.0000
  1.12240756e+00   0.0000
 -3.71587276e-01   0.0000
  2.84254909e-01   0.0000
  2.61561513e-01   0.0000
  6.25856698e-01   0.0000
 -1.26471794e+00   0.0000
  1.17633653e+00   0.0000
  3.76080537e+00   0.0000
  6.62564635e-02   0.0000
  5.29858410e-01   0.0000
  6.65781796e-01   0.0000
  2.29520416e+00   0.0000
  8.77164483e-01   0.0000
  9.93435204e-01   0.0000
 -3.78816932e-01   0.0000
  3.59024405e-01   0.0000
  1.46694469e+00   0.0000
  1.25028789e+00   0.0000
 -9.56271529e-01   0.0000
  1.21906376e+00   0.0000
  2.88241315e+00   0.0000
  3.86687249e-01   0.0000
  2.17488766e+00   0.0000
  8.76610875e-01   0.0000
  1.82204282e+00   0.0000
  9.33547139e-01   0.0000
  1.35177469e+00   0.0000
 -8.69413912e-01   0.0000
  8.21779549e-01   0.0000
  6.51026547e-01   0.0000
  1.59772789e+00   0.0000
 -7.25118995e-01   0.0000
  4.64467347e-01   0.0000
  2.39101911e+00   0.0000
  2.86408722e-01   0.0000
  1.45204759e+00   0.0000
  1.44399539e-01   0.0000
  1.43438923e+00   0.0000
  8.57561886e-01   0.0000
  1.52945685e+00   0.0000
 -8.30335021e-01   0.0000
  7.71884382e-01   0.0000
 -8.02788138e-01   0.0000
  2.53582740e+00   0.0000
 -7.76125312e-01   0.0000
  1.90010762e+00   0.0000
  2.08410883e+00   0.0000
 -8.50849748e-02   0.0000
 -1.19316125e+00   0.0000
 -1.23307800e+00   0.0000
  8.19024444e-01   0.0000
  1.12495530e+00   0.0000
  1.25581920e+00   0.0000
  1.23988576e-02   0.0000
 -5.76842666e-01   0.0000
 -1.79622209e+00   0.0000
  4.00732183e+00   0.0000
  6.45167232e-01   0.0000
  2.90918589e-01   0.0000
  9.28764284e-01   0.0000
  2.36701131e+00   0.0000
  8.28300834e-01   0.0000
  5.36246747e-02   0.0000
  3.01471263e-01   0.0000
  1.34527040e+00   0.0000
  1.30558968e+00   0.0000
  7.40070343e-01   0.0000
  8.79752457e-01   0.0000
  5.48880696e-01   0.0000
  3.82596350e+00   0.0000
  3.09189819e-02   0.0000
 -2.95078659e+00   0.0000
 -2.14450049e+00   0.0000
  3.19703317e+00   0.0000
 -5.86687922e-01   0.0000
  2.90281437e-02   0.0000
  6.76694810e-01   0.0000
 -2.35967112e+00   0.0000
  4.37046587e-01   0.0000
 -3.09418797e+00   0.0000
 -7.70701289e-01   0.0000
 -1.13389499e-01   0.0000
  1.29414015e-02   0.0000
  7.80552506e-01   0.0000
  5.28885961e-01   0.0000
 -2.33287311e+00   0.0000
 -2.60230482e-01   0.0000
  7.95028269e-01   0.0000
 -1.60195279e+00   0.0000
  4.97453332e-01   0.0000
  9.68662918e-01   0.0000
  9.82562065e-01   0.0000
  3.45382541e-01   0.0000
  9.65276778e-01   0.0000
  1.01893210e+00   0.0000
  2.01737791e-01   0.0000
  1.22980249e+00   0.0000
  1.87033843e-02   0.0000
 -1.86308861e+00   0.0000
  7.05383837e-01   0.0000
  3.79276723e-01   0.0000
  1.39212644e+00   0.0000
  3.33160311e-01   0.0000
  1.31637847e+00   0.0000
  7.32799828e-01   0.0000
  6.45352960e-01   0.0000
  7.02000201e-01   0.0000
  9.18480039e-01   0.0000
  1.36099100e-01   0.0000
  9.16394532e-01   0.0000
 -2.90207565e-01   0.0000
 -2.14328241e+00   0.0000
  1.66533256e+00   0.0000
 -1.10832059e+00   0.0000
  1.54115629e+00   0.0000
  3.37681025e-01   0.0000
  1.18199039e+00   0.0000
  6.05726182e-01   0.0000
  6.61850154e-01   0.0000
  8.13850611e-02   0.0000
 -6.89850450e-02   0.0000
  4.62061077e-01   0.0000
 -2.24950805e-01   0.0000
 -6.23979986e-01   0.0000
 -2.59742355e+00   0.0000
  1.96690178e+00   0.0000
 -2.07885909e+00   0.0000
  2.76452333e-01   0.0000
  9.15199518e-02   0.0000
  9.44648981e-01   0.0000
  4.48519945e-01   0.0000
  6.09391153e-01   0.0000
 -9.79264438e-01   0.0000
 -1.21398664e+00   0.0000
  4.79094148e-01   0.0000
 -8.53145719e-01   0.0000
 -1.48685679e-01   0.0000
 -2.95564318e+00   0.0000
  2.17587638e+00   0.0000
 -1.36055934e+00   0.0000
 -6.27937496e-01   0.0000
  2.04102322e-01   0.0000
  8.92827928e-01   0.0000
  5.39248943e-01   0.0000
  4.88135010e-01   0.0000
 -1.28854251e+00   0.0000
 -1.07690942e+00   0.0000
  4.90291983e-01   0.0000
 -1.34125221e+00   0.0000
  8.37216794e-01   0.0000
 -3.70006108e+00   0.0000
  7.39627898e-01   0.0000
  3.78906274e+00   0.0000
  6.76684022e-01   0.0000
 -1.52391836e-01   0.0000
  8.30685079e-01   0.0000
  5.16886771e-01   0.0000
  7.79570460e-01   0.0000
  7.97725618e-01   0.0000
  1.44598413e+00   0.0000
  5.98041952e-01   0.0000
  1.06412612e-01   0.0000
  2.04596162e+00   0.0000
 -2.00433850e+00   0.0000
 -1.45315742e+00   0.0000
 -9.71871495e-01   0.0000
 -3.51422369e-01   0.0000
 -4.16929096e-01   0.0000
  1.21899927e+00   0.0000
  4.03886676e-01   0.0000
  7.99179673e-01   0.0000
  1.15635705e+00   0.0000
 -4.33645070e-01   0.0000
  1.82245374e-01   0.0000
 -9.63276267e-01   0.0000
  9.41032648e-01   0.0000
 -6.60649717e-01   0.0000
 -7.02268422e-01   0.0000
 -3.79562712e+00   0.0000
 -6.94643855e-01   0.0000
 -5.58921695e-02   0.0000
  3.88299376e-01   0.0000
  6.61581233e-02   0.0000
  4.75654751e-02   0.0000
 -1.20201683e+00   0.0000
 -1.47320831e+00   0.0000
 -9.06522423e-02   0.0000
  1.67206097e+00   0.0000
 -9.63639021e-01   0.0000
 -4.42172885e-01   0.0000
 -1.31643784e+00   0.0000
  3.09900212e+00   0.0000
 -3.16161656e+00   0.0000
  2.99598932e-01   0.0000
  9.30954158e-01   0.0000
 -5.07682189e-02   0.0000
 -1.48056030e+00   0.0000
 -2.65050435e+00   0.0000
 -2.32703614e+00   0.0000
 -4.21010524e-01   0.0000
 -6.44110516e-02   0.0000
 -1.40792221e-01   0.0000
  2.07988486e-01   0.0000
 -1.94354033e+00   0.0000
  1.16970515e+00   0.0000
 -1.25150824e+00   0.0000
  4.81214374e-01   0.0000
  9.36214030e-01   0.0000
 -8.23115781e-02   0.0000
 -1.31598246e+00   0.0000
  1.02178752e-01   0.0000
 -6.23475552e-01   0.0000
 -4.04836573e-02   0.0000
 -1.42645526e+00   0.0000
 -4.48316514e-01   0.0000
  3.21733475e-01   0.0000
 -1.97313166e+00   0.0000
 -1.31320322e+00   0.0000
  1.14033997e+00   0.0000
  1.58918455e-01   0.0000
  1.43863213e+00   0.0000
 -4.02712598e-02   0.0000
 -7.87788630e-01   0.0000
  1.06845224e+00   0.0000
  7.34490991e-01   0.0000
 -1.29525334e-01   0.0000
 -1.65597987e+00   0.0000
 -9.94343340e-01   0.0000
 -3.91469836e-01   0.0000
 -7.81248033e-01   0.0000
 -2.31071162e+00   0.0000
  1.96127510e+00   0.0000
  1.86468005e-01   0.0000
  1.80343044e+00   0.0000
  4.88734722e-01   0.0000
 -3.77167821e-01   0.0000
  4.30053115e-01   0.0000
  1.39044189e+00   0.0000
  4.52568680e-01   0.0000
 -1.26257980e+00   0.0000
 -1.93670583e+00   0.0000
 -8.84244025e-01   0.0000
  1.10590887e+00   0.0000
 -1.56889498e+00   0.0000
  3.90766859e-01   0.0000
 -1.21962093e-01   0.0000
  1.85653794e+00   0.0000
  3.84279311e-01   0.0000
 -1.56768024e-01   0.0000
 -4.35966522e-01   0.0000
  1.13645828e+00   0.0000
  5.93985617e-01   0.0000
  1.68915057e+00   0.0000
 -2.06490231e+00   0.0000
 -1.65455282e+00   0.0000
  2.71699023e+00   0.0000
  8.45148206e-01   0.0000
 -1.29562151e+00   0.0000
 -1.56390831e-01   0.0000
  1.84877431e+00   0.0000
  7.63981581e-01   0.0000
  6.24779105e-01   0.0000
 -1.84560061e+00   0.0000
 -1.86374795e+00   0.0000
  6.53615475e-01   0.0000
  2.73022938e+00   0.0000
 -1.44978821e-01   0.0000
 -6.43789530e-01   0.0000
  1.96945441e+00   0.0000
 -8.68798375e-01   0.0000
  6.24704599e-01   0.0000
 -1.62521794e-01   0.0000
  1.54907048e+00   0.0000
  4.95026618e-01   0.0000
  3.07278395e-01   0.0000
 -1.62522125e+00   0.0000
  6.61901176e-01   0.0000
  2.34333068e-01   0.0000
 -4.48365152e-01   0.0000
 -3.27566378e-02   0.0000
  1.88989490e-01   0.0000
  6.81057751e-01   0.0000
 -4.63400221e+00   0.0000
  2.69551969e+00   0.0000
 -3.24136578e-02   0.0000
  5.09776533e-01   0.0000
  1.30645469e-01   0.0000
 -3.00120600e-02   0.0000
 -5.45205116e-01   0.0000
  2.72073150e+00   0.0000
  1.74692526e-01   0.0000
  8.27954829e-01   0.0000
 -2.63886356e+00   0.0000
 -7.84805268e-02   0.0000
 -3.10196966e-01   0.0000
 -2.30223036e+00   0.0000
  1.58150458e+00   0.0000
  5.10472715e-01   0.0000
  1.59070063e+00   0.0000
 -4.52162832e-01   0.0000
 -1.85235572e+00   0.0000
  2.26822659e-01   0.0000
 -8.50601256e-01   0.0000
 -1.63895756e-01   0.0000
  1.18330359e+00   0.0000
 -1.64901897e-01   0.0000
 -5.58248580e-01   0.0000
 -1.90776181e+00   0.0000
  1.22415268e+00   0.0000
 -2.27640772e+00   0.0000
  3.85467350e-01   0.0000
  4.46251303e-01   0.0000
 -3.80412459e-01   0.0000
 -1.07321787e+00   0.0000
  1.72783041e+00   0.0000
  2.30243111e+00   0.0000
 -1.76469162e-02   0.0000
  6.72193229e-01   0.0000
  1.21386826e+00   0.0000
 -9.53470588e-01   0.0000
 -2.55907965e+00   0.0000
  1.37001944e+00   0.0000
  1.48493636e+00   0.0000
  2.71035075e-01   0.0000
 -3.81497711e-01   0.0000
 -7.80824423e-01   0.0000
 -6.07230246e-01   0.0000
  6.44748449e-01   0.0000
 -4.55366254e-01   0.0000
  3.35011721e-01   0.0000
 -4.06109095e-01   0.0000
  9.55278456e-01   0.0000
 -1.67575133e+00   0.0000
 -1.82063603e+00   0.0000
  4.05935049e-02   0.0000
  6.99715197e-01   0.0000
  1.23715900e-01   0.0000
 -1.00011003e+00   0.0000
 -5.00981092e-01   0.0000
 -2.14896753e-01   0.0000
 -7.24794269e-01   0.0000
 -1.61224771e+00   0.0000
  7.09004104e-01   0.0000
 -3.98113191e-01   0.0000
 -5.23069263e-01   0.0000
 -2.26008558e+00   0.0000
 -1.27978846e-01   0.0000
 -6.27695084e-01   0.0000
 -6.80595279e-01   0.0000
  5.26091576e-01   0.0000
 -1.86974490e+00   0.0000
 -7.49705851e-01   0.0000
 -3.77635032e-01   0.0000
 -6.64244652e-01   0.0000
 -7.44313359e-01   0.0000
  7.81925678e-01   0.0000
  1.24035740e+00   0.0000
 -2.62404990e+00   0.0000
 -1.95329452e+00   0.0000
  2.54290628e+00   0.0000
  3.43645334e-01   0.0000
 -8.62859488e-01   0.0000
  4.24681365e-01   0.0000
 -2.11180186e+00   0.0000
 -5.82616627e-01   0.0000
 -9.50375140e-01   0.0000
  2.21895427e-01   0.0000
  9.87186253e-01   0.0000
  1.41558266e+00   0.0000
  2.53594851e+00   0.0000
 -2.07244945e+00   0.0000
  5.55091381e-01   0.0000
  2.57710361e+00   0.0000
  3.86295766e-01   0.0000
  1.75098181e-02   0.0000
  2.22674355e-01   0.0000
 -1.86327100e+00   0.0000
 -7.08482683e-01   0.0000
 -2.67804313e+00   0.0000
  1.11429310e+00   0.0000
 -1.78375793e+00   0.0000
  1.11368454e+00   0.0000
  1.25189996e+00   0.0000
 -2.33500116e-02   0.0000
  7.11497128e-01   0.0000
  1.41353786e+00   0.0000
 -1.09924388e+00   0.0000
 -4.76387292e-01   0.0000
 -1.02875829e-02   0.0000
 -9.32447910e-01   0.0000
 -3.30640495e-01   0.0000
 -1.93117261e+00   0.0000
  1.66645467e+00   0.0000
  1.01246822e+00   0.0000
  1.18842624e-01   0.0000
 -1.09890652e+00   0.0000
 -4.98637170e-01   0.0000
 -3.37632132e+00   0.0000
 -1.01251304e+00   0.0000
 -8.98839474e-01   0.0000
  7.22115576e-01   0.0000
  6.07972205e-01   0.0000
  6.68842375e-01   0.0000
  3.81691843e-01   0.0000
  3.05462807e-01   0.0000
 -9.05528665e-02   0.0000
  1.17540848e+00   0.0000
 -1.33538648e-01   0.0000
  1.14516032e+00   0.0000
  8.67312193e-01   0.0000
 -2.84291697e+00   0.0000
 -1.93125474e+00   0.0000
 -7.05273509e-01   0.0000
  9.57110450e-02   0.0000
  3.79259825e-01   0.0000
  1.53009966e-01   0.0000
 -3.02435900e-03   0.0000
  4.40794975e-02   0.0000
  1.57271993e+00   0.0000
 -6.87995791e-01   0.0000
  1.21441245e-01   0.0000
  1.45061064e+00   0.0000
  8.14834893e-01   0.0000
 -2.18833447e+00   0.0000
 -2.17024183e+00   0.0000
 -1.29998684e-01   0.0000
 -5.31530440e-01   0.0000
  3.45864385e-01   0.0000
 -4.80188340e-01   0.0000
 -3.49704981e-01   0.0000
 -1.01762688e+00   0.0000
  1.69674492e+00   0.0000
 -5.02702534e-01   0.0000
  3.33174676e-01   0.0000
  4.08047974e-01   0.0000
 -2.60301650e-01   0.0000
 -1.46743906e+00   0.0000
 -1.48878837e+00   0.0000
  1.68143213e-01   0.0000
  5.12529314e-01   0.0000
  2.55061418e-01   0.0000
 -1.10786998e+00   0.0000
 -5.57559133e-01   0.0000
 -1.76583660e+00   0.0000
  3.34744126e-01   0.0000
  3.64297509e-01   0.0000
  3.02649885e-01   0.0000
 -1.81516290e-01   0.0000
 -1.47880411e+00   0.0000
 -4.74580675e-01   0.0000
 -1.04174101e+00   0.0000
  1.89554274e-01   0.0000
  1.46531031e-01   0.0000
  2.86125511e-01   0.0000
 -1.68517220e+00   0.0000
 -1.01264179e+00   0.0000
 -2.33714104e+00   0.0000
  2.81486273e-01   0.0000
  1.13170773e-01   0.0000
  6.20620251e-01   0.0000
  8.85275364e-01   0.0000
 -2.18707538e+00   0.0000
  2.08027318e-01   0.0000
 -1.27859101e-01   0.0000
 -2.05764443e-01   0.0000
 -2.50721365e-01   0.0000
  4.37268138e-01   0.0000
 -2.68932176e+00   0.0000
 -1.59995258e+00   0.0000
 -2.51902294e+00   0.0000
  1.57109725e+00   0.0000
 -7.23103881e-01   0.0000
  1.50267458e+00   0.0000
  9.39577878e-01   0.0000
  1.06464291e+00   0.0000
  9.44391966e-01   0.0000
  1.26735985e+00   0.0000
  1.60202861e-01   0.0000
  4.93294716e-01   0.0000
  5.89596629e-01   0.0000
 -1.16040087e+00   0.0000
 -8.65973353e-01   0.0000
 -1.71177661e+00   0.0000
 -2.98494905e-01   0.0000
  7.15193689e-01   0.0000
  1.61876750e+00   0.0000
 -2.30854940e+00   0.0000
  1.68869281e+00   0.0000
  4.18941826e-02   0.0000
  1.75410926e+00   0.0000
  3.19930339e+00   0.0000
 -1.41093647e+00   0.0000
 -2.54238397e-01   0.0000
  1.53661954e+00   0.0000
  4.88075346e-01   0.0000
  8.72089863e-02   0.0000
  9.87585962e-01   0.0000
 -2.38908982e+00   0.0000
  1.65595865e+00   0.0000
  2.09422842e-01   0.0000
  1.55496269e-01   0.0000
  1.07709086e+00   0.0000
  1.07931149e+00   0.0000
 -1.98144019e+00   0.0000
 -5.45580578e+00   0.0000
  2.10796142e+00   0.0000
  1.64958262e+00   0.0000
  3.36867422e-01   0.0000
 -1.06516409e+00   0.0000
 -6.16312101e-02   0.0000
  1.76148385e-01   0.0000
 -2.01564774e-01   0.0000
 -1.00334918e+00   0.0000
 -1.17792189e+00   0.0000
 -4.84477207e-02   0.0000
 -5.54328382e-01   0.0000
 -1.61811724e-01   0.0000
 -4.26330000e-01   0.0000
 -5.52331150e-01   0.0000
 -1.66717505e+00   0.0000
  1.83966309e-01   0.0000
  2.66223979e+00   0.0000
 -3.91064323e-02   0.0000
 -2.39622563e-01   0.0000
 -1.82374477e-01   0.0000
  1.46764421e+00   0.0000
  2.70900249e-01   0.0000
 -1.15884081e-01   0.0000
 -1.45798445e+00   0.0000
  2.08483982e+00   0.0000
 -8.59163344e-01   0.0000
  1.16592848e+00   0.0000
  1.75869429e+00   0.0000
  4.65587020e-01   0.0000
 -9.48931813e-01   0.0000
 -4.08796597e+00   0.0000
 -2.44094864e-01   0.0000
  3.18211585e-01   0.0000
  1.44694269e-01   0.0000
  5.24760067e-01   0.0000
  1.59625754e-01   0.0000
  1.67609620e+00   0.0000
 -1.69504595e+00   0.0000
  1.00559950e+00   0.0000
 -5.80492020e-01   0.0000
  2.17993832e+00   0.0000
 -9.77565467e-01   0.0000
 -2.10445499e+00   0.0000
  5.06522226e+00   0.0000
  3.07143950e+00   0.0000
  1.36022419e-01   0.0000
  1.27270651e+00   0.0000
  1.78313994e+00   0.0000
  2.08815128e-01   0.0000
  6.07331455e-01   0.0000
  3.17716265e+00   0.0000
  5.54797612e-03   0.0000
 -1.16566169e+00   0.0000
  1.22512686e+00   0.0000
 -4.31832410e-02   0.0000
 -3.26532984e+00   0.0000
 -3.52268815e+00   0.0000
  2.48747659e+00   0.0000
 -2.69507468e-01   0.0000
 -8.40998948e-01   0.0000
 -1.75704312e+00   0.0000
  1.24883205e-01   0.0000
 -2.84276038e-01   0.0000
 -6.85650468e-01   0.0000
 -2.24426419e-01   0.0000
 -8.32220316e-01   0.0000
 -1.73641479e+00   0.0000
  1.77029252e-01   0.0000
  5.13596630e+00   0.0000
  1.34194839e+00   0.0000
 -2.10252905e+00   0.0000
  9.86990690e-01   0.0000
  3.88273072e+00   0.0000
 -1.06447113e+00   0.0000
  3.34782809e-01   0.0000
  2.09394097e+00   0.0000
 -5.76541483e-01   0.0000
  1.15841925e+00   0.0000
  2.21264338e+00   0.0000
  4.84404594e-01   0.0000
 -1.44942546e+00   0.0000
  2.60957837e+00   0.0000
 -5.10488939e+00   0.0000
  2.24694395e+00   0.0000
 -3.97945225e-01   0.0000
  5.56313372e+00   0.0000
  3.74536276e+00   0.0000
 -3.27991813e-01   0.0000
 -1.41700497e-02   0.0000
  3.45010281e+00   0.0000
 -1.03258885e-01   0.0000
  3.96016508e-01   0.0000
  4.83109665e+00   0.0000
  4.10199463e-01   0.0000
 -4.74579525e+00   0.0000
  3.76121819e-01   0.0000
 -1.65909961e-01   0.0000
 -3.27120125e-01   0.0000
  6.76447213e-01   0.0000
  4.84560400e-01   0.0000
 -1.95081402e-02   0.0000
 -9.90572274e-01   0.0000
  1.09101288e-01   0.0000
 -4.85676199e-01   0.0000
 -9.48426485e-01   0.0000
  1.16831362e+00   0.0000
  8.33142519e-01   0.0000
 -1.67747045e+00   0.0000
  1.22172999e+00   0.0000
  4.50498968e-01   0.0000
  4.91072208e-01   0.0000
 -4.71668482e-01   0.0000
 -3.50607783e-01   0.0000
  2.51190513e-01   0.0000
  7.73549676e-01   0.0000
 -9.62733269e-01   0.0000
  2.09431946e-01   0.0000
  6.35412782e-02   0.0000
 -1.52425170e+00   0.0000
  8.10422190e-03   0.0000
  1.25383210e+00   0.0000
 -2.81145263e+00   0.0000
  2.53975153e+00   0.0000
  2.62774900e-02   0.0000
 -1.02024770e+00   0.0000
 -1.24562061e+00   0.0000
  2.03358650e-01   0.0000
  6.14978194e-01   0.0000
  1.25380504e+00   0.0000
  1.05517507e-01   0.0000
  1.26781061e-01   0.0000
 -1.63778043e+00   0.0000
  2.49621466e-01   0.0000
  1.26032785e-01   0.0000
  4.47774798e-01   0.0000
  1.72146785e+00   0.0000
  8.89984667e-02   0.0000
 -4.62864310e-01   0.0000
 -6.77018762e-01   0.0000
  6.85596615e-02   0.0000
  4.12937462e-01   0.0000
 -1.79620194e+00   0.0000
  1.21438071e-01   0.0000
  9.88093793e-01   0.0000
 -1.01175988e+00   0.0000
 -7.50830948e-01   0.0000
  2.26984501e+00   0.0000
 -2.40537405e+00   0.0000
 -2.96446472e-01   0.0000
  2.95436889e-01   0.0000
  1.99275863e+00   0.0000
 -2.18964744e+00   0.0000
  8.64950642e-02   0.0000
 -3.61942858e-01   0.0000
 -5.22223759e+00   0.0000
 -2.17046827e-01   0.0000
 -3.67906570e-01   0.0000
 -1.81173062e+00   0.0000
  4.38645363e-01   0.0000
 -5.35162926e-01   0.0000
 -3.23044181e+00   0.0000
  1.14091408e+00   0.0000
 -6.68347061e-01   0.0000
 -2.06927323e+00   0.0000
 -1.16790020e+00   0.0000
 -7.73020566e-01   0.0000
 -5.05404174e-01   0.0000
  3.54007769e+00   0.0000
 -7.17463315e-01   0.0000
  1.11424434e+00   0.0000
 -2.34155989e+00   0.0000
  1.07044864e+00   0.0000
  3.27007389e+00   0.0000
 -4.63287640e+00   0.0000
 -1.13278520e+00   0.0000
 -1.00176603e-01   0.0000
 -1.60557222e+00   0.0000
 -3.83373529e-01   0.0000
 -3.55839401e-01   0.0000
  8.47811103e-02   0.0000
 -5.71715295e-01   0.0000
  1.69841334e-01   0.0000
 -1.17527592e+00   0.0000
  3.69163036e-01   0.0000
  2.91770428e-01   0.0000
 -1.13315547e+00   0.0000
  4.35095340e-01   0.0000
  1.21347582e+00   0.0000
 -3.38066697e-01   0.0000
 -7.42311537e-01   0.0000
  4.73667473e-01   0.0000
 -3.45523447e-01   0.0000
  2.69497991e-01   0.0000
  5.80766201e-01   0.0000
  3.04260492e-01   0.0000
  3.73139620e-01   0.0000
  1.23373948e-01   0.0000
 -1.04455449e-01   0.0000
  7.58416593e-01   0.0000
 -7.43912339e-01   0.0000
  4.38437402e-01   0.0000
 -7.16067135e-01   0.0000
  5.03774071e+00   0.0000
 -4.82270755e-02   0.0000
 -1.96860313e+00   0.0000
 -3.16976726e-01   0.0000
 -6.09408677e-01   0.0000
 -1.17244494e+00   0.0000
 -8.79258066e-02   0.0000
  3.18063200e-01   0.0000
 -2.14864939e-01   0.0000
  2.84575391e+00   0.0000
  3.15617466e+00   0.0000
 -1.24554977e-01   0.0000
 -6.88827336e-01   0.0000
  2.55677438e+00   0.0000
  9.85702947e-02   0.0000
 -6.19074523e-01   0.0000
  6.88777864e-01   0.0000
 -1.45147154e-02   0.0000
 -6.32148743e-01   0.0000
  7.20456958e-01   0.0000
  4.94557768e-01   0.0000
 -5.78133702e-01   0.0000
  1.42863512e+00   0.0000
  1.17025471e+00   0.0000
  2.46992230e-01   0.0000
 -1.04239509e-01   0.0000
 -7.55345047e-01   0.0000
  3.81808370e-01   0.0000
 -4.58478369e-02   0.0000
  6.21115565e-01   0.0000
  1.05445534e-01   0.0000
  1.96162790e-01   0.0000
  5.14564693e-01   0.0000
  8.71609300e-02   0.0000
 -1.14997350e-01   0.0000
  5.20845234e-01   0.0000
 -2.72740185e-01   0.0000
  4.72833604e-01   0.0000
  3.22372586e-01   0.0000
 -1.02715158e+00   0.0000
 -3.55535775e-01   0.0000
  2.79432416e-01   0.0000
 -1.00022741e-01   0.0000
 -2.55256504e-01   0.0000
  3.69272441e-01   0.0000
 -3.83145928e-01   0.0000
 -4.77896452e-01   0.0000
  2.11784855e-01   0.0000
  4.36056197e-01   0.0000
 -1.99523902e+00   0.0000
 -2.59707630e-01   0.0000
 -1.84895918e-01   0.0000
  3.80760741e+00   0.0000
  9.53668877e-02   0.0000
 -1.60692334e+00   0.0000
  2.87659794e-01   0.0000
 -3.94864291e-01   0.0000
 -9.45531309e-01   0.0000
  3.78425241e-01   0.0000
  2.75877118e-01   0.0000
 -3.21399957e-01   0.0000
 -4.48083073e-01   0.0000
  3.15920329e+00   0.0000
  3.45618784e-01   0.0000
  4.51538831e-01   0.0000
 -5.64206243e-01   0.0000
 -3.85089010e-01   0.0000
 -2.19416484e-01   0.0000
 -6.16957784e-01   0.0000
 -9.85258967e-02   0.0000
 -2.52728522e-01   0.0000
 -3.98852050e-01   0.0000
 -2.01274961e-01   0.0000
  1.75905496e-01   0.0000
  8.57412338e-01   0.0000
 -1.60951877e+00   0.0000
 -1.89930379e-01   0.0000
  9.03495997e-02   0.0000
 -6.46303177e-01   0.0000
  2.28443250e-01   0.0000
  8.74439478e-01   0.0000
  4.00215089e-01   0.0000
  1.86783940e-01   0.0000
 -1.40379235e-01   0.0000
 -1.48714140e-01   0.0000
  1.34734362e-01   0.0000
  1.37024358e-01   0.0000
 -1.33015645e+00   0.0000
 -5.57157457e-01   0.0000
  1.06034510e-01   0.0000
 -3.91794533e-01   0.0000
  3.63376808e+00   0.0000
 -1.79963887e-01   0.0000
 -1.69143367e+00   0.0000
 -2.01796860e-01   0.0000
 -3.59943926e-01   0.0000
 -1.49219489e+00   0.0000
 -2.65319794e-01   0.0000
  1.50599524e-01   0.0000
  1.06168501e-01   0.0000
  1.78824127e+00   0.0000
  2.49007559e+00   0.0000
  4.69030887e-02   0.0000
  2.25091532e-01   0.0000
  7.22052038e-01   0.0000
 -3.25400047e-02   0.0000
 -2.06729993e-01   0.0000
  1.20288119e-01   0.0000
 -1.08726293e-01   0.0000
 -2.05012206e-02   0.0000
  1.79428473e-01   0.0000
 -3.73875983e-02   0.0000
  2.80667126e-01   0.0000
 -1.16885829e+00   0.0000
  1.89735484e+00   0.0000
  1.65714562e-01   0.0000
  2.62760073e-01   0.0000
 -4.41751528e+00   0.0000
  1.66449979e-01   0.0000
  2.14054060e+00   0.0000
  2.03948140e-01   0.0000
  4.03764814e-01   0.0000
 -1.89892024e-01   0.0000
  3.26717645e-02   0.0000
  1.80366009e-01   0.0000
  8.50361660e-02   0.0000
 -1.29427719e+00   0.0000
 -3.44910073e+00   0.0000
  1.01984866e-01   0.0000
 -2.75080711e-01   0.0000
  3.55029202e+00   0.0000
 -7.71888420e-02   0.0000
 -4.27236080e+00   0.0000
  2.67715633e-01   0.0000
 -5.64912856e-01   0.0000
 -2.09475398e+00   0.0000
  3.45742553e-01   0.0000
  2.60134697e-01   0.0000
 -3.16672474e-01   0.0000
  3.47047091e+00   0.0000
  4.52583981e+00   0.0000
  2.51319438e-01   0.0000
  5.86215615e-01   0.0000
 -2.82730246e+00   0.0000
 -4.09904830e-02   0.0000
  2.80155325e+00   0.0000
 -4.45647277e-02   0.0000
  2.29067788e-01   0.0000
  1.24555504e+00   0.0000
 -4.09815311e-01   0.0000
 -3.79068613e-01   0.0000
  1.24423310e-01   0.0000
  5.66459954e-01   0.0000
 -2.35134029e+00   0.0000
  2.33836770e-02   0.0000
  3.46979308e+00   0.0000
  3.99742579e+00   0.0000
 -3.57924581e+00   0.0000
 -1.18443739e+00   0.0000
 -3.55309296e+00   0.0000
 -3.52105737e+00   0.0000
 -2.53594828e+00   0.0000
 -3.49765468e+00   0.0000
 -3.55250955e+00   0.0000
  3.53346920e+00   0.0000
 -2.08331406e-01   0.0000
  2.51115203e+00   0.0000
 -3.59343410e+00   0.0000
 -2.87292147e+00   0.0000
  5.37048435e+00   0.0000
 -2.06278706e+00   0.0000
 -4.53766346e+00   0.0000
 -2.88778114e+00   0.0000
 -3.91968942e+00   0.0000
 -4.02479076e+00   0.0000
  1.94379973e+00   0.0000
  5.95713794e-01   0.0000
  4.44575518e-01   0.0000
  4.61182737e+00   0.0000
  5.11349678e+00   0.0000
 -2.34430432e+00   0.0000
  0.00000000e+00   0.0000

