 5 0.000000 1
 1 
 Si 28.085500
 0 0.250000 4.500000 1.000000 1.000000 
 5 0 1 2 3 4
 8 2.15000 2.30000 2.45000 2.60000 2.75000 3.00000 3.50000 4.00000
 1 12.169200 6.172630 3.114710 0.755675 0.404939 0.036124 0.650018 0.572890
 5 40 13 13 13 1
  8.82893980e-01   0.0000
 -3.45440835e-01   0.0000
  6.97973609e-01   0.0000
  1.38208938e+00   0.0000
  1.53656518e+00   0.0000
  9.15883541e-01   0.0000
  1.00971186e+00   0.0000
  2.11120367e+00   0.0000
  1.57290602e+00   0.0000
  1.23107433e+00   0.0000
 -7.34568596e-01   0.0000
 -1.43717313e+00   0.0000
 -8.94949362e-02   0.0000
  8.45569968e-01   0.0000
 -2.10117832e-01   0.0000
  1.54346740e+00   0.0000
  1.28022575e+00   0.0000
  5.34727454e-01   0.0000
 -4.99152392e-01   0.0000
  7.38414004e-02   0.0000
  2.41995287e+00   0.0000
  1.02864432e+00   0.0000
  1.22536480e+00   0.0000
 -7.66974688e-01   0.0000
 -2.55252987e-01   0.0000
  7.67052948e-01   0.0000
  7.22956717e-01   0.0000
 -6.35546327e-01   0.0000
  1.34483719e+00   0.0000
  1.71971631e+00   0.0000
  1.06555864e-01   0.0000
 -1.36701629e-01   0.0000
  3.97459231e-02   0.0000
  2.35482955e+00   0.0000
  1.11288583e+00   0.0000
  9.70216215e-01   0.0000
 -5.99217534e-01   0.0000
  2.75527000e-01   0.0000
  9.35750902e-01   0.0000
  1.29973435e+00   0.0000
 -6.45998538e-01   0.0000
  1.59252441e+00   0.0000
  1.49686956e+00   0.0000
  4.45878357e-01   0.0000
  2.63729572e-01   0.0000
  3.41838419e-01   0.0000
  1.94797027e+00   0.0000
  9.77004170e-01   0.0000
  1.16746581e+00   0.0000
 -9.39101398e-01   0.0000
  9.63259459e-01   0.0000
 -5.43500064e-03   0.0000
  1.59275997e+00   0.0000
 -8.88899207e-01   0.0000
  8.79283130e-01   0.0000
  1.78692067e+00   0.0000
  2.46192306e-01   0.0000
  3.02607030e-01   0.0000
  3.82109970e-01   0.0000
  1.65643072e+00   0.0000
  7.85476744e-01   0.0000
  1.19062769e+00   0.0000
 -9.59181607e-01   0.0000
  8.41865718e-01   0.0000
 -5.64574718e-01   0.0000
  2.44317484e+00   0.0000
 -9.98011768e-01   0.0000
  1.05477428e+00   0.0000
  2.04792547e+00   0.0000
  6.79785311e-01   0.0000
  1.05299759e+00   0.0000
  2.89624572e-01   0.0000
  1.22401893e+00   0.0000
  9.31842983e-01   0.0000
  6.72228336e-01   0.0000
 -6.16435707e-01   0.0000
 -4.03041631e-01   0.0000
 -1.74182212e+00   0.0000
  4.40211105e+00   0.0000
  4.33874488e-01   0.0000
 -9.10044368e-03   0.0000
  5.93847692e-01   0.0000
  2.79310918e+00   0.0000
  1.61447555e-01   0.0000
 -1.04672945e+00   0.0000
  7.78848112e-01   0.0000
  6.20548368e-01   0.0000
  4.36610967e-01   0.0000
 -2.81247613e-03   0.0000
 -2.28056088e-01   0.0000
  1.62192076e-01   0.0000
  3.50015378e+00   0.0000
 -5.84025562e-01   0.0000
 -1.38679910e+00   0.0000
 -1.72992444e+00   0.0000
  2.89662910e+00   0.0000
 -1.06080830e-01   0.0000
  3.75930905e-01   0.0000
  7.19439805e-01   0.0000
 -7.69540429e-01   0.0000
 -4.94433269e-02   0.0000
 -2.03827357e+00   0.0000
 -9.85787213e-01   0.0000
  1.13373309e-01   0.0000
  1.97432175e-01   0.0000
 -1.91095084e-01   0.0000
 -2.35039771e-01   0.0000
 -3.14713866e-01   0.0000
  1.38267502e-01   0.0000
  9.12949502e-01   0.0000
 -1.07256460e+00   0.0000
  3.19476485e-01   0.0000
  1.45100939e+00   0.0000
  1.07427180e+00   0.0000
  4.44615871e-01   0.0000
 -1.82281435e-01   0.0000
  4.95613813e-01   0.0000
  2.89438099e-01   0.0000
  5.08898556e-01   0.0000
 -1.73386022e-01   0.0000
 -6.78817689e-01   0.0000
  3.56880128e-01   0.0000
  2.80500054e-01   0.0000
  6.19736910e-01   0.0000
  2.31846258e-01   0.0000
  1.67487276e+00   0.0000
  9.47456479e-01   0.0000
  4.08102661e-01   0.0000
 -4.30905819e-01   0.0000
  1.89080164e-01   0.0000
  1.46989271e-01   0.0000
  7.40461051e-01   0.0000
 -1.55598834e-01   0.0000
 -1.28157759e+00   0.0000
  4.16048735e-01   0.0000
 -4.94560361e-01   0.0000
  1.07912767e+00   0.0000
  3.02484572e-01   0.0000
  1.56803524e+00   0.0000
  8.77164066e-01   0.0000
  3.25017124e-01   0.0000
 -2.68865287e-01   0.0000
  1.14739798e-01   0.0000
  4.18392479e-01   0.0000
  1.94956347e-01   0.0000
 -5.07537782e-01   0.0000
 -1.57469332e+00   0.0000
  7.43441880e-02   0.0000
 -8.78967762e-01   0.0000
  6.37758553e-01   0.0000
  1.14322111e-01   0.0000
  1.44254172e+00   0.0000
  7.27872968e-01   0.0000
  2.60990530e-01   0.0000
 -3.74498636e-01   0.0000
 -2.59159625e-01   0.0000
  4.00272727e-01   0.0000
 -1.44440159e-01   0.0000
 -3.76265943e-01   0.0000
 -1.51057386e+00   0.0000
  1.93413481e-01   0.0000
 -6.38459563e-01   0.0000
 -6.50746673e-02   0.0000
  2.80605257e-01   0.0000
  1.47686577e+00   0.0000
  7.99506605e-01   0.0000
  9.84638557e-02   0.0000
 -2.13881746e-01   0.0000
 -5.10018468e-01   0.0000
  3.84558529e-01   0.0000
 -1.42332017e+00   0.0000
 -4.28610682e-01   0.0000
 -1.81695914e+00   0.0000
 -1.52278110e-01   0.0000
  1.61904585e+00   0.0000
 -7.29958341e-02   0.0000
  5.93725313e-03   0.0000
  1.26945210e+00   0.0000
  7.13465571e-01   0.0000
  1.92318708e-01   0.0000
  4.75922197e-01   0.0000
 -2.42793813e-01   0.0000
  5.20419121e-01   0.0000
 -3.20701909e+00   0.0000
 -2.49571368e-01   0.0000
 -7.83011615e-01   0.0000
 -3.97255331e-01   0.0000
 -4.76611406e-01   0.0000
 -3.01328629e-01   0.0000
 -2.16652006e-01   0.0000
  8.51556182e-01   0.0000
  4.20083612e-01   0.0000
  1.40657276e-01   0.0000
  1.00620937e+00   0.0000
  7.20075190e-01   0.0000
  1.69375300e-01   0.0000
 -2.89570975e+00   0.0000
  2.56525539e-02   0.0000
 -2.78887928e-01   0.0000
 -4.09425050e-01   0.0000
 -4.25718355e+00   0.0000
 -5.34630239e-01   0.0000
  1.41853848e-02   0.0000
  1.72092915e-01   0.0000
  4.32613790e-02   0.0000
 -1.13809139e-01   0.0000
  4.73829359e-02   0.0000
 -1.72866628e-01   0.0000
  1.89487547e-01   0.0000
  1.11249363e+00   0.0000
 -8.96375954e-01   0.0000
  9.49769467e-02   0.0000
 -5.21349251e-01   0.0000
  1.58894682e+00   0.0000
 -2.11227345e+00   0.0000
  1.30975947e-01   0.0000
  7.58071542e-01   0.0000
 -7.21225590e-02   0.0000
 -7.85448998e-02   0.0000
 -2.32602215e+00   0.0000
 -1.74904501e+00   0.0000
 -2.41024554e-01   0.0000
  1.96265623e-01   0.0000
 -3.37053001e-01   0.0000
  9.49851424e-02   0.0000
 -5.83633602e-01   0.0000
  1.39990830e+00   0.0000
 -5.45449555e-01   0.0000
  3.93649280e-01   0.0000
  5.16791523e-01   0.0000
  4.95960703e-04   0.0000
 -4.97025192e-01   0.0000
 -2.44955510e-01   0.0000
 -7.07698405e-01   0.0000
  4.95902821e-02   0.0000
 -7.47052252e-01   0.0000
 -4.33928579e-01   0.0000
  5.82960285e-02   0.0000
 -8.62939894e-01   0.0000
  9.63966548e-02   0.0000
  3.41212183e-01   0.0000
  1.41789719e-01   0.0000
  9.55175638e-01   0.0000
  8.59465301e-02   0.0000
 -3.84519368e-01   0.0000
  7.11292207e-01   0.0000
  2.13345170e-01   0.0000
 -1.14452295e-01   0.0000
 -1.17900217e+00   0.0000
 -3.49254340e-01   0.0000
 -4.08865154e-01   0.0000
 -5.64342856e-01   0.0000
 -9.94374990e-01   0.0000
  6.74934387e-01   0.0000
  2.30726734e-01   0.0000
  1.38576388e+00   0.0000
  6.18738830e-01   0.0000
 -2.92096317e-01   0.0000
 -5.25630862e-02   0.0000
  6.75582945e-01   0.0000
  4.09677327e-01   0.0000
 -1.57749760e+00   0.0000
 -6.00611389e-01   0.0000
 -5.32848895e-01   0.0000
  2.50178397e-01   0.0000
 -1.27903235e+00   0.0000
 -2.09954336e-01   0.0000
 -2.23160516e-02   0.0000
  1.53560436e+00   0.0000
  5.01734316e-01   0.0000
 -3.36705774e-01   0.0000
 -1.18987656e+00   0.0000
  7.32777119e-01   0.0000
  4.93212253e-01   0.0000
 -4.54501390e-01   0.0000
 -5.20487010e-01   0.0000
 -1.08640254e+00   0.0000
  8.73765230e-01   0.0000
 -1.70059502e-01   0.0000
 -3.74023676e-01   0.0000
  2.34828759e-02   0.0000
  1.54426455e+00   0.0000
  8.52930427e-01   0.0000
  1.15576230e-01   0.0000
 -2.47004175e+00   0.0000
 -9.71111476e-01   0.0000
  5.62159300e-01   0.0000
 -5.25623977e-01   0.0000
 -3.32669646e-01   0.0000
 -8.60143781e-01   0.0000
  4.16156411e-01   0.0000
  9.08311188e-01   0.0000
  7.33809173e-01   0.0000
  4.89953943e-02   0.0000
  9.32840168e-01   0.0000
  4.97259051e-01   0.0000
 -2.38379151e-01   0.0000
  1.68918312e-01   0.0000
  8.49968374e-01   0.0000
  2.13880315e-01   0.0000
 -1.36283767e+00   0.0000
  1.18617602e-02   0.0000
  2.04035491e-02   0.0000
 -4.15883034e-01   0.0000
 -1.76680624e+00   0.0000
  1.63104546e+00   0.0000
  4.32141162e-02   0.0000
  2.38131091e-01   0.0000
  1.13156393e-01   0.0000
 -1.58325404e-01   0.0000
  3.88846159e-01   0.0000
  8.85470569e-01   0.0000
  4.24615979e-01   0.0000
  1.28671154e-01   0.0000
 -2.03640032e+00   0.0000
  6.03611648e-01   0.0000
 -7.70368800e-02   0.0000
 -2.21045661e+00   0.0000
  1.30187368e+00   0.0000
  3.38126272e-01   0.0000
  5.75851202e-01   0.0000
 -2.59895772e-01   0.0000
 -9.59979951e-01   0.0000
 -1.46147180e+00   0.0000
 -2.70244151e-01   0.0000
 -4.50027082e-03   0.0000
  6.50499046e-01   0.0000
 -5.95613599e-01   0.0000
  1.06156282e-01   0.0000
 -5.27428389e-01   0.0000
  6.30569041e-01   0.0000
 -1.52581012e+00   0.0000
  2.78584093e-01   0.0000
  1.74603797e-02   0.0000
 -7.11144134e-02   0.0000
 -6.35543942e-01   0.0000
  1.17611074e+00   0.0000
  5.59533715e-01   0.0000
  6.50562569e-02   0.0000
  1.03541613e+00   0.0000
  2.65483469e-01   0.0000
  1.30562380e-01   0.0000
 -9.12081599e-01   0.0000
  1.70307803e+00   0.0000
  5.56223989e-01   0.0000
  2.03171581e-01   0.0000
 -2.61726826e-01   0.0000
 -4.59945381e-01   0.0000
 -4.61893648e-01   0.0000
  1.85891294e+00   0.0000
 -3.84498909e-02   0.0000
  3.59298408e-01   0.0000
  4.78546500e-01   0.0000
  3.04340363e-01   0.0000
 -2.50672791e-02   0.0000
 -8.49885106e-01   0.0000
  8.21056247e-01   0.0000
  1.20777774e+00   0.0000
  6.26195669e-02   0.0000
 -5.37482798e-01   0.0000
 -2.34891593e-01   0.0000
 -2.43259668e-01   0.0000
  1.15967059e+00   0.0000
 -7.42714286e-01   0.0000
  6.95964515e-01   0.0000
  3.22521776e-02   0.0000
 -3.68590087e-01   0.0000
 -2.98637331e-01   0.0000
 -3.52218211e-01   0.0000
 -1.25215398e-02   0.0000
  4.94277656e-01   0.0000
  4.37318742e-01   0.0000
 -1.28574562e+00   0.0000
 -5.52790225e-01   0.0000
 -4.56812263e-01   0.0000
  5.43935716e-01   0.0000
 -4.78793263e-01   0.0000
  7.53402472e-01   0.0000
 -3.78966212e-01   0.0000
 -1.45083404e+00   0.0000
 -5.38309395e-01   0.0000
  8.28272223e-01   0.0000
 -4.96245772e-02   0.0000
 -1.47620249e+00   0.0000
  2.21848607e-01   0.0000
 -1.70288551e+00   0.0000
 -4.45496261e-01   0.0000
 -7.52942860e-01   0.0000
 -2.07035393e-01   0.0000
 -5.87349057e-01   0.0000
  1.44071627e+00   0.0000
 -1.63358018e-01   0.0000
 -1.69651484e+00   0.0000
 -3.00067700e-02   0.0000
  1.14617324e+00   0.0000
  9.85606134e-01   0.0000
  5.17960548e-01   0.0000
 -2.42902771e-01   0.0000
 -1.87820315e+00   0.0000
 -4.76844400e-01   0.0000
 -1.19998026e+00   0.0000
  1.64242244e+00   0.0000
 -7.54070759e-01   0.0000
  1.12475812e+00   0.0000
 -2.36128286e-01   0.0000
 -1.92891330e-01   0.0000
  3.96758974e-01   0.0000
  6.39359713e-01   0.0000
 -5.52853405e-01   0.0000
 -1.55320048e-01   0.0000
 -3.40658009e-01   0.0000
 -3.05377662e-01   0.0000
 -1.36740506e-01   0.0000
 -6.44175768e-01   0.0000
  1.63952518e+00   0.0000
  9.13917124e-01   0.0000
  3.26767147e-01   0.0000
  3.80439699e-01   0.0000
 -1.17816508e+00   0.0000
 -1.41677511e+00   0.0000
 -1.10979855e+00   0.0000
 -1.63551497e+00   0.0000
  6.04254603e-01   0.0000
  4.46126640e-01   0.0000
  6.87091053e-01   0.0000
  4.11324650e-01   0.0000
  4.06014651e-01   0.0000
  1.86303223e-03   0.0000
  1.26141894e+00   0.0000
 -1.11018959e-02   0.0000
  1.39075780e+00   0.0000
 -3.95091295e-01   0.0000
 -1.81914926e+00   0.0000
 -1.09192550e+00   0.0000
  7.59773493e-01   0.0000
  7.34462962e-02   0.0000
  2.91149557e-01   0.0000
  5.11143804e-02   0.0000
  1.07300945e-01   0.0000
  1.33306623e-01   0.0000
  1.03420198e+00   0.0000
  5.63002899e-02   0.0000
  1.87352613e-01   0.0000
  7.26943910e-01   0.0000
 -3.18317533e-01   0.0000
 -1.52291477e+00   0.0000
 -9.97854054e-01   0.0000
  7.86424041e-01   0.0000
  9.36097652e-02   0.0000
  3.07122201e-01   0.0000
 -5.20219147e-01   0.0000
 -2.25937441e-01   0.0000
 -7.92342484e-01   0.0000
  1.02805150e+00   0.0000
 -7.15474904e-01   0.0000
  3.79129499e-01   0.0000
 -8.13225627e-01   0.0000
 -5.74852824e-01   0.0000
 -7.72362471e-01   0.0000
 -4.70084757e-01   0.0000
 -5.03438830e-01   0.0000
  3.39904070e-01   0.0000
  2.34171852e-01   0.0000
 -9.70479846e-01   0.0000
 -4.45427537e-01   0.0000
 -1.40227807e+00   0.0000
  7.04747975e-01   0.0000
 -5.65194309e-01   0.0000
  3.67138773e-01   0.0000
 -1.44316292e+00   0.0000
 -8.12835097e-01   0.0000
  2.75213212e-01   0.0000
 -3.08799088e-01   0.0000
 -9.87077653e-01   0.0000
 -3.57732952e-01   0.0000
  2.47498527e-01   0.0000
 -1.33552599e+00   0.0000
 -8.85532737e-01   0.0000
 -1.89087939e+00   0.0000
  5.11337638e-01   0.0000
  1.94694493e-02   0.0000
  7.82165110e-01   0.0000
  8.72121006e-02   0.0000
 -8.71410668e-01   0.0000
  5.80886483e-01   0.0000
  4.21700656e-01   0.0000
  1.05990326e+00   0.0000
  2.86737949e-01   0.0000
  2.94456065e-01   0.0000
 -2.17996716e+00   0.0000
 -1.33582580e+00   0.0000
 -1.89951420e+00   0.0000
  1.05104005e+00   0.0000
  4.91549373e-02   0.0000
  1.81931376e+00   0.0000
  1.53886342e+00   0.0000
  4.18761194e-01   0.0000
  7.39117384e-01   0.0000
  1.63755512e+00   0.0000
  9.24105406e-01   0.0000
 -6.54094443e-02   0.0000
  2.22175926e-01   0.0000
 -1.20843804e+00   0.0000
 -3.98799926e-01   0.0000
 -5.44985533e-01   0.0000
  3.55713636e-01   0.0000
 -3.18253011e-01   0.0000
  1.72947454e+00   0.0000
 -7.15865016e-01   0.0000
  7.49979317e-01   0.0000
  3.28685820e-01   0.0000
  1.47259593e+00   0.0000
  6.13746703e-01   0.0000
 -3.14342499e-01   0.0000
 -3.65053058e-01   0.0000
  9.48891699e-01   0.0000
  6.14696920e-01   0.0000
  3.01050723e-01   0.0000
 -7.08296180e-01   0.0000
 -9.80647564e-01   0.0000
  2.49862909e+00   0.0000
  6.55233085e-01   0.0000
 -1.80380017e-01   0.0000
  2.05134138e-01   0.0000
  7.21588373e-01   0.0000
 -1.93724382e+00   0.0000
 -7.74461937e+00   0.0000
  2.61846685e+00   0.0000
  1.28127432e+00   0.0000
  3.88878465e-01   0.0000
 -1.06416512e+00   0.0000
  1.74688423e+00   0.0000
  1.36818528e+00   0.0000
 -1.24790840e-01   0.0000
 -6.31427050e-01   0.0000
 -8.20752263e-01   0.0000
 -2.62641143e-02   0.0000
 -1.87506735e-01   0.0000
 -1.90898180e-01   0.0000
 -2.35093445e-01   0.0000
 -2.72586048e-01   0.0000
 -1.52836120e+00   0.0000
 -1.90479130e-01   0.0000
  2.33520627e+00   0.0000
  3.94588888e-01   0.0000
 -1.37513757e-01   0.0000
 -1.49821445e-01   0.0000
  8.07468221e-02   0.0000
  5.57809472e-01   0.0000
 -2.15132684e-01   0.0000
 -3.16359639e-01   0.0000
  2.88870549e+00   0.0000
 -2.84391761e-01   0.0000
  1.25677347e+00   0.0000
  1.41812050e+00   0.0000
  6.67984843e-01   0.0000
 -1.66337836e+00   0.0000
 -4.49132824e+00   0.0000
 -6.31807387e-01   0.0000
  1.18227698e-01   0.0000
  7.56192207e-01   0.0000
  9.74529326e-01   0.0000
 -6.43726215e-02   0.0000
  6.69438243e-01   0.0000
 -1.05599046e+00   0.0000
  3.68880957e-01   0.0000
 -2.15657532e-01   0.0000
  9.05164957e-01   0.0000
 -7.11683214e-01   0.0000
 -9.53358531e-01   0.0000
  2.39235616e+00   0.0000
  2.21017838e+00   0.0000
  3.08718711e-01   0.0000
  1.41866183e+00   0.0000
  1.60719705e+00   0.0000
  2.23907024e-01   0.0000
  2.04083875e-01   0.0000
 -7.17431486e-01   0.0000
 -4.42399643e-02   0.0000
 -4.03116256e-01   0.0000
  1.31721950e+00   0.0000
 -1.87406123e-01   0.0000
 -2.90943336e+00   0.0000
 -1.16482806e+00   0.0000
  1.81896389e+00   0.0000
 -3.41305211e-02   0.0000
 -1.14363539e+00   0.0000
 -8.56158555e-01   0.0000
  2.12392464e-01   0.0000
  1.12807356e-01   0.0000
 -9.86762106e-01   0.0000
 -1.13675883e-02   0.0000
 -2.40665451e-01   0.0000
 -1.18023014e+00   0.0000
 -3.20973665e-01   0.0000
  3.49408889e+00   0.0000
  5.09907067e-01   0.0000
 -1.11893304e-01   0.0000
  5.22805572e-01   0.0000
  8.99010301e-01   0.0000
 -7.01134443e-01   0.0000
  1.01797476e-01   0.0000
  6.11167371e-01   0.0000
 -2.17959046e+00   0.0000
  4.23377901e-01   0.0000
  1.55875850e+00   0.0000
 -2.13727549e-01   0.0000
 -5.34787238e-01   0.0000
  2.15069318e+00   0.0000
 -5.39192152e+00   0.0000
  1.40535843e+00   0.0000
 -2.58912265e-01   0.0000
  5.58658934e+00   0.0000
  3.29977345e+00   0.0000
 -8.72340798e-02   0.0000
 -2.06395119e-01   0.0000
  2.08635020e+00   0.0000
 -2.77747829e-02   0.0000
 -4.00397152e-01   0.0000
  3.99799776e+00   0.0000
  1.89612448e-01   0.0000
 -3.45410252e+00   0.0000
  1.26507020e+00   0.0000
  5.42611480e-02   0.0000
 -2.83269227e-01   0.0000
  1.01382267e+00   0.0000
  7.57105112e-01   0.0000
  1.02152219e-02   0.0000
 -7.65904009e-01   0.0000
  5.98755538e-01   0.0000
 -3.74368429e-01   0.0000
 -7.41208196e-01   0.0000
  1.18206048e+00   0.0000
  5.07859588e-01   0.0000
 -1.15633094e+00   0.0000
  1.53794539e+00   0.0000
 -6.42253906e-02   0.0000
  4.85076845e-01   0.0000
 -5.76756120e-01   0.0000
 -3.78189057e-01   0.0000
  2.46082991e-01   0.0000
  6.85430884e-01   0.0000
 -1.07960868e+00   0.0000
  2.65966862e-01   0.0000
  1.15715817e-01   0.0000
 -1.58084738e+00   0.0000
 -3.57705325e-01   0.0000
  1.00154722e+00   0.0000
 -1.63408267e+00   0.0000
  1.80032039e+00   0.0000
 -1.54915843e-02   0.0000
 -6.48442209e-01   0.0000
 -6.79279864e-01   0.0000
  2.12470710e-01   0.0000
  5.71843743e-01   0.0000
  2.89873987e-01   0.0000
  1.30716726e-01   0.0000
  2.06651151e-01   0.0000
 -1.51302540e+00   0.0000
 -2.08813921e-01   0.0000
  1.79753691e-01   0.0000
  2.67956764e-01   0.0000
  1.06016254e+00   0.0000
  4.74315733e-02   0.0000
 -8.22804868e-01   0.0000
 -9.19838667e-01   0.0000
  3.60898040e-02   0.0000
  1.67810127e-01   0.0000
 -1.54163826e+00   0.0000
 -1.41994450e-02   0.0000
  7.09402144e-01   0.0000
 -1.06172085e+00   0.0000
 -3.90248507e-01   0.0000
  1.50247371e+00   0.0000
 -1.83421910e+00   0.0000
  2.84991413e-01   0.0000
  1.31941810e-01   0.0000
  7.29882419e-01   0.0000
 -2.82959521e-01   0.0000
 -1.98414773e-02   0.0000
  8.74324590e-02   0.0000
 -3.92004108e+00   0.0000
 -1.06596574e-01   0.0000
 -1.56005487e-01   0.0000
 -2.96782434e-01   0.0000
 -1.18809184e-02   0.0000
  2.90094972e-01   0.0000
 -1.92997253e+00   0.0000
  6.41576529e-01   0.0000
 -1.13072038e-01   0.0000
 -1.36992228e+00   0.0000
 -6.09306693e-01   0.0000
 -3.12433064e-01   0.0000
 -3.60248476e-01   0.0000
  1.47234440e+00   0.0000
 -4.66177970e-01   0.0000
  9.01046634e-01   0.0000
 -1.32382298e+00   0.0000
  2.33769640e-01   0.0000
  1.65213972e-01   0.0000
 -3.39076757e+00   0.0000
 -3.61014158e-01   0.0000
  7.85055943e-03   0.0000
 -9.43042219e-01   0.0000
  1.96188912e-01   0.0000
 -2.66221434e-01   0.0000
  4.06003475e-01   0.0000
  1.76852331e-01   0.0000
  3.26745749e-01   0.0000
 -8.12029481e-01   0.0000
  3.06980520e-01   0.0000
 -3.90404195e-01   0.0000
 -6.94973230e-01   0.0000
  1.13762462e+00   0.0000
  7.28620350e-01   0.0000
 -3.31668526e-01   0.0000
 -4.25163925e-01   0.0000
  4.70422417e-01   0.0000
  4.13992219e-02   0.0000
  2.65496492e-01   0.0000
  5.54150879e-01   0.0000
  1.94602072e-01   0.0000
  3.76349062e-01   0.0000
  1.23574115e-01   0.0000
 -1.05047487e-01   0.0000
  3.02421391e-01   0.0000
 -2.11370543e-01   0.0000
  4.39014703e-01   0.0000
 -6.85471535e-01   0.0000
  3.52359581e+00   0.0000
 -2.93920711e-02   0.0000
 -2.08257842e+00   0.0000
 -2.99869448e-01   0.0000
 -5.22056043e-01   0.0000
 -8.71629000e-01   0.0000
 -9.74203274e-02   0.0000
  3.12382340e-01   0.0000
 -2.15590060e-01   0.0000
  1.59116328e+00   0.0000
  2.05563879e+00   0.0000
 -1.07526280e-01   0.0000
 -7.02193439e-01   0.0000
  1.58686590e+00   0.0000
  9.07629579e-02   0.0000
 -1.33716261e+00   0.0000
  6.76694095e-01   0.0000
 -3.20128538e-02   0.0000
 -6.23554528e-01   0.0000
  7.34502435e-01   0.0000
  5.00180364e-01   0.0000
 -5.77976704e-01   0.0000
  1.34636569e+00   0.0000
  1.15053737e+00   0.0000
  2.34248847e-01   0.0000
 -1.01416670e-01   0.0000
 -5.43426037e-01   0.0000
  3.78965020e-01   0.0000
  3.87298390e-02   0.0000
  6.17766261e-01   0.0000
  8.55630115e-02   0.0000
  9.67154950e-02   0.0000
  5.16955912e-01   0.0000
  8.73099938e-02   0.0000
 -1.15081772e-01   0.0000
  3.06470573e-01   0.0000
 -4.48189601e-02   0.0000
  4.71910566e-01   0.0000
  3.37190837e-01   0.0000
 -6.21264338e-01   0.0000
 -3.60764951e-01   0.0000
  9.99242067e-02   0.0000
 -1.09474994e-01   0.0000
 -2.97051221e-01   0.0000
  1.45933166e-01   0.0000
 -3.76703143e-01   0.0000
 -4.77380157e-01   0.0000
  2.10450277e-01   0.0000
 -1.01059414e-02   0.0000
 -8.01538229e-01   0.0000
 -2.59617805e-01   0.0000
 -1.96868449e-01   0.0000
  2.82262826e+00   0.0000
  1.07092656e-01   0.0000
 -1.86030698e+00   0.0000
  2.95536190e-01   0.0000
 -3.26989263e-01   0.0000
 -2.84159809e-01   0.0000
  3.73270124e-01   0.0000
  2.77800381e-01   0.0000
 -3.22990865e-01   0.0000
  3.02129965e-02   0.0000
  2.17117119e+00   0.0000
  3.48590910e-01   0.0000
  4.65669692e-01   0.0000
 -3.16270649e-01   0.0000
 -3.82096052e-01   0.0000
 -1.08649455e-01   0.0000
 -6.15272164e-01   0.0000
 -9.69589353e-02   0.0000
 -2.17205867e-01   0.0000
 -3.99464160e-01   0.0000
 -2.01704621e-01   0.0000
  1.73672318e-01   0.0000
  1.54537246e-01   0.0000
 -6.82717383e-01   0.0000
 -1.82531059e-01   0.0000
  5.76742552e-02   0.0000
 -3.10694665e-01   0.0000
  2.20792517e-01   0.0000
  1.02237153e+00   0.0000
  3.86971146e-01   0.0000
  1.93565175e-01   0.0000
  1.35655105e-01   0.0000
 -1.32973671e-01   0.0000
  1.42710999e-01   0.0000
  1.37441084e-01   0.0000
 -1.02567494e+00   0.0000
 -3.80081266e-01   0.0000
  9.00642276e-02   0.0000
 -3.83612543e-01   0.0000
  2.36987209e+00   0.0000
 -1.73050076e-01   0.0000
 -2.01358867e+00   0.0000
 -1.98677853e-01   0.0000
 -3.09929192e-01   0.0000
 -1.21381176e+00   0.0000
 -2.63119459e-01   0.0000
  1.50698423e-01   0.0000
  1.05681054e-01   0.0000
  1.10471559e+00   0.0000
  1.95089173e+00   0.0000
  4.98221144e-02   0.0000
  2.11302817e-01   0.0000
  6.09775007e-01   0.0000
 -2.23314222e-02   0.0000
  2.72192776e-01   0.0000
  1.33516356e-01   0.0000
 -3.26274894e-02   0.0000
  2.71862328e-01   0.0000
  1.71414569e-01   0.0000
 -3.84412073e-02   0.0000
  2.80862898e-01   0.0000
 -1.09845173e+00   0.0000
  6.41168535e-01   0.0000
  1.71117276e-01   0.0000
  2.84693599e-01   0.0000
 -3.38043857e+00   0.0000
  1.86991587e-01   0.0000
  2.47177601e+00   0.0000
  2.20385581e-01   0.0000
  4.85017240e-01   0.0000
  4.39316601e-01   0.0000
  1.36025529e-02   0.0000
  1.73981875e-01   0.0000
  8.37602019e-02   0.0000
 -5.73800385e-01   0.0000
 -2.41406226e+00   0.0000
  1.17602296e-01   0.0000
 -1.95070267e-01   0.0000
  2.01387906e+00   0.0000
 -2.85495445e-02   0.0000
 -4.62877989e+00   0.0000
  3.16724479e-01   0.0000
 -3.65198284e-01   0.0000
 -1.13401818e+00   0.0000
  3.01892102e-01   0.0000
  2.42779464e-01   0.0000
 -3.20674628e-01   0.0000
  1.99363065e+00   0.0000
  3.69480276e+00   0.0000
  3.03696752e-01   0.0000
  6.06575429e-01   0.0000
 -1.76213121e+00   0.0000
 -5.31728305e-02   0.0000
  1.51996827e+00   0.0000
 -5.39633259e-02   0.0000
  1.25977576e-01   0.0000
  5.14280319e-01   0.0000
 -4.05486315e-01   0.0000
 -3.80458027e-01   0.0000
  1.25079751e-01   0.0000
  3.98840100e-01   0.0000
 -1.56325519e+00   0.0000
  2.18927823e-02   0.0000
  4.38055277e+00   0.0000
  3.35363603e+00   0.0000
 -4.64412355e+00   0.0000
 -1.72009254e+00   0.0000
 -4.95120907e+00   0.0000
 -4.59344196e+00   0.0000
 -3.68935323e+00   0.0000
 -4.97605848e+00   0.0000
 -4.70563889e+00   0.0000
  4.33833647e+00   0.0000
 -1.13257849e+00   0.0000
  2.13750696e+00   0.0000
 -4.77408028e+00   0.0000
 -3.65135479e+00   0.0000
  6.25374746e+00   0.0000
 -1.60730243e+00   0.0000
 -6.25089931e+00   0.0000
 -2.50307703e+00   0.0000
 -4.43755484e+00   0.0000
 -5.00731087e+00   0.0000
  2.45006061e+00   0.0000
  1.05394423e+00   0.0000
 -4.81488556e-03   0.0000
  5.20922327e+00   0.0000
  6.19700813e+00   0.0000
 -1.91023505e+00   0.0000
  0.00000000e+00   0.0000

