 5 0.000000 1
 1 
 Si 28.085500
 0 0.250000 4.500000 1.000000 1.000000 
 5 0 1 2 3 4
 8 2.15000 2.30000 2.45000 2.60000 2.75000 3.00000 3.50000 4.00000
 1 12.169200 6.172630 3.114710 0.755675 0.404939 0.036124 0.650018 0.572890
 5 40 13 13 13 1
  6.21838450e-01   0.0000
  3.22323442e-02   0.0000
 -4.30040270e-01   0.0000
  4.19841766e+00   0.0000
  4.15868902e+00   0.0000
  7.28169382e-02   0.0000
  7.11721241e-01   0.0000
  2.36895204e+00   0.0000
  1.05003393e+00   0.0000
  9.21544850e-01   0.0000
 -5.95894575e-01   0.0000
 -1.67611551e+00   0.0000
 -6.98673666e-01   0.0000
  7.44876504e-01   0.0000
 -4.32104081e-01   0.0000
  1.01048386e+00   0.0000
  4.33619452e+00   0.0000
  1.64593744e+00   0.0000
 -1.56829357e+00   0.0000
 -4.43106979e-01   0.0000
  2.49237370e+00   0.0000
  3.53344560e-01   0.0000
  8.11722815e-01   0.0000
 -4.12712574e-01   0.0000
  5.49959123e-01   0.0000
  1.44841354e-02   0.0000
  7.21069217e-01   0.0000
 -1.32711303e+00   0.0000
  1.05208087e+00   0.0000
  4.27910757e+00   0.0000
 -7.68671259e-02   0.0000
  6.33274972e-01   0.0000
  2.84567028e-01   0.0000
  2.29627085e+00   0.0000
  8.85545373e-01   0.0000
  6.46074176e-01   0.0000
 -3.68446469e-01   0.0000
  2.66293555e-01   0.0000
  1.88865101e+00   0.0000
  1.34763181e+00   0.0000
 -1.27172220e+00   0.0000
  1.19572723e+00   0.0000
  3.18882108e+00   0.0000
 -7.99134821e-02   0.0000
  2.52090883e+00   0.0000
  1.07081926e+00   0.0000
  1.78326452e+00   0.0000
  1.11550128e+00   0.0000
  1.02926672e+00   0.0000
 -7.95111597e-01   0.0000
  5.01191318e-01   0.0000
  1.00608218e+00   0.0000
  1.67565238e+00   0.0000
 -1.16393197e+00   0.0000
  4.38655376e-01   0.0000
  2.30462313e+00   0.0000
 -2.50266939e-01   0.0000
  2.01410079e+00   0.0000
  7.19367325e-01   0.0000
  1.34590220e+00   0.0000
  1.02924931e+00   0.0000
  1.27806616e+00   0.0000
 -5.87742031e-01   0.0000
  6.50197566e-01   0.0000
 -9.66968715e-01   0.0000
  2.57419205e+00   0.0000
 -9.59777057e-01   0.0000
  2.46004438e+00   0.0000
  1.58761811e+00   0.0000
 -1.07204288e-01   0.0000
 -1.35673046e+00   0.0000
 -1.27185524e+00   0.0000
  6.41559601e-01   0.0000
  1.14494932e+00   0.0000
  1.15727985e+00   0.0000
  7.28636861e-01   0.0000
 -1.63296729e-01   0.0000
 -1.86631775e+00   0.0000
  3.89362049e+00   0.0000
  1.11469674e+00   0.0000
  7.57837951e-01   0.0000
  7.78575063e-01   0.0000
  3.01374578e+00   0.0000
  3.98375541e-01   0.0000
 -7.05115125e-02   0.0000
  9.06881914e-02   0.0000
  1.69841194e+00   0.0000
  1.28092039e+00   0.0000
  1.28222632e+00   0.0000
  5.49038291e-01   0.0000
  5.62870204e-01   0.0000
  3.99015069e+00   0.0000
  1.53288394e-01   0.0000
 -3.75922346e+00   0.0000
 -2.18172312e+00   0.0000
  3.23361635e+00   0.0000
 -1.81733191e-01   0.0000
 -3.47130522e-02   0.0000
  6.36118352e-01   0.0000
 -2.75783849e+00   0.0000
  3.88100207e-01   0.0000
 -3.19571519e+00   0.0000
 -6.34191453e-01   0.0000
 -1.92014068e-01   0.0000
 -1.52064472e-01   0.0000
  1.21828866e+00   0.0000
  1.86480725e+00   0.0000
 -2.74389982e+00   0.0000
 -4.93244231e-01   0.0000
  7.20970869e-01   0.0000
 -1.37439561e+00   0.0000
  6.41622901e-01   0.0000
  4.17708427e-01   0.0000
  9.02706087e-01   0.0000
 -6.91081882e-02   0.0000
  1.08625638e+00   0.0000
  9.69549179e-01   0.0000
  1.68205440e-01   0.0000
  1.45130098e+00   0.0000
  3.97122979e-01   0.0000
 -2.01281691e+00   0.0000
  5.87449729e-01   0.0000
  5.95670402e-01   0.0000
  1.54732633e+00   0.0000
  4.20773864e-01   0.0000
  8.56599271e-01   0.0000
  5.80506206e-01   0.0000
  4.92452562e-01   0.0000
  1.10817862e+00   0.0000
  1.38796365e+00   0.0000
  1.86391339e-01   0.0000
  7.78296173e-01   0.0000
 -5.30556142e-01   0.0000
 -2.22329783e+00   0.0000
  1.50615478e+00   0.0000
 -1.01466537e+00   0.0000
  1.42596543e+00   0.0000
  3.79283667e-01   0.0000
  7.65524805e-01   0.0000
  4.26054299e-01   0.0000
  6.58806682e-01   0.0000
  2.16347128e-01   0.0000
  5.17506674e-02   0.0000
  5.48953354e-01   0.0000
 -6.75797939e-01   0.0000
 -1.20194912e+00   0.0000
 -2.77690935e+00   0.0000
  1.65249419e+00   0.0000
 -2.13032055e+00   0.0000
 -1.04014084e-01   0.0000
  9.96388271e-02   0.0000
  5.42052984e-01   0.0000
  2.87915409e-01   0.0000
  7.14818776e-01   0.0000
 -1.25155509e+00   0.0000
 -1.64428616e+00   0.0000
  5.69198728e-01   0.0000
 -1.36985624e+00   0.0000
 -9.15995717e-01   0.0000
 -3.30302000e+00   0.0000
  1.66291404e+00   0.0000
 -1.36308992e+00   0.0000
 -9.85950649e-01   0.0000
  1.89429834e-01   0.0000
  5.06708682e-01   0.0000
  4.31113183e-01   0.0000
  7.24425912e-01   0.0000
 -1.76380718e+00   0.0000
 -1.63584876e+00   0.0000
  5.56245327e-01   0.0000
 -1.33544469e+00   0.0000
 -2.49839835e-02   0.0000
 -4.11738777e+00   0.0000
 -5.07068448e-02   0.0000
  4.05047178e+00   0.0000
  1.08635128e+00   0.0000
 -1.90844789e-01   0.0000
  5.42631626e-01   0.0000
  5.16786158e-01   0.0000
  1.28302324e+00   0.0000
  7.15193868e-01   0.0000
  1.66628647e+00   0.0000
  6.23128235e-01   0.0000
  1.07056022e+00   0.0000
  1.98686898e+00   0.0000
 -2.33340883e+00   0.0000
 -2.27733111e+00   0.0000
 -9.51076686e-01   0.0000
  3.42325773e-04   0.0000
 -4.72347409e-01   0.0000
  1.24123299e+00   0.0000
  4.90642130e-01   0.0000
  1.25845337e+00   0.0000
  7.78935134e-01   0.0000
 -1.61551192e-01   0.0000
  1.84787884e-01   0.0000
 -7.79922724e-01   0.0000
  1.38980699e+00   0.0000
 -7.71777451e-01   0.0000
 -1.00392556e+00   0.0000
 -4.24812031e+00   0.0000
 -1.13800621e+00   0.0000
 -8.27085078e-02   0.0000
  4.34780240e-01   0.0000
  1.03812210e-01   0.0000
  1.58909455e-01   0.0000
 -2.17784643e+00   0.0000
 -1.88306308e+00   0.0000
 -3.04468572e-01   0.0000
  1.58914697e+00   0.0000
 -8.55832398e-01   0.0000
 -7.92690694e-01   0.0000
 -1.14169288e+00   0.0000
  3.64749837e+00   0.0000
 -2.39702177e+00   0.0000
  4.39993858e-01   0.0000
  5.90723336e-01   0.0000
 -1.06317988e-02   0.0000
 -2.23169494e+00   0.0000
 -2.63590479e+00   0.0000
 -2.19254231e+00   0.0000
 -4.93889123e-01   0.0000
  1.00451320e-01   0.0000
 -7.32803568e-02   0.0000
  2.95058340e-01   0.0000
 -1.83740938e+00   0.0000
  9.84309137e-01   0.0000
 -1.46810520e+00   0.0000
  5.62711716e-01   0.0000
  7.01638162e-01   0.0000
 -1.30182981e-01   0.0000
 -1.85783124e+00   0.0000
 -2.90481240e-01   0.0000
 -3.60567361e-01   0.0000
 -1.79935545e-02   0.0000
 -1.11533117e+00   0.0000
 -4.40177023e-01   0.0000
  6.02328777e-01   0.0000
 -1.92213225e+00   0.0000
 -1.89050972e+00   0.0000
  8.70926023e-01   0.0000
  1.92245260e-01   0.0000
  1.23281121e+00   0.0000
 -1.39285907e-01   0.0000
 -1.21387827e+00   0.0000
  3.99395525e-01   0.0000
  8.04499924e-01   0.0000
 -5.84148541e-02   0.0000
 -1.28010976e+00   0.0000
 -1.14333093e+00   0.0000
 -1.34089217e-01   0.0000
 -7.38189697e-01   0.0000
 -2.65301132e+00   0.0000
  1.80751646e+00   0.0000
  1.84833929e-01   0.0000
  1.56875038e+00   0.0000
  3.79424989e-01   0.0000
 -7.34214127e-01   0.0000
  3.45454030e-02   0.0000
  1.25609624e+00   0.0000
  5.37322700e-01   0.0000
 -8.61452281e-01   0.0000
 -2.30185747e+00   0.0000
 -7.58153260e-01   0.0000
  1.19801366e+00   0.0000
 -1.29180765e+00   0.0000
  3.47945303e-01   0.0000
 -1.46850020e-01   0.0000
  1.57864690e+00   0.0000
  2.96796173e-01   0.0000
 -4.50013459e-01   0.0000
 -1.53582275e-01   0.0000
  9.01520252e-01   0.0000
  6.65706396e-01   0.0000
  2.10492682e+00   0.0000
 -2.56282187e+00   0.0000
 -1.68497872e+00   0.0000
  2.84869432e+00   0.0000
  1.90932512e+00   0.0000
 -1.21967995e+00   0.0000
 -2.03515708e-01   0.0000
  1.56156075e+00   0.0000
  7.41169572e-01   0.0000
  4.70230401e-01   0.0000
 -8.39152098e-01   0.0000
 -1.98025453e+00   0.0000
  6.90599144e-01   0.0000
  2.97750664e+00   0.0000
  1.07419128e-02   0.0000
 -5.64967155e-01   0.0000
  2.22997856e+00   0.0000
 -1.28460038e+00   0.0000
  3.31006050e-01   0.0000
 -2.21440315e-01   0.0000
  1.51531684e+00   0.0000
  5.29306173e-01   0.0000
  3.78838927e-01   0.0000
 -2.51157188e+00   0.0000
  7.52971828e-01   0.0000
  2.44937748e-01   0.0000
 -5.25620639e-01   0.0000
 -7.47725591e-02   0.0000
  2.18192101e-01   0.0000
  1.04984033e+00   0.0000
 -5.34662771e+00   0.0000
  2.18591571e+00   0.0000
 -6.12097047e-02   0.0000
  5.66324711e-01   0.0000
  1.42468989e-01   0.0000
  2.29465533e-02   0.0000
 -1.30258143e+00   0.0000
  2.43476081e+00   0.0000
 -2.20707487e-02   0.0000
  5.37423015e-01   0.0000
 -1.80073392e+00   0.0000
 -6.75583005e-01   0.0000
 -3.94424200e-01   0.0000
 -2.32495570e+00   0.0000
  2.01171470e+00   0.0000
  6.44967496e-01   0.0000
  1.79995060e+00   0.0000
 -5.36596000e-01   0.0000
 -2.24263525e+00   0.0000
  3.44034493e-01   0.0000
 -6.91709459e-01   0.0000
 -2.20573574e-01   0.0000
  1.48912251e+00   0.0000
  1.27713755e-01   0.0000
 -9.33326840e-01   0.0000
 -1.90198016e+00   0.0000
  1.65912199e+00   0.0000
 -2.78484368e+00   0.0000
  4.55628753e-01   0.0000
  5.34047604e-01   0.0000
 -5.68703115e-01   0.0000
 -1.21915019e+00   0.0000
  2.12060571e+00   0.0000
  2.84907365e+00   0.0000
  1.40622798e-02   0.0000
  1.01265693e+00   0.0000
  1.40454543e+00   0.0000
 -1.31535840e+00   0.0000
 -2.55199838e+00   0.0000
  1.40022993e+00   0.0000
  1.93011832e+00   0.0000
  2.84102023e-01   0.0000
 -3.56354624e-01   0.0000
 -1.00752938e+00   0.0000
 -6.40175402e-01   0.0000
  7.09810436e-01   0.0000
 -1.22502100e+00   0.0000
  4.00627136e-01   0.0000
 -1.74587697e-01   0.0000
  1.16288388e+00   0.0000
 -2.14260411e+00   0.0000
 -1.81048286e+00   0.0000
 -2.40417808e-01   0.0000
  2.12245509e-01   0.0000
  8.89585987e-02   0.0000
 -9.31550562e-01   0.0000
 -6.99729383e-01   0.0000
 -2.22584158e-01   0.0000
 -9.60257351e-01   0.0000
 -1.83032990e+00   0.0000
  7.64756680e-01   0.0000
 -2.26183861e-01   0.0000
 -3.26159209e-01   0.0000
 -2.80054522e+00   0.0000
 -1.79178137e-02   0.0000
 -9.76785064e-01   0.0000
 -1.07653034e+00   0.0000
  4.52464700e-01   0.0000
 -1.67833066e+00   0.0000
 -8.71702552e-01   0.0000
 -3.98260951e-01   0.0000
 -8.42891037e-01   0.0000
 -6.29640758e-01   0.0000
  7.67466784e-01   0.0000
  1.28908443e+00   0.0000
 -2.25709987e+00   0.0000
 -2.36151242e+00   0.0000
  2.79582787e+00   0.0000
  3.15157026e-01   0.0000
 -1.50692269e-01   0.0000
  3.07564169e-01   0.0000
 -1.66261625e+00   0.0000
 -5.49145997e-01   0.0000
 -1.01055801e+00   0.0000
  3.57661515e-01   0.0000
  1.50853240e+00   0.0000
  1.26304531e+00   0.0000
  1.90404403e+00   0.0000
 -1.38875377e+00   0.0000
  8.15311372e-01   0.0000
  2.65656161e+00   0.0000
  8.04403067e-01   0.0000
 -6.47118568e-01   0.0000
  1.50287688e-01   0.0000
 -1.19217753e+00   0.0000
 -6.07070982e-01   0.0000
 -2.89869928e+00   0.0000
  7.23150671e-01   0.0000
 -2.38414645e+00   0.0000
  1.00049555e+00   0.0000
  1.23459721e+00   0.0000
  1.45383656e-01   0.0000
  8.58953476e-01   0.0000
  1.59624124e+00   0.0000
 -7.28788555e-01   0.0000
  2.17469707e-01   0.0000
  3.13554220e-02   0.0000
 -8.44369233e-01   0.0000
 -3.28086615e-01   0.0000
 -2.30981803e+00   0.0000
  1.50584602e+00   0.0000
  1.73388672e+00   0.0000
 -1.06830887e-01   0.0000
 -1.24467993e+00   0.0000
  1.68992966e-01   0.0000
 -3.80634022e+00   0.0000
 -3.86172920e-01   0.0000
 -1.05646515e+00   0.0000
  6.86426401e-01   0.0000
  7.43963659e-01   0.0000
  4.58556354e-01   0.0000
  3.84605646e-01   0.0000
 -1.01866782e-01   0.0000
  4.13701534e-01   0.0000
  1.09754086e+00   0.0000
 -2.17169821e-01   0.0000
  1.17317009e+00   0.0000
  9.33247626e-01   0.0000
 -3.16820550e+00   0.0000
 -1.56722653e+00   0.0000
 -5.82743347e-01   0.0000
 -1.26596406e-01   0.0000
  4.57319975e-01   0.0000
  8.58967304e-02   0.0000
 -8.57911184e-02   0.0000
 -2.73748487e-01   0.0000
  1.86649001e+00   0.0000
 -7.72293806e-01   0.0000
  1.28845140e-01   0.0000
  1.54935944e+00   0.0000
  6.13174617e-01   0.0000
 -2.62651229e+00   0.0000
 -2.12722516e+00   0.0000
  2.63330281e-01   0.0000
 -1.99962050e-01   0.0000
  3.80849659e-01   0.0000
 -4.16499108e-01   0.0000
 -4.81475085e-01   0.0000
 -1.34318233e+00   0.0000
  1.78818893e+00   0.0000
 -1.61664575e-01   0.0000
  3.77755165e-01   0.0000
  4.85807359e-01   0.0000
 -4.95697945e-01   0.0000
 -2.14302874e+00   0.0000
 -1.74411952e+00   0.0000
  4.30516511e-01   0.0000
  9.81591761e-01   0.0000
  2.67493576e-01   0.0000
 -9.79564667e-01   0.0000
 -7.04996407e-01   0.0000
 -2.13680840e+00   0.0000
 -1.08974792e-01   0.0000
  5.69138408e-01   0.0000
  3.42667609e-01   0.0000
 -1.18159823e-01   0.0000
 -1.62779748e+00   0.0000
 -1.35414398e+00   0.0000
 -1.45866442e+00   0.0000
 -1.22524872e-01   0.0000
 -7.08161652e-01   0.0000
  2.98000872e-01   0.0000
 -1.60444415e+00   0.0000
 -1.15771794e+00   0.0000
 -2.74907422e+00   0.0000
  1.76852673e-01   0.0000
 -5.12863874e-01   0.0000
  6.14147902e-01   0.0000
  1.29231262e+00   0.0000
 -2.17522192e+00   0.0000
 -6.55587792e-01   0.0000
 -4.34520692e-01   0.0000
 -9.17832673e-01   0.0000
  1.70504808e-01   0.0000
  4.87500578e-01   0.0000
 -2.80006623e+00   0.0000
 -1.74874854e+00   0.0000
 -3.02205753e+00   0.0000
  2.02292299e+00   0.0000
 -3.53361100e-01   0.0000
  1.49788809e+00   0.0000
  1.53180349e+00   0.0000
  1.44327426e+00   0.0000
  7.36473143e-01   0.0000
  1.35452676e+00   0.0000
  7.79105902e-01   0.0000
  4.23250884e-01   0.0000
  7.05265164e-01   0.0000
 -1.62891507e+00   0.0000
 -1.09872425e+00   0.0000
 -2.30613661e+00   0.0000
 -4.45326775e-01   0.0000
  4.99263227e-01   0.0000
  1.72642839e+00   0.0000
 -2.66062760e+00   0.0000
  1.98744941e+00   0.0000
 -4.95083258e-03   0.0000
  1.88482022e+00   0.0000
  3.44753647e+00   0.0000
 -1.60393631e+00   0.0000
 -2.66324878e-01   0.0000
  1.36064160e+00   0.0000
  3.49450588e-01   0.0000
  7.99313933e-02   0.0000
  1.13028622e+00   0.0000
 -2.45173216e+00   0.0000
  1.54954362e+00   0.0000
  3.58628528e-03   0.0000
 -6.15676403e-01   0.0000
  9.39356267e-01   0.0000
  1.25292397e+00   0.0000
 -2.06827140e+00   0.0000
 -4.73071575e+00   0.0000
  1.43876433e+00   0.0000
  1.24532235e+00   0.0000
  6.33537471e-01   0.0000
 -1.27415967e+00   0.0000
  1.02558598e-01   0.0000
  2.93348938e-01   0.0000
 -2.49778211e-01   0.0000
 -1.27263498e+00   0.0000
 -1.14258337e+00   0.0000
 -1.16439909e-01   0.0000
 -8.50678563e-01   0.0000
  2.35390604e-01   0.0000
 -5.26768327e-01   0.0000
 -5.34941792e-01   0.0000
 -1.72922432e+00   0.0000
  3.35038394e-01   0.0000
  2.88107800e+00   0.0000
 -1.85835943e-01   0.0000
 -3.77290785e-01   0.0000
  5.80287725e-02   0.0000
  1.85760331e+00   0.0000
  1.97560623e-01   0.0000
  5.63452812e-03   0.0000
 -1.28753281e+00   0.0000
  2.42421889e+00   0.0000
 -4.20741469e-01   0.0000
  1.11885917e+00   0.0000
  1.81232893e+00   0.0000
  1.54889241e-01   0.0000
 -1.41090482e-01   0.0000
 -4.28423309e+00   0.0000
  1.27948567e-01   0.0000
  6.11005902e-01   0.0000
 -3.11943382e-01   0.0000
  6.20351613e-01   0.0000
  2.68769175e-01   0.0000
  1.89527583e+00   0.0000
 -2.48664594e+00   0.0000
  1.74233663e+00   0.0000
 -7.31968820e-01   0.0000
  2.51504564e+00   0.0000
 -1.31769407e+00   0.0000
 -1.55730426e+00   0.0000
  5.29754925e+00   0.0000
  2.27277446e+00   0.0000
  1.88804176e-02   0.0000
  9.68771040e-01   0.0000
  1.67759728e+00   0.0000
  4.66746911e-02   0.0000
  1.11964965e+00   0.0000
  4.83555126e+00   0.0000
  8.18863139e-02   0.0000
 -1.24254394e+00   0.0000
  8.17607522e-01   0.0000
 -3.98989134e-02   0.0000
 -2.68951488e+00   0.0000
 -3.74031162e+00   0.0000
  2.16899586e+00   0.0000
 -5.95475912e-01   0.0000
 -6.39181614e-01   0.0000
 -2.10322571e+00   0.0000
  1.89436637e-02   0.0000
 -4.26813751e-01   0.0000
 -1.35717845e+00   0.0000
 -9.18065488e-01   0.0000
 -7.99159884e-01   0.0000
 -2.44062233e+00   0.0000
  5.05445719e-01   0.0000
  4.72186279e+00   0.0000
  7.55092621e-01   0.0000
 -2.89388847e+00   0.0000
  1.15042651e+00   0.0000
  4.12315893e+00   0.0000
 -1.10742009e+00   0.0000
  4.17757183e-01   0.0000
  3.21939921e+00   0.0000
 -1.21754602e-01   0.0000
  1.38330257e+00   0.0000
  2.32193756e+00   0.0000
  3.15514475e-01   0.0000
 -1.22783756e+00   0.0000
  3.67992210e+00   0.0000
 -5.05262899e+00   0.0000
  2.35893202e+00   0.0000
 -7.63136268e-01   0.0000
  5.01877737e+00   0.0000
  3.67127156e+00   0.0000
 -4.40387100e-01   0.0000
 -2.71703750e-02   0.0000
  4.85256243e+00   0.0000
 -8.89716983e-01   0.0000
  5.17484248e-01   0.0000
  4.46321297e+00   0.0000
  1.17483497e+00   0.0000
 -4.26235533e+00   0.0000
 -7.17716217e-01   0.0000
 -4.61976975e-01   0.0000
 -3.13820273e-01   0.0000
  4.14959311e-01   0.0000
  5.76424539e-01   0.0000
 -5.05651236e-02   0.0000
 -1.13249063e+00   0.0000
  9.56783220e-02   0.0000
 -4.96241957e-01   0.0000
 -9.22447085e-01   0.0000
  1.18612230e+00   0.0000
  8.83020341e-01   0.0000
 -2.02918911e+00   0.0000
  1.24964821e+00   0.0000
  7.81135857e-01   0.0000
  4.40553725e-01   0.0000
 -4.68120545e-01   0.0000
 -2.81273901e-01   0.0000
  2.02091172e-01   0.0000
  5.78476548e-01   0.0000
 -9.12229240e-01   0.0000
  2.12484077e-02   0.0000
  1.04690075e-01   0.0000
 -1.43440950e+00   0.0000
  9.84445289e-02   0.0000
  1.53746521e+00   0.0000
 -2.64321065e+00   0.0000
  2.65509033e+00   0.0000
 -1.60377007e-02   0.0000
 -1.34839857e+00   0.0000
 -1.20085096e+00   0.0000
  1.64035663e-01   0.0000
  3.13890308e-01   0.0000
  9.35995817e-01   0.0000
 -1.60919204e-02   0.0000
  1.62276819e-01   0.0000
 -1.74129641e+00   0.0000
  4.14685786e-01   0.0000
 -8.92897919e-02   0.0000
  5.88913918e-01   0.0000
  1.96328640e+00   0.0000
  5.63821234e-02   0.0000
 -2.48906076e-01   0.0000
 -7.91339457e-01   0.0000
  1.00498237e-01   0.0000
  4.85601515e-01   0.0000
 -2.17300367e+00   0.0000
  9.14632231e-02   0.0000
  9.79182422e-01   0.0000
 -1.06125605e+00   0.0000
 -7.29628265e-01   0.0000
  2.34193897e+00   0.0000
 -2.99489164e+00   0.0000
 -4.87528473e-01   0.0000
  3.42017263e-01   0.0000
  3.93096185e+00   0.0000
 -2.47185087e+00   0.0000
  6.61803558e-02   0.0000
 -5.78061223e-01   0.0000
 -4.69962835e+00   0.0000
  1.10154390e-01   0.0000
 -4.15629655e-01   0.0000
 -1.48590386e+00   0.0000
  7.51831830e-01   0.0000
  2.47325867e-01   0.0000
 -3.85351229e+00   0.0000
  1.19738746e+00   0.0000
 -8.54813993e-01   0.0000
 -2.17231965e+00   0.0000
 -1.13767648e+00   0.0000
 -9.33692992e-01   0.0000
 -5.56305349e-01   0.0000
  3.98245025e+00   0.0000
 -6.36456192e-01   0.0000
  1.15983117e+00   0.0000
 -2.43227506e+00   0.0000
  1.08443618e+00   0.0000
  3.42661810e+00   0.0000
 -3.89993024e+00   0.0000
 -1.11734903e+00   0.0000
 -6.44555241e-02   0.0000
 -2.12673736e+00   0.0000
 -2.63087898e-01   0.0000
 -4.31612968e-01   0.0000
 -2.24943776e-02   0.0000
 -4.87194896e-01   0.0000
  2.31452391e-01   0.0000
 -1.09443402e+00   0.0000
  3.90601635e-01   0.0000
  3.15172642e-01   0.0000
 -1.17386603e+00   0.0000
  5.41978300e-01   0.0000
  1.77484584e+00   0.0000
 -3.43351126e-01   0.0000
 -8.05552483e-01   0.0000
  4.76817161e-01   0.0000
 -5.98982513e-01   0.0000
  2.77655959e-01   0.0000
  5.99470377e-01   0.0000
  3.70153993e-01   0.0000
  3.68639410e-01   0.0000
  1.22824073e-01   0.0000
 -1.04109548e-01   0.0000
  8.57130766e-01   0.0000
 -1.09712780e+00   0.0000
  4.41498011e-01   0.0000
 -7.38159537e-01   0.0000
  4.65999031e+00   0.0000
 -6.76903129e-02   0.0000
 -2.07504249e+00   0.0000
 -3.44757348e-01   0.0000
 -6.49511933e-01   0.0000
 -1.25874710e+00   0.0000
 -7.08222315e-02   0.0000
  3.21751773e-01   0.0000
 -2.11066812e-01   0.0000
  2.65169883e+00   0.0000
  4.39883757e+00   0.0000
 -1.49615765e-01   0.0000
 -6.80562496e-01   0.0000
  2.66969752e+00   0.0000
  1.03655584e-01   0.0000
 -5.66705704e-01   0.0000
  6.85590684e-01   0.0000
  2.15041842e-02   0.0000
 -5.64475238e-01   0.0000
  7.18071282e-01   0.0000
  4.92542654e-01   0.0000
 -5.79096913e-01   0.0000
  1.50122404e+00   0.0000
  1.30243897e+00   0.0000
  2.50001490e-01   0.0000
 -1.01749003e-01   0.0000
 -8.01698327e-01   0.0000
  3.94801497e-01   0.0000
 -5.36670834e-02   0.0000
  6.41148984e-01   0.0000
  1.58024311e-01   0.0000
  4.41019654e-01   0.0000
  5.03167212e-01   0.0000
  8.54384378e-02   0.0000
 -1.17030546e-01   0.0000
  3.79891127e-01   0.0000
 -4.29895371e-01   0.0000
  4.88682210e-01   0.0000
  3.16597760e-01   0.0000
 -1.10520530e+00   0.0000
 -3.42917055e-01   0.0000
  3.13134432e-01   0.0000
 -6.97071105e-02   0.0000
 -2.20350042e-01   0.0000
  5.11688054e-01   0.0000
 -3.98277372e-01   0.0000
 -4.79937702e-01   0.0000
  2.10596994e-01   0.0000
  2.27960348e-01   0.0000
 -2.47132587e+00   0.0000
 -2.44105577e-01   0.0000
 -1.78529933e-01   0.0000
  4.37303972e+00   0.0000
  1.02043822e-01   0.0000
 -1.45540762e+00   0.0000
  2.79637069e-01   0.0000
 -3.06865722e-01   0.0000
 -8.18155944e-01   0.0000
  3.79935980e-01   0.0000
  2.74185687e-01   0.0000
 -3.20574582e-01   0.0000
 -1.35312104e+00   0.0000
  3.88029313e+00   0.0000
  3.41617346e-01   0.0000
  4.39099550e-01   0.0000
 -6.08674407e-01   0.0000
 -3.89115572e-01   0.0000
 -6.45163953e-01   0.0000
 -6.15252435e-01   0.0000
 -1.15229681e-01   0.0000
 -3.91662240e-01   0.0000
 -3.97600114e-01   0.0000
 -2.00391382e-01   0.0000
  1.77598968e-01   0.0000
  1.16845322e+00   0.0000
 -1.85885096e+00   0.0000
 -1.94765240e-01   0.0000
  1.01124801e-01   0.0000
 -7.57674992e-01   0.0000
  2.31509760e-01   0.0000
  8.66842568e-01   0.0000
  3.95727932e-01   0.0000
  2.06036553e-01   0.0000
 -1.93933427e-01   0.0000
 -1.50898442e-01   0.0000
  1.32348195e-01   0.0000
  1.36218369e-01   0.0000
 -1.26085401e+00   0.0000
 -6.55195117e-01   0.0000
  1.08110562e-01   0.0000
 -3.90803725e-01   0.0000
  3.66720390e+00   0.0000
 -1.77057311e-01   0.0000
 -1.68430424e+00   0.0000
 -2.06246778e-01   0.0000
 -3.27643186e-01   0.0000
 -1.41123092e+00   0.0000
 -2.65284598e-01   0.0000
  1.49763197e-01   0.0000
  1.05296157e-01   0.0000
  1.81005692e+00   0.0000
  2.89564419e+00   0.0000
  4.78090011e-02   0.0000
  2.30513439e-01   0.0000
  7.57507324e-01   0.0000
 -3.65498923e-02   0.0000
  4.34277467e-02   0.0000
  1.16815202e-01   0.0000
 -1.51740670e-01   0.0000
 -1.09046124e-01   0.0000
  1.81277439e-01   0.0000
 -3.67310308e-02   0.0000
  2.80192226e-01   0.0000
 -1.30950725e+00   0.0000
  2.11785030e+00   0.0000
  1.64267123e-01   0.0000
  2.66379923e-01   0.0000
 -4.45589924e+00   0.0000
  1.67812258e-01   0.0000
  2.72713184e+00   0.0000
  2.23076776e-01   0.0000
  3.81023675e-01   0.0000
 -7.00959980e-01   0.0000
  2.84046736e-02   0.0000
  1.80680126e-01   0.0000
  8.17716047e-02   0.0000
 -2.24113274e+00   0.0000
 -3.13499069e+00   0.0000
  1.18507080e-01   0.0000
 -2.99253464e-01   0.0000
  3.99175525e+00   0.0000
 -9.06020403e-02   0.0000
 -4.04389524e+00   0.0000
  2.74461746e-01   0.0000
 -6.38685584e-01   0.0000
 -2.82147074e+00   0.0000
  3.53296280e-01   0.0000
  2.64565408e-01   0.0000
 -3.16313386e-01   0.0000
  3.96375394e+00   0.0000
  4.83346748e+00   0.0000
  2.49931082e-01   0.0000
  5.74162245e-01   0.0000
 -2.78273129e+00   0.0000
 -4.36572470e-02   0.0000
  2.84573531e+00   0.0000
 -3.97369117e-02   0.0000
  2.23397419e-01   0.0000
  1.37083149e+00   0.0000
 -4.07537252e-01   0.0000
 -3.77191246e-01   0.0000
  1.25735193e-01   0.0000
  3.99918407e-01   0.0000
 -2.17406821e+00   0.0000
  2.14196686e-02   0.0000
  3.21971011e+00   0.0000
  3.97987580e+00   0.0000
 -3.29827070e+00   0.0000
 -1.05047607e+00   0.0000
 -3.22660780e+00   0.0000
 -3.26812816e+00   0.0000
 -2.22863221e+00   0.0000
 -3.19966221e+00   0.0000
 -3.26850510e+00   0.0000
  3.29512525e+00   0.0000
 -4.10177529e-01   0.0000
  2.54330540e+00   0.0000
 -3.29413867e+00   0.0000
 -2.66096663e+00   0.0000
  5.26000452e+00   0.0000
 -2.17974234e+00   0.0000
 -4.25782490e+00   0.0000
 -2.96070170e+00   0.0000
 -3.68779850e+00   0.0000
 -3.66693282e+00   0.0000
  1.80179119e+00   0.0000
  4.71443534e-01   0.0000
  5.66040158e-01   0.0000
  4.57031584e+00   0.0000
  4.96122026e+00   0.0000
 -2.45130277e+00   0.0000
  0.00000000e+00   0.0000

