 5 0.000000 1
 1 
 Si 28.085500
 0 0.250000 4.500000 1.000000 2.000000 
 5 0 1 2 3 4
 6 -0.50000 0.01000 0.50000 6.00000 7.00000 8.00000
 1 12.169200 6.172630 3.114710 0.755675 0.404939 0.036124 0.650018 0.572890
 4 30 24 24 1
 -6.64479077e-01   0.0000
  7.68707395e-01   0.0000
 -3.55135262e-01   0.0000
 -1.41664135e+00   0.0000
  1.86029330e-01   0.0000
  1.99148193e-01   0.0000
 -7.89556354e-02   0.0000
 -2.25492787e+00   0.0000
  5.40758014e-01   0.0000
  7.07048714e-01   0.0000
  4.97761041e-01   0.0000
 -1.82596192e-01   0.0000
  7.04800785e-01   0.0000
 -1.06007612e+00   0.0000
 -8.09856355e-01   0.0000
  5.26659369e-01   0.0000
 -1.53053117e+00   0.0000
  4.37696099e-01   0.0000
  3.93492758e-01   0.0000
  4.80998717e-02   0.0000
 -2.75588322e+00   0.0000
 -7.49735177e-01   0.0000
 -1.22252762e-01   0.0000
 -6.32371187e+00   0.0000
 -1.19503105e+00   0.0000
  6.25261843e-01   0.0000
 -2.10533285e+00   0.0000
 -1.48569405e+00   0.0000
  9.33788359e-01   0.0000
 -2.88745880e+00   0.0000
  4.54137945e+00   0.0000
 -3.32214713e+00   0.0000
 -4.88705009e-01   0.0000
  2.40379000e+00   0.0000
  2.19532228e+00   0.0000
 -1.26161134e+00   0.0000
  6.69006884e-01   0.0000
 -5.79335976e+00   0.0000
  2.62692857e+00   0.0000
  1.82603860e+00   0.0000
 -3.61877370e+00   0.0000
  1.06445551e+00   0.0000
  1.57786429e+00   0.0000
  1.18060076e+00   0.0000
 -8.95685792e-01   0.0000
 -2.21088791e+00   0.0000
 -2.79202986e+00   0.0000
 -3.53890657e+00   0.0000
 -1.50457382e+00   0.0000
  8.18334371e-02   0.0000
 -3.93690062e+00   0.0000
  6.95788622e+00   0.0000
  3.61884785e+00   0.0000
  2.19284344e+00   0.0000
 -1.14782476e+00   0.0000
 -5.00367785e+00   0.0000
  1.47736084e+00   0.0000
  5.40087891e+00   0.0000
  6.92149591e+00   0.0000
 -4.13194227e+00   0.0000
 -7.29961038e-01   0.0000
 -5.53947210e+00   0.0000
 -5.57629633e+00   0.0000
  6.91359043e+00   0.0000
 -2.55747080e+00   0.0000
  1.52708995e+00   0.0000
  6.73335934e+00   0.0000
  3.51460028e+00   0.0000
  2.84629202e+00   0.0000
 -9.54951048e-01   0.0000
 -7.04852772e+00   0.0000
  5.01424885e+00   0.0000
 -1.72689843e+00   0.0000
  1.36884600e-01   0.0000
 -6.10203087e-01   0.0000
 -9.58972931e-01   0.0000
  3.67463422e+00   0.0000
 -8.01790580e-02   0.0000
 -6.95983171e-01   0.0000
 -1.84551668e+00   0.0000
 -1.73630133e-01   0.0000
  2.08400822e+00   0.0000
  1.13182557e+00   0.0000
 -1.43847871e+00   0.0000
  9.65962633e-02   0.0000
 -5.73298335e-01   0.0000
 -5.19993901e-01   0.0000
  5.58911133e+00   0.0000
 -1.35060310e+00   0.0000
  2.25458193e+00   0.0000
  1.28512800e+00   0.0000
  1.30807310e-01   0.0000
 -9.48306322e-01   0.0000
  5.30865550e-01   0.0000
 -4.67298555e+00   0.0000
  2.41768765e+00   0.0000
 -5.72885513e-01   0.0000
 -2.49687538e-01   0.0000
 -5.63544691e-01   0.0000
  1.37232363e+00   0.0000
  2.45885611e-01   0.0000
 -1.85857439e+00   0.0000
  6.96462631e-01   0.0000
  1.37165427e-01   0.0000
  1.86462843e+00   0.0000
  4.01948422e-01   0.0000
  6.73065186e-02   0.0000
 -1.46525249e-01   0.0000
 -8.96100819e-01   0.0000
  4.54577923e-01   0.0000
  2.47480226e+00   0.0000
  5.05756319e-01   0.0000
 -1.08416855e-01   0.0000
  1.36225924e-01   0.0000
  1.08317025e-01   0.0000
  2.79523373e-01   0.0000
  1.91517818e+00   0.0000
  8.54404628e-01   0.0000
 -5.54254532e-01   0.0000
 -3.99642420e+00   0.0000
  1.97372157e-02   0.0000
 -3.35027352e-02   0.0000
  1.55623063e-01   0.0000
 -8.20331424e-02   0.0000
 -1.64277852e-02   0.0000
 -4.71665412e-01   0.0000
  1.49941355e-01   0.0000
 -1.51538849e-01   0.0000
  1.04946993e-01   0.0000
  3.95373292e-02   0.0000
  1.19890891e-01   0.0000
 -6.11966476e-02   0.0000
 -3.86001676e-01   0.0000
 -1.03201233e-01   0.0000
  8.08218494e-02   0.0000
 -1.50340155e-01   0.0000
  1.67100597e-02   0.0000
  2.14758962e-01   0.0000
  1.56290978e-01   0.0000
 -1.93403080e-01   0.0000
  6.09607361e-02   0.0000
 -1.08221620e-01   0.0000
  1.56209558e-01   0.0000
 -9.10262883e-01   0.0000
  5.58103696e-02   0.0000
  1.05302024e+00   0.0000
  2.78660655e-01   0.0000
  1.83930242e+00   0.0000
  8.00817981e-02   0.0000
 -9.54717696e-01   0.0000
  1.69014001e+00   0.0000
 -4.49672669e-01   0.0000
 -6.55328393e-01   0.0000
  3.43174748e-02   0.0000
  4.79809642e-02   0.0000
 -2.54083604e-01   0.0000
 -1.80323946e+00   0.0000
  2.91157335e-01   0.0000
 -9.76303965e-03   0.0000
  1.76388741e-01   0.0000
  3.53147298e-01   0.0000
  1.09325401e-01   0.0000
 -6.70424998e-02   0.0000
 -2.02465802e-01   0.0000
 -5.11898339e-01   0.0000
  6.46764696e-01   0.0000
  2.80037224e-01   0.0000
 -9.55944002e-01   0.0000
  9.42247435e-02   0.0000
  2.15076590e+00   0.0000
  5.21255851e-01   0.0000
  2.35080647e+00   0.0000
  7.24355340e-01   0.0000
  1.92967072e-01   0.0000
  3.64972544e+00   0.0000
 -1.82513785e+00   0.0000
 -2.63540292e+00   0.0000
  7.37037718e-01   0.0000
  1.26327276e+00   0.0000
 -5.28498352e-01   0.0000
 -2.88780808e+00   0.0000
  1.53205144e+00   0.0000
  9.12797093e-01   0.0000
  1.25304925e+00   0.0000
  2.47281313e+00   0.0000
 -4.64694947e-02   0.0000
 -5.88121563e-02   0.0000
 -5.13262868e-01   0.0000
 -1.49094844e+00   0.0000
  1.63492715e+00   0.0000
  6.38543725e-01   0.0000
 -7.23051846e-01   0.0000
  8.08783472e-01   0.0000
  3.08821964e+00   0.0000
  1.63217759e+00   0.0000
 -5.68128005e-02   0.0000
  2.60917115e+00   0.0000
  2.38399982e+00   0.0000
  3.29054475e+00   0.0000
 -6.04173040e+00   0.0000
 -7.29545295e-01   0.0000
  3.17274117e+00   0.0000
  5.68741035e+00   0.0000
 -2.53637409e+00   0.0000
  1.78519750e+00   0.0000
  4.33082342e+00   0.0000
  1.30890951e-01   0.0000
  5.31420565e+00   0.0000
  7.81704283e+00   0.0000
 -3.90932620e-01   0.0000
  1.18946731e+00   0.0000
 -8.06975365e-01   0.0000
 -1.65739608e+00   0.0000
  4.93988562e+00   0.0000
  1.84386981e+00   0.0000
  2.61555314e+00   0.0000
 -8.56895298e-02   0.0000
  2.49269009e+00   0.0000
  4.48469543e+00   0.0000
 -1.06872153e+00   0.0000
  7.66968310e-01   0.0000
  3.36170888e+00   0.0000
 -1.27745795e+00   0.0000
 -5.86919188e-01   0.0000
  5.60033858e-01   0.0000
 -8.18397760e-01   0.0000
  1.67383158e+00   0.0000
 -8.29082131e-01   0.0000
  7.98237741e-01   0.0000
 -3.32289934e-01   0.0000
 -2.89087605e+00   0.0000
  7.59814143e-01   0.0000
  4.64003992e+00   0.0000
  1.20197523e+00   0.0000
  7.39237010e-01   0.0000
 -2.44269347e+00   0.0000
 -4.17682022e-01   0.0000
 -3.28916401e-01   0.0000
 -2.49550253e-01   0.0000
  2.49876213e+00   0.0000
 -1.50867134e-01   0.0000
 -5.49257286e-02   0.0000
  1.82458192e-01   0.0000
 -1.39963016e-01   0.0000
 -5.65890968e-02   0.0000
  3.64772588e-01   0.0000
 -5.01319647e-01   0.0000
 -1.98982313e-01   0.0000
  1.32508531e-01   0.0000
 -1.13980763e-01   0.0000
 -1.13911033e-01   0.0000
  5.55160493e-02   0.0000
  4.72606182e-01   0.0000
  2.58981641e-02   0.0000
 -6.49409831e-01   0.0000
  2.12361693e-01   0.0000
  5.25772618e-03   0.0000
  1.32206425e-01   0.0000
  1.53635010e-01   0.0000
 -3.55653316e-02   0.0000
 -1.38408437e-01   0.0000
  3.12601030e-01   0.0000
  6.29170612e-03   0.0000
  1.85757071e-01   0.0000
  1.80749282e-01   0.0000
 -1.09241065e-02   0.0000
 -1.19130490e-02   0.0000
 -1.21897958e-01   0.0000
 -1.59227446e-01   0.0000
  8.59642960e-03   0.0000
 -7.98857361e-02   0.0000
  1.39385924e-01   0.0000
 -4.53806967e-02   0.0000
  4.92047668e-02   0.0000
  5.20306814e-04   0.0000
 -1.17450275e-01   0.0000
 -1.41151771e-01   0.0000
 -1.35972172e-01   0.0000
  7.70855993e-02   0.0000
 -3.56990099e-02   0.0000
  1.98459357e-01   0.0000
 -8.88075680e-02   0.0000
 -1.26871988e-01   0.0000
  2.12986261e-01   0.0000
 -1.59227297e-01   0.0000
  1.84649184e-01   0.0000
  1.75516054e-01   0.0000
 -1.30758733e-01   0.0000
 -1.84427798e-01   0.0000
 -1.22567856e+00   0.0000
 -1.25489816e-01   0.0000
  1.73411691e+00   0.0000
 -1.74028762e-02   0.0000
 -1.85797846e+00   0.0000
 -7.61147961e-02   0.0000
 -8.17870677e-01   0.0000
  8.09349656e-01   0.0000
 -5.07274270e-02   0.0000
  2.59383112e-01   0.0000
  4.85223606e-02   0.0000
  7.95038402e-01   0.0000
  4.83559430e-01   0.0000
 -1.07798743e+00   0.0000
 -5.72235473e-02   0.0000
 -4.68419373e-01   0.0000
  2.33172387e-01   0.0000
  9.96646881e-02   0.0000
 -1.13269873e-01   0.0000
 -3.30962569e-01   0.0000
  9.41393137e-01   0.0000
  4.85827506e-01   0.0000
  4.28601891e-01   0.0000
 -6.70122564e-01   0.0000
 -2.01263952e+00   0.0000
 -9.97661710e-01   0.0000
  2.79955053e+00   0.0000
  1.85459495e-01   0.0000
 -1.23121965e+00   0.0000
 -1.02501607e+00   0.0000
 -2.40447021e+00   0.0000
  1.91500998e+00   0.0000
  7.06672251e-01   0.0000
  9.05111253e-01   0.0000
 -2.18624368e-01   0.0000
  1.75750220e+00   0.0000
  9.44332778e-01   0.0000
 -2.94810176e+00   0.0000
  8.19003642e-01   0.0000
 -7.07961917e-01   0.0000
  3.54644686e-01   0.0000
  2.46910855e-01   0.0000
 -5.30026019e-01   0.0000
  2.72649050e-01   0.0000
  1.58163214e+00   0.0000
  1.29543173e+00   0.0000
  8.11416507e-01   0.0000
 -1.21911991e+00   0.0000
 -7.68622339e-01   0.0000
 -3.62770581e+00   0.0000
  2.27869395e-02   0.0000
  2.28923154e+00   0.0000
  6.19693875e-01   0.0000
 -5.14093971e+00   0.0000
 -5.36541843e+00   0.0000
  3.59293818e+00   0.0000
  2.71870232e+00   0.0000
  4.95591784e+00   0.0000
 -1.77372599e+00   0.0000
 -1.28098452e+00   0.0000
  2.19334531e+00   0.0000
 -5.13962698e+00   0.0000
  4.69320393e+00   0.0000
  1.12414920e+00   0.0000
  1.17077065e+00   0.0000
  4.10664469e-01   0.0000
  1.22635625e-01   0.0000
  4.44393128e-01   0.0000
  2.05909038e+00   0.0000
  4.76924276e+00   0.0000
  4.16046953e+00   0.0000
  5.61697893e-02   0.0000
 -3.01408029e+00   0.0000
  1.47738290e+00   0.0000
  1.67903233e+00   0.0000
  5.14618337e-01   0.0000
 -8.99953938e+00   0.0000
 -2.59542203e+00   0.0000
  1.36585450e+00   0.0000
 -6.05710459e+00   0.0000
  4.04441953e-01   0.0000
  1.44976282e+00   0.0000
 -7.93072999e-01   0.0000
  1.85192561e+00   0.0000
  7.97887519e-02   0.0000
  3.61451578e+00   0.0000
  6.38485312e-01   0.0000
  3.38384509e+00   0.0000
  6.90349564e-02   0.0000
 -1.17264056e+00   0.0000
 -1.64509296e+00   0.0000
 -8.92773449e-01   0.0000
  7.79314116e-02   0.0000
  4.47860718e+00   0.0000
 -9.80315804e-01   0.0000
 -1.22796044e-01   0.0000
 -3.48606855e-01   0.0000
  1.47731617e-01   0.0000
  1.10293562e-02   0.0000
 -5.01610823e-02   0.0000
 -5.95912576e-01   0.0000
 -1.22969523e-01   0.0000
 -1.05649993e-01   0.0000
 -1.47373393e-01   0.0000
  1.36027634e-01   0.0000
  1.60878241e-01   0.0000
 -7.52482489e-02   0.0000
 -2.44232982e-01   0.0000
  2.27544419e-02   0.0000
 -8.15293193e-02   0.0000
  2.04279032e-02   0.0000
  2.70684600e-01   0.0000
  2.01478690e-01   0.0000
 -3.69820632e-02   0.0000
  1.42253622e-01   0.0000
 -1.44337386e-01   0.0000
  1.11016512e-01   0.0000
  1.48434739e-03   0.0000
 -3.16753937e-03   0.0000
 -1.13096777e-02   0.0000
  6.23132475e-02   0.0000
  2.11083338e-01   0.0000
 -3.24386135e-02   0.0000
 -1.98634833e-01   0.0000
  1.33803248e-01   0.0000
 -1.07747138e-01   0.0000
  1.49388582e-01   0.0000
 -3.50733660e-02   0.0000
 -5.72309792e-02   0.0000
  1.07904054e-01   0.0000
  2.24014241e-02   0.0000
  4.45458665e-03   0.0000
  5.03298901e-02   0.0000
 -1.76028371e-01   0.0000
  1.61311150e-01   0.0000
 -1.97694242e-01   0.0000
  1.32374585e-01   0.0000
 -1.93015397e-01   0.0000
 -1.55154437e-01   0.0000
 -7.87410215e-02   0.0000
  1.93518266e-01   0.0000
 -1.29516870e-01   0.0000
  6.00283593e-02   0.0000
 -4.99050379e-01   0.0000
  1.00592625e+00   0.0000
 -2.61381388e-01   0.0000
 -9.04267013e-01   0.0000
  2.18520816e-02   0.0000
 -1.01307535e+00   0.0000
 -1.83839047e+00   0.0000
 -1.02025315e-01   0.0000
  1.55307078e+00   0.0000
  6.44160248e-03   0.0000
  1.00063123e-01   0.0000
 -4.53835204e-02   0.0000
  4.38090897e+00   0.0000
  2.08353186e+00   0.0000
  2.75382519e+00   0.0000
 -1.18752085e-01   0.0000
 -1.88346076e+00   0.0000
  4.77053344e-01   0.0000
  6.29575457e-03   0.0000
  1.17506133e-02   0.0000
 -7.81847775e-01   0.0000
  2.87737101e-01   0.0000
  2.08862591e+00   0.0000
 -2.23026186e-01   0.0000
 -1.57720757e+00   0.0000
  2.78117585e+00   0.0000
 -1.77112341e+00   0.0000
 -3.89699626e+00   0.0000
  5.42885400e-02   0.0000
 -7.95480490e-01   0.0000
 -2.19506264e+00   0.0000
  7.91332662e-01   0.0000
 -1.12769651e+00   0.0000
  1.57108474e+00   0.0000
  1.04923666e+00   0.0000
 -2.87265539e-01   0.0000
 -2.32181525e+00   0.0000
  3.83754969e+00   0.0000
  6.60389471e+00   0.0000
  9.80580449e-01   0.0000
 -6.69793701e+00   0.0000
  1.30351913e+00   0.0000
  4.66601141e-02   0.0000
  3.23598921e-01   0.0000
 -2.21628690e+00   0.0000
 -7.17891395e-01   0.0000
  4.47078705e+00   0.0000
  3.96067470e-01   0.0000
 -3.97827697e+00   0.0000
  2.70157242e+00   0.0000
 -7.98408890e+00   0.0000
 -9.45942497e+00   0.0000
  1.95533216e+00   0.0000
 -4.53671426e-01   0.0000
 -1.42860591e-01   0.0000
  2.73556209e+00   0.0000
 -2.59976220e+00   0.0000
  5.28045750e+00   0.0000
  4.82223654e+00   0.0000
 -2.09611011e+00   0.0000
  1.57113695e+00   0.0000
  3.30950165e+00   0.0000
  9.14923573e+00   0.0000
  4.08179760e+00   0.0000
 -1.42053375e+01   0.0000
  2.82620955e+00   0.0000
 -8.15722525e-01   0.0000
  2.39410281e+00   0.0000
  6.70257688e-01   0.0000
 -3.43627954e+00   0.0000
  7.19175291e+00   0.0000
  3.18951368e+00   0.0000
  3.85880917e-01   0.0000
  2.42831737e-01   0.0000
 -1.63693559e+00   0.0000
  2.95500445e+00   0.0000
  3.86277527e-01   0.0000
 -5.10929883e-01   0.0000
 -8.17355156e-01   0.0000
  1.34439796e-01   0.0000
  1.23940992e+00   0.0000
  3.24150848e+00   0.0000
 -2.61678457e-01   0.0000
  9.56230462e-01   0.0000
 -5.39299786e-01   0.0000
  3.82225132e+00   0.0000
  2.85585570e+00   0.0000
  1.91629335e-01   0.0000
 -6.18592128e-02   0.0000
 -9.99021888e-01   0.0000
 -2.12711596e+00   0.0000
 -2.73303795e+00   0.0000
  1.60072947e+00   0.0000
 -8.78754020e-01   0.0000
  3.76688182e-01   0.0000
 -8.03704619e-01   0.0000
  1.72981471e-02   0.0000
 -4.50486869e-01   0.0000
 -2.56531864e-01   0.0000
 -3.76611352e-02   0.0000
  2.22068623e-01   0.0000
 -1.02180719e+00   0.0000
 -5.44055328e-02   0.0000
 -3.18970561e-01   0.0000
  2.64470279e-01   0.0000
  2.58284479e-01   0.0000
  1.35040879e-01   0.0000
  6.83063194e-02   0.0000
  2.64552426e+00   0.0000
  2.79727668e-01   0.0000
 -3.30109417e-01   0.0000
 -6.32880777e-02   0.0000
  2.28329673e-02   0.0000
  2.23744214e-01   0.0000
  9.21576545e-02   0.0000
 -9.39907432e-02   0.0000
 -1.34662822e-01   0.0000
  8.34551528e-02   0.0000
  5.68158962e-02   0.0000
 -8.93567026e-01   0.0000
  1.05693735e-01   0.0000
  7.83864856e-02   0.0000
 -2.16282636e-01   0.0000
  1.74687147e-01   0.0000
 -3.62223084e-03   0.0000
  1.64129958e-01   0.0000
  5.33873066e-02   0.0000
  2.23682616e-02   0.0000
  1.95592716e-01   0.0000
  1.71055183e-01   0.0000
  1.90368697e-01   0.0000
 -5.16120307e-02   0.0000
  2.60227829e-01   0.0000
  9.26715955e-02   0.0000
 -4.93325889e-02   0.0000
  3.74638513e-02   0.0000
 -7.63072968e-02   0.0000
  1.66292801e-01   0.0000
  8.67782012e-02   0.0000
  8.23203996e-02   0.0000
 -1.42993510e-01   0.0000
  9.06522423e-02   0.0000
 -2.24346146e-02   0.0000
 -7.14718178e-02   0.0000
 -5.38109466e-02   0.0000
 -2.79002309e-01   0.0000
  8.13031077e-01   0.0000
  7.25402772e-01   0.0000
 -4.42460589e-02   0.0000
 -3.87204051e+00   0.0000
  1.16745365e+00   0.0000
 -5.10318875e-01   0.0000
  2.24803641e-01   0.0000
 -1.07587993e-01   0.0000
  1.50401980e-01   0.0000
 -1.74668789e-01   0.0000
  4.71739340e+00   0.0000
  1.32067943e+00   0.0000
 -1.35304022e+00   0.0000
  1.55384243e-01   0.0000
 -1.38139319e+00   0.0000
  5.50511628e-02   0.0000
  4.31800514e-01   0.0000
 -3.92866671e-01   0.0000
 -1.56882393e+00   0.0000
 -1.70936987e-01   0.0000
  7.67365992e-01   0.0000
  1.88558793e+00   0.0000
  3.15065056e-01   0.0000
  1.02685690e+00   0.0000
  2.39533925e+00   0.0000
  3.11668843e-01   0.0000
  4.78580110e-02   0.0000
  4.81988716e+00   0.0000
  3.04251218e+00   0.0000
  1.78083301e-01   0.0000
  8.27420712e-01   0.0000
  3.48532796e-01   0.0000
  6.24742806e-01   0.0000
 -4.52116370e-01   0.0000
 -1.76112890e+00   0.0000
  3.49792600e+00   0.0000
 -1.25043988e+00   0.0000
  5.87148786e-01   0.0000
 -4.81721687e+00   0.0000
  6.08842254e-01   0.0000
  1.23205781e+00   0.0000
 -1.27264833e+00   0.0000
 -1.69190943e+00   0.0000
 -1.19312155e+00   0.0000
 -2.53893375e-01   0.0000
  6.09365749e+00   0.0000
  7.41448879e-01   0.0000
 -2.05116242e-01   0.0000
  3.21801805e+00   0.0000
 -2.34839678e+00   0.0000
  1.20285726e+00   0.0000
 -1.17514217e+00   0.0000
  1.63066173e+00   0.0000
  2.26833749e+00   0.0000
 -4.16276360e+00   0.0000
  1.06860459e+00   0.0000
  3.47617483e+00   0.0000
 -1.35329759e+00   0.0000
  2.97715664e-01   0.0000
  9.79336071e+00   0.0000
  1.20931876e+00   0.0000
  3.25832725e+00   0.0000
 -1.06510954e+01   0.0000
  1.24207473e+00   0.0000
  4.20243788e+00   0.0000
 -2.21077323e+00   0.0000
  3.72014105e-01   0.0000
 -3.71924973e+00   0.0000
 -5.27407312e+00   0.0000
 -3.34936357e+00   0.0000
  2.54666388e-01   0.0000
  6.11373246e-01   0.0000
 -2.07486486e+00   0.0000
  7.57916451e+00   0.0000
  2.73318768e-01   0.0000
  1.89761364e+00   0.0000
 -3.05132437e+00   0.0000
 -2.95327973e+00   0.0000
 -6.87660754e-01   0.0000
  2.76052952e+00   0.0000
 -9.86980647e-02   0.0000
  9.13171053e-01   0.0000
 -5.17340243e-01   0.0000
  4.76758152e-01   0.0000
  4.38958168e+00   0.0000
 -1.72540620e-01   0.0000
 -4.44527292e+00   0.0000
 -6.73798680e-01   0.0000
  3.27473581e-02   0.0000
 -1.10546462e-02   0.0000
 -1.80796134e+00   0.0000
  9.28407133e-01   0.0000
  7.55897141e+00   0.0000
  4.94261694e+00   0.0000
 -1.61574721e-01   0.0000
 -5.30927658e-01   0.0000
 -1.86026782e-01   0.0000
  3.36760461e-01   0.0000
  6.02783523e-02   0.0000
 -3.29824269e-01   0.0000
 -2.05858782e-01   0.0000
 -7.58271813e-02   0.0000
  5.78008652e-01   0.0000
  2.52136260e-01   0.0000
 -1.55523509e-01   0.0000
 -1.93690613e-01   0.0000
  5.23468447e+00   0.0000
  2.76790887e-01   0.0000
  3.82838286e-02   0.0000
 -1.02381721e-01   0.0000
 -7.79686943e-02   0.0000
 -1.84014618e-01   0.0000
 -8.93800035e-02   0.0000
  2.24946700e-02   0.0000
 -1.86071843e-01   0.0000
  2.40062565e-01   0.0000
  7.62944072e-02   0.0000
  1.38278270e+00   0.0000
 -1.08198360e-01   0.0000
  9.81011540e-02   0.0000
 -1.35855392e-01   0.0000
  2.76754256e-02   0.0000
 -1.13569975e-01   0.0000
  1.29387349e-01   0.0000
  2.91882865e-02   0.0000
 -2.06337962e-02   0.0000
 -1.97805777e-01   0.0000
 -7.75276870e-02   0.0000
 -2.19375715e-02   0.0000
  1.94858432e-01   0.0000
  1.99930564e-01   0.0000
  1.77704021e-01   0.0000
  1.58202246e-01   0.0000
  6.01644963e-02   0.0000
 -1.19935080e-01   0.0000
 -1.31939560e-01   0.0000
  6.46289289e-02   0.0000
 -7.35870674e-02   0.0000
 -3.59304845e-02   0.0000
  4.83603366e-02   0.0000
 -9.91750434e-02   0.0000
 -8.75932947e-02   0.0000
 -1.64037675e-01   0.0000
 -1.24354935e+00   0.0000
  5.05908653e-02   0.0000
 -8.79079938e-01   0.0000
  1.82537866e+00   0.0000
  7.68347979e-01   0.0000
 -4.08719271e-01   0.0000
 -3.77843332e+00   0.0000
  1.12206745e+00   0.0000
  4.38489206e-02   0.0000
  3.13589621e+00   0.0000
 -2.69521999e+00   0.0000
  1.17538124e-01   0.0000
 -7.20983565e-01   0.0000
 -8.88589561e-01   0.0000
  1.94609928e+00   0.0000
 -1.74239004e+00   0.0000
  1.39106259e-01   0.0000
 -6.79216906e-02   0.0000
 -2.99389333e-01   0.0000
  1.53229761e+00   0.0000
 -1.78346848e+00   0.0000
 -2.33012035e-01   0.0000
  1.46290207e+00   0.0000
  5.32288492e-01   0.0000
 -5.30331254e-01   0.0000
  6.48061752e-01   0.0000
 -2.75426221e+00   0.0000
 -1.82046503e-01   0.0000
 -1.07192385e+00   0.0000
 -6.64378703e-01   0.0000
  1.18006313e+00   0.0000
  1.14897215e+00   0.0000
 -5.97026408e-01   0.0000
 -3.01968664e-01   0.0000
  1.72732699e+00   0.0000
 -7.51330972e-01   0.0000
  1.19230282e+00   0.0000
  1.03096986e+00   0.0000
  1.89860272e+00   0.0000
 -1.47524551e-01   0.0000
  8.97263706e-01   0.0000
  2.02445045e-01   0.0000
 -2.87225872e-01   0.0000
 -1.14639890e+00   0.0000
 -3.59677643e-01   0.0000
  6.44183576e-01   0.0000
 -5.56829512e-01   0.0000
 -5.12044609e-01   0.0000
  2.64824581e+00   0.0000
 -1.23262785e-01   0.0000
 -3.71013713e+00   0.0000
  1.80630040e+00   0.0000
  6.54266715e-01   0.0000
  9.16078269e-01   0.0000
  6.81498826e-01   0.0000
  2.63633281e-01   0.0000
  2.52254224e+00   0.0000
  5.57931960e-01   0.0000
 -8.85966659e-01   0.0000
  9.41388845e-01   0.0000
 -1.09224641e+00   0.0000
 -5.89018047e-01   0.0000
 -2.43217921e+00   0.0000
  5.76969802e-01   0.0000
 -1.03353059e+00   0.0000
 -3.24862540e-01   0.0000
  4.40023214e-01   0.0000
 -7.91703761e-01   0.0000
  3.04938853e-01   0.0000
 -3.99063736e-01   0.0000
  5.72482467e-01   0.0000
  3.05102199e-01   0.0000
  3.60727400e-01   0.0000
 -3.72625381e-01   0.0000
  1.06286490e+00   0.0000
  1.31127477e+00   0.0000
 -7.38749623e-01   0.0000
 -3.45547885e-01   0.0000
  1.58544302e+00   0.0000
  1.46789718e+00   0.0000
 -1.76142499e-01   0.0000
 -2.33269529e-03   0.0000
  6.21318936e-01   0.0000
 -5.56087911e-01   0.0000
 -5.75541735e+00   0.0000
 -1.19674432e+00   0.0000
 -3.78427672e+00   0.0000
 -8.44370544e-01   0.0000
  2.25533032e+00   0.0000
  3.30999196e-01   0.0000
 -3.90390277e-01   0.0000
 -1.23108435e+00   0.0000
 -4.25380260e-01   0.0000
  1.77153006e-01   0.0000
 -3.13104004e-01   0.0000
 -4.48081613e-01   0.0000
  2.05066487e-01   0.0000
 -9.58693624e-01   0.0000
  3.78058982e+00   0.0000
 -1.60305813e-01   0.0000
  1.19498599e+00   0.0000
  2.96553284e-01   0.0000
  2.93334067e-01   0.0000
  3.61052930e-01   0.0000
 -2.45157528e+00   0.0000
  1.26128927e-01   0.0000
 -6.78390503e-01   0.0000
  1.77969426e-01   0.0000
 -3.15997481e+00   0.0000
  1.44304788e+00   0.0000
 -9.22776127e+00   0.0000
 -7.75437832e-01   0.0000
  7.73791373e-01   0.0000
 -1.70012102e-01   0.0000
  4.65403497e-01   0.0000
 -1.06124735e+00   0.0000
  7.05601797e-02   0.0000
 -5.04075348e-01   0.0000
  1.66357145e-01   0.0000
  1.41124114e-01   0.0000
 -2.66790897e-01   0.0000
  7.78425813e-01   0.0000
 -5.94692469e-01   0.0000
  2.91415066e-01   0.0000
  7.37008974e-02   0.0000
 -8.53447393e-02   0.0000
 -5.18233180e-01   0.0000
 -3.47342342e-01   0.0000
  8.95853192e-02   0.0000
 -1.67931095e-01   0.0000
  1.30980027e+00   0.0000
 -1.92122418e-03   0.0000
 -6.21089637e-01   0.0000
 -2.59997785e-01   0.0000
 -1.90409148e+00   0.0000
  1.83030748e+00   0.0000
 -3.51078439e+00   0.0000
 -8.96280110e-02   0.0000
  5.42241558e-02   0.0000
  7.25118935e-01   0.0000
  7.36880898e-02   0.0000
 -1.33339865e-02   0.0000
 -1.50599964e-02   0.0000
  3.46603960e-01   0.0000
 -9.08948481e-01   0.0000
  8.90093446e-01   0.0000
  1.29873121e+00   0.0000
  9.30559337e-01   0.0000
 -4.98569936e-01   0.0000
 -8.47625077e-01   0.0000
  2.73173839e-01   0.0000
  2.59963185e-01   0.0000
  3.66264915e+00   0.0000
 -6.31653428e-01   0.0000
  3.69436216e+00   0.0000
  3.51752877e-01   0.0000
 -2.53740144e+00   0.0000
 -1.16964623e-01   0.0000
  2.03825617e+00   0.0000
  8.16451192e-01   0.0000
 -6.56544149e-01   0.0000
  6.27782643e-01   0.0000
 -3.56061161e-01   0.0000
 -3.95863920e-01   0.0000
 -6.14059627e-01   0.0000
  3.48323762e-01   0.0000
 -1.54106915e-01   0.0000
  9.08271149e-02   0.0000
 -6.02896869e-01   0.0000
  5.43490648e-01   0.0000
  4.07233047e+00   0.0000
  7.34031498e-02   0.0000
  1.27109241e+00   0.0000
 -1.54026836e-01   0.0000
  5.81593439e-02   0.0000
 -1.52964428e-01   0.0000
  1.96856588e-01   0.0000
  1.92823149e-02   0.0000
  9.25224051e-02   0.0000
  3.61875385e-01   0.0000
  3.61244535e+00   0.0000
 -3.20039988e+00   0.0000
  3.10819387e+00   0.0000
  6.50695443e-01   0.0000
 -8.41506481e-01   0.0000
  1.71559021e-01   0.0000
  9.02803689e-02   0.0000
  3.24259579e-01   0.0000
 -1.23398088e-01   0.0000
  2.32778080e-02   0.0000
 -1.43878505e-01   0.0000
  9.75053851e-03   0.0000
  2.58866370e-01   0.0000
  9.60750222e-01   0.0000
  8.40823650e-01   0.0000
  6.23804569e-01   0.0000
 -4.62470263e-01   0.0000
 -6.98778033e-02   0.0000
  1.01145542e+00   0.0000
  8.41400385e-01   0.0000
  1.12189293e+00   0.0000
 -3.39811027e-01   0.0000
 -4.94004525e-02   0.0000
 -6.69469535e-01   0.0000
  8.64917576e-01   0.0000
  4.91554528e-01   0.0000
  1.13397324e+00   0.0000
 -6.82013705e-02   0.0000
  2.65527725e-01   0.0000
  7.51356781e-03   0.0000
 -2.69348681e-01   0.0000
 -4.88080621e-01   0.0000
 -3.06191415e-01   0.0000
  5.03968336e-02   0.0000
 -2.93306895e-02   0.0000
 -6.91784546e-02   0.0000
  3.95176113e-01   0.0000
  1.17744792e+00   0.0000
  2.98674393e+00   0.0000
 -1.08776891e+00   0.0000
  1.24967051e+00   0.0000
 -8.03424511e-04   0.0000
  3.88375640e-01   0.0000
  5.97300291e-01   0.0000
  1.32633555e+00   0.0000
  2.92436052e-02   0.0000
  4.68391448e-01   0.0000
  5.53413820e+00   0.0000
  3.03976297e+00   0.0000
 -1.57932961e+00   0.0000
  7.40985012e+00   0.0000
 -4.39901292e-01   0.0000
  1.18237019e+00   0.0000
 -1.25516504e-01   0.0000
 -1.11995069e-02   0.0000
 -6.64856195e-01   0.0000
 -3.79365757e-02   0.0000
 -1.31933779e-01   0.0000
  1.36088371e-01   0.0000
  1.93507195e-01   0.0000
 -4.47363913e-01   0.0000
  6.65937185e-01   0.0000
 -2.64414692e+00   0.0000
 -8.45722079e-01   0.0000
 -3.12557578e-01   0.0000
 -1.14350729e-01   0.0000
 -1.62019837e+00   0.0000
 -1.04299951e+00   0.0000
  1.06559396e+00   0.0000
 -4.28528607e-01   0.0000
  4.96458672e-02   0.0000
  7.59254813e-01   0.0000
  3.53751588e+00   0.0000
  1.33555102e+00   0.0000
  2.37082791e+00   0.0000
  1.31883037e+00   0.0000
 -3.35625768e+00   0.0000
 -2.70861909e-02   0.0000
  1.40745156e-02   0.0000
  1.41603148e+00   0.0000
 -5.88503629e-02   0.0000
  9.05644670e-02   0.0000
  3.32031003e-03   0.0000
  5.35973370e-01   0.0000
  2.89455086e-01   0.0000
  2.11371446e+00   0.0000
 -3.88346761e-02   0.0000
  1.12632167e+00   0.0000
  2.67933220e-01   0.0000
 -3.75111610e-01   0.0000
 -9.43132713e-02   0.0000
  3.61686796e-02   0.0000
  1.49389553e+00   0.0000
 -3.00462842e-01   0.0000
  4.05402213e-01   0.0000
 -3.81445616e-01   0.0000
 -1.93507862e+00   0.0000
 -6.54197216e-01   0.0000
 -2.82349038e+00   0.0000
  3.05675745e+00   0.0000
 -5.59940720e+00   0.0000
  1.57756016e-01   0.0000
 -2.50658035e-01   0.0000
 -6.10368280e-03   0.0000
 -1.51159987e-01   0.0000
  4.62697506e-01   0.0000
 -2.54103571e-01   0.0000
  1.21179640e-01   0.0000
 -2.27346510e-01   0.0000
 -9.37635899e-01   0.0000
 -1.26807541e-02   0.0000
 -7.27273762e-01   0.0000
 -6.85149610e-01   0.0000
 -1.16456142e-02   0.0000
  4.73777592e-01   0.0000
  1.02496713e-01   0.0000
 -1.15008271e+00   0.0000
  1.07041307e-01   0.0000
  9.38267708e-02   0.0000
 -5.79071380e-02   0.0000
  1.47891986e+00   0.0000
  3.77161711e-01   0.0000
  2.26849055e+00   0.0000
 -1.89565384e+00   0.0000
  3.17353463e+00   0.0000
  3.90708074e-02   0.0000
  1.18414931e-01   0.0000
 -3.46860066e-02   0.0000
 -7.25872442e-02   0.0000
  2.42381826e-01   0.0000
 -7.63065591e-02   0.0000
  7.66036391e-01   0.0000
  3.00332345e-02   0.0000
 -1.35878420e+00   0.0000
 -5.54727173e+00   0.0000
 -6.61449134e-02   0.0000
  5.85852981e-01   0.0000
 -1.05685866e+00   0.0000
 -8.47874701e-01   0.0000
 -8.10019433e-01   0.0000
 -3.92345101e-01   0.0000
 -8.00852120e-01   0.0000
  2.59101081e+00   0.0000
 -5.74394226e-01   0.0000
  6.63588619e+00   0.0000
  2.53550386e+00   0.0000
 -1.80642152e+00   0.0000
 -8.04487169e-01   0.0000
  3.44267279e-01   0.0000
  8.18130851e-01   0.0000
 -6.28960431e-01   0.0000
  1.84853351e+00   0.0000
 -8.65475655e-01   0.0000
  8.23206425e-01   0.0000
 -6.19130731e-01   0.0000
  1.67951569e-01   0.0000
  9.53321159e-01   0.0000
 -5.95253587e-01   0.0000
 -2.19061211e-01   0.0000
  4.48417455e-01   0.0000
  5.83859921e-01   0.0000
  1.31698862e-01   0.0000
  3.59004706e-01   0.0000
  1.11783303e-01   0.0000
 -2.26693940e+00   0.0000
 -2.00156942e-02   0.0000
  9.69792008e-01   0.0000
 -1.78756404e+00   0.0000
  2.93037033e+00   0.0000
 -4.33329725e+00   0.0000
  1.94140792e+00   0.0000
 -4.39291388e-01   0.0000
  8.99000823e-01   0.0000
  2.45758459e-01   0.0000
  1.73827231e-01   0.0000
 -2.18124360e-01   0.0000
 -6.29829168e-02   0.0000
  7.61935040e-02   0.0000
  2.41990685e-02   0.0000
  2.34447777e-01   0.0000
  1.66594160e+00   0.0000
 -8.83116946e-02   0.0000
  6.85301828e+00   0.0000
  4.22438890e-01   0.0000
  1.49617338e+00   0.0000
 -3.09687555e-01   0.0000
  1.85166025e+00   0.0000
  1.13202703e+00   0.0000
  1.94102061e+00   0.0000
  1.50332019e-01   0.0000
  2.73474336e-01   0.0000
 -3.06459761e+00   0.0000
 -2.36648870e+00   0.0000
  6.92340851e-01   0.0000
  4.45171148e-01   0.0000
 -1.49734542e-01   0.0000
  2.53961712e-01   0.0000
  4.62934583e-01   0.0000
 -5.00682414e-01   0.0000
 -5.93547165e-01   0.0000
 -1.01483777e-01   0.0000
  3.41255099e-01   0.0000
 -1.80097401e-01   0.0000
 -4.94423956e-02   0.0000
 -2.40938008e-01   0.0000
  1.80362296e+00   0.0000
  1.82462856e-01   0.0000
  7.32189715e-01   0.0000
  8.03644657e-02   0.0000
 -2.22594753e-01   0.0000
 -5.21004617e-01   0.0000
 -4.29511786e-01   0.0000
  8.17693174e-01   0.0000
 -2.38487544e-03   0.0000
  1.80557561e+00   0.0000
 -9.71177071e-02   0.0000
 -6.91293776e-01   0.0000
  6.22511543e-02   0.0000
 -2.24264693e+00   0.0000
  3.00250340e+00   0.0000
 -5.08579588e+00   0.0000
 -7.26924762e-02   0.0000
  2.05619946e-01   0.0000
  2.44645774e-01   0.0000
  1.21707290e-01   0.0000
 -1.00829214e-01   0.0000
  5.36446422e-02   0.0000
 -2.03029979e-02   0.0000
  6.60489678e-01   0.0000
  1.51635790e+00   0.0000
  1.88294888e+00   0.0000
  2.00107360e+00   0.0000
  3.27338189e-01   0.0000
 -1.50410622e-01   0.0000
  3.34084988e+00   0.0000
  2.71327448e+00   0.0000
  1.66529751e+00   0.0000
 -1.02504097e-01   0.0000
 -2.23596382e+00   0.0000
 -1.86948431e+00   0.0000
 -4.59750748e+00   0.0000
 -2.62411296e-01   0.0000
 -9.38228607e-01   0.0000
  1.42072332e+00   0.0000
 -1.16354811e+00   0.0000
  1.95780829e-01   0.0000
 -1.17091902e-01   0.0000
 -2.75455666e+00   0.0000
  1.50643829e-02   0.0000
  3.64910543e-01   0.0000
 -3.92325401e-01   0.0000
 -6.51159763e-01   0.0000
  6.28972948e-01   0.0000
  2.23397955e-01   0.0000
  1.67154312e+00   0.0000
  1.25225019e+00   0.0000
  9.23051059e-01   0.0000
  7.24441946e-01   0.0000
 -9.58584249e-01   0.0000
 -5.45365155e-01   0.0000
  8.90499294e-01   0.0000
  4.83942479e-01   0.0000
 -2.37209606e+00   0.0000
  9.76143777e-01   0.0000
 -1.95619524e+00   0.0000
 -9.75518107e-01   0.0000
 -1.97821808e+00   0.0000
  7.53675640e-01   0.0000
 -1.17778599e+00   0.0000
 -5.08768559e-01   0.0000
  5.69292307e-01   0.0000
  8.02511215e-01   0.0000
  2.83940971e-01   0.0000
 -4.57790613e-01   0.0000
  3.53769034e-01   0.0000
 -8.14861298e-01   0.0000
  4.86330956e-01   0.0000
  4.63625193e-01   0.0000
  2.69591141e+00   0.0000
  1.70759964e+00   0.0000
  3.07034039e+00   0.0000
  1.09502947e+00   0.0000
 -8.25007856e-01   0.0000
 -8.41377258e-01   0.0000
  2.69851732e+00   0.0000
  8.43167603e-01   0.0000
 -1.57417810e+00   0.0000
  8.33210796e-02   0.0000
 -4.50770617e+00   0.0000
 -9.28108692e-01   0.0000
 -7.18245745e-01   0.0000
  6.76831245e-01   0.0000
 -4.08064604e-01   0.0000
 -4.17786747e-01   0.0000
  8.88000667e-01   0.0000
  5.83203256e-01   0.0000
  5.16071439e-01   0.0000
 -7.20232606e-01   0.0000
  7.35410511e-01   0.0000
 -3.61473151e-02   0.0000
 -6.13485277e-01   0.0000
 -1.48867738e+00   0.0000
 -4.95150900e+00   0.0000
 -3.10425460e-01   0.0000
  9.32425976e-01   0.0000
  2.31092777e-02   0.0000
 -8.73165369e-01   0.0000
 -8.54798973e-01   0.0000
 -6.37681007e-01   0.0000
 -1.74146801e-01   0.0000
  1.06875563e+00   0.0000
  3.94714177e-01   0.0000
  3.07098436e+00   0.0000
 -4.32150900e-01   0.0000
 -3.37742060e-01   0.0000
  9.97740328e-01   0.0000
 -1.96180737e+00   0.0000
 -2.37984225e-01   0.0000
  1.32033244e-01   0.0000
  8.15497994e-01   0.0000
  1.72381043e-01   0.0000
 -1.34377509e-01   0.0000
  3.67089510e-01   0.0000
  4.69141245e-01   0.0000
  1.17331719e+00   0.0000
  2.54137516e+00   0.0000
  3.08360791e+00   0.0000
  1.75348580e+00   0.0000
  1.15751290e+00   0.0000
 -1.45442933e-01   0.0000
  1.77719239e-02   0.0000
  5.44990599e-02   0.0000
  6.23981619e+00   0.0000
 -3.79868686e-01   0.0000
 -1.99721050e+00   0.0000
 -3.41597509e+00   0.0000
 -3.89584154e-01   0.0000
 -8.79381895e-02   0.0000
  1.84284484e+00   0.0000
  1.66636014e+00   0.0000
 -2.25243521e+00   0.0000
  3.15402150e-01   0.0000
 -1.85219586e-01   0.0000
  6.80034161e-02   0.0000
 -2.58874685e-01   0.0000
  5.96979558e-01   0.0000
 -5.35218000e-01   0.0000
 -8.64124596e-02   0.0000
  7.79609263e-01   0.0000
 -4.93976325e-01   0.0000
 -2.69638562e+00   0.0000
 -2.63849258e+00   0.0000
 -1.13910544e+00   0.0000
  2.84655020e-02   0.0000
  8.47801685e-01   0.0000
  9.15306985e-01   0.0000
 -3.37033010e+00   0.0000
  7.74312299e-03   0.0000
 -1.65660310e+00   0.0000
 -5.36798596e-01   0.0000
  1.43349814e+00   0.0000
  1.23217380e+00   0.0000
  1.22410897e-02   0.0000
 -2.33259931e-01   0.0000
  2.51877904e-01   0.0000
  9.47644338e-02   0.0000
 -2.14394093e-01   0.0000
 -6.18355513e-01   0.0000
  5.58831319e-02   0.0000
 -3.59099470e-02   0.0000
 -3.79706509e-02   0.0000
 -7.81106234e-01   0.0000
  4.57870626e+00   0.0000
 -2.02725124e+00   0.0000
 -5.89930439e+00   0.0000
 -1.97204602e+00   0.0000
  1.11413211e-01   0.0000
  7.78625607e-01   0.0000
 -2.62408167e-01   0.0000
  9.94580239e-02   0.0000
 -4.05373383e+00   0.0000
  6.81867421e-01   0.0000
 -8.01131725e+00   0.0000
  7.87114725e-02   0.0000
 -4.99680758e-01   0.0000
 -5.27943993e+00   0.0000
 -2.45027971e+00   0.0000
 -6.65883303e-01   0.0000
  1.44083345e+00   0.0000
 -3.75100851e-01   0.0000
  6.19011045e-01   0.0000
 -5.69969296e-01   0.0000
  6.13203347e-01   0.0000
 -6.36447132e-01   0.0000
  6.18573308e-01   0.0000
  1.03194173e-03   0.0000
 -3.61666292e-01   0.0000
  1.12401140e+00   0.0000
  3.01440310e+00   0.0000
  6.10761456e-02   0.0000
  5.48393250e+00   0.0000
 -3.19606252e-02   0.0000
  4.34773475e-01   0.0000
  2.50543296e-01   0.0000
 -4.85535055e-01   0.0000
 -1.55465260e-01   0.0000
 -5.13766468e-01   0.0000
 -3.21516544e-01   0.0000
 -2.83008432e+00   0.0000
  1.51373923e+00   0.0000
 -1.45981348e+00   0.0000
  1.48056149e+00   0.0000
 -2.08941221e+00   0.0000
 -7.44965598e-02   0.0000
  5.11342250e-02   0.0000
 -3.41365412e-02   0.0000
  1.28546283e-01   0.0000
  1.26025248e-02   0.0000
 -1.85833037e-01   0.0000
 -4.91061878e+00   0.0000
  7.62714267e-01   0.0000
 -2.72260380e+00   0.0000
 -2.63746399e-02   0.0000
 -1.63448870e+00   0.0000
  3.31910419e+00   0.0000
  7.41715622e+00   0.0000
 -4.58435345e+00   0.0000
 -4.39835215e+00   0.0000
 -3.32870483e+00   0.0000
  5.34325504e+00   0.0000
 -3.34455681e+00   0.0000
  3.12233639e+00   0.0000
 -2.12145352e+00   0.0000
  1.11012030e+00   0.0000
 -2.11681366e+00   0.0000
 -1.50600493e+00   0.0000
  4.58402967e+00   0.0000
 -4.87566805e+00   0.0000
  5.54419231e+00   0.0000
  4.20295238e+00   0.0000
  5.11592484e+00   0.0000
 -5.62108850e+00   0.0000
  4.62676144e+00   0.0000
 -2.50290680e+00   0.0000
 -2.60511661e+00   0.0000
 -4.91364050e+00   0.0000
 -9.80192184e+00   0.0000
 -3.22972870e+00   0.0000
 -6.31598139e+00   0.0000
 -1.80990040e+00   0.0000
 -6.35037565e+00   0.0000
 -5.77286911e+00   0.0000
 -8.72550583e+00   0.0000
 -1.87597311e+00   0.0000
  4.95926094e+00   0.0000
  5.25365877e+00   0.0000
  8.26770496e+00   0.0000
  5.71050358e+00   0.0000
  6.48293447e+00   0.0000
 -4.57360649e+00   0.0000
  7.61216164e+00   0.0000
 -2.54503512e+00   0.0000
  4.33975649e+00   0.0000
  5.72738218e+00   0.0000
  1.69233096e+00   0.0000
 -5.01327610e+00   0.0000
  4.39087439e+00   0.0000
  0.00000000e+00   0.0000

