 5 0.000000 1
 1 
 Si 28.085500
 0 0.500000 4.500000 0.978124 1.000000 
 5 0 1 2 4 6
 8 2.25000 2.50000 2.75000 3.00000 3.25000 3.50000 3.75000 4.00000
 1 12.169200 6.172630 3.114710 0.755675 0.404939 0.036124 0.650018 0.572890
 3 40 32 1
  2.75063968e+00   0.0000
  2.03417921e+00   0.0000
 -6.62916780e-01   0.0000
 -7.14566469e-01   0.0000
 -7.75469244e-01   0.0000
  3.38982373e-01   0.0000
  4.13243949e-01   0.0000
  3.36850941e-01   0.0000
  2.43441537e-01   0.0000
 -1.11961722e+00   0.0000
 -1.83698125e-02   0.0000
  3.57616037e-01   0.0000
  1.17841542e+00   0.0000
 -7.06823707e-01   0.0000
  2.71897942e-01   0.0000
 -1.73829541e-01   0.0000
 -9.12327111e-01   0.0000
 -1.36044490e+00   0.0000
 -5.56234002e-01   0.0000
 -8.28728974e-01   0.0000
  1.70048928e+00   0.0000
  8.29552650e-01   0.0000
 -1.03984249e+00   0.0000
  1.57331777e+00   0.0000
  3.76664460e-01   0.0000
 -1.27579379e+00   0.0000
  2.27822751e-01   0.0000
 -6.46936417e-01   0.0000
 -5.89706123e-01   0.0000
 -2.77894139e-01   0.0000
  5.90614021e-01   0.0000
  1.54343247e-01   0.0000
  6.25993133e-01   0.0000
 -7.02103302e-02   0.0000
 -3.26377541e-01   0.0000
 -6.61620557e-01   0.0000
 -7.32502759e-01   0.0000
  4.38914597e-02   0.0000
  7.22923756e-01   0.0000
 -8.20003003e-02   0.0000
  8.28493953e-01   0.0000
  6.93589523e-02   0.0000
  1.76349178e-01   0.0000
 -6.57418743e-02   0.0000
  6.29866540e-01   0.0000
 -1.14783525e+00   0.0000
 -3.18282515e-01   0.0000
 -4.62535739e-01   0.0000
 -5.36639333e-01   0.0000
 -4.95619744e-01   0.0000
  3.29037040e-01   0.0000
 -2.29593053e-01   0.0000
  5.00571132e-01   0.0000
  8.49097669e-01   0.0000
 -6.16478801e-01   0.0000
  2.22093612e-02   0.0000
  4.20025110e-01   0.0000
 -3.89006466e-01   0.0000
 -9.54247192e-02   0.0000
 -2.85615295e-01   0.0000
 -7.42667377e-01   0.0000
  1.37991528e-03   0.0000
  3.98160964e-01   0.0000
 -4.11998183e-01   0.0000
 -2.95494318e-01   0.0000
 -4.32501554e-01   0.0000
 -5.23149371e-01   0.0000
  3.56592759e-02   0.0000
 -3.01020801e-01   0.0000
 -3.39841358e-02   0.0000
  1.10610056e+00   0.0000
  4.84409153e-01   0.0000
  7.99377739e-01   0.0000
 -3.54559943e-02   0.0000
  4.23794538e-01   0.0000
 -2.78708011e-01   0.0000
  6.76545024e-01   0.0000
 -5.48343956e-01   0.0000
 -4.17961508e-01   0.0000
 -7.55253255e-01   0.0000
 -3.54546368e-01   0.0000
 -4.52730328e-01   0.0000
  9.45497513e-01   0.0000
 -5.68210542e-01   0.0000
  5.59029758e-01   0.0000
  1.16322112e+00   0.0000
 -4.08163935e-01   0.0000
 -6.43401980e-01   0.0000
  2.79258877e-01   0.0000
  6.61705673e-01   0.0000
 -4.34276052e-02   0.0000
 -5.62083125e-01   0.0000
 -4.45149183e-01   0.0000
 -4.20107096e-01   0.0000
  5.76374769e-01   0.0000
 -4.48848873e-01   0.0000
 -5.58255725e-02   0.0000
 -9.77102891e-02   0.0000
 -2.58207351e-01   0.0000
 -7.95431912e-01   0.0000
 -5.60426295e-01   0.0000
 -3.86258990e-01   0.0000
  5.10181129e-01   0.0000
  4.93361235e-01   0.0000
  7.52134264e-01   0.0000
  2.61271685e-01   0.0000
  5.24380922e-01   0.0000
 -8.64616096e-01   0.0000
  5.20277679e-01   0.0000
 -1.01394796e+00   0.0000
 -2.33325779e-01   0.0000
 -7.96252191e-01   0.0000
 -8.83204639e-01   0.0000
 -4.26092744e-01   0.0000
  7.06431746e-01   0.0000
 -6.54508591e-01   0.0000
  4.74809855e-01   0.0000
  5.18010914e-01   0.0000
 -3.28555405e-01   0.0000
 -1.44308079e-02   0.0000
 -2.13281929e-01   0.0000
  3.59269619e-01   0.0000
  1.49668321e-01   0.0000
 -3.11909974e-01   0.0000
  7.26868570e-01   0.0000
 -6.77461267e-01   0.0000
  4.65143561e-01   0.0000
 -1.25069067e-01   0.0000
 -3.60225469e-01   0.0000
  5.09287775e-01   0.0000
  9.62263811e-03   0.0000
 -2.36264616e-02   0.0000
 -1.04598165e-01   0.0000
 -8.93446684e-01   0.0000
  6.99509859e-01   0.0000
 -9.64000821e-03   0.0000
  7.15657949e-01   0.0000
 -3.85234386e-01   0.0000
  3.61897796e-01   0.0000
 -6.85422182e-01   0.0000
  5.02312243e-01   0.0000
 -8.38251233e-01   0.0000
 -2.28668079e-01   0.0000
 -2.79285759e-01   0.0000
 -4.29154545e-01   0.0000
 -4.56219852e-01   0.0000
 -3.81455809e-01   0.0000
 -6.43662333e-01   0.0000
  2.78818756e-01   0.0000
  7.31992066e-01   0.0000
 -5.82873166e-01   0.0000
 -7.62491822e-02   0.0000
 -5.20256795e-02   0.0000
  8.54614913e-01   0.0000
  4.04801369e-01   0.0000
 -7.13065147e-01   0.0000
  5.44738233e-01   0.0000
 -1.20282564e-02   0.0000
  4.16497439e-01   0.0000
  6.37457013e-01   0.0000
 -1.96794569e-01   0.0000
  1.10630907e-01   0.0000
 -3.61021817e-01   0.0000
 -5.85370734e-02   0.0000
 -9.91933420e-02   0.0000
 -3.26098472e-01   0.0000
 -7.03342259e-02   0.0000
 -5.77099388e-03   0.0000
  5.35793424e-01   0.0000
  3.45201254e-01   0.0000
  3.00106764e-01   0.0000
  2.37269789e-01   0.0000
  3.89039546e-01   0.0000
 -5.99331617e-01   0.0000
 -3.76379192e-02   0.0000
 -7.28521883e-01   0.0000
 -1.99457332e-01   0.0000
 -7.69150928e-02   0.0000
 -6.63585424e-01   0.0000
 -8.03598523e-01   0.0000
 -7.19012618e-02   0.0000
  3.53442878e-01   0.0000
 -1.64212003e-01   0.0000
  1.10135958e-01   0.0000
 -2.47122929e-01   0.0000
  1.05806792e+00   0.0000
  4.51439321e-01   0.0000
 -2.59971917e-02   0.0000
 -3.28394794e-03   0.0000
 -2.46601298e-01   0.0000
  4.15789157e-01   0.0000
  7.44490996e-02   0.0000
  4.01135869e-02   0.0000
 -1.19556256e-01   0.0000
 -4.36847508e-01   0.0000
 -5.37621021e-01   0.0000
 -8.78365070e-04   0.0000
  6.49711490e-01   0.0000
  4.34093297e-01   0.0000
  2.35154405e-01   0.0000
  2.01601833e-01   0.0000
  1.71638355e-01   0.0000
 -2.54590958e-01   0.0000
  1.00553131e+00   0.0000
  9.56648946e-01   0.0000
 -5.20970643e-01   0.0000
  1.70619935e-01   0.0000
  7.70838410e-02   0.0000
  9.55432132e-02   0.0000
 -5.05238891e-01   0.0000
 -3.91009480e-01   0.0000
 -1.00300026e+00   0.0000
  6.38015091e-01   0.0000
 -7.34798014e-02   0.0000
 -4.88122106e-01   0.0000
 -2.03892380e-01   0.0000
  2.01267928e-01   0.0000
  4.98801559e-01   0.0000
  5.58632314e-01   0.0000
 -4.15231019e-01   0.0000
 -4.30254966e-01   0.0000
  2.01129258e-01   0.0000
  8.23232755e-02   0.0000
 -3.09407443e-01   0.0000
  9.09313798e-01   0.0000
  3.47314566e-01   0.0000
 -2.83469617e-01   0.0000
 -2.68748075e-01   0.0000
 -3.83013576e-01   0.0000
  5.57537198e-01   0.0000
  8.83025974e-02   0.0000
  4.66279179e-01   0.0000
  4.12146263e-02   0.0000
 -1.45723462e+00   0.0000
  2.52523664e-02   0.0000
  1.18124795e+00   0.0000
  6.86431110e-01   0.0000
  1.51168689e-01   0.0000
  6.99004352e-01   0.0000
 -5.32397389e-01   0.0000
  3.30591351e-02   0.0000
 -2.11902380e-01   0.0000
 -7.64389157e-01   0.0000
 -8.87617096e-02   0.0000
  1.03167009e+00   0.0000
 -3.59739184e-01   0.0000
 -4.89448428e-01   0.0000
  9.56803739e-01   0.0000
 -1.75107017e-01   0.0000
  6.61868274e-01   0.0000
  5.08770868e-02   0.0000
  2.85688370e-01   0.0000
 -6.19506419e-01   0.0000
 -2.60570616e-01   0.0000
  4.90560174e-01   0.0000
  2.09895924e-01   0.0000
  1.15299904e+00   0.0000
 -1.40271857e-01   0.0000
  4.72006589e-01   0.0000
 -3.31023663e-01   0.0000
  2.23412707e-01   0.0000
 -6.30588084e-02   0.0000
  4.15097326e-01   0.0000
 -2.04099029e-01   0.0000
 -8.65993381e-01   0.0000
  5.32032132e-01   0.0000
  1.78529203e-01   0.0000
 -7.38296092e-01   0.0000
 -2.23390877e-01   0.0000
 -2.73250073e-01   0.0000
 -1.37215257e-01   0.0000
 -3.72061431e-02   0.0000
  3.56806189e-01   0.0000
  2.46447802e-01   0.0000
 -3.88951451e-02   0.0000
 -1.24661577e+00   0.0000
 -2.94128925e-01   0.0000
 -1.46674663e-01   0.0000
 -5.26017785e-01   0.0000
 -5.34598410e-01   0.0000
 -2.81127274e-01   0.0000
 -2.57931300e-03   0.0000
 -7.10925758e-01   0.0000
 -5.49709657e-03   0.0000
  1.10200310e+00   0.0000
  7.08026230e-01   0.0000
  1.27813546e-02   0.0000
  1.05493426e-01   0.0000
  8.15942168e-01   0.0000
  8.18520665e-01   0.0000
  2.66812116e-01   0.0000
  3.89979959e-01   0.0000
  5.19929409e-01   0.0000
 -7.67935142e-02   0.0000
  2.85239637e-01   0.0000
 -2.92536527e-01   0.0000
 -8.59326482e-01   0.0000
  1.46481499e-01   0.0000
 -5.91202319e-01   0.0000
 -3.77952188e-01   0.0000
  3.00962478e-01   0.0000
 -7.64184806e-04   0.0000
 -2.55291134e-01   0.0000
 -2.22451821e-01   0.0000
 -3.62653583e-01   0.0000
 -4.46832687e-01   0.0000
  5.47731742e-02   0.0000
 -1.12597251e+00   0.0000
 -3.37333202e-01   0.0000
 -2.33322948e-01   0.0000
 -5.15153170e-01   0.0000
 -6.86292887e-01   0.0000
 -1.78311110e-01   0.0000
  3.02906126e-01   0.0000
 -1.31503239e-01   0.0000
  4.50017937e-02   0.0000
  7.99040020e-01   0.0000
  4.80908483e-01   0.0000
 -4.11138058e-01   0.0000
  2.94904441e-01   0.0000
  7.88093925e-01   0.0000
  1.00047791e+00   0.0000
 -5.98331749e-01   0.0000
  4.56122875e-01   0.0000
 -2.42194578e-01   0.0000
  1.82163715e-02   0.0000
 -3.16176265e-02   0.0000
 -6.03226602e-01   0.0000
 -2.32836202e-01   0.0000
  2.54072845e-02   0.0000
  3.03384304e-01   0.0000
  1.95455611e-01   0.0000
 -3.37898694e-02   0.0000
 -8.40944645e-04   0.0000
 -9.67291296e-01   0.0000
  1.47163466e-01   0.0000
  1.86465845e-01   0.0000
 -3.16704839e-01   0.0000
 -1.06698081e-01   0.0000
 -8.93369615e-01   0.0000
 -2.02915728e-01   0.0000
 -1.77380949e-01   0.0000
  3.23961556e-01   0.0000
 -9.95499864e-02   0.0000
 -5.82153440e-01   0.0000
  3.17350417e-01   0.0000
 -4.31028396e-01   0.0000
  2.05041319e-01   0.0000
  4.62358862e-01   0.0000
 -2.09799230e-01   0.0000
  3.37614566e-01   0.0000
  4.11082208e-01   0.0000
  8.97352621e-02   0.0000
  6.14344589e-02   0.0000
 -5.99981725e-01   0.0000
 -9.48903710e-02   0.0000
 -1.45183429e-01   0.0000
  5.25432408e-01   0.0000
  5.76995313e-01   0.0000
  3.14861298e-01   0.0000
  3.62308830e-01   0.0000
 -1.18937688e-02   0.0000
  1.07598878e-01   0.0000
  2.63093859e-01   0.0000
 -9.43752676e-02   0.0000
 -5.34600466e-02   0.0000
 -1.66928664e-01   0.0000
  4.67632681e-01   0.0000
 -7.60450661e-02   0.0000
  3.25231165e-01   0.0000
 -6.60709262e-01   0.0000
 -8.53166461e-01   0.0000
  2.85191119e-01   0.0000
  1.56614497e-01   0.0000
 -3.44191641e-01   0.0000
  2.07164750e-01   0.0000
 -3.89313638e-01   0.0000
  6.03412390e-01   0.0000
  5.13047099e-01   0.0000
  2.95124948e-02   0.0000
  8.54185224e-01   0.0000
 -3.19328904e-01   0.0000
  3.32615703e-01   0.0000
  8.15040320e-02   0.0000
 -5.23455620e-01   0.0000
  1.33664429e-01   0.0000
 -7.32611239e-01   0.0000
  2.80694395e-01   0.0000
 -2.38358155e-02   0.0000
  1.83305368e-01   0.0000
  5.16169012e-01   0.0000
  9.27241445e-02   0.0000
  2.38900125e-01   0.0000
 -7.36092985e-01   0.0000
  1.49904862e-01   0.0000
 -2.79576421e-01   0.0000
 -5.26346803e-01   0.0000
 -1.78853363e-01   0.0000
  6.49925368e-03   0.0000
  4.07254845e-01   0.0000
  3.58932942e-01   0.0000
 -3.96626800e-01   0.0000
 -8.99102688e-02   0.0000
 -4.85717505e-01   0.0000
 -4.78143603e-01   0.0000
  4.52566534e-01   0.0000
  2.76574552e-01   0.0000
  2.86155045e-01   0.0000
  1.54284537e-01   0.0000
  1.40869647e-01   0.0000
 -1.66869253e-01   0.0000
  3.05227101e-01   0.0000
  4.94175434e-01   0.0000
 -3.96620959e-01   0.0000
  4.61506456e-01   0.0000
  5.22469699e-01   0.0000
 -5.11015616e-02   0.0000
 -4.54644442e-01   0.0000
 -4.04285967e-01   0.0000
  4.62766737e-01   0.0000
  1.59382775e-01   0.0000
  4.05105710e-01   0.0000
 -1.01072460e-01   0.0000
  3.82430345e-01   0.0000
 -6.34113653e-03   0.0000
 -6.70763910e-01   0.0000
  3.98872733e-01   0.0000
 -3.26519996e-01   0.0000
  2.85648435e-01   0.0000
  2.36674950e-01   0.0000
 -2.02892333e-01   0.0000
  2.80106515e-02   0.0000
  3.07809830e-01   0.0000
  3.74738693e-01   0.0000
 -5.58747590e-01   0.0000
 -5.96763551e-01   0.0000
  2.31453180e-01   0.0000
  3.04416358e-01   0.0000
  6.06882423e-02   0.0000
  6.43976778e-02   0.0000
 -4.86704916e-01   0.0000
 -7.72884488e-02   0.0000
 -1.60284564e-01   0.0000
 -2.28033215e-01   0.0000
 -6.15514331e-02   0.0000
 -2.70481616e-01   0.0000
 -4.26670820e-01   0.0000
  6.98394358e-01   0.0000
 -3.20025176e-01   0.0000
 -1.58246905e-01   0.0000
  2.77804077e-01   0.0000
  6.69666827e-02   0.0000
 -5.68212084e-02   0.0000
  6.70630112e-02   0.0000
 -2.84761131e-01   0.0000
  4.47487324e-01   0.0000
  2.60550100e-02   0.0000
 -5.37195444e-01   0.0000
  1.64207011e-01   0.0000
 -8.60965967e-01   0.0000
 -3.30536991e-01   0.0000
  1.77267920e-02   0.0000
 -2.38563076e-01   0.0000
  3.76949370e-01   0.0000
  4.02789146e-01   0.0000
  3.15116763e-01   0.0000
  6.77450821e-02   0.0000
 -2.28007540e-01   0.0000
 -1.31988049e-01   0.0000
  1.10454045e-01   0.0000
  2.63079107e-01   0.0000
  3.10431421e-01   0.0000
 -1.98366672e-01   0.0000
  5.70777953e-02   0.0000
  2.05871090e-01   0.0000
 -2.60765553e-01   0.0000
 -1.55661911e-01   0.0000
  1.48150340e-01   0.0000
  2.01085389e-01   0.0000
  5.54548264e-01   0.0000
 -9.88851264e-02   0.0000
 -8.13385129e-01   0.0000
  4.07304853e-01   0.0000
  3.81801138e-03   0.0000
 -4.34079409e-01   0.0000
 -2.76382893e-01   0.0000
 -3.19752783e-01   0.0000
 -4.63193774e-01   0.0000
 -1.07405148e-01   0.0000
 -9.17510595e-03   0.0000
 -3.12452763e-01   0.0000
 -1.99882612e-01   0.0000
 -3.53769571e-01   0.0000
 -3.93133312e-01   0.0000
 -3.90704274e-01   0.0000
  1.86121747e-01   0.0000
  4.54924315e-01   0.0000
 -1.46135077e-01   0.0000
 -2.15354934e-01   0.0000
 -5.22146225e-01   0.0000
  2.40877494e-01   0.0000
  3.79810959e-01   0.0000
 -3.59603986e-02   0.0000
  5.25738597e-01   0.0000
  1.63186491e-01   0.0000
  2.61036098e-01   0.0000
 -4.14056331e-01   0.0000
  5.76091111e-02   0.0000
  2.47044504e-01   0.0000
 -2.78479189e-01   0.0000
 -4.75980267e-02   0.0000
  4.02727677e-03   0.0000
 -1.91594511e-01   0.0000
 -5.51642716e-01   0.0000
  4.72810477e-01   0.0000
  1.14328921e-01   0.0000
  3.03350449e-01   0.0000
 -8.59808084e-03   0.0000
  3.58402133e-01   0.0000
 -8.81616473e-02   0.0000
 -1.23576961e-01   0.0000
  1.05543280e+00   0.0000
 -3.71147752e-01   0.0000
  1.31305361e+00   0.0000
 -4.28626418e-01   0.0000
 -1.15092762e-01   0.0000
  2.14069068e-01   0.0000
 -2.32455358e-01   0.0000
 -4.13587600e-01   0.0000
  1.08212985e-01   0.0000
  8.34923014e-02   0.0000
 -2.24893093e-02   0.0000
 -3.50767046e-01   0.0000
  3.49450439e-01   0.0000
 -7.65213817e-02   0.0000
 -8.87631953e-01   0.0000
 -1.43904939e-01   0.0000
 -5.61463297e-04   0.0000
 -2.79835403e-01   0.0000
 -1.69700935e-01   0.0000
  3.03905290e-02   0.0000
 -1.91492230e-01   0.0000
 -2.78129071e-01   0.0000
  2.75794864e-01   0.0000
  5.99853210e-02   0.0000
 -1.59128502e-01   0.0000
  1.95512399e-01   0.0000
 -2.31534123e-01   0.0000
 -1.15907058e-01   0.0000
 -1.99034363e-01   0.0000
  6.16409600e-01   0.0000
 -1.66860744e-01   0.0000
 -6.78621709e-01   0.0000
  5.30867100e-01   0.0000
  3.14900160e-01   0.0000
  1.37032139e+00   0.0000
 -2.60093827e-02   0.0000
  1.56048000e-01   0.0000
 -2.12778166e-01   0.0000
  9.12241638e-02   0.0000
  5.08654892e-01   0.0000
  3.93122405e-01   0.0000
 -5.08877754e-01   0.0000
 -4.40453231e-01   0.0000
  4.36782300e-01   0.0000
  1.22806564e-01   0.0000
 -3.34340185e-02   0.0000
 -2.67154813e-01   0.0000
  2.13328972e-02   0.0000
  1.15183547e-01   0.0000
 -4.66099828e-01   0.0000
 -2.51012802e-01   0.0000
  7.16441333e-01   0.0000
  5.63868880e-01   0.0000
 -3.26300144e-01   0.0000
  5.19743443e-01   0.0000
  1.77005306e-01   0.0000
 -2.80697774e-02   0.0000
  2.43961662e-02   0.0000
 -1.79583356e-01   0.0000
  1.38333723e-01   0.0000
 -2.06241190e-01   0.0000
  3.85877281e-01   0.0000
  3.21498334e-01   0.0000
  5.70009612e-02   0.0000
 -5.51756471e-02   0.0000
 -3.75126064e-01   0.0000
  7.87516356e-01   0.0000
 -2.93757141e-01   0.0000
  2.46610597e-01   0.0000
  4.65871632e-01   0.0000
 -4.68992675e-03   0.0000
 -8.07873011e-02   0.0000
  3.46125551e-02   0.0000
  2.68267095e-01   0.0000
  2.42499202e-01   0.0000
 -4.29147393e-01   0.0000
  3.44171256e-01   0.0000
 -2.40570933e-01   0.0000
  3.42456907e-01   0.0000
  2.23503262e-01   0.0000
 -5.92375100e-01   0.0000
 -3.98003280e-01   0.0000
  1.11762874e-01   0.0000
  9.72396806e-02   0.0000
  1.00744188e-01   0.0000
  3.10747623e-01   0.0000
 -4.43865433e-02   0.0000
  5.73373735e-01   0.0000
  9.17574584e-01   0.0000
 -1.63628936e-01   0.0000
  9.47068483e-02   0.0000
 -3.60190906e-02   0.0000
 -9.30156887e-01   0.0000
 -7.38058053e-03   0.0000
  5.07650934e-02   0.0000
 -3.60484749e-01   0.0000
 -8.26409981e-02   0.0000
  3.16541729e-04   0.0000
  5.08876264e-01   0.0000
 -7.92868584e-02   0.0000
  3.10400873e-01   0.0000
  1.07271910e-01   0.0000
 -6.83262497e-02   0.0000
 -1.82129413e-01   0.0000
 -8.65104645e-02   0.0000
 -2.64223188e-01   0.0000
  9.54009518e-02   0.0000
 -1.97386086e-01   0.0000
  4.72305834e-01   0.0000
 -3.35990459e-01   0.0000
  8.76788259e-01   0.0000
  1.14633471e-01   0.0000
 -1.99500948e-01   0.0000
  4.06879604e-01   0.0000
  1.50319636e-01   0.0000
  6.49240375e-01   0.0000
  4.86239433e-01   0.0000
 -8.04707110e-02   0.0000
 -9.62683037e-02   0.0000
  1.21847212e+00   0.0000
  6.76134586e-01   0.0000
  1.68233544e-01   0.0000
 -3.13873142e-02   0.0000
 -3.92698407e-01   0.0000
 -5.54648817e-01   0.0000
  3.62835974e-01   0.0000
 -3.84670943e-01   0.0000
 -3.05036128e-01   0.0000
  3.30602075e-03   0.0000
 -2.46700227e-01   0.0000
  2.12412223e-01   0.0000
 -6.04680330e-02   0.0000
  8.10278654e-02   0.0000
  2.67379433e-01   0.0000
  4.19059187e-01   0.0000
 -4.08493459e-01   0.0000
 -2.22155720e-01   0.0000
 -1.10040896e-01   0.0000
 -2.86040962e-01   0.0000
 -5.87283909e-01   0.0000
 -5.18351942e-02   0.0000
 -3.70896995e-01   0.0000
  1.54762968e-01   0.0000
  4.45060223e-01   0.0000
 -3.51215184e-01   0.0000
 -7.62834325e-02   0.0000
 -7.21591562e-02   0.0000
  8.31223309e-01   0.0000
  1.91473022e-01   0.0000
  1.12857848e-01   0.0000
  1.16548561e-01   0.0000
  1.35593832e+00   0.0000
  8.72093976e-01   0.0000
  1.42881349e-01   0.0000
 -2.10915357e-01   0.0000
 -4.17529285e-01   0.0000
 -8.72062504e-01   0.0000
  1.62878111e-01   0.0000
 -2.56654590e-01   0.0000
 -1.34386092e-01   0.0000
  2.76822358e-01   0.0000
 -4.28084731e-01   0.0000
 -2.78523058e-01   0.0000
 -1.46110892e-01   0.0000
 -2.30946437e-01   0.0000
 -6.52638637e-03   0.0000
 -3.61972362e-01   0.0000
  4.53467220e-01   0.0000
 -1.28135636e-01   0.0000
  2.52077103e-01   0.0000
 -3.12038183e-01   0.0000
 -4.75872695e-01   0.0000
 -2.99410194e-01   0.0000
  1.53310820e-01   0.0000
  7.04418302e-01   0.0000
 -1.00248814e-01   0.0000
 -5.74532270e-01   0.0000
 -2.65600801e-01   0.0000
 -2.20150575e-01   0.0000
  1.62019819e-01   0.0000
  1.77376673e-01   0.0000
  1.48043066e-01   0.0000
  3.88911366e-01   0.0000
  8.08643460e-01   0.0000
  1.19100583e+00   0.0000
  5.62759519e-01   0.0000
  2.26857454e-01   0.0000
  3.73436183e-01   0.0000
  1.92747116e-02   0.0000
 -3.89014930e-01   0.0000
 -1.40884757e-01   0.0000
  3.50009739e-01   0.0000
 -2.87329018e-01   0.0000
  1.53502926e-01   0.0000
 -4.52720731e-01   0.0000
  2.12943107e-02   0.0000
 -1.90027922e-01   0.0000
  2.53102094e-01   0.0000
  3.73555794e-02   0.0000
  5.69023937e-02   0.0000
  2.57243067e-01   0.0000
  1.69800624e-01   0.0000
  2.30414301e-01   0.0000
  3.84379953e-01   0.0000
  2.48551548e-01   0.0000
 -1.67281538e-01   0.0000
 -1.68893322e-01   0.0000
 -2.99535543e-01   0.0000
  3.28132272e-01   0.0000
  4.36071306e-01   0.0000
 -1.92175657e-01   0.0000
  8.78664494e-01   0.0000
  1.21222906e-01   0.0000
 -1.26813963e-01   0.0000
  1.44403204e-01   0.0000
  4.60078031e-01   0.0000
  8.56973648e-01   0.0000
  5.28217435e-01   0.0000
  2.06689369e-02   0.0000
  4.45701391e-01   0.0000
 -2.13609606e-01   0.0000
  1.85711563e-01   0.0000
 -3.14148992e-01   0.0000
  2.74626046e-01   0.0000
 -1.90802559e-01   0.0000
  9.45137292e-02   0.0000
 -6.05405569e-01   0.0000
 -3.98432732e-01   0.0000
  1.74377393e-02   0.0000
  2.08820775e-01   0.0000
  2.31145933e-01   0.0000
  1.67782232e-01   0.0000
 -4.36093569e-01   0.0000
 -4.02827054e-01   0.0000
 -1.48510650e-01   0.0000
  3.58434655e-02   0.0000
  2.41960868e-01   0.0000
  1.09222755e-01   0.0000
  2.61265248e-01   0.0000
 -4.73382741e-01   0.0000
 -9.26464889e-03   0.0000
 -1.14516407e-01   0.0000
 -2.78739303e-01   0.0000
  5.29257596e-01   0.0000
 -1.45943284e-01   0.0000
  2.46022522e-01   0.0000
 -1.81466416e-02   0.0000
 -3.47580075e+00   0.0000
 -1.05549824e+00   0.0000
  6.40301228e-01   0.0000
 -3.37817907e-01   0.0000
 -4.12829220e-01   0.0000
  8.40787530e-01   0.0000
  9.47851837e-02   0.0000
  3.54957908e-01   0.0000
 -2.03430653e-01   0.0000
 -1.06559074e+00   0.0000
  1.96766276e-02   0.0000
  4.66538858e+00   0.0000
  2.76639193e-01   0.0000
 -2.77986825e-01   0.0000
 -4.48016548e+00   0.0000
 -1.00640111e-01   0.0000
 -6.47416294e-01   0.0000
 -5.11297643e-01   0.0000
  7.33503282e-01   0.0000
 -3.25436521e+00   0.0000
  1.84743571e+00   0.0000
  4.92222235e-02   0.0000
 -4.53566492e-01   0.0000
 -2.51992851e-01   0.0000
 -1.38338238e-01   0.0000
 -9.17639911e-01   0.0000
 -1.72541237e+00   0.0000
 -4.60319310e-01   0.0000
  1.01268125e+00   0.0000
  1.37138128e-01   0.0000
  3.68556231e-01   0.0000
  7.32190371e-01   0.0000
 -2.49495006e+00   0.0000
  1.59212694e-01   0.0000
 -1.51085285e-02   0.0000
 -4.16310191e-01   0.0000
 -7.09816456e-01   0.0000
  5.22787273e-01   0.0000
  5.19265234e-01   0.0000
 -4.45414603e-01   0.0000
  1.42144889e-01   0.0000
 -1.10313967e-02   0.0000
  2.77554899e-01   0.0000
  1.50418448e+00   0.0000
  1.34396553e-02   0.0000
 -2.05553204e-01   0.0000
 -2.99172115e+00   0.0000
  1.63465738e-01   0.0000
 -5.13693154e-01   0.0000
 -2.70713419e-01   0.0000
  9.88824844e-01   0.0000
 -2.19764066e+00   0.0000
  1.20120811e+00   0.0000
  5.37755132e-01   0.0000
  2.21872050e-02   0.0000
  1.39168584e+00   0.0000
 -8.75919238e-02   0.0000
 -5.17109036e-01   0.0000
 -1.83208621e+00   0.0000
 -6.30246252e-02   0.0000
  2.10902500e+00   0.0000
 -3.68263215e-01   0.0000
  4.57486391e-01   0.0000
  2.62749016e-01   0.0000
  1.08019440e-02   0.0000
  2.40420675e+00   0.0000
 -9.32812225e-03   0.0000
 -2.94797011e-02   0.0000
 -5.97871542e-01   0.0000
 -1.50377059e+00   0.0000
  7.31772125e-01   0.0000
 -1.60139874e-01   0.0000
  2.82884598e-01   0.0000
  6.90915823e-01   0.0000
 -1.65943563e-01   0.0000
  1.15143500e-01   0.0000
  1.00639117e+00   0.0000
 -1.74222976e-01   0.0000
 -3.04684818e-01   0.0000
  2.74477988e-01   0.0000
 -5.44059217e-01   0.0000
 -5.86645231e-02   0.0000
  3.03759873e-02   0.0000
  2.06760049e-01   0.0000
  1.07789016e+00   0.0000
 -1.79358870e-01   0.0000
 -7.59699941e-01   0.0000
  2.32349849e+00   0.0000
  1.83670804e-01   0.0000
 -1.31368434e+00   0.0000
 -1.05962694e+00   0.0000
 -4.17046189e-01   0.0000
  2.27456522e+00   0.0000
 -7.09576160e-03   0.0000
  6.23374701e-01   0.0000
 -7.89100900e-02   0.0000
 -4.38602537e-01   0.0000
  4.17903632e-01   0.0000
 -2.80911356e-01   0.0000
  2.99127381e-02   0.0000
 -3.67318630e-01   0.0000
 -5.30519664e-01   0.0000
  1.09568126e-01   0.0000
 -1.04309149e-01   0.0000
 -2.90172040e-01   0.0000
 -6.01191044e-01   0.0000
 -1.56439915e-01   0.0000
  4.60426062e-01   0.0000
  7.06788480e-01   0.0000
 -4.10298146e-02   0.0000
 -2.16412261e-01   0.0000
 -1.49099946e-01   0.0000
 -4.26985919e-01   0.0000
 -5.44333935e-01   0.0000
  4.47759144e-02   0.0000
  1.34789693e+00   0.0000
  4.06289786e-01   0.0000
  5.62612534e-01   0.0000
 -5.90290248e-01   0.0000
  1.76548576e+00   0.0000
  3.49681675e-01   0.0000
 -1.56486773e+00   0.0000
 -3.24603707e-01   0.0000
  3.77777785e-01   0.0000
  1.97693205e+00   0.0000
  2.49917462e-01   0.0000
 -2.57372975e-01   0.0000
 -9.06923950e-01   0.0000
 -8.16156268e-01   0.0000
 -1.26235557e+00   0.0000
  3.13477963e-01   0.0000
 -4.56489064e-02   0.0000
 -1.85518011e-01   0.0000
  1.20549178e+00   0.0000
  2.53429115e-01   0.0000
 -1.85121931e-02   0.0000
 -3.45346034e-01   0.0000
 -1.39384210e+00   0.0000
  4.18884963e-01   0.0000
  1.19573033e+00   0.0000
  1.78352013e-01   0.0000
 -9.66081992e-02   0.0000
 -8.69793296e-01   0.0000
 -3.57285887e-01   0.0000
  1.31246984e-01   0.0000
  2.03846142e-01   0.0000
  3.45014215e-01   0.0000
  5.52422523e-01   0.0000
  5.86745143e-01   0.0000
  4.07115191e-01   0.0000
 -4.83567894e-01   0.0000
 -3.56339902e-01   0.0000
 -6.32209957e-01   0.0000
 -1.39970040e+00   0.0000
 -1.01632148e-01   0.0000
 -8.82929936e-02   0.0000
  3.58376741e-01   0.0000
 -4.21242982e-01   0.0000
  4.55820858e-01   0.0000
 -1.08802998e+00   0.0000
 -1.02748156e+00   0.0000
 -4.65638191e-01   0.0000
 -3.34281266e-01   0.0000
  4.46158439e-01   0.0000
 -3.54992300e-01   0.0000
  1.02571356e+00   0.0000
 -1.51013255e-01   0.0000
 -1.12612225e-01   0.0000
  2.51869470e-01   0.0000
 -9.28911150e-01   0.0000
  2.54308671e-01   0.0000
  5.70967376e-01   0.0000
 -1.32412404e-01   0.0000
 -4.27980036e-01   0.0000
 -5.96776605e-01   0.0000
 -3.39350045e-01   0.0000
  2.67101288e-01   0.0000
  4.25790250e-01   0.0000
 -4.45892185e-01   0.0000
  3.06161106e-01   0.0000
 -1.31874442e-01   0.0000
  1.42073527e-01   0.0000
 -3.57245803e-01   0.0000
 -5.71870208e-01   0.0000
 -2.73109227e-01   0.0000
 -6.38019681e-01   0.0000
 -4.60936606e-01   0.0000
  4.16989297e-01   0.0000
  3.36338341e-01   0.0000
  1.09165765e-01   0.0000
  4.29311335e-01   0.0000
 -2.22408641e-02   0.0000
 -3.66935968e-01   0.0000
  1.02206409e+00   0.0000
 -1.88987121e-01   0.0000
 -1.68366387e-01   0.0000
 -3.35889935e-01   0.0000
 -2.86919754e-02   0.0000
  4.91947532e-01   0.0000
 -1.31971063e-03   0.0000
  4.29989219e-01   0.0000
 -4.49707568e-01   0.0000
  3.07558030e-01   0.0000
  2.28948459e-01   0.0000
 -2.82501340e-01   0.0000
 -2.51270860e-01   0.0000
 -3.03219140e-01   0.0000
  1.64445221e-01   0.0000
 -1.50760254e-02   0.0000
  3.38950276e-01   0.0000
 -8.29609096e-01   0.0000
 -2.72573203e-01   0.0000
 -2.20135763e-01   0.0000
 -2.10516155e-02   0.0000
 -6.03802577e-02   0.0000
 -9.55151200e-01   0.0000
 -3.65481585e-01   0.0000
 -6.92774355e-01   0.0000
  4.32808846e-02   0.0000
  4.29977357e-01   0.0000
  9.11607206e-01   0.0000
 -2.84426391e-01   0.0000
  9.85522345e-02   0.0000
 -5.41192174e-01   0.0000
 -5.20331979e-01   0.0000
  1.44875896e+00   0.0000
 -1.56656895e-02   0.0000
  2.18028694e-01   0.0000
 -1.49731100e-01   0.0000
 -4.45501834e-01   0.0000
  2.73540407e-01   0.0000
  2.06404284e-01   0.0000
  1.31009474e-01   0.0000
 -3.95122409e-01   0.0000
  3.99634808e-01   0.0000
 -2.97357261e-01   0.0000
  3.70608360e-01   0.0000
  2.88383603e-01   0.0000
 -6.74492657e-01   0.0000
  2.04836696e-01   0.0000
  1.76022604e-01   0.0000
 -8.85814726e-02   0.0000
 -1.28998071e-01   0.0000
 -5.72860777e-01   0.0000
  2.81362116e-01   0.0000
 -1.27739012e-01   0.0000
  3.10215145e-01   0.0000
 -4.25651014e-01   0.0000
 -1.37741506e-01   0.0000
 -4.17564698e-02   0.0000
 -1.55955896e-01   0.0000
 -3.78623488e-03   0.0000
  4.35950905e-01   0.0000
  4.26905990e-01   0.0000
  1.51783556e-01   0.0000
  1.01858243e-01   0.0000
 -2.86254334e+00   0.0000
 -1.26869833e+00   0.0000
  3.38278338e-03   0.0000
 -5.28421253e-02   0.0000
  2.28176489e-01   0.0000
 -7.86022604e-01   0.0000
 -3.32892239e-01   0.0000
 -1.93674251e-01   0.0000
  5.21810532e-01   0.0000
  2.66179085e-01   0.0000
  2.80864894e-01   0.0000
 -2.51546115e-01   0.0000
 -3.52796763e-01   0.0000
 -7.05360532e-01   0.0000
 -1.52859330e+00   0.0000
 -5.08187592e-01   0.0000
 -2.45430231e-01   0.0000
 -1.85892761e-01   0.0000
 -2.07910046e-01   0.0000
 -4.77084637e-01   0.0000
  1.82516538e-02   0.0000
  4.90366101e-01   0.0000
 -7.98921168e-01   0.0000
 -1.27064872e+00   0.0000
  8.22659314e-01   0.0000
  3.95599380e-02   0.0000
 -8.41863751e-02   0.0000
 -3.19239140e-01   0.0000
  9.54924464e-01   0.0000
 -2.68901408e-01   0.0000
  3.82741541e-01   0.0000
 -1.57346904e+00   0.0000
  5.54950476e-01   0.0000
  2.02130049e-01   0.0000
  3.24604332e-01   0.0000
 -2.96553373e-01   0.0000
  9.83992144e-02   0.0000
 -1.61443636e-01   0.0000
  2.89040267e-01   0.0000
  2.01310113e-01   0.0000
 -4.35232729e-01   0.0000
  3.66829604e-01   0.0000
  2.86032945e-01   0.0000
 -3.37357211e+00   0.0000
 -1.38916850e-01   0.0000
 -8.37487936e-01   0.0000
 -6.86270297e-01   0.0000
 -4.82338369e-01   0.0000
  6.60025254e-02   0.0000
 -8.69330943e-01   0.0000
 -6.26187086e-01   0.0000
 -9.64990437e-01   0.0000
 -1.66728348e-02   0.0000
  4.31127310e-01   0.0000
 -5.67311123e-02   0.0000
 -3.94676588e-02   0.0000
  8.50403786e-01   0.0000
 -1.09058821e+00   0.0000
  7.06094265e-01   0.0000
 -4.65846300e-01   0.0000
  1.66949642e+00   0.0000
  6.31907701e-01   0.0000
  2.81218886e-01   0.0000
 -8.24828088e-01   0.0000
  7.17184618e-02   0.0000
 -6.27330244e-01   0.0000
  1.52479738e-01   0.0000
 -5.15172660e-01   0.0000
 -7.39099145e-01   0.0000
  4.17003691e-01   0.0000
  4.33839858e-01   0.0000
  2.55207777e-01   0.0000
  2.04034939e-01   0.0000
  4.56801921e-01   0.0000
  4.25921679e-01   0.0000
 -1.07328939e+00   0.0000
 -4.72826660e-02   0.0000
 -2.23366708e-01   0.0000
 -1.65226161e+00   0.0000
 -4.56977516e-01   0.0000
 -6.55008078e-01   0.0000
 -6.38550043e-01   0.0000
  2.86176950e-01   0.0000
 -1.47678673e+00   0.0000
  6.99604526e-02   0.0000
 -1.01760074e-01   0.0000
 -6.08183205e-01   0.0000
 -3.41243446e-01   0.0000
  4.34367135e-02   0.0000
  6.32128656e-01   0.0000
  3.99425060e-01   0.0000
 -5.80593884e-01   0.0000
  1.76738715e+00   0.0000
  6.87763914e-02   0.0000
  5.00592470e-01   0.0000
 -5.92505753e-01   0.0000
  2.98406184e-01   0.0000
  1.44601488e+00   0.0000
  5.52600682e-01   0.0000
  2.47226417e-01   0.0000
 -7.10895598e-01   0.0000
 -9.56560433e-01   0.0000
  5.51491737e-01   0.0000
 -5.55481076e-01   0.0000
 -6.42774642e-01   0.0000
  5.68448067e-01   0.0000
 -5.81556819e-02   0.0000
 -1.45658422e+00   0.0000
 -7.89872091e-03   0.0000
 -2.77942896e-01   0.0000
 -3.44002455e-01   0.0000
  3.84234905e-01   0.0000
  1.29036054e-01   0.0000
 -2.79916286e-01   0.0000
 -5.41579485e-01   0.0000
 -1.67881966e+00   0.0000
 -6.58589780e-01   0.0000
 -6.90724775e-02   0.0000
 -5.71931936e-02   0.0000
 -1.31698656e+00   0.0000
 -8.22765604e-02   0.0000
  2.32360765e-01   0.0000
 -7.20636174e-02   0.0000
 -1.13030963e-01   0.0000
  2.16611719e+00   0.0000
 -5.22272848e-02   0.0000
  3.09058875e-01   0.0000
 -2.30904117e-01   0.0000
  1.32993972e+00   0.0000
  1.06322086e+00   0.0000
  1.11501314e-01   0.0000
  1.95319146e-01   0.0000
  1.98599771e-01   0.0000
 -1.01865876e+00   0.0000
  5.76519132e-01   0.0000
  3.59889030e-01   0.0000
  2.06032857e-01   0.0000
  1.04201901e+00   0.0000
  1.19769886e-01   0.0000
 -5.21874130e-01   0.0000
 -2.30064765e-02   0.0000
  3.29559356e-01   0.0000
 -1.18350886e-01   0.0000
 -3.53405625e-01   0.0000
 -3.82077813e-01   0.0000
 -1.83265492e-01   0.0000
 -2.61904150e-01   0.0000
 -1.77365601e+00   0.0000
 -6.51391208e-01   0.0000
 -1.29952744e-01   0.0000
 -2.11901784e-01   0.0000
 -7.03080952e-01   0.0000
  1.91997394e-01   0.0000
  1.03813374e+00   0.0000
 -1.76764220e-01   0.0000
 -1.69736221e-01   0.0000
  1.74606562e+00   0.0000
  2.39402995e-01   0.0000
 -3.19068164e-01   0.0000
 -3.63130867e-01   0.0000
 -4.44966495e-01   0.0000
 -1.38870108e+00   0.0000
  1.44687727e-01   0.0000
 -1.43086836e-01   0.0000
 -2.47071072e-01   0.0000
 -8.81162763e-01   0.0000
  2.31336012e-01   0.0000
  5.34274839e-02   0.0000
  3.39835227e-01   0.0000
  5.34118295e-01   0.0000
  2.21566394e-01   0.0000
  1.24036801e+00   0.0000
 -3.04213226e-01   0.0000
  1.54684603e-01   0.0000
 -7.70924151e-01   0.0000
  3.76083404e-01   0.0000
  9.82984826e-02   0.0000
  1.69562072e-01   0.0000
 -1.06498563e+00   0.0000
 -1.16551590e+00   0.0000
 -7.42484093e-01   0.0000
  5.98674305e-02   0.0000
  1.26653925e-01   0.0000
  1.36466786e-01   0.0000
  4.36766565e-01   0.0000
  4.26138580e-01   0.0000
 -2.58437514e-01   0.0000
  2.63960451e-01   0.0000
  9.79860246e-01   0.0000
 -8.81938934e-02   0.0000
  1.03964269e-01   0.0000
 -2.47353569e-01   0.0000
 -3.27582359e-01   0.0000
 -2.12685275e+00   0.0000
  1.77433193e-01   0.0000
  1.88895136e-01   0.0000
  1.23671763e-01   0.0000
 -4.86688793e-01   0.0000
  3.34662586e-01   0.0000
 -2.28702173e-01   0.0000
  4.42441165e-01   0.0000
  2.26287954e-02   0.0000
 -2.16629938e-03   0.0000
  2.43377638e+00   0.0000
 -8.96214306e-01   0.0000
  5.01940586e-03   0.0000
 -1.03890860e+00   0.0000
 -7.02627525e-02   0.0000
  4.80303913e-02   0.0000
  2.55125821e-01   0.0000
 -6.44576550e-01   0.0000
 -1.01096320e+00   0.0000
 -3.00960481e-01   0.0000
  2.67073929e-01   0.0000
 -4.33813721e-01   0.0000
  6.02692008e-01   0.0000
  9.02524173e-01   0.0000
  6.17101528e-02   0.0000
 -2.20304683e-01   0.0000
  3.21030974e-01   0.0000
  9.19984519e-01   0.0000
  2.34065875e-01   0.0000
 -7.80033916e-02   0.0000
 -5.94868302e-01   0.0000
 -2.50994235e-01   0.0000
 -1.60459113e+00   0.0000
 -2.77851671e-01   0.0000
  2.24472120e-01   0.0000
  1.37636259e-01   0.0000
  2.80719370e-01   0.0000
 -7.70685524e-02   0.0000
  1.04298592e-01   0.0000
  1.44210935e-01   0.0000
 -3.21192384e-01   0.0000
 -2.43688494e-01   0.0000
  1.41993105e+00   0.0000
  5.51378466e-02   0.0000
 -2.00735033e-01   0.0000
 -9.29159164e-01   0.0000
 -3.36927205e-01   0.0000
  3.99572402e-01   0.0000
 -3.93114656e-01   0.0000
 -3.10883790e-01   0.0000
 -4.82924759e-01   0.0000
 -6.14278316e-01   0.0000
  8.76541659e-02   0.0000
  2.19217494e-01   0.0000
  1.12847710e+00   0.0000
  6.95855558e-01   0.0000
 -3.59540999e-01   0.0000
 -2.81378925e-01   0.0000
 -4.00915407e-02   0.0000
  6.24173544e-02   0.0000
  3.09550017e-01   0.0000
 -2.01531425e-01   0.0000
 -5.91068923e-01   0.0000
 -9.04828835e+00   0.0000
 -8.70300293e+00   0.0000
  2.16039491e+00   0.0000
 -1.95346326e-01   0.0000
 -4.92505789e-01   0.0000
  3.20457029e+00   0.0000
  9.00263369e-01   0.0000
 -2.14267284e-01   0.0000
 -4.19311911e-01   0.0000
  1.81286097e+00   0.0000
  3.02892953e-01   0.0000
  5.93992114e-01   0.0000
  5.22775799e-02   0.0000
 -1.33146417e+00   0.0000
 -3.62577152e+00   0.0000
  2.15171337e-01   0.0000
 -9.00330767e-02   0.0000
 -1.34753382e+00   0.0000
  1.25588858e+00   0.0000
  1.68038404e+00   0.0000
  1.27950394e+00   0.0000
  8.74524593e-01   0.0000
 -1.42872047e+00   0.0000
 -1.16549516e+00   0.0000
 -2.22755218e+00   0.0000
 -1.46159780e+00   0.0000
 -2.85863608e-01   0.0000
 -2.32500419e-01   0.0000
  2.57819802e-01   0.0000
  5.22938430e-01   0.0000
  5.30962229e-01   0.0000
  2.23760986e+00   0.0000
  6.01713467e+00   0.0000
  7.47768021e+00   0.0000
  2.72641373e+00   0.0000
 -3.04170132e-01   0.0000
 -6.03546679e-01   0.0000
 -3.71647120e+00   0.0000
 -1.34771502e+00   0.0000
 -3.90303969e-01   0.0000
 -1.32710528e+00   0.0000
 -2.94617963e+00   0.0000
 -1.00801513e-01   0.0000
 -1.67609882e+00   0.0000
  3.01441342e-01   0.0000
 -7.10750520e-01   0.0000
  3.60745335e+00   0.0000
 -1.84846938e-01   0.0000
 -2.32660636e-01   0.0000
 -9.22521472e-01   0.0000
 -2.28813696e+00   0.0000
  4.12802267e+00   0.0000
  2.57540774e+00   0.0000
  2.85868466e-01   0.0000
 -1.12906790e+00   0.0000
  1.96586382e+00   0.0000
 -2.57998323e+00   0.0000
 -1.34994423e+00   0.0000
  1.79881203e+00   0.0000
 -4.52729315e-01   0.0000
  3.58196521e+00   0.0000
  1.20635796e+00   0.0000
  7.04334974e-02   0.0000
  2.02037382e+00   0.0000
  5.03364229e+00   0.0000

