 5 0.000000 1
 1 
 Si 28.085500
 0 0.250000 4.500000 1.000000 2.000000 
 5 0 1 2 3 4
 6 -0.50000 0.01000 0.50000 6.00000 7.00000 8.00000
 1 12.169200 6.172630 3.114710 0.755675 0.404939 0.036124 0.650018 0.572890
 4 30 24 24 1
 -6.76702678e-01   0.0000
  7.88521886e-01   0.0000
 -3.44810247e-01   0.0000
 -1.34705734e+00   0.0000
  1.87120855e-01   0.0000
  2.34191060e-01   0.0000
  3.74386162e-02   0.0000
 -2.26776600e+00   0.0000
  6.01555407e-01   0.0000
  7.06947148e-01   0.0000
  5.00580370e-01   0.0000
 -1.83799356e-01   0.0000
  7.02510118e-01   0.0000
 -9.69933033e-01   0.0000
 -7.90666223e-01   0.0000
  5.29775262e-01   0.0000
 -1.51881754e+00   0.0000
  4.28403288e-01   0.0000
  3.87607127e-01   0.0000
  2.42851023e-02   0.0000
 -2.76465988e+00   0.0000
 -8.13235283e-01   0.0000
 -1.13597058e-01   0.0000
 -6.27728558e+00   0.0000
 -1.24445200e+00   0.0000
  6.68103397e-01   0.0000
 -2.07844758e+00   0.0000
 -1.43017209e+00   0.0000
  9.38614607e-01   0.0000
 -2.90821338e+00   0.0000
  4.65318584e+00   0.0000
 -3.34104443e+00   0.0000
 -4.63313073e-01   0.0000
  2.39402699e+00   0.0000
  2.20759153e+00   0.0000
 -1.26949573e+00   0.0000
  7.02952802e-01   0.0000
 -5.67918110e+00   0.0000
  2.68625546e+00   0.0000
  1.83709073e+00   0.0000
 -3.55446625e+00   0.0000
  1.03885043e+00   0.0000
  1.55406117e+00   0.0000
  1.15178263e+00   0.0000
 -9.03200448e-01   0.0000
 -2.26263285e+00   0.0000
 -2.81784654e+00   0.0000
 -3.55063057e+00   0.0000
 -1.45558226e+00   0.0000
  3.93466204e-02   0.0000
 -3.92609668e+00   0.0000
  6.84064722e+00   0.0000
  3.63626933e+00   0.0000
  2.18701601e+00   0.0000
 -1.14972401e+00   0.0000
 -5.03227854e+00   0.0000
  1.41408777e+00   0.0000
  5.33519077e+00   0.0000
  6.95947123e+00   0.0000
 -4.15753889e+00   0.0000
 -7.54663706e-01   0.0000
 -5.59080362e+00   0.0000
 -5.59403849e+00   0.0000
  6.95601654e+00   0.0000
 -2.61391211e+00   0.0000
  1.51016712e+00   0.0000
  6.65617800e+00   0.0000
  3.50094438e+00   0.0000
  2.87026978e+00   0.0000
 -8.76273096e-01   0.0000
 -7.04914331e+00   0.0000
  4.97239017e+00   0.0000
 -1.74561906e+00   0.0000
  1.50249183e-01   0.0000
 -6.79470956e-01   0.0000
 -9.08728063e-01   0.0000
  3.67307067e+00   0.0000
 -6.63402528e-02   0.0000
 -7.73180842e-01   0.0000
 -1.85392380e+00   0.0000
 -1.50286809e-01   0.0000
  2.13307333e+00   0.0000
  1.14845133e+00   0.0000
 -1.44420433e+00   0.0000
  9.90245119e-02   0.0000
 -5.97802043e-01   0.0000
 -5.07127225e-01   0.0000
  5.58749104e+00   0.0000
 -1.29617369e+00   0.0000
  2.20888186e+00   0.0000
  1.27655864e+00   0.0000
  1.10757262e-01   0.0000
 -9.55764771e-01   0.0000
  5.70975184e-01   0.0000
 -4.72185040e+00   0.0000
  2.45592332e+00   0.0000
 -5.74922085e-01   0.0000
 -2.78078169e-01   0.0000
 -5.72839439e-01   0.0000
  1.32923758e+00   0.0000
  2.45053306e-01   0.0000
 -1.94024372e+00   0.0000
  6.71883702e-01   0.0000
  1.37837052e-01   0.0000
  1.81011510e+00   0.0000
  4.09997106e-01   0.0000
  6.66726381e-02   0.0000
 -1.45834759e-01   0.0000
 -9.15634811e-01   0.0000
  4.61985201e-01   0.0000
  2.43883228e+00   0.0000
  5.03951252e-01   0.0000
 -1.11008167e-01   0.0000
  1.31049290e-01   0.0000
  1.00674227e-01   0.0000
  2.90651411e-01   0.0000
  1.97927797e+00   0.0000
  8.63510311e-01   0.0000
 -5.49983025e-01   0.0000
 -4.11404324e+00   0.0000
  1.99553948e-02   0.0000
 -4.12569903e-02   0.0000
  1.56296387e-01   0.0000
 -8.41551498e-02   0.0000
 -1.65970810e-02   0.0000
 -4.72659409e-01   0.0000
  1.50104642e-01   0.0000
 -1.52425915e-01   0.0000
  1.05178513e-01   0.0000
  3.99840660e-02   0.0000
  1.20497271e-01   0.0000
 -6.14607930e-02   0.0000
 -3.56979251e-01   0.0000
 -1.03634216e-01   0.0000
  7.95902982e-02   0.0000
 -1.51388854e-01   0.0000
  1.65614039e-02   0.0000
  2.15696603e-01   0.0000
  1.56757474e-01   0.0000
 -1.94221377e-01   0.0000
  6.28702193e-02   0.0000
 -1.08607195e-01   0.0000
  1.57460555e-01   0.0000
 -9.08018053e-01   0.0000
  6.15934581e-02   0.0000
  1.05830109e+00   0.0000
  2.81825989e-01   0.0000
  1.82022607e+00   0.0000
  8.07483047e-02   0.0000
 -9.83489871e-01   0.0000
  1.67179012e+00   0.0000
 -4.52340066e-01   0.0000
 -6.79751813e-01   0.0000
  3.36513110e-02   0.0000
  4.82102409e-02   0.0000
 -2.55592853e-01   0.0000
 -1.82677960e+00   0.0000
  2.66429186e-01   0.0000
 -1.19202416e-02   0.0000
  1.77372694e-01   0.0000
  3.41572732e-01   0.0000
  1.06811240e-01   0.0000
 -7.31007829e-02   0.0000
 -2.07289249e-01   0.0000
 -5.03283918e-01   0.0000
  6.06416166e-01   0.0000
  2.66752124e-01   0.0000
 -9.60686088e-01   0.0000
  8.96124020e-02   0.0000
  2.16096282e+00   0.0000
  5.32003462e-01   0.0000
  2.31784964e+00   0.0000
  7.29201913e-01   0.0000
  1.22049615e-01   0.0000
  3.63004827e+00   0.0000
 -1.83598316e+00   0.0000
 -2.65265441e+00   0.0000
  7.32011199e-01   0.0000
  1.27028382e+00   0.0000
 -5.31719089e-01   0.0000
 -2.86031461e+00   0.0000
  1.46833920e+00   0.0000
  9.07003224e-01   0.0000
  1.26003528e+00   0.0000
  2.46442246e+00   0.0000
 -4.61319350e-02   0.0000
 -7.49258399e-02   0.0000
 -4.92984772e-01   0.0000
 -1.47338271e+00   0.0000
  1.54142559e+00   0.0000
  6.02010965e-01   0.0000
 -7.22058833e-01   0.0000
  7.00758636e-01   0.0000
  3.08823085e+00   0.0000
  1.65632474e+00   0.0000
 -2.69943569e-02   0.0000
  2.62551141e+00   0.0000
  2.29252434e+00   0.0000
  3.29552484e+00   0.0000
 -6.07759857e+00   0.0000
 -7.80344367e-01   0.0000
  3.14195299e+00   0.0000
  5.71878099e+00   0.0000
 -2.55111861e+00   0.0000
  1.81201315e+00   0.0000
  4.29624033e+00   0.0000
  1.60838664e-01   0.0000
  5.34341764e+00   0.0000
  7.83198166e+00   0.0000
 -3.48496199e-01   0.0000
  1.16749763e+00   0.0000
 -7.07431257e-01   0.0000
 -1.69351411e+00   0.0000
  4.92237186e+00   0.0000
  1.77015018e+00   0.0000
  2.64973998e+00   0.0000
 -5.66331074e-02   0.0000
  2.37671661e+00   0.0000
  4.44599676e+00   0.0000
 -9.65410709e-01   0.0000
  7.74810612e-01   0.0000
  3.29243040e+00   0.0000
 -1.22570860e+00   0.0000
 -5.90325892e-01   0.0000
  6.36522293e-01   0.0000
 -8.09917152e-01   0.0000
  1.68838286e+00   0.0000
 -8.34326148e-01   0.0000
  7.94813275e-01   0.0000
 -1.91056058e-01   0.0000
 -2.84200215e+00   0.0000
  7.72151589e-01   0.0000
  4.70910454e+00   0.0000
  1.14544046e+00   0.0000
  7.19947755e-01   0.0000
 -2.42591190e+00   0.0000
 -5.01586437e-01   0.0000
 -3.05876166e-01   0.0000
 -3.65641624e-01   0.0000
  2.51050973e+00   0.0000
 -1.50732249e-01   0.0000
 -6.09118268e-02   0.0000
  1.80313334e-01   0.0000
 -1.33424252e-01   0.0000
 -5.67041561e-02   0.0000
  3.57992351e-01   0.0000
 -4.99554455e-01   0.0000
 -2.00093269e-01   0.0000
  1.41090199e-01   0.0000
 -1.13284886e-01   0.0000
 -1.14179991e-01   0.0000
  5.57011589e-02   0.0000
  4.55032080e-01   0.0000
  3.25607993e-02   0.0000
 -6.40509248e-01   0.0000
  2.14159325e-01   0.0000
  7.96666835e-03   0.0000
  1.30771622e-01   0.0000
  1.53162479e-01   0.0000
 -3.71506363e-02   0.0000
 -1.46416426e-01   0.0000
  3.14103782e-01   0.0000
  2.13633501e-03   0.0000
  1.86741412e-01   0.0000
  1.81799978e-01   0.0000
 -1.10832565e-02   0.0000
 -1.20426519e-02   0.0000
 -1.22435622e-01   0.0000
 -1.60142258e-01   0.0000
  8.40737112e-03   0.0000
 -8.01979899e-02   0.0000
  1.40191555e-01   0.0000
 -4.54406589e-02   0.0000
  4.95224670e-02   0.0000
  5.32330014e-04   0.0000
 -1.18132278e-01   0.0000
 -1.42984465e-01   0.0000
 -1.36649236e-01   0.0000
  7.79895186e-02   0.0000
 -3.58923413e-02   0.0000
  1.99668184e-01   0.0000
 -8.93432945e-02   0.0000
 -1.27632439e-01   0.0000
  2.14137450e-01   0.0000
 -1.60325736e-01   0.0000
  1.85671449e-01   0.0000
  1.76525861e-01   0.0000
 -1.31513789e-01   0.0000
 -1.75630063e-01   0.0000
 -1.18457592e+00   0.0000
 -1.26253173e-01   0.0000
  1.69363177e+00   0.0000
 -1.74087808e-02   0.0000
 -1.90802646e+00   0.0000
 -1.21203646e-01   0.0000
 -8.22574496e-01   0.0000
  7.84256101e-01   0.0000
 -5.00750579e-02   0.0000
  2.60856062e-01   0.0000
  4.88994233e-02   0.0000
  7.84287870e-01   0.0000
  5.00876784e-01   0.0000
 -1.12484097e+00   0.0000
 -5.75544722e-02   0.0000
 -4.88899171e-01   0.0000
  2.30594009e-01   0.0000
  9.39523503e-02   0.0000
 -1.25706568e-01   0.0000
 -3.30168188e-01   0.0000
  9.43149030e-01   0.0000
  5.08110583e-01   0.0000
  3.99864465e-01   0.0000
 -6.55517220e-01   0.0000
 -1.96913028e+00   0.0000
 -9.98673141e-01   0.0000
  2.71360373e+00   0.0000
  1.86768308e-01   0.0000
 -1.28353560e+00   0.0000
 -1.10104179e+00   0.0000
 -2.41830993e+00   0.0000
  1.89052200e+00   0.0000
  7.11015224e-01   0.0000
  9.10261989e-01   0.0000
 -2.19632342e-01   0.0000
  1.70655024e+00   0.0000
  9.82275128e-01   0.0000
 -3.04375267e+00   0.0000
  8.23730886e-01   0.0000
 -7.70280242e-01   0.0000
  3.56407642e-01   0.0000
  2.31057763e-01   0.0000
 -5.59423625e-01   0.0000
  2.80555785e-01   0.0000
  1.56211603e+00   0.0000
  1.36257815e+00   0.0000
  7.62185454e-01   0.0000
 -1.22780430e+00   0.0000
 -8.10849309e-01   0.0000
 -3.62351561e+00   0.0000
  6.88655721e-03   0.0000
  2.30252433e+00   0.0000
  6.95102632e-01   0.0000
 -5.17008686e+00   0.0000
 -5.39640522e+00   0.0000
  3.59440017e+00   0.0000
  2.72231865e+00   0.0000
  4.98420858e+00   0.0000
 -1.78349960e+00   0.0000
 -1.28269732e+00   0.0000
  2.22460270e+00   0.0000
 -5.11860323e+00   0.0000
  4.72003937e+00   0.0000
  9.94300425e-01   0.0000
  1.22267127e+00   0.0000
  3.81745607e-01   0.0000
  2.00945809e-02   0.0000
  5.02771080e-01   0.0000
  1.94037676e+00   0.0000
  4.88657856e+00   0.0000
  4.12570286e+00   0.0000
  6.97614625e-02   0.0000
 -2.99698138e+00   0.0000
  1.47099602e+00   0.0000
  1.76910329e+00   0.0000
  5.20743370e-01   0.0000
 -9.10542870e+00   0.0000
 -2.61102176e+00   0.0000
  1.37433207e+00   0.0000
 -6.07652044e+00   0.0000
  4.03749168e-01   0.0000
  1.46500599e+00   0.0000
 -8.02439570e-01   0.0000
  1.83445227e+00   0.0000
  1.35179356e-01   0.0000
  3.72793865e+00   0.0000
  6.51795387e-01   0.0000
  3.43772793e+00   0.0000
  6.60199821e-02   0.0000
 -1.15632272e+00   0.0000
 -1.65908289e+00   0.0000
 -9.00574625e-01   0.0000
  8.69869739e-02   0.0000
  4.26497412e+00   0.0000
 -8.48424137e-01   0.0000
 -1.22595318e-01   0.0000
 -3.65106434e-01   0.0000
  1.47588745e-01   0.0000
  1.72989499e-02   0.0000
 -5.02572060e-02   0.0000
 -6.04702771e-01   0.0000
 -1.23026229e-01   0.0000
 -1.06201611e-01   0.0000
 -1.41155511e-01   0.0000
  1.37220845e-01   0.0000
  1.62268654e-01   0.0000
 -7.59942234e-02   0.0000
 -1.72429442e-01   0.0000
  2.63393968e-02   0.0000
 -7.08162189e-02   0.0000
  2.11796369e-02   0.0000
  2.74532259e-01   0.0000
  2.02408493e-01   0.0000
 -3.61627750e-02   0.0000
  1.42516524e-01   0.0000
 -1.47866234e-01   0.0000
  1.11291416e-01   0.0000
 -1.24380086e-02   0.0000
 -2.99484772e-03   0.0000
 -1.13581736e-02   0.0000
  6.21591285e-02   0.0000
  2.12279126e-01   0.0000
 -3.24731879e-02   0.0000
 -1.99777111e-01   0.0000
  1.34409547e-01   0.0000
 -1.08325742e-01   0.0000
  1.50252074e-01   0.0000
 -3.50379385e-02   0.0000
 -5.75457737e-02   0.0000
  1.08537123e-01   0.0000
  2.25242171e-02   0.0000
  6.93406956e-03   0.0000
  5.07008359e-02   0.0000
 -1.76705822e-01   0.0000
  1.62255719e-01   0.0000
 -1.98781967e-01   0.0000
  1.33136347e-01   0.0000
 -1.94114968e-01   0.0000
 -1.56068757e-01   0.0000
 -7.93130621e-02   0.0000
  1.94604427e-01   0.0000
 -1.30561218e-01   0.0000
  6.01546541e-02   0.0000
 -4.84697282e-01   0.0000
  9.59487200e-01   0.0000
 -2.57450879e-01   0.0000
 -9.26877975e-01   0.0000
  2.22100317e-02   0.0000
 -1.02727699e+00   0.0000
 -1.81331432e+00   0.0000
 -1.02692455e-01   0.0000
  1.52988541e+00   0.0000
  6.90871105e-03   0.0000
  1.00682035e-01   0.0000
 -4.55266908e-02   0.0000
  4.21345377e+00   0.0000
  2.14892507e+00   0.0000
  2.69394684e+00   0.0000
 -1.19328171e-01   0.0000
 -1.89608610e+00   0.0000
  4.68234569e-01   0.0000
 -5.52187767e-03   0.0000
 -4.11551725e-03   0.0000
 -7.83589065e-01   0.0000
  3.09010416e-01   0.0000
  2.09766579e+00   0.0000
 -2.20857143e-01   0.0000
 -1.53225863e+00   0.0000
  2.68572927e+00   0.0000
 -1.75141704e+00   0.0000
 -3.92719221e+00   0.0000
  5.53585626e-02   0.0000
 -7.87979424e-01   0.0000
 -2.17571640e+00   0.0000
  7.95655847e-01   0.0000
 -1.08284903e+00   0.0000
  1.57854521e+00   0.0000
  1.05560958e+00   0.0000
 -2.88792819e-01   0.0000
 -2.26089144e+00   0.0000
  3.98065495e+00   0.0000
  6.49680758e+00   0.0000
  9.86969531e-01   0.0000
 -6.73776531e+00   0.0000
  1.27225614e+00   0.0000
  1.04256216e-02   0.0000
  3.15584540e-01   0.0000
 -2.23557353e+00   0.0000
 -6.58504128e-01   0.0000
  4.48062897e+00   0.0000
  3.95298839e-01   0.0000
 -3.88581419e+00   0.0000
  2.78082252e+00   0.0000
 -7.91816330e+00   0.0000
 -9.42830563e+00   0.0000
  1.96834302e+00   0.0000
 -4.32874382e-01   0.0000
 -2.54558742e-01   0.0000
  2.75088787e+00   0.0000
 -2.57278132e+00   0.0000
  5.29267406e+00   0.0000
  4.85150909e+00   0.0000
 -2.10939550e+00   0.0000
  1.56366897e+00   0.0000
  3.40439010e+00   0.0000
  9.11562252e+00   0.0000
  4.10863924e+00   0.0000
 -1.42816706e+01   0.0000
  2.75044608e+00   0.0000
 -8.95110965e-01   0.0000
  2.44571161e+00   0.0000
  6.71464741e-01   0.0000
 -3.32880187e+00   0.0000
  7.16701889e+00   0.0000
  3.18844867e+00   0.0000
  3.88163894e-01   0.0000
  1.02990270e-01   0.0000
 -1.65060771e+00   0.0000
  3.02000737e+00   0.0000
  3.80410671e-01   0.0000
 -4.87707496e-01   0.0000
 -7.76233554e-01   0.0000
  1.33961767e-01   0.0000
  1.32823360e+00   0.0000
  3.26462936e+00   0.0000
 -2.62488514e-01   0.0000
  9.59871948e-01   0.0000
 -5.59095025e-01   0.0000
  3.84262180e+00   0.0000
  3.11727166e+00   0.0000
  1.65657699e-01   0.0000
 -7.98449889e-02   0.0000
 -1.01765156e+00   0.0000
 -2.14711094e+00   0.0000
 -2.72881746e+00   0.0000
  1.53974009e+00   0.0000
 -8.33417177e-01   0.0000
  4.42666858e-01   0.0000
 -7.68318236e-01   0.0000
  2.43502092e-02   0.0000
 -4.45559829e-01   0.0000
 -2.62532443e-01   0.0000
 -3.82708199e-02   0.0000
  2.22374022e-01   0.0000
 -1.03417552e+00   0.0000
 -5.93738519e-02   0.0000
 -3.21069628e-01   0.0000
  2.69996434e-01   0.0000
  2.63071060e-01   0.0000
  1.34726360e-01   0.0000
  6.97759911e-02   0.0000
  2.57341647e+00   0.0000
  2.84087926e-01   0.0000
 -3.25669289e-01   0.0000
 -6.68886080e-02   0.0000
  1.77904423e-02   0.0000
  2.17461184e-01   0.0000
  8.35156068e-02   0.0000
 -8.64673927e-02   0.0000
 -1.41258433e-01   0.0000
  9.03807506e-02   0.0000
  5.95882088e-02   0.0000
 -8.89783502e-01   0.0000
  1.06643632e-01   0.0000
  7.92393163e-02   0.0000
 -2.17741236e-01   0.0000
  1.75581649e-01   0.0000
 -3.67814582e-03   0.0000
  1.64721236e-01   0.0000
  5.34183159e-02   0.0000
  2.24856883e-02   0.0000
  1.96765289e-01   0.0000
  1.72185242e-01   0.0000
  1.91406190e-01   0.0000
 -5.18495031e-02   0.0000
  2.58405507e-01   0.0000
  9.33427513e-02   0.0000
 -4.97291088e-02   0.0000
  3.75635400e-02   0.0000
 -7.69989118e-02   0.0000
  1.66890055e-01   0.0000
  8.68116543e-02   0.0000
  8.31343457e-02   0.0000
 -1.44103006e-01   0.0000
  9.14117619e-02   0.0000
 -2.25363392e-02   0.0000
 -7.16372877e-02   0.0000
 -5.75990528e-02   0.0000
 -3.01856279e-01   0.0000
  8.17086458e-01   0.0000
  7.18574941e-01   0.0000
 -4.41733673e-02   0.0000
 -3.90106344e+00   0.0000
  1.17398179e+00   0.0000
 -5.13350248e-01   0.0000
  2.42157564e-01   0.0000
 -1.06496342e-01   0.0000
  1.51265398e-01   0.0000
 -1.75598666e-01   0.0000
  4.70114565e+00   0.0000
  1.32506776e+00   0.0000
 -1.35668612e+00   0.0000
  1.56351253e-01   0.0000
 -1.38766670e+00   0.0000
  5.14493436e-02   0.0000
  4.25639391e-01   0.0000
 -3.94904613e-01   0.0000
 -1.52318680e+00   0.0000
 -1.62461311e-01   0.0000
  7.64314711e-01   0.0000
  1.91130531e+00   0.0000
  2.91965753e-01   0.0000
  1.00731540e+00   0.0000
  2.41059184e+00   0.0000
  3.21873814e-01   0.0000
  4.92260978e-02   0.0000
  4.77269840e+00   0.0000
  3.07029486e+00   0.0000
  1.78711221e-01   0.0000
  8.75869751e-01   0.0000
  3.56258631e-01   0.0000
  6.28415465e-01   0.0000
 -4.54500437e-01   0.0000
 -1.75876987e+00   0.0000
  3.48950291e+00   0.0000
 -1.26753247e+00   0.0000
  5.91030300e-01   0.0000
 -4.82500315e+00   0.0000
  6.05086207e-01   0.0000
  1.20980108e+00   0.0000
 -1.25324523e+00   0.0000
 -1.70705438e+00   0.0000
 -1.14176512e+00   0.0000
 -2.47410387e-01   0.0000
  6.09581137e+00   0.0000
  7.06739485e-01   0.0000
 -1.91432402e-01   0.0000
  3.24435854e+00   0.0000
 -2.26647234e+00   0.0000
  1.21214688e+00   0.0000
 -1.18036866e+00   0.0000
  1.62556529e+00   0.0000
  2.28032351e+00   0.0000
 -4.22518301e+00   0.0000
  1.08739519e+00   0.0000
  3.49662971e+00   0.0000
 -1.36071479e+00   0.0000
  3.06522936e-01   0.0000
  9.68721771e+00   0.0000
  1.12210631e+00   0.0000
  3.27936101e+00   0.0000
 -1.06295376e+01   0.0000
  1.25462580e+00   0.0000
  4.14647722e+00   0.0000
 -2.20121741e+00   0.0000
  3.33323866e-01   0.0000
 -3.53749061e+00   0.0000
 -5.18885326e+00   0.0000
 -3.34057522e+00   0.0000
  3.21684271e-01   0.0000
  6.08941197e-01   0.0000
 -2.06178498e+00   0.0000
  7.51453114e+00   0.0000
  2.71482974e-01   0.0000
  1.87166321e+00   0.0000
 -3.07260156e+00   0.0000
 -2.96906066e+00   0.0000
 -7.15482652e-01   0.0000
  2.74382567e+00   0.0000
 -9.42028314e-02   0.0000
  9.17621791e-01   0.0000
 -5.24301291e-01   0.0000
  4.59464699e-01   0.0000
  4.38829231e+00   0.0000
 -1.75596744e-01   0.0000
 -4.44866800e+00   0.0000
 -6.46034181e-01   0.0000
  6.37407303e-02   0.0000
 -9.62493718e-02   0.0000
 -1.93605602e+00   0.0000
  9.12961304e-01   0.0000
  7.56669664e+00   0.0000
  4.85711193e+00   0.0000
 -1.58697844e-01   0.0000
 -5.20328104e-01   0.0000
 -1.87277332e-01   0.0000
  3.33923131e-01   0.0000
  6.01439103e-02   0.0000
 -3.20700943e-01   0.0000
 -2.12429419e-01   0.0000
 -7.62735158e-02   0.0000
  5.77188075e-01   0.0000
  2.53030986e-01   0.0000
 -1.56626061e-01   0.0000
 -1.94357425e-01   0.0000
  5.24211693e+00   0.0000
  2.78823078e-01   0.0000
  4.30272147e-02   0.0000
 -1.03895001e-01   0.0000
 -7.87452012e-02   0.0000
 -1.85784429e-01   0.0000
 -9.14821401e-02   0.0000
  2.36336347e-02   0.0000
 -2.03415304e-01   0.0000
  2.41555169e-01   0.0000
  7.64522925e-02   0.0000
  1.36394739e+00   0.0000
 -1.08709067e-01   0.0000
  9.87030789e-02   0.0000
 -1.36693478e-01   0.0000
  2.77436581e-02   0.0000
 -1.14244089e-01   0.0000
  1.30622745e-01   0.0000
  2.91386154e-02   0.0000
 -2.07562204e-02   0.0000
 -1.98993400e-01   0.0000
 -7.79539421e-02   0.0000
 -2.20869817e-02   0.0000
  1.96009994e-01   0.0000
  2.02649876e-01   0.0000
  1.78770602e-01   0.0000
  1.59269363e-01   0.0000
  6.04677163e-02   0.0000
 -1.20696761e-01   0.0000
 -1.32796824e-01   0.0000
  6.48420304e-02   0.0000
 -7.39077181e-02   0.0000
 -3.67617868e-02   0.0000
  4.86825854e-02   0.0000
 -9.96972844e-02   0.0000
 -8.90604183e-02   0.0000
 -1.38958961e-01   0.0000
 -1.20384455e+00   0.0000
 -1.06293540e-02   0.0000
 -8.31088543e-01   0.0000
  1.86522603e+00   0.0000
  7.73377776e-01   0.0000
 -4.29352582e-01   0.0000
 -3.80028629e+00   0.0000
  1.17685747e+00   0.0000
  1.33292852e-02   0.0000
  3.12298846e+00   0.0000
 -2.68684077e+00   0.0000
  9.19266343e-02   0.0000
 -7.34069765e-01   0.0000
 -8.50511491e-01   0.0000
  1.99856818e+00   0.0000
 -1.73189247e+00   0.0000
  1.72088668e-01   0.0000
 -5.71613759e-02   0.0000
 -3.17724735e-01   0.0000
  1.54860294e+00   0.0000
 -1.75268555e+00   0.0000
 -2.41337076e-01   0.0000
  1.47175217e+00   0.0000
  5.32459378e-01   0.0000
 -5.40477037e-01   0.0000
  5.75148404e-01   0.0000
 -2.68337607e+00   0.0000
 -2.01048881e-01   0.0000
 -1.07793593e+00   0.0000
 -6.68290675e-01   0.0000
  1.18676758e+00   0.0000
  1.15551591e+00   0.0000
 -6.11642718e-01   0.0000
 -3.06135237e-01   0.0000
  1.78222132e+00   0.0000
 -7.43391335e-01   0.0000
  1.16202819e+00   0.0000
  1.00105941e+00   0.0000
  1.86098862e+00   0.0000
 -1.48611039e-01   0.0000
  8.92587662e-01   0.0000
  2.02190638e-01   0.0000
 -2.87667572e-01   0.0000
 -1.15296781e+00   0.0000
 -3.60768914e-01   0.0000
  6.46625578e-01   0.0000
 -5.55100262e-01   0.0000
 -5.21123350e-01   0.0000
  2.53641939e+00   0.0000
 -6.46147951e-02   0.0000
 -3.60929489e+00   0.0000
  1.78371167e+00   0.0000
  6.60129964e-01   0.0000
  9.20993149e-01   0.0000
  6.85335219e-01   0.0000
  2.65009016e-01   0.0000
  2.54989600e+00   0.0000
  5.57611942e-01   0.0000
 -9.09131706e-01   0.0000
  9.11627591e-01   0.0000
 -1.16213071e+00   0.0000
 -5.49319625e-01   0.0000
 -2.48000312e+00   0.0000
  5.84555626e-01   0.0000
 -1.03083444e+00   0.0000
 -3.30938905e-01   0.0000
  4.45512533e-01   0.0000
 -7.96233177e-01   0.0000
  3.08759868e-01   0.0000
 -4.06102866e-01   0.0000
  5.84286094e-01   0.0000
  3.07016879e-01   0.0000
  3.53225768e-01   0.0000
 -3.82546902e-01   0.0000
  1.04981136e+00   0.0000
  1.30578220e+00   0.0000
 -7.42759109e-01   0.0000
 -3.47421229e-01   0.0000
  1.59446383e+00   0.0000
  1.47630930e+00   0.0000
 -1.72776744e-01   0.0000
 -1.14665891e-03   0.0000
  5.47690988e-01   0.0000
 -5.54107428e-01   0.0000
 -5.75633717e+00   0.0000
 -1.15095615e+00   0.0000
 -3.79205799e+00   0.0000
 -8.48151326e-01   0.0000
  2.25286603e+00   0.0000
  3.33737284e-01   0.0000
 -3.92815977e-01   0.0000
 -1.23809183e+00   0.0000
 -4.28273022e-01   0.0000
  1.78863376e-01   0.0000
 -3.14491600e-01   0.0000
 -4.50426936e-01   0.0000
  1.73842818e-01   0.0000
 -9.18403983e-01   0.0000
  3.79288793e+00   0.0000
 -1.39984563e-01   0.0000
  1.20224929e+00   0.0000
  2.98469990e-01   0.0000
  2.95132071e-01   0.0000
  3.63539696e-01   0.0000
 -2.47893882e+00   0.0000
  1.32713139e-01   0.0000
 -6.57985747e-01   0.0000
  1.40533984e-01   0.0000
 -3.24997973e+00   0.0000
  1.41615236e+00   0.0000
 -9.06850719e+00   0.0000
 -7.73641586e-01   0.0000
  7.92910397e-01   0.0000
 -1.69440329e-01   0.0000
  4.68007714e-01   0.0000
 -1.06784785e+00   0.0000
  6.85329288e-02   0.0000
 -5.06518483e-01   0.0000
  1.63199216e-01   0.0000
  1.41061664e-01   0.0000
 -2.66033649e-01   0.0000
  7.84938455e-01   0.0000
 -6.21845722e-01   0.0000
  3.19015354e-01   0.0000
  7.21996278e-02   0.0000
 -8.59909952e-02   0.0000
 -5.21155119e-01   0.0000
 -3.49331647e-01   0.0000
  1.07090876e-01   0.0000
 -1.70414537e-01   0.0000
  1.29708636e+00   0.0000
 -6.26783865e-03   0.0000
 -6.05716348e-01   0.0000
 -2.58131504e-01   0.0000
 -1.89420998e+00   0.0000
  1.83421504e+00   0.0000
 -3.52693152e+00   0.0000
 -9.13340896e-02   0.0000
  5.50313331e-02   0.0000
  7.29331195e-01   0.0000
  7.48311281e-02   0.0000
 -1.46304360e-02   0.0000
 -1.46411238e-02   0.0000
  3.44111532e-01   0.0000
 -9.78083909e-01   0.0000
  8.90785217e-01   0.0000
  1.39184034e+00   0.0000
  8.60274196e-01   0.0000
 -5.02956629e-01   0.0000
 -8.52810621e-01   0.0000
  2.74686873e-01   0.0000
  2.61256754e-01   0.0000
  3.68399262e+00   0.0000
 -6.37867868e-01   0.0000
  3.53249025e+00   0.0000
  3.12518179e-01   0.0000
 -2.54522491e+00   0.0000
 -1.30357802e-01   0.0000
  2.06371379e+00   0.0000
  8.16325128e-01   0.0000
 -6.57616854e-01   0.0000
  6.27764344e-01   0.0000
 -3.55143130e-01   0.0000
 -3.97873312e-01   0.0000
 -6.16055310e-01   0.0000
  3.46141994e-01   0.0000
 -1.51072100e-01   0.0000
  8.57532024e-02   0.0000
 -5.11504829e-01   0.0000
  4.91786569e-01   0.0000
  4.09668255e+00   0.0000
  1.27139300e-01   0.0000
  1.27879834e+00   0.0000
 -1.55224249e-01   0.0000
  5.84484562e-02   0.0000
 -1.54129893e-01   0.0000
  2.08144516e-01   0.0000
  1.25905043e-02   0.0000
  1.09738000e-01   0.0000
  2.58894533e-01   0.0000
  3.60218716e+00   0.0000
 -3.27209520e+00   0.0000
  3.10370874e+00   0.0000
  6.55803502e-01   0.0000
 -8.48461449e-01   0.0000
  1.69743225e-01   0.0000
  9.24526975e-02   0.0000
  3.26563001e-01   0.0000
 -1.21199489e-01   0.0000
  2.01587342e-02   0.0000
 -1.34802565e-01   0.0000
  1.10178106e-02   0.0000
  2.61798888e-01   0.0000
  9.77919102e-01   0.0000
  8.45496595e-01   0.0000
  6.01011217e-01   0.0000
 -4.62567955e-01   0.0000
 -7.00869337e-02   0.0000
  1.01726818e+00   0.0000
  8.46370697e-01   0.0000
  1.13436973e+00   0.0000
 -3.40128124e-01   0.0000
 -6.17967471e-02   0.0000
 -6.69055700e-01   0.0000
  8.54613185e-01   0.0000
  4.81257021e-01   0.0000
  1.11367118e+00   0.0000
 -6.06405102e-02   0.0000
  2.76087970e-01   0.0000
  8.94527417e-03   0.0000
 -2.71613240e-01   0.0000
 -4.91096675e-01   0.0000
 -3.08784842e-01   0.0000
  5.21691591e-02   0.0000
 -3.06541584e-02   0.0000
 -7.29181990e-02   0.0000
  3.87390554e-01   0.0000
  1.10075796e+00   0.0000
  2.94386721e+00   0.0000
 -1.10690212e+00   0.0000
  1.25502765e+00   0.0000
 -9.54243820e-04   0.0000
  3.90453726e-01   0.0000
  6.00541174e-01   0.0000
  1.29200065e+00   0.0000
  2.84907054e-02   0.0000
  4.44626272e-01   0.0000
  5.37822151e+00   0.0000
  3.00383210e+00   0.0000
 -1.59694552e+00   0.0000
  7.33812284e+00   0.0000
 -4.50180650e-01   0.0000
  1.18944573e+00   0.0000
 -1.28479913e-01   0.0000
 -9.82839242e-03   0.0000
 -6.68359756e-01   0.0000
 -3.70457880e-02   0.0000
 -1.34694085e-01   0.0000
  1.42219990e-01   0.0000
  1.94707870e-01   0.0000
 -4.45468277e-01   0.0000
  7.04280794e-01   0.0000
 -2.66581202e+00   0.0000
 -8.11821640e-01   0.0000
 -3.14103574e-01   0.0000
 -1.15091920e-01   0.0000
 -1.62930536e+00   0.0000
 -1.04866636e+00   0.0000
  1.10943198e+00   0.0000
 -4.31634068e-01   0.0000
  3.82521711e-02   0.0000
  7.58339942e-01   0.0000
  3.57794118e+00   0.0000
  1.21941876e+00   0.0000
  2.32062721e+00   0.0000
  1.32858181e+00   0.0000
 -3.35244656e+00   0.0000
 -2.78925169e-02   0.0000
  1.40831694e-02   0.0000
  1.42371237e+00   0.0000
 -5.88807352e-02   0.0000
  9.06060487e-02   0.0000
  1.99247105e-03   0.0000
  5.37814498e-01   0.0000
  2.88254052e-01   0.0000
  2.11386871e+00   0.0000
 -3.55734490e-02   0.0000
  1.15934396e+00   0.0000
  2.67243713e-01   0.0000
 -3.77446741e-01   0.0000
 -9.48994011e-02   0.0000
  3.61877121e-02   0.0000
  1.48724997e+00   0.0000
 -3.03869396e-01   0.0000
  4.32956964e-01   0.0000
 -3.87509406e-01   0.0000
 -1.93418086e+00   0.0000
 -6.48066998e-01   0.0000
 -2.81871057e+00   0.0000
  3.06682491e+00   0.0000
 -5.64187479e+00   0.0000
  1.57233357e-01   0.0000
 -2.51370192e-01   0.0000
 -5.92243811e-03   0.0000
 -1.51173905e-01   0.0000
  4.63853717e-01   0.0000
 -2.54333675e-01   0.0000
  1.23034626e-01   0.0000
 -2.27749765e-01   0.0000
 -9.34660435e-01   0.0000
 -1.78826265e-02   0.0000
 -7.55174458e-01   0.0000
 -6.86929107e-01   0.0000
 -1.15336049e-02   0.0000
  4.76525217e-01   0.0000
  1.03238061e-01   0.0000
 -1.14644301e+00   0.0000
  1.09305345e-01   0.0000
  6.71616271e-02   0.0000
 -5.42445406e-02   0.0000
  1.47301507e+00   0.0000
  3.73259425e-01   0.0000
  2.25878000e+00   0.0000
 -1.89959633e+00   0.0000
  3.20175099e+00   0.0000
  4.06713448e-02   0.0000
  1.18416771e-01   0.0000
 -3.50649804e-02   0.0000
 -7.38329068e-02   0.0000
  2.45217338e-01   0.0000
 -7.78445527e-02   0.0000
  7.66430140e-01   0.0000
 -9.24774483e-02   0.0000
 -1.37457645e+00   0.0000
 -5.60318613e+00   0.0000
 -5.52806892e-02   0.0000
  5.89436889e-01   0.0000
 -1.06313002e+00   0.0000
 -8.52674961e-01   0.0000
 -8.14594150e-01   0.0000
 -4.04102266e-01   0.0000
 -8.07016313e-01   0.0000
  2.62287903e+00   0.0000
 -4.77667719e-01   0.0000
  6.52956820e+00   0.0000
  2.55786943e+00   0.0000
 -1.75039542e+00   0.0000
 -8.07764471e-01   0.0000
  3.41369331e-01   0.0000
  8.19978118e-01   0.0000
 -6.30479276e-01   0.0000
  1.85887992e+00   0.0000
 -8.69571328e-01   0.0000
  8.24405730e-01   0.0000
 -6.18579984e-01   0.0000
  1.73809797e-01   0.0000
  1.02207494e+00   0.0000
 -5.76058090e-01   0.0000
 -1.89347073e-01   0.0000
  4.28109705e-01   0.0000
  5.87472916e-01   0.0000
  1.32699192e-01   0.0000
  3.61077130e-01   0.0000
  1.12564832e-01   0.0000
 -2.26950383e+00   0.0000
 -1.69084277e-02   0.0000
  1.00553203e+00   0.0000
 -1.72892976e+00   0.0000
  2.93677402e+00   0.0000
 -4.38859177e+00   0.0000
  1.99293077e+00   0.0000
 -4.39441741e-01   0.0000
  9.13454890e-01   0.0000
  2.50652462e-01   0.0000
  1.73016548e-01   0.0000
 -2.19607905e-01   0.0000
 -6.48084506e-02   0.0000
  8.05660486e-02   0.0000
  2.03905143e-02   0.0000
  2.37483099e-01   0.0000
  1.67610991e+00   0.0000
 -7.41722882e-02   0.0000
  6.91200686e+00   0.0000
  4.43280309e-01   0.0000
  1.50627244e+00   0.0000
 -3.11523825e-01   0.0000
  1.86230624e+00   0.0000
  1.13871181e+00   0.0000
  2.00049448e+00   0.0000
  1.47176281e-01   0.0000
  2.47613803e-01   0.0000
 -3.06813049e+00   0.0000
 -2.47608995e+00   0.0000
  7.00956106e-01   0.0000
  4.87070709e-01   0.0000
 -1.44481003e-01   0.0000
  2.66415924e-01   0.0000
  4.65198010e-01   0.0000
 -5.04930556e-01   0.0000
 -5.97152412e-01   0.0000
 -1.00870341e-01   0.0000
  3.44144404e-01   0.0000
 -1.81688055e-01   0.0000
 -5.03846183e-02   0.0000
 -2.36475170e-01   0.0000
  1.82684982e+00   0.0000
  1.51315227e-01   0.0000
  7.78349996e-01   0.0000
  7.86879212e-02   0.0000
 -2.24018991e-01   0.0000
 -5.23984969e-01   0.0000
 -4.32029635e-01   0.0000
  8.50248456e-01   0.0000
 -3.83613957e-03   0.0000
  1.76329637e+00   0.0000
 -1.02078825e-01   0.0000
 -6.81162596e-01   0.0000
  6.56277016e-02   0.0000
 -2.23770189e+00   0.0000
  3.01182151e+00   0.0000
 -5.10558558e+00   0.0000
 -7.41886050e-02   0.0000
  2.07191169e-01   0.0000
  2.46167526e-01   0.0000
  1.23062834e-01   0.0000
 -1.02492645e-01   0.0000
  5.40906526e-02   0.0000
 -1.88070498e-02   0.0000
  6.66206300e-01   0.0000
  1.54672897e+00   0.0000
  1.92519176e+00   0.0000
  2.00190878e+00   0.0000
  3.31271827e-01   0.0000
 -1.51069194e-01   0.0000
  3.35993338e+00   0.0000
  2.72890091e+00   0.0000
  1.68280840e+00   0.0000
 -1.01219915e-01   0.0000
 -2.20910454e+00   0.0000
 -1.87605035e+00   0.0000
 -4.61285496e+00   0.0000
 -2.50600964e-01   0.0000
 -9.50770736e-01   0.0000
  1.43645930e+00   0.0000
 -1.17686868e+00   0.0000
  1.98579058e-01   0.0000
 -1.18543826e-01   0.0000
 -2.77044392e+00   0.0000
  1.41754532e-02   0.0000
  3.68738055e-01   0.0000
 -3.96508962e-01   0.0000
 -6.53986633e-01   0.0000
  6.46507144e-01   0.0000
  2.55454153e-01   0.0000
  1.62639940e+00   0.0000
  1.22970378e+00   0.0000
  9.28130805e-01   0.0000
  7.28557467e-01   0.0000
 -9.64019179e-01   0.0000
 -5.48402965e-01   0.0000
  9.06553328e-01   0.0000
  4.86513257e-01   0.0000
 -2.33597088e+00   0.0000
  9.71429050e-01   0.0000
 -1.94125676e+00   0.0000
 -9.55575764e-01   0.0000
 -1.99885798e+00   0.0000
  7.59137869e-01   0.0000
 -1.18018270e+00   0.0000
 -5.11684000e-01   0.0000
  5.72149932e-01   0.0000
  8.07034791e-01   0.0000
  2.85575956e-01   0.0000
 -4.60358262e-01   0.0000
  3.54026943e-01   0.0000
 -8.19599509e-01   0.0000
  5.04188836e-01   0.0000
  4.90788311e-01   0.0000
  2.73938799e+00   0.0000
  1.66721594e+00   0.0000
  3.08709526e+00   0.0000
  1.10122132e+00   0.0000
 -8.29729855e-01   0.0000
 -8.46172035e-01   0.0000
  2.72225261e+00   0.0000
  8.47289622e-01   0.0000
 -1.53967631e+00   0.0000
  7.66752735e-02   0.0000
 -4.53144693e+00   0.0000
 -9.64571416e-01   0.0000
 -7.15562582e-01   0.0000
  6.83526516e-01   0.0000
 -4.08350259e-01   0.0000
 -4.20921892e-01   0.0000
  8.93153548e-01   0.0000
  5.86409867e-01   0.0000
  5.19453228e-01   0.0000
 -7.25003064e-01   0.0000
  7.38913715e-01   0.0000
 -3.43462601e-02   0.0000
 -5.77427626e-01   0.0000
 -1.40855372e+00   0.0000
 -4.77919531e+00   0.0000
 -3.30672294e-01   0.0000
  9.38549399e-01   0.0000
  2.32612230e-02   0.0000
 -8.78143013e-01   0.0000
 -8.59716237e-01   0.0000
 -6.33274257e-01   0.0000
 -1.75211027e-01   0.0000
  1.10113358e+00   0.0000
  3.95107627e-01   0.0000
  3.10408592e+00   0.0000
 -2.65267998e-01   0.0000
 -3.21820736e-01   0.0000
  1.00790858e+00   0.0000
 -1.97713530e+00   0.0000
 -2.38422900e-01   0.0000
  1.31742463e-01   0.0000
  8.20169389e-01   0.0000
  1.72896311e-01   0.0000
 -1.34157628e-01   0.0000
  3.66148710e-01   0.0000
  4.69162256e-01   0.0000
  1.11506128e+00   0.0000
  2.46247745e+00   0.0000
  3.15185905e+00   0.0000
  1.74454260e+00   0.0000
  1.16234457e+00   0.0000
 -1.46517992e-01   0.0000
  1.77538954e-02   0.0000
  5.45112304e-02   0.0000
  6.23579121e+00   0.0000
 -3.83925855e-01   0.0000
 -1.95468175e+00   0.0000
 -3.33670306e+00   0.0000
 -4.45136517e-01   0.0000
 -5.29128779e-03   0.0000
  1.83879888e+00   0.0000
  1.66743374e+00   0.0000
 -2.27477098e+00   0.0000
  3.14422458e-01   0.0000
 -1.84460878e-01   0.0000
  6.87033460e-02   0.0000
 -2.59233326e-01   0.0000
  5.97735405e-01   0.0000
 -5.35768390e-01   0.0000
 -8.70174766e-02   0.0000
  7.85798132e-01   0.0000
 -4.54341173e-01   0.0000
 -2.68838954e+00   0.0000
 -2.56503510e+00   0.0000
 -1.14394438e+00   0.0000
  2.87670363e-02   0.0000
  8.52707088e-01   0.0000
  9.20790672e-01   0.0000
 -3.32783794e+00   0.0000
  7.53692258e-03   0.0000
 -1.64449668e+00   0.0000
 -5.34599304e-01   0.0000
  1.50586212e+00   0.0000
  1.12120664e+00   0.0000
  2.68997867e-02   0.0000
 -2.27695137e-01   0.0000
  2.63168842e-01   0.0000
  9.58241969e-02   0.0000
 -2.16040030e-01   0.0000
 -6.22099817e-01   0.0000
  5.60813732e-02   0.0000
 -3.55440900e-02   0.0000
 -3.75477076e-02   0.0000
 -7.85489917e-01   0.0000
  4.46920919e+00   0.0000
 -2.07916999e+00   0.0000
 -5.81210899e+00   0.0000
 -1.99790514e+00   0.0000
  1.12879410e-01   0.0000
  7.83243537e-01   0.0000
 -2.63964385e-01   0.0000
  9.99908447e-02   0.0000
 -4.05109024e+00   0.0000
  6.87346756e-01   0.0000
 -8.03305149e+00   0.0000
  1.38741389e-01   0.0000
 -4.87582654e-01   0.0000
 -5.16554976e+00   0.0000
 -2.44036007e+00   0.0000
 -6.66868925e-01   0.0000
  1.42927814e+00   0.0000
 -3.76638770e-01   0.0000
  6.22595727e-01   0.0000
 -5.73241711e-01   0.0000
  6.16028130e-01   0.0000
 -6.39682710e-01   0.0000
  6.22195184e-01   0.0000
  1.29714841e-04   0.0000
 -3.53722185e-01   0.0000
  1.06916785e+00   0.0000
  3.02698088e+00   0.0000
  5.47629260e-02   0.0000
  5.51294756e+00   0.0000
 -3.23019810e-02   0.0000
  4.37320590e-01   0.0000
  2.52069831e-01   0.0000
 -4.57658350e-01   0.0000
 -1.58069253e-01   0.0000
 -4.18165565e-01   0.0000
 -3.28765810e-01   0.0000
 -2.73839474e+00   0.0000
  1.44065809e+00   0.0000
 -1.46076918e+00   0.0000
  1.48692536e+00   0.0000
 -2.10075116e+00   0.0000
 -7.61622488e-02   0.0000
  5.18828854e-02   0.0000
 -3.44498493e-02   0.0000
  1.30116582e-01   0.0000
  1.14940461e-02   0.0000
 -1.86273500e-01   0.0000
 -4.94143534e+00   0.0000
  7.63516307e-01   0.0000
 -2.76596594e+00   0.0000
 -2.64457073e-02   0.0000
 -1.58986640e+00   0.0000
  3.33323908e+00   0.0000
  7.45934010e+00   0.0000
 -4.61070395e+00   0.0000
 -4.42388010e+00   0.0000
 -3.36207151e+00   0.0000
  5.37053061e+00   0.0000
 -3.32950521e+00   0.0000
  3.13213134e+00   0.0000
 -2.10155606e+00   0.0000
  1.15149689e+00   0.0000
 -2.07227945e+00   0.0000
 -1.53079557e+00   0.0000
  4.58767176e+00   0.0000
 -4.90654516e+00   0.0000
  5.57752085e+00   0.0000
  4.22747850e+00   0.0000
  5.14701986e+00   0.0000
 -5.65644550e+00   0.0000
  4.65591145e+00   0.0000
 -2.49676657e+00   0.0000
 -2.59816217e+00   0.0000
 -4.90218830e+00   0.0000
 -9.70371151e+00   0.0000
 -3.24973416e+00   0.0000
 -6.37245369e+00   0.0000
 -1.83993173e+00   0.0000
 -6.36737633e+00   0.0000
 -5.78651762e+00   0.0000
 -8.78340721e+00   0.0000
 -1.90779293e+00   0.0000
  5.07112360e+00   0.0000
  5.20131063e+00   0.0000
  8.21317959e+00   0.0000
  5.67480135e+00   0.0000
  6.35507441e+00   0.0000
 -4.62227106e+00   0.0000
  7.67028666e+00   0.0000
 -2.53898907e+00   0.0000
  4.34486771e+00   0.0000
  5.74082899e+00   0.0000
  1.68154681e+00   0.0000
 -5.02204657e+00   0.0000
  4.39613676e+00   0.0000
  0.00000000e+00   0.0000

