 5 0.000000 1
 1 
 Si 28.085500
 0 0.250000 4.500000 1.000000 2.000000 
 5 0 1 2 3 4
 6 -0.50000 0.01000 0.50000 6.00000 7.00000 8.00000
 1 12.169200 6.172630 3.114710 0.755675 0.404939 0.036124 0.650018 0.572890
 4 30 24 24 1
 -2.88626105e-01   0.0000
 -6.65237978e-02   0.0000
  8.14974308e-01   0.0000
 -1.21941853e+00   0.0000
 -1.02922964e+00   0.0000
  1.13204226e-01   0.0000
  9.97344196e-01   0.0000
 -2.36995411e+00   0.0000
 -1.13350439e+00   0.0000
  5.27622327e-02   0.0000
  6.61373734e-01   0.0000
 -7.95867741e-01   0.0000
 -2.79664457e-01   0.0000
  3.10383569e-02   0.0000
 -2.90049434e-01   0.0000
 -3.45693052e-01   0.0000
  5.02308570e-02   0.0000
  1.30079257e+00   0.0000
 -3.36104631e-01   0.0000
  3.07884276e-01   0.0000
 -1.49061513e+00   0.0000
  1.26637027e-01   0.0000
  1.51845682e+00   0.0000
 -6.24095440e-01   0.0000
 -4.09286648e-01   0.0000
 -4.64967102e-01   0.0000
 -4.06886041e-01   0.0000
  6.79967180e-02   0.0000
 -1.33788988e-01   0.0000
 -3.52394097e-02   0.0000
 -2.46325135e-01   0.0000
  3.92285317e-01   0.0000
  5.13212755e-02   0.0000
 -1.93374470e-01   0.0000
  6.62327826e-01   0.0000
 -4.05423343e-01   0.0000
  1.36292145e-01   0.0000
 -3.40716764e-02   0.0000
 -4.82181720e-02   0.0000
 -2.20791489e-01   0.0000
 -4.04766947e-01   0.0000
 -6.45193160e-01   0.0000
  9.88666356e-01   0.0000
 -1.08610183e-01   0.0000
  2.43183449e-02   0.0000
  8.81198466e-01   0.0000
 -3.55501235e-01   0.0000
 -6.60409927e-01   0.0000
 -7.12591171e-01   0.0000
 -9.47661638e-01   0.0000
 -1.18628502e-01   0.0000
 -3.88973057e-01   0.0000
 -2.61523843e-01   0.0000
 -3.21266353e-01   0.0000
 -5.65412521e-01   0.0000
  1.78010321e+00   0.0000
  1.03083432e+00   0.0000
 -7.43650794e-01   0.0000
  3.03902894e-01   0.0000
 -6.93970501e-01   0.0000
  1.50653422e+00   0.0000
 -4.76204939e-02   0.0000
 -4.56348449e-01   0.0000
  1.93788409e-01   0.0000
 -1.03829727e-01   0.0000
 -8.41913760e-01   0.0000
 -4.87423837e-01   0.0000
  1.16231275e+00   0.0000
  3.05869246e+00   0.0000
  3.02455485e-01   0.0000
 -6.90556347e-01   0.0000
  6.86553249e-04   0.0000
 -7.29021728e-01   0.0000
 -6.48086131e-01   0.0000
 -1.04095876e+00   0.0000
  8.80577490e-02   0.0000
 -5.35300281e-03   0.0000
 -3.67753714e-01   0.0000
  2.34638691e-01   0.0000
  1.02576208e+00   0.0000
 -6.33537650e-01   0.0000
 -3.82829577e-01   0.0000
 -1.55979618e-01   0.0000
 -4.13783789e-01   0.0000
  1.17281699e+00   0.0000
  4.86755908e-01   0.0000
 -7.82467842e-01   0.0000
 -1.21639390e-02   0.0000
 -5.15968919e-01   0.0000
  8.42535421e-02   0.0000
 -3.60654332e-02   0.0000
  3.55658144e-01   0.0000
  8.33358049e-01   0.0000
  3.12303007e-01   0.0000
 -7.43174970e-01   0.0000
 -2.05157980e-01   0.0000
 -7.88236558e-02   0.0000
  2.79616147e-01   0.0000
  2.81029016e-01   0.0000
  1.34487420e-01   0.0000
 -2.75028467e-01   0.0000
  5.96938252e-01   0.0000
  6.12245440e-01   0.0000
 -5.45487404e-01   0.0000
 -2.16709301e-01   0.0000
  2.88522840e-01   0.0000
  2.27329373e-01   0.0000
 -7.24291861e-01   0.0000
  2.98883080e-01   0.0000
 -6.83713198e-01   0.0000
 -8.70125532e-01   0.0000
 -1.18139289e-01   0.0000
  1.91244528e-01   0.0000
  2.63149768e-01   0.0000
 -6.43828630e-01   0.0000
 -2.46039137e-01   0.0000
 -2.49257416e-01   0.0000
  9.55908373e-02   0.0000
 -1.07107826e-01   0.0000
  3.26950461e-01   0.0000
 -2.80112233e-02   0.0000
 -5.20762682e-01   0.0000
  6.60486162e-01   0.0000
  5.79200685e-01   0.0000
 -4.69577879e-01   0.0000
  8.66266727e-01   0.0000
  2.98545063e-01   0.0000
  2.62365162e-01   0.0000
  4.87152696e-01   0.0000
  4.00641143e-01   0.0000
  3.03304285e-01   0.0000
 -8.96954596e-01   0.0000
 -1.74690872e-01   0.0000
 -9.95983779e-02   0.0000
 -1.17037094e+00   0.0000
 -8.62457573e-01   0.0000
  3.00572932e-01   0.0000
 -8.79760161e-02   0.0000
  9.77714881e-02   0.0000
  3.31521809e-01   0.0000
 -2.48133197e-01   0.0000
  1.66390479e-01   0.0000
  1.34374902e-01   0.0000
 -1.40109643e-01   0.0000
 -1.91487074e-01   0.0000
 -4.27810669e-01   0.0000
 -4.23334032e-01   0.0000
  6.83816314e-01   0.0000
  4.59533930e-01   0.0000
 -3.24500114e-01   0.0000
 -5.51380575e-01   0.0000
 -3.18977207e-01   0.0000
 -5.71283698e-01   0.0000
 -6.65707216e-02   0.0000
 -1.00062162e-01   0.0000
 -3.83573085e-01   0.0000
 -3.51045966e-01   0.0000
  5.38029134e-01   0.0000
 -4.02634144e-01   0.0000
 -1.19635150e-01   0.0000
  1.74296990e-01   0.0000
  5.91737747e-01   0.0000
 -4.04902622e-02   0.0000
 -1.35965750e-01   0.0000
 -2.40062416e-01   0.0000
 -1.17715049e+00   0.0000
  4.30612266e-02   0.0000
  1.14990421e-01   0.0000
  7.39521086e-02   0.0000
 -4.49474692e-01   0.0000
 -8.20648298e-02   0.0000
  3.20749700e-01   0.0000
  6.08360827e-01   0.0000
 -2.06164777e-01   0.0000
 -3.49004298e-01   0.0000
  6.21286571e-01   0.0000
  1.74210459e-01   0.0000
 -4.70576854e-03   0.0000
 -1.81568444e-01   0.0000
 -3.05065751e-01   0.0000
  2.13646039e-01   0.0000
  7.65511453e-01   0.0000
 -6.46412253e-01   0.0000
 -4.49186862e-01   0.0000
 -3.92994523e-01   0.0000
 -7.09474981e-02   0.0000
 -4.66576219e-01   0.0000
 -3.37141216e-01   0.0000
  2.26276487e-01   0.0000
 -1.37511289e+00   0.0000
 -2.80779134e-02   0.0000
 -4.06012803e-01   0.0000
  4.70286369e-01   0.0000
 -5.70918620e-01   0.0000
  6.06976748e-01   0.0000
 -7.74492919e-01   0.0000
  8.17317367e-02   0.0000
  4.83675413e-02   0.0000
  1.09617837e-01   0.0000
  2.19532204e+00   0.0000
  8.89595032e-01   0.0000
  2.43299544e-01   0.0000
 -4.07254249e-01   0.0000
 -2.55962521e-01   0.0000
  7.94033587e-01   0.0000
  1.01879847e+00   0.0000
 -8.52328360e-01   0.0000
 -2.59872854e-01   0.0000
 -5.63444555e-01   0.0000
 -4.91997331e-01   0.0000
 -6.68174207e-01   0.0000
  4.81369644e-02   0.0000
  1.38191566e-01   0.0000
 -1.51074612e+00   0.0000
 -9.95362774e-02   0.0000
 -1.04593909e+00   0.0000
 -8.24709535e-02   0.0000
 -2.57010669e-01   0.0000
 -7.64330208e-01   0.0000
 -1.70762271e-01   0.0000
  1.94638759e-01   0.0000
  3.33371013e-01   0.0000
 -8.71168971e-01   0.0000
  2.85176516e-01   0.0000
  1.99434790e-03   0.0000
 -2.86142379e-01   0.0000
  4.74654973e-01   0.0000
  3.06077778e-01   0.0000
  9.18714464e-01   0.0000
  6.46354079e-01   0.0000
 -1.02669084e+00   0.0000
 -2.84440339e-01   0.0000
 -2.98619181e-01   0.0000
 -5.72932839e-01   0.0000
 -2.76404053e-01   0.0000
 -6.71579465e-02   0.0000
 -3.97417605e-01   0.0000
 -4.24748033e-01   0.0000
  1.61613345e-01   0.0000
 -9.28186297e-01   0.0000
 -4.76966240e-02   0.0000
 -3.26434113e-02   0.0000
 -4.30751413e-01   0.0000
  2.01699346e-01   0.0000
 -3.03799748e-01   0.0000
  6.23315036e-01   0.0000
 -7.24033475e-01   0.0000
 -6.95173025e-01   0.0000
  1.46623924e-01   0.0000
 -7.27766514e-01   0.0000
 -1.12185799e-01   0.0000
 -1.60869583e-02   0.0000
 -1.09181002e-01   0.0000
  6.96173906e-01   0.0000
 -4.88649011e-01   0.0000
  1.76071554e-01   0.0000
  7.28080273e-01   0.0000
  9.29412171e-02   0.0000
 -2.82618478e-02   0.0000
  2.75267363e-01   0.0000
 -7.10038126e-01   0.0000
  1.95988804e-01   0.0000
 -1.83831245e-01   0.0000
  5.39789796e-01   0.0000
 -4.94502842e-01   0.0000
  7.65648425e-01   0.0000
 -1.66022867e-01   0.0000
 -2.80124336e-01   0.0000
 -3.61300617e-01   0.0000
  9.14402068e-01   0.0000
 -4.75471050e-01   0.0000
  4.29763079e-01   0.0000
  7.19082057e-02   0.0000
 -6.08200133e-01   0.0000
 -4.29591894e-01   0.0000
  9.35090303e-01   0.0000
  4.85487759e-01   0.0000
 -2.03192383e-01   0.0000
 -2.32946232e-01   0.0000
 -1.60255536e-01   0.0000
  1.03980422e+00   0.0000
  4.35456544e-01   0.0000
  2.61202633e-01   0.0000
  4.76461083e-01   0.0000
 -1.78064138e-01   0.0000
 -7.16505721e-02   0.0000
 -6.48436606e-01   0.0000
  8.42117310e-01   0.0000
  4.30892259e-02   0.0000
 -3.25138301e-01   0.0000
  6.95848763e-01   0.0000
 -1.01898587e+00   0.0000
 -6.48561180e-01   0.0000
 -7.10435688e-01   0.0000
  6.81471527e-01   0.0000
 -5.21903872e-01   0.0000
  8.09140578e-02   0.0000
  7.02704191e-01   0.0000
 -6.47760481e-02   0.0000
  1.48349002e-01   0.0000
  5.10025442e-01   0.0000
  7.24512517e-01   0.0000
  2.52074271e-01   0.0000
 -1.27505764e-01   0.0000
  1.07488048e+00   0.0000
  1.18957512e-01   0.0000
  1.01359397e-01   0.0000
  7.56964207e-01   0.0000
 -6.37186706e-01   0.0000
  6.53511763e-01   0.0000
 -8.31575155e-01   0.0000
  5.78371406e-01   0.0000
 -2.35627353e-01   0.0000
 -3.19542229e-01   0.0000
  6.55852437e-01   0.0000
  3.56715053e-01   0.0000
 -1.46644205e-01   0.0000
 -5.45580268e-01   0.0000
  4.76618052e-01   0.0000
 -1.51322871e-01   0.0000
 -3.34819019e-01   0.0000
  3.31929743e-01   0.0000
  3.99922282e-02   0.0000
  5.52723929e-02   0.0000
 -2.88092285e-01   0.0000
  5.64382434e-01   0.0000
 -8.67025703e-02   0.0000
 -6.64327070e-02   0.0000
  5.18001199e-01   0.0000
 -4.42845494e-01   0.0000
  4.04531136e-02   0.0000
  4.93017077e-01   0.0000
 -1.66863814e-01   0.0000
  4.23226327e-01   0.0000
 -1.09598362e+00   0.0000
 -3.62393707e-01   0.0000
  3.68803069e-02   0.0000
 -2.48574272e-01   0.0000
  7.15175450e-01   0.0000
  1.91659927e+00   0.0000
 -2.49000102e-01   0.0000
  5.17804809e-02   0.0000
  4.86892104e-01   0.0000
  6.67869210e-01   0.0000
  3.73313092e-02   0.0000
 -2.56603986e-01   0.0000
  4.63349894e-02   0.0000
 -2.19612211e-01   0.0000
 -1.61562526e+00   0.0000
  6.45166457e-01   0.0000
 -1.75683200e-01   0.0000
  4.30029690e-01   0.0000
  4.13341492e-01   0.0000
  5.05888648e-02   0.0000
 -2.37705588e-01   0.0000
 -1.46233946e-01   0.0000
 -6.41595274e-02   0.0000
 -4.85825956e-01   0.0000
 -1.33130825e+00   0.0000
 -6.97713971e-01   0.0000
 -5.23443930e-02   0.0000
  2.03988060e-01   0.0000
  5.60912013e-01   0.0000
 -3.58055174e-01   0.0000
 -3.20243388e-01   0.0000
  1.64469808e-01   0.0000
 -6.27299726e-01   0.0000
 -1.96672361e-02   0.0000
  6.97673392e-03   0.0000
 -2.32516304e-01   0.0000
  6.58292890e-01   0.0000
  1.68560386e-01   0.0000
  5.66700399e-01   0.0000
 -2.64970332e-01   0.0000
  3.48270118e-01   0.0000
 -3.51962775e-01   0.0000
  2.08204567e-01   0.0000
 -5.74211836e-01   0.0000
 -4.34787273e-02   0.0000
  1.23424315e+00   0.0000
 -6.35237217e-01   0.0000
  3.90302360e-01   0.0000
  2.11053193e-01   0.0000
 -8.23304474e-01   0.0000
 -7.66525686e-01   0.0000
  4.88592535e-01   0.0000
 -5.03009222e-02   0.0000
  4.16182488e-01   0.0000
 -3.29640448e-01   0.0000
 -5.27680933e-01   0.0000
 -3.66802007e-01   0.0000
 -1.71084836e-01   0.0000
  2.01723240e-02   0.0000
  1.43567339e-01   0.0000
  5.48365891e-01   0.0000
  4.58744705e-01   0.0000
 -1.97984353e-01   0.0000
 -1.86731935e-01   0.0000
  1.57522917e-01   0.0000
  1.74762532e-01   0.0000
  1.75048318e-02   0.0000
  7.78098106e-01   0.0000
  1.04383133e-01   0.0000
  3.38981241e-01   0.0000
  6.32486463e-01   0.0000
 -4.12148237e-02   0.0000
 -1.57324746e-01   0.0000
  5.02240896e-01   0.0000
 -6.19475722e-01   0.0000
  6.31065786e-01   0.0000
 -9.10448283e-02   0.0000
 -4.53222245e-01   0.0000
 -5.19753158e-01   0.0000
 -2.54915684e-01   0.0000
 -8.64159912e-02   0.0000
  1.62090972e-01   0.0000
  3.64397243e-02   0.0000
  1.47298530e-01   0.0000
  6.63266957e-01   0.0000
  4.80787009e-01   0.0000
 -1.02060936e-01   0.0000
 -4.71068919e-01   0.0000
 -7.48514235e-02   0.0000
  4.41262931e-01   0.0000
  6.89977944e-01   0.0000
 -8.60990882e-02   0.0000
 -3.99806648e-01   0.0000
 -3.43037039e-01   0.0000
  1.89772263e-01   0.0000
  8.91717792e-01   0.0000
 -3.30718845e-01   0.0000
  9.86581445e-02   0.0000
 -3.03505272e-01   0.0000
 -8.62364471e-01   0.0000
  5.77025056e-01   0.0000
  7.82712400e-01   0.0000
 -3.78227323e-01   0.0000
  2.05694214e-01   0.0000
  7.85464227e-01   0.0000
  4.81276736e-02   0.0000
 -4.34947722e-02   0.0000
 -4.27213818e-01   0.0000
  6.46075487e-01   0.0000
  2.92122036e-01   0.0000
 -6.58395171e-01   0.0000
  8.36605057e-02   0.0000
 -3.91188145e-01   0.0000
 -5.47935307e-01   0.0000
  3.63454133e-01   0.0000
  5.45750737e-01   0.0000
  1.80413499e-01   0.0000
 -8.76915514e-01   0.0000
 -7.56770074e-02   0.0000
 -7.70869181e-02   0.0000
  1.50264844e-01   0.0000
  1.14247525e+00   0.0000
  5.11668287e-02   0.0000
 -8.74868572e-01   0.0000
 -3.01842600e-01   0.0000
  7.44024277e-01   0.0000
  1.05799422e-01   0.0000
 -1.45379603e-01   0.0000
  3.93538892e-01   0.0000
 -2.76673377e-01   0.0000
  1.93155482e-01   0.0000
 -1.70257890e+00   0.0000
  3.75443935e-01   0.0000
  6.00934386e-01   0.0000
 -1.90495193e-01   0.0000
 -2.50054955e-01   0.0000
 -4.53643113e-01   0.0000
 -8.06942344e-01   0.0000
  5.29612243e-01   0.0000
 -2.55982112e-02   0.0000
 -1.72565300e-02   0.0000
 -7.67304063e-01   0.0000
  1.20782897e-01   0.0000
  2.93285370e-01   0.0000
  2.90768743e-01   0.0000
  1.42030132e+00   0.0000
  4.14558649e-01   0.0000
 -1.18652892e+00   0.0000
 -2.03725323e-01   0.0000
  1.27274156e-01   0.0000
 -3.62172246e-01   0.0000
 -3.15269053e-01   0.0000
  7.56832287e-02   0.0000
 -1.92989767e-01   0.0000
 -9.40431297e-01   0.0000
 -2.73813415e+00   0.0000
  2.34171003e-01   0.0000
  3.84227365e-01   0.0000
  1.04370987e+00   0.0000
 -6.91392004e-01   0.0000
 -8.77215981e-01   0.0000
 -2.77641237e-01   0.0000
  6.12943888e-01   0.0000
  9.16840434e-02   0.0000
 -6.38421237e-01   0.0000
 -3.69736642e-01   0.0000
 -1.81600288e-01   0.0000
  8.20872724e-01   0.0000
  5.04922330e-01   0.0000
  1.73014474e+00   0.0000
 -1.64128631e-01   0.0000
 -1.80858806e-01   0.0000
  1.65293679e-01   0.0000
 -9.54674721e-01   0.0000
  4.00438696e-01   0.0000
 -9.77970481e-01   0.0000
 -2.31555045e-01   0.0000
 -2.10243836e-01   0.0000
  5.19424498e-01   0.0000
 -1.08094263e+00   0.0000
 -1.86897144e-02   0.0000
  1.34186566e+00   0.0000
 -2.98106909e-01   0.0000
 -5.29277146e-01   0.0000
  4.60618019e-01   0.0000
 -6.86102927e-01   0.0000
  2.78300047e-01   0.0000
 -1.93620980e-01   0.0000
 -2.23051876e-01   0.0000
 -4.98127401e-01   0.0000
 -3.61638218e-01   0.0000
  3.05270165e-01   0.0000
 -3.57083380e-02   0.0000
  4.29244578e-01   0.0000
 -9.32088971e-01   0.0000
 -5.80088757e-02   0.0000
  2.51560509e-01   0.0000
 -6.97151050e-02   0.0000
  2.31015787e-01   0.0000
 -5.77859171e-02   0.0000
  1.48544805e-02   0.0000
  2.41934597e-01   0.0000
  1.98056543e-04   0.0000
 -1.73382953e-01   0.0000
  2.34038740e-01   0.0000
  8.17043483e-02   0.0000
 -4.15811896e-01   0.0000
  7.35671580e-01   0.0000
  3.74075741e-01   0.0000
 -2.74447024e-01   0.0000
  2.19362244e-01   0.0000
  2.17399403e-01   0.0000
  1.16310008e-01   0.0000
  5.34016043e-02   0.0000
 -3.36809456e-01   0.0000
 -2.19878480e-01   0.0000
  4.67344046e-01   0.0000
 -3.40381265e-02   0.0000
 -4.56380904e-01   0.0000
 -2.48897702e-01   0.0000
 -3.07444394e-01   0.0000
  2.51442611e-01   0.0000
 -5.18577546e-03   0.0000
  3.76597345e-01   0.0000
  1.24770172e-01   0.0000
 -4.04170454e-01   0.0000
 -8.18836167e-02   0.0000
  6.40162587e-01   0.0000
 -9.48173832e-03   0.0000
 -8.03487837e-01   0.0000
  8.72788206e-02   0.0000
  6.29288256e-01   0.0000
  2.46008709e-01   0.0000
  1.76925734e-01   0.0000
  2.16707304e-01   0.0000
 -5.74956059e-01   0.0000
  7.81646788e-01   0.0000
 -4.82341707e-01   0.0000
  7.29223564e-02   0.0000
 -5.93303800e-01   0.0000
  2.82028943e-01   0.0000
  2.26619262e-02   0.0000
 -2.52641052e-01   0.0000
  5.25557518e-01   0.0000
  4.40386713e-01   0.0000
 -8.13807487e-01   0.0000
  1.57625675e-01   0.0000
  1.68328941e-01   0.0000
 -2.48699233e-01   0.0000
 -3.37213576e-01   0.0000
 -5.08416474e-01   0.0000
  1.36557841e+00   0.0000
  9.96854067e-01   0.0000
 -1.74577579e-01   0.0000
  9.71532166e-02   0.0000
  1.03761363e+00   0.0000
  4.32821736e-02   0.0000
 -6.43395722e-01   0.0000
 -4.53957438e-01   0.0000
  5.40198267e-01   0.0000
  3.25849771e-01   0.0000
  9.38282833e-02   0.0000
  2.59048134e-01   0.0000
 -2.55456328e-01   0.0000
  3.99281204e-01   0.0000
  7.84407198e-01   0.0000
 -6.20540679e-02   0.0000
  1.85094215e-02   0.0000
 -1.39456809e-01   0.0000
 -3.23640347e-01   0.0000
  1.17369819e+00   0.0000
  5.03634393e-01   0.0000
 -8.69758725e-01   0.0000
 -1.11311488e-01   0.0000
 -4.25914735e-01   0.0000
  1.01922274e+00   0.0000
  5.05312443e-01   0.0000
 -1.67478561e-01   0.0000
 -1.65947638e-02   0.0000
  4.96985286e-01   0.0000
 -1.06971674e-01   0.0000
 -3.80517751e-01   0.0000
 -4.03249592e-01   0.0000
  8.93120617e-02   0.0000
  1.10660267e+00   0.0000
  1.26048088e-01   0.0000
 -4.13638115e-01   0.0000
 -5.73448062e-01   0.0000
 -4.01720166e-01   0.0000
  9.37117696e-01   0.0000
  1.41954646e-02   0.0000
 -4.66699421e-01   0.0000
 -1.39328226e-01   0.0000
 -9.38064754e-01   0.0000
  7.18329668e-01   0.0000
  4.75057542e-01   0.0000
 -6.95133746e-01   0.0000
  6.45662487e-01   0.0000
  1.03713500e+00   0.0000
  1.05455029e+00   0.0000
  5.80551624e-01   0.0000
 -7.74197757e-01   0.0000
  3.74502182e-01   0.0000
  7.42587686e-01   0.0000
 -8.86274353e-02   0.0000
 -2.16802031e-01   0.0000
  7.92360067e-01   0.0000
 -1.02308357e+00   0.0000
  8.31417501e-01   0.0000
  3.45748037e-01   0.0000
 -8.95141900e-01   0.0000
 -1.07029355e+00   0.0000
 -4.13632020e-02   0.0000
  2.16776848e+00   0.0000
 -8.51152301e-01   0.0000
 -5.38415670e-01   0.0000
 -2.63223108e-02   0.0000
 -1.87349468e-02   0.0000
  4.08965141e-01   0.0000
  6.80108309e-01   0.0000
  2.51278609e-01   0.0000
  5.49393177e-01   0.0000
  6.27749145e-01   0.0000
 -1.39322817e-01   0.0000
 -1.16353966e-01   0.0000
 -3.87094885e-01   0.0000
  2.89915860e-01   0.0000
 -2.79824406e-01   0.0000
  1.05320752e-01   0.0000
 -3.00168097e-01   0.0000
  5.52202165e-01   0.0000
 -5.32540321e-01   0.0000
 -7.32606888e-01   0.0000
  1.39264360e-01   0.0000
  5.86161256e-01   0.0000
 -2.18791455e-01   0.0000
  1.09571949e-01   0.0000
  6.70344412e-01   0.0000
 -6.36601329e-01   0.0000
 -2.92196184e-01   0.0000
 -1.92675561e-01   0.0000
  1.90768197e-01   0.0000
  5.93546987e-01   0.0000
  4.64600384e-01   0.0000
 -4.08720821e-01   0.0000
 -1.00583184e+00   0.0000
 -9.20658469e-01   0.0000
 -4.11495626e-01   0.0000
 -3.44012342e-02   0.0000
 -5.97038046e-02   0.0000
  5.05228573e-03   0.0000
  8.20879713e-02   0.0000
  7.33540729e-02   0.0000
 -2.11261436e-02   0.0000
 -7.12703168e-02   0.0000
  1.07003748e+00   0.0000
  5.25639892e-01   0.0000
 -4.67103392e-01   0.0000
 -4.35373515e-01   0.0000
 -4.36034560e-01   0.0000
 -2.25886703e-01   0.0000
 -7.01443702e-02   0.0000
 -6.00811541e-01   0.0000
 -5.46470940e-01   0.0000
  5.36765065e-03   0.0000
 -4.98132497e-01   0.0000
  5.93664169e-01   0.0000
  1.18901066e-01   0.0000
  1.92317799e-01   0.0000
  4.73837048e-01   0.0000
  4.34504271e-01   0.0000
  4.67953444e-01   0.0000
 -9.99982804e-02   0.0000
 -2.74391681e-01   0.0000
 -2.35859334e-01   0.0000
  4.42272991e-01   0.0000
  3.34581316e-01   0.0000
  1.34416953e-01   0.0000
 -8.73882100e-02   0.0000
 -7.66439497e-01   0.0000
  4.98491138e-01   0.0000
  1.03434660e-01   0.0000
  2.94959217e-01   0.0000
 -6.53849125e-01   0.0000
  1.96703792e-01   0.0000
 -1.39529377e-01   0.0000
 -1.18855603e-01   0.0000
 -1.51556525e-02   0.0000
  4.45216149e-01   0.0000
  3.73699516e-01   0.0000
 -2.11833447e-01   0.0000
  6.08026505e-01   0.0000
  1.10410631e+00   0.0000
  6.55922830e-01   0.0000
  4.73647684e-01   0.0000
 -1.13238323e+00   0.0000
 -4.71635908e-01   0.0000
 -4.49638754e-01   0.0000
 -4.79655154e-02   0.0000
  1.00188114e-01   0.0000
 -7.65321136e-01   0.0000
  4.46675330e-01   0.0000
 -2.84455895e-01   0.0000
 -4.89973336e-01   0.0000
  5.49642183e-02   0.0000
 -3.11701447e-01   0.0000
 -8.04825842e-01   0.0000
 -8.55768025e-01   0.0000
  6.06731713e-01   0.0000
  8.23331811e-03   0.0000
 -4.33646798e-01   0.0000
 -5.12974220e-04   0.0000
  6.26021028e-02   0.0000
  3.55826952e-02   0.0000
  7.47884139e-02   0.0000
  3.37020457e-01   0.0000
  9.23595056e-02   0.0000
  1.12866953e-01   0.0000
  1.18141346e-01   0.0000
 -1.88825615e-02   0.0000
 -3.83333176e-01   0.0000
  3.34894061e-01   0.0000
  7.36278445e-02   0.0000
 -5.02449870e-01   0.0000
 -1.88762426e-01   0.0000
 -1.05239235e-01   0.0000
 -4.91725922e-01   0.0000
  2.47238100e-01   0.0000
 -3.39993417e-01   0.0000
 -5.27187362e-02   0.0000
 -5.53280711e-01   0.0000
  1.78793311e-01   0.0000
 -3.41614008e-01   0.0000
  6.09106123e-02   0.0000
  3.20740193e-01   0.0000
 -5.66312134e-01   0.0000
 -6.03048027e-01   0.0000
 -4.27083760e-01   0.0000
  4.26167011e-01   0.0000
  3.56183857e-01   0.0000
  1.74882159e-01   0.0000
  3.86268139e-01   0.0000
 -1.39676835e-02   0.0000
  3.68800342e-01   0.0000
  4.46765065e-01   0.0000
 -2.04747379e-01   0.0000
  8.76524568e-01   0.0000
  3.21225554e-01   0.0000
 -6.07479453e-01   0.0000
  7.56524563e-01   0.0000
  2.93882936e-01   0.0000
 -1.61180273e-01   0.0000
 -3.98024350e-01   0.0000
  5.20478606e-01   0.0000
  3.87908906e-01   0.0000
  5.26862442e-02   0.0000
 -1.02699935e+00   0.0000
  1.00702256e-01   0.0000
 -3.19026336e-02   0.0000
 -5.95796993e-03   0.0000
  1.71194106e-01   0.0000
  2.63800323e-01   0.0000
 -2.52923548e-01   0.0000
 -4.12469311e-03   0.0000
 -2.29441039e-02   0.0000
 -3.75158608e-01   0.0000
 -6.80362731e-02   0.0000
 -2.72576690e-01   0.0000
 -6.06385708e-01   0.0000
  3.86666536e-01   0.0000
  4.86315906e-01   0.0000
 -4.80361402e-01   0.0000
  5.99132180e-02   0.0000
 -2.68557638e-01   0.0000
 -1.42496154e-01   0.0000
  1.96144059e-01   0.0000
 -1.65024661e-02   0.0000
 -2.45516729e-02   0.0000
 -8.47675726e-02   0.0000
 -1.12131327e-01   0.0000
 -6.69871986e-01   0.0000
  1.72374278e-01   0.0000
  5.73968515e-02   0.0000
 -2.36762017e-01   0.0000
 -6.11732304e-01   0.0000
 -3.12887013e-01   0.0000
  6.34212971e-01   0.0000
  5.15069485e-01   0.0000
  3.36915046e-01   0.0000
  3.48423392e-01   0.0000
  3.00530568e-02   0.0000
  4.91412789e-01   0.0000
  1.86093777e-01   0.0000
 -2.66969174e-01   0.0000
  7.72490144e-01   0.0000
  2.93786079e-01   0.0000
 -3.62031609e-01   0.0000
  5.92172563e-01   0.0000
  3.07695419e-02   0.0000
 -1.76938817e-01   0.0000
 -7.59871379e-02   0.0000
  1.56816483e-01   0.0000
 -1.19826727e-01   0.0000
 -8.67657512e-02   0.0000
 -1.04932153e+00   0.0000
 -4.09400389e-02   0.0000
  7.08751798e-01   0.0000
 -8.38559419e-02   0.0000
  1.73868060e-01   0.0000
 -1.26801670e-01   0.0000
 -2.49508947e-01   0.0000
  2.13809282e-01   0.0000
  3.20930153e-01   0.0000
 -1.55590177e-01   0.0000
  2.40846962e-01   0.0000
 -2.32950337e-02   0.0000
  2.60198176e-01   0.0000
 -3.69756073e-01   0.0000
  2.19562545e-01   0.0000
  3.04596841e-01   0.0000
  9.36028734e-02   0.0000
 -2.48164445e-01   0.0000
  1.13192797e+00   0.0000
 -2.96349585e-01   0.0000
 -9.30835158e-02   0.0000
  1.25282705e-01   0.0000
  4.43140864e-01   0.0000
 -1.40071288e-01   0.0000
 -8.17945600e-01   0.0000
 -1.62913308e-01   0.0000
  4.78114992e-01   0.0000
 -1.31983429e-01   0.0000
 -2.42053047e-02   0.0000
  1.39869392e-01   0.0000
 -3.88139784e-02   0.0000
 -1.89735353e-01   0.0000
  6.82728514e-02   0.0000
 -1.62812471e-01   0.0000
 -1.67470127e-01   0.0000
  1.92803696e-01   0.0000
  7.11423218e-01   0.0000
 -5.67907512e-01   0.0000
 -4.16437835e-02   0.0000
  4.27587867e-01   0.0000
  1.51120484e-01   0.0000
  2.42419571e-01   0.0000
  8.61328661e-01   0.0000
 -3.02041680e-01   0.0000
  1.84019417e-01   0.0000
 -2.19517887e-01   0.0000
  8.93647432e-01   0.0000
 -1.65771231e-01   0.0000
  3.49147171e-01   0.0000
  1.32715523e-01   0.0000
 -1.23064034e-01   0.0000
 -1.21059520e-02   0.0000
 -1.67869911e-01   0.0000
 -9.52979177e-02   0.0000
  1.58678785e-01   0.0000
  7.58088604e-02   0.0000
  2.42856517e-02   0.0000
 -1.82677612e-01   0.0000
  1.16178475e-01   0.0000
 -2.21410811e-01   0.0000
 -4.79547948e-01   0.0000
  3.80913019e-01   0.0000
 -1.15794060e-03   0.0000
 -4.76229221e-01   0.0000
 -6.81586489e-02   0.0000
 -6.09040894e-02   0.0000
  2.43995994e-04   0.0000
  3.28985035e-01   0.0000
  4.70278524e-02   0.0000
 -2.01002866e-01   0.0000
 -3.80036205e-01   0.0000
  1.07217416e-01   0.0000
 -2.65062779e-01   0.0000
  9.81042385e-02   0.0000
  1.46837032e+00   0.0000
 -6.65161967e-01   0.0000
 -1.19491112e+00   0.0000
 -8.49302351e-01   0.0000
  9.14541781e-01   0.0000
  7.67986774e-01   0.0000
  3.16804051e-01   0.0000
  7.50244260e-01   0.0000
  3.84512603e-01   0.0000
  1.13194454e+00   0.0000
  1.46416497e+00   0.0000
 -1.20948124e+00   0.0000
  8.45060468e-01   0.0000
  8.79774332e-01   0.0000
 -9.64692175e-01   0.0000
  9.41764116e-01   0.0000
  1.48655128e+00   0.0000
 -1.05283940e+00   0.0000
 -5.81016481e-01   0.0000
  7.73126483e-01   0.0000
  1.52105737e+00   0.0000
 -3.63910124e-02   0.0000
 -8.34614575e-01   0.0000
 -3.45078349e-01   0.0000
  6.54569745e-01   0.0000
 -5.99210560e-01   0.0000
 -5.99043250e-01   0.0000
 -4.92081285e-01   0.0000
  5.40397108e-01   0.0000
  3.46508384e-01   0.0000
  4.36993837e-01   0.0000
  3.92571986e-01   0.0000
  1.23814858e-01   0.0000
  7.93578327e-01   0.0000
  6.36414826e-01   0.0000
 -7.15275109e-01   0.0000
  4.69075114e-01   0.0000
  4.47385013e-01   0.0000
 -5.50872326e-01   0.0000
  5.45476973e-01   0.0000
  6.04730070e-01   0.0000
 -6.85295939e-01   0.0000
 -2.04663634e-01   0.0000
  6.64493024e-01   0.0000
  6.67145610e-01   0.0000
  7.58587942e-02   0.0000
 -9.17008594e-02   0.0000
 -1.72256082e-01   0.0000
 -4.74886268e-01   0.0000
  1.67891942e-02   0.0000
 -7.87729919e-02   0.0000
  2.26447284e-02   0.0000
 -6.68845400e-02   0.0000
  9.22993347e-02   0.0000
 -1.91173315e-01   0.0000
 -2.95800762e-03   0.0000
  4.45918133e-03   0.0000
  4.84709218e-02   0.0000
 -4.52373177e-01   0.0000
  4.98564065e-01   0.0000
  1.23685293e-01   0.0000
 -4.86159444e-01   0.0000
  8.23347345e-02   0.0000
 -1.61732540e-01   0.0000
 -8.75082314e-01   0.0000
  1.26574099e-01   0.0000
 -6.52129501e-02   0.0000
  1.03947729e-01   0.0000
 -3.29000890e-01   0.0000
  2.06998304e-01   0.0000
 -1.72745481e-01   0.0000
  3.01567763e-01   0.0000
  4.57481951e-01   0.0000
  1.91040281e-02   0.0000
  8.30726922e-02   0.0000
 -4.73764315e-02   0.0000
  9.80754793e-02   0.0000
 -2.45912150e-01   0.0000
  6.05878569e-02   0.0000
  1.23620845e-01   0.0000
 -2.84353308e-02   0.0000
  2.76267260e-01   0.0000
  5.68911374e-01   0.0000
 -3.08345616e-01   0.0000
  4.40930307e-01   0.0000
  3.46302748e-01   0.0000
 -1.39149249e-01   0.0000
  9.91940647e-02   0.0000
  3.87977928e-01   0.0000
 -3.50136012e-01   0.0000
  5.60302520e-03   0.0000
 -9.25484076e-02   0.0000
  3.15146059e-01   0.0000
 -1.28987297e-01   0.0000
  9.95218456e-02   0.0000
 -6.31303266e-02   0.0000
 -2.91146990e-02   0.0000
 -1.75845489e-01   0.0000
 -2.98377156e-01   0.0000
 -2.87412882e-01   0.0000
  4.00619239e-01   0.0000
  2.34544218e-01   0.0000
  2.23281495e-02   0.0000
  6.29269555e-02   0.0000
 -9.27674212e-03   0.0000
  5.81317618e-02   0.0000
  2.26107880e-01   0.0000
  5.48552535e-02   0.0000
  2.01481000e-01   0.0000
 -1.44082978e-01   0.0000
 -3.27586308e-02   0.0000
  5.07342935e-01   0.0000
 -7.19844282e-01   0.0000
  6.04549004e-03   0.0000
 -1.66590989e-01   0.0000
  2.52693236e-01   0.0000
 -2.30449244e-01   0.0000
  2.20151469e-02   0.0000
 -8.67785454e-01   0.0000
 -2.83841163e-01   0.0000
  7.54217505e-02   0.0000
  4.99102205e-01   0.0000
  8.58059466e-01   0.0000
  8.50805223e-01   0.0000
 -6.42143428e-01   0.0000
 -6.35094106e-01   0.0000
 -3.59816611e-01   0.0000
 -5.84162891e-01   0.0000
 -1.21906353e-02   0.0000
 -7.56081104e-01   0.0000
 -4.83356595e-01   0.0000
  3.27450514e-01   0.0000
 -1.14580774e+00   0.0000
 -1.76456422e-01   0.0000
  4.67945546e-01   0.0000
 -9.62329268e-01   0.0000
 -1.90815359e-01   0.0000
  7.58976415e-02   0.0000
  6.18520319e-01   0.0000
 -3.28132510e-01   0.0000
 -5.77322841e-01   0.0000
 -1.16343714e-01   0.0000
  1.90554309e+00   0.0000
  1.14155315e-01   0.0000
 -4.28379864e-01   0.0000
  3.82506520e-01   0.0000
  2.32514739e-01   0.0000
  4.38433856e-01   0.0000
 -2.25656345e-01   0.0000
 -3.17220390e-01   0.0000
 -2.68598586e-01   0.0000
 -3.83731216e-01   0.0000
 -1.45047113e-01   0.0000
 -5.52776158e-01   0.0000
 -5.66790819e-01   0.0000
  4.68437910e-01   0.0000
 -1.76789477e-01   0.0000
 -4.36111569e-01   0.0000
  3.18949223e-01   0.0000
 -2.01837450e-01   0.0000
 -5.28833985e-01   0.0000
  5.09730756e-01   0.0000
  1.85888112e-02   0.0000
  2.67058797e-03   0.0000
 -3.57884020e-01   0.0000
  1.65377438e-01   0.0000
  3.66348624e-01   0.0000
 -3.27244401e-02   0.0000
 -4.66767281e-01   0.0000
  2.87724227e-01   0.0000
  1.07270233e-01   0.0000
  1.15956590e-02   0.0000
 -6.95410892e-02   0.0000
 -1.72756657e-01   0.0000
 -1.77813649e-01   0.0000
 -2.84113646e-01   0.0000
 -1.11574873e-01   0.0000
 -3.28348726e-01   0.0000
 -6.33316278e-01   0.0000
  6.14014804e-01   0.0000
  1.10901676e-01   0.0000
 -1.89754888e-01   0.0000
  2.40026414e-01   0.0000
 -1.53751791e-01   0.0000
 -1.00180991e-01   0.0000
  5.26186049e-01   0.0000
 -6.88736439e-02   0.0000
 -1.58989504e-01   0.0000
 -3.40938658e-01   0.0000
 -1.98940575e-01   0.0000
 -1.60750076e-01   0.0000
 -4.51959670e-02   0.0000
 -9.62924957e-01   0.0000
  2.57006168e-01   0.0000
  4.72704053e-01   0.0000
  3.63185644e-01   0.0000
 -3.75303924e-01   0.0000
 -2.98154145e-01   0.0000
 -1.38479933e-01   0.0000
 -2.54285693e-01   0.0000
 -2.41057590e-01   0.0000
 -5.09519756e-01   0.0000
 -8.96185100e-01   0.0000
  9.81323600e-01   0.0000
 -3.56933355e-01   0.0000
 -6.48956001e-01   0.0000
  2.83398092e-01   0.0000
 -5.57072461e-01   0.0000
 -8.84882510e-01   0.0000
  5.84110022e-01   0.0000
 -2.53278948e-02   0.0000
 -2.95017302e-01   0.0000
 -1.02487528e+00   0.0000
  1.11034565e-01   0.0000
  1.21558510e-01   0.0000
 -5.29316859e-03   0.0000
 -3.78335357e-01   0.0000
 -1.45113781e-01   0.0000
 -1.08022757e-01   0.0000
 -4.01606672e-02   0.0000
  8.03152323e-02   0.0000
 -1.67000204e-01   0.0000
  5.07675335e-02   0.0000
 -7.81049356e-02   0.0000
  1.61251763e-03   0.0000
 -9.19356644e-02   0.0000
 -1.42943025e-01   0.0000
  2.09298626e-01   0.0000
  7.59685319e-03   0.0000
 -9.84378904e-02   0.0000
  1.84394330e-01   0.0000
  1.90427095e-01   0.0000
 -6.17853224e-01   0.0000
  1.97617635e-01   0.0000
  1.66790336e-01   0.0000
  2.28978127e-01   0.0000
 -2.21172601e-01   0.0000
 -8.39180499e-02   0.0000
  3.61607790e-01   0.0000
  8.03266391e-02   0.0000
 -1.01149082e+00   0.0000
  4.11405832e-01   0.0000
  5.41622043e-01   0.0000
  5.70348322e-01   0.0000
 -7.70264149e-01   0.0000
 -2.80684412e-01   0.0000
 -5.12620747e-01   0.0000
 -5.00361204e-01   0.0000
 -3.18465114e-01   0.0000
 -6.94761097e-01   0.0000
 -8.31164539e-01   0.0000
  8.31311703e-01   0.0000
 -3.02029014e-01   0.0000
 -8.80300522e-01   0.0000
  4.17621315e-01   0.0000
 -6.76468194e-01   0.0000
 -9.61371303e-01   0.0000
  9.00146425e-01   0.0000
  2.82590389e-01   0.0000
 -6.25429332e-01   0.0000
 -1.01437342e+00   0.0000
  7.80864209e-02   0.0000
  5.01316369e-01   0.0000
  2.71706641e-01   0.0000
  5.82768261e-01   0.0000
 -3.52772444e-01   0.0000
 -2.63659447e-01   0.0000
 -2.06086174e-01   0.0000
  2.67117053e-01   0.0000
  2.68808156e-01   0.0000
  2.45961085e-01   0.0000
  1.94471672e-01   0.0000
 -1.01982348e-01   0.0000
  3.50127399e-01   0.0000
  7.20386326e-01   0.0000
 -5.73151708e-01   0.0000
  6.37092948e-01   0.0000
  6.99701250e-01   0.0000
 -2.89009541e-01   0.0000
  2.85465360e-01   0.0000
  9.57269311e-01   0.0000
 -3.72303218e-01   0.0000
  3.68370786e-02   0.0000
  5.23413420e-02   0.0000
  5.81063330e-01   0.0000
 -1.29893115e-02   0.0000
 -4.58345711e-01   0.0000
 -1.45286351e-01   0.0000
 -3.41528296e-01   0.0000
  3.18247885e-01   0.0000
  2.88975835e-01   0.0000
  1.82255536e-01   0.0000
 -1.48029819e-01   0.0000
 -2.63620466e-01   0.0000
 -2.37162814e-01   0.0000
 -5.31999357e-02   0.0000
  1.12881452e-01   0.0000
 -1.49758637e-01   0.0000
 -3.72450680e-01   0.0000
  5.19375086e-01   0.0000
 -2.70838022e-01   0.0000
 -4.40464348e-01   0.0000
  4.33542967e-01   0.0000
 -2.05899268e-01   0.0000
 -7.76777089e-01   0.0000
  3.17988485e-01   0.0000
  1.22215422e-02   0.0000
  3.49381678e-02   0.0000
 -7.30483472e-01   0.0000
  9.39494893e-02   0.0000
  7.29264677e-01   0.0000
  2.48944297e-01   0.0000
  8.58065188e-01   0.0000
 -6.48746267e-02   0.0000
 -2.48902261e-01   0.0000
 -8.23077708e-02   0.0000
 -1.66378096e-01   0.0000
 -1.16572268e-01   0.0000
  2.89236009e-01   0.0000
 -6.73499145e-03   0.0000
  2.75363196e-02   0.0000
  4.03779984e-01   0.0000
  6.82626545e-01   0.0000
 -7.63019502e-01   0.0000
 -4.53194827e-01   0.0000
  8.59125912e-01   0.0000
  1.23245567e-02   0.0000
  4.04638462e-02   0.0000
  1.24224687e+00   0.0000
 -6.11922920e-01   0.0000
  1.46269649e-01   0.0000
  7.74760470e-02   0.0000
  9.16174769e-01   0.0000
 -4.80253808e-02   0.0000
  4.91329432e-01   0.0000
 -6.90276995e-02   0.0000
  5.29101789e-01   0.0000
 -1.71046387e-02   0.0000
  4.02796157e-02   0.0000
 -1.03142850e-01   0.0000
  1.37006685e-01   0.0000
  1.99850574e-01   0.0000
  2.96655837e-02   0.0000
  1.05422750e-01   0.0000
 -1.46335080e-01   0.0000
  3.48165482e-02   0.0000
  3.50177199e-01   0.0000
 -2.52484351e-01   0.0000
 -1.07414223e-01   0.0000
  4.32767004e-01   0.0000
 -2.44989574e-01   0.0000
 -4.96500097e-02   0.0000
  6.45397842e-01   0.0000
 -4.48636323e-01   0.0000
 -2.47755915e-01   0.0000
  8.45504999e-02   0.0000
  8.02002370e-01   0.0000
 -1.99661538e-01   0.0000
 -1.19473375e-01   0.0000
  6.12052437e-03   0.0000
 -4.67209458e-01   0.0000
  3.09089720e-01   0.0000
  1.17532969e-01   0.0000
  9.38199311e-02   0.0000
  4.13196236e-02   0.0000
 -7.08518848e-02   0.0000
 -4.07423973e-02   0.0000
 -3.52679998e-01   0.0000
 -7.46307522e-02   0.0000
 -1.40638083e-01   0.0000
 -2.64932573e-01   0.0000
  8.91238824e-02   0.0000
 -2.90380388e-01   0.0000
 -4.49469149e-01   0.0000
  3.49912971e-01   0.0000
 -6.34670928e-02   0.0000
 -3.29144090e-01   0.0000
  3.88896048e-01   0.0000
  1.24889046e-01   0.0000
 -2.74301738e-01   0.0000
 -2.84040540e-01   0.0000
 -2.28361022e-02   0.0000
  1.78980395e-01   0.0000
 -1.45085584e-02   0.0000
 -4.83844370e-01   0.0000
  2.39248976e-01   0.0000
  1.84628129e-01   0.0000
  2.05132723e-01   0.0000
 -1.23955376e-01   0.0000
 -3.26588511e-01   0.0000
 -5.47853746e-02   0.0000
 -1.12185832e-02   0.0000
 -2.65025437e-01   0.0000
 -2.26533070e-01   0.0000
 -3.64878471e-03   0.0000
  5.71598187e-02   0.0000
 -1.60700098e-01   0.0000
 -4.05883864e-02   0.0000
  4.02093202e-01   0.0000
 -9.33151320e-02   0.0000
 -1.51983276e-01   0.0000
  2.38823459e-01   0.0000
  6.35878295e-02   0.0000
 -2.71429598e-01   0.0000
 -2.46761423e-02   0.0000
  5.73479943e-02   0.0000
  4.35613602e-01   0.0000
 -4.48123887e-02   0.0000
  8.02737940e-03   0.0000
  2.07541347e-01   0.0000
  4.32813764e-01   0.0000
  3.77959818e-01   0.0000
 -2.94959158e-01   0.0000
 -4.17698890e-01   0.0000
 -1.65244818e-01   0.0000
  8.45429767e-03   0.0000
 -1.15138203e-01   0.0000
 -1.76738828e-01   0.0000
 -8.39055404e-02   0.0000
  4.33054492e-02   0.0000
 -8.79285216e-01   0.0000
  1.94700882e-01   0.0000
  1.91981822e-01   0.0000
 -3.00601453e-01   0.0000
  9.62909758e-02   0.0000
 -3.82787995e-02   0.0000
  3.83665301e-02   0.0000
 -9.81443152e-02   0.0000
 -1.39308140e-01   0.0000
 -2.48908531e-03   0.0000
  7.49858260e-01   0.0000
 -1.84139594e-01   0.0000
 -2.20414424e+00   0.0000
  1.39537048e+00   0.0000
  1.99197984e+00   0.0000
  1.65907252e+00   0.0000
 -1.78816164e+00   0.0000
 -1.43266261e+00   0.0000
 -9.08449829e-01   0.0000
 -1.29622257e+00   0.0000
 -3.21516514e-01   0.0000
 -1.90374553e+00   0.0000
 -2.43595362e+00   0.0000
  2.10773110e+00   0.0000
 -2.20050859e+00   0.0000
 -1.75283623e+00   0.0000
  1.63037562e+00   0.0000
 -2.07443547e+00   0.0000
 -2.61868739e+00   0.0000
  1.72939456e+00   0.0000
  8.86886179e-01   0.0000
 -1.29875004e+00   0.0000
 -2.52526426e+00   0.0000
 -4.53901254e-02   0.0000
  2.72499537e+00   0.0000
  3.27568620e-01   0.0000
  0.00000000e+00   0.0000

