 5 0.000000 1
 1 
 Si 28.085500
 0 0.250000 4.500000 1.000000 2.000000 
 5 0 1 2 3 4
 6 -0.50000 0.01000 0.50000 6.00000 7.00000 8.00000
 1 12.169200 6.172630 3.114710 0.755675 0.404939 0.036124 0.650018 0.572890
 4 30 24 24 1
 -2.20866054e-01   0.0000
  7.55928904e-02   0.0000
  8.81365657e-01   0.0000
 -1.00520349e+00   0.0000
 -9.94907677e-01   0.0000
 -2.98348144e-02   0.0000
  8.41934443e-01   0.0000
 -2.50080395e+00   0.0000
 -1.35955560e+00   0.0000
  1.16927437e-01   0.0000
  7.39917815e-01   0.0000
 -7.88184106e-01   0.0000
 -3.78143013e-01   0.0000
  1.41982198e-01   0.0000
 -3.61891329e-01   0.0000
 -5.71331561e-01   0.0000
  8.95040557e-02   0.0000
  1.34830475e+00   0.0000
 -9.23188776e-02   0.0000
  2.96278447e-01   0.0000
 -1.31705534e+00   0.0000
  1.74801454e-01   0.0000
  1.04758132e+00   0.0000
 -9.35342848e-01   0.0000
 -1.52117476e-01   0.0000
 -3.92949671e-01   0.0000
 -4.99099225e-01   0.0000
 -1.65973052e-01   0.0000
 -2.54883498e-01   0.0000
 -1.48398638e-01   0.0000
 -2.39203855e-01   0.0000
  5.21979630e-01   0.0000
  1.23102561e-01   0.0000
 -2.26911187e-01   0.0000
  6.97088957e-01   0.0000
 -2.64492065e-01   0.0000
  1.13168582e-01   0.0000
  3.55200493e-04   0.0000
  1.09517746e-01   0.0000
 -5.74508607e-01   0.0000
 -3.03630263e-01   0.0000
 -5.54733276e-01   0.0000
  8.01094055e-01   0.0000
  3.52839641e-02   0.0000
  5.57639182e-01   0.0000
  7.54401386e-01   0.0000
 -4.74872142e-01   0.0000
 -6.86415792e-01   0.0000
 -4.90115553e-01   0.0000
 -1.17183685e+00   0.0000
 -1.12028781e-03   0.0000
 -5.23500204e-01   0.0000
  6.58720285e-02   0.0000
 -3.63367945e-01   0.0000
  3.95358019e-02   0.0000
  1.77383339e+00   0.0000
  1.18974590e+00   0.0000
 -7.45411575e-01   0.0000
  2.80508041e-01   0.0000
 -2.63819009e-01   0.0000
  1.27419484e+00   0.0000
  1.37989089e-01   0.0000
 -2.83585012e-01   0.0000
  1.38574481e-01   0.0000
 -2.10850269e-01   0.0000
 -9.08320010e-01   0.0000
 -2.25001439e-01   0.0000
  6.07502937e-01   0.0000
  2.71026659e+00   0.0000
  4.53600377e-01   0.0000
 -4.07365501e-01   0.0000
  1.43620774e-01   0.0000
 -3.88688922e-01   0.0000
 -1.20436454e+00   0.0000
 -9.59286511e-01   0.0000
  4.29414243e-01   0.0000
 -6.60544774e-03   0.0000
 -7.68898800e-02   0.0000
  1.97484776e-01   0.0000
  1.19525230e+00   0.0000
 -5.13506472e-01   0.0000
 -1.70920655e-01   0.0000
  7.41934553e-02   0.0000
 -5.88572025e-01   0.0000
  1.28764617e+00   0.0000
  1.46942914e-01   0.0000
 -7.24838078e-01   0.0000
 -5.09838760e-02   0.0000
 -5.69893181e-01   0.0000
  4.19277027e-02   0.0000
 -1.97269678e-01   0.0000
  1.54132992e-01   0.0000
  1.00877905e+00   0.0000
  2.18600146e-02   0.0000
 -4.75837588e-01   0.0000
  1.13801010e-01   0.0000
  1.02135018e-02   0.0000
  2.17866823e-01   0.0000
  3.77348959e-01   0.0000
 -3.29045802e-01   0.0000
 -3.19235057e-01   0.0000
  7.03769386e-01   0.0000
  4.05655146e-01   0.0000
 -7.32725203e-01   0.0000
 -1.61325082e-01   0.0000
  3.18535179e-01   0.0000
  3.25859427e-01   0.0000
 -6.92272961e-01   0.0000
  2.83519566e-01   0.0000
 -4.90822375e-01   0.0000
 -9.01752651e-01   0.0000
 -1.41958505e-01   0.0000
  7.14195296e-02   0.0000
  5.00406623e-01   0.0000
 -6.95731163e-01   0.0000
  2.39248686e-02   0.0000
 -7.83127785e-01   0.0000
  2.44396836e-01   0.0000
  1.41555935e-01   0.0000
  2.42394507e-01   0.0000
 -1.69442773e-01   0.0000
 -6.32959977e-02   0.0000
  3.68844062e-01   0.0000
  5.27133822e-01   0.0000
 -1.24003939e-01   0.0000
  7.77365088e-01   0.0000
  1.86374247e-01   0.0000
  3.95053357e-01   0.0000
  4.24480498e-01   0.0000
  2.69637823e-01   0.0000
  3.91377300e-01   0.0000
 -7.89534748e-01   0.0000
  4.50538360e-02   0.0000
 -3.21374238e-01   0.0000
 -1.13674843e+00   0.0000
 -8.58453870e-01   0.0000
  2.75655657e-01   0.0000
 -3.69974911e-01   0.0000
  1.07316002e-01   0.0000
  1.37904748e-01   0.0000
  1.13006331e-01   0.0000
  1.65469587e-01   0.0000
  1.43003538e-01   0.0000
 -3.22493196e-01   0.0000
 -8.80034864e-02   0.0000
 -2.82954484e-01   0.0000
 -4.02743995e-01   0.0000
  5.68747044e-01   0.0000
  7.61746541e-02   0.0000
 -2.80388445e-01   0.0000
 -4.12835121e-01   0.0000
 -2.08341912e-03   0.0000
 -6.48027778e-01   0.0000
 -1.53282955e-01   0.0000
 -1.15838675e-02   0.0000
 -2.41157115e-01   0.0000
 -1.61327660e-01   0.0000
  6.61286771e-01   0.0000
 -2.55035728e-01   0.0000
 -2.55378962e-01   0.0000
  2.27662846e-01   0.0000
  3.85057032e-01   0.0000
 -1.34763449e-01   0.0000
 -1.06475102e-02   0.0000
 -7.25587830e-02   0.0000
 -8.75300467e-01   0.0000
 -3.51439007e-02   0.0000
  1.45656699e-02   0.0000
  1.57220230e-01   0.0000
 -3.39334995e-01   0.0000
 -1.40025079e-01   0.0000
  8.70927498e-02   0.0000
  5.33993602e-01   0.0000
 -2.40354270e-01   0.0000
 -3.14515650e-01   0.0000
  5.07371128e-01   0.0000
  1.60484910e-01   0.0000
  1.19316205e-02   0.0000
 -1.06182963e-01   0.0000
 -1.34200960e-01   0.0000
  1.47987694e-01   0.0000
  8.89116585e-01   0.0000
 -4.49562997e-01   0.0000
 -5.22620380e-01   0.0000
 -3.16157699e-01   0.0000
 -2.47866392e-01   0.0000
 -4.91589338e-01   0.0000
 -2.01922566e-01   0.0000
  2.50946403e-01   0.0000
 -1.18706012e+00   0.0000
 -6.11709468e-02   0.0000
 -5.51127672e-01   0.0000
  4.01188552e-01   0.0000
 -4.60721314e-01   0.0000
  1.47627711e-01   0.0000
 -3.97543311e-01   0.0000
  2.48433918e-01   0.0000
  1.43510491e-01   0.0000
 -5.07090762e-02   0.0000
  1.60655928e+00   0.0000
  5.90010405e-01   0.0000
  3.68121535e-01   0.0000
 -3.41755420e-01   0.0000
 -1.64251968e-01   0.0000
  5.26856542e-01   0.0000
  1.15329266e+00   0.0000
 -5.51018953e-01   0.0000
 -2.51881331e-01   0.0000
 -5.08049607e-01   0.0000
 -5.25458395e-01   0.0000
 -7.67715037e-01   0.0000
 -1.13035351e-01   0.0000
 -4.40208688e-02   0.0000
 -1.38085973e+00   0.0000
 -2.68617481e-01   0.0000
 -1.16674435e+00   0.0000
 -1.13913350e-01   0.0000
 -3.64244990e-02   0.0000
 -3.94712269e-01   0.0000
 -1.26851529e-01   0.0000
  2.10258722e-01   0.0000
  6.70994103e-01   0.0000
 -5.69501281e-01   0.0000
  3.07490617e-01   0.0000
  9.13433656e-02   0.0000
  1.14780866e-01   0.0000
  4.08828884e-01   0.0000
  2.81053007e-01   0.0000
  1.29406083e+00   0.0000
  6.37867689e-01   0.0000
 -5.97759187e-01   0.0000
 -1.21312015e-01   0.0000
 -3.67142290e-01   0.0000
 -2.21628353e-01   0.0000
 -3.87533009e-01   0.0000
  2.08106562e-02   0.0000
 -6.03641212e-01   0.0000
 -7.81525493e-01   0.0000
 -1.79100037e-01   0.0000
 -8.71875048e-01   0.0000
  3.10506970e-02   0.0000
 -1.00513481e-01   0.0000
 -4.47685510e-01   0.0000
  1.82562560e-01   0.0000
 -3.14273894e-01   0.0000
  3.54908824e-01   0.0000
 -6.58549547e-01   0.0000
 -1.19102977e-01   0.0000
  2.07936037e-02   0.0000
 -7.81571150e-01   0.0000
  2.21471973e-02   0.0000
  2.84698486e-01   0.0000
 -1.12905391e-01   0.0000
  7.09762335e-01   0.0000
 -3.02271038e-01   0.0000
 -1.49291113e-01   0.0000
  6.90727830e-01   0.0000
 -1.19635407e-02   0.0000
  2.47160807e-01   0.0000
  1.29896283e-01   0.0000
 -2.87767440e-01   0.0000
  7.52291754e-02   0.0000
 -1.71817839e-01   0.0000
  5.88831306e-01   0.0000
 -1.62634432e-01   0.0000
  3.81447524e-01   0.0000
 -5.78276336e-01   0.0000
 -3.29334825e-01   0.0000
 -2.47587934e-01   0.0000
 -1.39439222e-03   0.0000
 -4.26368982e-01   0.0000
  8.26838166e-02   0.0000
  8.83066654e-02   0.0000
 -1.10349572e+00   0.0000
 -2.07415462e-01   0.0000
  6.54051304e-01   0.0000
  1.29972965e-01   0.0000
  2.19083712e-01   0.0000
 -1.63766295e-01   0.0000
 -8.81041735e-02   0.0000
  1.01786840e+00   0.0000
  3.11456949e-01   0.0000
  2.55436569e-01   0.0000
  3.97297323e-01   0.0000
 -1.40329748e-01   0.0000
 -1.27737895e-01   0.0000
 -1.12153046e-01   0.0000
  1.14195931e+00   0.0000
 -3.47327366e-02   0.0000
 -7.55813718e-02   0.0000
  5.67419171e-01   0.0000
 -2.88366705e-01   0.0000
 -4.48311299e-01   0.0000
 -4.26818490e-01   0.0000
  4.30012316e-01   0.0000
 -5.50734758e-01   0.0000
  5.34972772e-02   0.0000
  6.12312436e-01   0.0000
 -1.67917535e-02   0.0000
  1.00468852e-01   0.0000
  4.04084444e-01   0.0000
  4.30642039e-01   0.0000
  3.75719294e-02   0.0000
  1.77876711e-01   0.0000
  9.69760358e-01   0.0000
  2.90108383e-01   0.0000
  7.40684122e-02   0.0000
  6.00285113e-01   0.0000
 -8.77651155e-01   0.0000
  2.55703032e-01   0.0000
 -5.67303538e-01   0.0000
  4.34810460e-01   0.0000
 -3.77341032e-01   0.0000
 -2.33901113e-01   0.0000
  6.50142670e-01   0.0000
  3.34592432e-01   0.0000
  2.01515909e-02   0.0000
 -4.27210182e-01   0.0000
  2.01459676e-01   0.0000
 -2.74166375e-01   0.0000
 -2.16703445e-01   0.0000
  2.63442427e-01   0.0000
  6.80094883e-02   0.0000
 -9.26878601e-02   0.0000
 -2.00065002e-01   0.0000
  3.52345198e-01   0.0000
 -4.60508078e-01   0.0000
  1.81732979e-02   0.0000
  5.79676390e-01   0.0000
 -4.09963727e-01   0.0000
  1.40151739e-01   0.0000
  5.02304196e-01   0.0000
 -2.98294812e-01   0.0000
  2.97427237e-01   0.0000
 -6.62272632e-01   0.0000
 -4.03958470e-01   0.0000
 -1.50512144e-01   0.0000
 -3.64998937e-01   0.0000
  8.50936592e-01   0.0000
  1.03617060e+00   0.0000
 -2.45958880e-01   0.0000
 -1.26064330e-01   0.0000
  3.31187367e-01   0.0000
  8.57110381e-01   0.0000
  1.96079731e-01   0.0000
 -2.47132555e-01   0.0000
  4.66218963e-02   0.0000
 -5.17376125e-01   0.0000
 -1.17702854e+00   0.0000
  4.68652725e-01   0.0000
 -7.10784256e-01   0.0000
  2.42979780e-01   0.0000
  6.83965087e-01   0.0000
  1.89058930e-02   0.0000
 -2.00132653e-01   0.0000
 -4.04096134e-02   0.0000
 -6.54455200e-02   0.0000
 -2.47831017e-01   0.0000
 -9.36250091e-01   0.0000
 -3.78709376e-01   0.0000
  6.63889721e-02   0.0000
  3.08728755e-01   0.0000
  6.67908132e-01   0.0000
 -5.44952571e-01   0.0000
 -4.78841692e-01   0.0000
  2.35669717e-01   0.0000
 -4.40953970e-01   0.0000
 -1.41062215e-01   0.0000
  3.22892994e-01   0.0000
 -4.15307820e-01   0.0000
  2.98115879e-01   0.0000
  4.97421086e-01   0.0000
  4.79519576e-01   0.0000
 -2.22580954e-01   0.0000
  8.11618268e-02   0.0000
 -3.49142313e-01   0.0000
  4.99421775e-01   0.0000
 -7.11729348e-01   0.0000
  2.17275620e-01   0.0000
  6.74803317e-01   0.0000
 -5.26987135e-01   0.0000
  3.39987367e-01   0.0000
  1.21277101e-01   0.0000
 -7.98951983e-01   0.0000
 -5.63111007e-01   0.0000
  5.16340256e-01   0.0000
  5.68242297e-02   0.0000
  3.48535061e-01   0.0000
 -3.04749042e-01   0.0000
 -3.22739363e-01   0.0000
 -1.26888499e-01   0.0000
 -1.35518894e-01   0.0000
 -4.74299520e-01   0.0000
 -8.76059160e-02   0.0000
  8.36591274e-02   0.0000
  6.30054414e-01   0.0000
 -2.78324664e-01   0.0000
 -2.47606978e-01   0.0000
  9.09106955e-02   0.0000
  6.49344772e-02   0.0000
  3.47836167e-01   0.0000
  7.30547607e-01   0.0000
  1.34368479e-01   0.0000
  6.02284744e-02   0.0000
  5.27395248e-01   0.0000
  1.32863373e-01   0.0000
 -1.03024013e-01   0.0000
  3.62241328e-01   0.0000
 -2.94491649e-01   0.0000
  3.45715821e-01   0.0000
 -2.59997457e-01   0.0000
 -6.70456141e-02   0.0000
 -5.11608183e-01   0.0000
 -8.08724239e-02   0.0000
  2.11927906e-01   0.0000
  8.86457935e-02   0.0000
  1.69446558e-01   0.0000
  4.85395128e-03   0.0000
  2.38944307e-01   0.0000
  3.99769843e-01   0.0000
  1.07560672e-01   0.0000
 -4.74823803e-01   0.0000
 -1.71978727e-01   0.0000
  4.10569489e-01   0.0000
  8.49597812e-01   0.0000
 -1.88949257e-01   0.0000
 -6.34245455e-01   0.0000
 -2.16939360e-01   0.0000
  2.99010426e-01   0.0000
  5.98333538e-01   0.0000
 -7.33736157e-01   0.0000
  1.10558391e-01   0.0000
 -2.30282888e-01   0.0000
 -7.90891647e-01   0.0000
  4.59504426e-01   0.0000
  5.15657067e-01   0.0000
 -2.68848002e-01   0.0000
  2.79331446e-01   0.0000
  4.25155401e-01   0.0000
 -2.13293493e-01   0.0000
  2.00069491e-02   0.0000
 -3.29441816e-01   0.0000
  6.66098177e-01   0.0000
  2.08952874e-01   0.0000
 -5.86747348e-01   0.0000
  9.32711959e-02   0.0000
 -4.51273084e-01   0.0000
 -4.84083205e-01   0.0000
  3.95744026e-01   0.0000
  5.75975657e-01   0.0000
  1.67675644e-01   0.0000
 -6.40146434e-01   0.0000
 -4.81834263e-01   0.0000
 -1.05508268e-02   0.0000
  2.47415707e-01   0.0000
  1.15866184e+00   0.0000
  4.45278771e-02   0.0000
 -7.90111542e-01   0.0000
 -2.79919893e-01   0.0000
  5.83424270e-01   0.0000
  1.25022888e-01   0.0000
 -1.80820405e-01   0.0000
  2.88580745e-01   0.0000
 -7.78298900e-02   0.0000
 -1.23643531e-02   0.0000
 -1.45588744e+00   0.0000
  3.90797943e-01   0.0000
  6.44129515e-01   0.0000
 -2.42673308e-01   0.0000
 -2.60260046e-01   0.0000
 -4.67266858e-01   0.0000
 -8.70488524e-01   0.0000
  5.32837868e-01   0.0000
  6.34394120e-04   0.0000
  3.55020985e-02   0.0000
 -5.83197594e-01   0.0000
  1.08950645e-01   0.0000
  1.45593464e-01   0.0000
  1.84822947e-01   0.0000
  1.41935837e+00   0.0000
  9.49298441e-02   0.0000
 -1.13414466e+00   0.0000
  1.36905804e-01   0.0000
  1.25466719e-01   0.0000
 -4.82330948e-01   0.0000
 -3.20596963e-01   0.0000
  4.93196845e-01   0.0000
 -1.18450254e-01   0.0000
 -8.02981436e-01   0.0000
 -2.22678113e+00   0.0000
  2.56898284e-01   0.0000
  4.71167445e-01   0.0000
  6.22544289e-01   0.0000
 -5.63787460e-01   0.0000
 -8.07156026e-01   0.0000
 -4.24157381e-01   0.0000
  4.58883852e-01   0.0000
  4.54411469e-02   0.0000
 -6.09646559e-01   0.0000
 -3.31796050e-01   0.0000
 -7.43987691e-03   0.0000
  4.52625066e-01   0.0000
  1.39390871e-01   0.0000
  1.68770456e+00   0.0000
 -8.25199634e-02   0.0000
 -1.18591629e-01   0.0000
  3.06239396e-01   0.0000
 -3.35432589e-01   0.0000
  3.81624162e-01   0.0000
 -5.11356413e-01   0.0000
 -2.05405086e-01   0.0000
 -1.46951586e-01   0.0000
  6.67825937e-01   0.0000
 -6.40227079e-01   0.0000
 -2.94209123e-01   0.0000
  7.42808044e-01   0.0000
 -2.51189113e-01   0.0000
 -2.05296218e-01   0.0000
  4.11833733e-01   0.0000
 -2.18700513e-01   0.0000
  3.48726571e-01   0.0000
 -4.03141707e-01   0.0000
 -1.81083053e-01   0.0000
 -4.20873016e-01   0.0000
 -5.75594783e-01   0.0000
  1.24530420e-01   0.0000
  1.26345769e-01   0.0000
  1.75397351e-01   0.0000
 -5.56297600e-01   0.0000
 -6.51459470e-02   0.0000
  2.27844983e-01   0.0000
  5.68638816e-02   0.0000
  1.58437327e-01   0.0000
  2.28539295e-02   0.0000
 -1.39996335e-01   0.0000
  2.51703151e-02   0.0000
 -2.88125873e-01   0.0000
 -4.03143419e-03   0.0000
  3.30111712e-01   0.0000
  1.48002952e-01   0.0000
 -5.84433079e-01   0.0000
  6.21284485e-01   0.0000
  3.75026941e-01   0.0000
 -2.16221198e-01   0.0000
  2.00301915e-01   0.0000
  2.88826346e-01   0.0000
  1.08177558e-01   0.0000
  3.10545624e-03   0.0000
  4.57408354e-02   0.0000
 -1.02610216e-01   0.0000
  2.48187929e-01   0.0000
 -8.60130936e-02   0.0000
 -8.22966918e-02   0.0000
 -2.68371627e-02   0.0000
 -8.36293623e-02   0.0000
 -9.06791538e-02   0.0000
 -9.45466906e-02   0.0000
  2.06113711e-01   0.0000
  3.00706804e-01   0.0000
 -2.41963103e-01   0.0000
  3.39154936e-02   0.0000
  4.12809253e-01   0.0000
  4.22645420e-01   0.0000
 -3.67570430e-01   0.0000
  4.62550782e-02   0.0000
  5.62255442e-01   0.0000
  4.84148741e-01   0.0000
  1.91316485e-01   0.0000
  1.18149973e-01   0.0000
 -5.91555178e-01   0.0000
  3.22994798e-01   0.0000
 -1.41774029e-01   0.0000
 -9.06014964e-02   0.0000
 -3.21042627e-01   0.0000
  5.37947528e-02   0.0000
  4.87978384e-02   0.0000
 -2.55508840e-01   0.0000
  7.61915743e-01   0.0000
  2.52100229e-01   0.0000
 -7.23387659e-01   0.0000
 -2.52004236e-01   0.0000
  1.78101391e-01   0.0000
 -4.21510905e-01   0.0000
 -4.69569147e-01   0.0000
 -7.12764919e-01   0.0000
  1.48086751e+00   0.0000
  8.70561779e-01   0.0000
 -4.48727816e-01   0.0000
  5.57562560e-02   0.0000
  9.42048311e-01   0.0000
  5.21354042e-02   0.0000
 -7.18486726e-01   0.0000
 -4.48529541e-01   0.0000
  6.40758693e-01   0.0000
  2.17001572e-01   0.0000
  3.32293622e-02   0.0000
  5.13428338e-02   0.0000
 -5.29514134e-01   0.0000
  4.36401993e-01   0.0000
  7.95541584e-01   0.0000
 -7.43742734e-02   0.0000
  1.42161757e-01   0.0000
 -1.77399158e-01   0.0000
 -1.08182259e-01   0.0000
  1.06819642e+00   0.0000
  3.91283423e-01   0.0000
 -1.06488931e+00   0.0000
  1.58235908e-01   0.0000
 -8.61181840e-02   0.0000
  1.01241922e+00   0.0000
  1.46133199e-01   0.0000
 -2.49898136e-01   0.0000
 -1.21540941e-01   0.0000
  4.22605306e-01   0.0000
 -1.07209139e-01   0.0000
 -3.57456267e-01   0.0000
 -3.85209233e-01   0.0000
 -6.86939582e-02   0.0000
  8.72168601e-01   0.0000
  1.34625971e-01   0.0000
 -3.26271802e-01   0.0000
 -5.79378784e-01   0.0000
 -4.73414958e-01   0.0000
  9.22188640e-01   0.0000
 -6.85392320e-02   0.0000
 -6.70792997e-01   0.0000
  4.04838696e-02   0.0000
 -5.14579654e-01   0.0000
  1.07422161e+00   0.0000
  9.90218371e-02   0.0000
 -5.99858642e-01   0.0000
  4.45030272e-01   0.0000
  7.59345651e-01   0.0000
  8.30670774e-01   0.0000
 -5.40605113e-02   0.0000
 -4.50667560e-01   0.0000
  1.87602371e-01   0.0000
  8.11851025e-01   0.0000
 -9.87546220e-02   0.0000
  1.59677878e-01   0.0000
  5.34375548e-01   0.0000
 -9.04729247e-01   0.0000
  6.82400465e-01   0.0000
  2.18530610e-01   0.0000
 -6.88954353e-01   0.0000
 -5.46386182e-01   0.0000
  6.06360473e-02   0.0000
  2.14637780e+00   0.0000
 -8.24190199e-01   0.0000
 -7.68094361e-01   0.0000
 -1.56143652e-02   0.0000
  6.40991032e-02   0.0000
  2.42955133e-01   0.0000
  7.95437038e-01   0.0000
  2.41451159e-01   0.0000
  7.60132730e-01   0.0000
  5.83712697e-01   0.0000
 -2.22440049e-01   0.0000
 -2.84814119e-01   0.0000
 -5.57744861e-01   0.0000
  2.30650932e-01   0.0000
 -2.09306423e-02   0.0000
  7.16702119e-02   0.0000
 -3.67238402e-01   0.0000
  6.41786098e-01   0.0000
 -5.86711228e-01   0.0000
 -3.63148868e-01   0.0000
 -2.59043239e-02   0.0000
  7.48994410e-01   0.0000
 -1.16885558e-01   0.0000
  2.40592733e-01   0.0000
  4.58936483e-01   0.0000
 -6.46632969e-01   0.0000
 -2.07404360e-01   0.0000
 -1.43348441e-01   0.0000
 -1.67044044e-01   0.0000
  6.25290632e-01   0.0000
  4.61475402e-01   0.0000
 -3.19267273e-01   0.0000
 -1.41246200e+00   0.0000
 -8.72158825e-01   0.0000
 -1.28529564e-01   0.0000
  1.83870550e-02   0.0000
 -2.81278878e-01   0.0000
  9.15715322e-02   0.0000
  2.58659691e-01   0.0000
  1.73984021e-01   0.0000
 -2.54906803e-01   0.0000
  6.43424839e-02   0.0000
  1.00795650e+00   0.0000
  1.46796003e-01   0.0000
 -1.88405722e-01   0.0000
 -3.75715405e-01   0.0000
 -4.07626331e-01   0.0000
 -2.59579420e-01   0.0000
  2.73241490e-01   0.0000
 -5.53783536e-01   0.0000
 -4.31906134e-01   0.0000
 -1.71672091e-01   0.0000
 -3.68594676e-01   0.0000
  5.26390791e-01   0.0000
 -1.03355348e-02   0.0000
  3.46790940e-01   0.0000
  6.68049097e-01   0.0000
  4.28560436e-01   0.0000
  6.13919914e-01   0.0000
  9.22113732e-02   0.0000
 -3.79705369e-01   0.0000
 -2.52574116e-01   0.0000
  1.06643163e-01   0.0000
  9.20399800e-02   0.0000
  3.78927082e-01   0.0000
 -3.42828512e-01   0.0000
 -6.31244898e-01   0.0000
  6.25280917e-01   0.0000
  2.18597859e-01   0.0000
  6.14267327e-02   0.0000
 -7.89411962e-01   0.0000
 -1.13028474e-02   0.0000
  7.08241686e-02   0.0000
 -3.93069565e-01   0.0000
 -1.24819107e-01   0.0000
  9.67444405e-02   0.0000
  5.70076227e-01   0.0000
 -6.42414451e-01   0.0000
  8.06826651e-01   0.0000
  1.13668358e+00   0.0000
  7.36487031e-01   0.0000
  3.47889215e-01   0.0000
 -1.25710928e+00   0.0000
 -6.05436079e-02   0.0000
 -7.53073692e-01   0.0000
 -1.58894703e-01   0.0000
  3.22055697e-01   0.0000
 -8.09845328e-01   0.0000
  4.27586675e-01   0.0000
 -2.56712496e-01   0.0000
 -7.62863874e-01   0.0000
  2.66584828e-02   0.0000
 -1.27974153e-01   0.0000
 -9.24190342e-01   0.0000
 -1.16701841e+00   0.0000
  4.83611941e-01   0.0000
  1.17234759e-01   0.0000
 -3.55175406e-01   0.0000
  7.09419549e-02   0.0000
  1.70614511e-01   0.0000
  1.67336464e-01   0.0000
  1.54711725e-02   0.0000
  2.71275371e-01   0.0000
  6.84521273e-02   0.0000
  8.57431814e-02   0.0000
  1.21864416e-01   0.0000
 -2.63279546e-02   0.0000
 -2.44991511e-01   0.0000
  2.32889190e-01   0.0000
 -4.38855030e-02   0.0000
 -4.11200583e-01   0.0000
 -1.02302790e-01   0.0000
 -1.62313864e-01   0.0000
 -4.31985378e-01   0.0000
  1.61975771e-01   0.0000
 -3.19420904e-01   0.0000
 -8.62509608e-02   0.0000
 -3.87715429e-01   0.0000
  2.02184781e-01   0.0000
 -6.82075694e-02   0.0000
  8.47910494e-02   0.0000
  2.23216027e-01   0.0000
 -4.75310564e-01   0.0000
 -4.62380290e-01   0.0000
 -2.62938172e-01   0.0000
  2.93473601e-01   0.0000
  1.92332044e-01   0.0000
  8.98780152e-02   0.0000
  3.28791797e-01   0.0000
 -4.45241556e-02   0.0000
  2.43245199e-01   0.0000
  4.13356245e-01   0.0000
 -1.45250455e-01   0.0000
  7.15834022e-01   0.0000
  2.74590313e-01   0.0000
 -4.70480382e-01   0.0000
  6.47341669e-01   0.0000
  1.58132419e-01   0.0000
 -9.22715887e-02   0.0000
 -3.22557271e-01   0.0000
  4.85389173e-01   0.0000
  3.17798764e-01   0.0000
  5.92868030e-02   0.0000
 -8.87051344e-01   0.0000
  1.57115147e-01   0.0000
 -7.28644356e-02   0.0000
 -8.74447227e-02   0.0000
  9.27459151e-02   0.0000
  2.30671823e-01   0.0000
 -2.02156261e-01   0.0000
  1.01599678e-01   0.0000
  8.91706254e-03   0.0000
 -3.68398637e-01   0.0000
 -7.85517097e-02   0.0000
 -2.37277165e-01   0.0000
 -5.94529629e-01   0.0000
  4.18716908e-01   0.0000
  4.32207465e-01   0.0000
 -5.10955513e-01   0.0000
 -8.08395445e-03   0.0000
 -2.09666699e-01   0.0000
 -3.50105047e-01   0.0000
  1.75111428e-01   0.0000
 -8.87282714e-02   0.0000
  5.96842822e-03   0.0000
 -1.97779506e-01   0.0000
 -1.25588313e-01   0.0000
 -5.23084581e-01   0.0000
  1.80958778e-01   0.0000
  1.75390765e-02   0.0000
 -2.73983508e-01   0.0000
 -6.58559918e-01   0.0000
 -3.39391381e-01   0.0000
  6.70586288e-01   0.0000
  5.47008753e-01   0.0000
  3.73099536e-01   0.0000
  3.82559001e-01   0.0000
  1.38225155e-02   0.0000
  5.66360712e-01   0.0000
  2.25291818e-01   0.0000
 -2.39293084e-01   0.0000
  5.95279574e-01   0.0000
  3.21000606e-01   0.0000
 -3.71249139e-01   0.0000
  6.10241055e-01   0.0000
  2.96610668e-02   0.0000
 -1.96513265e-01   0.0000
 -7.03837350e-02   0.0000
  1.32863224e-01   0.0000
 -6.70256419e-03   0.0000
 -9.69103500e-02   0.0000
 -9.33522403e-01   0.0000
 -2.24650837e-02   0.0000
  5.08630574e-01   0.0000
 -1.23330697e-01   0.0000
  9.27836895e-02   0.0000
 -2.32545599e-01   0.0000
 -1.31553575e-01   0.0000
  3.02536249e-01   0.0000
  3.88622165e-01   0.0000
 -1.03445560e-01   0.0000
  2.80901253e-01   0.0000
  7.93351792e-03   0.0000
  2.60599166e-01   0.0000
 -4.25438672e-01   0.0000
  1.07234776e-01   0.0000
  2.67067403e-01   0.0000
 -1.45974448e-02   0.0000
 -3.90487872e-02   0.0000
  9.11988616e-01   0.0000
 -3.47082257e-01   0.0000
 -1.04244575e-01   0.0000
  2.10788742e-01   0.0000
  4.13646489e-01   0.0000
 -1.59525111e-01   0.0000
 -5.81665039e-01   0.0000
 -2.11176291e-01   0.0000
  4.35891241e-01   0.0000
 -1.66829541e-01   0.0000
 -2.81318575e-02   0.0000
  1.36005312e-01   0.0000
 -8.35409909e-02   0.0000
 -1.88846156e-01   0.0000
  5.47946207e-02   0.0000
 -1.72496885e-01   0.0000
 -1.85660750e-01   0.0000
  2.56818891e-01   0.0000
  5.97930729e-01   0.0000
 -5.16085207e-01   0.0000
 -6.41827211e-02   0.0000
  3.62483531e-01   0.0000
  1.02016762e-01   0.0000
  1.88664317e-01   0.0000
  8.15028191e-01   0.0000
 -2.89372683e-01   0.0000
  2.04376414e-01   0.0000
 -2.21422166e-01   0.0000
  7.13159978e-01   0.0000
 -1.88460737e-01   0.0000
  2.36578897e-01   0.0000
  1.77992702e-01   0.0000
 -2.38004968e-01   0.0000
 -1.80164911e-02   0.0000
 -1.14284761e-01   0.0000
 -1.03259102e-01   0.0000
  1.26159221e-01   0.0000
  1.55633479e-01   0.0000
  7.00711925e-03   0.0000
 -1.50266454e-01   0.0000
  1.22815482e-01   0.0000
 -1.60093620e-01   0.0000
 -2.86223829e-01   0.0000
  4.70480502e-01   0.0000
  4.95884791e-02   0.0000
 -4.17800516e-01   0.0000
 -7.29215965e-02   0.0000
 -6.63971528e-02   0.0000
 -3.26754510e-01   0.0000
  3.81553680e-01   0.0000
  2.36248765e-02   0.0000
 -2.06648439e-01   0.0000
 -3.52624387e-01   0.0000
  1.22713260e-01   0.0000
 -1.24966666e-01   0.0000
  8.63198340e-02   0.0000
  1.31438303e+00   0.0000
 -6.74646735e-01   0.0000
 -1.24445462e+00   0.0000
 -8.84722769e-01   0.0000
  9.44128394e-01   0.0000
  8.36641788e-01   0.0000
  2.93989748e-01   0.0000
  7.48878658e-01   0.0000
  4.08717364e-01   0.0000
  1.09276986e+00   0.0000
  1.36713874e+00   0.0000
 -1.04984796e+00   0.0000
  8.91410291e-01   0.0000
  7.80767441e-01   0.0000
 -1.02500308e+00   0.0000
  9.36040103e-01   0.0000
  1.35075688e+00   0.0000
 -9.53836083e-01   0.0000
 -6.15481853e-01   0.0000
  7.59341300e-01   0.0000
  1.39562476e+00   0.0000
 -4.29052636e-02   0.0000
 -9.03537631e-01   0.0000
 -3.58514905e-01   0.0000
  6.26677454e-01   0.0000
 -5.40162861e-01   0.0000
 -5.06278694e-01   0.0000
 -4.02183801e-01   0.0000
  4.51874763e-01   0.0000
  3.12316597e-01   0.0000
  3.98016036e-01   0.0000
  2.84281731e-01   0.0000
  1.08252183e-01   0.0000
  6.54227495e-01   0.0000
  7.25198984e-01   0.0000
 -8.08668435e-01   0.0000
  5.93096733e-01   0.0000
  4.83007908e-01   0.0000
 -4.27995324e-01   0.0000
  4.31547105e-01   0.0000
  6.63684070e-01   0.0000
 -6.57602251e-01   0.0000
 -1.68895125e-01   0.0000
  5.93679845e-01   0.0000
  6.31955504e-01   0.0000
  8.56586918e-02   0.0000
 -1.63764551e-01   0.0000
 -1.65100232e-01   0.0000
 -5.20667255e-01   0.0000
  2.90630944e-02   0.0000
 -6.77054897e-02   0.0000
 -6.77047158e-03   0.0000
 -1.33279739e-02   0.0000
  1.06601581e-01   0.0000
 -2.01744482e-01   0.0000
  1.23210968e-02   0.0000
  1.76232085e-02   0.0000
  4.72920351e-02   0.0000
 -6.15559518e-01   0.0000
  4.28109437e-01   0.0000
  1.47223756e-01   0.0000
 -5.26022077e-01   0.0000
  4.82210033e-02   0.0000
 -2.06122071e-01   0.0000
 -6.74012244e-01   0.0000
  1.13861941e-01   0.0000
 -6.97132647e-02   0.0000
  8.46117213e-02   0.0000
 -2.58191675e-01   0.0000
  2.35139504e-01   0.0000
 -2.56713748e-01   0.0000
  3.43143970e-01   0.0000
  3.96568716e-01   0.0000
  1.65005513e-02   0.0000
  8.33895504e-02   0.0000
 -1.00772135e-01   0.0000
  9.89991277e-02   0.0000
 -1.94084555e-01   0.0000
  7.78236613e-02   0.0000
  1.55181110e-01   0.0000
 -2.71752160e-02   0.0000
  2.72575140e-01   0.0000
  5.34683049e-01   0.0000
 -1.56492725e-01   0.0000
  4.09123093e-01   0.0000
  2.79801399e-01   0.0000
 -1.98337182e-01   0.0000
  8.85507688e-02   0.0000
  2.48885944e-01   0.0000
 -2.24503174e-01   0.0000
 -1.67956557e-02   0.0000
 -1.13554254e-01   0.0000
  1.36178747e-01   0.0000
 -1.46019399e-01   0.0000
 -6.33069947e-02   0.0000
 -8.11067894e-02   0.0000
 -4.38320227e-02   0.0000
 -1.74994886e-01   0.0000
 -3.31190675e-01   0.0000
 -2.57958055e-01   0.0000
  3.94818187e-01   0.0000
  9.31428522e-02   0.0000
  2.27103883e-04   0.0000
  5.46856001e-02   0.0000
 -2.17144955e-02   0.0000
  6.48188367e-02   0.0000
  2.68803369e-02   0.0000
  1.90561906e-01   0.0000
  9.50588882e-02   0.0000
 -1.35864168e-01   0.0000
 -4.54582907e-02   0.0000
  4.31719750e-01   0.0000
 -3.54669631e-01   0.0000
  1.26644284e-01   0.0000
 -9.93207097e-02   0.0000
  2.41697431e-01   0.0000
 -1.23863988e-01   0.0000
  2.36376263e-02   0.0000
 -4.03312325e-01   0.0000
 -3.33823502e-01   0.0000
 -1.49532929e-02   0.0000
  4.13767368e-01   0.0000
  6.69702888e-01   0.0000
  7.18741000e-01   0.0000
 -4.72630352e-01   0.0000
 -4.30699319e-01   0.0000
 -3.22804838e-01   0.0000
 -5.04488885e-01   0.0000
  1.07994024e-02   0.0000
 -7.07815588e-01   0.0000
 -5.69091737e-01   0.0000
  3.50695252e-01   0.0000
 -8.83245170e-01   0.0000
 -1.42169148e-01   0.0000
  2.97971427e-01   0.0000
 -8.75191450e-01   0.0000
 -1.67246982e-01   0.0000
  1.24686830e-01   0.0000
  5.74758470e-01   0.0000
 -2.63852000e-01   0.0000
 -6.14037991e-01   0.0000
 -1.31052196e-01   0.0000
  1.17864835e+00   0.0000
  9.90450829e-02   0.0000
 -2.18034565e-01   0.0000
  3.67468745e-01   0.0000
  1.52108639e-01   0.0000
  3.78120273e-01   0.0000
 -1.48316711e-01   0.0000
 -2.20288500e-01   0.0000
 -2.35286847e-01   0.0000
 -3.90919864e-01   0.0000
 -1.54035926e-01   0.0000
 -5.23111880e-01   0.0000
 -3.69958133e-01   0.0000
  3.64734590e-01   0.0000
  1.63471010e-02   0.0000
 -3.40142816e-01   0.0000
  2.25424185e-01   0.0000
 -2.27014534e-02   0.0000
 -3.38916510e-01   0.0000
  4.10200715e-01   0.0000
 -5.75049743e-02   0.0000
  1.74306184e-02   0.0000
 -1.43115327e-01   0.0000
  1.87403634e-01   0.0000
  2.24795863e-01   0.0000
 -5.97206876e-02   0.0000
 -2.53454208e-01   0.0000
  3.05587500e-01   0.0000
  9.27444696e-02   0.0000
 -1.54548371e-02   0.0000
 -4.18007895e-02   0.0000
 -1.69697374e-01   0.0000
 -1.92897826e-01   0.0000
 -2.90601373e-01   0.0000
 -1.12531409e-01   0.0000
 -2.80463189e-01   0.0000
 -3.85619342e-01   0.0000
  4.70592946e-01   0.0000
  1.61763266e-01   0.0000
 -2.67814212e-02   0.0000
  2.58664906e-01   0.0000
 -5.34477048e-02   0.0000
 -1.00670792e-01   0.0000
  4.34028387e-01   0.0000
 -8.85862336e-02   0.0000
 -1.26490399e-01   0.0000
 -2.73055583e-01   0.0000
 -2.25255698e-01   0.0000
 -1.54624283e-01   0.0000
 -8.48308280e-02   0.0000
 -6.53839111e-01   0.0000
  1.55693725e-01   0.0000
  3.88097793e-01   0.0000
  3.10154706e-01   0.0000
 -2.81882316e-01   0.0000
 -3.31384420e-01   0.0000
 -6.31147102e-02   0.0000
 -2.01668963e-01   0.0000
 -2.46141657e-01   0.0000
 -3.63970965e-01   0.0000
 -6.12469137e-01   0.0000
  7.36434758e-01   0.0000
 -3.36036593e-01   0.0000
 -4.97606277e-01   0.0000
  2.18892798e-01   0.0000
 -4.11736101e-01   0.0000
 -6.04457915e-01   0.0000
  3.60869467e-01   0.0000
 -7.36863241e-02   0.0000
 -1.98518470e-01   0.0000
 -7.57342339e-01   0.0000
  1.28472075e-01   0.0000
  3.62206072e-01   0.0000
 -3.86082716e-02   0.0000
 -4.24099416e-01   0.0000
 -1.22083105e-01   0.0000
 -1.02696724e-01   0.0000
 -1.54588539e-02   0.0000
  7.86793455e-02   0.0000
 -1.20159201e-01   0.0000
  2.45642625e-02   0.0000
 -1.15200132e-01   0.0000
 -2.54015010e-02   0.0000
 -1.38470456e-01   0.0000
 -7.93883801e-02   0.0000
  1.12007201e-01   0.0000
  1.22220479e-01   0.0000
 -1.05972350e-01   0.0000
  2.57454813e-01   0.0000
  1.40104100e-01   0.0000
 -3.92879933e-01   0.0000
  2.59423137e-01   0.0000
  1.76321879e-01   0.0000
  1.84485868e-01   0.0000
 -1.84712619e-01   0.0000
 -9.63510647e-02   0.0000
  6.82752803e-02   0.0000
  1.15766428e-01   0.0000
 -8.58178616e-01   0.0000
  3.78659755e-01   0.0000
  5.21315396e-01   0.0000
  5.77042460e-01   0.0000
 -8.02374065e-01   0.0000
 -3.00665885e-01   0.0000
 -5.10972202e-01   0.0000
 -4.68676358e-01   0.0000
 -3.34564239e-01   0.0000
 -6.12358212e-01   0.0000
 -7.50963688e-01   0.0000
  7.05167770e-01   0.0000
 -3.79220814e-01   0.0000
 -8.11969995e-01   0.0000
  4.01164502e-01   0.0000
 -6.85243368e-01   0.0000
 -7.05215633e-01   0.0000
  8.02249610e-01   0.0000
  2.90647089e-01   0.0000
 -5.99485576e-01   0.0000
 -8.30604613e-01   0.0000
  8.91000554e-02   0.0000
  5.89995980e-01   0.0000
  2.82121480e-01   0.0000
  6.25596881e-01   0.0000
 -4.60855663e-01   0.0000
 -3.47188830e-01   0.0000
 -3.26828748e-01   0.0000
  3.68324548e-01   0.0000
  3.15020710e-01   0.0000
  3.63839120e-01   0.0000
  2.30140865e-01   0.0000
 -1.02021486e-01   0.0000
  4.49564874e-01   0.0000
  5.96219659e-01   0.0000
 -5.62753201e-01   0.0000
  5.83168745e-01   0.0000
  6.58046484e-01   0.0000
 -4.10932332e-01   0.0000
  4.88452911e-01   0.0000
  9.58841383e-01   0.0000
 -3.44696969e-01   0.0000
  1.47520695e-02   0.0000
  1.32353425e-01   0.0000
  4.83481079e-01   0.0000
 -1.30291386e-02   0.0000
 -1.64872795e-01   0.0000
 -1.91754907e-01   0.0000
 -2.71384448e-01   0.0000
  2.97988772e-01   0.0000
  2.01942414e-01   0.0000
  6.48870692e-02   0.0000
 -1.06749028e-01   0.0000
 -1.13971256e-01   0.0000
 -2.41287559e-01   0.0000
 -3.22055668e-02   0.0000
  1.40138820e-01   0.0000
 -1.72573581e-01   0.0000
 -4.04899865e-01   0.0000
  5.18060684e-01   0.0000
 -3.27517301e-01   0.0000
 -4.57913905e-01   0.0000
  3.99928778e-01   0.0000
 -2.48764560e-01   0.0000
 -6.64888501e-01   0.0000
  2.57822812e-01   0.0000
 -2.88987048e-02   0.0000
  7.38764405e-02   0.0000
 -6.75435543e-01   0.0000
  1.07942775e-01   0.0000
  2.55771309e-01   0.0000
  2.83485860e-01   0.0000
  5.26346147e-01   0.0000
 -9.39645991e-02   0.0000
 -2.74056584e-01   0.0000
 -1.17505498e-01   0.0000
 -1.17867000e-01   0.0000
 -5.19737229e-02   0.0000
  3.27053368e-01   0.0000
  2.15290114e-02   0.0000
  3.56711708e-02   0.0000
  4.22270447e-01   0.0000
  5.22345364e-01   0.0000
 -6.86282814e-01   0.0000
 -3.05920810e-01   0.0000
  7.14187622e-01   0.0000
 -2.04455131e-03   0.0000
  1.36970669e-01   0.0000
  9.19949174e-01   0.0000
 -4.54174489e-01   0.0000
  1.25751033e-01   0.0000
  1.06941953e-01   0.0000
  7.36496747e-01   0.0000
 -5.43522723e-02   0.0000
  2.89255232e-01   0.0000
 -1.06071331e-01   0.0000
  3.55807960e-01   0.0000
 -9.77868736e-02   0.0000
 -6.87078908e-02   0.0000
 -1.53469935e-01   0.0000
  2.85598844e-01   0.0000
  2.37200812e-01   0.0000
  5.74210994e-02   0.0000
  2.35315189e-01   0.0000
 -1.40563846e-01   0.0000
  1.07692473e-01   0.0000
  1.80723742e-01   0.0000
 -2.28909217e-02   0.0000
  6.01147413e-02   0.0000
  2.88462609e-01   0.0000
 -3.39950353e-01   0.0000
  2.14943029e-02   0.0000
  2.86042213e-01   0.0000
 -2.79864699e-01   0.0000
 -3.14712554e-01   0.0000
  2.05408782e-01   0.0000
  4.32690322e-01   0.0000
 -2.25031674e-01   0.0000
 -1.02322726e-02   0.0000
 -1.58966444e-02   0.0000
 -3.21822613e-01   0.0000
  3.73738497e-01   0.0000
  1.74228624e-01   0.0000
  1.27071604e-01   0.0000
  3.24539132e-02   0.0000
 -1.02093153e-01   0.0000
 -2.90544052e-02   0.0000
 -3.65370333e-01   0.0000
 -7.47372657e-02   0.0000
 -1.45243317e-01   0.0000
 -2.15395719e-01   0.0000
  3.31337601e-02   0.0000
 -7.18596056e-02   0.0000
 -3.76791567e-01   0.0000
  3.76850128e-01   0.0000
  2.57505812e-02   0.0000
 -3.26211929e-01   0.0000
  4.30082977e-01   0.0000
  1.20416462e-01   0.0000
 -2.60182738e-01   0.0000
 -2.87494123e-01   0.0000
 -2.51312088e-02   0.0000
 -6.94465265e-02   0.0000
 -4.07664999e-02   0.0000
 -4.78878468e-01   0.0000
  2.10310698e-01   0.0000
  1.81176305e-01   0.0000
  1.26779661e-01   0.0000
 -1.25512451e-01   0.0000
 -2.76184410e-01   0.0000
 -8.32212809e-03   0.0000
  1.07912794e-02   0.0000
 -2.95449615e-01   0.0000
 -2.05888048e-01   0.0000
 -7.35920593e-02   0.0000
  1.63880527e-01   0.0000
 -2.33318344e-01   0.0000
 -5.79889752e-02   0.0000
  3.21490496e-01   0.0000
 -6.51196465e-02   0.0000
 -1.53570130e-01   0.0000
  2.30054051e-01   0.0000
  2.16979962e-02   0.0000
 -1.78617403e-01   0.0000
 -4.09879610e-02   0.0000
  6.57183155e-02   0.0000
  4.23380852e-01   0.0000
 -4.91534248e-02   0.0000
  3.42418030e-02   0.0000
  2.18914002e-01   0.0000
  5.31695604e-01   0.0000
  3.99493188e-01   0.0000
 -3.63946825e-01   0.0000
 -4.25542623e-01   0.0000
 -1.86226487e-01   0.0000
 -1.46441227e-02   0.0000
 -1.41530067e-01   0.0000
 -2.88491637e-01   0.0000
 -1.12790488e-01   0.0000
  1.39704064e-01   0.0000
 -7.79081106e-01   0.0000
  1.82638407e-01   0.0000
  1.50610924e-01   0.0000
 -3.56707692e-01   0.0000
  9.29960608e-02   0.0000
  2.22145300e-02   0.0000
 -1.80406068e-02   0.0000
 -1.86944395e-01   0.0000
 -1.83374673e-01   0.0000
 -3.90865654e-03   0.0000
  7.72325218e-01   0.0000
 -2.16432452e-01   0.0000
 -1.85971022e+00   0.0000
  1.29836237e+00   0.0000
  1.89604199e+00   0.0000
  1.57559252e+00   0.0000
 -1.71233737e+00   0.0000
 -1.35157442e+00   0.0000
 -8.60792756e-01   0.0000
 -1.18134832e+00   0.0000
 -2.43994102e-01   0.0000
 -1.76769292e+00   0.0000
 -2.15425539e+00   0.0000
  1.87640381e+00   0.0000
 -2.05398917e+00   0.0000
 -1.49777222e+00   0.0000
  1.56271279e+00   0.0000
 -1.95601189e+00   0.0000
 -2.13389039e+00   0.0000
  1.53530252e+00   0.0000
  8.02448452e-01   0.0000
 -1.17702568e+00   0.0000
 -2.15989780e+00   0.0000
 -1.14741148e-02   0.0000
  2.31398225e+00   0.0000
  3.42974722e-01   0.0000
  0.00000000e+00   0.0000

