 5 0.000000 1
 1 
 Si 28.085500
 0 0.250000 4.500000 1.000000 1.500000 
 5 0 1 2 3 4
 6 1.00000 1.25000 1.50000 1.75000 4.50000 4.75000
 1 12.169200 6.172630 3.114710 0.755675 0.404939 0.036124 0.650018 0.572890
 4 30 24 24 1
 -8.47293973e-01   0.0000
  9.48284686e-01   0.0000
 -8.77812564e-01   0.0000
 -2.32286692e+00   0.0000
  4.48756367e-02   0.0000
 -6.22149110e-01   0.0000
  6.47434533e-01   0.0000
  1.46547973e+00   0.0000
  8.43287557e-02   0.0000
 -1.40940881e+00   0.0000
 -2.77623117e-01   0.0000
 -2.94763386e-01   0.0000
 -4.42988694e-01   0.0000
  3.69840884e+00   0.0000
 -2.13264301e-01   0.0000
  1.52256355e-01   0.0000
  2.35668635e+00   0.0000
  1.50588226e+00   0.0000
  2.03323102e+00   0.0000
  6.20569992e+00   0.0000
 -5.44987679e-01   0.0000
  9.61900294e-01   0.0000
  8.53345931e-01   0.0000
  2.62320369e-01   0.0000
  1.05027914e+00   0.0000
  1.09443665e+00   0.0000
 -3.46637100e-01   0.0000
  7.07744181e-01   0.0000
  7.06448793e-01   0.0000
 -9.74322021e-01   0.0000
 -6.60852730e-01   0.0000
  1.81225228e+00   0.0000
  3.41124415e-01   0.0000
 -1.47887006e-01   0.0000
  7.35352397e-01   0.0000
 -2.60574162e-01   0.0000
 -5.37631214e-01   0.0000
  3.44796598e-01   0.0000
 -2.92586029e-01   0.0000
  6.08586133e-01   0.0000
  1.63632765e-01   0.0000
  1.56074917e+00   0.0000
  2.08636928e+00   0.0000
  1.29439175e+00   0.0000
 -5.76948822e-01   0.0000
  1.50095689e+00   0.0000
  8.38382781e-01   0.0000
  2.37579018e-01   0.0000
  5.47157526e-01   0.0000
  1.01854074e+00   0.0000
  7.65115380e-01   0.0000
  1.43410611e+00   0.0000
  2.13708594e-01   0.0000
 -2.46675447e-01   0.0000
 -4.42270637e-01   0.0000
  2.41004181e+00   0.0000
  1.30050763e-01   0.0000
  2.69371176e-05   0.0000
 -9.23018064e-03   0.0000
 -6.24149978e-01   0.0000
 -1.85921773e-01   0.0000
 -1.24476278e+00   0.0000
 -6.11010969e-01   0.0000
  1.00355995e+00   0.0000
 -5.86927295e-01   0.0000
 -6.15359470e-02   0.0000
  1.68972778e+00   0.0000
 -1.99723315e+00   0.0000
 -4.38692689e-01   0.0000
  2.06625986e+00   0.0000
  3.92258584e-01   0.0000
  7.13822424e-01   0.0000
  1.36231378e-01   0.0000
  8.97340953e-01   0.0000
  1.81633711e+00   0.0000
  1.43348485e-01   0.0000
  1.22648261e-01   0.0000
  1.11636376e+00   0.0000
  3.30992460e-01   0.0000
  2.40830183e+00   0.0000
 -6.14134848e-01   0.0000
  8.01241994e-01   0.0000
 -1.18643999e+00   0.0000
 -2.41211057e-01   0.0000
 -3.96251500e-01   0.0000
 -1.45428371e+00   0.0000
 -1.17587888e+00   0.0000
  7.60621130e-01   0.0000
 -9.60840702e-01   0.0000
 -1.56312275e+00   0.0000
  2.25043714e-01   0.0000
 -4.19533873e+00   0.0000
 -4.35673952e-01   0.0000
  1.76479006e+00   0.0000
  8.01919997e-02   0.0000
  1.48177910e+00   0.0000
 -8.60741973e-01   0.0000
  2.83391666e+00   0.0000
  1.37100506e+00   0.0000
 -1.94418505e-02   0.0000
  6.07681155e-01   0.0000
 -1.72706807e+00   0.0000
  7.80623794e-01   0.0000
  1.94997978e+00   0.0000
  6.34874582e-01   0.0000
  1.86849281e-01   0.0000
  9.79095101e-01   0.0000
  1.10515192e-01   0.0000
 -1.14107192e+00   0.0000
 -6.25060439e-01   0.0000
 -2.89545730e-02   0.0000
  5.45902312e-01   0.0000
 -5.38552463e-01   0.0000
 -2.33044311e-01   0.0000
  1.82527936e+00   0.0000
 -9.72127020e-01   0.0000
 -8.59512150e-01   0.0000
  1.60973608e+00   0.0000
  8.78503799e-01   0.0000
  3.16393048e-01   0.0000
 -1.30303100e-01   0.0000
  1.46885133e+00   0.0000
  7.69291461e-01   0.0000
 -6.10572100e-01   0.0000
  1.98100343e-01   0.0000
  1.32843387e+00   0.0000
 -5.38882434e-01   0.0000
  1.61959291e+00   0.0000
 -1.22687459e+00   0.0000
 -1.43253669e-01   0.0000
  2.01328129e-01   0.0000
  1.84100121e-01   0.0000
 -5.67412019e-01   0.0000
  4.59244341e-01   0.0000
  6.00593746e-01   0.0000
  5.26322126e-01   0.0000
  4.37635332e-01   0.0000
 -3.13143171e-02   0.0000
  1.25911534e+00   0.0000
  1.92710578e+00   0.0000
  7.68080831e-01   0.0000
  1.08602250e+00   0.0000
 -2.57574320e-01   0.0000
  1.43520272e+00   0.0000
 -2.92016044e-02   0.0000
 -8.70635331e-01   0.0000
  1.11209467e-01   0.0000
  9.45620179e-01   0.0000
 -4.07929271e-01   0.0000
  9.50828612e-01   0.0000
  4.54711884e-01   0.0000
  2.68946707e-01   0.0000
 -5.93847454e-01   0.0000
  4.43873346e-01   0.0000
  8.23881090e-01   0.0000
 -1.25583470e-01   0.0000
 -5.08928439e-03   0.0000
  1.94865450e-01   0.0000
 -5.49200952e-01   0.0000
  2.70323336e-01   0.0000
 -1.98306546e-01   0.0000
 -1.41661239e+00   0.0000
  3.62409025e-01   0.0000
  4.55008298e-01   0.0000
  1.79030740e+00   0.0000
 -1.13200426e-01   0.0000
  4.93743896e-01   0.0000
  3.72290984e-02   0.0000
  4.82658029e-01   0.0000
 -8.17973018e-01   0.0000
 -6.72780722e-02   0.0000
  9.33625340e-01   0.0000
 -3.87592614e-01   0.0000
 -8.01197410e-01   0.0000
  3.96768421e-01   0.0000
  3.47740799e-01   0.0000
  5.50511241e-01   0.0000
  4.59851205e-01   0.0000
  9.89941835e-01   0.0000
 -6.31135643e-01   0.0000
  2.61986852e-01   0.0000
  6.58265501e-02   0.0000
 -5.16424596e-01   0.0000
  4.10376340e-01   0.0000
  4.15666811e-02   0.0000
 -9.14492249e-01   0.0000
  7.78370082e-01   0.0000
  2.73140091e-02   0.0000
  1.36157191e+00   0.0000
 -3.76654714e-01   0.0000
  1.23894179e+00   0.0000
 -1.25819162e-01   0.0000
  7.20239699e-01   0.0000
 -4.31182146e-01   0.0000
 -6.42468333e-02   0.0000
  9.76928890e-01   0.0000
 -4.64885503e-01   0.0000
 -1.18626595e+00   0.0000
  2.47573447e+00   0.0000
  5.14888205e-02   0.0000
  1.40838265e+00   0.0000
  5.00171661e-01   0.0000
  6.87043369e-01   0.0000
 -1.01126742e+00   0.0000
 -2.25152355e-04   0.0000
  1.66886255e-01   0.0000
 -6.88875794e-01   0.0000
  2.06706926e-01   0.0000
 -5.35767376e-01   0.0000
 -5.45600712e-01   0.0000
  5.75477839e-01   0.0000
 -2.63303846e-01   0.0000
  3.85590851e-01   0.0000
 -1.16581237e+00   0.0000
  1.58799195e+00   0.0000
 -2.27821931e-01   0.0000
  5.24924695e-01   0.0000
 -7.89158463e-01   0.0000
 -4.68257397e-01   0.0000
  1.53788519e+00   0.0000
 -6.55987918e-01   0.0000
  5.64391851e-01   0.0000
  5.37077332e+00   0.0000
 -4.37276155e-01   0.0000
  1.61676717e+00   0.0000
  6.00578845e-01   0.0000
  2.22668141e-01   0.0000
 -5.33742487e-01   0.0000
 -3.85399982e-02   0.0000
 -4.11966324e-01   0.0000
 -1.06232345e+00   0.0000
  4.15682524e-01   0.0000
 -6.39858246e-01   0.0000
  4.77528751e-01   0.0000
 -2.25926995e-01   0.0000
 -1.19896495e+00   0.0000
  2.69422948e-01   0.0000
 -1.60358536e+00   0.0000
  1.53464174e+00   0.0000
  3.61992419e-01   0.0000
 -1.10746408e+00   0.0000
 -1.19105339e+00   0.0000
  5.33672497e-02   0.0000
  1.04448366e+00   0.0000
  6.53485179e-01   0.0000
  4.79480922e-01   0.0000
  1.43212557e+00   0.0000
 -4.35215622e-01   0.0000
  6.94588363e-01   0.0000
  1.38381910e+00   0.0000
  1.57258105e+00   0.0000
 -6.07640445e-02   0.0000
 -4.38682705e-01   0.0000
  1.74097687e-01   0.0000
 -5.99474251e-01   0.0000
  3.31927121e-01   0.0000
 -4.63042825e-01   0.0000
  1.88149631e+00   0.0000
 -1.14752543e+00   0.0000
 -9.19746339e-01   0.0000
  5.33502281e-01   0.0000
 -6.60823882e-01   0.0000
 -3.63164812e-01   0.0000
  1.69646239e+00   0.0000
 -9.92489159e-02   0.0000
 -1.25729278e-01   0.0000
 -1.96588319e-02   0.0000
  4.52578634e-01   0.0000
  2.18351781e-01   0.0000
 -1.88506171e-01   0.0000
  8.82353246e-01   0.0000
 -1.22507572e-01   0.0000
  1.57824501e-01   0.0000
  7.39561319e-01   0.0000
  4.62299407e-01   0.0000
  9.48917046e-02   0.0000
 -3.43336880e-01   0.0000
  3.63782525e-01   0.0000
  1.28295884e-01   0.0000
 -1.60582867e-02   0.0000
 -1.93560943e-01   0.0000
  4.14128840e-01   0.0000
 -6.76765442e-01   0.0000
 -3.52581888e-01   0.0000
 -1.01112865e-01   0.0000
 -2.27401336e-03   0.0000
 -1.59272954e-01   0.0000
  1.15431058e+00   0.0000
  5.46855628e-01   0.0000
  5.64182550e-02   0.0000
  1.79821149e-01   0.0000
 -1.11455977e+00   0.0000
  1.24756560e-01   0.0000
  1.00354545e-01   0.0000
  1.69902158e+00   0.0000
 -2.13627920e-01   0.0000
 -1.49437392e+00   0.0000
 -1.42585024e-01   0.0000
  8.16857591e-02   0.0000
 -1.26983494e-01   0.0000
  3.28092158e-01   0.0000
  3.59450370e-01   0.0000
  4.93161172e-01   0.0000
  2.50506610e-01   0.0000
  1.05755106e-01   0.0000
 -1.27317405e+00   0.0000
 -8.16155314e-01   0.0000
  9.30945337e-01   0.0000
  6.28921509e-01   0.0000
  9.92741823e-01   0.0000
 -4.22193378e-01   0.0000
 -7.66457438e-01   0.0000
  4.01504457e-01   0.0000
 -4.61093634e-01   0.0000
  1.14800118e-01   0.0000
 -8.31859529e-01   0.0000
  5.35876155e-01   0.0000
  1.01199649e-01   0.0000
  8.04917097e-01   0.0000
 -5.31943202e-01   0.0000
 -1.82766402e+00   0.0000
  3.18793833e-01   0.0000
  6.16610408e-01   0.0000
 -3.78876239e-01   0.0000
  1.66685507e-01   0.0000
 -6.27076775e-02   0.0000
  9.41682577e-01   0.0000
  3.86159688e-01   0.0000
 -1.22027084e-01   0.0000
 -1.27149820e+00   0.0000
 -1.03150153e+00   0.0000
  3.88074398e-01   0.0000
  8.50605965e-01   0.0000
  1.33912492e+00   0.0000
 -4.41455901e-01   0.0000
 -3.13304186e-01   0.0000
  4.92373228e-01   0.0000
 -7.08909750e-01   0.0000
 -1.49675891e-01   0.0000
 -3.44181150e-01   0.0000
  7.82731771e-01   0.0000
  7.06318952e-03   0.0000
 -4.56764072e-01   0.0000
 -5.34872890e-01   0.0000
 -1.13365090e+00   0.0000
  5.46188772e-01   0.0000
  1.07260573e+00   0.0000
 -5.61442494e-01   0.0000
  4.46324706e-01   0.0000
 -7.86609501e-02   0.0000
  1.76544547e+00   0.0000
  3.87649089e-01   0.0000
 -2.05281600e-01   0.0000
 -8.92020285e-01   0.0000
 -2.61813909e-01   0.0000
  1.27748121e-02   0.0000
  3.02866995e-01   0.0000
  1.90215302e+00   0.0000
 -4.00282323e-01   0.0000
  2.37667173e-01   0.0000
 -1.95438620e-02   0.0000
 -5.45067847e-01   0.0000
 -5.29829144e-01   0.0000
 -2.85177175e-02   0.0000
  9.31709588e-01   0.0000
  1.82955235e-01   0.0000
 -1.76438177e+00   0.0000
 -1.27932870e+00   0.0000
 -7.02629834e-02   0.0000
  1.13873601e+00   0.0000
  1.36310756e+00   0.0000
 -9.75978315e-01   0.0000
  3.70795339e-01   0.0000
 -6.53804541e-02   0.0000
  2.65058351e+00   0.0000
  9.60925698e-01   0.0000
 -3.51249933e-01   0.0000
 -1.47886842e-01   0.0000
  3.57789218e-01   0.0000
 -1.58469602e-01   0.0000
 -1.75287262e-01   0.0000
  2.22000074e+00   0.0000
 -5.19797988e-02   0.0000
 -2.32941672e-01   0.0000
 -2.32238913e+00   0.0000
 -1.20623934e+00   0.0000
 -1.67371958e-01   0.0000
  2.10935101e-01   0.0000
 -8.62182200e-01   0.0000
  1.05377507e+00   0.0000
 -3.96609128e-01   0.0000
 -3.93183768e-01   0.0000
 -3.95974100e-01   0.0000
  8.21125925e-01   0.0000
  1.47173285e+00   0.0000
  1.34299219e+00   0.0000
 -2.63342977e-01   0.0000
  5.56851923e-01   0.0000
  2.21602499e-01   0.0000
  5.29094040e-01   0.0000
  4.49531734e-01   0.0000
 -2.25024343e-01   0.0000
  8.62777829e-01   0.0000
 -1.40403524e-01   0.0000
  1.01585591e+00   0.0000
  7.74742067e-01   0.0000
 -8.12705219e-01   0.0000
 -1.45721829e+00   0.0000
 -8.41886580e-01   0.0000
 -4.08356488e-01   0.0000
 -2.89898068e-02   0.0000
  1.01523507e+00   0.0000
 -4.72311854e-01   0.0000
  8.75678003e-01   0.0000
  2.41847560e-02   0.0000
 -4.14584190e-01   0.0000
 -5.97530663e-01   0.0000
  6.07453108e-01   0.0000
  1.03307140e+00   0.0000
  6.71999037e-01   0.0000
 -1.27728730e-01   0.0000
 -5.52374303e-01   0.0000
 -3.61247331e-01   0.0000
  3.50046784e-01   0.0000
 -5.28688133e-02   0.0000
 -3.07998180e-01   0.0000
 -1.65738150e-01   0.0000
 -7.47666657e-01   0.0000
  4.21584547e-01   0.0000
  5.91452003e-01   0.0000
 -2.56646752e-01   0.0000
 -8.52143705e-01   0.0000
 -2.58677125e+00   0.0000
 -1.71406373e-01   0.0000
  3.21415067e-01   0.0000
 -1.25194395e+00   0.0000
  1.68195933e-01   0.0000
  2.94978589e-01   0.0000
  3.54427963e-01   0.0000
  1.48880348e-01   0.0000
  3.24762732e-01   0.0000
  3.26848984e-01   0.0000
  1.19778895e+00   0.0000
  6.37079626e-02   0.0000
  1.01384640e-01   0.0000
  1.03626657e+00   0.0000
  8.70119750e-01   0.0000
  9.31162611e-02   0.0000
  1.05813241e+00   0.0000
  1.81527936e+00   0.0000
  5.30805051e-01   0.0000
  1.69929790e+00   0.0000
  1.08848584e+00   0.0000
 -7.45738029e-01   0.0000
 -3.57931405e-02   0.0000
 -4.66387838e-01   0.0000
 -2.15001917e+00   0.0000
 -1.31041616e-01   0.0000
  1.92342311e-01   0.0000
  2.77684540e-01   0.0000
 -2.31477600e-02   0.0000
  4.33903188e-04   0.0000
 -4.94643807e-01   0.0000
  1.88340411e-01   0.0000
  5.45492351e-01   0.0000
  9.41983879e-01   0.0000
  1.90610981e+00   0.0000
 -3.32527429e-01   0.0000
  4.28150631e-02   0.0000
  2.52707470e-02   0.0000
  8.96766245e-01   0.0000
 -1.20008782e-01   0.0000
 -2.06708387e-01   0.0000
  1.57349122e+00   0.0000
  1.34162724e-01   0.0000
  4.16399032e-01   0.0000
  9.98364925e-01   0.0000
 -6.10831559e-01   0.0000
  4.76866513e-01   0.0000
 -5.15084386e-01   0.0000
 -1.29185545e+00   0.0000
 -7.46639371e-01   0.0000
 -2.07766164e-02   0.0000
  5.93202114e-01   0.0000
  1.66417763e-01   0.0000
 -5.00330925e-01   0.0000
 -3.03435445e-01   0.0000
  2.70746350e-01   0.0000
  5.51251173e-01   0.0000
  1.03663635e+00   0.0000
  1.99256623e+00   0.0000
  6.49525300e-02   0.0000
 -4.85177040e-02   0.0000
 -7.70646513e-01   0.0000
  2.83216566e-01   0.0000
  3.03689037e-02   0.0000
 -1.01864374e+00   0.0000
  4.99398082e-01   0.0000
 -5.49041927e-01   0.0000
 -2.17232049e-01   0.0000
  8.19615364e-01   0.0000
 -1.24564815e+00   0.0000
 -2.50739530e-02   0.0000
 -5.07542968e-01   0.0000
 -9.97637689e-01   0.0000
 -7.98223794e-01   0.0000
  2.83937693e-01   0.0000
 -2.38068812e-02   0.0000
  4.21724051e-01   0.0000
 -8.61381114e-01   0.0000
  1.21844745e+00   0.0000
  1.56152219e-01   0.0000
  4.23064142e-01   0.0000
  4.63639200e-01   0.0000
  1.07910305e-01   0.0000
  8.47052276e-01   0.0000
  3.98804933e-01   0.0000
  4.39865500e-01   0.0000
  3.26226503e-01   0.0000
  5.57656139e-02   0.0000
 -9.77851808e-01   0.0000
 -1.49563003e+00   0.0000
 -1.38312101e+00   0.0000
  5.07400692e-01   0.0000
  1.32358462e-01   0.0000
 -2.29085660e+00   0.0000
 -7.04840004e-01   0.0000
  7.78155997e-02   0.0000
  8.95419598e-01   0.0000
  1.63077545e+00   0.0000
  1.30085230e-01   0.0000
 -2.58753389e-01   0.0000
  1.10824928e-01   0.0000
 -1.47605345e-01   0.0000
 -1.22940935e-01   0.0000
  1.26023459e+00   0.0000
  1.58088422e+00   0.0000
  1.09163415e+00   0.0000
 -6.37738407e-02   0.0000
  1.14583099e+00   0.0000
  3.18997711e-01   0.0000
  4.65988107e-02   0.0000
  2.63528764e-01   0.0000
 -1.05694759e+00   0.0000
  1.86549872e-01   0.0000
 -9.81301308e-01   0.0000
 -1.41280103e+00   0.0000
  9.85383570e-01   0.0000
 -2.71511286e-01   0.0000
  1.82773006e+00   0.0000
 -1.97769836e-01   0.0000
 -1.40308881e+00   0.0000
  4.04101729e-01   0.0000
  8.59722793e-01   0.0000
  1.15188323e-01   0.0000
  5.32373190e-01   0.0000
 -2.27564797e-01   0.0000
  4.61090684e-01   0.0000
  1.13845158e+00   0.0000
  8.96843553e-01   0.0000
 -1.55059412e-01   0.0000
  8.57112110e-01   0.0000
 -2.65831769e-01   0.0000
  2.33988687e-01   0.0000
  2.31719129e-02   0.0000
 -8.89473036e-02   0.0000
 -8.62028658e-01   0.0000
 -8.63701165e-01   0.0000
  8.61198977e-02   0.0000
 -2.76118368e-01   0.0000
 -1.63739491e+00   0.0000
 -3.21694523e-01   0.0000
  1.02364302e+00   0.0000
  1.03168845e+00   0.0000
 -3.85177344e-01   0.0000
  1.72478124e-01   0.0000
 -1.71198857e+00   0.0000
 -1.31392050e+00   0.0000
  1.62193194e-01   0.0000
 -2.27668452e+00   0.0000
 -3.56879681e-01   0.0000
 -3.39159101e-01   0.0000
  2.33343933e-02   0.0000
  2.48898417e-01   0.0000
 -1.80834365e+00   0.0000
 -2.78358549e-01   0.0000
 -2.86098868e-01   0.0000
  1.56445849e+00   0.0000
  7.05463216e-02   0.0000
  7.55506694e-01   0.0000
 -2.88273215e-01   0.0000
  9.07394011e-03   0.0000
  1.24503839e+00   0.0000
  1.15336847e+00   0.0000
  5.74082196e-01   0.0000
  4.02163887e+00   0.0000
  7.50340939e-01   0.0000
 -1.88051844e+00   0.0000
  4.79141295e-01   0.0000
  9.56066906e-01   0.0000
 -5.62766790e-01   0.0000
 -1.06478035e+00   0.0000
 -8.87688026e-02   0.0000
 -4.39505786e-01   0.0000
 -3.38572979e-01   0.0000
  1.57352403e-01   0.0000
 -6.20652020e-01   0.0000
 -2.99009472e-01   0.0000
 -1.31635630e+00   0.0000
  5.83214283e-01   0.0000
  1.13898359e-01   0.0000
  4.68799800e-01   0.0000
  2.83898652e-01   0.0000
 -2.98703730e-01   0.0000
  4.10835207e-01   0.0000
  2.35527411e-01   0.0000
 -5.24408937e-01   0.0000
  4.69864495e-02   0.0000
  5.62573254e-01   0.0000
  7.79081285e-01   0.0000
 -2.31221423e-01   0.0000
 -1.55089033e+00   0.0000
  3.91322821e-01   0.0000
 -4.08722758e-01   0.0000
 -7.14985207e-02   0.0000
 -1.91515416e-01   0.0000
  6.44724846e-01   0.0000
  3.60246718e-01   0.0000
 -8.16651583e-02   0.0000
  6.68396473e-01   0.0000
 -1.32132247e-01   0.0000
 -6.79199874e-01   0.0000
 -1.42501521e+00   0.0000
  9.78371918e-01   0.0000
  2.89283856e-03   0.0000
 -1.88102305e-01   0.0000
 -1.46895573e-01   0.0000
 -5.47950804e-01   0.0000
  4.56108570e-01   0.0000
  8.76172125e-01   0.0000
 -1.26297176e+00   0.0000
 -1.47577000e+00   0.0000
 -1.44799352e-01   0.0000
 -1.88901484e+00   0.0000
 -1.49522233e+00   0.0000
 -1.05998898e+00   0.0000
 -1.31880501e-02   0.0000
 -7.02264726e-01   0.0000
  1.23857462e+00   0.0000
  1.47864294e+00   0.0000
  9.54712033e-01   0.0000
  1.06984663e+00   0.0000
  4.49328333e-01   0.0000
 -6.60084605e-01   0.0000
  5.80757201e-01   0.0000
 -8.20605636e-01   0.0000
 -1.91159010e+00   0.0000
  1.62004578e+00   0.0000
 -6.03835702e-01   0.0000
 -1.16441920e-02   0.0000
  2.22093955e-01   0.0000
  3.26815605e-01   0.0000
  5.70303082e-01   0.0000
  8.75621974e-01   0.0000
 -2.38161612e+00   0.0000
 -3.72103572e+00   0.0000
 -1.12021160e+00   0.0000
 -3.12703848e+00   0.0000
 -2.36681008e+00   0.0000
 -8.92088711e-02   0.0000
 -2.05213070e-01   0.0000
 -1.37231553e+00   0.0000
 -1.05892882e-01   0.0000
  7.29518712e-01   0.0000
  8.12101543e-01   0.0000
 -6.37251616e-01   0.0000
 -6.07456386e-01   0.0000
 -4.10908759e-01   0.0000
 -8.10449868e-02   0.0000
  1.70554686e+00   0.0000
  3.15485597e-01   0.0000
 -6.04541302e-01   0.0000
 -1.31654453e+00   0.0000
  2.13588551e-01   0.0000
 -3.03292543e-01   0.0000
 -3.71556133e-01   0.0000
 -1.88037112e-01   0.0000
  6.56920746e-02   0.0000
 -1.27360165e-01   0.0000
 -3.61628950e-01   0.0000
 -3.78133059e-01   0.0000
 -3.75831276e-02   0.0000
 -7.01460063e-01   0.0000
  3.05587935e+00   0.0000
  6.02854669e-01   0.0000
 -5.60615659e-01   0.0000
  6.67685151e-01   0.0000
  7.92471990e-02   0.0000
  3.11533391e-01   0.0000
  7.54899442e-01   0.0000
 -6.99280083e-01   0.0000
 -1.03248162e-02   0.0000
 -1.68913119e-02   0.0000
  1.13112593e+00   0.0000
 -1.42733995e-02   0.0000
 -3.39993209e-01   0.0000
  4.49611038e-01   0.0000
 -2.75437295e-01   0.0000
  1.99214548e-01   0.0000
  3.92602175e-01   0.0000
 -4.46357727e-01   0.0000
 -2.62792379e-01   0.0000
 -8.49157393e-01   0.0000
  8.50579679e-01   0.0000
 -7.82364488e-01   0.0000
  9.45557952e-01   0.0000
 -3.79027545e-01   0.0000
  1.85949659e+00   0.0000
 -9.45571363e-02   0.0000
  4.86627549e-01   0.0000
  1.16646791e+00   0.0000
  1.18295783e-02   0.0000
  1.33640778e+00   0.0000
  2.56297898e+00   0.0000
  5.87577760e-01   0.0000
  2.55890036e+00   0.0000
  8.12843859e-01   0.0000
 -1.56285107e-01   0.0000
  2.65235275e-01   0.0000
  1.81460953e+00   0.0000
 -2.44182914e-01   0.0000
  1.46076465e+00   0.0000
 -1.51049674e-01   0.0000
 -3.05508876e+00   0.0000
  2.56266922e-01   0.0000
  1.03558266e+00   0.0000
 -2.43755794e+00   0.0000
 -3.36581874e+00   0.0000
 -9.52117797e-03   0.0000
 -7.10448265e+00   0.0000
  2.65400469e-01   0.0000
 -7.45335892e-02   0.0000
 -1.11391473e+00   0.0000
  5.39823949e-01   0.0000
  2.79997319e-01   0.0000
  2.44520921e-02   0.0000
 -5.56595445e-01   0.0000
 -1.17579967e-01   0.0000
  9.16006625e-01   0.0000
  7.60722876e-01   0.0000
  8.10251832e-01   0.0000
  2.08305389e-01   0.0000
  1.07790262e-01   0.0000
  1.79043263e-01   0.0000
 -3.92007351e-01   0.0000
  3.30456393e-03   0.0000
  1.25917062e-01   0.0000
  9.36569422e-02   0.0000
  1.52312130e-01   0.0000
 -1.21950500e-01   0.0000
  1.43955490e-02   0.0000
 -7.00889349e-01   0.0000
  2.66214520e-01   0.0000
 -5.38478971e-01   0.0000
  4.63386029e-01   0.0000
 -2.31631637e-01   0.0000
 -1.59289151e-01   0.0000
  7.62944758e-01   0.0000
  5.01479208e-01   0.0000
 -1.68710381e-01   0.0000
  6.27905726e-01   0.0000
 -5.70679545e-01   0.0000
  8.04035783e-01   0.0000
  5.37400663e-01   0.0000
 -7.26491511e-01   0.0000
 -2.69360870e-01   0.0000
 -3.74296188e-01   0.0000
 -3.80993277e-01   0.0000
 -5.71286559e-01   0.0000
 -5.89385331e-01   0.0000
  1.53923944e-01   0.0000
 -5.84888458e-01   0.0000
 -3.24344307e-01   0.0000
  1.07541770e-01   0.0000
  5.43301940e-01   0.0000
  3.39379549e-01   0.0000
  5.70150651e-02   0.0000
  3.41402978e-01   0.0000
  6.74527943e-01   0.0000
  2.74891555e-01   0.0000
 -6.17095292e-01   0.0000
  6.36442125e-01   0.0000
 -1.99460387e-01   0.0000
 -3.50068629e-01   0.0000
  8.86185244e-02   0.0000
  2.76910186e-01   0.0000
 -7.11853951e-02   0.0000
 -3.50540802e-02   0.0000
 -3.01057786e-01   0.0000
 -1.06348909e-01   0.0000
  1.42731667e-01   0.0000
 -5.49558818e-01   0.0000
  4.32844087e-02   0.0000
  1.28926128e-01   0.0000
 -2.18007028e-01   0.0000
  2.31276512e-01   0.0000
  1.60357520e-01   0.0000
 -1.59397721e-01   0.0000
 -7.40962923e-02   0.0000
  2.06965685e-01   0.0000
  4.17425066e-01   0.0000
  6.19908810e-01   0.0000
 -4.40132730e-02   0.0000
  1.97704099e-02   0.0000
  1.03095546e-01   0.0000
 -3.79860401e-01   0.0000
  8.01880717e-01   0.0000
  4.07833189e-01   0.0000
 -3.33444864e-01   0.0000
 -3.53672534e-01   0.0000
  7.12831914e-01   0.0000
  1.79411304e+00   0.0000
  3.26111108e-01   0.0000
  2.61895269e-01   0.0000
 -4.82443035e-01   0.0000
  3.67303491e-01   0.0000
 -7.53047585e-01   0.0000
 -6.61180079e-01   0.0000
  1.75247580e-01   0.0000
 -3.92902851e-01   0.0000
 -5.64559042e-01   0.0000
  2.61679769e-01   0.0000
  6.36777580e-01   0.0000
 -3.13281357e-01   0.0000
 -4.34789658e-01   0.0000
 -2.73860812e-01   0.0000
  4.04306471e-01   0.0000
 -3.16449404e-01   0.0000
 -3.57198656e-01   0.0000
  8.90062273e-01   0.0000
  6.55074000e-01   0.0000
  4.40056771e-01   0.0000
 -1.59902751e-01   0.0000
 -5.42092025e-01   0.0000
  4.38054278e-02   0.0000
  1.28171861e-01   0.0000
  1.06973715e-01   0.0000
 -1.26039227e-02   0.0000
 -4.78091717e-01   0.0000
 -1.59091145e-01   0.0000
 -3.15711111e-01   0.0000
 -4.79930103e-01   0.0000
 -1.83928579e-01   0.0000
 -5.33016145e-01   0.0000
 -6.34619653e-01   0.0000
  3.48912239e-01   0.0000
  3.26525003e-01   0.0000
 -9.06557143e-02   0.0000
 -1.35015681e-01   0.0000
 -1.52636334e-01   0.0000
  2.93721050e-01   0.0000
  2.15504766e-01   0.0000
 -4.77173448e-01   0.0000
  4.35336202e-01   0.0000
 -7.76738465e-01   0.0000
 -1.42072752e-01   0.0000
  1.35284305e-01   0.0000
  5.24623990e-01   0.0000
 -5.81173360e-01   0.0000
 -4.50219035e-01   0.0000
 -8.99151526e-03   0.0000
 -1.23516306e-01   0.0000
  5.01425505e-01   0.0000
  4.57995653e-01   0.0000
  6.66208208e-01   0.0000
  8.52085590e-01   0.0000
 -1.73465416e-01   0.0000
  4.05251682e-01   0.0000
  8.24308455e-01   0.0000
 -3.34438443e-01   0.0000
 -6.38570905e-01   0.0000
 -2.47777179e-01   0.0000
  3.01139578e-02   0.0000
 -7.50704184e-02   0.0000
 -6.36969864e-01   0.0000
 -2.94388860e-01   0.0000
 -2.66659558e-02   0.0000
 -8.22459400e-01   0.0000
 -9.27881122e-01   0.0000
 -4.05005187e-01   0.0000
  8.13066125e-01   0.0000
  7.22814679e-01   0.0000
 -7.01063395e-01   0.0000
 -7.31899619e-01   0.0000
 -3.02750021e-01   0.0000
 -6.37430012e-01   0.0000
  7.32667744e-01   0.0000
 -3.56427848e-01   0.0000
  9.10918534e-01   0.0000
  9.02566254e-01   0.0000
  4.40675542e-02   0.0000
  6.88181400e-01   0.0000
  7.60191798e-01   0.0000
 -5.13857901e-01   0.0000
 -6.65860295e-01   0.0000
  8.52174044e-01   0.0000
  2.11561188e-01   0.0000
  4.57607806e-01   0.0000
 -7.96087325e-01   0.0000
  2.58777767e-01   0.0000
  6.60436213e-01   0.0000
 -1.08470929e+00   0.0000
 -9.80435967e-01   0.0000
 -9.89227176e-01   0.0000
  8.43707323e-01   0.0000
  9.44442689e-01   0.0000
 -1.14016891e+00   0.0000
 -1.20559923e-01   0.0000
 -8.47443879e-01   0.0000
 -8.09346497e-01   0.0000
  8.01369965e-01   0.0000
 -1.57146111e-01   0.0000
  1.09145474e+00   0.0000
  8.71986926e-01   0.0000
 -1.57611310e-01   0.0000
  7.03196108e-01   0.0000
  6.74199522e-01   0.0000
 -7.47656941e-01   0.0000
 -6.20890856e-01   0.0000
  9.40970361e-01   0.0000
  9.64540005e-01   0.0000
  7.08937168e-01   0.0000
 -9.27363396e-01   0.0000
  9.02227521e-01   0.0000
  1.04851997e+00   0.0000
 -7.83369303e-01   0.0000
 -2.64456570e-01   0.0000
  6.08832717e-01   0.0000
 -7.37563223e-02   0.0000
 -2.15455398e-01   0.0000
  2.30083182e-01   0.0000
  5.86774766e-01   0.0000
 -9.19914991e-02   0.0000
  1.68119028e-01   0.0000
 -1.79083329e-02   0.0000
  4.55925435e-01   0.0000
 -2.00104699e-01   0.0000
  1.37925684e-01   0.0000
  1.55997247e-01   0.0000
 -1.20947182e-01   0.0000
  4.39697457e-03   0.0000
  1.35015786e-01   0.0000
  1.54338583e-01   0.0000
  2.24460289e-01   0.0000
 -4.55691636e-01   0.0000
 -1.47131085e-01   0.0000
  1.28000960e-01   0.0000
  1.42677072e-02   0.0000
 -6.91636801e-01   0.0000
 -1.87528431e-02   0.0000
  3.31213176e-01   0.0000
  3.83885443e-01   0.0000
 -2.72974849e-01   0.0000
 -5.61776400e-01   0.0000
  5.48647106e-01   0.0000
  1.26156330e+00   0.0000
  3.44574422e-01   0.0000
  3.40708852e-01   0.0000
 -5.61904073e-01   0.0000
  4.13193166e-01   0.0000
 -3.55868846e-01   0.0000
 -4.09146696e-01   0.0000
 -5.01040332e-02   0.0000
 -3.33763808e-01   0.0000
 -2.49674410e-01   0.0000
  3.86221021e-01   0.0000
  6.61029398e-01   0.0000
 -2.72535324e-01   0.0000
 -3.72121781e-01   0.0000
 -1.94107190e-01   0.0000
  5.82840979e-01   0.0000
  1.42924607e-01   0.0000
 -2.01024994e-01   0.0000
  3.88050050e-01   0.0000
  3.13950598e-01   0.0000
  1.60526261e-01   0.0000
 -1.68824255e-01   0.0000
 -1.87521085e-01   0.0000
  2.54881114e-01   0.0000
  6.87281728e-01   0.0000
  2.07641289e-01   0.0000
 -3.21388543e-02   0.0000
  1.35726586e-03   0.0000
  3.65495712e-01   0.0000
 -4.28513288e-01   0.0000
 -1.78623453e-01   0.0000
 -1.71035334e-01   0.0000
 -1.96442753e-01   0.0000
 -3.03271860e-01   0.0000
 -1.62843913e-01   0.0000
  3.27480942e-01   0.0000
 -1.96173564e-01   0.0000
 -2.60907620e-01   0.0000
 -4.68737334e-01   0.0000
  3.58269751e-01   0.0000
 -1.14678487e-01   0.0000
  1.92314506e-01   0.0000
  4.02958006e-01   0.0000
  1.46615580e-01   0.0000
  4.55752224e-01   0.0000
 -3.39257240e-01   0.0000
 -7.76652759e-03   0.0000
  3.42758149e-02   0.0000
  5.27230501e-01   0.0000
  7.00319767e-01   0.0000
  1.26667246e-01   0.0000
 -2.68423140e-01   0.0000
 -2.28512548e-02   0.0000
 -5.66722453e-02   0.0000
 -2.28999346e-01   0.0000
  3.83766964e-02   0.0000
 -8.57300870e-03   0.0000
 -9.52166468e-02   0.0000
  2.48014316e-01   0.0000
 -9.07871947e-02   0.0000
 -5.03896415e-01   0.0000
 -3.15759242e-01   0.0000
 -2.54821569e-01   0.0000
  2.51154035e-01   0.0000
 -3.10419232e-01   0.0000
  1.80039644e-01   0.0000
  2.94986993e-01   0.0000
 -2.26326570e-01   0.0000
  5.06292522e-01   0.0000
 -4.00494933e-01   0.0000
  2.30339989e-01   0.0000
 -3.12312424e-01   0.0000
 -3.49833488e-01   0.0000
  6.43611491e-01   0.0000
  2.75545955e-01   0.0000
  3.77963558e-02   0.0000
  1.23683743e-01   0.0000
  2.99529940e-01   0.0000
  8.33220035e-02   0.0000
  4.13865484e-02   0.0000
  1.89835459e-01   0.0000
 -8.13619941e-02   0.0000
  1.20538406e-01   0.0000
 -9.85875428e-02   0.0000
 -4.17215854e-01   0.0000
 -1.92766935e-01   0.0000
 -7.17221141e-01   0.0000
 -1.58027902e-01   0.0000
 -1.65211156e-01   0.0000
  1.85885385e-01   0.0000
 -1.86915085e-01   0.0000
 -1.70897627e+00   0.0000
 -9.08046842e-01   0.0000
  1.12763059e+00   0.0000
  1.61323893e+00   0.0000
 -1.64471114e+00   0.0000
 -3.34139729e+00   0.0000
 -1.24103904e+00   0.0000
 -1.02402520e+00   0.0000
  1.43787503e+00   0.0000
 -4.15561860e-03   0.0000
  1.39314866e+00   0.0000
  1.77722251e+00   0.0000
 -2.83195138e-01   0.0000
  1.48374367e+00   0.0000
  1.40320492e+00   0.0000
 -1.29001749e+00   0.0000
 -1.27124989e+00   0.0000
  1.11839640e+00   0.0000
  5.32194257e-01   0.0000
  6.18338466e-01   0.0000
 -1.46642268e+00   0.0000
  4.98696178e-01   0.0000
  1.62049007e+00   0.0000
 -1.87085545e+00   0.0000
 -1.73673913e-01   0.0000
  1.61955133e-01   0.0000
 -6.07206762e-01   0.0000
  1.65285449e-02   0.0000
 -4.44260657e-01   0.0000
  2.53002971e-01   0.0000
  1.04381549e+00   0.0000
  2.23236471e-01   0.0000
 -1.38636511e-02   0.0000
  2.81187564e-01   0.0000
 -7.01627927e-03   0.0000
 -8.09563920e-02   0.0000
  3.10039431e-01   0.0000
  4.75307181e-02   0.0000
 -4.89426106e-02   0.0000
 -1.20304264e-02   0.0000
 -1.11352868e-01   0.0000
 -7.88996756e-01   0.0000
 -2.04489324e-02   0.0000
 -8.20314944e-01   0.0000
 -1.28150374e-01   0.0000
 -4.42668647e-01   0.0000
  7.05560371e-02   0.0000
 -2.58467764e-01   0.0000
  6.27624869e-01   0.0000
  5.31338155e-01   0.0000
 -1.49897322e-01   0.0000
 -2.92688042e-01   0.0000
  6.30195498e-01   0.0000
  2.25683913e-01   0.0000
  4.70950842e-01   0.0000
  2.78237671e-01   0.0000
 -4.87242848e-01   0.0000
 -1.80767581e-01   0.0000
  6.48275856e-03   0.0000
 -6.03966236e-01   0.0000
 -1.30114228e-01   0.0000
 -5.78662992e-01   0.0000
 -3.22720081e-01   0.0000
  3.11388254e-01   0.0000
  3.93973351e-01   0.0000
 -3.60071003e-01   0.0000
 -5.03519714e-01   0.0000
  4.50802110e-02   0.0000
  2.15290219e-01   0.0000
 -1.90169424e-01   0.0000
 -6.69906676e-01   0.0000
  6.23439312e-01   0.0000
 -6.08068466e-01   0.0000
 -5.21204531e-01   0.0000
  1.05302028e-01   0.0000
  7.39678562e-01   0.0000
 -6.52450860e-01   0.0000
 -1.92284203e+00   0.0000
 -5.83332079e-03   0.0000
 -2.95836955e-01   0.0000
  4.60402876e-01   0.0000
 -1.07433073e-01   0.0000
  6.35598123e-01   0.0000
  6.69895828e-01   0.0000
  4.03173901e-02   0.0000
  5.77679038e-01   0.0000
  6.40089273e-01   0.0000
 -3.47677499e-01   0.0000
 -6.25970066e-01   0.0000
  1.85061768e-01   0.0000
  5.03997922e-01   0.0000
  2.54396558e-01   0.0000
 -7.11571872e-01   0.0000
  3.19212005e-02   0.0000
  3.15126866e-01   0.0000
 -8.34818244e-01   0.0000
  6.62241697e-01   0.0000
  4.81552720e-01   0.0000
 -3.35874736e-01   0.0000
 -4.21007395e-01   0.0000
  5.47267616e-01   0.0000
 -2.39957329e-02   0.0000
  4.01408523e-01   0.0000
  4.95153338e-01   0.0000
 -5.06534576e-01   0.0000
  2.71584958e-01   0.0000
 -4.82087344e-01   0.0000
 -7.05888867e-01   0.0000
  6.33229613e-02   0.0000
 -2.26725578e-01   0.0000
 -5.22800326e-01   0.0000
  4.62621659e-01   0.0000
  6.13089979e-01   0.0000
 -5.00774324e-01   0.0000
 -5.32102227e-01   0.0000
 -6.22470200e-01   0.0000
  4.21284020e-01   0.0000
 -2.25264542e-02   0.0000
 -3.35319042e-01   0.0000
  8.12524021e-01   0.0000
  6.05098486e-01   0.0000
  1.05645712e-02   0.0000
  1.93803936e-01   0.0000
 -5.91299474e-01   0.0000
  5.15025318e-01   0.0000
  3.86767209e-01   0.0000
 -4.18850454e-03   0.0000
  1.82803318e-01   0.0000
 -5.65255165e-01   0.0000
 -4.22727883e-01   0.0000
 -3.47839504e-01   0.0000
 -3.65706116e-01   0.0000
 -8.92026648e-02   0.0000
 -6.59137309e-01   0.0000
 -5.96570313e-01   0.0000
  3.55464071e-01   0.0000
  3.75852853e-01   0.0000
 -2.42707357e-01   0.0000
  5.05292974e-02   0.0000
 -1.18834019e-01   0.0000
  2.99154192e-01   0.0000
 -8.07965621e-02   0.0000
 -4.98524487e-01   0.0000
  4.10197139e-01   0.0000
 -1.48158312e+00   0.0000
 -5.67640305e-01   0.0000
  4.21123505e-01   0.0000
  9.13593948e-01   0.0000
 -1.54934204e+00   0.0000
 -3.14999771e+00   0.0000
 -6.16566479e-01   0.0000
 -9.53062713e-01   0.0000
  1.17437375e+00   0.0000
 -9.87472534e-02   0.0000
  1.37761617e+00   0.0000
  1.10557342e+00   0.0000
 -2.06802204e-01   0.0000
  8.23360860e-01   0.0000
  1.07708728e+00   0.0000
 -9.91789937e-01   0.0000
 -1.17453551e+00   0.0000
  8.75287116e-01   0.0000
  6.70155764e-01   0.0000
  4.81266141e-01   0.0000
 -1.04577577e+00   0.0000
  3.79587740e-01   0.0000
  1.07448208e+00   0.0000
 -1.67665613e+00   0.0000
 -5.46480715e-01   0.0000
  2.62270242e-01   0.0000
 -2.62868643e-01   0.0000
  1.50696665e-01   0.0000
 -2.07165509e-01   0.0000
 -1.85306579e-01   0.0000
  2.68662989e-01   0.0000
  1.72448888e-01   0.0000
  4.96517777e-01   0.0000
  7.52549339e-03   0.0000
  3.07157755e-01   0.0000
  5.15664637e-01   0.0000
  2.40192592e-01   0.0000
  3.77375960e-01   0.0000
  1.20865449e-01   0.0000
  3.77495944e-01   0.0000
 -3.85168016e-01   0.0000
 -4.12938058e-01   0.0000
 -3.80481958e-01   0.0000
 -1.74417034e-01   0.0000
 -3.33973259e-01   0.0000
 -2.21927866e-01   0.0000
 -5.24682626e-02   0.0000
 -5.41011393e-01   0.0000
  1.11185563e+00   0.0000
  6.35160744e-01   0.0000
 -7.30285570e-02   0.0000
 -1.11077130e+00   0.0000
  1.33341026e+00   0.0000
  8.85573745e-01   0.0000
  2.54948229e-01   0.0000
  2.71378964e-01   0.0000
 -6.43540442e-01   0.0000
 -4.26236689e-01   0.0000
 -1.12168217e+00   0.0000
 -1.34696150e+00   0.0000
  1.56009763e-01   0.0000
 -1.03715909e+00   0.0000
 -6.61807775e-01   0.0000
  1.05499256e+00   0.0000
  8.49508286e-01   0.0000
 -4.38335955e-01   0.0000
 -3.27583104e-01   0.0000
  3.70789319e-02   0.0000
  8.05495083e-01   0.0000
 -2.15248108e-01   0.0000
 -9.48792160e-01   0.0000
  1.01177847e+00   0.0000
  7.14777946e-01   0.0000
  3.21033567e-01   0.0000
 -1.56042174e-01   0.0000
 -7.03012168e-01   0.0000
  6.20886683e-01   0.0000
 -3.34091336e-01   0.0000
  8.14916100e-03   0.0000
  4.73021455e-02   0.0000
 -2.71976709e-01   0.0000
  3.05364758e-01   0.0000
 -4.52502519e-01   0.0000
 -8.02643836e-01   0.0000
 -1.31763354e-01   0.0000
 -4.90584075e-01   0.0000
 -7.70973086e-01   0.0000
 -3.05390246e-02   0.0000
  4.16000336e-01   0.0000
 -6.42546192e-02   0.0000
 -2.66409338e-01   0.0000
 -9.01325718e-02   0.0000
  3.66771579e-01   0.0000
 -1.66956455e-01   0.0000
 -1.88786671e-01   0.0000
  4.40928221e-01   0.0000
 -6.41654968e-01   0.0000
 -1.74489355e+00   0.0000
  1.52609706e+00   0.0000
  9.38181579e-01   0.0000
 -3.17933589e-01   0.0000
 -2.07402915e-01   0.0000
 -1.19877136e+00   0.0000
 -1.51923299e+00   0.0000
  6.81858063e-01   0.0000
 -5.15719533e-01   0.0000
  4.02147323e-01   0.0000
  5.74449837e-01   0.0000
 -1.51718795e-01   0.0000
  1.08840787e+00   0.0000
  5.78849673e-01   0.0000
 -1.40142214e+00   0.0000
 -1.14605665e+00   0.0000
  1.75270200e+00   0.0000
  1.15547633e+00   0.0000
  1.47976196e+00   0.0000
 -3.58105093e-01   0.0000
  1.00437641e+00   0.0000
  1.22191298e+00   0.0000
 -2.17011943e-01   0.0000
 -1.40616488e+00   0.0000
 -1.41942954e+00   0.0000
  1.01069152e+00   0.0000
  1.18305194e+00   0.0000
 -1.43398166e+00   0.0000
 -8.01927686e-01   0.0000
 -1.38891172e+00   0.0000
 -1.39820540e+00   0.0000
  1.19102824e+00   0.0000
  1.60255000e-01   0.0000
  8.72528076e-01   0.0000
  1.30716991e+00   0.0000
 -2.76877344e-01   0.0000
  1.35436726e+00   0.0000
  1.03001940e+00   0.0000
 -1.60007155e+00   0.0000
 -1.40649664e+00   0.0000
  1.67120934e+00   0.0000
  1.15068614e+00   0.0000
  8.64335299e-01   0.0000
 -8.77042115e-01   0.0000
  1.15560567e+00   0.0000
  1.17428958e+00   0.0000
 -1.39815688e+00   0.0000
 -3.09414649e+00   0.0000
 -2.96951628e+00   0.0000
  2.53465009e+00   0.0000
  2.92138147e+00   0.0000
 -2.97684407e+00   0.0000
 -3.76038432e+00   0.0000
 -2.77038145e+00   0.0000
 -2.61108756e+00   0.0000
  2.53177500e+00   0.0000
 -4.63830024e-01   0.0000
  2.54398823e+00   0.0000
  2.90515947e+00   0.0000
 -4.40170199e-01   0.0000
  2.81036544e+00   0.0000
  2.51055574e+00   0.0000
 -2.85622048e+00   0.0000
 -2.64749217e+00   0.0000
  2.91950536e+00   0.0000
  2.38439751e+00   0.0000
  2.23585391e+00   0.0000
 -2.34226370e+00   0.0000
  1.63744891e+00   0.0000
  2.93696094e+00   0.0000
 -2.98306346e+00   0.0000
  0.00000000e+00   0.0000

