 5 0.000000 1
 1 
 Si 28.085500
 0 0.250001 4.500000 0.978124 1.000000 
 5 0 1 2 4 6
 8 2.25000 2.50000 2.75000 3.00000 3.25000 3.50000 3.75000 4.00000
 1 12.169200 6.172630 3.114710 0.755675 0.404939 0.036124 0.650018 0.572890
 5 40 24 24 16 1
  1.69102430e+00   0.0000
 -1.69832841e-01   0.0000
  3.03811431e+00   0.0000
  1.14863896e+00   0.0000
 -6.66500032e-01   0.0000
  1.57450247e+00   0.0000
 -9.38534319e-01   0.0000
 -1.87526441e+00   0.0000
 -1.07500660e+00   0.0000
 -1.72166085e+00   0.0000
 -7.44447887e-01   0.0000
 -4.35555339e-01   0.0000
 -1.35000348e+00   0.0000
  1.39993131e+00   0.0000
  1.40412235e+00   0.0000
 -9.38209891e-02   0.0000
  1.52606380e+00   0.0000
  7.36729383e-01   0.0000
 -1.06459297e-01   0.0000
  4.43762243e-01   0.0000
  3.17593122e+00   0.0000
  1.01483750e+00   0.0000
  3.90456587e-01   0.0000
 -7.60570526e-01   0.0000
  1.62635636e+00   0.0000
 -4.68929857e-01   0.0000
 -8.77156317e-01   0.0000
 -6.77286088e-01   0.0000
  8.30459714e-01   0.0000
  6.44320667e-01   0.0000
  2.78425545e-01   0.0000
 -1.92234051e+00   0.0000
 -9.43209171e-01   0.0000
 -1.61850655e+00   0.0000
 -5.95144570e-01   0.0000
 -1.01713049e+00   0.0000
 -1.32225692e+00   0.0000
  8.75590026e-01   0.0000
  1.43296349e+00   0.0000
  2.03820631e-01   0.0000
  7.81439245e-01   0.0000
 -3.92055213e-01   0.0000
  7.78687537e-01   0.0000
  8.31348836e-01   0.0000
 -5.02797030e-03   0.0000
  6.83590889e-01   0.0000
  4.83582914e-01   0.0000
 -5.91747999e-01   0.0000
  1.43925679e+00   0.0000
 -8.86810422e-01   0.0000
 -1.76892817e+00   0.0000
 -7.38267779e-01   0.0000
  1.97320914e+00   0.0000
 -7.78875828e-01   0.0000
  6.96349502e-01   0.0000
 -1.59653902e+00   0.0000
 -8.89856517e-01   0.0000
 -1.27617204e+00   0.0000
 -5.11535048e-01   0.0000
 -1.89043832e+00   0.0000
 -1.02823603e+00   0.0000
 -2.09396798e-02   0.0000
  1.21686375e+00   0.0000
  3.39513779e-01   0.0000
  4.90842283e-01   0.0000
 -1.20635462e+00   0.0000
  1.15146172e+00   0.0000
  8.84650946e-01   0.0000
 -6.69680476e-01   0.0000
  7.25669026e-01   0.0000
 -1.17835961e-01   0.0000
 -3.33222598e-01   0.0000
  1.53801608e+00   0.0000
 -9.72536623e-01   0.0000
 -8.80983412e-01   0.0000
  3.92390281e-01   0.0000
  1.90857685e+00   0.0000
 -1.61978269e+00   0.0000
  2.86184341e-01   0.0000
 -1.37335181e+00   0.0000
 -1.28067851e+00   0.0000
 -1.30900073e+00   0.0000
 -5.73104978e-01   0.0000
 -1.76243460e+00   0.0000
 -1.14232111e+00   0.0000
 -1.04755902e+00   0.0000
  1.13370156e+00   0.0000
  4.16888177e-01   0.0000
 -2.25400496e-02   0.0000
 -1.19630837e+00   0.0000
  1.06812608e+00   0.0000
  1.51254252e-01   0.0000
 -9.56234464e-04   0.0000
  5.43285012e-01   0.0000
 -7.47703671e-01   0.0000
 -3.49223852e-01   0.0000
  1.76849806e+00   0.0000
 -9.35576439e-01   0.0000
  6.94835067e-01   0.0000
  9.91308570e-01   0.0000
  1.95695674e+00   0.0000
 -1.20920753e+00   0.0000
 -3.14629406e-01   0.0000
 -8.65666509e-01   0.0000
 -9.70138192e-01   0.0000
 -1.24654984e+00   0.0000
 -5.33082545e-01   0.0000
 -1.23822951e+00   0.0000
 -1.17478216e+00   0.0000
 -1.38784695e+00   0.0000
  9.28104579e-01   0.0000
  2.25817367e-01   0.0000
 -1.02587208e-01   0.0000
 -3.93957406e-01   0.0000
 -3.59014422e-02   0.0000
 -3.99365187e-01   0.0000
 -4.12537009e-01   0.0000
  5.05004466e-01   0.0000
 -1.15119565e+00   0.0000
 -1.83783919e-01   0.0000
  1.87624407e+00   0.0000
 -1.07734275e+00   0.0000
  7.99012125e-01   0.0000
  3.71802062e-01   0.0000
  1.69817328e+00   0.0000
  2.95732349e-01   0.0000
 -6.76756382e-01   0.0000
 -5.42376578e-01   0.0000
 -8.89109612e-01   0.0000
 -9.15796340e-01   0.0000
 -2.66502976e-01   0.0000
 -1.43190950e-01   0.0000
 -7.49389589e-01   0.0000
 -6.09492898e-01   0.0000
  5.76748073e-01   0.0000
  6.86330736e-01   0.0000
 -6.63653195e-01   0.0000
 -5.11957884e-01   0.0000
 -6.24193966e-01   0.0000
 -2.40665480e-01   0.0000
 -1.99510777e+00   0.0000
  6.19750857e-01   0.0000
 -3.95824850e-01   0.0000
 -1.11411013e-01   0.0000
  1.70286715e+00   0.0000
 -8.99624825e-01   0.0000
  7.88528264e-01   0.0000
  1.55376107e-01   0.0000
  9.70660448e-01   0.0000
  1.18728900e+00   0.0000
 -6.31242871e-01   0.0000
  4.05287109e-02   0.0000
 -8.10256839e-01   0.0000
 -9.05667245e-01   0.0000
 -6.69631839e-01   0.0000
  8.41764808e-01   0.0000
 -7.66770005e-01   0.0000
  6.04552865e-01   0.0000
  3.71613652e-01   0.0000
  1.97440237e-01   0.0000
 -5.69645166e-01   0.0000
  1.77584291e-02   0.0000
 -8.88707042e-01   0.0000
 -5.80403861e-03   0.0000
 -6.05386734e-01   0.0000
  3.07097942e-01   0.0000
  6.58041894e-01   0.0000
  5.28177582e-02   0.0000
  1.65311372e+00   0.0000
 -4.97911483e-01   0.0000
  6.81470692e-01   0.0000
  4.90844160e-01   0.0000
  9.88773286e-01   0.0000
  4.51785237e-01   0.0000
 -7.61142731e-01   0.0000
  4.08592552e-01   0.0000
 -5.15871525e-01   0.0000
 -8.56724620e-01   0.0000
 -6.55362785e-01   0.0000
  8.36805522e-01   0.0000
 -3.74439567e-01   0.0000
  1.60136235e+00   0.0000
  7.42399216e-01   0.0000
 -3.43926132e-01   0.0000
 -1.80283949e-01   0.0000
  2.44840253e-02   0.0000
 -5.24785697e-01   0.0000
  5.70014179e-01   0.0000
  3.19046116e+00   0.0000
  2.36162201e-01   0.0000
  1.61951995e+00   0.0000
 -1.00221150e-01   0.0000
  7.50340462e-01   0.0000
  8.95677507e-01   0.0000
  2.44057983e-01   0.0000
  9.47593927e-01   0.0000
 -3.40227753e-01   0.0000
  2.59848148e-01   0.0000
  2.52314396e-02   0.0000
  6.78623378e-01   0.0000
  3.48003566e-01   0.0000
 -6.93653405e-01   0.0000
 -4.38773453e-01   0.0000
 -3.20600033e-01   0.0000
  5.25554836e-01   0.0000
  3.54184777e-01   0.0000
  4.40505415e-01   0.0000
  5.21892607e-01   0.0000
 -3.60472560e-01   0.0000
  1.39274383e+00   0.0000
  3.92520756e-01   0.0000
  9.17352080e-01   0.0000
 -2.68549830e-01   0.0000
 -2.57546633e-01   0.0000
 -1.55453587e+00   0.0000
  1.29968962e-02   0.0000
  5.50835490e-01   0.0000
  8.40463758e-01   0.0000
  1.79709733e-01   0.0000
  1.64079916e+00   0.0000
 -7.70243943e-01   0.0000
 -1.01225710e+00   0.0000
 -1.14220150e-01   0.0000
  5.11954606e-01   0.0000
  5.08009911e-01   0.0000
 -4.94529933e-01   0.0000
 -4.44655269e-01   0.0000
  6.25348568e-01   0.0000
  1.08823210e-01   0.0000
 -4.57680553e-01   0.0000
  3.96851420e-01   0.0000
  5.00544727e-01   0.0000
 -6.14018068e-02   0.0000
  1.05788052e+00   0.0000
 -5.44531047e-01   0.0000
  3.47604781e-01   0.0000
  5.79868138e-01   0.0000
 -1.36585146e-01   0.0000
 -1.06122494e+00   0.0000
 -6.48857951e-02   0.0000
  3.57200921e-01   0.0000
  7.67560244e-01   0.0000
 -2.64197111e-01   0.0000
  1.61459100e+00   0.0000
 -5.24154007e-01   0.0000
 -1.53478217e+00   0.0000
  1.56956509e-01   0.0000
  3.53212506e-01   0.0000
  5.34337983e-02   0.0000
 -2.39915892e-01   0.0000
 -6.85307710e-03   0.0000
  4.09614295e-01   0.0000
 -2.36825451e-01   0.0000
  9.49931666e-02   0.0000
  2.92623132e-01   0.0000
  4.33143437e-01   0.0000
 -2.08265066e-01   0.0000
  6.79504693e-01   0.0000
 -8.57861042e-01   0.0000
  2.07440227e-01   0.0000
  7.06889749e-01   0.0000
 -2.71999687e-01   0.0000
 -2.85885762e-02   0.0000
  5.00187874e-02   0.0000
  6.14927001e-02   0.0000
  5.65055192e-01   0.0000
 -1.35273501e-01   0.0000
  5.82416058e-01   0.0000
 -2.13692576e-01   0.0000
 -1.38478816e+00   0.0000
  4.83109951e-01   0.0000
 -7.80594954e-03   0.0000
  2.91150689e-01   0.0000
 -2.78755993e-01   0.0000
 -2.57118672e-01   0.0000
  7.32102871e-01   0.0000
  3.72264534e-02   0.0000
  2.75356919e-01   0.0000
 -2.91651450e-02   0.0000
  8.14446628e-01   0.0000
 -5.71330369e-01   0.0000
 -1.61380336e-01   0.0000
 -5.28530478e-01   0.0000
  8.31893682e-02   0.0000
 -3.46452981e-01   0.0000
 -4.37251963e-02   0.0000
  5.45363486e-01   0.0000
  1.16657734e-01   0.0000
 -1.24916829e-01   0.0000
 -5.11287600e-02   0.0000
 -4.52678241e-02   0.0000
 -2.18428507e-01   0.0000
  2.35113531e-01   0.0000
 -1.57478273e+00   0.0000
  3.98123056e-01   0.0000
  3.56290117e-02   0.0000
 -1.15504347e-01   0.0000
 -1.41481802e-01   0.0000
 -1.92402467e-01   0.0000
  3.53390098e-01   0.0000
 -1.27038047e-01   0.0000
  2.90735304e-01   0.0000
  1.45590156e-01   0.0000
  7.41322577e-01   0.0000
 -5.75524688e-01   0.0000
 -5.41086674e-01   0.0000
 -2.61124283e-01   0.0000
  2.22724840e-01   0.0000
 -8.66436541e-01   0.0000
 -3.72678608e-01   0.0000
  4.86123830e-01   0.0000
  5.69807738e-02   0.0000
 -5.62356338e-02   0.0000
 -1.39165288e-02   0.0000
  1.88964933e-01   0.0000
 -5.07662356e-01   0.0000
  1.26234755e-01   0.0000
 -1.10256016e+00   0.0000
 -4.31506485e-01   0.0000
 -1.87371194e-01   0.0000
  1.09428130e-01   0.0000
 -2.23049611e-01   0.0000
  7.73305744e-02   0.0000
  8.11285019e-01   0.0000
 -2.73860127e-01   0.0000
  3.34236145e-01   0.0000
  1.20883495e-01   0.0000
  2.36769035e-01   0.0000
 -1.34138241e-01   0.0000
 -8.27800274e-01   0.0000
  5.20266928e-02   0.0000
 -1.57247335e-01   0.0000
 -4.19364601e-01   0.0000
 -3.25783610e-01   0.0000
 -2.97823194e-02   0.0000
  1.37676239e-01   0.0000
  9.39920265e-03   0.0000
 -2.49310732e-01   0.0000
 -2.04445496e-02   0.0000
  5.97215854e-02   0.0000
  2.39428714e-01   0.0000
 -1.26842201e+00   0.0000
 -5.30459225e-01   0.0000
 -1.07924253e-01   0.0000
  4.69267704e-02   0.0000
  1.30200073e-01   0.0000
 -1.69867024e-01   0.0000
  7.11324453e-01   0.0000
  8.50801542e-03   0.0000
 -4.74070519e-01   0.0000
  8.17454606e-03   0.0000
  1.85894042e-01   0.0000
  2.90416256e-02   0.0000
 -8.82952452e-01   0.0000
 -1.00520998e-01   0.0000
 -4.49377447e-01   0.0000
  4.61732954e-01   0.0000
 -2.43503693e-02   0.0000
 -3.53676051e-01   0.0000
 -1.44490480e-01   0.0000
 -5.28067499e-02   0.0000
  7.76360109e-02   0.0000
  2.15392128e-01   0.0000
 -1.06073301e-02   0.0000
  4.69138995e-02   0.0000
 -1.09538496e+00   0.0000
 -6.32818162e-01   0.0000
  2.22585008e-01   0.0000
 -1.47201344e-01   0.0000
 -5.06215636e-03   0.0000
  1.67430714e-01   0.0000
  7.57649124e-01   0.0000
 -1.67880103e-01   0.0000
 -4.72262532e-01   0.0000
  1.07312933e-01   0.0000
  1.06083125e-01   0.0000
  1.69498883e-02   0.0000
 -7.94399142e-01   0.0000
 -1.04421467e-01   0.0000
 -3.24853808e-01   0.0000
  6.57615542e-01   0.0000
  5.73335327e-02   0.0000
 -3.36636871e-01   0.0000
 -3.76524292e-02   0.0000
  4.05442506e-01   0.0000
  7.08777964e-01   0.0000
  1.91375232e+00   0.0000
 -1.17930818e+00   0.0000
 -1.24226034e+00   0.0000
  1.01466462e-01   0.0000
 -4.12390679e-01   0.0000
  7.36785471e-01   0.0000
  8.47648457e-02   0.0000
 -4.53276306e-01   0.0000
 -2.52681285e-01   0.0000
 -4.90581810e-01   0.0000
 -3.01068097e-01   0.0000
 -5.81922889e-01   0.0000
  5.72683573e-01   0.0000
 -4.28591996e-01   0.0000
  4.71106291e-01   0.0000
  6.63502514e-01   0.0000
 -9.60102737e-01   0.0000
  2.84545243e-01   0.0000
 -1.95974946e+00   0.0000
  1.07208062e-02   0.0000
 -1.90248102e-01   0.0000
 -3.21933627e-01   0.0000
  3.36860836e-01   0.0000
  4.75982577e-01   0.0000
  1.52223527e-01   0.0000
 -1.53780758e+00   0.0000
  5.77561138e-03   0.0000
 -9.22612607e-01   0.0000
  4.59735781e-01   0.0000
  6.04846895e-01   0.0000
  4.37024027e-01   0.0000
 -1.22532934e-01   0.0000
 -3.42033803e-01   0.0000
 -1.33428648e-01   0.0000
 -9.86014213e-03   0.0000
 -3.08061123e-01   0.0000
  3.21809530e-01   0.0000
 -1.17143795e-01   0.0000
  3.85336578e-01   0.0000
  1.16836287e-01   0.0000
 -5.53715765e-01   0.0000
  9.03330564e-01   0.0000
 -1.49553105e-01   0.0000
 -8.56143013e-02   0.0000
  1.29960930e+00   0.0000
  4.93864976e-02   0.0000
  1.90168276e-01   0.0000
  4.77602065e-01   0.0000
 -3.51328492e-01   0.0000
 -1.27900338e+00   0.0000
  7.30482519e-01   0.0000
 -1.07218707e+00   0.0000
  5.45867264e-01   0.0000
  3.65760088e-01   0.0000
  8.90077949e-02   0.0000
 -3.25330913e-01   0.0000
 -2.54419357e-01   0.0000
  2.34134808e-01   0.0000
  4.78232875e-02   0.0000
 -7.23406315e-01   0.0000
  1.07129931e-01   0.0000
 -8.65428522e-02   0.0000
  4.44900990e-01   0.0000
 -5.53255260e-01   0.0000
 -3.72770727e-01   0.0000
  1.06167758e+00   0.0000
  1.14320815e+00   0.0000
  1.49807692e-01   0.0000
  1.23296344e+00   0.0000
 -2.18039438e-01   0.0000
  4.84101959e-02   0.0000
  3.67545009e-01   0.0000
 -6.51604831e-02   0.0000
  1.75965130e-01   0.0000
  4.76170629e-01   0.0000
 -9.43888903e-01   0.0000
  4.77927476e-01   0.0000
  3.93291920e-01   0.0000
  1.20545989e-02   0.0000
 -3.76581341e-01   0.0000
  5.13651073e-02   0.0000
 -1.22950241e-01   0.0000
  2.93592721e-01   0.0000
 -7.50315130e-01   0.0000
  3.54473710e-01   0.0000
  2.35132590e-01   0.0000
  4.78764355e-01   0.0000
 -5.67650497e-01   0.0000
 -1.90032884e-01   0.0000
  6.98083758e-01   0.0000
  1.03808212e+00   0.0000
 -2.79925585e-01   0.0000
  2.31839031e-01   0.0000
 -3.18557143e-01   0.0000
 -1.47088751e-01   0.0000
 -3.90000157e-02   0.0000
  5.57196259e-01   0.0000
  4.98443633e-01   0.0000
  5.22548616e-01   0.0000
 -2.52388686e-01   0.0000
  1.62002310e-01   0.0000
  8.37034434e-02   0.0000
 -1.18123457e-01   0.0000
 -4.25364286e-01   0.0000
 -1.44954175e-01   0.0000
 -8.75711218e-02   0.0000
  2.66253740e-01   0.0000
 -1.02630413e+00   0.0000
 -1.33487985e-01   0.0000
 -6.24757297e-02   0.0000
  6.89833820e-01   0.0000
 -5.70335090e-01   0.0000
  1.81950003e-01   0.0000
  2.89442718e-01   0.0000
  4.09101307e-01   0.0000
 -2.15930790e-01   0.0000
 -4.92741525e-01   0.0000
 -7.83268437e-02   0.0000
 -9.03903693e-02   0.0000
  1.56596005e-01   0.0000
  7.38155961e-01   0.0000
  5.87209225e-01   0.0000
  3.41776818e-01   0.0000
 -4.67697650e-01   0.0000
  2.53177918e-02   0.0000
  7.29442015e-02   0.0000
  1.83537547e-02   0.0000
 -1.61221385e-01   0.0000
 -2.65872598e-01   0.0000
 -3.65307838e-01   0.0000
 -1.30555570e-01   0.0000
 -1.13586426e+00   0.0000
  1.85745344e-01   0.0000
  2.24036485e-01   0.0000
  1.77632913e-01   0.0000
 -5.23767173e-01   0.0000
  2.62294054e-01   0.0000
  1.14113308e-01   0.0000
  5.01547694e-01   0.0000
  2.69803964e-03   0.0000
 -5.70430815e-01   0.0000
 -2.19770491e-01   0.0000
  2.41942942e-01   0.0000
 -2.45412350e-01   0.0000
  7.28255987e-01   0.0000
  2.23401532e-01   0.0000
  4.43611413e-01   0.0000
 -5.66202700e-01   0.0000
  4.28294018e-02   0.0000
  1.02257736e-01   0.0000
  9.89370644e-02   0.0000
 -2.17580527e-01   0.0000
  8.77154022e-02   0.0000
 -3.69465232e-01   0.0000
  1.76833674e-01   0.0000
 -6.56055152e-01   0.0000
  2.07549199e-01   0.0000
 -2.37957649e-02   0.0000
  1.00015581e-01   0.0000
 -4.33429867e-01   0.0000
 -1.31242111e-01   0.0000
 -1.80732712e-01   0.0000
  4.42017198e-01   0.0000
  7.98678100e-02   0.0000
 -8.97317648e-01   0.0000
 -1.83444202e-01   0.0000
  2.04091176e-01   0.0000
 -1.59416236e-02   0.0000
  4.78403211e-01   0.0000
 -2.84726061e-02   0.0000
  2.25733832e-01   0.0000
 -1.60737544e-01   0.0000
  6.87741563e-02   0.0000
  2.10088640e-01   0.0000
 -2.79787369e-03   0.0000
  3.46168294e-03   0.0000
  1.93426639e-01   0.0000
 -1.52147919e-01   0.0000
  9.55784619e-02   0.0000
 -5.10644674e-01   0.0000
 -7.58100748e-02   0.0000
  1.68326080e-01   0.0000
  2.42540911e-01   0.0000
 -1.16102219e-01   0.0000
 -3.06033731e-01   0.0000
 -2.64885694e-01   0.0000
  5.20849228e-01   0.0000
  1.44124448e-01   0.0000
 -6.64021850e-01   0.0000
  9.17930752e-02   0.0000
 -7.08132386e-01   0.0000
 -1.81342408e-01   0.0000
  1.49902368e+00   0.0000
 -3.25129360e-01   0.0000
  3.99965554e-01   0.0000
  6.05100572e-01   0.0000
 -2.11713850e-01   0.0000
 -1.41982043e+00   0.0000
  8.95831510e-02   0.0000
  9.81528759e-01   0.0000
  3.91993374e-01   0.0000
  1.14458025e+00   0.0000
  5.94644129e-01   0.0000
  1.35736322e+00   0.0000
 -9.99970615e-01   0.0000
  4.14879227e+00   0.0000
 -6.06063223e+00   0.0000
  3.95583391e-01   0.0000
  5.50151646e-01   0.0000
 -5.78947246e-01   0.0000
  1.20534074e+00   0.0000
  6.81463480e-01   0.0000
  3.07888889e+00   0.0000
 -5.82693517e-01   0.0000
 -7.84304023e-01   0.0000
  5.78870252e-02   0.0000
 -1.31387591e+00   0.0000
 -1.15306306e+00   0.0000
 -2.87738562e-01   0.0000
 -1.50967419e-01   0.0000
  4.78722036e-01   0.0000
 -1.00955582e+00   0.0000
 -1.04451343e-01   0.0000
  1.25993645e+00   0.0000
  5.12451708e-01   0.0000
  8.36604178e-01   0.0000
  7.09909201e-01   0.0000
  2.01824069e-01   0.0000
 -1.04883742e+00   0.0000
  3.36923385e+00   0.0000
 -3.25285149e+00   0.0000
  3.51052642e-01   0.0000
  4.71346855e-01   0.0000
 -1.50917888e+00   0.0000
 -1.63413978e+00   0.0000
  6.89441979e-01   0.0000
  1.42828658e-01   0.0000
 -6.86753094e-01   0.0000
 -6.88521802e-01   0.0000
  1.68937027e-01   0.0000
 -2.25807741e-01   0.0000
  4.78922501e-02   0.0000
 -8.26148868e-01   0.0000
 -2.06181788e+00   0.0000
 -2.46072903e-01   0.0000
 -9.36714590e-01   0.0000
  2.54377127e-01   0.0000
  1.20541549e+00   0.0000
  1.55138522e-01   0.0000
  2.20411345e-01   0.0000
  3.77288938e-01   0.0000
 -1.47945726e+00   0.0000
 -6.44993961e-01   0.0000
  1.23091865e+00   0.0000
 -1.44804466e+00   0.0000
  4.26764876e-01   0.0000
 -5.72114475e-02   0.0000
 -8.15932631e-01   0.0000
 -3.68295342e-01   0.0000
  3.11167181e-01   0.0000
 -1.52209759e+00   0.0000
 -7.39183366e-01   0.0000
 -2.08070472e-01   0.0000
  4.41932194e-02   0.0000
 -3.20660286e-02   0.0000
  7.17822671e-01   0.0000
 -1.14466906e+00   0.0000
 -1.23744226e+00   0.0000
 -8.59324276e-01   0.0000
 -1.49373248e-01   0.0000
  2.45997787e-01   0.0000
  4.45554554e-01   0.0000
  1.03677489e-01   0.0000
 -3.93600643e-01   0.0000
  8.04420784e-02   0.0000
 -9.06060413e-02   0.0000
 -1.15420505e-01   0.0000
 -1.81552231e-01   0.0000
 -1.89844573e+00   0.0000
  5.70953667e-01   0.0000
 -3.12560260e-01   0.0000
 -1.76587597e-01   0.0000
  9.63343978e-02   0.0000
  2.93395489e-01   0.0000
  4.50889200e-01   0.0000
 -4.50582564e-01   0.0000
  6.74875528e-02   0.0000
 -3.07402145e-02   0.0000
  1.84195071e-01   0.0000
  1.98492706e-01   0.0000
 -9.98959482e-01   0.0000
 -6.02915525e-01   0.0000
 -5.20946562e-01   0.0000
 -3.86422992e-01   0.0000
  5.94554506e-02   0.0000
  1.20615497e-01   0.0000
  1.98407650e-01   0.0000
 -1.19495893e+00   0.0000
  2.28062451e-01   0.0000
  7.34075189e-01   0.0000
  1.49015576e-01   0.0000
 -3.91606629e-01   0.0000
 -2.88693237e+00   0.0000
  4.76980209e-01   0.0000
  5.56868613e-01   0.0000
  3.64840388e-01   0.0000
 -5.06143630e-01   0.0000
  1.01511247e-01   0.0000
  1.64111507e+00   0.0000
 -3.13179702e-01   0.0000
  3.43149304e-02   0.0000
  4.72596511e-02   0.0000
  1.84529185e-01   0.0000
 -8.47601354e-01   0.0000
 -4.81117040e-01   0.0000
 -1.36690378e+00   0.0000
 -5.79988301e-01   0.0000
 -2.05908511e-02   0.0000
  6.51458204e-02   0.0000
  1.09486379e-01   0.0000
 -1.51156709e-01   0.0000
 -1.06756389e+00   0.0000
 -3.83610018e-02   0.0000
  2.14452475e-01   0.0000
 -1.30344376e-01   0.0000
  1.90226659e-01   0.0000
 -2.61952686e+00   0.0000
 -9.25786868e-02   0.0000
  4.00503963e-01   0.0000
  1.42774329e-01   0.0000
 -1.05399585e+00   0.0000
  3.50228190e-01   0.0000
  1.01401436e+00   0.0000
 -3.08368474e-01   0.0000
 -1.41648293e-01   0.0000
  1.45822689e-02   0.0000
  7.52275527e-01   0.0000
 -8.35860074e-01   0.0000
  1.08075142e-01   0.0000
 -1.95909095e+00   0.0000
 -1.55801177e-01   0.0000
  1.08263241e-02   0.0000
  8.17727968e-02   0.0000
  2.38201335e-01   0.0000
 -1.14046894e-01   0.0000
 -4.29115474e-01   0.0000
 -1.64690375e-01   0.0000
 -1.24442565e+00   0.0000
  9.71434638e-02   0.0000
  2.27250710e-01   0.0000
 -1.90041125e+00   0.0000
  2.84760714e-01   0.0000
  4.08950597e-01   0.0000
 -9.92075577e-02   0.0000
 -7.74374664e-01   0.0000
  8.56302381e-02   0.0000
 -9.45235074e-01   0.0000
  6.78992942e-02   0.0000
  2.13715822e-01   0.0000
  1.33400410e-01   0.0000
  4.36792135e-01   0.0000
 -2.41762623e-01   0.0000
  1.60409465e-01   0.0000
 -1.92699063e+00   0.0000
 -2.50520676e-01   0.0000
 -2.84861952e-01   0.0000
  1.39598519e-01   0.0000
  2.51265943e-01   0.0000
  3.28770629e-03   0.0000
 -3.71800393e-01   0.0000
 -4.17998545e-02   0.0000
 -1.13897073e+00   0.0000
 -1.97764784e-01   0.0000
  1.80600286e-01   0.0000
 -1.01046991e+00   0.0000
 -3.03115621e-02   0.0000
 -8.56381878e-02   0.0000
 -3.58975828e-02   0.0000
 -4.89736408e-01   0.0000
  1.19614847e-01   0.0000
 -1.69449115e+00   0.0000
 -2.34530270e-01   0.0000
  2.20033512e-01   0.0000
 -2.58168161e-01   0.0000
 -4.97064322e-01   0.0000
 -1.17697430e+00   0.0000
  1.35240936e+00   0.0000
 -1.29467502e-01   0.0000
  8.62512529e-01   0.0000
 -1.23616874e+00   0.0000
 -7.21945763e-02   0.0000
 -7.40844667e-01   0.0000
 -5.52093208e-01   0.0000
 -2.52080828e-01   0.0000
  7.80041158e-01   0.0000
 -1.98619097e-01   0.0000
  4.23905730e-01   0.0000
  3.64120173e+00   0.0000
  6.59000158e-01   0.0000
  4.50186759e-01   0.0000
 -3.85407329e-01   0.0000
  9.09570396e-01   0.0000
 -5.85502684e-01   0.0000
  3.77949655e-01   0.0000
 -1.00572973e-01   0.0000
 -3.08195442e-01   0.0000
  2.38573775e-02   0.0000
 -7.57350251e-02   0.0000
  3.03007990e-01   0.0000
 -4.61005867e-01   0.0000
  2.77891189e-01   0.0000
  1.21989059e+00   0.0000
  3.12297016e-01   0.0000
 -1.26782787e+00   0.0000
 -2.81184554e-01   0.0000
 -1.57098994e-01   0.0000
 -4.75479484e-01   0.0000
  3.15685898e-01   0.0000
  6.60011470e-01   0.0000
 -5.15893638e-01   0.0000
  4.75004792e-01   0.0000
  1.77527094e+00   0.0000
 -1.38857635e-02   0.0000
  2.89647490e-01   0.0000
  8.46202970e-01   0.0000
  5.68658188e-02   0.0000
  1.29902995e+00   0.0000
  5.84545851e-01   0.0000
  1.41062424e-01   0.0000
  7.61392787e-02   0.0000
 -3.74066591e-01   0.0000
  3.27553123e-01   0.0000
 -3.81345510e-01   0.0000
  9.82649565e-01   0.0000
 -5.66439986e-01   0.0000
 -4.33775306e-01   0.0000
  3.40202361e-01   0.0000
 -8.68099272e-01   0.0000
 -5.20900041e-02   0.0000
 -1.59982219e-01   0.0000
 -1.03634462e-01   0.0000
  4.49117035e-01   0.0000
 -1.55715302e-01   0.0000
 -1.68109500e+00   0.0000
  6.81845129e-01   0.0000
  3.04822594e-01   0.0000
 -5.95461547e-01   0.0000
  5.14504313e-01   0.0000
  1.33419406e+00   0.0000
 -3.51767629e-01   0.0000
  9.96660113e-01   0.0000
  2.48752281e-01   0.0000
 -3.36486399e-01   0.0000
 -4.93366197e-02   0.0000
 -8.94055739e-02   0.0000
  3.79458427e-01   0.0000
 -1.70420587e+00   0.0000
 -8.61284077e-01   0.0000
 -1.23125267e+00   0.0000
 -6.91489160e-01   0.0000
  1.42150557e+00   0.0000
 -4.78859365e-01   0.0000
 -3.14939320e-01   0.0000
 -3.79055142e-01   0.0000
 -3.33351105e-01   0.0000
  7.97848463e-01   0.0000
 -2.83637643e-01   0.0000
 -8.46436441e-01   0.0000
  3.50096643e-01   0.0000
 -7.78647736e-02   0.0000
 -3.69376272e-01   0.0000
  2.01343268e-01   0.0000
  7.51041353e-01   0.0000
  2.08055377e-02   0.0000
 -7.73407400e-01   0.0000
  3.52922261e-01   0.0000
 -8.18484902e-01   0.0000
 -1.36987224e-01   0.0000
  1.90018967e-01   0.0000
 -1.22660570e-01   0.0000
  2.30095148e-01   0.0000
  2.77594149e-01   0.0000
 -1.07008231e+00   0.0000
 -1.59057915e-01   0.0000
  1.11015856e+00   0.0000
 -2.26000190e-01   0.0000
 -1.76397257e-03   0.0000
 -1.42402217e-01   0.0000
  6.81220144e-02   0.0000
  1.42461032e-01   0.0000
 -2.20222741e-01   0.0000
 -4.17043120e-01   0.0000
  5.12233555e-01   0.0000
  4.53684092e-01   0.0000
  1.65720189e+00   0.0000
  3.61228406e-01   0.0000
  2.71483481e-01   0.0000
  2.12297365e-02   0.0000
 -3.59165579e-01   0.0000
  3.56862396e-02   0.0000
 -1.91285419e+00   0.0000
  1.60506263e-01   0.0000
  9.52748805e-02   0.0000
  1.93506479e-01   0.0000
 -1.95150240e-03   0.0000
  1.21061087e+00   0.0000
 -2.86715239e-01   0.0000
 -1.11896219e-02   0.0000
  2.98647843e-02   0.0000
 -4.41620797e-01   0.0000
 -3.39679644e-02   0.0000
 -3.11133862e-01   0.0000
 -2.06078947e-01   0.0000
 -1.92421880e-02   0.0000
 -4.42213476e-01   0.0000
  1.07898466e-01   0.0000
  1.78294227e-01   0.0000
  1.18879342e+00   0.0000
  1.55920410e+00   0.0000
  6.85785338e-02   0.0000
 -1.35169417e-01   0.0000
  1.13613725e-01   0.0000
  3.91587496e-01   0.0000
  1.58368051e-01   0.0000
 -6.86061978e-01   0.0000
  1.92280233e-01   0.0000
  2.17907071e-01   0.0000
 -9.03108791e-02   0.0000
 -1.02718449e+00   0.0000
  7.58060694e-01   0.0000
  8.28788280e-02   0.0000
  7.44698763e-01   0.0000
 -7.57096827e-01   0.0000
 -4.26633269e-01   0.0000
  9.68441814e-02   0.0000
  9.87785086e-02   0.0000
  1.37870789e-01   0.0000
 -6.41745269e-01   0.0000
 -2.03944549e-01   0.0000
  2.52745688e-01   0.0000
 -2.42700994e-01   0.0000
  1.09104359e+00   0.0000
  7.06515670e-01   0.0000
 -4.51419279e-02   0.0000
  2.98338681e-01   0.0000
  9.83071923e-02   0.0000
 -3.14160705e-01   0.0000
  3.14204097e-01   0.0000
  6.23924553e-01   0.0000
 -9.64051485e-02   0.0000
 -1.53272033e-01   0.0000
 -1.24079511e-02   0.0000
 -1.07879519e+00   0.0000
  1.83843434e-01   0.0000
  1.13052502e-01   0.0000
  8.19992483e-01   0.0000
 -7.86990047e-01   0.0000
  4.14452404e-02   0.0000
  1.68653592e-01   0.0000
  1.69400498e-01   0.0000
 -2.39795484e-02   0.0000
 -6.34735942e-01   0.0000
  2.40760475e-01   0.0000
 -2.98025813e-02   0.0000
  5.44641428e-02   0.0000
  7.04336941e-01   0.0000
  2.13154722e-02   0.0000
 -4.37490344e-02   0.0000
  7.22941101e-01   0.0000
  5.94106913e-01   0.0000
 -2.36980066e-01   0.0000
 -1.35902584e-01   0.0000
  9.10706222e-01   0.0000
  2.26056725e-01   0.0000
  2.29525298e-01   0.0000
  7.95749962e-01   0.0000
 -3.00827289e+00   0.0000
 -4.06454325e+00   0.0000
 -1.10720110e+00   0.0000
 -9.32056550e-03   0.0000
  8.02505612e-01   0.0000
  4.95662123e-01   0.0000
  8.50858450e-01   0.0000
  6.72586262e-01   0.0000
 -1.04786329e-01   0.0000
  4.14511585e+00   0.0000
  1.02273118e+00   0.0000
  1.09764683e+00   0.0000
  2.55656213e-01   0.0000
  1.11512423e+00   0.0000
 -3.35241342e+00   0.0000
  5.32818437e-02   0.0000
 -4.69257021e+00   0.0000
  4.25480902e-02   0.0000
 -8.39554596e+00   0.0000
  5.35795242e-02   0.0000
  2.16276318e-01   0.0000
 -9.17370617e-01   0.0000
 -8.46772715e-02   0.0000
  2.12713450e-01   0.0000
  6.91641197e-02   0.0000
  4.99860644e-01   0.0000
  4.03175294e-01   0.0000
  1.04319289e-01   0.0000
  2.56065965e-01   0.0000
 -8.07711124e-01   0.0000
  2.21871153e-01   0.0000
 -2.38857225e-01   0.0000
 -7.65300691e-02   0.0000
 -4.73309338e-01   0.0000
  2.13170543e-01   0.0000
 -1.67519048e-01   0.0000
 -7.66773196e-03   0.0000
  3.64466965e-01   0.0000
  5.08754671e-01   0.0000
  6.17971197e-02   0.0000
 -4.92586970e-01   0.0000
 -6.56134784e-02   0.0000
 -4.22161102e-01   0.0000
  1.68179959e-01   0.0000
  2.95889914e-01   0.0000
 -1.81137159e-01   0.0000
 -1.87472790e-03   0.0000
 -4.23959374e-01   0.0000
 -9.04564112e-02   0.0000
 -7.20376372e-01   0.0000
 -5.95507383e-01   0.0000
 -2.40595803e-01   0.0000
 -8.71259123e-02   0.0000
  1.45764911e+00   0.0000
 -1.11609071e-01   0.0000
  7.16546178e-01   0.0000
 -1.00092039e-01   0.0000
  7.23243892e-01   0.0000
  5.89117482e-02   0.0000
  4.23852026e-01   0.0000
  7.16691434e-01   0.0000
 -7.36305833e-01   0.0000
 -7.48300970e-01   0.0000
 -1.21856473e-01   0.0000
  5.71261048e-01   0.0000
  1.02321945e-01   0.0000
  5.34997992e-02   0.0000
  1.28965870e-01   0.0000
 -4.27241892e-01   0.0000
 -1.51304960e-01   0.0000
 -9.39623654e-01   0.0000
  1.60319716e-01   0.0000
  1.32613271e-01   0.0000
 -1.34643888e+00   0.0000
  6.41114354e-01   0.0000
 -6.05163574e-01   0.0000
 -9.09320652e-01   0.0000
  3.35376811e+00   0.0000
  3.41289073e-01   0.0000
 -1.69142056e+00   0.0000
  1.16237295e+00   0.0000
  1.35108268e+00   0.0000
  4.32093233e-01   0.0000
  1.28879476e+00   0.0000
  3.56305063e-01   0.0000
  4.38551456e-01   0.0000
 -1.76610315e+00   0.0000
 -1.17844231e-01   0.0000
  1.99430883e-01   0.0000
  1.67229438e+00   0.0000
 -1.27834484e-01   0.0000
  3.40161502e-01   0.0000
 -1.06191182e+00   0.0000
 -3.01992204e-02   0.0000
 -1.07677388e+00   0.0000
  1.42613173e+00   0.0000
  4.26904485e-03   0.0000
 -1.20148242e+00   0.0000
 -2.75412023e-01   0.0000
 -5.25789976e-01   0.0000
 -1.05028641e+00   0.0000
  2.81874895e+00   0.0000
 -8.66752565e-02   0.0000
 -9.37762797e-01   0.0000
  8.68073523e-01   0.0000
  7.32466340e-01   0.0000
  6.06815875e-01   0.0000
  1.33834982e+00   0.0000
 -1.09238994e+00   0.0000
 -6.36221170e-02   0.0000
 -1.51745033e+00   0.0000
 -2.19007879e-01   0.0000
 -3.01438332e-01   0.0000
  1.43760979e+00   0.0000
  7.41268843e-02   0.0000
 -7.33459741e-02   0.0000
 -4.20511723e-01   0.0000
 -2.68868536e-01   0.0000
  9.06821042e-02   0.0000
  1.82483971e-01   0.0000
  6.07262373e-01   0.0000
  7.53380716e-01   0.0000
  6.83301985e-01   0.0000
  6.29443049e-01   0.0000
  4.12751555e-01   0.0000
 -1.03266680e+00   0.0000
  2.95384645e-01   0.0000
  2.79534727e-01   0.0000
 -3.86984944e-01   0.0000
  5.63502610e-02   0.0000
 -3.00338715e-01   0.0000
 -4.12435949e-01   0.0000
  1.27881065e-01   0.0000
  1.00558615e+00   0.0000
  3.01833868e+00   0.0000
  1.74513653e-01   0.0000
 -2.18192369e-01   0.0000
 -6.34028316e-01   0.0000
 -1.67931646e-01   0.0000
 -1.01134321e-02   0.0000
  7.45200366e-02   0.0000
  4.08650577e-01   0.0000
  1.07173371e+00   0.0000
  2.28268564e-01   0.0000
 -6.20805264e-01   0.0000
  1.46818089e+00   0.0000
 -5.51322103e-01   0.0000
  6.97469532e-01   0.0000
  7.16990769e-01   0.0000
 -2.59076118e+00   0.0000
 -3.00373405e-01   0.0000
  4.41400588e-01   0.0000
 -1.23001683e+00   0.0000
 -9.33603585e-01   0.0000
 -5.59218645e-01   0.0000
 -1.26719773e+00   0.0000
  2.09005380e+00   0.0000
 -2.05533361e+00   0.0000
 -1.88428891e+00   0.0000
  5.65878808e-01   0.0000
 -3.18638504e-01   0.0000
 -1.12171829e+00   0.0000
  3.72268260e-01   0.0000
 -2.57698059e-01   0.0000
  7.04310894e-01   0.0000
  4.76996154e-01   0.0000
  7.18722522e-01   0.0000
  4.19469535e-01   0.0000
 -2.05512151e-01   0.0000
  9.57410634e-01   0.0000
  5.63937724e-01   0.0000
  3.47185582e-01   0.0000
  7.60366499e-01   0.0000
 -2.64759994e+00   0.0000
  1.29972920e-01   0.0000
  1.09018517e+00   0.0000
 -1.72133744e+00   0.0000
 -1.02984488e+00   0.0000
 -3.28728765e-01   0.0000
 -8.08294594e-01   0.0000
 -8.60855639e-01   0.0000
 -1.68041456e+00   0.0000
  1.39098644e+00   0.0000
  3.29753876e-01   0.0000
 -4.86908406e-01   0.0000
 -1.14120841e+00   0.0000
  2.90043205e-01   0.0000
 -3.47343385e-01   0.0000
  7.91443348e-01   0.0000
  2.22564951e-01   0.0000
 -1.05850756e-01   0.0000
  1.83499083e-01   0.0000
 -6.25366420e-02   0.0000
 -7.96721727e-02   0.0000
 -8.65902603e-01   0.0000
 -4.28541340e-02   0.0000
 -6.24230914e-02   0.0000
  4.91851896e-01   0.0000
 -3.45257491e-01   0.0000
 -1.66536599e-01   0.0000
 -1.56257734e-01   0.0000
  4.34090316e-01   0.0000
 -7.00180009e-02   0.0000
  2.41621301e-01   0.0000
  1.60707518e-01   0.0000
  8.02418172e-01   0.0000
 -3.56685556e-02   0.0000
 -3.16752829e-02   0.0000
  1.86037943e-01   0.0000
  4.73788261e-01   0.0000
 -7.38503486e-02   0.0000
  4.41790698e-03   0.0000
 -6.30796671e-01   0.0000
 -1.75091967e-01   0.0000
 -2.65287608e-01   0.0000
  5.26797593e-01   0.0000
  2.56593943e-01   0.0000
 -1.42012462e-01   0.0000
 -1.01382875e+00   0.0000
 -1.24609828e-01   0.0000
  2.81049103e-01   0.0000
  8.97658765e-01   0.0000
 -3.34150136e-01   0.0000
 -1.02297284e-01   0.0000
 -1.00835338e-01   0.0000
  9.71819520e-01   0.0000
  8.80743414e-02   0.0000
  4.40063417e-01   0.0000
  1.82239518e-01   0.0000
  6.05728626e-01   0.0000
  8.73466134e-01   0.0000
  3.24018836e-01   0.0000
 -1.52283490e-01   0.0000
  4.04303044e-01   0.0000
  1.37503415e-01   0.0000
 -1.96133986e-01   0.0000
 -8.17525923e-01   0.0000
  1.41616598e-01   0.0000
 -2.61743993e-01   0.0000
 -3.10585767e-01   0.0000
 -3.67115557e-01   0.0000
 -1.01476359e+00   0.0000
  1.49468360e-02   0.0000
  1.12042569e-01   0.0000
 -6.49351478e-01   0.0000
  1.84298873e+00   0.0000
  1.50419995e-01   0.0000
  2.99916476e-01   0.0000
  3.27656381e-02   0.0000
  7.10876942e-01   0.0000
 -7.03667924e-02   0.0000
  4.68924493e-01   0.0000
 -3.50246578e-01   0.0000
 -6.18585706e-01   0.0000
 -5.22437930e-01   0.0000
 -3.23583663e-01   0.0000
  2.58457899e-01   0.0000
  2.49375030e-01   0.0000
  5.21727428e-02   0.0000
 -1.78083211e-01   0.0000
 -8.56890142e-01   0.0000
  1.85937912e-03   0.0000
 -1.35978341e-01   0.0000
 -3.48472923e-01   0.0000
 -2.53925174e-01   0.0000
 -3.65012109e-01   0.0000
 -5.20374894e-01   0.0000
  9.54516605e-02   0.0000
  4.08622064e-02   0.0000
  1.03035009e+00   0.0000
 -1.57398656e-01   0.0000
  3.32130700e-01   0.0000
  2.82588601e-01   0.0000
  6.89809084e-01   0.0000
  1.04287684e-01   0.0000
  1.51682809e-01   0.0000
  3.09856944e-02   0.0000
 -2.95138866e-01   0.0000
  3.89794894e-02   0.0000
 -5.46230609e-03   0.0000
  2.46805981e-01   0.0000
  4.82334822e-01   0.0000
  3.05615991e-01   0.0000
 -3.08918599e-02   0.0000
 -4.20028389e-01   0.0000
 -9.32383835e-02   0.0000
 -3.13832104e-01   0.0000
 -1.59789287e-02   0.0000
  7.49742985e-01   0.0000
 -4.99476075e-01   0.0000
  4.79020596e-01   0.0000
 -4.85789031e-01   0.0000
 -5.18162847e-01   0.0000
  1.56540132e+00   0.0000
  8.21873825e-03   0.0000
  3.91753644e-01   0.0000
 -1.16978660e-01   0.0000
  1.03896451e+00   0.0000
  1.83834091e-01   0.0000
  9.11455274e-01   0.0000
 -1.14602125e+00   0.0000
 -1.78725886e+00   0.0000
 -2.65780330e+00   0.0000
 -6.58315063e-01   0.0000
  8.61891747e-01   0.0000
  2.74676591e-01   0.0000
  5.12481853e-02   0.0000
  3.76562834e-01   0.0000
 -7.32021153e-01   0.0000
 -3.36354792e-01   0.0000
  2.06402972e-01   0.0000
 -3.60219508e-01   0.0000
 -2.63089061e-01   0.0000
  1.66189387e-01   0.0000
 -1.20409203e+00   0.0000
  5.16349912e-01   0.0000
  1.33501977e-01   0.0000
  9.19803143e-01   0.0000
 -1.31520465e-01   0.0000
  6.51292980e-01   0.0000
 -2.48015404e-01   0.0000
  5.91574728e-01   0.0000
 -5.02263188e-01   0.0000
 -8.35620835e-02   0.0000
  1.95324663e-02   0.0000
 -4.65886950e-01   0.0000
  1.74731243e+00   0.0000
  3.12755883e-01   0.0000
 -8.73497874e-02   0.0000
  5.91309033e-02   0.0000
  4.59430158e-01   0.0000
 -6.84534460e-02   0.0000
 -2.38650277e-01   0.0000
  6.26360476e-01   0.0000
  6.82609141e-01   0.0000
 -9.64423358e-01   0.0000
 -8.41502994e-02   0.0000
  4.76925582e-01   0.0000
 -1.18244576e+00   0.0000
  5.99737585e-01   0.0000
  4.52855051e-01   0.0000
 -9.61537600e-01   0.0000
  1.13505453e-01   0.0000
 -2.12735832e-01   0.0000
 -1.26001382e+00   0.0000
 -1.02144217e+00   0.0000
 -3.19426417e-01   0.0000
 -5.58493555e-01   0.0000
  1.25593126e+00   0.0000
 -6.55205309e-01   0.0000
  9.59804595e-01   0.0000
  6.19711392e-02   0.0000
 -3.14377934e-01   0.0000
 -7.36434877e-01   0.0000
  1.54928058e-01   0.0000
 -1.71879739e-01   0.0000
  8.24500144e-01   0.0000
  7.35119045e-01   0.0000
 -5.14457636e-02   0.0000
 -1.62546076e-02   0.0000
  1.15265317e-01   0.0000
  6.79694712e-01   0.0000
  6.14155196e-02   0.0000
 -2.95851864e-02   0.0000
  5.03054976e-01   0.0000
 -8.47139478e-01   0.0000
  1.67957053e-01   0.0000
  3.68909203e-02   0.0000
 -2.66637504e-01   0.0000
 -1.66034967e-01   0.0000
  1.56437427e-01   0.0000
 -3.68548304e-01   0.0000
  3.28724205e-01   0.0000
  2.97443181e-01   0.0000
  2.66685694e-01   0.0000
  2.70654172e-01   0.0000
 -1.01820610e-01   0.0000
 -5.39914966e-01   0.0000
  6.86375126e-02   0.0000
  5.39898314e-02   0.0000
  1.78162321e-01   0.0000
 -7.08629489e-02   0.0000
  1.18583298e+00   0.0000
 -1.16244268e+00   0.0000
 -1.13335051e-01   0.0000
  1.42437768e+00   0.0000
 -3.63432504e-02   0.0000
  8.10944796e-01   0.0000
  7.74553776e-01   0.0000
 -1.60988724e+00   0.0000
 -8.42457116e-02   0.0000
  9.63476658e-01   0.0000
 -1.19275081e+00   0.0000
 -2.68566990e+00   0.0000
 -7.97188222e-01   0.0000
 -1.37925315e+00   0.0000
  7.48575270e-01   0.0000
 -1.07273912e+00   0.0000
  1.34836936e+00   0.0000
  1.29894212e-01   0.0000
 -4.33764160e-01   0.0000
 -1.51330435e+00   0.0000
  2.09717140e-01   0.0000
 -9.84020680e-02   0.0000
  1.94706821e+00   0.0000
  6.11889660e-01   0.0000
 -3.11628990e-02   0.0000
  7.28798509e-01   0.0000
  5.01323223e-01   0.0000
 -1.31771073e-01   0.0000
 -2.54744925e-02   0.0000
  3.60453017e-02   0.0000
  3.72213751e-01   0.0000
 -5.05260170e-01   0.0000
  3.48471522e-01   0.0000
 -1.11068988e+00   0.0000
 -1.78268507e-01   0.0000
  1.64817190e+00   0.0000
  4.52987492e-01   0.0000
  2.41526231e-01   0.0000
 -1.06589019e+00   0.0000
  1.23325121e+00   0.0000
  6.92217827e-01   0.0000
  5.74464314e-02   0.0000
  5.13988994e-02   0.0000
 -3.90636176e-01   0.0000
 -6.04609549e-01   0.0000
  2.54789174e-01   0.0000
 -1.52088702e+00   0.0000
 -4.93134782e-02   0.0000
 -5.59429467e-01   0.0000
  7.83978760e-01   0.0000
 -8.23203325e-02   0.0000
 -1.12935650e+00   0.0000
 -1.20725870e+00   0.0000
 -5.80486715e-01   0.0000
 -5.23159444e-01   0.0000
  9.82397497e-01   0.0000
 -3.40987682e-01   0.0000
 -6.71379507e-01   0.0000
 -3.70341659e-01   0.0000
  4.66239393e-01   0.0000
  4.63045776e-01   0.0000
  1.13297784e+00   0.0000
  1.86059415e+00   0.0000
  4.20946181e-01   0.0000
 -1.12593842e+00   0.0000
 -1.62212044e-01   0.0000
 -3.08671296e-01   0.0000
  4.34634805e-01   0.0000
  3.07174563e-01   0.0000
  1.54827401e-01   0.0000
 -1.10882509e+00   0.0000
 -1.99571289e-02   0.0000
  3.03009987e-01   0.0000
  1.15516342e-01   0.0000
  1.10959625e+00   0.0000
  4.27638799e-01   0.0000
  3.07375044e-01   0.0000
 -1.80219412e-02   0.0000
 -3.45556915e-01   0.0000
 -4.14104670e-01   0.0000
  5.93633890e-01   0.0000
  4.56141770e-01   0.0000
  1.01693749e+00   0.0000
 -9.02975440e-01   0.0000
  1.07296333e-01   0.0000
 -1.53415784e-01   0.0000
  1.88103247e+00   0.0000
  2.43141627e+00   0.0000
 -1.17456043e+00   0.0000
 -7.46582210e-01   0.0000
  1.50074005e+00   0.0000
 -3.46467525e-01   0.0000
 -6.27452075e-01   0.0000
  5.66406667e-01   0.0000
  9.74930346e-01   0.0000
  3.14264238e-01   0.0000
  2.86404252e-01   0.0000
  6.58719718e-01   0.0000
 -4.40960974e-01   0.0000
  3.66921335e-01   0.0000
 -2.05623120e-01   0.0000
 -7.17169344e-02   0.0000
  3.32072556e-01   0.0000
 -6.75674498e-01   0.0000
 -1.67987615e-01   0.0000
  5.79556644e-01   0.0000
 -1.23014009e+00   0.0000
 -5.50362706e-01   0.0000
  1.72239300e-02   0.0000
 -4.21895653e-01   0.0000
  1.84749281e+00   0.0000
  8.96211743e-01   0.0000
  9.59090650e-01   0.0000
  4.23830003e-01   0.0000
 -6.72824502e-01   0.0000
  1.64582431e-02   0.0000
 -2.71034054e-02   0.0000
 -2.68039048e-01   0.0000
  4.54087585e-01   0.0000
  1.80757686e-01   0.0000
 -1.69925117e+00   0.0000
  4.51558441e-01   0.0000
 -1.75754562e-01   0.0000
 -1.92208040e+00   0.0000
  1.32262975e-01   0.0000
 -9.02809918e-01   0.0000
 -9.17474210e-01   0.0000
  2.40488482e+00   0.0000
 -2.17298761e-01   0.0000
 -1.38097394e+00   0.0000
  2.02100444e+00   0.0000
  1.53177905e+00   0.0000
  3.82521123e-01   0.0000
  1.96813512e+00   0.0000
 -3.31568360e-01   0.0000
  1.13297820e+00   0.0000
 -2.87440729e+00   0.0000
 -1.96477219e-01   0.0000
  5.50302088e-01   0.0000
  1.39693964e+00   0.0000
 -7.58366240e-03   0.0000
  8.64964724e-02   0.0000
 -1.03605795e+00   0.0000
 -2.54026473e-01   0.0000
 -2.13270783e-02   0.0000
 -1.91676661e-01   0.0000
  1.24342903e-01   0.0000
 -1.98772460e-01   0.0000
  9.17121708e-01   0.0000
  1.79336905e-01   0.0000
 -1.35586455e-01   0.0000
  1.69567183e-01   0.0000
  1.44624291e-02   0.0000
 -8.50721598e-02   0.0000
  2.55472124e-01   0.0000
 -1.83937281e-01   0.0000
  1.53297737e-01   0.0000
 -2.54060235e-02   0.0000
 -3.34593028e-01   0.0000
 -2.55418420e-01   0.0000
 -6.63882613e-01   0.0000
 -2.03177020e-01   0.0000
  2.88956463e-01   0.0000
  2.50898045e-03   0.0000
 -2.15718448e-01   0.0000
 -2.12462723e-01   0.0000
  5.07875443e-01   0.0000
 -1.58311009e-01   0.0000
  1.86027491e+00   0.0000
 -1.31594396e+00   0.0000
  1.36244461e-01   0.0000
  1.77491426e+00   0.0000
 -7.90473282e-01   0.0000
  8.58535290e-01   0.0000
  7.21464455e-01   0.0000
 -9.51112330e-01   0.0000
 -2.57950593e-02   0.0000
  9.77717757e-01   0.0000
 -1.83219063e+00   0.0000
 -8.70453298e-01   0.0000
 -6.61029100e-01   0.0000
 -1.68107545e+00   0.0000
  3.37162137e-01   0.0000
 -2.67880082e-01   0.0000
  1.46820962e+00   0.0000
  3.82402450e-01   0.0000
  1.77948430e-01   0.0000
 -1.41398549e+00   0.0000
 -1.20603010e-01   0.0000
 -4.43617761e-01   0.0000
  1.09108782e+00   0.0000
  6.99514747e-01   0.0000
  2.68652678e-01   0.0000
 -1.96333617e-01   0.0000
  4.46510836e-02   0.0000
 -1.59416362e-04   0.0000
 -3.66574913e-01   0.0000
  5.02018869e-01   0.0000
  9.20556486e-02   0.0000
 -6.00349724e-01   0.0000
 -1.37256444e-01   0.0000
  6.23780191e-01   0.0000
 -2.82448351e-01   0.0000
  6.06258698e-02   0.0000
 -1.70056764e-02   0.0000
 -1.18320182e-01   0.0000
  2.10472912e-01   0.0000
 -7.54458666e-01   0.0000
  5.48892200e-01   0.0000
  1.98460504e-01   0.0000
 -1.61520727e-02   0.0000
 -1.67536512e-01   0.0000
  1.66134238e-01   0.0000
 -9.04650688e-02   0.0000
  1.35950670e-01   0.0000
  3.53435576e-02   0.0000
 -2.56130993e-01   0.0000
 -3.85715485e-01   0.0000
 -5.12619793e-01   0.0000
 -1.59838343e+00   0.0000
  3.32395983e+00   0.0000
 -2.66110688e-01   0.0000
 -7.24380195e-01   0.0000
  2.24332500e+00   0.0000
 -1.28615841e-01   0.0000
 -9.43419039e-01   0.0000
  8.31568182e-01   0.0000
 -3.49121422e-01   0.0000
  1.26978919e-01   0.0000
  1.06414282e+00   0.0000
 -1.68783045e+00   0.0000
 -1.43897390e+00   0.0000
 -2.15448642e+00   0.0000
 -5.30609667e-01   0.0000
  2.75983721e-01   0.0000
  2.62804955e-01   0.0000
  7.43774250e-02   0.0000
  1.74579486e-01   0.0000
 -4.02740426e-02   0.0000
 -5.57293832e-01   0.0000
 -1.36672273e-01   0.0000
  7.30854273e-01   0.0000
  3.49049777e-01   0.0000
 -6.38914227e-01   0.0000
  1.51898175e-01   0.0000
  1.37892410e-01   0.0000
 -1.51945902e-02   0.0000
 -5.72087169e-01   0.0000
 -4.19615358e-02   0.0000
  8.80895555e-01   0.0000
 -7.32280254e-01   0.0000
  9.10421833e-02   0.0000
 -1.19920874e+00   0.0000
 -1.40283620e+00   0.0000
 -6.35551512e-01   0.0000
 -1.96358815e-01   0.0000
 -3.23567033e-01   0.0000
 -2.53960758e-01   0.0000
  2.28113338e-01   0.0000
  1.23900995e-01   0.0000
 -5.00830233e-01   0.0000
  3.36217433e-02   0.0000
  5.20302117e-01   0.0000
  3.59189510e-01   0.0000
 -3.98283035e-01   0.0000
 -1.30748168e-01   0.0000
  2.63348967e-01   0.0000
  7.42414057e-01   0.0000
  4.20071147e-02   0.0000
  5.83974361e-01   0.0000
  8.53940025e-02   0.0000
  1.06682849e+00   0.0000
  3.31296891e-01   0.0000
  5.55364788e-02   0.0000
  1.30299598e-01   0.0000
  8.96043796e-03   0.0000
  6.58588588e-01   0.0000
 -3.57711881e-01   0.0000
 -8.04237425e-01   0.0000
  2.64668584e-01   0.0000
  7.26910830e-01   0.0000
 -1.96279615e-01   0.0000
  1.39103398e-01   0.0000
 -4.45416234e-02   0.0000
  5.00485636e-02   0.0000
  3.60070050e-01   0.0000
 -1.30326852e-01   0.0000
 -3.92726928e-01   0.0000
 -1.31300241e-01   0.0000
  1.35942423e+00   0.0000
  7.01644897e-01   0.0000
 -1.05798471e+00   0.0000
 -6.63615242e-02   0.0000
 -1.61174044e-01   0.0000
  2.31570810e-01   0.0000
 -5.93477905e-01   0.0000
 -3.66450965e-01   0.0000
  1.02645612e+00   0.0000
 -9.49274123e-01   0.0000
  3.32220286e-01   0.0000
 -1.51794147e+00   0.0000
 -2.10346985e+00   0.0000
 -5.41895270e-01   0.0000
  3.33427131e-01   0.0000
  3.61343116e-01   0.0000
 -1.11354733e+00   0.0000
 -4.18181121e-01   0.0000
  6.92338407e-01   0.0000
  6.93561494e-01   0.0000
 -3.35801244e-01   0.0000
 -5.86576879e-01   0.0000
  2.73404211e-01   0.0000
  3.61046582e-01   0.0000
 -4.14556444e-01   0.0000
  4.80747014e-01   0.0000
 -4.32486862e-01   0.0000
  1.00042725e+00   0.0000
  1.59833646e+00   0.0000
  2.38478377e-01   0.0000
 -6.67773247e-01   0.0000
  2.70458102e-01   0.0000
  3.82524222e-01   0.0000
  9.40319970e-02   0.0000
 -4.41771537e-01   0.0000
  1.15935199e-01   0.0000
  4.88679558e-02   0.0000
 -1.99311599e-01   0.0000
 -4.48695332e-01   0.0000
  3.49561125e-01   0.0000
  4.02921051e-01   0.0000
 -3.28129143e-01   0.0000
 -2.14967757e-01   0.0000
 -4.97696906e-01   0.0000
 -1.12623513e+00   0.0000
 -4.77492571e-01   0.0000
 -1.06785335e-01   0.0000
  1.83769241e-02   0.0000
  4.62917507e-01   0.0000
  3.77282947e-01   0.0000
 -6.24635160e-01   0.0000
  1.17836306e-02   0.0000
 -3.16463292e-01   0.0000
  1.81263402e-01   0.0000
 -5.28164864e-01   0.0000
 -1.33446649e-01   0.0000
  5.83970726e-01   0.0000
 -3.50989521e-01   0.0000
 -1.26635805e-01   0.0000
 -8.96313429e-01   0.0000
 -1.25302541e+00   0.0000
 -1.76407978e-01   0.0000
 -3.72601822e-02   0.0000
  6.44837141e-01   0.0000
 -2.49331450e+00   0.0000
 -1.88428938e+00   0.0000
  1.93624747e+00   0.0000
  6.51244760e-01   0.0000
 -1.33541614e-01   0.0000
 -7.38314748e-01   0.0000
  7.72598028e-01   0.0000
  5.71246803e-01   0.0000
 -1.39073408e+00   0.0000
  1.75715804e+00   0.0000
 -8.82886231e-01   0.0000
  2.59141874e+00   0.0000
  2.80399776e+00   0.0000
  9.06240165e-01   0.0000
 -6.72015727e-01   0.0000
  1.32207379e-01   0.0000
  1.84114367e-01   0.0000
  9.14257020e-02   0.0000
  2.28117943e-01   0.0000
  1.79591119e-01   0.0000
  1.72854856e-01   0.0000
 -1.97500706e-01   0.0000
  1.85609192e-01   0.0000
  4.42355156e-01   0.0000
 -2.75885373e-01   0.0000
  3.84813219e-01   0.0000
  1.91322312e-01   0.0000
 -6.56430097e-03   0.0000
  2.64212698e-01   0.0000
  1.11382656e-01   0.0000
 -4.54939544e-01   0.0000
 -2.29658559e-01   0.0000
  5.38647652e-01   0.0000
  3.78315210e-01   0.0000
 -5.46523333e-01   0.0000
 -5.16908407e-01   0.0000
  2.03232348e-01   0.0000
  6.07474506e-01   0.0000
 -1.53049514e-01   0.0000
 -4.12589610e-01   0.0000
  6.03444934e-01   0.0000
 -3.44032317e-01   0.0000
  3.68752182e-01   0.0000
 -5.17579794e-01   0.0000
 -4.98583764e-01   0.0000
 -1.74128994e-01   0.0000
  1.34271219e-01   0.0000
  5.43440700e-01   0.0000
 -6.97830021e-01   0.0000
  1.72111496e-01   0.0000
  9.04813766e-01   0.0000
  6.01845503e-01   0.0000
 -1.79950684e-01   0.0000
 -9.29270029e-01   0.0000
  6.03442371e-01   0.0000
  6.90903842e-01   0.0000
 -8.29907537e-01   0.0000
  7.18360484e-01   0.0000
 -1.50567025e-01   0.0000
  1.29478920e+00   0.0000
  1.61235011e+00   0.0000
  4.40514803e-01   0.0000
 -5.18530190e-01   0.0000
  2.14377850e-01   0.0000
 -7.80541241e-01   0.0000
 -8.75502646e-01   0.0000
  1.18498552e+00   0.0000
  2.85774469e-01   0.0000
  3.96264762e-01   0.0000
 -2.42249325e-01   0.0000
  6.71983004e-01   0.0000
  1.00217551e-01   0.0000
 -7.93679297e-01   0.0000
  9.67974126e-01   0.0000
 -1.07187428e-01   0.0000
  1.10477042e+00   0.0000
  1.02400696e+00   0.0000
  5.26408851e-01   0.0000
 -4.32600796e-01   0.0000
  1.83711052e-01   0.0000
 -1.68252409e-01   0.0000
 -3.40138376e-02   0.0000
  1.70950681e-01   0.0000
 -2.64413983e-01   0.0000
 -1.33676767e-01   0.0000
  3.16254310e-02   0.0000
  2.18549997e-01   0.0000
 -3.05235907e-02   0.0000
 -4.35281873e-01   0.0000
  4.57551509e-01   0.0000
  6.15298450e-01   0.0000
  1.43930942e-01   0.0000
  7.31034577e-01   0.0000
  4.44890112e-01   0.0000
  1.07760793e-02   0.0000
  2.32328594e-01   0.0000
 -1.31204593e+00   0.0000
 -5.24470687e-01   0.0000
  8.32426429e-01   0.0000
  5.66348881e-02   0.0000
  1.16897993e-01   0.0000
 -7.96582997e-02   0.0000
  7.04467237e-01   0.0000
  4.19956058e-01   0.0000
 -7.93924928e-01   0.0000
  8.97599041e-01   0.0000
 -2.33595997e-01   0.0000
  1.47883058e+00   0.0000
  1.42264867e+00   0.0000
  4.24162447e-01   0.0000
 -5.91835380e-01   0.0000
 -6.64617240e-01   0.0000
  8.39271843e-01   0.0000
  3.30730259e-01   0.0000
 -4.94155824e-01   0.0000
 -1.47508168e+00   0.0000
 -7.04768375e-02   0.0000
  7.20231235e-01   0.0000
 -1.76429659e-01   0.0000
 -9.43479598e-01   0.0000
  5.52047312e-01   0.0000
 -4.49272871e-01   0.0000
  1.89711064e-01   0.0000
 -9.73420978e-01   0.0000
 -1.46037781e+00   0.0000
 -6.09808624e-01   0.0000
  1.22111559e+00   0.0000
 -7.97249198e-01   0.0000
  3.26561600e-01   0.0000
  1.22003388e+00   0.0000
 -3.41591626e-01   0.0000
 -1.18465078e+00   0.0000
  3.88072640e-01   0.0000
  7.49669373e-01   0.0000
  8.15070793e-02   0.0000
 -7.01862872e-01   0.0000
 -4.24659140e-02   0.0000
 -5.88959530e-02   0.0000
  9.11921561e-01   0.0000
 -1.03547731e-02   0.0000
  2.26752713e-01   0.0000
 -1.27561495e-01   0.0000
  1.12833047e+00   0.0000
 -8.31706107e-01   0.0000
  1.51922381e+00   0.0000
  1.62784719e+00   0.0000
 -1.02540505e+00   0.0000
 -1.02311671e+00   0.0000
  3.84929448e-01   0.0000
  1.26147890e+00   0.0000
 -7.39200115e-01   0.0000
 -1.13698590e+00   0.0000
  9.95682895e-01   0.0000
 -9.17568088e-01   0.0000
  8.95815849e-01   0.0000
 -1.65095818e+00   0.0000
 -1.56194067e+00   0.0000
 -3.95017147e-01   0.0000
  9.29039657e-01   0.0000
 -2.78021097e-01   0.0000
  3.05713862e-01   0.0000
  1.00413509e-01   0.0000
 -5.60658932e-01   0.0000
 -4.25217152e-02   0.0000
  3.87394242e-02   0.0000
  3.38619947e-01   0.0000
 -1.36893205e-02   0.0000
  6.70556445e-03   0.0000
  2.54004538e-01   0.0000
 -1.94612816e-01   0.0000
 -8.52524787e-02   0.0000
 -4.73523825e-01   0.0000
 -6.41002655e-01   0.0000
  7.46671036e-02   0.0000
  4.32407767e-01   0.0000
  2.06608400e-01   0.0000
 -1.87717915e-01   0.0000
  1.74987093e-01   0.0000
  1.94188282e-01   0.0000
  5.97128332e-01   0.0000
 -2.16783911e-01   0.0000
 -3.62635374e-01   0.0000
  1.83482960e-01   0.0000
  2.51447707e-01   0.0000
  7.88570270e-02   0.0000
  2.53465861e-01   0.0000
 -4.45294321e-01   0.0000
  5.58667600e-01   0.0000
  6.14672840e-01   0.0000
 -4.34655547e-02   0.0000
 -3.83168608e-01   0.0000
 -1.42371878e-01   0.0000
 -1.23413324e+00   0.0000
 -4.23258543e-01   0.0000
  1.00772798e+00   0.0000
  3.50779235e-01   0.0000
  2.64488786e-01   0.0000
  1.34398639e-02   0.0000
  4.60389644e-01   0.0000
  2.42201924e-01   0.0000
 -7.67461658e-01   0.0000
  7.87581742e-01   0.0000
 -1.08623140e-01   0.0000
  1.31366313e+00   0.0000
  1.51269257e+00   0.0000
  6.86701059e-01   0.0000
 -2.14656278e-01   0.0000
 -3.95444930e-01   0.0000
 -9.26683545e-02   0.0000
 -1.85913458e-01   0.0000
  2.75980264e-01   0.0000
 -4.22294706e-01   0.0000
  3.45117897e-02   0.0000
  1.25458747e-01   0.0000
  2.10058689e-02   0.0000
 -3.70672971e-01   0.0000
  3.80521894e-01   0.0000
 -3.39859612e-02   0.0000
 -1.05560981e-01   0.0000
  8.24702904e-02   0.0000
 -1.43461198e-01   0.0000
 -5.51634878e-02   0.0000
  1.39695361e-01   0.0000
  1.57729074e-01   0.0000
 -2.09656879e-01   0.0000
 -2.32964501e-01   0.0000
 -9.57014635e-02   0.0000
  4.05381471e-01   0.0000
 -2.77408659e-01   0.0000
 -7.95283765e-02   0.0000
  5.44707254e-02   0.0000
  1.53731748e-01   0.0000
 -3.39941457e-02   0.0000
  3.40799510e-01   0.0000
 -2.36427635e-01   0.0000
  2.08820879e-01   0.0000
  3.63365352e-01   0.0000
 -1.36328101e-01   0.0000
  6.78327829e-02   0.0000
  9.57564771e-05   0.0000
  6.96452022e-01   0.0000
  4.24453259e-01   0.0000
 -7.28482246e-01   0.0000
 -1.42661154e-01   0.0000
 -3.43430936e-02   0.0000
  1.62461519e-01   0.0000
 -1.83915734e-01   0.0000
 -1.75525427e-01   0.0000
  6.15962625e-01   0.0000
 -7.60418892e-01   0.0000
 -1.63749412e-01   0.0000
 -5.22448003e-01   0.0000
 -5.48759699e-01   0.0000
 -4.95722473e-01   0.0000
  1.84523121e-01   0.0000
 -8.76530185e-02   0.0000
  3.79591882e-01   0.0000
 -1.29913762e-01   0.0000
 -2.26449504e-01   0.0000
  1.46591470e-01   0.0000
  2.05286577e-01   0.0000
 -2.83048570e-01   0.0000
  1.73135195e-02   0.0000
  2.64160842e-01   0.0000
  2.63438374e-01   0.0000
 -2.23819628e-01   0.0000
  1.52742207e-01   0.0000
 -5.99714100e-01   0.0000
 -3.86063188e-01   0.0000
 -1.80802986e-01   0.0000
 -4.81043041e-01   0.0000
  1.52489996e+00   0.0000
 -2.43266020e-02   0.0000
 -4.44179326e-01   0.0000
 -3.57458711e-01   0.0000
  1.91291440e+00   0.0000
 -2.17629600e+00   0.0000
 -1.66063988e+00   0.0000
 -7.52339423e-01   0.0000
  1.72046328e+00   0.0000
  8.28049421e-01   0.0000
 -5.49677193e-01   0.0000
 -3.23267579e+00   0.0000
 -5.16072661e-02   0.0000
 -7.31952727e-01   0.0000
 -6.87810421e-01   0.0000
 -1.79379928e+00   0.0000
  1.88857687e+00   0.0000
 -3.25317311e+00   0.0000
 -2.97080922e+00   0.0000
  2.12615085e+00   0.0000
  2.57376027e+00   0.0000
 -1.80023539e+00   0.0000
 -2.29023385e+00   0.0000
  8.15406859e-01   0.0000
  2.28361964e+00   0.0000
 -1.58293939e+00   0.0000
  1.65414679e+00   0.0000
 -3.81011462e+00   0.0000
  3.67709041e+00   0.0000
  4.29147196e+00   0.0000
  6.83935344e-01   0.0000
 -2.38862181e+00   0.0000
  1.65454781e+00   0.0000

