 5 0.000000 1
 1 
 Si 28.085500
 0 0.250001 4.500000 0.978124 1.000000 
 5 0 1 2 4 6
 8 2.25000 2.50000 2.75000 3.00000 3.25000 3.50000 3.75000 4.00000
 1 12.169200 6.172630 3.114710 0.755675 0.404939 0.036124 0.650018 0.572890
 5 40 24 24 16 1
  1.25937462e+00   0.0000
 -5.26927292e-01   0.0000
  1.63340831e+00   0.0000
  1.80506897e+00   0.0000
  4.87099499e-01   0.0000
  8.83394480e-01   0.0000
 -7.65207469e-01   0.0000
 -1.56382394e+00   0.0000
 -1.05836952e+00   0.0000
 -1.09295154e+00   0.0000
 -5.66511095e-01   0.0000
 -9.01784897e-01   0.0000
 -5.87062597e-01   0.0000
  7.80723989e-01   0.0000
  8.88434231e-01   0.0000
 -7.48075023e-02   0.0000
  1.25563455e+00   0.0000
 -2.48680353e-01   0.0000
  5.79073250e-01   0.0000
  4.16741312e-01   0.0000
  2.86392593e+00   0.0000
  1.09663582e+00   0.0000
  4.45154548e-01   0.0000
 -3.80410403e-01   0.0000
  1.43568099e+00   0.0000
 -5.64306438e-01   0.0000
 -2.44592667e-01   0.0000
 -2.15445161e-02   0.0000
  7.00257480e-01   0.0000
  6.88004911e-01   0.0000
  1.04106098e-01   0.0000
 -1.69714963e+00   0.0000
 -1.10124254e+00   0.0000
 -1.46875381e+00   0.0000
 -5.04502833e-01   0.0000
 -5.28076291e-01   0.0000
 -7.10949779e-01   0.0000
  3.58026505e-01   0.0000
  1.21033192e+00   0.0000
  1.87181115e-01   0.0000
  5.41787326e-01   0.0000
 -4.04071450e-01   0.0000
  4.60853994e-01   0.0000
  4.23705280e-01   0.0000
  2.17002884e-01   0.0000
  6.69658005e-01   0.0000
  2.43011281e-01   0.0000
 -1.93115786e-01   0.0000
  1.33086944e+00   0.0000
 -6.22920632e-01   0.0000
 -7.47504234e-01   0.0000
 -6.78151369e-01   0.0000
  8.98536563e-01   0.0000
 -2.11668834e-01   0.0000
  3.84456724e-01   0.0000
 -1.41006255e+00   0.0000
 -1.05875504e+00   0.0000
 -1.24614239e+00   0.0000
 -4.43520367e-01   0.0000
 -5.69234252e-01   0.0000
 -4.85235453e-01   0.0000
 -1.12443201e-01   0.0000
  1.10938442e+00   0.0000
  3.12799722e-01   0.0000
  3.23284864e-01   0.0000
 -4.84481514e-01   0.0000
  1.62734464e-01   0.0000
  3.87609959e-01   0.0000
 -9.54602063e-01   0.0000
  6.64059937e-01   0.0000
 -3.88641208e-01   0.0000
  3.94665040e-02   0.0000
  1.41841793e+00   0.0000
 -4.55544025e-01   0.0000
 -7.65779436e-01   0.0000
 -3.28419477e-01   0.0000
  7.59862661e-01   0.0000
 -1.16996992e+00   0.0000
  2.05819175e-01   0.0000
 -1.20595515e+00   0.0000
 -1.32333028e+00   0.0000
 -1.22917795e+00   0.0000
 -4.99737233e-01   0.0000
 -4.65231650e-02   0.0000
 -6.53295398e-01   0.0000
 -6.23898208e-01   0.0000
  1.03466856e+00   0.0000
  3.79753530e-01   0.0000
 -6.38398007e-02   0.0000
 -5.31395555e-01   0.0000
  1.34045839e-01   0.0000
 -1.21204823e-01   0.0000
 -1.00616300e+00   0.0000
  4.67944860e-01   0.0000
 -9.10086989e-01   0.0000
 -3.14042047e-02   0.0000
  1.63203061e+00   0.0000
 -3.48295718e-01   0.0000
 -4.54765884e-03   0.0000
  1.16905294e-01   0.0000
  1.14337385e+00   0.0000
 -1.43110228e+00   0.0000
 -1.04405321e-01   0.0000
 -7.31513143e-01   0.0000
 -9.05375838e-01   0.0000
 -1.13606012e+00   0.0000
 -4.77281213e-01   0.0000
  4.60791700e-02   0.0000
 -8.28060269e-01   0.0000
 -6.60405219e-01   0.0000
  8.29193413e-01   0.0000
  1.76623359e-01   0.0000
  5.52372932e-02   0.0000
 -1.84991762e-01   0.0000
 -2.73800522e-01   0.0000
 -2.11029112e-01   0.0000
 -7.17486143e-01   0.0000
  4.48026240e-01   0.0000
 -9.86823082e-01   0.0000
  9.27144140e-02   0.0000
  1.74960756e+00   0.0000
 -6.05375111e-01   0.0000
  3.17618996e-01   0.0000
  1.40948281e-01   0.0000
  1.07305574e+00   0.0000
 -5.08047104e-01   0.0000
 -5.27813196e-01   0.0000
 -4.57639158e-01   0.0000
 -8.06894243e-01   0.0000
 -8.31240952e-01   0.0000
 -2.48191118e-01   0.0000
 -1.34072796e-01   0.0000
 -5.72086155e-01   0.0000
 -1.44282013e-01   0.0000
  5.00103831e-01   0.0000
  6.26046538e-01   0.0000
 -2.26286441e-01   0.0000
 -5.11479318e-01   0.0000
  3.57197411e-02   0.0000
  3.22960466e-01   0.0000
 -6.34254158e-01   0.0000
  5.83145976e-01   0.0000
 -1.33339483e-02   0.0000
  1.66779146e-01   0.0000
  1.60230613e+00   0.0000
 -6.49305522e-01   0.0000
  1.15177333e+00   0.0000
  6.72778666e-01   0.0000
  5.09370208e-01   0.0000
  7.64983654e-01   0.0000
 -9.90592241e-01   0.0000
  7.18307048e-02   0.0000
 -7.50174105e-01   0.0000
 -8.63471448e-01   0.0000
 -6.80156112e-01   0.0000
 -2.87496120e-01   0.0000
 -6.97628856e-01   0.0000
  3.04935753e-01   0.0000
  3.20887238e-01   0.0000
  1.50178045e-01   0.0000
  1.16169058e-01   0.0000
 -2.51965910e-01   0.0000
  3.44591975e-01   0.0000
  4.14802253e-01   0.0000
  6.87809646e-01   0.0000
  2.76877105e-01   0.0000
  8.86326909e-01   0.0000
  3.60207677e-01   0.0000
  1.58068860e+00   0.0000
 -4.02270555e-01   0.0000
  2.09176326e+00   0.0000
  1.16379821e+00   0.0000
  7.14254200e-01   0.0000
  1.38050652e+00   0.0000
 -1.71573615e+00   0.0000
  3.95256281e-01   0.0000
 -4.78792012e-01   0.0000
 -8.41154933e-01   0.0000
 -6.69648349e-01   0.0000
 -3.48723590e-01   0.0000
 -3.54387790e-01   0.0000
  2.71173626e-01   0.0000
  7.01831758e-01   0.0000
 -3.43577474e-01   0.0000
  5.93703687e-01   0.0000
 -4.60120350e-01   0.0000
  3.78929973e-01   0.0000
  3.38612854e-01   0.0000
  2.18507338e+00   0.0000
  2.14362189e-01   0.0000
  1.47650886e+00   0.0000
  2.19357267e-01   0.0000
  4.79244977e-01   0.0000
  2.95715898e-01   0.0000
  5.47110513e-02   0.0000
  8.65190148e-01   0.0000
 -8.04357827e-01   0.0000
 -1.09962237e+00   0.0000
 -1.91562906e-01   0.0000
  7.60119677e-01   0.0000
  1.72959596e-01   0.0000
 -3.30224693e-01   0.0000
 -3.08645755e-01   0.0000
 -2.63755769e-02   0.0000
 -2.60303617e-02   0.0000
 -1.81977078e-02   0.0000
  1.37450680e-01   0.0000
  3.65290344e-01   0.0000
 -1.74749866e-01   0.0000
  4.80005980e-01   0.0000
 -3.91782790e-01   0.0000
 -1.86306119e-01   0.0000
 -4.97251421e-01   0.0000
 -2.09885258e-02   0.0000
 -1.56407893e+00   0.0000
 -1.45857915e-01   0.0000
  5.33870876e-01   0.0000
 -2.50126757e-02   0.0000
 -1.67636707e-01   0.0000
  1.23697114e+00   0.0000
 -6.32750809e-01   0.0000
 -1.13648129e+00   0.0000
 -3.35555226e-01   0.0000
  5.01928985e-01   0.0000
  3.55458617e-01   0.0000
 -6.21532261e-01   0.0000
 -4.58148360e-01   0.0000
  1.94802567e-01   0.0000
 -2.56744474e-01   0.0000
 -6.79070055e-01   0.0000
  4.06509370e-01   0.0000
  3.65499258e-01   0.0000
 -2.07950398e-02   0.0000
  4.63895909e-02   0.0000
 -3.26628953e-01   0.0000
 -1.68857694e-01   0.0000
  3.38523537e-02   0.0000
 -5.27562834e-02   0.0000
 -1.19769752e+00   0.0000
 -8.67578015e-02   0.0000
  4.16573048e-01   0.0000
 -1.85315460e-02   0.0000
 -6.37286246e-01   0.0000
  9.70624983e-01   0.0000
 -2.34714523e-01   0.0000
 -9.13162827e-01   0.0000
 -1.51350006e-01   0.0000
  3.32440883e-01   0.0000
 -6.92020729e-02   0.0000
 -4.31843460e-01   0.0000
 -4.78725880e-02   0.0000
 -3.64158541e-01   0.0000
 -4.14414853e-01   0.0000
 -1.17340736e-01   0.0000
  4.02017713e-01   0.0000
  3.01947623e-01   0.0000
 -2.75867105e-01   0.0000
 -4.37677130e-02   0.0000
 -1.45813093e-01   0.0000
 -1.14916842e-02   0.0000
  3.14559370e-01   0.0000
 -2.25118846e-01   0.0000
 -3.49462599e-01   0.0000
  6.23125322e-02   0.0000
  9.33321044e-02   0.0000
  1.12674698e-01   0.0000
 -4.57748204e-01   0.0000
  1.55096710e-01   0.0000
 -1.00027762e-01   0.0000
 -4.57573622e-01   0.0000
  2.08098456e-01   0.0000
  1.17938011e-03   0.0000
  2.18772113e-01   0.0000
 -3.33487660e-01   0.0000
 -2.56597847e-01   0.0000
 -4.00787294e-02   0.0000
  1.47100342e-02   0.0000
 -7.46618286e-02   0.0000
  4.64621037e-02   0.0000
  6.83406830e-01   0.0000
 -7.13588059e-01   0.0000
 -2.70528197e-01   0.0000
  6.00246936e-02   0.0000
  3.81193757e-02   0.0000
  4.64869943e-03   0.0000
  2.02747323e-02   0.0000
  1.81640148e-01   0.0000
  9.84469578e-02   0.0000
 -1.24670394e-01   0.0000
 -1.42044425e-01   0.0000
 -3.35861087e-01   0.0000
 -2.63486683e-01   0.0000
  1.03454150e-01   0.0000
 -5.37907958e-01   0.0000
  4.14518863e-01   0.0000
  6.40524253e-02   0.0000
 -1.41704202e-01   0.0000
 -9.97669622e-02   0.0000
 -1.58745676e-01   0.0000
 -2.34913364e-01   0.0000
 -5.05286865e-02   0.0000
 -2.93042660e-02   0.0000
  1.75698310e-01   0.0000
  6.33737206e-01   0.0000
 -7.31269956e-01   0.0000
 -6.49259761e-02   0.0000
 -1.15178764e-01   0.0000
  3.68679017e-01   0.0000
 -1.73667535e-01   0.0000
 -3.00075799e-01   0.0000
  3.94037455e-01   0.0000
  1.47914570e-02   0.0000
 -5.92929758e-02   0.0000
  5.35729639e-02   0.0000
 -6.21776171e-02   0.0000
 -3.93138051e-01   0.0000
 -8.88295397e-02   0.0000
 -3.75092402e-02   0.0000
 -4.73768152e-02   0.0000
 -1.62424937e-01   0.0000
  1.06012784e-01   0.0000
 -1.81981742e-01   0.0000
  1.08960554e-01   0.0000
  2.00545341e-01   0.0000
 -1.63737610e-01   0.0000
  3.32405895e-01   0.0000
  1.38104275e-01   0.0000
  1.71629190e-01   0.0000
 -2.43607327e-01   0.0000
 -6.58309385e-02   0.0000
 -7.01185688e-02   0.0000
  1.80540696e-01   0.0000
 -3.49813432e-01   0.0000
 -2.71130651e-01   0.0000
  2.32316509e-01   0.0000
  1.06350191e-01   0.0000
  1.70434434e-02   0.0000
 -1.96767867e-01   0.0000
 -1.46016255e-01   0.0000
  1.78327873e-01   0.0000
  1.08414039e-01   0.0000
 -3.08527440e-01   0.0000
  1.82820596e-02   0.0000
 -9.63115543e-02   0.0000
  5.18488884e-02   0.0000
  1.30060241e-01   0.0000
 -1.57409564e-01   0.0000
 -2.95741539e-02   0.0000
  1.10656485e-01   0.0000
 -2.02795088e-01   0.0000
  3.05399485e-02   0.0000
  1.61002249e-01   0.0000
 -2.58511156e-02   0.0000
 -1.41563222e-01   0.0000
 -2.27148488e-01   0.0000
 -1.15898009e-02   0.0000
 -2.32097164e-01   0.0000
 -9.97709692e-04   0.0000
  5.79329282e-02   0.0000
 -1.48867413e-01   0.0000
 -3.80113162e-02   0.0000
  7.95569643e-02   0.0000
  2.25901812e-01   0.0000
  8.89496729e-02   0.0000
  2.50326842e-02   0.0000
 -3.85431409e-01   0.0000
 -1.80249020e-01   0.0000
  2.23849401e-01   0.0000
 -1.38254628e-01   0.0000
 -3.34171988e-02   0.0000
  1.65227175e-01   0.0000
  5.64647242e-02   0.0000
 -8.98816511e-02   0.0000
 -1.78079873e-01   0.0000
  1.32338837e-01   0.0000
  1.05134003e-01   0.0000
 -4.03190870e-03   0.0000
 -2.35904723e-01   0.0000
 -1.43342659e-01   0.0000
  7.35719129e-02   0.0000
 -2.12391257e-01   0.0000
  5.61525114e-02   0.0000
 -1.13821430e-02   0.0000
 -2.47433763e-02   0.0000
  3.03010792e-01   0.0000
 -1.09164277e-03   0.0000
 -1.35848284e-01   0.0000
 -9.01919127e-01   0.0000
 -2.04896003e-01   0.0000
 -6.38930500e-01   0.0000
 -2.04356894e-01   0.0000
  7.55052745e-01   0.0000
  1.63039833e-01   0.0000
 -3.90755504e-01   0.0000
 -2.14943290e-01   0.0000
  1.19663799e+00   0.0000
 -3.11268657e-01   0.0000
  3.88175339e-01   0.0000
  4.20631886e-01   0.0000
 -4.43136215e-01   0.0000
  3.06210756e-01   0.0000
  3.73719573e-01   0.0000
 -9.04469728e-01   0.0000
 -1.66381344e-01   0.0000
 -9.74459410e-01   0.0000
  8.86824634e-03   0.0000
 -4.93180715e-02   0.0000
 -3.67142200e-01   0.0000
  4.55862731e-01   0.0000
 -2.88221836e-01   0.0000
 -2.35641316e-01   0.0000
 -7.60682702e-01   0.0000
 -2.60892920e-02   0.0000
 -5.43190181e-01   0.0000
  1.15346782e-01   0.0000
  5.30617476e-01   0.0000
  3.48170161e-01   0.0000
 -4.80356663e-01   0.0000
 -4.17233735e-01   0.0000
  7.54768670e-01   0.0000
 -2.76154578e-01   0.0000
  4.63629633e-01   0.0000
  4.34024751e-01   0.0000
 -1.12455733e-01   0.0000
  1.66823059e-01   0.0000
  2.79951751e-01   0.0000
 -1.41445547e-01   0.0000
  2.11126074e-01   0.0000
 -1.64344564e-01   0.0000
 -1.36339307e-01   0.0000
  6.90610230e-01   0.0000
  5.85804991e-02   0.0000
  3.43611807e-01   0.0000
 -1.84493750e-01   0.0000
 -3.84584405e-02   0.0000
 -4.10896897e-01   0.0000
  1.68220505e-01   0.0000
 -6.55521691e-01   0.0000
 -9.54419896e-02   0.0000
  2.87739307e-01   0.0000
 -4.57763374e-02   0.0000
 -6.78223312e-01   0.0000
 -3.38983268e-01   0.0000
  4.25949395e-01   0.0000
 -2.77190477e-01   0.0000
 -2.34286368e-01   0.0000
  2.72805840e-01   0.0000
 -8.26089978e-02   0.0000
  1.79294571e-01   0.0000
 -1.83615789e-01   0.0000
  8.83363262e-02   0.0000
  4.67028111e-01   0.0000
  6.04797304e-01   0.0000
  1.10730007e-01   0.0000
  4.10492778e-01   0.0000
 -2.08862171e-01   0.0000
  1.36029989e-01   0.0000
 -7.08442330e-02   0.0000
  1.18500017e-01   0.0000
  7.26929307e-01   0.0000
 -1.98349357e-01   0.0000
 -1.41300988e+00   0.0000
 -8.40418935e-02   0.0000
  3.57852668e-01   0.0000
 -7.99238980e-02   0.0000
 -5.34825146e-01   0.0000
  1.04414290e-02   0.0000
 -1.60487533e-01   0.0000
  4.39354852e-02   0.0000
 -5.28742909e-01   0.0000
  4.54582036e-01   0.0000
  2.18071043e-01   0.0000
  2.46320158e-01   0.0000
 -1.70240611e-01   0.0000
 -1.05310220e-03   0.0000
  4.23236310e-01   0.0000
  8.76850188e-01   0.0000
 -2.89383352e-01   0.0000
 -5.66032946e-01   0.0000
 -3.23090315e-01   0.0000
 -1.19898520e-01   0.0000
 -2.44729355e-01   0.0000
  2.90744603e-01   0.0000
  6.21183813e-01   0.0000
 -9.40471962e-02   0.0000
 -1.43837869e+00   0.0000
 -1.01827100e-01   0.0000
  8.31203610e-02   0.0000
 -1.62604049e-01   0.0000
 -4.39827889e-01   0.0000
 -1.51192933e-01   0.0000
 -4.58177179e-02   0.0000
  1.06434308e-01   0.0000
 -8.91504288e-01   0.0000
 -9.79652181e-02   0.0000
 -9.23322514e-02   0.0000
  5.58503568e-01   0.0000
 -2.07559824e-01   0.0000
  1.51304781e-01   0.0000
  3.32749575e-01   0.0000
  7.29502857e-01   0.0000
 -2.01027706e-01   0.0000
 -1.16321588e+00   0.0000
 -8.18439499e-02   0.0000
 -8.56691822e-02   0.0000
  1.00824378e-01   0.0000
  1.28836587e-01   0.0000
  4.47519392e-01   0.0000
 -1.61356941e-01   0.0000
 -1.55343688e+00   0.0000
  3.47205512e-02   0.0000
  8.30730125e-02   0.0000
 -8.64598621e-03   0.0000
 -1.37795493e-01   0.0000
 -2.63776839e-01   0.0000
 -2.23380134e-01   0.0000
 -2.37341002e-01   0.0000
 -8.88799369e-01   0.0000
  1.96854591e-01   0.0000
  2.00077474e-01   0.0000
  1.37783960e-01   0.0000
 -2.31104687e-01   0.0000
  2.68135667e-01   0.0000
  3.20707411e-01   0.0000
  6.72591686e-01   0.0000
  2.97885016e-02   0.0000
 -9.65147972e-01   0.0000
 -2.12953046e-01   0.0000
  2.47125864e-01   0.0000
 -2.45718941e-01   0.0000
  6.18596859e-02   0.0000
  1.82324462e-02   0.0000
  9.27744880e-02   0.0000
 -1.05184197e+00   0.0000
  1.79957494e-01   0.0000
  1.08859822e-01   0.0000
  7.61049762e-02   0.0000
 -2.11325735e-01   0.0000
  8.40326101e-02   0.0000
 -1.98756129e-01   0.0000
  1.02608569e-01   0.0000
 -2.75695205e-01   0.0000
  2.18672380e-01   0.0000
 -3.29494216e-02   0.0000
  9.88322124e-02   0.0000
 -2.48607606e-01   0.0000
  6.61766157e-03   0.0000
  2.64149774e-02   0.0000
  1.04879275e-01   0.0000
  1.03598930e-01   0.0000
 -9.34119105e-01   0.0000
 -1.69585586e-01   0.0000
  2.13321641e-01   0.0000
 -1.14354584e-02   0.0000
 -2.25480720e-02   0.0000
 -2.10680619e-01   0.0000
  2.91402992e-02   0.0000
 -1.54149309e-01   0.0000
  2.11928889e-01   0.0000
  2.11086810e-01   0.0000
 -1.90027356e-02   0.0000
 -1.06571456e-02   0.0000
  1.84331492e-01   0.0000
  4.37081978e-03   0.0000
  5.01433611e-02   0.0000
 -1.30125016e-01   0.0000
 -6.15261346e-02   0.0000
  1.70486465e-01   0.0000
  2.44478390e-01   0.0000
 -4.02277336e-02   0.0000
 -1.29629746e-01   0.0000
 -1.36814192e-01   0.0000
 -7.79128373e-02   0.0000
  1.55876994e-01   0.0000
 -4.60904360e-01   0.0000
  1.05363190e-01   0.0000
 -7.28093684e-01   0.0000
  7.28235021e-02   0.0000
  1.21286380e+00   0.0000
 -1.61728597e+00   0.0000
  2.53076293e-02   0.0000
 -7.53658637e-02   0.0000
  6.32298067e-02   0.0000
 -1.26934159e+00   0.0000
 -5.54605909e-02   0.0000
  8.58463645e-01   0.0000
  4.10627902e-01   0.0000
 -1.97339028e-01   0.0000
  6.09070420e-01   0.0000
  1.25273466e+00   0.0000
 -9.62873042e-01   0.0000
  3.72305775e+00   0.0000
 -5.63870478e+00   0.0000
  4.64312211e-02   0.0000
 -1.50131389e-01   0.0000
 -3.75035763e-01   0.0000
 -4.08488661e-01   0.0000
  7.31852829e-01   0.0000
  2.89830160e+00   0.0000
 -5.87952316e-01   0.0000
 -5.76619864e-01   0.0000
  2.44723469e-01   0.0000
 -1.20086658e+00   0.0000
 -1.24554181e+00   0.0000
 -4.25655574e-01   0.0000
 -9.89923179e-01   0.0000
  2.71554798e-01   0.0000
 -9.83334303e-01   0.0000
 -3.26589376e-01   0.0000
  6.93011820e-01   0.0000
  4.15070534e-01   0.0000
 -3.17762852e-01   0.0000
  7.58529305e-01   0.0000
  6.00566983e-01   0.0000
 -7.65072763e-01   0.0000
  3.05982852e+00   0.0000
 -2.51570606e+00   0.0000
  2.45010123e-01   0.0000
 -3.04894865e-01   0.0000
 -7.67847359e-01   0.0000
 -1.10745871e+00   0.0000
  6.19575381e-01   0.0000
 -1.13921158e-01   0.0000
 -6.10721290e-01   0.0000
 -4.62937534e-01   0.0000
  2.69200265e-01   0.0000
 -1.38794100e+00   0.0000
  2.02405583e-02   0.0000
 -3.90905708e-01   0.0000
 -1.56734657e+00   0.0000
 -5.18367231e-01   0.0000
 -9.69253600e-01   0.0000
  5.20263948e-02   0.0000
  6.50955141e-01   0.0000
  3.08769792e-02   0.0000
 -2.73466796e-01   0.0000
  4.88168836e-01   0.0000
 -7.89451301e-01   0.0000
 -3.74698043e-01   0.0000
  1.19584775e+00   0.0000
 -5.96016645e-01   0.0000
  3.14456999e-01   0.0000
 -3.68791074e-01   0.0000
 -3.36633146e-01   0.0000
 -1.89470664e-01   0.0000
  1.82690471e-01   0.0000
 -1.41083395e+00   0.0000
 -6.34961128e-01   0.0000
 -7.27020279e-02   0.0000
  1.16355143e-01   0.0000
 -5.98620355e-01   0.0000
  2.34891996e-01   0.0000
 -3.92961591e-01   0.0000
 -6.74177766e-01   0.0000
 -1.16522551e+00   0.0000
 -1.80215910e-01   0.0000
  1.37988687e-01   0.0000
  1.20038487e-01   0.0000
  8.32211133e-03   0.0000
  1.39549319e-02   0.0000
  2.31404841e-01   0.0000
 -6.08956397e-01   0.0000
  3.31501663e-02   0.0000
 -7.22229481e-02   0.0000
 -1.13893700e+00   0.0000
  3.57962251e-01   0.0000
 -6.53847158e-01   0.0000
 -5.50881803e-01   0.0000
  2.56823510e-01   0.0000
  1.49674609e-01   0.0000
 -2.24937052e-01   0.0000
 -3.48198086e-01   0.0000
  1.20461218e-01   0.0000
  5.52443936e-02   0.0000
  5.09693563e-01   0.0000
 -1.74916565e-01   0.0000
 -3.78832608e-01   0.0000
 -1.88445440e-04   0.0000
 -6.66172266e-01   0.0000
 -3.95176500e-01   0.0000
  3.97385620e-02   0.0000
 -8.77008401e-03   0.0000
  1.40202448e-01   0.0000
 -3.19577962e-01   0.0000
  3.68475229e-01   0.0000
 -2.09808536e-02   0.0000
  2.05945954e-01   0.0000
 -3.02160025e-01   0.0000
 -2.32369661e+00   0.0000
  2.69810885e-01   0.0000
 -1.69051543e-01   0.0000
 -2.61359036e-01   0.0000
 -1.72215447e-01   0.0000
 -2.19172277e-02   0.0000
  9.49564636e-01   0.0000
 -2.17905745e-01   0.0000
  4.82661724e-02   0.0000
  1.41342208e-01   0.0000
  5.85884750e-01   0.0000
 -8.51687372e-01   0.0000
 -2.04518497e-01   0.0000
 -4.03635323e-01   0.0000
 -5.00181615e-01   0.0000
 -1.41067188e-02   0.0000
  8.02678764e-02   0.0000
  7.35544488e-02   0.0000
 -1.84693083e-01   0.0000
 -3.46254408e-01   0.0000
  4.92434278e-02   0.0000
  3.70852232e-01   0.0000
 -1.08670689e-01   0.0000
  2.07250223e-01   0.0000
 -2.33380580e+00   0.0000
 -2.60673523e-01   0.0000
 -2.83965498e-01   0.0000
  4.90187332e-02   0.0000
 -6.17009163e-01   0.0000
  2.71972299e-01   0.0000
  1.03286767e+00   0.0000
 -2.30405509e-01   0.0000
 -1.37575626e-01   0.0000
  8.89349133e-02   0.0000
  8.74440730e-01   0.0000
 -7.79165268e-01   0.0000
  1.27028421e-01   0.0000
 -7.70034611e-01   0.0000
  1.99692503e-01   0.0000
  2.05701832e-02   0.0000
  9.45808366e-02   0.0000
  2.27521151e-01   0.0000
 -1.34885341e-01   0.0000
 -6.40820265e-02   0.0000
 -1.31946027e-01   0.0000
 -3.03304344e-01   0.0000
  1.12061813e-01   0.0000
  2.02139974e-01   0.0000
 -1.82344389e+00   0.0000
  9.64145660e-02   0.0000
  6.54068962e-02   0.0000
  1.20810553e-01   0.0000
 -4.62823242e-01   0.0000
  5.06991856e-02   0.0000
 -3.48856181e-01   0.0000
  1.20101728e-01   0.0000
  2.17599243e-01   0.0000
  1.74700290e-01   0.0000
  3.73605043e-01   0.0000
 -2.67411947e-01   0.0000
  9.53298509e-02   0.0000
 -9.58737731e-01   0.0000
  1.32180542e-01   0.0000
 -2.78358757e-01   0.0000
  1.43934384e-01   0.0000
  2.41987064e-01   0.0000
 -1.00173233e-02   0.0000
 -2.33843401e-01   0.0000
 -3.79164554e-02   0.0000
 -1.95830524e-01   0.0000
 -1.84913591e-01   0.0000
  1.53698593e-01   0.0000
 -1.01485956e+00   0.0000
 -2.13765755e-01   0.0000
 -1.33463427e-01   0.0000
  2.03706086e-01   0.0000
 -2.80237943e-01   0.0000
  1.08632810e-01   0.0000
 -1.14651430e+00   0.0000
 -2.05987141e-01   0.0000
 -7.52710551e-02   0.0000
  1.68966800e-02   0.0000
 -8.94740164e-01   0.0000
 -2.57729936e+00   0.0000
 -9.34139863e-02   0.0000
  4.39633936e-01   0.0000
  9.56091285e-01   0.0000
 -1.01617813e+00   0.0000
 -3.90067637e-01   0.0000
 -2.08820000e-01   0.0000
 -3.64130497e-01   0.0000
 -3.28014195e-01   0.0000
 -1.38417184e-01   0.0000
  1.55043095e-01   0.0000
  4.62911204e-02   0.0000
  3.12124109e+00   0.0000
 -3.62880290e-01   0.0000
 -3.40265147e-02   0.0000
  4.86315072e-01   0.0000
  4.60060775e-01   0.0000
 -1.92689270e-01   0.0000
  6.94901049e-01   0.0000
 -2.82099366e-01   0.0000
 -3.89896482e-01   0.0000
 -2.33319048e-02   0.0000
 -3.74371819e-02   0.0000
  3.62716407e-01   0.0000
 -4.16920900e-01   0.0000
 -1.33352011e-01   0.0000
  1.68586493e+00   0.0000
  7.83325553e-01   0.0000
 -1.14876592e+00   0.0000
 -5.74957788e-01   0.0000
 -9.55886841e-02   0.0000
 -3.69711816e-01   0.0000
 -2.72359610e-01   0.0000
  1.38855383e-01   0.0000
 -4.37255979e-01   0.0000
  3.38926524e-01   0.0000
  1.58254063e+00   0.0000
 -6.90542042e-01   0.0000
 -2.42692754e-01   0.0000
  7.25560963e-01   0.0000
  3.66556287e-01   0.0000
  4.59198654e-01   0.0000
  7.17083573e-01   0.0000
  1.30470932e-01   0.0000
  2.06972286e-02   0.0000
 -3.42085451e-01   0.0000
  1.69982031e-01   0.0000
  7.81307742e-02   0.0000
  8.72407556e-01   0.0000
  2.51269817e-01   0.0000
 -1.63271472e-01   0.0000
  1.36879396e+00   0.0000
 -7.90357113e-01   0.0000
 -2.38520563e-01   0.0000
 -2.02962607e-01   0.0000
 -2.43864860e-02   0.0000
 -3.66792560e-01   0.0000
 -2.18610004e-01   0.0000
 -1.58232057e+00   0.0000
  6.34038091e-01   0.0000
  3.10980797e-01   0.0000
 -1.10798883e+00   0.0000
  1.41594596e-02   0.0000
  7.35596418e-01   0.0000
 -7.17801526e-02   0.0000
  1.00425887e+00   0.0000
  2.36575365e-01   0.0000
 -1.06742489e+00   0.0000
 -9.16618928e-02   0.0000
 -8.60875025e-02   0.0000
  1.76774174e-01   0.0000
 -1.16213751e+00   0.0000
 -5.23951411e-01   0.0000
  1.86493635e-01   0.0000
 -8.43551874e-01   0.0000
  2.15999937e+00   0.0000
 -4.19360310e-01   0.0000
 -3.74812484e-01   0.0000
 -3.44401389e-01   0.0000
 -2.60914654e-01   0.0000
  3.15445989e-01   0.0000
 -7.57759959e-02   0.0000
 -6.21906459e-01   0.0000
  2.92193234e-01   0.0000
 -4.08039838e-02   0.0000
 -7.89267123e-01   0.0000
 -1.91256642e-01   0.0000
  3.95456314e-01   0.0000
 -9.48782563e-02   0.0000
  9.56235155e-02   0.0000
  2.64959216e-01   0.0000
 -3.27891350e-01   0.0000
 -1.61213815e-01   0.0000
  1.60825223e-01   0.0000
 -2.35342488e-01   0.0000
 -9.72782910e-01   0.0000
  8.45690906e-01   0.0000
  8.49287137e-02   0.0000
 -6.82335198e-01   0.0000
  1.00254798e+00   0.0000
 -1.76691204e-01   0.0000
  1.24149462e-02   0.0000
 -5.46041019e-02   0.0000
  1.20643735e-01   0.0000
  2.79186606e-01   0.0000
  2.10347958e-03   0.0000
 -4.81249303e-01   0.0000
  4.54987586e-01   0.0000
  4.20587063e-01   0.0000
  1.41862142e+00   0.0000
  2.07155704e-01   0.0000
  3.80865753e-01   0.0000
 -2.08627880e-02   0.0000
 -1.81162849e-01   0.0000
 -5.70184998e-02   0.0000
 -1.60180056e+00   0.0000
  1.53278857e-01   0.0000
  6.58475608e-02   0.0000
  1.68167397e-01   0.0000
 -9.30321097e-01   0.0000
  1.56020665e+00   0.0000
  2.58923054e-01   0.0000
 -4.01388794e-01   0.0000
 -1.54383793e-01   0.0000
 -4.00135130e-01   0.0000
 -1.02890804e-02   0.0000
 -2.40414605e-01   0.0000
 -1.84212357e-01   0.0000
  5.08369923e-01   0.0000
 -3.38035256e-01   0.0000
 -5.32674432e-01   0.0000
  1.54966205e-01   0.0000
  1.07739389e+00   0.0000
  1.66252387e+00   0.0000
  9.64294672e-02   0.0000
  4.38412726e-02   0.0000
  1.63659737e-01   0.0000
 -3.12401265e-01   0.0000
  1.00445382e-01   0.0000
 -1.43650627e+00   0.0000
  1.67311460e-01   0.0000
  2.05397889e-01   0.0000
 -8.35616216e-02   0.0000
 -9.64341640e-01   0.0000
  8.91876638e-01   0.0000
  1.82530686e-01   0.0000
  3.45081270e-01   0.0000
 -3.46672237e-01   0.0000
 -3.94339085e-01   0.0000
  1.05307899e-01   0.0000
  1.25871927e-01   0.0000
  1.35096282e-01   0.0000
  5.58322296e-03   0.0000
 -2.07863182e-01   0.0000
 -2.38277838e-01   0.0000
 -2.30689883e-01   0.0000
  9.51921880e-01   0.0000
  8.73429835e-01   0.0000
 -7.94253498e-02   0.0000
  1.07517727e-01   0.0000
 -1.12367943e-01   0.0000
 -8.31173956e-01   0.0000
  2.90539384e-01   0.0000
 -2.02269778e-01   0.0000
 -1.37441590e-01   0.0000
 -1.51697293e-01   0.0000
 -4.16971231e-03   0.0000
 -2.49369100e-01   0.0000
  6.98404610e-02   0.0000
  4.44430970e-02   0.0000
  5.33131599e-01   0.0000
 -2.18790665e-01   0.0000
  6.28075674e-02   0.0000
  1.67612284e-01   0.0000
  1.65652901e-01   0.0000
 -3.65592465e-02   0.0000
 -2.84271892e-02   0.0000
  1.94488004e-01   0.0000
 -1.30666375e-01   0.0000
  7.91940689e-02   0.0000
  5.97933590e-01   0.0000
  1.21810190e-01   0.0000
 -2.14056119e-01   0.0000
  1.02167174e-01   0.0000
  1.71769336e-01   0.0000
 -8.06041002e-01   0.0000
 -1.42433614e-01   0.0000
  4.13861006e-01   0.0000
  1.93999246e-01   0.0000
  2.45992512e-01   0.0000
  2.66175330e-01   0.0000
 -2.18605542e+00   0.0000
 -3.61467361e+00   0.0000
 -7.20234156e-01   0.0000
 -2.82553494e-01   0.0000
  1.01718891e+00   0.0000
  4.99543905e-01   0.0000
  2.83367217e-01   0.0000
  2.60726243e-01   0.0000
 -8.57243165e-02   0.0000
  2.82180572e+00   0.0000
  2.30249822e-01   0.0000
  2.22848630e+00   0.0000
  2.23502174e-01   0.0000
  1.30190635e+00   0.0000
 -3.43323445e+00   0.0000
  4.91963357e-01   0.0000
 -2.29527378e+00   0.0000
 -6.05711281e-01   0.0000
 -6.32175350e+00   0.0000
  2.64992297e-01   0.0000
  1.64184380e+00   0.0000
 -1.01095200e+00   0.0000
 -1.17190015e-02   0.0000
  1.84262887e-01   0.0000
  5.82946837e-02   0.0000
  3.85672688e-01   0.0000
  5.60673513e-02   0.0000
  1.35602832e-01   0.0000
  2.31139809e-01   0.0000
 -6.15937173e-01   0.0000
  1.80698916e-01   0.0000
 -5.47941625e-02   0.0000
 -2.26047426e-01   0.0000
 -3.25560570e-01   0.0000
  1.68154001e-01   0.0000
 -1.28598541e-01   0.0000
  6.80786744e-02   0.0000
  4.36259896e-01   0.0000
  5.09300053e-01   0.0000
  4.62608114e-02   0.0000
 -3.27935487e-01   0.0000
  4.30925488e-02   0.0000
 -3.54041725e-01   0.0000
  1.48871735e-01   0.0000
  1.86749414e-01   0.0000
 -2.03238249e-01   0.0000
  5.71095981e-02   0.0000
 -4.33814049e-01   0.0000
 -2.06263110e-01   0.0000
 -4.08584267e-01   0.0000
 -3.78159322e-02   0.0000
 -9.87462699e-02   0.0000
 -1.63893439e-02   0.0000
  8.24686885e-01   0.0000
 -1.82333291e-01   0.0000
  1.28952667e-01   0.0000
 -1.24350742e-01   0.0000
  5.72384715e-01   0.0000
 -5.66636361e-02   0.0000
  1.92413315e-01   0.0000
  3.20305564e-02   0.0000
 -6.06653392e-01   0.0000
 -2.84836292e-01   0.0000
 -2.14351844e-02   0.0000
  2.26372227e-01   0.0000
 -1.55688897e-01   0.0000
  1.28678188e-01   0.0000
  1.04072019e-01   0.0000
 -2.82763302e-01   0.0000
  4.61350009e-02   0.0000
 -9.39356208e-01   0.0000
  3.34925145e-01   0.0000
  1.64317861e-01   0.0000
 -1.39031422e+00   0.0000
 -7.12675750e-02   0.0000
 -6.35976970e-01   0.0000
 -5.85106313e-01   0.0000
  2.25400829e+00   0.0000
  4.36021328e-01   0.0000
 -7.99856126e-01   0.0000
  1.42717803e+00   0.0000
  1.23848128e+00   0.0000
  4.76397187e-01   0.0000
  1.42303658e+00   0.0000
 -2.68758118e-01   0.0000
  7.87989318e-01   0.0000
 -1.07211232e+00   0.0000
 -1.79400206e-01   0.0000
  1.69997767e-01   0.0000
  1.40982783e+00   0.0000
 -7.37947449e-02   0.0000
  3.89137417e-01   0.0000
 -9.33685303e-01   0.0000
 -1.46292165e-01   0.0000
 -5.11221111e-01   0.0000
  4.69651639e-01   0.0000
  2.74420917e-01   0.0000
 -4.19190407e-01   0.0000
  2.62294859e-01   0.0000
 -3.09158713e-01   0.0000
 -6.39046788e-01   0.0000
  1.66091931e+00   0.0000
  2.22251579e-01   0.0000
 -3.25506151e-01   0.0000
  6.15587592e-01   0.0000
  7.53484190e-01   0.0000
  4.81990159e-01   0.0000
  5.69473386e-01   0.0000
 -4.94100034e-01   0.0000
  2.64695108e-01   0.0000
 -1.09724152e+00   0.0000
 -1.99516132e-01   0.0000
  1.40074372e-01   0.0000
  8.67229819e-01   0.0000
 -1.82817265e-01   0.0000
 -4.08698656e-02   0.0000
 -5.15476227e-01   0.0000
 -2.12704003e-01   0.0000
 -3.29784863e-02   0.0000
  1.08965054e-01   0.0000
  2.75970668e-01   0.0000
  1.31965309e-01   0.0000
 -3.71784568e-01   0.0000
  1.85529962e-01   0.0000
  1.60658598e-01   0.0000
 -3.73688310e-01   0.0000
  1.99130878e-01   0.0000
  3.61891955e-01   0.0000
 -1.51775807e-01   0.0000
  1.46312743e-01   0.0000
 -3.39277275e-02   0.0000
 -4.10216115e-02   0.0000
  2.85956621e-01   0.0000
  3.65069956e-01   0.0000
  5.99680841e-01   0.0000
  1.52275935e-01   0.0000
 -1.77970141e-01   0.0000
 -2.78900146e-01   0.0000
 -1.15077116e-01   0.0000
 -1.30889997e-01   0.0000
 -3.72367017e-02   0.0000
  5.66482469e-02   0.0000
  8.54157031e-01   0.0000
 -6.17062747e-01   0.0000
 -2.33159110e-01   0.0000
  7.06837893e-01   0.0000
 -9.88806605e-01   0.0000
  4.99289930e-01   0.0000
  5.01425624e-01   0.0000
 -2.02662802e+00   0.0000
 -1.36730269e-01   0.0000
  3.83902013e-01   0.0000
 -6.85289204e-01   0.0000
 -1.01989698e+00   0.0000
 -4.38056946e-01   0.0000
 -7.26028919e-01   0.0000
  4.10172224e-01   0.0000
 -4.16456014e-01   0.0000
 -2.43446559e-01   0.0000
  2.26264656e-01   0.0000
 -2.07198426e-01   0.0000
 -7.73176372e-01   0.0000
  1.10488161e-01   0.0000
 -2.11887602e-02   0.0000
  7.56789029e-01   0.0000
  2.94458270e-01   0.0000
  6.14393353e-01   0.0000
 -3.91606987e-01   0.0000
 -2.80864030e-01   0.0000
  6.75223947e-01   0.0000
 -8.01150262e-01   0.0000
  2.35258117e-02   0.0000
  1.97300076e-01   0.0000
 -1.31946135e+00   0.0000
  1.81573823e-01   0.0000
  5.84054410e-01   0.0000
 -6.94113910e-01   0.0000
 -8.70486081e-01   0.0000
 -3.13909978e-01   0.0000
 -6.11306131e-01   0.0000
 -1.91177517e-01   0.0000
 -5.12396216e-01   0.0000
  3.63151915e-02   0.0000
  2.87943006e-01   0.0000
 -1.84548050e-02   0.0000
 -8.65244389e-01   0.0000
  3.17487866e-01   0.0000
 -3.01333666e-01   0.0000
  6.29242361e-01   0.0000
  2.16387913e-01   0.0000
 -1.97414041e-01   0.0000
  1.73262775e-01   0.0000
 -2.66483072e-02   0.0000
 -8.79304558e-02   0.0000
 -4.07179683e-01   0.0000
 -9.21891481e-02   0.0000
 -1.06425673e-01   0.0000
  5.11471391e-01   0.0000
 -2.96480417e-01   0.0000
 -4.03365254e-01   0.0000
  7.96304420e-02   0.0000
  3.55187923e-01   0.0000
 -9.91110690e-03   0.0000
  2.79105246e-01   0.0000
  7.30505660e-02   0.0000
  6.33323014e-01   0.0000
 -1.92638427e-01   0.0000
 -7.92332217e-02   0.0000
  9.21186358e-02   0.0000
  4.08261031e-01   0.0000
 -1.50992200e-01   0.0000
  4.40040901e-02   0.0000
 -5.63811183e-01   0.0000
 -1.62728250e-01   0.0000
 -3.52128357e-01   0.0000
  5.52713335e-01   0.0000
  3.48665774e-01   0.0000
 -1.95357919e-01   0.0000
 -6.66335106e-01   0.0000
 -2.57880718e-01   0.0000
  8.67690668e-02   0.0000
  5.79484642e-01   0.0000
 -2.37894088e-01   0.0000
 -4.94106948e-01   0.0000
  1.04309529e-01   0.0000
  8.31734061e-01   0.0000
  1.98452920e-01   0.0000
  4.90226954e-01   0.0000
  1.51659116e-01   0.0000
  5.02436757e-01   0.0000
  9.08448081e-03   0.0000
  1.64246753e-01   0.0000
 -4.30558026e-02   0.0000
  3.26296270e-01   0.0000
 -1.40353553e-02   0.0000
 -1.51880816e-01   0.0000
 -6.94503605e-01   0.0000
  2.02960838e-02   0.0000
 -3.15044582e-01   0.0000
 -2.97108561e-01   0.0000
 -3.33536595e-01   0.0000
 -8.53382111e-01   0.0000
  3.58108819e-01   0.0000
  8.90494436e-02   0.0000
 -6.16297483e-01   0.0000
  1.50565135e+00   0.0000
  1.87815011e-01   0.0000
  1.16414264e-01   0.0000
  1.76165745e-01   0.0000
  5.26020169e-01   0.0000
 -3.43779810e-02   0.0000
  3.97225767e-01   0.0000
 -2.37568319e-01   0.0000
 -6.88382745e-01   0.0000
 -4.56742406e-01   0.0000
 -3.19240987e-01   0.0000
  1.06025912e-01   0.0000
  1.11725822e-01   0.0000
 -1.34106427e-02   0.0000
 -1.50898129e-01   0.0000
 -7.05374360e-01   0.0000
  1.87609866e-02   0.0000
 -2.11077735e-01   0.0000
 -2.96993107e-01   0.0000
 -2.98712075e-01   0.0000
 -3.33590120e-01   0.0000
 -1.72660038e-01   0.0000
  5.18971570e-02   0.0000
  2.29780423e-03   0.0000
  8.21445704e-01   0.0000
 -1.36148527e-01   0.0000
  1.02092296e-01   0.0000
  4.10100251e-01   0.0000
  5.38795650e-01   0.0000
  1.51393577e-01   0.0000
  1.46308690e-01   0.0000
  1.76803082e-01   0.0000
 -2.59508371e-01   0.0000
 -2.06666246e-01   0.0000
 -1.43559161e-03   0.0000
  3.65081169e-02   0.0000
  3.76245588e-01   0.0000
  2.91332603e-01   0.0000
 -1.11663165e-02   0.0000
 -3.03476602e-01   0.0000
 -6.32101819e-02   0.0000
 -3.49325269e-01   0.0000
 -1.75548624e-02   0.0000
  2.01650023e-01   0.0000
 -5.22265434e-01   0.0000
  8.05206597e-01   0.0000
 -4.63673145e-01   0.0000
 -5.91860473e-01   0.0000
  1.12981093e+00   0.0000
 -2.55882591e-01   0.0000
 -4.27845955e-01   0.0000
  2.55781025e-01   0.0000
  8.63135159e-01   0.0000
  1.00064218e-01   0.0000
  7.93108284e-01   0.0000
 -7.12173820e-01   0.0000
 -1.18098223e+00   0.0000
 -1.53587914e+00   0.0000
 -3.44639897e-01   0.0000
  9.94065404e-02   0.0000
  1.60960123e-01   0.0000
  2.66171366e-01   0.0000
  1.85631558e-01   0.0000
 -5.85437477e-01   0.0000
 -2.63890982e-01   0.0000
  8.46925974e-02   0.0000
 -3.01720142e-01   0.0000
 -2.90925860e-01   0.0000
 -2.93917954e-02   0.0000
 -5.61945856e-01   0.0000
  3.55736822e-01   0.0000
 -1.59258917e-01   0.0000
  5.42024493e-01   0.0000
 -2.90579237e-02   0.0000
  9.27597731e-02   0.0000
 -8.25919732e-02   0.0000
  4.48201656e-01   0.0000
 -3.77299160e-01   0.0000
  4.20104377e-02   0.0000
  1.14688247e-01   0.0000
 -2.69002318e-01   0.0000
  6.26264140e-02   0.0000
  1.68351918e-01   0.0000
 -6.29936531e-02   0.0000
 -1.52504281e-03   0.0000
  3.74924272e-01   0.0000
  4.01970325e-03   0.0000
 -1.40320420e-01   0.0000
  4.79800612e-01   0.0000
  5.22460997e-01   0.0000
 -3.29777241e-01   0.0000
 -2.45850921e-01   0.0000
  6.10393107e-01   0.0000
 -7.96296597e-01   0.0000
  5.01797557e-01   0.0000
  3.93825889e-01   0.0000
 -1.52761710e+00   0.0000
  7.73003101e-02   0.0000
  1.63195506e-01   0.0000
 -7.40899742e-01   0.0000
 -1.03114927e+00   0.0000
 -2.41693825e-01   0.0000
 -6.93300486e-01   0.0000
  3.47323507e-01   0.0000
 -5.48098683e-01   0.0000
  4.82129633e-01   0.0000
 -5.95943350e-03   0.0000
 -4.06402826e-01   0.0000
 -9.40869033e-01   0.0000
  1.27386257e-01   0.0000
 -1.76723301e-01   0.0000
  9.10118818e-01   0.0000
  2.77498931e-01   0.0000
  2.58191256e-03   0.0000
 -4.45200689e-02   0.0000
  9.98302996e-02   0.0000
  5.53977370e-01   0.0000
 -3.03695112e-01   0.0000
 -3.78139201e-03   0.0000
  4.81734335e-01   0.0000
 -7.17548490e-01   0.0000
  1.59147084e-01   0.0000
  2.29826272e-01   0.0000
 -3.72430444e-01   0.0000
 -2.30035651e-02   0.0000
  1.21601537e-01   0.0000
 -3.06701332e-01   0.0000
  3.46318901e-01   0.0000
  3.47820342e-01   0.0000
  2.94149816e-01   0.0000
  2.48552084e-01   0.0000
  8.60964879e-02   0.0000
 -4.09112424e-01   0.0000
  1.24362513e-01   0.0000
  3.98767591e-02   0.0000
  5.78711554e-02   0.0000
 -5.70893027e-02   0.0000
  1.19563115e+00   0.0000
 -1.12617874e+00   0.0000
 -7.63058290e-02   0.0000
  1.22408152e+00   0.0000
 -2.33495861e-01   0.0000
  7.65878439e-01   0.0000
  6.76890552e-01   0.0000
 -1.53637159e+00   0.0000
 -6.87215924e-02   0.0000
  1.06603026e+00   0.0000
 -1.23647118e+00   0.0000
 -2.40166187e+00   0.0000
 -7.74773121e-01   0.0000
 -1.25948334e+00   0.0000
  7.56588936e-01   0.0000
 -9.33058858e-01   0.0000
  1.03214979e+00   0.0000
  5.99659607e-02   0.0000
 -1.60322085e-01   0.0000
 -1.34562433e+00   0.0000
  2.03527674e-01   0.0000
 -9.52055752e-02   0.0000
  1.74807107e+00   0.0000
  5.37812471e-01   0.0000
 -3.62072468e-01   0.0000
  5.91846168e-01   0.0000
  1.11154519e-01   0.0000
 -1.27061874e-01   0.0000
 -3.45352471e-01   0.0000
 -2.65883893e-01   0.0000
  3.22695896e-02   0.0000
 -8.48536253e-01   0.0000
  1.33852899e-01   0.0000
 -6.94615781e-01   0.0000
  1.85697183e-01   0.0000
  1.80889034e+00   0.0000
  5.60937464e-01   0.0000
  2.63781697e-01   0.0000
  1.46410540e-01   0.0000
  7.80996501e-01   0.0000
  1.36683583e-01   0.0000
  9.75749344e-02   0.0000
 -1.27318919e-01   0.0000
  9.23340470e-02   0.0000
 -4.27532047e-01   0.0000
  2.16839448e-01   0.0000
 -1.68029368e+00   0.0000
 -8.21654946e-02   0.0000
 -2.90177345e-01   0.0000
  1.60908863e-01   0.0000
 -9.20796841e-02   0.0000
 -3.44630927e-01   0.0000
  1.26282811e-01   0.0000
 -3.80443990e-01   0.0000
 -3.62958908e-01   0.0000
  3.07688802e-01   0.0000
 -2.98440397e-01   0.0000
 -4.71749127e-01   0.0000
  5.45436218e-02   0.0000
  2.90213853e-01   0.0000
  2.49293253e-01   0.0000
  5.35527050e-01   0.0000
  9.68112797e-02   0.0000
  2.99820993e-02   0.0000
 -6.74954474e-01   0.0000
 -7.66814798e-02   0.0000
 -1.08203046e-01   0.0000
  1.27541646e-01   0.0000
  1.08690359e-01   0.0000
  1.04763590e-01   0.0000
 -8.66327882e-01   0.0000
 -3.35599363e-01   0.0000
  4.88848805e-01   0.0000
  7.85711557e-02   0.0000
  1.86820388e-01   0.0000
  6.31864071e-01   0.0000
 -8.24912250e-01   0.0000
  2.75179446e-01   0.0000
  3.49208713e-01   0.0000
 -8.06735098e-01   0.0000
 -7.40999505e-02   0.0000
  6.23910487e-01   0.0000
 -5.24040796e-02   0.0000
 -7.18790114e-01   0.0000
 -5.60315326e-02   0.0000
 -2.37050310e-01   0.0000
  5.82835853e-01   0.0000
  9.35940325e-01   0.0000
  8.80035520e-01   0.0000
  1.96140483e-02   0.0000
 -1.59532800e-02   0.0000
 -4.15809661e-01   0.0000
  2.39959303e-02   0.0000
  1.64803445e-01   0.0000
  8.10724735e-01   0.0000
  5.29856980e-01   0.0000
  4.04749006e-01   0.0000
  3.47121358e-01   0.0000
 -1.25604853e-01   0.0000
  4.70209986e-01   0.0000
 -1.71390980e-01   0.0000
 -6.68549165e-02   0.0000
  2.13160992e-01   0.0000
 -1.00434279e+00   0.0000
  1.95373856e-02   0.0000
  2.76808888e-01   0.0000
 -3.10263131e-02   0.0000
 -3.95022899e-01   0.0000
 -6.75736815e-02   0.0000
 -4.04612541e-01   0.0000
  4.32501376e-01   0.0000
  5.10106504e-01   0.0000
  5.55675089e-01   0.0000
  1.80664167e-01   0.0000
 -4.04698774e-03   0.0000
  2.13946123e-02   0.0000
 -2.14835316e-01   0.0000
 -1.45492628e-01   0.0000
  3.27468544e-01   0.0000
 -1.27336293e-01   0.0000
 -1.53988242e+00   0.0000
  4.71342325e-01   0.0000
  3.12802428e-03   0.0000
 -1.87263691e+00   0.0000
  3.78874242e-01   0.0000
 -7.78335869e-01   0.0000
 -7.97776043e-01   0.0000
  2.76929688e+00   0.0000
  1.61507130e-02   0.0000
 -1.04600048e+00   0.0000
  1.69765997e+00   0.0000
  1.30247712e+00   0.0000
  4.30904865e-01   0.0000
  1.88733113e+00   0.0000
 -8.14161956e-01   0.0000
  4.23243314e-01   0.0000
 -1.56370509e+00   0.0000
 -3.19889545e-01   0.0000
  5.54466665e-01   0.0000
  1.54993510e+00   0.0000
 -1.86767861e-01   0.0000
  1.64907217e-01   0.0000
 -8.12145948e-01   0.0000
 -2.37439647e-01   0.0000
  7.35486448e-02   0.0000
 -2.28136972e-01   0.0000
  7.76523575e-02   0.0000
 -2.06716433e-01   0.0000
  5.38801908e-01   0.0000
  2.66073585e-01   0.0000
 -4.32581529e-02   0.0000
  2.03383803e-01   0.0000
 -6.05634265e-02   0.0000
  2.00248346e-01   0.0000
  4.80230339e-02   0.0000
 -1.10629082e-01   0.0000
  6.83128685e-02   0.0000
 -4.96981218e-02   0.0000
 -2.69758135e-01   0.0000
 -1.96974501e-01   0.0000
 -2.37243876e-01   0.0000
 -1.27373800e-01   0.0000
  3.17047358e-01   0.0000
  6.80847764e-02   0.0000
 -1.12449460e-01   0.0000
 -2.53814667e-01   0.0000
  4.38558519e-01   0.0000
 -1.26888588e-01   0.0000
  1.15022790e+00   0.0000
 -6.49079621e-01   0.0000
 -2.55521446e-01   0.0000
  9.66159165e-01   0.0000
 -9.27318215e-01   0.0000
  5.11475563e-01   0.0000
  1.07468970e-01   0.0000
 -1.22467494e+00   0.0000
 -3.62597406e-02   0.0000
  5.72948337e-01   0.0000
 -8.04517925e-01   0.0000
 -7.86707938e-01   0.0000
 -4.34259892e-01   0.0000
 -1.04425991e+00   0.0000
  7.33880997e-01   0.0000
 -7.42800891e-01   0.0000
  6.42148435e-01   0.0000
  3.50464821e-01   0.0000
 -1.27264112e-01   0.0000
 -9.74636436e-01   0.0000
  1.61398098e-01   0.0000
 -4.80376929e-01   0.0000
  1.01800907e+00   0.0000
  4.73384410e-01   0.0000
  1.35095984e-01   0.0000
 -1.12452038e-01   0.0000
  9.10331775e-03   0.0000
 -3.31760347e-02   0.0000
 -2.39232928e-01   0.0000
  4.20814782e-01   0.0000
  4.89227884e-02   0.0000
 -4.45115209e-01   0.0000
 -9.55283195e-02   0.0000
  3.72052073e-01   0.0000
 -1.20263591e-01   0.0000
 -4.89928620e-03   0.0000
  5.64130843e-02   0.0000
 -4.89448160e-02   0.0000
  2.79385716e-01   0.0000
 -5.67523837e-01   0.0000
  3.08822870e-01   0.0000
  2.23981813e-01   0.0000
 -2.10249990e-01   0.0000
 -2.00959399e-01   0.0000
  1.16854787e-01   0.0000
 -6.36418760e-02   0.0000
  1.48227453e-01   0.0000
  7.11564124e-02   0.0000
  2.42064497e-03   0.0000
 -4.54438895e-01   0.0000
 -4.11813110e-01   0.0000
 -1.45775616e+00   0.0000
  2.57948160e+00   0.0000
 -1.50981963e-01   0.0000
 -6.52302504e-01   0.0000
  1.65568125e+00   0.0000
 -1.33518994e-01   0.0000
 -5.69877923e-01   0.0000
  4.09887910e-01   0.0000
 -2.35594332e-01   0.0000
  1.91952139e-02   0.0000
  8.93814743e-01   0.0000
 -1.33033800e+00   0.0000
 -1.18243241e+00   0.0000
 -2.28790331e+00   0.0000
 -5.41603208e-01   0.0000
  6.99569106e-01   0.0000
  3.21040988e-01   0.0000
  1.03698373e-01   0.0000
  1.32482320e-01   0.0000
 -8.55642110e-02   0.0000
 -5.77949047e-01   0.0000
 -3.26490849e-01   0.0000
  5.38289070e-01   0.0000
  3.57892811e-01   0.0000
 -4.37195122e-01   0.0000
  2.84510162e-02   0.0000
  1.52498558e-01   0.0000
  4.02372889e-03   0.0000
 -4.87862736e-01   0.0000
  4.38387170e-02   0.0000
  7.14665353e-01   0.0000
 -5.76636374e-01   0.0000
  2.39614435e-02   0.0000
 -9.92104650e-01   0.0000
 -1.26467311e+00   0.0000
 -5.68892598e-01   0.0000
 -3.62391770e-02   0.0000
  1.58740580e-01   0.0000
 -1.52042449e-01   0.0000
  4.60037962e-02   0.0000
  5.82099892e-02   0.0000
  7.35148191e-02   0.0000
 -1.07869990e-01   0.0000
  3.97527926e-02   0.0000
  3.42209965e-01   0.0000
 -1.29057909e-03   0.0000
 -5.04711568e-02   0.0000
  2.04511359e-01   0.0000
  4.19988483e-01   0.0000
 -9.82412696e-02   0.0000
  4.89256531e-01   0.0000
  8.74920711e-02   0.0000
  4.38762844e-01   0.0000
 -5.56920469e-02   0.0000
  6.00096211e-02   0.0000
  1.31279882e-02   0.0000
  5.40967248e-02   0.0000
  4.13133623e-03   0.0000
 -2.41385847e-01   0.0000
 -2.65275985e-01   0.0000
  2.63287425e-01   0.0000
  2.63954550e-01   0.0000
 -1.99193463e-01   0.0000
  1.42068505e-01   0.0000
  1.43192485e-01   0.0000
 -2.21560951e-02   0.0000
  2.27337852e-01   0.0000
 -1.25793651e-01   0.0000
  1.08188383e-01   0.0000
 -3.89634073e-01   0.0000
  1.11675429e+00   0.0000
  8.10558617e-01   0.0000
 -8.58375371e-01   0.0000
 -2.27919087e-01   0.0000
 -1.28959537e-01   0.0000
  3.06069314e-01   0.0000
 -5.21476388e-01   0.0000
 -3.43277574e-01   0.0000
  8.67593348e-01   0.0000
 -7.84924924e-01   0.0000
  2.45759383e-01   0.0000
 -1.21472001e+00   0.0000
 -1.80346298e+00   0.0000
 -4.74900723e-01   0.0000
  5.08228481e-01   0.0000
  3.62835258e-01   0.0000
 -9.73590732e-01   0.0000
 -4.54236835e-01   0.0000
  7.68720269e-01   0.0000
  7.83524752e-01   0.0000
 -4.09627080e-01   0.0000
 -7.48440325e-01   0.0000
  3.11252981e-01   0.0000
  6.20217204e-01   0.0000
 -4.49306369e-01   0.0000
  4.87559259e-01   0.0000
 -6.52222395e-01   0.0000
  7.79507279e-01   0.0000
  1.29786432e+00   0.0000
  2.50875503e-01   0.0000
 -7.05306590e-01   0.0000
 -2.23788209e-02   0.0000
  2.27448955e-01   0.0000
  8.09615329e-02   0.0000
 -3.14246595e-01   0.0000
 -2.72475868e-01   0.0000
  1.61560342e-01   0.0000
  1.14320159e-01   0.0000
 -4.06018078e-01   0.0000
  1.16589554e-01   0.0000
  3.01395357e-01   0.0000
 -2.30954424e-01   0.0000
 -9.92423221e-02   0.0000
 -3.33405375e-01   0.0000
 -9.78456080e-01   0.0000
 -4.41709667e-01   0.0000
  2.67663956e-01   0.0000
 -2.19392061e-01   0.0000
  3.16535503e-01   0.0000
  4.87402380e-01   0.0000
 -4.90010172e-01   0.0000
 -1.29775226e-01   0.0000
 -2.29101345e-01   0.0000
  3.27167511e-01   0.0000
 -4.98752028e-01   0.0000
 -2.31887788e-01   0.0000
  4.90067929e-01   0.0000
 -2.53281623e-01   0.0000
 -1.46904811e-01   0.0000
 -7.07238376e-01   0.0000
 -1.05486703e+00   0.0000
 -1.57882929e-01   0.0000
  1.84726298e-01   0.0000
  9.21506822e-01   0.0000
 -2.10225511e+00   0.0000
 -1.64831221e+00   0.0000
  1.53807271e+00   0.0000
  8.99907351e-01   0.0000
 -1.49113357e-01   0.0000
 -8.96150649e-01   0.0000
  6.48246884e-01   0.0000
  5.71686089e-01   0.0000
 -1.11631346e+00   0.0000
  1.48784089e+00   0.0000
 -8.47109318e-01   0.0000
  2.16090536e+00   0.0000
  2.22925305e+00   0.0000
  8.03224564e-01   0.0000
 -9.56954062e-01   0.0000
 -1.23494320e-01   0.0000
  1.54694974e-01   0.0000
 -6.57749772e-02   0.0000
  3.34700823e-01   0.0000
 -2.30162680e-01   0.0000
  2.55455285e-01   0.0000
  1.33947268e-01   0.0000
  2.09578454e-01   0.0000
  1.76695958e-01   0.0000
 -3.14733475e-01   0.0000
  4.17242676e-01   0.0000
  2.47869581e-01   0.0000
 -5.58257736e-02   0.0000
  1.46353513e-01   0.0000
  1.24430262e-01   0.0000
 -1.36763170e-01   0.0000
 -1.78616136e-01   0.0000
  4.03717905e-01   0.0000
  2.59279877e-01   0.0000
 -4.07543719e-01   0.0000
 -4.21198040e-01   0.0000
  1.64910302e-01   0.0000
  3.80685091e-01   0.0000
 -8.53893980e-02   0.0000
 -2.06304953e-01   0.0000
  4.97448534e-01   0.0000
 -2.30820909e-01   0.0000
  1.76037297e-01   0.0000
 -4.49983299e-01   0.0000
 -6.88142478e-01   0.0000
 -8.38934705e-02   0.0000
  1.32607028e-01   0.0000
  3.60065609e-01   0.0000
 -6.23179436e-01   0.0000
 -3.93265367e-01   0.0000
  9.78231132e-01   0.0000
  1.33082429e-02   0.0000
 -1.37144893e-01   0.0000
 -2.93531537e-01   0.0000
  6.37697279e-01   0.0000
  1.76442832e-01   0.0000
 -8.21126342e-01   0.0000
  6.93841338e-01   0.0000
  1.84818625e-01   0.0000
  1.07580471e+00   0.0000
  1.30655134e+00   0.0000
  4.40433711e-01   0.0000
 -1.22957461e-01   0.0000
  3.48470360e-01   0.0000
 -7.92831004e-01   0.0000
 -8.25886667e-01   0.0000
  1.01147819e+00   0.0000
  3.75819832e-01   0.0000
  3.84703606e-01   0.0000
 -2.53051519e-01   0.0000
  5.98060668e-01   0.0000
  3.41756903e-02   0.0000
 -6.86208725e-01   0.0000
  8.74701679e-01   0.0000
 -5.04505299e-02   0.0000
  1.17443252e+00   0.0000
  1.15943015e+00   0.0000
  4.73558247e-01   0.0000
 -5.28609097e-01   0.0000
  3.00105125e-01   0.0000
 -4.60081324e-02   0.0000
 -5.39990924e-02   0.0000
  1.01000518e-01   0.0000
 -1.11887030e-01   0.0000
 -1.92367539e-01   0.0000
 -6.74173236e-02   0.0000
  1.86264426e-01   0.0000
  4.17350233e-02   0.0000
 -3.57069790e-01   0.0000
  3.84978473e-01   0.0000
  4.97945160e-01   0.0000
 -3.40407854e-03   0.0000
  6.28194034e-01   0.0000
  4.16058451e-01   0.0000
 -1.69506118e-01   0.0000
  4.24557507e-01   0.0000
 -1.11425567e+00   0.0000
 -5.62142134e-01   0.0000
  6.23400688e-01   0.0000
  1.70874998e-01   0.0000
  1.15124114e-01   0.0000
 -9.91991982e-02   0.0000
  6.22422338e-01   0.0000
  3.42601061e-01   0.0000
 -6.28300548e-01   0.0000
  7.33759344e-01   0.0000
 -1.43693134e-01   0.0000
  1.24639821e+00   0.0000
  1.22307479e+00   0.0000
  3.54780853e-01   0.0000
 -7.26617038e-01   0.0000
 -6.19968288e-02   0.0000
  6.55888200e-01   0.0000
  3.38872492e-01   0.0000
 -5.10154843e-01   0.0000
 -5.76698184e-01   0.0000
 -1.77116856e-01   0.0000
  1.17986426e-01   0.0000
 -1.60087988e-01   0.0000
 -4.46373314e-01   0.0000
  5.36648512e-01   0.0000
 -4.22648042e-01   0.0000
  5.92606748e-03   0.0000
 -7.02405274e-01   0.0000
 -1.06604230e+00   0.0000
 -6.03265166e-01   0.0000
  4.98060495e-01   0.0000
 -3.51449728e-01   0.0000
  1.75311103e-01   0.0000
  3.51291895e-01   0.0000
 -6.62326142e-02   0.0000
 -6.39335334e-01   0.0000
  1.20380618e-01   0.0000
  2.39179760e-01   0.0000
  1.75584689e-01   0.0000
  2.83324122e-02   0.0000
 -1.38900712e-01   0.0000
  4.43759747e-02   0.0000
  6.95406318e-01   0.0000
 -4.96116541e-02   0.0000
  3.22383679e-02   0.0000
 -7.13014081e-02   0.0000
  4.92224783e-01   0.0000
 -2.55708843e-01   0.0000
  1.19967830e+00   0.0000
  9.98670578e-01   0.0000
 -7.96316683e-01   0.0000
 -7.15117335e-01   0.0000
  3.16913545e-01   0.0000
  5.70923686e-01   0.0000
 -6.40185356e-01   0.0000
 -5.29393792e-01   0.0000
  8.51845622e-01   0.0000
 -7.33113170e-01   0.0000
  7.11402059e-01   0.0000
 -1.34478223e+00   0.0000
 -1.34607708e+00   0.0000
 -2.58533806e-01   0.0000
  5.33146203e-01   0.0000
 -1.52525902e-01   0.0000
  1.66871235e-01   0.0000
  7.19786137e-02   0.0000
 -5.14545918e-01   0.0000
  1.32538408e-01   0.0000
  1.03454284e-01   0.0000
  3.00262004e-01   0.0000
  3.62083665e-03   0.0000
 -7.17914477e-02   0.0000
  2.24673897e-01   0.0000
 -1.47422358e-01   0.0000
 -1.50599554e-01   0.0000
 -2.93660641e-01   0.0000
 -4.32747185e-01   0.0000
  8.36745426e-02   0.0000
  2.58737206e-01   0.0000
  1.63826495e-02   0.0000
 -2.14913189e-01   0.0000
 -1.61441505e-01   0.0000
  2.84766585e-01   0.0000
  1.05434902e-01   0.0000
 -2.21085459e-01   0.0000
 -1.87271625e-01   0.0000
  2.01924369e-01   0.0000
  1.88924357e-01   0.0000
  3.59885581e-02   0.0000
  2.81143367e-01   0.0000
 -2.04090089e-01   0.0000
  4.91738230e-01   0.0000
  3.97496670e-01   0.0000
 -2.04791650e-02   0.0000
 -4.37007919e-02   0.0000
  5.05594052e-02   0.0000
 -1.06055951e+00   0.0000
 -5.75959623e-01   0.0000
  8.60014558e-01   0.0000
  4.12827075e-01   0.0000
  2.56081820e-01   0.0000
  2.78537776e-02   0.0000
  4.17661577e-01   0.0000
  1.18854411e-01   0.0000
 -6.34558916e-01   0.0000
  6.60017312e-01   0.0000
 -5.38412035e-02   0.0000
  1.04905081e+00   0.0000
  1.11271405e+00   0.0000
  6.48812413e-01   0.0000
 -3.53992939e-01   0.0000
 -2.18233988e-01   0.0000
 -8.02359432e-02   0.0000
 -5.07714674e-02   0.0000
  1.87786236e-01   0.0000
 -1.45869195e-01   0.0000
  1.48199871e-02   0.0000
 -7.38990232e-02   0.0000
  1.12250373e-02   0.0000
 -2.49502450e-01   0.0000
  3.96791905e-01   0.0000
 -5.25009371e-02   0.0000
 -1.59318328e-01   0.0000
  1.24767691e-01   0.0000
 -6.99509382e-02   0.0000
 -5.60613982e-02   0.0000
 -5.59770688e-02   0.0000
 -4.26572561e-02   0.0000
 -1.18191063e-01   0.0000
 -1.38232514e-01   0.0000
 -1.34906560e-01   0.0000
  2.28705108e-01   0.0000
 -2.70113170e-01   0.0000
  1.16754197e-01   0.0000
  3.38228121e-02   0.0000
  2.46657394e-02   0.0000
 -1.13227032e-03   0.0000
  3.02657008e-01   0.0000
 -1.93791866e-01   0.0000
  1.04660302e-01   0.0000
  2.78070748e-01   0.0000
 -1.64191797e-01   0.0000
  2.51396298e-01   0.0000
 -1.63186431e-01   0.0000
  7.30070055e-01   0.0000
  3.92845243e-01   0.0000
 -5.79039156e-01   0.0000
 -2.64978021e-01   0.0000
 -2.54926309e-02   0.0000
  1.97332814e-01   0.0000
 -1.27378330e-01   0.0000
 -1.23061553e-01   0.0000
  5.30620694e-01   0.0000
 -6.89832687e-01   0.0000
 -1.83091402e-01   0.0000
 -6.27736330e-01   0.0000
 -7.45522797e-01   0.0000
 -4.60413337e-01   0.0000
  3.11078131e-01   0.0000
 -4.17322248e-01   0.0000
  2.26899177e-01   0.0000
  1.96119323e-02   0.0000
 -2.36758605e-01   0.0000
 -2.05156729e-01   0.0000
  3.68386239e-01   0.0000
  1.72442630e-01   0.0000
  1.03112496e-02   0.0000
 -1.49838537e-01   0.0000
  2.41690278e-01   0.0000
 -2.06681311e-01   0.0000
  2.67468393e-01   0.0000
 -3.97630066e-01   0.0000
 -1.35133058e-01   0.0000
 -2.00848937e-01   0.0000
 -9.70413908e-02   0.0000
  1.10285783e+00   0.0000
  1.46037668e-01   0.0000
 -4.40050542e-01   0.0000
 -1.02231137e-01   0.0000
  1.59383166e+00   0.0000
 -2.01441407e+00   0.0000
 -1.50571513e+00   0.0000
 -6.53503239e-01   0.0000
  1.65245986e+00   0.0000
  6.92445517e-01   0.0000
 -4.46183205e-01   0.0000
 -3.16109014e+00   0.0000
 -2.93060541e-01   0.0000
 -1.05502963e+00   0.0000
 -6.36891544e-01   0.0000
 -1.47596502e+00   0.0000
  1.76200593e+00   0.0000
 -2.65551639e+00   0.0000
 -2.54180694e+00   0.0000
  1.82246971e+00   0.0000
  1.99519455e+00   0.0000
 -1.70237625e+00   0.0000
 -1.88743305e+00   0.0000
  7.31942832e-01   0.0000
  1.90073156e+00   0.0000
 -1.30786419e+00   0.0000
  1.36645031e+00   0.0000
 -3.60736585e+00   0.0000
  2.96883988e+00   0.0000
  3.36832976e+00   0.0000
  6.12072408e-01   0.0000
 -1.80047286e+00   0.0000
  1.36659575e+00   0.0000

