 5 0.000000 1
 1 
 Si 28.085500
 0 0.250000 4.500000 1.000000 1.500000 
 5 0 1 2 3 4
 6 1.00000 1.25000 1.50000 1.75000 4.50000 4.75000
 1 12.169200 6.172630 3.114710 0.755675 0.404939 0.036124 0.650018 0.572890
 4 30 24 24 1
 -1.29999566e+00   0.0000
  9.72974837e-01   0.0000
 -8.05491686e-01   0.0000
 -2.53676009e+00   0.0000
  1.19636640e-01   0.0000
 -6.08627498e-01   0.0000
  6.66103482e-01   0.0000
  1.42482018e+00   0.0000
 -1.30250931e-01   0.0000
 -1.36691439e+00   0.0000
 -5.33461161e-02   0.0000
 -1.13097101e-01   0.0000
 -8.38666916e-01   0.0000
  3.65378571e+00   0.0000
 -4.81327802e-01   0.0000
  1.20589525e-01   0.0000
  2.62195492e+00   0.0000
  1.44947255e+00   0.0000
  1.79107201e+00   0.0000
  6.63078070e+00   0.0000
 -6.38780594e-01   0.0000
  1.00361943e+00   0.0000
  9.52265978e-01   0.0000
  4.18035895e-01   0.0000
  1.32761729e+00   0.0000
  1.21954823e+00   0.0000
 -2.50697702e-01   0.0000
  8.43547463e-01   0.0000
  7.13360190e-01   0.0000
 -1.15136003e+00   0.0000
 -3.72382224e-01   0.0000
  1.81794703e+00   0.0000
  3.69701296e-01   0.0000
 -2.02020377e-01   0.0000
  9.25241351e-01   0.0000
 -3.91559303e-01   0.0000
 -8.57613981e-01   0.0000
  1.16318777e-01   0.0000
 -5.37544906e-01   0.0000
  5.33400416e-01   0.0000
  2.93236047e-01   0.0000
  1.59835505e+00   0.0000
  1.91926003e+00   0.0000
  1.37538338e+00   0.0000
 -8.13281655e-01   0.0000
  2.30361438e+00   0.0000
  7.11129427e-01   0.0000
  3.24334860e-01   0.0000
  7.83110797e-01   0.0000
  9.75087285e-01   0.0000
  8.99650931e-01   0.0000
  1.69840610e+00   0.0000
  1.24294743e-01   0.0000
 -2.16474175e-01   0.0000
 -3.49951416e-01   0.0000
  2.58195567e+00   0.0000
  2.07047671e-01   0.0000
 -1.01574793e-01   0.0000
 -2.38362506e-01   0.0000
 -9.00894344e-01   0.0000
 -3.84474099e-01   0.0000
 -1.37328088e+00   0.0000
 -6.43857121e-01   0.0000
  7.84464598e-01   0.0000
 -5.34650981e-01   0.0000
  4.84290831e-02   0.0000
  1.94897771e+00   0.0000
 -2.16005945e+00   0.0000
 -7.43241489e-01   0.0000
  3.18941665e+00   0.0000
  6.21175766e-01   0.0000
  7.02565014e-01   0.0000
  1.37953833e-01   0.0000
  4.82805014e-01   0.0000
  1.98689687e+00   0.0000
 -1.83225229e-01   0.0000
  2.30787233e-01   0.0000
  1.25793040e+00   0.0000
 -7.11404309e-02   0.0000
  2.88565636e+00   0.0000
 -3.94840062e-01   0.0000
  9.11458373e-01   0.0000
 -1.43955624e+00   0.0000
 -2.26854846e-01   0.0000
 -4.80795354e-01   0.0000
 -1.14367592e+00   0.0000
 -9.41137075e-01   0.0000
  2.21171141e-01   0.0000
 -8.64053130e-01   0.0000
 -1.45291972e+00   0.0000
  7.39308476e-01   0.0000
 -4.51813889e+00   0.0000
 -2.00662658e-01   0.0000
  2.68213654e+00   0.0000
  1.37972310e-01   0.0000
  1.34512353e+00   0.0000
 -1.20285165e+00   0.0000
  3.84574366e+00   0.0000
  1.55720878e+00   0.0000
 -2.58420616e-01   0.0000
  4.98633415e-01   0.0000
 -1.51089239e+00   0.0000
  9.96886194e-01   0.0000
  1.73355091e+00   0.0000
  6.21484637e-01   0.0000
 -5.07862568e-02   0.0000
  1.10561776e+00   0.0000
  4.28890973e-01   0.0000
 -1.33641529e+00   0.0000
 -1.41746521e-01   0.0000
 -2.13693887e-01   0.0000
  7.95952439e-01   0.0000
 -8.36023152e-01   0.0000
 -3.30827981e-01   0.0000
  2.28249431e+00   0.0000
 -1.01648414e+00   0.0000
 -8.93409431e-01   0.0000
  1.55361497e+00   0.0000
  1.10118508e+00   0.0000
  1.03295600e+00   0.0000
  1.17097944e-01   0.0000
  2.08175850e+00   0.0000
  9.10817921e-01   0.0000
 -2.29069024e-01   0.0000
  6.75936118e-02   0.0000
  1.05112982e+00   0.0000
 -6.92230880e-01   0.0000
  1.52798080e+00   0.0000
 -1.27149761e+00   0.0000
 -1.42392471e-01   0.0000
  1.61200672e-01   0.0000
  8.16523656e-02   0.0000
 -6.71579182e-01   0.0000
  7.90556446e-02   0.0000
  5.73408186e-01   0.0000
  8.23500633e-01   0.0000
  9.58346501e-02   0.0000
 -1.28712907e-01   0.0000
  1.34014380e+00   0.0000
  2.06713414e+00   0.0000
  8.61567616e-01   0.0000
  1.22386634e+00   0.0000
 -4.02995139e-01   0.0000
  6.69933379e-01   0.0000
  5.87181807e-01   0.0000
 -6.91506207e-01   0.0000
  1.58691987e-01   0.0000
  8.22615683e-01   0.0000
 -4.35124457e-01   0.0000
  8.45257163e-01   0.0000
  3.75662953e-01   0.0000
  1.50696814e-01   0.0000
 -5.24810433e-01   0.0000
  4.50238466e-01   0.0000
  7.98719585e-01   0.0000
 -3.22316349e-01   0.0000
 -1.31083816e-01   0.0000
  1.33821994e-01   0.0000
 -3.59013915e-01   0.0000
  2.87602156e-01   0.0000
 -2.06923053e-01   0.0000
 -1.41729355e+00   0.0000
  4.66188975e-02   0.0000
  8.32420230e-01   0.0000
  1.65802157e+00   0.0000
 -5.54325402e-01   0.0000
  7.37566352e-01   0.0000
  4.61680084e-01   0.0000
  8.23769093e-01   0.0000
 -5.17466724e-01   0.0000
 -6.12881174e-03   0.0000
  8.87692332e-01   0.0000
 -4.32254255e-01   0.0000
 -5.89572847e-01   0.0000
  3.47410351e-01   0.0000
  2.07518935e-01   0.0000
  5.85430622e-01   0.0000
  4.74516541e-01   0.0000
  9.59020734e-01   0.0000
 -1.05788529e+00   0.0000
  1.72829732e-01   0.0000
 -8.06100592e-02   0.0000
 -1.17603086e-01   0.0000
  4.68128175e-01   0.0000
  3.25962901e-02   0.0000
 -8.77016485e-01   0.0000
  3.76206547e-01   0.0000
  3.30265015e-01   0.0000
  1.40176213e+00   0.0000
 -8.64809453e-01   0.0000
  1.56775892e+00   0.0000
 -7.66877308e-02   0.0000
  6.91405058e-01   0.0000
 -2.93278158e-01   0.0000
  2.02690773e-02   0.0000
  1.05302203e+00   0.0000
 -5.73393524e-01   0.0000
 -1.19293606e+00   0.0000
  2.58524871e+00   0.0000
 -1.80579966e-03   0.0000
  1.29848969e+00   0.0000
  5.25755405e-01   0.0000
  6.75657630e-01   0.0000
 -1.48674393e+00   0.0000
 -4.46657948e-02   0.0000
  6.22110665e-02   0.0000
 -2.91180849e-01   0.0000
  3.52908075e-01   0.0000
 -5.39509475e-01   0.0000
 -4.53428358e-01   0.0000
  2.16443658e-01   0.0000
 -1.11809939e-01   0.0000
  4.48363841e-01   0.0000
 -1.56907642e+00   0.0000
  1.89914167e+00   0.0000
 -1.69042617e-01   0.0000
  1.89039633e-01   0.0000
 -1.01320910e+00   0.0000
 -3.62439334e-01   0.0000
  1.73176467e+00   0.0000
 -7.54569590e-01   0.0000
  3.71948451e-01   0.0000
  5.82210159e+00   0.0000
 -2.46718481e-01   0.0000
  1.36746800e+00   0.0000
  6.38990343e-01   0.0000
  3.06670099e-01   0.0000
 -5.66506684e-01   0.0000
 -2.60334294e-02   0.0000
 -2.57414877e-01   0.0000
 -8.96176577e-01   0.0000
  7.10858166e-01   0.0000
 -6.32366538e-01   0.0000
  6.20681047e-01   0.0000
 -4.20501113e-01   0.0000
 -1.23710656e+00   0.0000
  3.14152777e-01   0.0000
 -1.80969501e+00   0.0000
  1.53662658e+00   0.0000
  4.66580778e-01   0.0000
 -1.17854500e+00   0.0000
 -1.05483842e+00   0.0000
  1.06041476e-01   0.0000
  8.45263541e-01   0.0000
  1.32034814e+00   0.0000
  3.88985097e-01   0.0000
  9.29497600e-01   0.0000
 -5.67556098e-02   0.0000
  1.11879504e+00   0.0000
  1.30669773e+00   0.0000
  1.94667888e+00   0.0000
 -2.58095920e-01   0.0000
 -3.18711936e-01   0.0000
  4.02085662e-01   0.0000
 -2.01950043e-01   0.0000
  2.82272518e-01   0.0000
 -4.36197579e-01   0.0000
  2.04429865e+00   0.0000
 -7.04806209e-01   0.0000
 -9.85043943e-01   0.0000
  9.70429242e-01   0.0000
  4.16661650e-02   0.0000
 -8.50712478e-01   0.0000
  1.03020048e+00   0.0000
 -3.06232244e-01   0.0000
 -7.88081437e-02   0.0000
  1.54525088e-02   0.0000
  7.68136621e-01   0.0000
  5.76550066e-01   0.0000
  2.03216523e-01   0.0000
  5.08227766e-01   0.0000
  1.49659947e-01   0.0000
  3.44986916e-01   0.0000
  6.86537087e-01   0.0000
  5.85033059e-01   0.0000
 -2.19738394e-01   0.0000
 -2.95970976e-01   0.0000
  2.15985641e-01   0.0000
  4.46059883e-01   0.0000
 -7.38870502e-02   0.0000
 -1.72061235e-01   0.0000
  5.20165861e-01   0.0000
 -4.55455035e-01   0.0000
 -4.79348391e-01   0.0000
  1.76467106e-01   0.0000
  3.16485792e-01   0.0000
 -6.72692537e-01   0.0000
  1.07933366e+00   0.0000
  7.18880832e-01   0.0000
  5.33976734e-01   0.0000
  2.28754446e-01   0.0000
 -1.07015109e+00   0.0000
  2.97189415e-01   0.0000
  3.29977989e-01   0.0000
  1.61055303e+00   0.0000
 -3.60908747e-01   0.0000
 -1.37342346e+00   0.0000
 -9.61939245e-02   0.0000
 -4.36801836e-02   0.0000
  1.13855693e-02   0.0000
  2.52958506e-01   0.0000
  4.82611328e-01   0.0000
  2.16467068e-01   0.0000
  2.63459384e-01   0.0000
  4.55767810e-02   0.0000
 -1.24584699e+00   0.0000
 -1.02891815e+00   0.0000
  1.12502873e+00   0.0000
  5.65680921e-01   0.0000
  1.32498956e+00   0.0000
 -4.45298702e-01   0.0000
 -9.23523784e-01   0.0000
  2.80754685e-01   0.0000
  1.61804348e-01   0.0000
  1.82081670e-01   0.0000
 -6.97000921e-01   0.0000
  8.55418503e-01   0.0000
  1.69897437e-01   0.0000
  6.44285679e-01   0.0000
 -7.21176267e-01   0.0000
 -1.71022594e+00   0.0000
  3.68363619e-01   0.0000
  4.76915210e-01   0.0000
 -3.15381467e-01   0.0000
  9.37387794e-02   0.0000
  1.71808645e-01   0.0000
  6.93046570e-01   0.0000
  4.32910711e-01   0.0000
 -1.71398252e-01   0.0000
 -1.26156640e+00   0.0000
 -1.21979058e+00   0.0000
  4.79000360e-01   0.0000
  6.86764836e-01   0.0000
  2.12142587e+00   0.0000
 -5.10114491e-01   0.0000
 -5.71111619e-01   0.0000
  2.58107871e-01   0.0000
 -1.13622010e-01   0.0000
 -6.19503036e-02   0.0000
 -1.16509736e-01   0.0000
  1.18482995e+00   0.0000
 -1.30687561e-02   0.0000
 -4.61984009e-01   0.0000
 -6.53576791e-01   0.0000
 -9.42898750e-01   0.0000
  6.10341549e-01   0.0000
  1.03872418e+00   0.0000
 -7.53008187e-01   0.0000
  3.97241056e-01   0.0000
  2.10149959e-01   0.0000
  1.57495213e+00   0.0000
  5.08409262e-01   0.0000
 -2.56686628e-01   0.0000
 -8.92910957e-01   0.0000
 -2.88322181e-01   0.0000
 -6.73072264e-02   0.0000
  1.21993177e-01   0.0000
  3.10543942e+00   0.0000
 -4.55592036e-01   0.0000
  1.75778389e-01   0.0000
 -3.31883342e-03   0.0000
 -1.36198759e-01   0.0000
 -4.27986443e-01   0.0000
  2.41201341e-01   0.0000
  1.21940899e+00   0.0000
  3.37770283e-01   0.0000
 -1.46960294e+00   0.0000
 -1.15723860e+00   0.0000
  3.29854876e-01   0.0000
  1.23450005e+00   0.0000
  1.65784001e+00   0.0000
 -1.42813456e+00   0.0000
  3.58338565e-01   0.0000
 -8.86569321e-02   0.0000
  2.54092932e+00   0.0000
  1.20780814e+00   0.0000
 -4.37303871e-01   0.0000
 -1.39029533e-01   0.0000
  5.91512203e-01   0.0000
 -4.69727069e-01   0.0000
 -2.89395392e-01   0.0000
  3.60094619e+00   0.0000
  1.13909975e-01   0.0000
 -7.94376433e-02   0.0000
 -2.14185619e+00   0.0000
 -1.41434586e+00   0.0000
 -1.12743661e-01   0.0000
 -6.36924028e-01   0.0000
 -1.14996219e+00   0.0000
  4.81207520e-01   0.0000
 -5.82334638e-01   0.0000
  1.76159646e-02   0.0000
 -4.01718974e-01   0.0000
  5.99655986e-01   0.0000
  7.70747781e-01   0.0000
  1.27810287e+00   0.0000
 -1.68355450e-01   0.0000
 -1.31020308e-01   0.0000
 -9.50734094e-02   0.0000
  4.71721560e-01   0.0000
  9.35344398e-01   0.0000
 -3.38972509e-01   0.0000
  1.30151510e+00   0.0000
 -7.88933575e-01   0.0000
  9.17922139e-01   0.0000
  1.37730110e+00   0.0000
 -9.79169130e-01   0.0000
 -1.52579606e+00   0.0000
 -8.16967130e-01   0.0000
 -5.23937702e-01   0.0000
  7.64314551e-03   0.0000
  4.56924796e-01   0.0000
 -6.20189309e-01   0.0000
  5.14509618e-01   0.0000
  8.00158754e-02   0.0000
 -1.22620419e-01   0.0000
 -5.97030044e-01   0.0000
  4.10880208e-01   0.0000
  6.50940955e-01   0.0000
  5.48993349e-01   0.0000
 -8.65361840e-02   0.0000
 -5.88005483e-01   0.0000
 -6.78063571e-01   0.0000
  2.92053431e-01   0.0000
  4.04171914e-01   0.0000
 -4.39612240e-01   0.0000
  8.42370763e-02   0.0000
 -8.08626473e-01   0.0000
  3.34751934e-01   0.0000
  1.01713765e+00   0.0000
 -5.58110714e-01   0.0000
 -5.51613092e-01   0.0000
 -2.65268373e+00   0.0000
  4.79689613e-02   0.0000
  3.50834012e-01   0.0000
 -1.86049724e+00   0.0000
  1.81301847e-01   0.0000
  2.28552207e-01   0.0000
  2.42071480e-01   0.0000
  5.35579072e-03   0.0000
  3.21462095e-01   0.0000
  4.54536259e-01   0.0000
  1.41148400e+00   0.0000
  1.89668268e-01   0.0000
  1.49557829e-01   0.0000
  7.66961217e-01   0.0000
  1.66640699e+00   0.0000
  6.98293597e-02   0.0000
  9.55879867e-01   0.0000
  1.99946713e+00   0.0000
  3.86326432e-01   0.0000
  1.34174252e+00   0.0000
  1.27209044e+00   0.0000
 -9.40846443e-01   0.0000
  1.29749969e-01   0.0000
 -9.95836914e-01   0.0000
 -2.02301788e+00   0.0000
 -7.69347623e-02   0.0000
  2.33137488e-01   0.0000
  1.85017645e-01   0.0000
  3.48125733e-02   0.0000
  2.46561825e-01   0.0000
 -5.45330048e-01   0.0000
  9.04063787e-03   0.0000
  5.94134569e-01   0.0000
  1.07728148e+00   0.0000
  2.15105009e+00   0.0000
 -5.51215470e-01   0.0000
  1.29240036e-01   0.0000
  2.56117191e-02   0.0000
  1.18456197e+00   0.0000
 -1.73566222e-01   0.0000
 -3.08288306e-01   0.0000
  1.66852534e+00   0.0000
 -1.89474728e-02   0.0000
  2.02545345e-01   0.0000
  1.12474930e+00   0.0000
 -5.86328149e-01   0.0000
  4.31058526e-01   0.0000
 -7.76713669e-01   0.0000
 -1.09959304e+00   0.0000
 -8.47802579e-01   0.0000
  3.38166878e-02   0.0000
  8.25329423e-01   0.0000
  3.49408209e-01   0.0000
 -3.22644889e-01   0.0000
 -3.58243942e-01   0.0000
  1.73879072e-01   0.0000
  6.23397887e-01   0.0000
  1.12120962e+00   0.0000
  1.99878061e+00   0.0000
 -1.73515737e-01   0.0000
  1.23377711e-01   0.0000
 -5.98026156e-01   0.0000
  1.67582631e-01   0.0000
 -9.31790546e-02   0.0000
 -1.09961474e+00   0.0000
  4.81457949e-01   0.0000
 -6.50159001e-01   0.0000
 -2.50152022e-01   0.0000
  8.05847108e-01   0.0000
 -1.67023849e+00   0.0000
 -2.75663018e-01   0.0000
 -4.24106270e-01   0.0000
 -1.08767760e+00   0.0000
 -9.91645932e-01   0.0000
  3.46316874e-01   0.0000
  2.24426314e-01   0.0000
  8.10227931e-01   0.0000
 -1.18756509e+00   0.0000
  1.27380455e+00   0.0000
  3.10061783e-01   0.0000
  6.36433423e-01   0.0000
  4.26402390e-01   0.0000
 -2.62451470e-01   0.0000
  8.75843287e-01   0.0000
  6.92211270e-01   0.0000
  4.30327028e-01   0.0000
  3.39184329e-02   0.0000
 -2.28129596e-01   0.0000
 -1.04899311e+00   0.0000
 -1.63573492e+00   0.0000
 -1.35685575e+00   0.0000
  7.06880748e-01   0.0000
 -7.00472668e-02   0.0000
 -3.77490997e+00   0.0000
 -9.87837076e-01   0.0000
  3.48754197e-01   0.0000
  5.70425093e-01   0.0000
  1.76598060e+00   0.0000
  2.78544843e-01   0.0000
 -2.47542143e-01   0.0000
  2.96757489e-01   0.0000
 -4.10129055e-02   0.0000
  5.29216090e-03   0.0000
  1.60745132e+00   0.0000
  1.28717494e+00   0.0000
  1.34611702e+00   0.0000
  1.95767120e-01   0.0000
  1.13808095e+00   0.0000
  4.23500240e-01   0.0000
  2.13554487e-01   0.0000
  4.99104381e-01   0.0000
 -1.01428950e+00   0.0000
  2.82999873e-01   0.0000
 -1.10098779e+00   0.0000
 -1.24152565e+00   0.0000
  1.02777624e+00   0.0000
 -1.51396528e-01   0.0000
  1.70535553e+00   0.0000
 -3.54343027e-01   0.0000
 -1.58702469e+00   0.0000
  3.55962127e-01   0.0000
  9.82589364e-01   0.0000
  2.13277355e-01   0.0000
  4.67521936e-01   0.0000
 -1.59068808e-01   0.0000
  1.17845513e-01   0.0000
  1.13471758e+00   0.0000
  1.13537729e+00   0.0000
 -3.96422207e-01   0.0000
  9.61129725e-01   0.0000
  7.68155381e-02   0.0000
  7.12145865e-01   0.0000
  7.14990944e-02   0.0000
 -3.92626673e-01   0.0000
 -7.25160480e-01   0.0000
 -8.02060843e-01   0.0000
  3.36373329e-01   0.0000
 -4.12006170e-01   0.0000
 -1.61102164e+00   0.0000
 -4.52060312e-01   0.0000
  1.17110479e+00   0.0000
  1.24386883e+00   0.0000
 -8.91316712e-01   0.0000
  3.20220023e-01   0.0000
 -1.92311537e+00   0.0000
 -1.65139091e+00   0.0000
  1.84335694e-01   0.0000
 -2.01410484e+00   0.0000
 -5.93330920e-01   0.0000
 -5.74224651e-01   0.0000
  1.10851265e-01   0.0000
  6.85358122e-02   0.0000
 -2.00555277e+00   0.0000
 -3.16953391e-01   0.0000
 -5.53462803e-01   0.0000
  1.84195495e+00   0.0000
  3.20394896e-03   0.0000
  7.43315578e-01   0.0000
  2.69949585e-02   0.0000
  2.48299446e-02   0.0000
  1.14190960e+00   0.0000
  9.80885863e-01   0.0000
  3.32407475e-01   0.0000
  3.92116380e+00   0.0000
  1.02453089e+00   0.0000
 -2.54583836e+00   0.0000
  6.99998558e-01   0.0000
  1.30780530e+00   0.0000
 -6.93256497e-01   0.0000
 -1.46465147e+00   0.0000
 -6.20662794e-02   0.0000
 -3.47957820e-01   0.0000
 -5.39123237e-01   0.0000
  8.59745294e-02   0.0000
 -7.19040930e-01   0.0000
 -5.54573298e-01   0.0000
 -1.55178690e+00   0.0000
  6.80996180e-01   0.0000
  8.87898132e-02   0.0000
  7.53328621e-01   0.0000
  2.29893625e-01   0.0000
 -3.06211323e-01   0.0000
  6.60202682e-01   0.0000
  2.77531356e-01   0.0000
 -6.69809222e-01   0.0000
 -1.60659626e-01   0.0000
  2.88415462e-01   0.0000
  6.66017413e-01   0.0000
  1.24588020e-01   0.0000
 -2.22600484e+00   0.0000
  5.19222260e-01   0.0000
 -2.21584648e-01   0.0000
  1.26590105e-02   0.0000
 -5.33170342e-01   0.0000
  6.76078916e-01   0.0000
  3.36285502e-01   0.0000
 -1.53807312e-01   0.0000
  7.74844587e-01   0.0000
 -1.24806605e-01   0.0000
 -9.07401562e-01   0.0000
 -1.66514218e+00   0.0000
  1.22882962e+00   0.0000
  4.92189452e-02   0.0000
 -8.98966268e-02   0.0000
 -1.36383638e-01   0.0000
 -6.22741461e-01   0.0000
  4.31867212e-01   0.0000
  9.63864625e-01   0.0000
 -1.35716593e+00   0.0000
 -1.68528402e+00   0.0000
 -3.33597600e-01   0.0000
 -1.78611720e+00   0.0000
 -1.11871052e+00   0.0000
 -1.72873938e+00   0.0000
 -2.16515929e-01   0.0000
 -7.32741594e-01   0.0000
  1.37477720e+00   0.0000
  1.22391367e+00   0.0000
  9.86849189e-01   0.0000
  8.17644536e-01   0.0000
  8.27011645e-01   0.0000
 -6.68797791e-01   0.0000
  6.07609451e-01   0.0000
 -8.54864359e-01   0.0000
 -2.10589147e+00   0.0000
  2.04918551e+00   0.0000
 -6.99374676e-01   0.0000
 -4.19867188e-02   0.0000
  3.24086159e-01   0.0000
  3.74904662e-01   0.0000
  2.89950728e-01   0.0000
  1.02340579e+00   0.0000
 -2.28673315e+00   0.0000
 -3.97222757e+00   0.0000
 -1.05949140e+00   0.0000
 -2.57860088e+00   0.0000
 -1.98952508e+00   0.0000
 -9.63605046e-01   0.0000
 -4.26087588e-01   0.0000
 -1.89343238e+00   0.0000
  2.92362452e-01   0.0000
  8.86936963e-01   0.0000
  8.15914094e-01   0.0000
 -9.29192781e-01   0.0000
 -5.56675673e-01   0.0000
 -4.03397918e-01   0.0000
 -1.04209766e-01   0.0000
  1.54905939e+00   0.0000
  1.89933300e-01   0.0000
 -3.72184813e-01   0.0000
 -1.68924665e+00   0.0000
  4.55016106e-01   0.0000
 -2.20493570e-01   0.0000
 -3.24049562e-01   0.0000
  2.12929726e-01   0.0000
  5.99600151e-02   0.0000
 -5.27152598e-01   0.0000
 -4.74364549e-01   0.0000
 -8.33765686e-01   0.0000
  1.68730229e-01   0.0000
 -6.54413521e-01   0.0000
  1.76997995e+00   0.0000
  7.69387960e-01   0.0000
 -7.85609066e-01   0.0000
  7.19769299e-01   0.0000
  2.66490072e-01   0.0000
  3.09894651e-01   0.0000
  1.14353859e+00   0.0000
 -6.01923048e-01   0.0000
 -9.31958482e-02   0.0000
  1.46051973e-01   0.0000
  1.01584518e+00   0.0000
  3.95924784e-02   0.0000
 -1.81344718e-01   0.0000
  1.72682285e-01   0.0000
 -8.56924891e-01   0.0000
  2.34754860e-01   0.0000
  3.60809386e-01   0.0000
 -8.29614937e-01   0.0000
 -3.17588091e-01   0.0000
 -1.06412518e+00   0.0000
  6.55511618e-01   0.0000
 -1.16673827e+00   0.0000
  1.23383665e+00   0.0000
 -3.61375928e-01   0.0000
  1.35858011e+00   0.0000
 -5.09057581e-01   0.0000
  1.01635337e+00   0.0000
  8.17211747e-01   0.0000
 -5.76064467e-01   0.0000
  1.35440242e+00   0.0000
  2.94784784e+00   0.0000
  7.54019916e-01   0.0000
  2.48402119e+00   0.0000
  9.51460838e-01   0.0000
 -1.86097339e-01   0.0000
  6.86937943e-02   0.0000
  2.03186893e+00   0.0000
  6.36799991e-01   0.0000
  1.73969674e+00   0.0000
  4.93964069e-02   0.0000
 -3.41406369e+00   0.0000
  1.52629152e-01   0.0000
  1.04496491e+00   0.0000
 -2.49886775e+00   0.0000
 -3.28561091e+00   0.0000
  3.80367011e-01   0.0000
 -7.59924030e+00   0.0000
  1.51922420e-01   0.0000
 -1.31120741e-01   0.0000
 -7.37540662e-01   0.0000
  8.62927794e-01   0.0000
  3.16822320e-01   0.0000
 -1.68731138e-01   0.0000
 -5.81144273e-01   0.0000
 -1.10473158e-02   0.0000
  8.71652424e-01   0.0000
  1.01851428e+00   0.0000
  1.11645579e+00   0.0000
  1.60384893e-01   0.0000
  1.53743342e-01   0.0000
  1.39216229e-01   0.0000
 -4.04414535e-01   0.0000
 -2.30559148e-02   0.0000
  1.08971201e-01   0.0000
  1.99829966e-01   0.0000
  2.10117206e-01   0.0000
 -2.86585122e-01   0.0000
 -8.21720213e-02   0.0000
 -8.96240711e-01   0.0000
  4.89370883e-01   0.0000
 -6.32326365e-01   0.0000
  5.07393003e-01   0.0000
 -2.34527141e-01   0.0000
  2.21283101e-02   0.0000
  8.24563146e-01   0.0000
  5.79608142e-01   0.0000
 -2.29818627e-01   0.0000
  7.80063212e-01   0.0000
 -7.48742878e-01   0.0000
  7.84457266e-01   0.0000
  5.66231489e-01   0.0000
 -1.05748940e+00   0.0000
 -3.81927937e-01   0.0000
 -4.42335039e-01   0.0000
 -3.82949740e-01   0.0000
 -6.10134780e-01   0.0000
 -6.66710019e-01   0.0000
  1.59209028e-01   0.0000
 -7.13319540e-01   0.0000
 -4.35306787e-01   0.0000
  9.67898592e-02   0.0000
  6.29105568e-01   0.0000
  6.57130361e-01   0.0000
  5.93126789e-02   0.0000
  5.42165101e-01   0.0000
  6.99441075e-01   0.0000
  3.80849004e-01   0.0000
 -5.74847937e-01   0.0000
  6.19363308e-01   0.0000
 -2.77106673e-01   0.0000
 -3.60419333e-01   0.0000
  9.45938304e-02   0.0000
  2.63065428e-01   0.0000
 -1.78017780e-01   0.0000
 -7.43428767e-02   0.0000
 -2.62644917e-01   0.0000
 -1.30530387e-01   0.0000
  1.45730853e-01   0.0000
 -5.66344976e-01   0.0000
  8.61795396e-02   0.0000
  1.84265524e-01   0.0000
 -2.23609239e-01   0.0000
  2.13389814e-01   0.0000
  2.05499083e-01   0.0000
 -1.59303859e-01   0.0000
 -4.78539132e-02   0.0000
  2.22824723e-01   0.0000
  4.38089132e-01   0.0000
  6.45329416e-01   0.0000
 -8.00731108e-02   0.0000
  7.44949877e-02   0.0000
  1.85745820e-01   0.0000
 -4.67261791e-01   0.0000
  9.58638966e-01   0.0000
  4.66640979e-01   0.0000
 -3.83792669e-01   0.0000
 -4.59408224e-01   0.0000
  8.12623262e-01   0.0000
  2.06634378e+00   0.0000
  4.72746164e-01   0.0000
  2.70118266e-01   0.0000
 -4.81141746e-01   0.0000
  3.69846910e-01   0.0000
 -7.96731889e-01   0.0000
 -7.89758027e-01   0.0000
  1.78925842e-01   0.0000
 -4.51346397e-01   0.0000
 -6.03144884e-01   0.0000
  2.10542589e-01   0.0000
  6.79977357e-01   0.0000
 -3.62369090e-01   0.0000
 -4.72686380e-01   0.0000
 -3.14099878e-01   0.0000
  4.66114640e-01   0.0000
 -3.08170378e-01   0.0000
 -1.51934892e-01   0.0000
  1.00778234e+00   0.0000
  7.18600094e-01   0.0000
  5.02669752e-01   0.0000
 -2.67008036e-01   0.0000
 -6.81057572e-01   0.0000
  4.97825816e-02   0.0000
  9.69810858e-02   0.0000
  2.44818285e-01   0.0000
  7.86674768e-02   0.0000
 -6.25592351e-01   0.0000
 -1.54818028e-01   0.0000
 -3.63388598e-01   0.0000
 -5.63025892e-01   0.0000
 -1.65541232e-01   0.0000
 -6.81403816e-01   0.0000
 -7.07300067e-01   0.0000
  4.51781839e-01   0.0000
  4.63843316e-01   0.0000
 -1.48213148e-01   0.0000
 -1.79839000e-01   0.0000
 -2.15129495e-01   0.0000
  3.55553746e-01   0.0000
  2.00241238e-01   0.0000
 -5.13907135e-01   0.0000
  4.60695684e-01   0.0000
 -7.22029507e-01   0.0000
  4.24597645e-03   0.0000
  7.45370165e-02   0.0000
  5.10570884e-01   0.0000
 -8.88715088e-01   0.0000
 -4.60238934e-01   0.0000
  3.29563655e-02   0.0000
 -1.21378154e-01   0.0000
  5.07197917e-01   0.0000
  4.82563674e-01   0.0000
  7.51253426e-01   0.0000
  6.76478684e-01   0.0000
 -2.08974183e-01   0.0000
  4.12609011e-01   0.0000
  8.29865575e-01   0.0000
 -4.83585417e-01   0.0000
 -7.62902439e-01   0.0000
 -4.22990024e-01   0.0000
 -5.98813258e-02   0.0000
 -1.54660285e-01   0.0000
 -7.07371771e-01   0.0000
 -2.80490667e-01   0.0000
  3.87121178e-02   0.0000
 -1.03615296e+00   0.0000
 -9.37359214e-01   0.0000
 -3.43286127e-01   0.0000
  7.28182256e-01   0.0000
  6.71880007e-01   0.0000
 -7.24002957e-01   0.0000
 -8.00793648e-01   0.0000
 -1.06929123e-01   0.0000
 -6.02398634e-01   0.0000
  7.43099689e-01   0.0000
 -3.59254867e-01   0.0000
  9.37659979e-01   0.0000
  9.10822749e-01   0.0000
  4.79696244e-02   0.0000
  6.37225628e-01   0.0000
  7.88521886e-01   0.0000
 -4.86167073e-01   0.0000
 -6.25976682e-01   0.0000
  7.28588343e-01   0.0000
  1.89285278e-01   0.0000
  3.99215102e-01   0.0000
 -8.13726306e-01   0.0000
  2.60181874e-01   0.0000
  7.12410450e-01   0.0000
 -1.11359656e+00   0.0000
 -1.19825459e+00   0.0000
 -1.09830606e+00   0.0000
  9.35204744e-01   0.0000
  1.06050885e+00   0.0000
 -1.35863709e+00   0.0000
 -1.81063712e-01   0.0000
 -9.24754322e-01   0.0000
 -9.32120740e-01   0.0000
  9.28745031e-01   0.0000
 -1.94365397e-01   0.0000
  1.25405765e+00   0.0000
  1.05629170e+00   0.0000
 -1.84982374e-01   0.0000
  8.10583889e-01   0.0000
  8.34060013e-01   0.0000
 -8.77153993e-01   0.0000
 -7.14134872e-01   0.0000
  1.04711509e+00   0.0000
  1.07179058e+00   0.0000
  8.04905474e-01   0.0000
 -1.06876671e+00   0.0000
  1.01399016e+00   0.0000
  1.26609015e+00   0.0000
 -1.00733542e+00   0.0000
 -2.36944139e-01   0.0000
  7.11388409e-01   0.0000
  1.29948363e-01   0.0000
 -1.73981398e-01   0.0000
  3.23248804e-01   0.0000
  6.11909747e-01   0.0000
 -4.35802430e-01   0.0000
  1.42257184e-01   0.0000
  9.97647941e-02   0.0000
  4.91714269e-01   0.0000
 -2.39176437e-01   0.0000
  1.04150578e-01   0.0000
  1.70071661e-01   0.0000
 -6.06341437e-02   0.0000
 -1.24684587e-01   0.0000
  3.43146086e-01   0.0000
  1.48827001e-01   0.0000
  4.00453806e-01   0.0000
 -6.17140114e-01   0.0000
  3.79644409e-02   0.0000
  9.40114558e-02   0.0000
  9.80107207e-03   0.0000
 -6.75133765e-01   0.0000
 -1.29537778e-02   0.0000
  4.07848477e-01   0.0000
  3.65624905e-01   0.0000
 -2.51985729e-01   0.0000
 -5.85285962e-01   0.0000
  5.82408607e-01   0.0000
  1.30036116e+00   0.0000
  3.91159981e-01   0.0000
  2.76908487e-01   0.0000
 -5.35342813e-01   0.0000
  4.02779698e-01   0.0000
 -3.68479103e-01   0.0000
 -4.49900925e-01   0.0000
 -5.89776300e-02   0.0000
 -3.46922606e-01   0.0000
 -2.49611676e-01   0.0000
  2.72610366e-01   0.0000
  6.75952017e-01   0.0000
 -2.29483366e-01   0.0000
 -3.42840135e-01   0.0000
 -1.80937454e-01   0.0000
  5.80312669e-01   0.0000
  1.90727174e-01   0.0000
 -2.65734810e-02   0.0000
  4.46341962e-01   0.0000
  2.30082616e-01   0.0000
  2.44543597e-01   0.0000
 -7.06962273e-02   0.0000
 -1.94627285e-01   0.0000
  1.54790968e-01   0.0000
  5.04688144e-01   0.0000
  2.18413904e-01   0.0000
 -1.41694665e-01   0.0000
  2.21988991e-01   0.0000
  3.41920644e-01   0.0000
 -4.68050420e-01   0.0000
 -7.19484016e-02   0.0000
 -1.96685910e-01   0.0000
 -1.44476429e-01   0.0000
 -2.81615973e-01   0.0000
 -1.23479545e-01   0.0000
  4.20454741e-01   0.0000
 -1.75642207e-01   0.0000
 -3.44109446e-01   0.0000
 -3.10311794e-01   0.0000
  3.09640676e-01   0.0000
 -9.55577642e-02   0.0000
  2.94945598e-01   0.0000
  3.24965209e-01   0.0000
  2.32668340e-01   0.0000
  6.46539330e-01   0.0000
 -2.49748960e-01   0.0000
  1.19417414e-01   0.0000
  1.14507034e-01   0.0000
  5.13792813e-01   0.0000
  6.15023434e-01   0.0000
  7.24545866e-02   0.0000
 -2.36202896e-01   0.0000
  3.17416303e-02   0.0000
  1.05613790e-01   0.0000
 -2.21299842e-01   0.0000
  2.09452845e-02   0.0000
  1.78657189e-01   0.0000
  1.00846119e-01   0.0000
  8.44998807e-02   0.0000
 -3.92529488e-01   0.0000
 -3.28002244e-01   0.0000
 -4.94204432e-01   0.0000
 -3.57274681e-01   0.0000
  1.72835827e-01   0.0000
 -2.93786615e-01   0.0000
  1.94855601e-01   0.0000
  3.99151325e-01   0.0000
 -3.38563472e-01   0.0000
  6.60234749e-01   0.0000
 -5.53076386e-01   0.0000
  3.55978370e-01   0.0000
 -4.30469155e-01   0.0000
 -3.63733739e-01   0.0000
  9.02041376e-01   0.0000
  3.75658721e-01   0.0000
  1.54477373e-01   0.0000
  1.15211852e-01   0.0000
  3.61639440e-01   0.0000
  1.85157716e-01   0.0000
  2.22201869e-02   0.0000
  2.79740810e-01   0.0000
  2.56763455e-02   0.0000
  1.37557849e-01   0.0000
 -1.99503303e-01   0.0000
 -7.39386022e-01   0.0000
 -2.41090909e-01   0.0000
 -8.53119910e-01   0.0000
 -2.44436473e-01   0.0000
 -2.62575775e-01   0.0000
  2.57868737e-01   0.0000
 -3.12953442e-01   0.0000
 -1.93426967e+00   0.0000
 -1.04581869e+00   0.0000
  1.17423368e+00   0.0000
  1.74690700e+00   0.0000
 -1.74135244e+00   0.0000
 -3.76282501e+00   0.0000
 -1.22997725e+00   0.0000
 -1.12280440e+00   0.0000
  1.53055215e+00   0.0000
 -7.49553647e-03   0.0000
  1.53411472e+00   0.0000
  2.00113583e+00   0.0000
 -3.05226088e-01   0.0000
  1.59708703e+00   0.0000
  1.50297046e+00   0.0000
 -1.45142186e+00   0.0000
 -1.34940875e+00   0.0000
  1.13365364e+00   0.0000
  6.49624765e-01   0.0000
  6.15402818e-01   0.0000
 -1.60723388e+00   0.0000
  4.80056226e-01   0.0000
  1.58042753e+00   0.0000
 -2.05717111e+00   0.0000
 -2.83877254e-01   0.0000
  1.19772134e-02   0.0000
 -6.77799165e-01   0.0000
 -1.40933126e-01   0.0000
 -5.42538822e-01   0.0000
  3.40857357e-01   0.0000
  1.21373951e+00   0.0000
  1.75233260e-01   0.0000
 -7.45593458e-02   0.0000
  2.74092704e-01   0.0000
 -6.89709093e-03   0.0000
 -2.77523734e-02   0.0000
  3.25180620e-01   0.0000
 -1.50733441e-01   0.0000
 -1.55807719e-01   0.0000
 -1.10129274e-01   0.0000
  3.91262025e-02   0.0000
 -8.44713330e-01   0.0000
  1.14021346e-01   0.0000
 -8.75509620e-01   0.0000
 -1.16651826e-01   0.0000
 -4.27941591e-01   0.0000
 -1.03287697e-01   0.0000
 -4.33481812e-01   0.0000
  6.30976140e-01   0.0000
  5.80283225e-01   0.0000
 -2.00399697e-01   0.0000
 -3.94536644e-01   0.0000
  5.95230997e-01   0.0000
  1.86806411e-01   0.0000
  5.64280450e-01   0.0000
  3.21063817e-01   0.0000
 -5.44171631e-01   0.0000
 -1.88621446e-01   0.0000
 -1.62923783e-02   0.0000
 -6.27787828e-01   0.0000
 -1.23119913e-01   0.0000
 -6.70887291e-01   0.0000
 -3.51558000e-01   0.0000
  4.06597197e-01   0.0000
  4.95290011e-01   0.0000
 -4.05545563e-01   0.0000
 -5.34468174e-01   0.0000
  2.62906682e-02   0.0000
  2.38373250e-01   0.0000
 -1.73831865e-01   0.0000
 -6.57133162e-01   0.0000
  6.09044731e-01   0.0000
 -6.89738631e-01   0.0000
 -5.51988959e-01   0.0000
  1.24764331e-01   0.0000
  8.35975051e-01   0.0000
 -6.99736536e-01   0.0000
 -2.04987001e+00   0.0000
 -8.27347785e-02   0.0000
 -3.00786197e-01   0.0000
  5.13458431e-01   0.0000
 -1.03154190e-01   0.0000
  6.89698756e-01   0.0000
  7.44668126e-01   0.0000
  3.08992844e-02   0.0000
  6.61775768e-01   0.0000
  6.78490162e-01   0.0000
 -3.75582069e-01   0.0000
 -7.07400560e-01   0.0000
  2.00806737e-01   0.0000
  5.33004642e-01   0.0000
  2.63216168e-01   0.0000
 -7.68554747e-01   0.0000
  2.10805214e-03   0.0000
  2.67030835e-01   0.0000
 -9.01122689e-01   0.0000
  6.67338550e-01   0.0000
  5.07754087e-01   0.0000
 -3.54114324e-01   0.0000
 -4.52817500e-01   0.0000
  5.80631077e-01   0.0000
 -1.51896011e-02   0.0000
  3.60592246e-01   0.0000
  5.43919206e-01   0.0000
 -5.96939325e-01   0.0000
  2.86216378e-01   0.0000
 -5.12960136e-01   0.0000
 -7.24792063e-01   0.0000
  7.09019601e-02   0.0000
 -2.68995106e-01   0.0000
 -5.82323134e-01   0.0000
  5.38591981e-01   0.0000
  6.60083890e-01   0.0000
 -5.24208188e-01   0.0000
 -5.63242853e-01   0.0000
 -6.46550655e-01   0.0000
  4.57519919e-01   0.0000
 -7.83373937e-02   0.0000
 -5.04301310e-01   0.0000
  8.27605307e-01   0.0000
  6.31468177e-01   0.0000
 -6.65535182e-02   0.0000
  1.60038084e-01   0.0000
 -6.69830561e-01   0.0000
  5.04333377e-01   0.0000
  3.44533384e-01   0.0000
  3.51422094e-02   0.0000
  1.39136896e-01   0.0000
 -5.51783562e-01   0.0000
 -4.48092639e-01   0.0000
 -3.56161237e-01   0.0000
 -4.27629799e-01   0.0000
 -1.05967648e-01   0.0000
 -7.19864964e-01   0.0000
 -5.58266103e-01   0.0000
  2.41804048e-01   0.0000
  3.99092853e-01   0.0000
 -2.18718186e-01   0.0000
  1.19263083e-01   0.0000
 -1.12680003e-01   0.0000
  2.83774495e-01   0.0000
 -2.24081296e-02   0.0000
 -3.58638972e-01   0.0000
  3.71682763e-01   0.0000
 -1.53114784e+00   0.0000
 -5.62509716e-01   0.0000
  4.35806274e-01   0.0000
  9.45293903e-01   0.0000
 -1.56296575e+00   0.0000
 -3.56016302e+00   0.0000
 -6.82374775e-01   0.0000
 -9.30798292e-01   0.0000
  1.15423179e+00   0.0000
 -8.07075575e-02   0.0000
  1.41535866e+00   0.0000
  1.13546073e+00   0.0000
 -2.02501923e-01   0.0000
  8.30837011e-01   0.0000
  1.07245278e+00   0.0000
 -9.49941039e-01   0.0000
 -1.20069110e+00   0.0000
  8.78352463e-01   0.0000
  6.40903234e-01   0.0000
  4.77504283e-01   0.0000
 -1.05933511e+00   0.0000
  3.35425884e-01   0.0000
  9.41335678e-01   0.0000
 -1.71881318e+00   0.0000
 -7.53024220e-01   0.0000
  3.21335405e-01   0.0000
 -2.75857776e-01   0.0000
  3.66303027e-01   0.0000
 -4.78630722e-01   0.0000
 -2.15600848e-01   0.0000
  2.96907961e-01   0.0000
  2.66371876e-01   0.0000
  6.04722857e-01   0.0000
  1.98585410e-02   0.0000
  3.87657076e-01   0.0000
  6.27161443e-01   0.0000
  2.33708709e-01   0.0000
  5.27944982e-01   0.0000
  2.18867928e-01   0.0000
  3.74813825e-01   0.0000
 -5.07565975e-01   0.0000
 -4.40197825e-01   0.0000
 -3.53764385e-01   0.0000
 -2.07222790e-01   0.0000
 -4.58843082e-01   0.0000
 -2.58692682e-01   0.0000
 -9.27038342e-02   0.0000
 -7.23376691e-01   0.0000
  1.30181670e+00   0.0000
  7.27621853e-01   0.0000
 -2.43855149e-01   0.0000
 -1.38995183e+00   0.0000
  1.55584478e+00   0.0000
  8.80914271e-01   0.0000
  5.08898854e-01   0.0000
  3.39581162e-01   0.0000
 -8.05985034e-01   0.0000
 -4.12133098e-01   0.0000
 -1.27474439e+00   0.0000
 -1.55482864e+00   0.0000
  1.74862012e-01   0.0000
 -1.30341280e+00   0.0000
 -8.62141430e-01   0.0000
  1.09862351e+00   0.0000
  1.06100631e+00   0.0000
 -5.72449744e-01   0.0000
 -3.75480682e-01   0.0000
 -1.01303905e-01   0.0000
  9.14735556e-01   0.0000
 -2.19138160e-01   0.0000
 -1.04324293e+00   0.0000
  1.10404861e+00   0.0000
  8.08935761e-01   0.0000
  1.28575087e-01   0.0000
 -2.33568311e-01   0.0000
 -7.34045148e-01   0.0000
  7.70634294e-01   0.0000
 -3.72380435e-01   0.0000
  7.23245144e-02   0.0000
 -3.21682468e-02   0.0000
 -2.39038914e-01   0.0000
  2.50953645e-01   0.0000
 -4.80149239e-01   0.0000
 -9.09475565e-01   0.0000
 -1.67337984e-01   0.0000
 -5.00046909e-01   0.0000
 -6.35160387e-01   0.0000
 -2.88535655e-01   0.0000
  3.74253392e-01   0.0000
 -1.70102119e-01   0.0000
 -1.23464584e-01   0.0000
 -1.57451674e-01   0.0000
  4.09266442e-01   0.0000
 -1.07698068e-01   0.0000
  1.00229278e-01   0.0000
  5.77191532e-01   0.0000
 -7.71820426e-01   0.0000
 -2.10067868e+00   0.0000
  1.81472015e+00   0.0000
  1.01743722e+00   0.0000
 -4.38680470e-01   0.0000
 -1.98814511e-01   0.0000
 -1.55188036e+00   0.0000
 -1.79737794e+00   0.0000
  7.73986220e-01   0.0000
 -5.53890288e-01   0.0000
  5.10473907e-01   0.0000
  6.86863005e-01   0.0000
 -1.80741817e-01   0.0000
  1.20579040e+00   0.0000
  6.59121692e-01   0.0000
 -1.68430364e+00   0.0000
 -1.25248146e+00   0.0000
  2.20063615e+00   0.0000
  1.38127220e+00   0.0000
  1.75566471e+00   0.0000
 -4.47757363e-01   0.0000
  1.20713663e+00   0.0000
  1.45724463e+00   0.0000
 -3.37354541e-01   0.0000
 -1.54204237e+00   0.0000
 -1.42979050e+00   0.0000
  9.98994172e-01   0.0000
  1.14164555e+00   0.0000
 -1.62197399e+00   0.0000
 -8.83898735e-01   0.0000
 -1.28127575e+00   0.0000
 -1.42086911e+00   0.0000
  1.19615507e+00   0.0000
  1.23913907e-01   0.0000
  9.34706688e-01   0.0000
  1.40981781e+00   0.0000
 -2.86692053e-01   0.0000
  1.32191825e+00   0.0000
  1.11524487e+00   0.0000
 -1.60047126e+00   0.0000
 -1.36200404e+00   0.0000
  1.67344546e+00   0.0000
  1.18817091e+00   0.0000
  8.92736793e-01   0.0000
 -9.38992798e-01   0.0000
  1.25144637e+00   0.0000
  1.32607186e+00   0.0000
 -1.55360317e+00   0.0000
 -3.34513068e+00   0.0000
 -3.23138332e+00   0.0000
  2.73671603e+00   0.0000
  3.14214492e+00   0.0000
 -3.20981193e+00   0.0000
 -4.22769976e+00   0.0000
 -2.99017882e+00   0.0000
 -2.80828691e+00   0.0000
  2.70846915e+00   0.0000
 -4.89047855e-01   0.0000
  2.74704099e+00   0.0000
  3.13848948e+00   0.0000
 -5.33293307e-01   0.0000
  3.02242041e+00   0.0000
  2.63155699e+00   0.0000
 -3.06701493e+00   0.0000
 -2.84623933e+00   0.0000
  3.13342786e+00   0.0000
  2.59946752e+00   0.0000
  2.42302346e+00   0.0000
 -2.50462747e+00   0.0000
  1.78517449e+00   0.0000
  3.12445688e+00   0.0000
 -3.22915673e+00   0.0000
  0.00000000e+00   0.0000

