 5 0.000000 1
 1 
 Si 28.085500
 0 0.250001 4.500000 0.978124 1.000000 
 5 0 1 2 4 6
 8 2.25000 2.50000 2.75000 3.00000 3.25000 3.50000 3.75000 4.00000
 1 12.169200 6.172630 3.114710 0.755675 0.404939 0.036124 0.650018 0.572890
 5 40 24 24 16 1
  1.66698742e+00   0.0000
 -1.01370104e-01   0.0000
  3.44541931e+00   0.0000
  9.33877409e-01   0.0000
 -6.23907328e-01   0.0000
  1.73708820e+00   0.0000
 -6.85222745e-01   0.0000
 -1.87373328e+00   0.0000
 -1.14610648e+00   0.0000
 -1.59844124e+00   0.0000
 -7.29585707e-01   0.0000
 -6.32093072e-01   0.0000
 -1.20266533e+00   0.0000
  1.29243159e+00   0.0000
  1.37292004e+00   0.0000
 -1.13580368e-01   0.0000
  1.40882218e+00   0.0000
  7.38114178e-01   0.0000
 -2.59617537e-01   0.0000
  5.02853215e-01   0.0000
  2.94081020e+00   0.0000
  1.05343378e+00   0.0000
  2.25556731e-01   0.0000
 -7.60001183e-01   0.0000
  1.61272573e+00   0.0000
 -4.22273934e-01   0.0000
 -8.99050593e-01   0.0000
 -6.91920102e-01   0.0000
  9.00592387e-01   0.0000
  6.49035096e-01   0.0000
  1.95798427e-01   0.0000
 -1.92490053e+00   0.0000
 -1.01362669e+00   0.0000
 -1.54719532e+00   0.0000
 -5.74874341e-01   0.0000
 -1.11635590e+00   0.0000
 -1.27075779e+00   0.0000
  8.40079963e-01   0.0000
  1.41453040e+00   0.0000
  2.10783884e-01   0.0000
  7.34481633e-01   0.0000
 -4.14750338e-01   0.0000
  6.96693242e-01   0.0000
  1.00575423e+00   0.0000
 -1.62248826e-03   0.0000
  7.53668964e-01   0.0000
  5.14473379e-01   0.0000
 -5.90792000e-01   0.0000
  1.43829572e+00   0.0000
 -8.71541381e-01   0.0000
 -1.98674059e+00   0.0000
 -5.82731545e-01   0.0000
  2.08341169e+00   0.0000
 -8.07186067e-01   0.0000
  5.35236180e-01   0.0000
 -1.60135400e+00   0.0000
 -9.43836927e-01   0.0000
 -1.26593101e+00   0.0000
 -4.84642148e-01   0.0000
 -1.85712707e+00   0.0000
 -1.02921653e+00   0.0000
 -5.34308366e-02   0.0000
  1.21757138e+00   0.0000
  3.62931490e-01   0.0000
  4.82068062e-01   0.0000
 -1.28439987e+00   0.0000
  1.03765678e+00   0.0000
  9.17235494e-01   0.0000
 -5.41506231e-01   0.0000
  7.97944784e-01   0.0000
 -4.72152941e-02   0.0000
 -3.22413534e-01   0.0000
  1.54338598e+00   0.0000
 -9.91877437e-01   0.0000
 -1.07508779e+00   0.0000
  6.07443690e-01   0.0000
  2.02262425e+00   0.0000
 -1.66988301e+00   0.0000
  2.09022015e-01   0.0000
 -1.37796569e+00   0.0000
 -1.32107997e+00   0.0000
 -1.33519661e+00   0.0000
 -5.43118298e-01   0.0000
 -1.59398270e+00   0.0000
 -1.14750862e+00   0.0000
 -1.08946455e+00   0.0000
  1.14691556e+00   0.0000
  4.45094645e-01   0.0000
  7.98474066e-03   0.0000
 -1.22967422e+00   0.0000
  9.37104166e-01   0.0000
  2.28052493e-02   0.0000
  1.49681002e-01   0.0000
  5.97520411e-01   0.0000
 -6.77209079e-01   0.0000
 -3.28469545e-01   0.0000
  1.77226222e+00   0.0000
 -1.02328992e+00   0.0000
  6.27224147e-01   0.0000
  1.04951513e+00   0.0000
  2.02762246e+00   0.0000
 -1.31324089e+00   0.0000
 -2.92705297e-01   0.0000
 -8.68313909e-01   0.0000
 -9.95536625e-01   0.0000
 -1.27779663e+00   0.0000
 -5.03190696e-01   0.0000
 -1.13725722e+00   0.0000
 -1.15672708e+00   0.0000
 -1.33432353e+00   0.0000
  9.42450821e-01   0.0000
  2.48686165e-01   0.0000
 -5.14537506e-02   0.0000
 -2.85361111e-01   0.0000
  4.92532365e-02   0.0000
 -5.11156023e-01   0.0000
 -3.84041756e-01   0.0000
  5.32877207e-01   0.0000
 -1.09686852e+00   0.0000
 -1.60128504e-01   0.0000
  1.87511015e+00   0.0000
 -1.21018684e+00   0.0000
  7.46071100e-01   0.0000
  2.71363884e-01   0.0000
  1.74757230e+00   0.0000
  2.59641379e-01   0.0000
 -5.93120813e-01   0.0000
 -5.42917490e-01   0.0000
 -8.92297685e-01   0.0000
 -9.34843004e-01   0.0000
 -2.40374923e-01   0.0000
 -2.01373473e-01   0.0000
 -7.06637979e-01   0.0000
 -4.43347186e-01   0.0000
  5.85156620e-01   0.0000
  6.98321939e-01   0.0000
 -6.52154744e-01   0.0000
 -3.98955435e-01   0.0000
 -4.14154708e-01   0.0000
 -2.29721710e-01   0.0000
 -2.07070804e+00   0.0000
  6.25489533e-01   0.0000
 -3.30393732e-01   0.0000
 -9.22462344e-02   0.0000
  1.69774234e+00   0.0000
 -1.00906932e+00   0.0000
  7.27066338e-01   0.0000
  2.90046688e-02   0.0000
  1.01289499e+00   0.0000
  1.24985635e+00   0.0000
 -5.07718861e-01   0.0000
  4.11410667e-02   0.0000
 -8.01031590e-01   0.0000
 -9.09628749e-01   0.0000
 -6.51054978e-01   0.0000
  7.98880398e-01   0.0000
 -7.20650017e-01   0.0000
  7.25724995e-01   0.0000
  3.72784346e-01   0.0000
  1.99319288e-01   0.0000
 -5.89745641e-01   0.0000
  5.80996275e-02   0.0000
 -8.34866583e-01   0.0000
 -3.44938686e-04   0.0000
 -7.13200331e-01   0.0000
  3.05352867e-01   0.0000
  6.40607834e-01   0.0000
  6.24212399e-02   0.0000
  1.64671421e+00   0.0000
 -5.64639091e-01   0.0000
  7.70305216e-01   0.0000
  3.47315997e-01   0.0000
  1.01401997e+00   0.0000
  4.51691985e-01   0.0000
 -6.52951062e-01   0.0000
  4.09369260e-01   0.0000
 -5.07648706e-01   0.0000
 -8.51236939e-01   0.0000
 -6.45193279e-01   0.0000
  8.25529397e-01   0.0000
 -3.45153242e-01   0.0000
  1.52840912e+00   0.0000
  7.39047885e-01   0.0000
 -3.46727878e-01   0.0000
 -1.79539755e-01   0.0000
  2.16150619e-02   0.0000
 -5.68284869e-01   0.0000
  5.40278792e-01   0.0000
  3.09632993e+00   0.0000
  2.36021385e-01   0.0000
  1.38866401e+00   0.0000
 -9.84703451e-02   0.0000
  7.54530549e-01   0.0000
  9.80777383e-01   0.0000
 -2.37123743e-02   0.0000
  8.99504423e-01   0.0000
 -3.70424002e-01   0.0000
  2.86409616e-01   0.0000
  2.32755885e-01   0.0000
  6.76283300e-01   0.0000
  4.25632864e-01   0.0000
 -6.68563783e-01   0.0000
 -4.49688613e-01   0.0000
 -5.60655966e-02   0.0000
  8.55758429e-01   0.0000
  4.73979890e-01   0.0000
  4.43075329e-01   0.0000
  4.93315309e-01   0.0000
 -5.86868584e-01   0.0000
  1.34525561e+00   0.0000
  9.01759028e-01   0.0000
  8.95438015e-01   0.0000
 -3.70242834e-01   0.0000
 -2.66761154e-01   0.0000
 -1.31606519e+00   0.0000
  1.23786135e-02   0.0000
  5.56531310e-01   0.0000
  9.58771527e-01   0.0000
  1.57501534e-01   0.0000
  1.67377043e+00   0.0000
 -1.00446558e+00   0.0000
 -1.06358337e+00   0.0000
  6.80368692e-02   0.0000
  5.04854798e-01   0.0000
  5.20793855e-01   0.0000
 -4.91585106e-01   0.0000
 -4.58450675e-01   0.0000
  8.25262725e-01   0.0000
  2.40408748e-01   0.0000
 -3.20636988e-01   0.0000
  4.02085423e-01   0.0000
  4.89355147e-01   0.0000
 -1.68213695e-01   0.0000
  1.08006942e+00   0.0000
 -3.65711987e-01   0.0000
  2.49602363e-01   0.0000
  4.35887069e-01   0.0000
 -1.04307294e-01   0.0000
 -9.99512494e-01   0.0000
 -8.08208957e-02   0.0000
  3.66658688e-01   0.0000
  8.79694819e-01   0.0000
 -9.29847807e-02   0.0000
  1.77214289e+00   0.0000
 -7.83472359e-01   0.0000
 -1.59164929e+00   0.0000
  2.90231258e-01   0.0000
  3.43680441e-01   0.0000
  3.42715792e-02   0.0000
 -2.63178587e-01   0.0000
 -1.95598938e-02   0.0000
  4.90288317e-01   0.0000
 -2.33462706e-01   0.0000
  1.95857182e-01   0.0000
  3.04566830e-01   0.0000
  4.31694061e-01   0.0000
 -1.77657515e-01   0.0000
  7.81545997e-01   0.0000
 -9.17801797e-01   0.0000
  1.25463054e-01   0.0000
  6.12956882e-01   0.0000
 -2.26471126e-01   0.0000
 -7.34864622e-02   0.0000
  3.00265606e-02   0.0000
  7.18550086e-02   0.0000
  6.25088394e-01   0.0000
  1.08629875e-01   0.0000
  7.79022276e-01   0.0000
 -3.70039165e-01   0.0000
 -1.46472776e+00   0.0000
  5.66642284e-01   0.0000
 -1.67203359e-02   0.0000
  2.70915389e-01   0.0000
 -3.14595014e-01   0.0000
 -2.66460031e-01   0.0000
  7.59876132e-01   0.0000
  1.17534688e-02   0.0000
  3.19206089e-01   0.0000
 -1.33565273e-02   0.0000
  8.17331195e-01   0.0000
 -4.32452828e-01   0.0000
 -4.12217006e-02   0.0000
 -6.09091103e-01   0.0000
  4.08352166e-02   0.0000
 -3.57432485e-01   0.0000
 -8.39034375e-03   0.0000
  4.98660237e-01   0.0000
  1.01612948e-01   0.0000
 -1.18108720e-01   0.0000
 -5.87526076e-02   0.0000
  1.33173630e-01   0.0000
 -6.58110753e-02   0.0000
  1.85386598e-01   0.0000
 -1.68762803e+00   0.0000
  4.34585184e-01   0.0000
  2.95350570e-02   0.0000
 -1.22490294e-01   0.0000
 -1.72978237e-01   0.0000
 -1.97588667e-01   0.0000
  3.50492895e-01   0.0000
 -1.28574684e-01   0.0000
  3.10069263e-01   0.0000
  1.59300089e-01   0.0000
  7.44387031e-01   0.0000
 -4.19959605e-01   0.0000
 -4.93222833e-01   0.0000
 -1.82263702e-01   0.0000
  1.93881020e-01   0.0000
 -7.71952450e-01   0.0000
 -3.56052458e-01   0.0000
  4.84656543e-01   0.0000
  4.95723970e-02   0.0000
 -5.46948314e-02   0.0000
 -5.16088158e-02   0.0000
  2.31306002e-01   0.0000
 -4.03953493e-01   0.0000
  1.37540311e-01   0.0000
 -1.22450459e+00   0.0000
 -4.25191879e-01   0.0000
 -1.90262914e-01   0.0000
  1.15608223e-01   0.0000
 -2.41615534e-01   0.0000
  7.58481547e-02   0.0000
  8.40431333e-01   0.0000
 -2.48587012e-01   0.0000
  3.65569174e-01   0.0000
  1.28875405e-01   0.0000
  2.37642646e-01   0.0000
 -2.85738334e-02   0.0000
 -8.84874642e-01   0.0000
  2.45943427e-01   0.0000
 -2.01349974e-01   0.0000
 -2.35901505e-01   0.0000
 -3.23845506e-01   0.0000
  1.92690978e-03   0.0000
  1.36206016e-01   0.0000
  6.87107863e-03   0.0000
 -2.80469507e-01   0.0000
 -7.70937651e-02   0.0000
  1.22392513e-01   0.0000
  2.65651703e-01   0.0000
 -1.38895071e+00   0.0000
 -5.32431126e-01   0.0000
 -1.08515143e-01   0.0000
  5.73584549e-02   0.0000
  1.24793917e-01   0.0000
 -1.68858498e-01   0.0000
  8.11012030e-01   0.0000
  4.00015451e-02   0.0000
 -4.32368338e-01   0.0000
  1.02381390e-02   0.0000
  1.84219807e-01   0.0000
  8.20079595e-02   0.0000
 -1.00219953e+00   0.0000
  8.01814795e-02   0.0000
 -5.18709481e-01   0.0000
  6.63354397e-01   0.0000
 -2.74404716e-02   0.0000
 -3.27600479e-01   0.0000
 -1.44001216e-01   0.0000
 -5.69437928e-02   0.0000
  6.23946935e-02   0.0000
  1.39609322e-01   0.0000
  1.79127119e-02   0.0000
  6.05069697e-02   0.0000
 -1.20551622e+00   0.0000
 -6.32247031e-01   0.0000
  2.23075151e-01   0.0000
 -1.40591845e-01   0.0000
 -2.03377893e-03   0.0000
  1.69397876e-01   0.0000
  8.89731884e-01   0.0000
 -1.47945508e-01   0.0000
 -4.39538956e-01   0.0000
  1.05575845e-01   0.0000
  1.03050768e-01   0.0000
  3.86354737e-02   0.0000
 -9.20191944e-01   0.0000
 -3.51924938e-03   0.0000
 -4.06160563e-01   0.0000
  8.05058300e-01   0.0000
  5.59515432e-02   0.0000
 -3.35244238e-01   0.0000
 -3.80123109e-02   0.0000
  3.88829082e-01   0.0000
  8.75258029e-01   0.0000
  2.12408590e+00   0.0000
 -1.29652011e+00   0.0000
 -1.29844844e+00   0.0000
 -6.45315871e-02   0.0000
 -6.22362733e-01   0.0000
  7.33870864e-01   0.0000
  3.38635147e-02   0.0000
 -3.64750475e-01   0.0000
 -2.31224611e-01   0.0000
 -3.83508354e-01   0.0000
 -3.43329728e-01   0.0000
 -6.62639499e-01   0.0000
  5.46806633e-01   0.0000
 -4.42813754e-01   0.0000
  7.35009789e-01   0.0000
  6.02924407e-01   0.0000
 -6.40206814e-01   0.0000
  4.97398227e-01   0.0000
 -1.76858330e+00   0.0000
  7.47360960e-02   0.0000
 -3.53680998e-01   0.0000
 -3.51207823e-01   0.0000
  3.29463035e-01   0.0000
  6.51039362e-01   0.0000
  9.94068980e-02   0.0000
 -1.72203362e+00   0.0000
 -1.03447504e-01   0.0000
 -1.04978943e+00   0.0000
  3.59162748e-01   0.0000
  5.97614646e-01   0.0000
  3.71786654e-01   0.0000
 -7.56822452e-02   0.0000
 -3.29870433e-01   0.0000
  3.65723595e-02   0.0000
 -9.68146250e-02   0.0000
 -1.89506471e-01   0.0000
  3.06316525e-01   0.0000
 -1.14610240e-01   0.0000
  6.43741846e-01   0.0000
 -6.08833181e-03   0.0000
 -4.28259403e-01   0.0000
  9.52470541e-01   0.0000
 -1.43891759e-02   0.0000
 -1.07245790e-02   0.0000
  1.25682461e+00   0.0000
  2.04079747e-02   0.0000
  1.93289399e-01   0.0000
  6.47025406e-01   0.0000
 -4.77419347e-01   0.0000
 -1.37846482e+00   0.0000
  6.09397411e-01   0.0000
 -1.11925101e+00   0.0000
  5.36140740e-01   0.0000
  3.56780261e-01   0.0000
  2.44756062e-02   0.0000
 -3.22192550e-01   0.0000
 -2.48900726e-01   0.0000
  4.04052198e-01   0.0000
 -4.36753184e-02   0.0000
 -4.91087675e-01   0.0000
  1.05447114e-01   0.0000
 -7.85385445e-02   0.0000
  6.66481316e-01   0.0000
 -6.68059647e-01   0.0000
 -4.01363164e-01   0.0000
  9.26749945e-01   0.0000
  1.18619382e+00   0.0000
  2.18681917e-01   0.0000
  1.21595728e+00   0.0000
 -2.40504220e-01   0.0000
  5.64814061e-02   0.0000
  5.03760874e-01   0.0000
 -1.36112675e-01   0.0000
  1.65385649e-01   0.0000
  3.86398107e-01   0.0000
 -8.23807716e-01   0.0000
  4.86423761e-01   0.0000
  3.85486692e-01   0.0000
 -3.55277024e-02   0.0000
 -3.97344649e-01   0.0000
  5.43844625e-02   0.0000
 -1.47756413e-02   0.0000
  2.35836074e-01   0.0000
 -5.40515721e-01   0.0000
  3.61736506e-01   0.0000
  2.42528364e-01   0.0000
  6.39070570e-01   0.0000
 -6.21892035e-01   0.0000
 -2.52955258e-01   0.0000
  4.70715553e-01   0.0000
  9.88144815e-01   0.0000
 -2.29341328e-01   0.0000
  2.23784253e-01   0.0000
 -3.31812084e-01   0.0000
 -1.40681773e-01   0.0000
  4.54559065e-02   0.0000
  5.46939433e-01   0.0000
  4.77718115e-01   0.0000
  4.83106732e-01   0.0000
  1.78330708e-02   0.0000
  1.25463173e-01   0.0000
  7.87819922e-02   0.0000
 -1.40366659e-01   0.0000
 -4.48040277e-01   0.0000
 -1.41792700e-01   0.0000
 -4.25206050e-02   0.0000
  2.54526645e-01   0.0000
 -9.14476514e-01   0.0000
 -1.24901906e-01   0.0000
 -5.81280291e-02   0.0000
  7.86604464e-01   0.0000
 -5.56564093e-01   0.0000
  1.53187707e-01   0.0000
  1.01769835e-01   0.0000
  3.63122761e-01   0.0000
 -1.87988818e-01   0.0000
 -4.57847297e-01   0.0000
 -8.33285600e-02   0.0000
 -8.82009938e-02   0.0000
  1.94857210e-01   0.0000
  7.30203569e-01   0.0000
  4.92301881e-01   0.0000
  3.47545445e-01   0.0000
 -1.70036405e-01   0.0000
 -5.00064008e-02   0.0000
  7.08043352e-02   0.0000
  1.82724986e-02   0.0000
 -1.75448239e-01   0.0000
 -2.62263030e-01   0.0000
 -3.52214634e-01   0.0000
 -1.07949011e-01   0.0000
 -1.09392762e+00   0.0000
  1.91286162e-01   0.0000
  2.25173756e-01   0.0000
  2.27562025e-01   0.0000
 -4.71768796e-01   0.0000
  2.57256895e-01   0.0000
  3.04111764e-02   0.0000
  5.40085077e-01   0.0000
  1.17565729e-02   0.0000
 -4.67768848e-01   0.0000
 -2.19305456e-01   0.0000
  2.40731880e-01   0.0000
 -2.33065858e-01   0.0000
  6.98868394e-01   0.0000
  9.64820608e-02   0.0000
  4.69520152e-01   0.0000
 -3.58668029e-01   0.0000
 -3.32724713e-02   0.0000
  1.01880185e-01   0.0000
  1.09160222e-01   0.0000
 -2.22374544e-01   0.0000
  9.12420228e-02   0.0000
 -3.63050073e-01   0.0000
  2.09959939e-01   0.0000
 -6.36562765e-01   0.0000
  2.09220141e-01   0.0000
 -2.49944441e-02   0.0000
  1.23818956e-01   0.0000
 -3.82158756e-01   0.0000
 -1.39423788e-01   0.0000
 -1.87927321e-01   0.0000
  5.46573937e-01   0.0000
  7.94624165e-02   0.0000
 -7.75718987e-01   0.0000
 -1.81225076e-01   0.0000
  2.01425955e-01   0.0000
 -1.24772256e-02   0.0000
  4.49470162e-01   0.0000
 -1.12160258e-01   0.0000
  2.47296527e-01   0.0000
 -7.25869611e-02   0.0000
  1.16669051e-02   0.0000
  2.10463762e-01   0.0000
  6.80552516e-03   0.0000
  4.89058904e-03   0.0000
  1.96369618e-01   0.0000
 -1.45556614e-01   0.0000
  1.20551631e-01   0.0000
 -5.00755310e-01   0.0000
 -7.68026337e-02   0.0000
  1.66077182e-01   0.0000
  2.54013658e-01   0.0000
 -8.60024467e-02   0.0000
 -3.21104258e-01   0.0000
 -2.49763280e-01   0.0000
  6.29403114e-01   0.0000
  1.42351136e-01   0.0000
 -5.92387021e-01   0.0000
  9.31607410e-02   0.0000
 -7.20717371e-01   0.0000
 -3.40257704e-01   0.0000
  1.46837270e+00   0.0000
 -2.12982848e-01   0.0000
  5.50933957e-01   0.0000
  6.22735679e-01   0.0000
 -3.48319799e-01   0.0000
 -1.42171812e+00   0.0000
  4.94979434e-02   0.0000
  1.05095577e+00   0.0000
  3.78839701e-01   0.0000
  1.11821008e+00   0.0000
  6.08325005e-01   0.0000
  1.22598183e+00   0.0000
 -1.01480818e+00   0.0000
  4.14314079e+00   0.0000
 -6.05792618e+00   0.0000
  3.81807566e-01   0.0000
  7.82292247e-01   0.0000
 -7.13034213e-01   0.0000
  1.31744492e+00   0.0000
  6.77109182e-01   0.0000
  2.83090663e+00   0.0000
 -5.73935986e-01   0.0000
 -7.86906302e-01   0.0000
 -1.19756438e-01   0.0000
 -1.44557953e+00   0.0000
 -1.22674167e+00   0.0000
 -3.47664207e-02   0.0000
 -3.53752345e-01   0.0000
  3.52787495e-01   0.0000
 -1.01508224e+00   0.0000
 -1.20059393e-01   0.0000
  1.28856099e+00   0.0000
  4.97394949e-01   0.0000
  9.00859654e-01   0.0000
  7.18117893e-01   0.0000
  1.13888681e-01   0.0000
 -1.05427194e+00   0.0000
  3.38233948e+00   0.0000
 -3.37532449e+00   0.0000
  1.85986996e-01   0.0000
  6.47274852e-01   0.0000
 -1.59154618e+00   0.0000
 -1.69714010e+00   0.0000
  6.74853444e-01   0.0000
  1.85817793e-01   0.0000
 -6.67633712e-01   0.0000
 -6.81621194e-01   0.0000
  2.89239101e-02   0.0000
 -2.06097335e-01   0.0000
 -2.23478694e-02   0.0000
 -5.39866090e-01   0.0000
 -2.28619933e+00   0.0000
 -3.42776120e-01   0.0000
 -9.43534434e-01   0.0000
  2.58979321e-01   0.0000
  1.19718158e+00   0.0000
  1.49142161e-01   0.0000
  2.29642361e-01   0.0000
  3.95056218e-01   0.0000
 -1.53992617e+00   0.0000
 -6.40768647e-01   0.0000
  1.25078356e+00   0.0000
 -1.60381985e+00   0.0000
  1.89970493e-01   0.0000
 -1.55937299e-01   0.0000
 -8.08372378e-01   0.0000
 -3.58956337e-01   0.0000
  2.94012547e-01   0.0000
 -1.50724387e+00   0.0000
 -7.13992119e-01   0.0000
 -1.98406935e-01   0.0000
 -3.65270860e-02   0.0000
  9.61699262e-02   0.0000
  6.87593997e-01   0.0000
 -9.38236833e-01   0.0000
 -1.17025185e+00   0.0000
 -7.10067987e-01   0.0000
 -1.54924944e-01   0.0000
  2.51921892e-01   0.0000
  4.24337536e-01   0.0000
  1.11023992e-01   0.0000
 -5.19786716e-01   0.0000
  9.65568274e-02   0.0000
 -1.22510113e-01   0.0000
 -1.07723877e-01   0.0000
 -1.64780304e-01   0.0000
 -1.96092582e+00   0.0000
  3.88556480e-01   0.0000
 -4.56956029e-01   0.0000
 -2.74220835e-02   0.0000
  5.58223911e-02   0.0000
  2.86668062e-01   0.0000
  4.47769940e-01   0.0000
 -4.29468751e-01   0.0000
  7.39437789e-02   0.0000
 -6.50209337e-02   0.0000
  3.61659050e-01   0.0000
  2.40032375e-02   0.0000
 -9.17748392e-01   0.0000
 -3.99372131e-01   0.0000
 -3.26440543e-01   0.0000
 -3.89494747e-01   0.0000
  5.69605082e-02   0.0000
  1.05449006e-01   0.0000
  2.15016276e-01   0.0000
 -1.39750028e+00   0.0000
  2.32337430e-01   0.0000
  7.36835778e-01   0.0000
  1.54451326e-01   0.0000
 -3.82421851e-01   0.0000
 -2.84500742e+00   0.0000
  4.72798437e-01   0.0000
  6.89161181e-01   0.0000
  5.74340761e-01   0.0000
 -5.99267900e-01   0.0000
  1.06817476e-01   0.0000
  1.45208502e+00   0.0000
 -3.01543653e-01   0.0000
  3.66166160e-02   0.0000
  3.53505798e-02   0.0000
  3.05951059e-01   0.0000
 -1.00719535e+00   0.0000
 -4.74799573e-01   0.0000
 -1.24477839e+00   0.0000
 -5.44508576e-01   0.0000
 -2.16707252e-02   0.0000
  6.01638146e-02   0.0000
  1.03281260e-01   0.0000
 -1.33319989e-01   0.0000
 -1.23084235e+00   0.0000
 -3.71556096e-02   0.0000
  2.14584053e-01   0.0000
 -1.28063753e-01   0.0000
  1.92955032e-01   0.0000
 -2.52883387e+00   0.0000
  6.62795827e-02   0.0000
  6.97534084e-01   0.0000
  1.70024276e-01   0.0000
 -1.03177118e+00   0.0000
  3.58359784e-01   0.0000
  8.07038426e-01   0.0000
 -3.03610623e-01   0.0000
 -1.41846806e-01   0.0000
  9.55217984e-03   0.0000
  7.46232033e-01   0.0000
 -8.79962802e-01   0.0000
  9.99538004e-02   0.0000
 -1.99757981e+00   0.0000
 -2.01400444e-01   0.0000
  1.07327718e-02   0.0000
  8.05507675e-02   0.0000
  2.37012252e-01   0.0000
 -1.00958951e-01   0.0000
 -5.08935094e-01   0.0000
 -1.58539101e-01   0.0000
 -1.21620786e+00   0.0000
  9.75615531e-02   0.0000
  2.26716414e-01   0.0000
 -1.82537138e+00   0.0000
  4.61923927e-01   0.0000
  6.62916422e-01   0.0000
 -2.05676049e-01   0.0000
 -7.38082707e-01   0.0000
  9.01162550e-02   0.0000
 -9.58200872e-01   0.0000
  6.98278025e-02   0.0000
  2.12605000e-01   0.0000
  1.30575061e-01   0.0000
  3.49927545e-01   0.0000
 -2.42255121e-01   0.0000
  1.58129096e-01   0.0000
 -2.02333617e+00   0.0000
 -2.75237113e-01   0.0000
 -2.84648538e-01   0.0000
  1.41258702e-01   0.0000
  2.52162993e-01   0.0000
  1.04078688e-02   0.0000
 -3.92692745e-01   0.0000
 -3.36992964e-02   0.0000
 -1.08129156e+00   0.0000
 -1.98222116e-01   0.0000
  1.79213643e-01   0.0000
 -9.73037720e-01   0.0000
  7.45751783e-02   0.0000
  4.98158932e-02   0.0000
 -1.48857400e-01   0.0000
 -5.30104935e-01   0.0000
  1.20861910e-01   0.0000
 -1.53107309e+00   0.0000
 -2.33702853e-01   0.0000
  2.23436087e-01   0.0000
 -3.43962073e-01   0.0000
 -2.67157435e-01   0.0000
 -1.04764080e+00   0.0000
  1.48048151e+00   0.0000
 -2.87129819e-01   0.0000
  7.20102608e-01   0.0000
 -1.24020863e+00   0.0000
 -3.52553241e-02   0.0000
 -6.95451617e-01   0.0000
 -5.66630304e-01   0.0000
 -2.03346655e-01   0.0000
  1.12619102e+00   0.0000
 -2.11969107e-01   0.0000
  4.16708291e-01   0.0000
  3.62759709e+00   0.0000
  5.57015538e-01   0.0000
  4.91032064e-01   0.0000
 -5.68165243e-01   0.0000
  5.79898834e-01   0.0000
 -4.75023478e-01   0.0000
  3.59724909e-01   0.0000
 -6.95158541e-02   0.0000
 -2.80695230e-01   0.0000
  3.49869765e-02   0.0000
 -8.79394561e-02   0.0000
 -5.27654821e-03   0.0000
 -3.45088959e-01   0.0000
  1.39401466e-01   0.0000
  1.36865401e+00   0.0000
  3.95310193e-01   0.0000
 -1.27671802e+00   0.0000
 -3.25575918e-01   0.0000
 -1.43680319e-01   0.0000
 -4.98295903e-01   0.0000
  2.97334403e-01   0.0000
  7.48588920e-01   0.0000
 -4.63363200e-01   0.0000
  4.72050875e-01   0.0000
  1.78456926e+00   0.0000
 -1.27786905e-01   0.0000
  5.60582817e-01   0.0000
  7.86431849e-01   0.0000
 -1.38825104e-01   0.0000
  1.20500255e+00   0.0000
  6.15624070e-01   0.0000
  2.55301207e-01   0.0000
  8.50808993e-02   0.0000
 -3.55367452e-01   0.0000
  3.80760610e-01   0.0000
 -1.36292309e-01   0.0000
  8.79619956e-01   0.0000
 -7.75569201e-01   0.0000
 -6.00281000e-01   0.0000
  2.19311312e-01   0.0000
 -8.78678381e-01   0.0000
 -1.28788292e-01   0.0000
 -1.83143571e-01   0.0000
 -1.25454664e-01   0.0000
  4.17574823e-01   0.0000
 -2.16636151e-01   0.0000
 -1.70352006e+00   0.0000
  6.88901901e-01   0.0000
  3.24023545e-01   0.0000
 -6.59495592e-01   0.0000
  8.34758162e-01   0.0000
  1.29620063e+00   0.0000
 -2.66831577e-01   0.0000
  9.62875366e-01   0.0000
  3.01719844e-01   0.0000
 -2.82428622e-01   0.0000
 -4.95688580e-02   0.0000
 -6.97545856e-02   0.0000
  4.51622605e-01   0.0000
 -1.47505379e+00   0.0000
 -9.04888809e-01   0.0000
 -1.36594534e+00   0.0000
 -6.57312453e-01   0.0000
  1.16190779e+00   0.0000
 -4.87887442e-01   0.0000
 -3.76662195e-01   0.0000
 -4.21261251e-01   0.0000
 -3.47230166e-01   0.0000
  8.19140255e-01   0.0000
 -3.58558565e-01   0.0000
 -7.48380721e-01   0.0000
  3.64462197e-01   0.0000
 -5.87030910e-02   0.0000
 -3.85538608e-01   0.0000
  3.65859807e-01   0.0000
  6.99004829e-01   0.0000
  2.65647709e-01   0.0000
 -7.87934482e-01   0.0000
  4.00647700e-01   0.0000
 -5.63030005e-01   0.0000
 -1.38007417e-01   0.0000
  2.04000115e-01   0.0000
 -7.76155964e-02   0.0000
  4.43329662e-01   0.0000
  1.43909469e-01   0.0000
 -1.11661673e+00   0.0000
  8.46143663e-02   0.0000
  1.12540233e+00   0.0000
 -2.31611922e-01   0.0000
 -3.06310635e-02   0.0000
 -1.82002395e-01   0.0000
  6.34673834e-02   0.0000
  1.61757499e-01   0.0000
 -2.45458841e-01   0.0000
 -2.94931978e-01   0.0000
  5.27105033e-01   0.0000
  4.66904789e-01   0.0000
  1.64519906e+00   0.0000
  3.50368559e-01   0.0000
  2.66901702e-01   0.0000
  1.11989453e-01   0.0000
 -1.92455128e-01   0.0000
  6.47043660e-02   0.0000
 -1.83861017e+00   0.0000
  1.61847398e-01   0.0000
  1.02061816e-01   0.0000
  2.07825646e-01   0.0000
  9.58583280e-02   0.0000
  1.22097003e+00   0.0000
 -2.71523535e-01   0.0000
  2.08473522e-02   0.0000
  2.08172664e-01   0.0000
 -4.44029301e-01   0.0000
 -3.39175649e-02   0.0000
 -3.37880403e-01   0.0000
 -2.04864219e-01   0.0000
 -2.52627749e-02   0.0000
 -4.18239325e-01   0.0000
  2.16518700e-01   0.0000
  1.89295217e-01   0.0000
  1.19491434e+00   0.0000
  1.57512426e+00   0.0000
 -3.64576317e-02   0.0000
 -1.56033397e-01   0.0000
 -2.93030757e-02   0.0000
  4.51194137e-01   0.0000
  1.67912781e-01   0.0000
 -6.64773405e-01   0.0000
  1.96233213e-01   0.0000
  2.19527647e-01   0.0000
 -9.07215029e-02   0.0000
 -9.76205051e-01   0.0000
  8.73087287e-01   0.0000
  1.24345690e-01   0.0000
  4.50550616e-01   0.0000
 -7.15759397e-01   0.0000
 -4.27112520e-01   0.0000
  1.10134058e-01   0.0000
  8.53692293e-02   0.0000
  1.40926197e-01   0.0000
 -6.86541915e-01   0.0000
 -1.61315262e-01   0.0000
  2.84327209e-01   0.0000
 -2.36687854e-01   0.0000
  1.09201217e+00   0.0000
  7.61420250e-01   0.0000
 -1.26427397e-01   0.0000
  2.46817157e-01   0.0000
 -4.72584032e-02   0.0000
 -4.51737642e-01   0.0000
  3.12862068e-01   0.0000
  5.59730589e-01   0.0000
 -9.18201879e-02   0.0000
 -1.54125571e-01   0.0000
 -1.55905699e-02   0.0000
 -1.23812580e+00   0.0000
  1.25942752e-01   0.0000
  1.48835406e-01   0.0000
  5.82126141e-01   0.0000
 -7.81124949e-01   0.0000
  4.17263061e-02   0.0000
  1.80942252e-01   0.0000
  1.65427431e-01   0.0000
 -2.13329140e-02   0.0000
 -7.14887202e-01   0.0000
  2.74517924e-01   0.0000
  1.56819057e-02   0.0000
  5.64573631e-02   0.0000
  7.03018308e-01   0.0000
  7.89293647e-02   0.0000
 -5.43048233e-02   0.0000
  6.86628163e-01   0.0000
  5.38564026e-01   0.0000
 -3.50093782e-01   0.0000
 -1.39098197e-01   0.0000
  9.90462363e-01   0.0000
  2.29142770e-01   0.0000
  2.69183487e-01   0.0000
  9.87664044e-01   0.0000
 -3.11984253e+00   0.0000
 -3.92568398e+00   0.0000
 -1.40392995e+00   0.0000
  2.14954674e-01   0.0000
  6.03463233e-01   0.0000
  4.42370921e-01   0.0000
  5.82398713e-01   0.0000
  6.43835843e-01   0.0000
 -1.55336469e-01   0.0000
  3.85951376e+00   0.0000
  9.48062897e-01   0.0000
  1.11933756e+00   0.0000
  2.81575918e-01   0.0000
  1.04943693e+00   0.0000
 -2.85928345e+00   0.0000
  3.26372534e-01   0.0000
 -4.54113579e+00   0.0000
  6.06680810e-02   0.0000
 -8.19614697e+00   0.0000
  1.67437896e-01   0.0000
  8.64626020e-02   0.0000
 -8.93345594e-01   0.0000
 -9.45269316e-02   0.0000
  2.19901755e-01   0.0000
  1.30123511e-01   0.0000
  5.15699625e-01   0.0000
  4.13001627e-01   0.0000
  1.01517469e-01   0.0000
  2.52691031e-01   0.0000
 -7.72746682e-01   0.0000
  2.15643033e-01   0.0000
 -2.38318577e-01   0.0000
 -9.95655432e-02   0.0000
 -4.83020604e-01   0.0000
  2.14115664e-01   0.0000
 -1.98345125e-01   0.0000
 -1.89162903e-02   0.0000
  3.47966164e-01   0.0000
  4.59096223e-01   0.0000
  5.98894246e-02   0.0000
 -5.11024177e-01   0.0000
 -5.55422977e-02   0.0000
 -4.21968609e-01   0.0000
  1.84317321e-01   0.0000
  3.00564229e-01   0.0000
 -1.59137532e-01   0.0000
 -5.67250932e-03   0.0000
 -2.40971759e-01   0.0000
 -2.34191164e-01   0.0000
 -6.26822293e-01   0.0000
 -5.98844528e-01   0.0000
 -2.74010748e-01   0.0000
 -8.45906362e-02   0.0000
  1.38968301e+00   0.0000
 -1.43275186e-01   0.0000
  1.01018405e+00   0.0000
 -1.55095369e-01   0.0000
  7.38227785e-01   0.0000
  9.09097791e-02   0.0000
  3.79259974e-01   0.0000
  1.21539509e+00   0.0000
 -8.33070278e-01   0.0000
 -1.12758875e+00   0.0000
 -7.43304864e-02   0.0000
  5.49023867e-01   0.0000
  1.14959411e-01   0.0000
  9.19709578e-02   0.0000
  8.49682316e-02   0.0000
 -4.37753022e-01   0.0000
 -2.44240373e-01   0.0000
 -8.31500530e-01   0.0000
  3.10602635e-01   0.0000
  1.22807115e-01   0.0000
 -1.40831983e+00   0.0000
  6.22690558e-01   0.0000
 -4.95976299e-01   0.0000
 -8.88359249e-01   0.0000
  3.37558675e+00   0.0000
  3.15724045e-01   0.0000
 -1.82297337e+00   0.0000
  1.41420579e+00   0.0000
  1.34565902e+00   0.0000
  3.84958327e-01   0.0000
  1.27086782e+00   0.0000
  3.77594173e-01   0.0000
  2.82314003e-01   0.0000
 -1.99944401e+00   0.0000
 -7.94661790e-02   0.0000
  1.19133100e-01   0.0000
  1.69875705e+00   0.0000
 -9.67661217e-02   0.0000
  3.01790684e-01   0.0000
 -1.06159186e+00   0.0000
  3.62393586e-03   0.0000
 -1.09196723e+00   0.0000
  1.84974444e+00   0.0000
 -7.13047385e-02   0.0000
 -1.25982320e+00   0.0000
 -2.87404865e-01   0.0000
 -5.37646830e-01   0.0000
 -1.02170932e+00   0.0000
  2.74992871e+00   0.0000
 -1.31606922e-01   0.0000
 -1.03703499e+00   0.0000
  1.21690786e+00   0.0000
  7.51202047e-01   0.0000
  5.89217484e-01   0.0000
  1.44141853e+00   0.0000
 -9.34878945e-01   0.0000
  9.11316555e-03   0.0000
 -1.49076331e+00   0.0000
 -2.30199650e-01   0.0000
 -2.52598822e-01   0.0000
  1.34788239e+00   0.0000
  1.29637718e-01   0.0000
 -9.22511816e-02   0.0000
 -4.44781542e-01   0.0000
 -2.97809541e-01   0.0000
  7.87469447e-02   0.0000
  1.39449239e-01   0.0000
  7.82346904e-01   0.0000
  7.05123186e-01   0.0000
  6.76635742e-01   0.0000
  6.28023028e-01   0.0000
  3.91696006e-01   0.0000
 -8.64507973e-01   0.0000
  3.23755443e-01   0.0000
  1.20025039e-01   0.0000
 -3.58909428e-01   0.0000
  4.72353399e-02   0.0000
 -3.10731739e-01   0.0000
 -4.04337108e-01   0.0000
 -1.90412208e-01   0.0000
  9.28477705e-01   0.0000
  3.28650689e+00   0.0000
  1.16623066e-01   0.0000
 -1.57996133e-01   0.0000
 -6.16182029e-01   0.0000
 -2.02575058e-01   0.0000
  2.84552332e-02   0.0000
  7.55221769e-02   0.0000
  4.92091089e-01   0.0000
  1.11973619e+00   0.0000
  1.48411602e-01   0.0000
 -6.92178965e-01   0.0000
  1.49771714e+00   0.0000
 -5.43979168e-01   0.0000
  6.76853359e-01   0.0000
  7.57752180e-01   0.0000
 -2.79643464e+00   0.0000
 -3.21112275e-01   0.0000
  2.48775646e-01   0.0000
 -1.42291641e+00   0.0000
 -9.21380043e-01   0.0000
 -5.77325225e-01   0.0000
 -1.31533718e+00   0.0000
  1.84833932e+00   0.0000
 -2.08921385e+00   0.0000
 -1.70148492e+00   0.0000
  6.21371686e-01   0.0000
 -2.98690766e-01   0.0000
 -1.11364734e+00   0.0000
  3.80897939e-01   0.0000
 -2.78847843e-01   0.0000
  6.91950023e-01   0.0000
  4.69038576e-01   0.0000
  8.08165193e-01   0.0000
  2.22167730e-01   0.0000
  1.41125498e-02   0.0000
  1.18956590e+00   0.0000
  5.57261169e-01   0.0000
  4.32631433e-01   0.0000
  8.25634420e-01   0.0000
 -2.86446214e+00   0.0000
  2.13973790e-01   0.0000
  1.09407198e+00   0.0000
 -1.91198742e+00   0.0000
 -1.05877757e+00   0.0000
 -3.59410137e-01   0.0000
 -9.81075227e-01   0.0000
 -8.05646539e-01   0.0000
 -1.44704688e+00   0.0000
  1.83804560e+00   0.0000
  2.90704489e-01   0.0000
 -4.26312536e-01   0.0000
 -1.28178334e+00   0.0000
  1.79933086e-01   0.0000
 -2.81248778e-01   0.0000
  8.22276175e-01   0.0000
  3.70593756e-01   0.0000
 -1.02576092e-01   0.0000
  1.64624691e-01   0.0000
 -1.17944390e-01   0.0000
 -1.27157331e-01   0.0000
 -8.67039323e-01   0.0000
 -3.99338305e-02   0.0000
 -6.85227141e-02   0.0000
  4.98281151e-01   0.0000
 -3.36963445e-01   0.0000
 -1.75787717e-01   0.0000
 -1.30316362e-01   0.0000
  4.48420435e-01   0.0000
 -6.99883550e-02   0.0000
  2.96114892e-01   0.0000
  1.43926501e-01   0.0000
  8.17245901e-01   0.0000
 -2.39701364e-02   0.0000
 -3.66446860e-02   0.0000
  2.07599714e-01   0.0000
  4.71190214e-01   0.0000
 -7.43295625e-02   0.0000
 -6.06388180e-03   0.0000
 -6.42308354e-01   0.0000
 -1.96886241e-01   0.0000
 -2.60003597e-01   0.0000
  4.55593795e-01   0.0000
  2.76374578e-01   0.0000
 -1.47115558e-01   0.0000
 -1.00871027e+00   0.0000
 -9.50084552e-02   0.0000
  2.79994965e-01   0.0000
  7.83196628e-01   0.0000
 -2.89752722e-01   0.0000
 -8.51838738e-02   0.0000
 -7.25121647e-02   0.0000
  9.80942607e-01   0.0000
  8.14525113e-02   0.0000
  4.66304988e-01   0.0000
  6.83589950e-02   0.0000
  5.88587403e-01   0.0000
  8.54924440e-01   0.0000
  2.91806847e-01   0.0000
 -9.37733650e-02   0.0000
  3.95149320e-01   0.0000
  1.03999600e-01   0.0000
 -1.81767017e-01   0.0000
 -8.20536077e-01   0.0000
  1.41208023e-01   0.0000
 -2.42855608e-01   0.0000
 -3.21748674e-01   0.0000
 -4.21059042e-01   0.0000
 -1.01103830e+00   0.0000
  1.67532805e-02   0.0000
  1.22853026e-01   0.0000
 -6.38236761e-01   0.0000
  1.76530337e+00   0.0000
  1.63279712e-01   0.0000
  3.03990275e-01   0.0000
  3.02499626e-02   0.0000
  7.18041480e-01   0.0000
 -7.55380318e-02   0.0000
  4.86790806e-01   0.0000
 -4.69497055e-01   0.0000
 -5.95110893e-01   0.0000
 -5.65443456e-01   0.0000
 -3.23811203e-01   0.0000
  2.81969279e-01   0.0000
  2.32354268e-01   0.0000
  4.59881164e-02   0.0000
 -1.93005055e-01   0.0000
 -8.57648849e-01   0.0000
 -8.68544541e-03   0.0000
 -1.25346690e-01   0.0000
 -3.68990272e-01   0.0000
 -3.26150745e-01   0.0000
 -3.82542938e-01   0.0000
 -5.14335215e-01   0.0000
  9.87987444e-02   0.0000
  4.41003293e-02   0.0000
  9.86273706e-01   0.0000
 -1.52439669e-01   0.0000
  3.59228551e-01   0.0000
  2.88120925e-01   0.0000
  6.99617147e-01   0.0000
  1.03457741e-01   0.0000
  1.83107495e-01   0.0000
 -3.90349072e-03   0.0000
 -3.56392890e-01   0.0000
 -1.60471965e-02   0.0000
 -4.35443036e-03   0.0000
  2.60589182e-01   0.0000
  4.73282486e-01   0.0000
  3.08987260e-01   0.0000
 -4.42077480e-02   0.0000
 -4.25800115e-01   0.0000
 -1.18077382e-01   0.0000
 -2.54973203e-01   0.0000
  1.53728470e-01   0.0000
  8.19347978e-01   0.0000
 -4.21223313e-01   0.0000
  5.00678658e-01   0.0000
 -4.62989211e-01   0.0000
 -4.76388186e-01   0.0000
  1.39866018e+00   0.0000
  2.91789211e-02   0.0000
  5.48103869e-01   0.0000
 -6.10704362e-01   0.0000
  1.04919100e+00   0.0000
  1.71946481e-01   0.0000
  8.86953056e-01   0.0000
 -1.57963240e+00   0.0000
 -1.92419696e+00   0.0000
 -2.65516520e+00   0.0000
 -6.77811086e-01   0.0000
  8.87865603e-01   0.0000
  2.42144778e-01   0.0000
  1.89654082e-02   0.0000
  3.94690663e-01   0.0000
 -7.37199903e-01   0.0000
 -2.95136809e-01   0.0000
  2.29431272e-01   0.0000
 -3.62522215e-01   0.0000
 -2.84420937e-01   0.0000
  2.38013804e-01   0.0000
 -1.19210970e+00   0.0000
  5.40322483e-01   0.0000
  1.58035085e-01   0.0000
  7.41594911e-01   0.0000
 -1.06728375e-01   0.0000
  7.19864845e-01   0.0000
 -2.55492181e-01   0.0000
  5.96980274e-01   0.0000
 -5.09384632e-01   0.0000
 -1.17364064e-01   0.0000
 -7.66983330e-02   0.0000
 -4.79071617e-01   0.0000
  1.91494441e+00   0.0000
  3.05842459e-01   0.0000
 -3.60775590e-02   0.0000
  3.38813290e-02   0.0000
  4.40057695e-01   0.0000
 -7.89745301e-02   0.0000
 -2.33971521e-01   0.0000
  6.14173591e-01   0.0000
  7.19961345e-01   0.0000
 -9.95631158e-01   0.0000
 -1.34814307e-01   0.0000
  5.92284918e-01   0.0000
 -1.18123460e+00   0.0000
  6.32791460e-01   0.0000
  4.40964252e-01   0.0000
 -1.04445851e+00   0.0000
  5.85236289e-02   0.0000
 -4.74119820e-02   0.0000
 -1.14324188e+00   0.0000
 -9.82160985e-01   0.0000
 -3.47728014e-01   0.0000
 -6.37591720e-01   0.0000
  1.10017467e+00   0.0000
 -5.06067157e-01   0.0000
  1.11774826e+00   0.0000
  1.03022426e-01   0.0000
 -3.82800847e-01   0.0000
 -6.84001029e-01   0.0000
  1.90305606e-01   0.0000
 -1.98498815e-01   0.0000
  7.90591419e-01   0.0000
  7.63950884e-01   0.0000
 -6.17306344e-02   0.0000
 -1.25551792e-02   0.0000
  1.88932434e-01   0.0000
  7.01430917e-01   0.0000
  6.58550784e-02   0.0000
 -2.82644890e-02   0.0000
  5.00852287e-01   0.0000
 -8.28793347e-01   0.0000
  1.66097566e-01   0.0000
  2.71488205e-02   0.0000
 -2.81390280e-01   0.0000
 -1.77001223e-01   0.0000
  1.56200245e-01   0.0000
 -4.02400345e-01   0.0000
  3.28137070e-01   0.0000
  2.77270377e-01   0.0000
  2.50453144e-01   0.0000
  2.67018169e-01   0.0000
 -1.19709350e-01   0.0000
 -5.30448794e-01   0.0000
  6.31488264e-02   0.0000
  7.24860877e-02   0.0000
  1.84612334e-01   0.0000
 -4.64979559e-02   0.0000
  1.18290651e+00   0.0000
 -1.16113961e+00   0.0000
 -3.05002015e-02   0.0000
  1.47589111e+00   0.0000
 -3.37679125e-02   0.0000
  8.18229973e-01   0.0000
  7.82478392e-01   0.0000
 -1.65480816e+00   0.0000
 -8.09322000e-02   0.0000
  9.55595076e-01   0.0000
 -1.21918011e+00   0.0000
 -2.69772196e+00   0.0000
 -8.00629139e-01   0.0000
 -1.43269444e+00   0.0000
  6.77759349e-01   0.0000
 -1.08719385e+00   0.0000
  1.32445288e+00   0.0000
  1.26499653e-01   0.0000
 -4.48909312e-01   0.0000
 -1.51079702e+00   0.0000
  1.98056713e-01   0.0000
 -8.10585544e-02   0.0000
  1.95843434e+00   0.0000
  6.44356012e-01   0.0000
 -4.16908637e-02   0.0000
  9.18903589e-01   0.0000
  6.26465619e-01   0.0000
 -1.86924070e-01   0.0000
 -2.41674408e-02   0.0000
  2.57838629e-02   0.0000
  2.94293463e-01   0.0000
 -6.86341286e-01   0.0000
  5.21524251e-01   0.0000
 -1.18230975e+00   0.0000
 -2.69400567e-01   0.0000
  1.61790860e+00   0.0000
  4.99274641e-01   0.0000
  2.88413793e-01   0.0000
 -1.34444606e+00   0.0000
  1.53692877e+00   0.0000
  5.84480882e-01   0.0000
  9.22995880e-02   0.0000
 -2.68590581e-02   0.0000
 -3.79702449e-01   0.0000
 -8.05475533e-01   0.0000
  2.69890428e-01   0.0000
 -1.48324394e+00   0.0000
 -2.20738314e-02   0.0000
 -6.53070807e-01   0.0000
  8.48767877e-01   0.0000
  3.73891108e-02   0.0000
 -1.13794291e+00   0.0000
 -1.20960331e+00   0.0000
 -5.89129388e-01   0.0000
 -6.02630556e-01   0.0000
  9.55947757e-01   0.0000
 -2.78903186e-01   0.0000
 -6.10550284e-01   0.0000
 -3.27440470e-01   0.0000
  4.89081085e-01   0.0000
  4.91348207e-01   0.0000
  1.17925990e+00   0.0000
  1.46567786e+00   0.0000
  2.39352897e-01   0.0000
 -1.25763500e+00   0.0000
 -2.54519194e-01   0.0000
 -1.91669494e-01   0.0000
  5.01759350e-01   0.0000
  2.50623494e-01   0.0000
  2.25006446e-01   0.0000
 -1.13581204e+00   0.0000
 -2.11005658e-03   0.0000
  2.19761357e-01   0.0000
  2.51405507e-01   0.0000
  1.27472556e+00   0.0000
  3.66204917e-01   0.0000
  2.93392509e-01   0.0000
 -4.86364365e-02   0.0000
 -4.01050568e-01   0.0000
 -3.46106201e-01   0.0000
  6.65589869e-01   0.0000
  2.34374806e-01   0.0000
  1.05680871e+00   0.0000
 -9.17921185e-01   0.0000
  1.08209990e-01   0.0000
 -7.79889002e-02   0.0000
  2.12999368e+00   0.0000
  2.40206695e+00   0.0000
 -1.67125535e+00   0.0000
 -8.21575582e-01   0.0000
  1.56391585e+00   0.0000
 -3.17927957e-01   0.0000
 -7.02682614e-01   0.0000
  6.23080790e-01   0.0000
  9.95846987e-01   0.0000
  3.59297067e-01   0.0000
  3.07908565e-01   0.0000
  7.31108963e-01   0.0000
 -3.42393726e-01   0.0000
  4.18140203e-01   0.0000
 -2.23340243e-01   0.0000
 -6.49631172e-02   0.0000
  3.53959113e-01   0.0000
 -6.24741554e-01   0.0000
 -1.82381317e-01   0.0000
  5.67814350e-01   0.0000
 -1.36272514e+00   0.0000
 -5.61150968e-01   0.0000
  1.05674826e-02   0.0000
 -4.65423793e-01   0.0000
  1.77610278e+00   0.0000
  1.15598297e+00   0.0000
  1.05125868e+00   0.0000
  4.45506752e-01   0.0000
 -6.52950466e-01   0.0000
  2.32559207e-04   0.0000
 -3.40785347e-02   0.0000
 -2.66663164e-01   0.0000
  4.62177724e-01   0.0000
  2.27163300e-01   0.0000
 -1.64296043e+00   0.0000
  5.16802132e-01   0.0000
 -2.76288271e-01   0.0000
 -1.90861630e+00   0.0000
  1.20750599e-01   0.0000
 -8.95179689e-01   0.0000
 -8.91837418e-01   0.0000
  2.34429979e+00   0.0000
 -2.37603754e-01   0.0000
 -1.47385371e+00   0.0000
  1.94148517e+00   0.0000
  1.53401029e+00   0.0000
  3.56265575e-01   0.0000
  1.92886269e+00   0.0000
 -3.78913552e-01   0.0000
  1.22825682e+00   0.0000
 -3.11250186e+00   0.0000
 -1.54460937e-01   0.0000
  5.54256320e-01   0.0000
  1.40863383e+00   0.0000
  4.85080294e-03   0.0000
  5.36707938e-02   0.0000
 -1.03651452e+00   0.0000
 -2.86402643e-01   0.0000
 -2.05793995e-02   0.0000
 -1.43598810e-01   0.0000
  1.45785540e-01   0.0000
 -1.41599655e-01   0.0000
  9.15406525e-01   0.0000
  1.67256013e-01   0.0000
 -1.24738008e-01   0.0000
  1.88176975e-01   0.0000
 -9.76556912e-03   0.0000
 -8.03606883e-02   0.0000
  2.29510784e-01   0.0000
 -1.97150886e-01   0.0000
  1.54956296e-01   0.0000
 -8.90804008e-02   0.0000
 -2.76478916e-01   0.0000
 -2.49071285e-01   0.0000
 -6.32475495e-01   0.0000
 -1.82923824e-01   0.0000
  2.48295695e-01   0.0000
  3.12372739e-03   0.0000
 -2.01664239e-01   0.0000
 -2.16344550e-01   0.0000
  5.18642306e-01   0.0000
 -1.45829350e-01   0.0000
  1.96254325e+00   0.0000
 -1.73493528e+00   0.0000
 -6.66669682e-02   0.0000
  1.71199250e+00   0.0000
 -7.58922994e-01   0.0000
  1.00165486e+00   0.0000
  7.63173938e-01   0.0000
 -1.12766540e+00   0.0000
 -9.68052000e-02   0.0000
  9.15894508e-01   0.0000
 -1.76719463e+00   0.0000
 -8.61185968e-01   0.0000
 -7.27753162e-01   0.0000
 -1.65812075e+00   0.0000
  4.29316342e-01   0.0000
 -1.67077288e-01   0.0000
  1.56395900e+00   0.0000
  4.61470068e-01   0.0000
  4.03641500e-02   0.0000
 -1.43939817e+00   0.0000
 -4.10261936e-02   0.0000
 -4.75154877e-01   0.0000
  1.07487988e+00   0.0000
  7.50903249e-01   0.0000
  2.71106780e-01   0.0000
 -2.16668427e-01   0.0000
 -7.70604238e-03   0.0000
 -4.79316264e-02   0.0000
 -3.72205675e-01   0.0000
  5.03007889e-01   0.0000
  8.56286213e-02   0.0000
 -5.98675966e-01   0.0000
 -1.27075404e-01   0.0000
  6.23553216e-01   0.0000
 -2.52797723e-01   0.0000
  7.38317370e-02   0.0000
 -1.63383111e-02   0.0000
 -6.50008023e-02   0.0000
  2.20994607e-01   0.0000
 -7.92593360e-01   0.0000
  5.62228978e-01   0.0000
  1.90788254e-01   0.0000
  1.26195885e-02   0.0000
 -1.69839501e-01   0.0000
  1.65113375e-01   0.0000
 -9.84419733e-02   0.0000
  1.24971583e-01   0.0000
  1.42835975e-02   0.0000
 -2.58673370e-01   0.0000
 -3.76102209e-01   0.0000
 -3.71481150e-01   0.0000
 -1.50176787e+00   0.0000
  3.33438611e+00   0.0000
 -2.55526781e-01   0.0000
 -7.07730830e-01   0.0000
  2.17995167e+00   0.0000
 -1.31477430e-01   0.0000
 -9.46333945e-01   0.0000
  7.58248687e-01   0.0000
 -3.75677973e-01   0.0000
  1.19946018e-01   0.0000
  9.60862279e-01   0.0000
 -1.85550332e+00   0.0000
 -1.46666157e+00   0.0000
 -2.24600458e+00   0.0000
 -5.29705465e-01   0.0000
  2.37391204e-01   0.0000
  2.67339140e-01   0.0000
  6.20567426e-02   0.0000
  2.02447385e-01   0.0000
 -1.80800129e-02   0.0000
 -4.97128785e-01   0.0000
 -9.14524645e-02   0.0000
  7.70308554e-01   0.0000
  3.03333104e-01   0.0000
 -6.59543753e-01   0.0000
  1.87450379e-01   0.0000
  1.22355819e-01   0.0000
 -8.27234536e-02   0.0000
 -5.84771097e-01   0.0000
  3.39108817e-02   0.0000
  8.97907376e-01   0.0000
 -7.52144694e-01   0.0000
  7.07317442e-02   0.0000
 -1.22517049e+00   0.0000
 -1.41573131e+00   0.0000
 -6.37683690e-01   0.0000
 -2.28409454e-01   0.0000
 -3.75452191e-01   0.0000
 -2.77941227e-01   0.0000
  3.26899856e-01   0.0000
  1.28980413e-01   0.0000
 -5.21570921e-01   0.0000
  4.77171130e-02   0.0000
  5.45133710e-01   0.0000
  3.61213058e-01   0.0000
 -4.52269852e-01   0.0000
 -1.40868723e-01   0.0000
  2.75586367e-01   0.0000
  7.59986460e-01   0.0000
  6.83178902e-02   0.0000
  6.45601928e-01   0.0000
  7.73541108e-02   0.0000
  1.12717068e+00   0.0000
  3.52392495e-01   0.0000
  4.37709130e-02   0.0000
  8.70534256e-02   0.0000
  1.31884003e-02   0.0000
  7.46081531e-01   0.0000
 -3.56152058e-01   0.0000
 -8.55410278e-01   0.0000
  2.64168233e-01   0.0000
  7.70552814e-01   0.0000
 -1.96970478e-01   0.0000
  1.40502840e-01   0.0000
 -8.51518940e-03   0.0000
  6.13623448e-02   0.0000
  3.78615409e-01   0.0000
 -1.34906366e-01   0.0000
 -4.25020039e-01   0.0000
 -7.83893466e-02   0.0000
  1.38283169e+00   0.0000
  6.11970723e-01   0.0000
 -1.06733227e+00   0.0000
 -8.27588793e-03   0.0000
 -1.76174313e-01   0.0000
  1.63262710e-01   0.0000
 -6.01874352e-01   0.0000
 -2.87020624e-01   0.0000
  1.03349566e+00   0.0000
 -9.59745824e-01   0.0000
  3.11645299e-01   0.0000
 -1.53718495e+00   0.0000
 -2.12271953e+00   0.0000
 -5.43755114e-01   0.0000
  2.86738366e-01   0.0000
  3.48099560e-01   0.0000
 -1.11530864e+00   0.0000
 -4.53684986e-01   0.0000
  7.10130215e-01   0.0000
  6.56915009e-01   0.0000
 -3.31764460e-01   0.0000
 -5.58234036e-01   0.0000
  2.74322242e-01   0.0000
  3.41695756e-01   0.0000
 -4.33981240e-01   0.0000
  4.93738383e-01   0.0000
 -4.13759679e-01   0.0000
  9.97777224e-01   0.0000
  1.57121098e+00   0.0000
  2.39585921e-01   0.0000
 -6.39563859e-01   0.0000
  2.71625042e-01   0.0000
  4.04563278e-01   0.0000
  9.18734670e-02   0.0000
 -4.51816678e-01   0.0000
  1.21924281e-01   0.0000
  4.96861078e-02   0.0000
 -1.99876621e-01   0.0000
 -4.55462694e-01   0.0000
  3.56887221e-01   0.0000
  4.11694646e-01   0.0000
 -3.38281244e-01   0.0000
 -2.20544755e-01   0.0000
 -5.15659988e-01   0.0000
 -1.13740206e+00   0.0000
 -4.80061978e-01   0.0000
 -1.16484463e-01   0.0000
  2.48621330e-02   0.0000
  4.83464271e-01   0.0000
  3.52113634e-01   0.0000
 -6.35958850e-01   0.0000
 -2.00558435e-02   0.0000
 -3.30190867e-01   0.0000
  1.50194138e-01   0.0000
 -5.34281254e-01   0.0000
 -1.02743544e-01   0.0000
  5.94411910e-01   0.0000
 -3.63462001e-01   0.0000
 -1.24836162e-01   0.0000
 -9.11346614e-01   0.0000
 -1.25263417e+00   0.0000
 -1.73268303e-01   0.0000
 -1.22131612e-02   0.0000
  6.56038702e-01   0.0000
 -2.47959733e+00   0.0000
 -1.81272900e+00   0.0000
  1.92321157e+00   0.0000
  6.91508114e-01   0.0000
 -1.36914372e-01   0.0000
 -7.58113503e-01   0.0000
  7.73029745e-01   0.0000
  5.84123731e-01   0.0000
 -1.37602484e+00   0.0000
  1.74987733e+00   0.0000
 -8.98904681e-01   0.0000
  2.57860827e+00   0.0000
  2.81708813e+00   0.0000
  9.06202197e-01   0.0000
 -7.04606533e-01   0.0000
  1.35241061e-01   0.0000
  1.75993055e-01   0.0000
  6.71924949e-02   0.0000
  2.39079505e-01   0.0000
  2.08103389e-01   0.0000
  1.73281580e-01   0.0000
 -2.16111198e-01   0.0000
  1.84348732e-01   0.0000
  4.59655166e-01   0.0000
 -2.81584084e-01   0.0000
  3.89694661e-01   0.0000
  2.17916533e-01   0.0000
 -7.07120821e-03   0.0000
  2.47994334e-01   0.0000
  1.09314986e-01   0.0000
 -4.57206815e-01   0.0000
 -1.81914061e-01   0.0000
  5.80348790e-01   0.0000
  3.81763846e-01   0.0000
 -5.93254507e-01   0.0000
 -4.43101287e-01   0.0000
  2.20027432e-01   0.0000
  5.28055072e-01   0.0000
 -1.77104816e-01   0.0000
 -3.47147197e-01   0.0000
  6.31511152e-01   0.0000
 -3.72028261e-01   0.0000
  3.34520549e-01   0.0000
 -5.14680028e-01   0.0000
 -4.44897056e-01   0.0000
 -1.98331729e-01   0.0000
  3.86468396e-02   0.0000
  5.22361577e-01   0.0000
 -7.57501781e-01   0.0000
  1.42167866e-01   0.0000
  9.47915494e-01   0.0000
  6.51660681e-01   0.0000
 -1.64532140e-01   0.0000
 -9.05276597e-01   0.0000
  6.23385370e-01   0.0000
  6.57153189e-01   0.0000
 -8.68050337e-01   0.0000
  7.54291952e-01   0.0000
 -1.47341385e-01   0.0000
  1.33041584e+00   0.0000
  1.59643281e+00   0.0000
  4.52002347e-01   0.0000
 -5.63871384e-01   0.0000
  2.17161313e-01   0.0000
 -7.75323868e-01   0.0000
 -8.36949885e-01   0.0000
  1.16569602e+00   0.0000
  3.15074354e-01   0.0000
  3.95829529e-01   0.0000
 -2.57310182e-01   0.0000
  6.69659555e-01   0.0000
  1.07029624e-01   0.0000
 -7.72141278e-01   0.0000
  9.53140080e-01   0.0000
 -1.18306786e-01   0.0000
  1.10154521e+00   0.0000
  1.04164541e+00   0.0000
  5.23569822e-01   0.0000
 -4.49297220e-01   0.0000
  1.83673650e-01   0.0000
 -1.95563897e-01   0.0000
 -4.80026565e-02   0.0000
  1.87275454e-01   0.0000
 -2.55864263e-01   0.0000
 -1.37678087e-01   0.0000
  1.68169420e-02   0.0000
  2.25858375e-01   0.0000
 -2.40922533e-02   0.0000
 -4.47443873e-01   0.0000
  4.71367896e-01   0.0000
  6.41875982e-01   0.0000
  1.60116866e-01   0.0000
  7.43555665e-01   0.0000
  4.47955668e-01   0.0000
  2.53354609e-02   0.0000
  1.94387257e-01   0.0000
 -1.34495687e+00   0.0000
 -4.63373095e-01   0.0000
  8.47488701e-01   0.0000
  2.66918521e-02   0.0000
  1.27737001e-01   0.0000
 -3.66256349e-02   0.0000
  7.16082692e-01   0.0000
  3.63543093e-01   0.0000
 -8.04712951e-01   0.0000
  9.12756085e-01   0.0000
 -2.30408892e-01   0.0000
  1.50140762e+00   0.0000
  1.44241905e+00   0.0000
  4.28768247e-01   0.0000
 -5.65733671e-01   0.0000
 -7.00548410e-01   0.0000
  8.42461705e-01   0.0000
  4.76157933e-01   0.0000
 -4.85509366e-01   0.0000
 -1.48431695e+00   0.0000
 -5.96331954e-02   0.0000
  8.06539595e-01   0.0000
 -1.64649084e-01   0.0000
 -1.01334107e+00   0.0000
  5.42995751e-01   0.0000
 -4.40732837e-01   0.0000
  1.48143873e-01   0.0000
 -9.70039546e-01   0.0000
 -1.45911980e+00   0.0000
 -6.08584404e-01   0.0000
  1.21425307e+00   0.0000
 -8.09656918e-01   0.0000
  2.73541838e-01   0.0000
  1.15100300e+00   0.0000
 -2.99719214e-01   0.0000
 -1.05876350e+00   0.0000
  4.03556168e-01   0.0000
  7.67562866e-01   0.0000
  9.74779800e-02   0.0000
 -7.15332329e-01   0.0000
 -7.48701990e-02   0.0000
 -2.92411130e-02   0.0000
  9.76894021e-01   0.0000
  2.37343237e-02   0.0000
  2.32328489e-01   0.0000
 -1.23052254e-01   0.0000
  1.07556689e+00   0.0000
 -8.77710283e-01   0.0000
  1.50944722e+00   0.0000
  1.67526782e+00   0.0000
 -1.04673207e+00   0.0000
 -1.08823383e+00   0.0000
  4.00851876e-01   0.0000
  1.32060254e+00   0.0000
 -7.58867264e-01   0.0000
 -1.20819867e+00   0.0000
  1.01010203e+00   0.0000
 -9.35885370e-01   0.0000
  9.20205116e-01   0.0000
 -1.62562644e+00   0.0000
 -1.51557398e+00   0.0000
 -4.09485906e-01   0.0000
  9.73905206e-01   0.0000
 -2.78878480e-01   0.0000
  3.21116269e-01   0.0000
  9.28658545e-02   0.0000
 -5.68042219e-01   0.0000
 -9.11563560e-02   0.0000
  2.77463980e-02   0.0000
  3.29148650e-01   0.0000
 -1.49068218e-02   0.0000
  1.76477414e-02   0.0000
  2.65493602e-01   0.0000
 -2.03593671e-01   0.0000
 -9.20537934e-02   0.0000
 -4.96415943e-01   0.0000
 -6.62900209e-01   0.0000
  8.11342373e-02   0.0000
  4.55875099e-01   0.0000
  1.40063137e-01   0.0000
 -1.83546305e-01   0.0000
  2.05639631e-01   0.0000
  1.87039807e-01   0.0000
  6.36230111e-01   0.0000
 -1.80076703e-01   0.0000
 -2.76107818e-01   0.0000
  1.76917776e-01   0.0000
  1.66485474e-01   0.0000
  9.12954435e-02   0.0000
  2.43896082e-01   0.0000
 -3.77316594e-01   0.0000
  5.61260223e-01   0.0000
  6.13966227e-01   0.0000
 -5.49488626e-02   0.0000
 -3.55244756e-01   0.0000
 -1.25424355e-01   0.0000
 -1.24899328e+00   0.0000
 -4.28882182e-01   0.0000
  1.01028216e+00   0.0000
  3.89102936e-01   0.0000
  2.61051714e-01   0.0000
 -2.01781536e-03   0.0000
  4.66487348e-01   0.0000
  2.56109089e-01   0.0000
 -7.63728738e-01   0.0000
  7.89645433e-01   0.0000
 -1.04670472e-01   0.0000
  1.32058823e+00   0.0000
  1.51779282e+00   0.0000
  6.88654065e-01   0.0000
 -2.44450033e-01   0.0000
 -4.02102411e-01   0.0000
 -6.81448728e-02   0.0000
 -1.34465948e-01   0.0000
  2.53117561e-01   0.0000
 -4.83416945e-01   0.0000
  3.52981947e-02   0.0000
  1.36169866e-01   0.0000
  1.40386941e-02   0.0000
 -3.84557337e-01   0.0000
  3.94887477e-01   0.0000
 -4.76517677e-02   0.0000
 -1.32219285e-01   0.0000
  7.52404332e-02   0.0000
 -1.28616795e-01   0.0000
 -5.95358647e-02   0.0000
  1.68795243e-01   0.0000
  1.66878998e-01   0.0000
 -2.26963297e-01   0.0000
 -2.47645810e-01   0.0000
 -8.31790939e-02   0.0000
  4.50078756e-01   0.0000
 -2.80317277e-01   0.0000
 -9.48837996e-02   0.0000
  5.78362755e-02   0.0000
  1.68833077e-01   0.0000
 -4.25025932e-02   0.0000
  3.48570436e-01   0.0000
 -2.00714841e-01   0.0000
  2.24392787e-01   0.0000
  3.72337669e-01   0.0000
 -1.35853067e-01   0.0000
  6.10369295e-02   0.0000
  3.34475795e-03   0.0000
  6.90038502e-01   0.0000
  3.83902788e-01   0.0000
 -7.09454119e-01   0.0000
 -1.61974594e-01   0.0000
 -3.58217582e-02   0.0000
  1.71931431e-01   0.0000
 -1.81200400e-01   0.0000
 -1.76778764e-01   0.0000
  5.94502628e-01   0.0000
 -7.45498836e-01   0.0000
 -1.66316509e-01   0.0000
 -5.17786205e-01   0.0000
 -5.63876927e-01   0.0000
 -4.92615104e-01   0.0000
  1.89742774e-01   0.0000
 -9.22574326e-02   0.0000
  4.05100465e-01   0.0000
 -1.15789041e-01   0.0000
 -2.40056068e-01   0.0000
  1.29522935e-01   0.0000
  2.04168111e-01   0.0000
 -2.91673303e-01   0.0000
  1.23359077e-02   0.0000
  2.71952927e-01   0.0000
  2.78307766e-01   0.0000
 -2.35945180e-01   0.0000
  1.23895414e-01   0.0000
 -6.26207709e-01   0.0000
 -3.99933636e-01   0.0000
 -1.82699576e-01   0.0000
 -4.72111613e-01   0.0000
  1.50647080e+00   0.0000
 -2.73230653e-02   0.0000
 -5.12829363e-01   0.0000
 -3.21159780e-01   0.0000
  1.84166932e+00   0.0000
 -2.16977477e+00   0.0000
 -1.61723077e+00   0.0000
 -7.50392318e-01   0.0000
  1.69342566e+00   0.0000
  7.88468540e-01   0.0000
 -5.22710264e-01   0.0000
 -3.19274163e+00   0.0000
 -5.49221598e-02   0.0000
 -7.82270670e-01   0.0000
 -6.84662700e-01   0.0000
 -1.74261069e+00   0.0000
  1.89378130e+00   0.0000
 -3.30532765e+00   0.0000
 -2.96646380e+00   0.0000
  2.16694188e+00   0.0000
  2.58024406e+00   0.0000
 -1.79711473e+00   0.0000
 -2.28640366e+00   0.0000
  8.45671713e-01   0.0000
  2.28817797e+00   0.0000
 -1.63976228e+00   0.0000
  1.69577277e+00   0.0000
 -3.81123304e+00   0.0000
  3.75298572e+00   0.0000
  4.38791180e+00   0.0000
  7.03549266e-01   0.0000
 -2.40227199e+00   0.0000
  1.64056742e+00   0.0000

