 5 0.000000 1
 1 
 Si 28.085500
 0 0.250001 4.500000 0.978124 1.000000 
 5 0 1 2 4 6
 8 2.25000 2.50000 2.75000 3.00000 3.25000 3.50000 3.75000 4.00000
 1 12.169200 6.172630 3.114710 0.755675 0.404939 0.036124 0.650018 0.572890
 5 40 24 24 16 1
  1.69255424e+00   0.0000
 -1.91115871e-01   0.0000
  2.97450089e+00   0.0000
  1.17470121e+00   0.0000
 -6.70502424e-01   0.0000
  1.52761686e+00   0.0000
 -9.67004657e-01   0.0000
 -1.87590992e+00   0.0000
 -1.06095469e+00   0.0000
 -1.73156142e+00   0.0000
 -7.46461868e-01   0.0000
 -4.18792307e-01   0.0000
 -1.34898829e+00   0.0000
  1.43127930e+00   0.0000
  1.40792382e+00   0.0000
 -9.24710631e-02   0.0000
  1.52529049e+00   0.0000
  7.32055962e-01   0.0000
 -8.32361355e-02   0.0000
  4.50194567e-01   0.0000
  3.21711516e+00   0.0000
  1.01233482e+00   0.0000
  3.91645551e-01   0.0000
 -7.60361195e-01   0.0000
  1.62784326e+00   0.0000
 -4.88038212e-01   0.0000
 -8.80128384e-01   0.0000
 -6.76354945e-01   0.0000
  8.11576426e-01   0.0000
  6.43393934e-01   0.0000
  2.92725027e-01   0.0000
 -1.92270637e+00   0.0000
 -9.28926528e-01   0.0000
 -1.62424612e+00   0.0000
 -5.98031819e-01   0.0000
 -1.00981784e+00   0.0000
 -1.31108689e+00   0.0000
  8.91489625e-01   0.0000
  1.43641067e+00   0.0000
  2.03173354e-01   0.0000
  7.82667875e-01   0.0000
 -3.79889756e-01   0.0000
  7.91695654e-01   0.0000
  8.02649140e-01   0.0000
 -6.06764713e-03   0.0000
  6.74018323e-01   0.0000
  4.81320262e-01   0.0000
 -5.89440465e-01   0.0000
  1.43948770e+00   0.0000
 -9.01634991e-01   0.0000
 -1.74114490e+00   0.0000
 -7.55124450e-01   0.0000
  1.94177401e+00   0.0000
 -7.58439481e-01   0.0000
  7.23792374e-01   0.0000
 -1.59658253e+00   0.0000
 -8.79096627e-01   0.0000
 -1.27536738e+00   0.0000
 -5.14760017e-01   0.0000
 -1.90091622e+00   0.0000
 -1.01576436e+00   0.0000
 -1.72471479e-02   0.0000
  1.21806049e+00   0.0000
  3.37800801e-01   0.0000
  4.97744739e-01   0.0000
 -1.18118680e+00   0.0000
  1.16965878e+00   0.0000
  8.65292251e-01   0.0000
 -6.91647828e-01   0.0000
  7.14973211e-01   0.0000
 -1.16796792e-01   0.0000
 -3.31409007e-01   0.0000
  1.53768480e+00   0.0000
 -9.83906269e-01   0.0000
 -8.51899385e-01   0.0000
  3.72887939e-01   0.0000
  1.88140762e+00   0.0000
 -1.60074198e+00   0.0000
  3.09910089e-01   0.0000
 -1.37332475e+00   0.0000
 -1.27277088e+00   0.0000
 -1.30515361e+00   0.0000
 -5.76258957e-01   0.0000
 -1.78239596e+00   0.0000
 -1.13326335e+00   0.0000
 -1.05606949e+00   0.0000
  1.13337636e+00   0.0000
  4.15175736e-01   0.0000
 -1.34230116e-02   0.0000
 -1.18322849e+00   0.0000
  1.08445311e+00   0.0000
  1.55119166e-01   0.0000
 -2.42588855e-02   0.0000
  5.35061121e-01   0.0000
 -7.50283301e-01   0.0000
 -3.48726183e-01   0.0000
  1.76875341e+00   0.0000
 -9.37847197e-01   0.0000
  7.14038789e-01   0.0000
  9.91960287e-01   0.0000
  1.94479620e+00   0.0000
 -1.20367837e+00   0.0000
 -3.01637262e-01   0.0000
 -8.65823328e-01   0.0000
 -9.64610994e-01   0.0000
 -1.24408650e+00   0.0000
 -5.36343932e-01   0.0000
 -1.24058425e+00   0.0000
 -1.17041135e+00   0.0000
 -1.41465890e+00   0.0000
  9.27893043e-01   0.0000
  2.25000367e-01   0.0000
 -9.52058285e-02   0.0000
 -4.06204253e-01   0.0000
 -5.02918251e-02   0.0000
 -3.86982709e-01   0.0000
 -4.16222125e-01   0.0000
  5.00385761e-01   0.0000
 -1.15554953e+00   0.0000
 -1.84000477e-01   0.0000
  1.87740076e+00   0.0000
 -1.07048523e+00   0.0000
  8.16749096e-01   0.0000
  3.83691907e-01   0.0000
  1.69504285e+00   0.0000
  2.89528310e-01   0.0000
 -6.82330787e-01   0.0000
 -5.42725265e-01   0.0000
 -8.86858106e-01   0.0000
 -9.16299462e-01   0.0000
 -2.69790888e-01   0.0000
 -1.31848082e-01   0.0000
 -7.49130070e-01   0.0000
 -6.43615007e-01   0.0000
  5.77444434e-01   0.0000
  6.86709881e-01   0.0000
 -6.57184064e-01   0.0000
 -5.19081056e-01   0.0000
 -6.50416851e-01   0.0000
 -2.29471177e-01   0.0000
 -1.99179602e+00   0.0000
  6.17920280e-01   0.0000
 -3.99901539e-01   0.0000
 -1.11459985e-01   0.0000
  1.70453680e+00   0.0000
 -8.92579436e-01   0.0000
  7.97320843e-01   0.0000
  1.64068267e-01   0.0000
  9.70909834e-01   0.0000
  1.18489313e+00   0.0000
 -6.62783682e-01   0.0000
  4.01545130e-02   0.0000
 -8.09963167e-01   0.0000
 -9.08265114e-01   0.0000
 -6.72344446e-01   0.0000
  8.44797969e-01   0.0000
 -7.67864347e-01   0.0000
  5.80627859e-01   0.0000
  3.73051971e-01   0.0000
  1.98604509e-01   0.0000
 -5.65993369e-01   0.0000
  2.61198394e-02   0.0000
 -8.91450047e-01   0.0000
  6.78748544e-03   0.0000
 -5.99047482e-01   0.0000
  3.06093991e-01   0.0000
  6.62640512e-01   0.0000
  5.34162633e-02   0.0000
  1.65472972e+00   0.0000
 -4.93821442e-01   0.0000
  6.59247637e-01   0.0000
  4.87719357e-01   0.0000
  9.90688086e-01   0.0000
  4.75902557e-01   0.0000
 -8.07360232e-01   0.0000
  4.08344418e-01   0.0000
 -5.15842974e-01   0.0000
 -8.59775126e-01   0.0000
 -6.57054901e-01   0.0000
  8.36921632e-01   0.0000
 -3.74741197e-01   0.0000
  1.59958577e+00   0.0000
  7.43991494e-01   0.0000
 -3.42770487e-01   0.0000
 -1.82589293e-01   0.0000
  3.47487070e-02   0.0000
 -5.14162779e-01   0.0000
  5.74607015e-01   0.0000
  3.22000885e+00   0.0000
  2.35096946e-01   0.0000
  1.64634109e+00   0.0000
 -9.93567035e-02   0.0000
  7.49560237e-01   0.0000
  8.88393164e-01   0.0000
  2.98709065e-01   0.0000
  9.15585220e-01   0.0000
 -3.28234196e-01   0.0000
  2.26527438e-01   0.0000
  7.08939100e-04   0.0000
  6.78695381e-01   0.0000
  3.39739680e-01   0.0000
 -6.94876432e-01   0.0000
 -4.37640518e-01   0.0000
 -3.54991257e-01   0.0000
  4.84430820e-01   0.0000
  3.44650745e-01   0.0000
  4.39805448e-01   0.0000
  5.24449468e-01   0.0000
 -3.31530601e-01   0.0000
  1.40439689e+00   0.0000
  3.31679344e-01   0.0000
  9.28444326e-01   0.0000
 -2.83678681e-01   0.0000
 -2.52538800e-01   0.0000
 -1.58573246e+00   0.0000
  9.96987894e-03   0.0000
  5.51165223e-01   0.0000
  8.23633373e-01   0.0000
  1.92076057e-01   0.0000
  1.61662579e+00   0.0000
 -7.25470066e-01   0.0000
 -1.01667190e+00   0.0000
 -1.38143465e-01   0.0000
  5.12326658e-01   0.0000
  5.11370003e-01   0.0000
 -4.95256513e-01   0.0000
 -4.43547070e-01   0.0000
  6.06163919e-01   0.0000
  9.92787778e-02   0.0000
 -4.84441191e-01   0.0000
  3.97238970e-01   0.0000
  5.01978874e-01   0.0000
 -4.21576947e-02   0.0000
  1.06375730e+00   0.0000
 -5.64795971e-01   0.0000
  3.70593160e-01   0.0000
  5.81940293e-01   0.0000
 -1.40159145e-01   0.0000
 -1.06611943e+00   0.0000
 -6.43765628e-02   0.0000
  3.57001841e-01   0.0000
  7.49097168e-01   0.0000
 -2.79798299e-01   0.0000
  1.59490252e+00   0.0000
 -4.83250111e-01   0.0000
 -1.52719760e+00   0.0000
  1.34128228e-01   0.0000
  3.53862464e-01   0.0000
  5.94224297e-02   0.0000
 -2.37040639e-01   0.0000
 -5.55938762e-03   0.0000
  4.06534880e-01   0.0000
 -2.31793180e-01   0.0000
  6.13142066e-02   0.0000
  2.92070746e-01   0.0000
  4.33916628e-01   0.0000
 -2.01991647e-01   0.0000
  6.80247426e-01   0.0000
 -8.53201330e-01   0.0000
  2.23500147e-01   0.0000
  7.17963099e-01   0.0000
 -2.77175009e-01   0.0000
 -2.14977283e-02   0.0000
  5.11693172e-02   0.0000
  6.08259924e-02   0.0000
  5.52967310e-01   0.0000
 -1.60077587e-01   0.0000
  5.71252167e-01   0.0000
 -1.94445372e-01   0.0000
 -1.36608553e+00   0.0000
  4.69044924e-01   0.0000
 -7.17593124e-03   0.0000
  2.94407547e-01   0.0000
 -2.73922205e-01   0.0000
 -2.55816430e-01   0.0000
  7.29883552e-01   0.0000
  4.19984311e-02   0.0000
  2.50399083e-01   0.0000
 -3.05840150e-02   0.0000
  8.14843059e-01   0.0000
 -5.77084422e-01   0.0000
 -1.56627893e-01   0.0000
 -5.29276431e-01   0.0000
  9.11387280e-02   0.0000
 -3.40352386e-01   0.0000
 -4.63968180e-02   0.0000
  5.55128276e-01   0.0000
  1.16974466e-01   0.0000
 -1.25230610e-01   0.0000
 -5.27730659e-02   0.0000
 -6.13465905e-02   0.0000
 -2.23693818e-01   0.0000
  2.37820074e-01   0.0000
 -1.54384184e+00   0.0000
  4.00614381e-01   0.0000
  3.59613225e-02   0.0000
 -1.15364611e-01   0.0000
 -1.37810826e-01   0.0000
 -1.91473216e-01   0.0000
  3.44064027e-01   0.0000
 -1.26822740e-01   0.0000
  2.82793552e-01   0.0000
  1.44426614e-01   0.0000
  7.41719723e-01   0.0000
 -5.85907400e-01   0.0000
 -5.23315489e-01   0.0000
 -2.87568063e-01   0.0000
  2.31117710e-01   0.0000
 -8.86784732e-01   0.0000
 -3.72630924e-01   0.0000
  4.96790886e-01   0.0000
  5.66235557e-02   0.0000
 -5.58171757e-02   0.0000
 -1.00058690e-02   0.0000
  1.91867068e-01   0.0000
 -5.11597931e-01   0.0000
  1.23251438e-01   0.0000
 -1.06577623e+00   0.0000
 -4.16747242e-01   0.0000
 -1.87372014e-01   0.0000
  1.08067140e-01   0.0000
 -2.21973002e-01   0.0000
  7.76878968e-02   0.0000
  7.89682567e-01   0.0000
 -2.76138306e-01   0.0000
  3.36633682e-01   0.0000
  1.20643564e-01   0.0000
  2.37407982e-01   0.0000
 -1.42344132e-01   0.0000
 -7.97510922e-01   0.0000
  1.14288768e-02   0.0000
 -1.42681822e-01   0.0000
 -4.68091607e-01   0.0000
 -3.24619740e-01   0.0000
 -2.12107208e-02   0.0000
  1.37283012e-01   0.0000
  1.03404429e-02   0.0000
 -2.45797858e-01   0.0000
 -2.58261990e-03   0.0000
  5.88969328e-02   0.0000
  2.37729549e-01   0.0000
 -1.23433828e+00   0.0000
 -5.15287220e-01   0.0000
 -1.08122274e-01   0.0000
  4.57271449e-02   0.0000
  1.29150927e-01   0.0000
 -1.69990927e-01   0.0000
  6.80085182e-01   0.0000
  6.69318717e-03   0.0000
 -4.71940011e-01   0.0000
  8.76305625e-03   0.0000
  1.86750144e-01   0.0000
  2.46274602e-02   0.0000
 -8.48936379e-01   0.0000
 -1.34361222e-01   0.0000
 -4.29613858e-01   0.0000
  4.08071250e-01   0.0000
 -2.35850122e-02   0.0000
 -3.49472880e-01   0.0000
 -1.44488841e-01   0.0000
 -5.17783985e-02   0.0000
  7.89362192e-02   0.0000
  2.35416442e-01   0.0000
 -7.65361078e-03   0.0000
  4.82558794e-02   0.0000
 -1.06954873e+00   0.0000
 -6.24227941e-01   0.0000
  2.22347379e-01   0.0000
 -1.47503600e-01   0.0000
 -6.96392776e-03   0.0000
  1.67090029e-01   0.0000
  7.26889193e-01   0.0000
 -1.68018714e-01   0.0000
 -4.73359346e-01   0.0000
  1.08238228e-01   0.0000
  1.06940158e-01   0.0000
  1.51370596e-02   0.0000
 -7.65318394e-01   0.0000
 -1.22416385e-01   0.0000
 -3.05161387e-01   0.0000
  6.20767951e-01   0.0000
  5.72453253e-02   0.0000
 -3.35608274e-01   0.0000
 -3.72627452e-02   0.0000
  4.08768654e-01   0.0000
  6.85060859e-01   0.0000
  1.86746192e+00   0.0000
 -1.18212628e+00   0.0000
 -1.23783851e+00   0.0000
  1.12827815e-01   0.0000
 -3.97254914e-01   0.0000
  7.36911058e-01   0.0000
  9.30895582e-02   0.0000
 -4.66477811e-01   0.0000
 -2.56542563e-01   0.0000
 -4.86971885e-01   0.0000
 -2.89889425e-01   0.0000
 -5.38129926e-01   0.0000
  5.77465177e-01   0.0000
 -4.28113669e-01   0.0000
  4.33117032e-01   0.0000
  6.65773869e-01   0.0000
 -9.76535976e-01   0.0000
  2.34270722e-01   0.0000
 -1.99116421e+00   0.0000
  1.51669409e-03   0.0000
 -1.63496897e-01   0.0000
 -3.17583591e-01   0.0000
  3.39655489e-01   0.0000
  4.50195462e-01   0.0000
  1.46357432e-01   0.0000
 -1.52632117e+00   0.0000
  1.06689734e-02   0.0000
 -9.11839187e-01   0.0000
  4.54894930e-01   0.0000
  6.05197132e-01   0.0000
  4.46513712e-01   0.0000
 -1.31076485e-01   0.0000
 -3.45010400e-01   0.0000
 -1.44248575e-01   0.0000
  3.34009575e-03   0.0000
 -2.91746616e-01   0.0000
  3.25888783e-01   0.0000
 -1.17625371e-01   0.0000
  3.51173729e-01   0.0000
  1.27910942e-01   0.0000
 -5.52046478e-01   0.0000
  8.60340834e-01   0.0000
 -1.58508182e-01   0.0000
 -9.69208851e-02   0.0000
  1.32097661e+00   0.0000
  5.41340560e-02   0.0000
  1.91017136e-01   0.0000
  4.52652156e-01   0.0000
 -3.44332457e-01   0.0000
 -1.26091933e+00   0.0000
  7.34010100e-01   0.0000
 -1.08776152e+00   0.0000
  5.33820510e-01   0.0000
  3.66349399e-01   0.0000
  9.72731486e-02   0.0000
 -3.26694906e-01   0.0000
 -2.56076425e-01   0.0000
  2.15853676e-01   0.0000
  5.78102022e-02   0.0000
 -7.25821733e-01   0.0000
  1.08685389e-01   0.0000
 -8.70356932e-02   0.0000
  4.18081313e-01   0.0000
 -5.44580579e-01   0.0000
 -3.57969046e-01   0.0000
  1.04014528e+00   0.0000
  1.16247261e+00   0.0000
  1.40119255e-01   0.0000
  1.25563884e+00   0.0000
 -2.14649528e-01   0.0000
  4.79170643e-02   0.0000
  3.47813219e-01   0.0000
 -6.76023215e-02   0.0000
  1.88902408e-01   0.0000
  4.76003528e-01   0.0000
 -9.96619403e-01   0.0000
  4.79339600e-01   0.0000
  3.93876672e-01   0.0000
  1.72770619e-02   0.0000
 -3.73563290e-01   0.0000
  5.06241955e-02   0.0000
 -1.38546601e-01   0.0000
  2.97096759e-01   0.0000
 -7.54062474e-01   0.0000
  3.54028612e-01   0.0000
  2.34876737e-01   0.0000
  4.60928887e-01   0.0000
 -5.66811204e-01   0.0000
 -1.74028814e-01   0.0000
  7.00901330e-01   0.0000
  1.06933069e+00   0.0000
 -2.86149889e-01   0.0000
  2.48677626e-01   0.0000
 -3.17043275e-01   0.0000
 -1.47661313e-01   0.0000
 -5.08240834e-02   0.0000
  5.43757915e-01   0.0000
  5.02466142e-01   0.0000
  5.17558336e-01   0.0000
 -3.25509042e-01   0.0000
  1.82609886e-01   0.0000
  8.40400383e-02   0.0000
 -1.16583169e-01   0.0000
 -4.21968639e-01   0.0000
 -1.45384669e-01   0.0000
 -9.58225802e-02   0.0000
  2.63541639e-01   0.0000
 -1.02313840e+00   0.0000
 -1.34437338e-01   0.0000
 -6.24388307e-02   0.0000
  6.80008471e-01   0.0000
 -5.76011360e-01   0.0000
  1.93888322e-01   0.0000
  3.04867148e-01   0.0000
  4.25294548e-01   0.0000
 -2.18547300e-01   0.0000
 -4.91550684e-01   0.0000
 -7.82582313e-02   0.0000
 -9.04141143e-02   0.0000
  1.51596650e-01   0.0000
  7.26036489e-01   0.0000
  5.90082347e-01   0.0000
  3.33584994e-01   0.0000
 -5.34468293e-01   0.0000
  5.17435521e-02   0.0000
  7.29966238e-02   0.0000
  1.71070695e-02   0.0000
 -1.59499094e-01   0.0000
 -2.66317636e-01   0.0000
 -3.66792321e-01   0.0000
 -1.36546940e-01   0.0000
 -1.13181317e+00   0.0000
  1.85254887e-01   0.0000
  2.24363402e-01   0.0000
  1.73112631e-01   0.0000
 -5.32198012e-01   0.0000
  2.72036195e-01   0.0000
  1.27999589e-01   0.0000
  4.93241370e-01   0.0000
  2.56855623e-03   0.0000
 -5.86893260e-01   0.0000
 -2.20372662e-01   0.0000
  2.42416829e-01   0.0000
 -2.46888056e-01   0.0000
  7.25002229e-01   0.0000
  2.30700955e-01   0.0000
  4.36160773e-01   0.0000
 -6.10483587e-01   0.0000
  6.10519648e-02   0.0000
  1.02136202e-01   0.0000
  9.68114361e-02   0.0000
 -2.17633948e-01   0.0000
  8.71956050e-02   0.0000
 -3.67072225e-01   0.0000
  1.71165645e-01   0.0000
 -6.57269239e-01   0.0000
  2.07698971e-01   0.0000
 -2.32536867e-02   0.0000
  9.80768204e-02   0.0000
 -4.41360027e-01   0.0000
 -1.22214481e-01   0.0000
 -1.73879236e-01   0.0000
  4.22586828e-01   0.0000
  8.05339441e-02   0.0000
 -9.21085119e-01   0.0000
 -1.83991969e-01   0.0000
  2.04736128e-01   0.0000
 -1.64394043e-02   0.0000
  4.80591327e-01   0.0000
 -2.06709132e-02   0.0000
  2.21603423e-01   0.0000
 -1.81896836e-01   0.0000
  7.68932626e-02   0.0000
  2.09922120e-01   0.0000
 -4.35635541e-03   0.0000
  2.46594008e-03   0.0000
  1.92919835e-01   0.0000
 -1.48632407e-01   0.0000
  9.21767578e-02   0.0000
 -5.14954865e-01   0.0000
 -7.53002688e-02   0.0000
  1.68915272e-01   0.0000
  2.41588458e-01   0.0000
 -1.21809639e-01   0.0000
 -2.98930585e-01   0.0000
 -2.63104916e-01   0.0000
  5.04867971e-01   0.0000
  1.44499525e-01   0.0000
 -6.81694269e-01   0.0000
  9.16082263e-02   0.0000
 -7.05357254e-01   0.0000
 -1.73397481e-01   0.0000
  1.50521350e+00   0.0000
 -3.30807358e-01   0.0000
  3.88966113e-01   0.0000
  6.04972363e-01   0.0000
 -2.05001757e-01   0.0000
 -1.42021239e+00   0.0000
  9.48890299e-02   0.0000
  9.69158411e-01   0.0000
  3.92358631e-01   0.0000
  1.17004716e+00   0.0000
  5.99486709e-01   0.0000
  1.38240850e+00   0.0000
 -9.96015191e-01   0.0000
  4.14933634e+00   0.0000
 -6.06290150e+00   0.0000
  3.58918726e-01   0.0000
  4.88879442e-01   0.0000
 -5.59948087e-01   0.0000
  1.16475928e+00   0.0000
  6.82464063e-01   0.0000
  3.10675502e+00   0.0000
 -5.83556831e-01   0.0000
 -7.82190979e-01   0.0000
  7.40612447e-02   0.0000
 -1.30592906e+00   0.0000
 -1.13499522e+00   0.0000
 -3.19876283e-01   0.0000
 -1.39646947e-01   0.0000
  4.83888417e-01   0.0000
 -1.00974095e+00   0.0000
 -1.02921009e-01   0.0000
  1.25166047e+00   0.0000
  5.12539744e-01   0.0000
  8.45969796e-01   0.0000
  7.14965940e-01   0.0000
  2.18187600e-01   0.0000
 -1.04525614e+00   0.0000
  3.36838436e+00   0.0000
 -3.23918748e+00   0.0000
  3.44632030e-01   0.0000
  4.36219990e-01   0.0000
 -1.49372220e+00   0.0000
 -1.58721495e+00   0.0000
  6.90724969e-01   0.0000
  1.32251501e-01   0.0000
 -6.87865615e-01   0.0000
 -6.88223839e-01   0.0000
  1.84992284e-01   0.0000
 -2.59317160e-01   0.0000
  4.97986637e-02   0.0000
 -8.62247825e-01   0.0000
 -2.02006674e+00   0.0000
 -2.62501359e-01   0.0000
 -9.36524034e-01   0.0000
  2.53751457e-01   0.0000
  1.20321238e+00   0.0000
  1.54283002e-01   0.0000
  2.26904064e-01   0.0000
  3.81698251e-01   0.0000
 -1.45441031e+00   0.0000
 -6.43252075e-01   0.0000
  1.22938907e+00   0.0000
 -1.43509340e+00   0.0000
  4.37822551e-01   0.0000
 -3.83079201e-02   0.0000
 -8.15954149e-01   0.0000
 -3.60635996e-01   0.0000
  3.12012643e-01   0.0000
 -1.52746916e+00   0.0000
 -7.40480602e-01   0.0000
 -2.08884895e-01   0.0000
  5.47114387e-02   0.0000
 -5.74553758e-02   0.0000
  7.06106663e-01   0.0000
 -1.16817868e+00   0.0000
 -1.21628213e+00   0.0000
 -9.03452754e-01   0.0000
 -1.49000198e-01   0.0000
  2.46017233e-01   0.0000
  4.46863085e-01   0.0000
  1.01651423e-01   0.0000
 -3.76878738e-01   0.0000
  8.44457448e-02   0.0000
 -7.34487772e-02   0.0000
 -1.15162723e-01   0.0000
 -1.82925001e-01   0.0000
 -1.90019441e+00   0.0000
  5.76546311e-01   0.0000
 -2.84736454e-01   0.0000
 -1.99893296e-01   0.0000
  8.42236355e-02   0.0000
  2.92570919e-01   0.0000
  4.16578144e-01   0.0000
 -4.51388687e-01   0.0000
  6.66987002e-02   0.0000
 -2.58567538e-02   0.0000
  1.81331977e-01   0.0000
  1.97457731e-01   0.0000
 -1.00720930e+00   0.0000
 -6.02869213e-01   0.0000
 -5.59775412e-01   0.0000
 -3.86145175e-01   0.0000
  6.07404821e-02   0.0000
  1.22309387e-01   0.0000
  1.95644453e-01   0.0000
 -1.17090380e+00   0.0000
  2.31132835e-01   0.0000
  7.41817832e-01   0.0000
  1.48807779e-01   0.0000
 -3.92273843e-01   0.0000
 -2.90177417e+00   0.0000
  4.65616435e-01   0.0000
  5.42230964e-01   0.0000
  3.48106086e-01   0.0000
 -5.00927925e-01   0.0000
  9.95599627e-02   0.0000
  1.61306691e+00   0.0000
 -3.13369483e-01   0.0000
  3.40121277e-02   0.0000
  4.91414294e-02   0.0000
  1.90988988e-01   0.0000
 -8.42649579e-01   0.0000
 -4.82177973e-01   0.0000
 -1.36799359e+00   0.0000
 -5.94097078e-01   0.0000
 -2.05021072e-02   0.0000
  6.63470179e-02   0.0000
  1.10283807e-01   0.0000
 -1.53848633e-01   0.0000
 -1.04756701e+00   0.0000
 -3.73080298e-02   0.0000
  2.25561395e-01   0.0000
 -1.30440518e-01   0.0000
  1.90240279e-01   0.0000
 -2.63806462e+00   0.0000
 -1.15622178e-01   0.0000
  3.58182311e-01   0.0000
  1.65537402e-01   0.0000
 -1.05190587e+00   0.0000
  3.48641068e-01   0.0000
  1.01648700e+00   0.0000
 -3.08351994e-01   0.0000
 -1.41547352e-01   0.0000
  1.54199246e-02   0.0000
  7.64077365e-01   0.0000
 -8.33454251e-01   0.0000
  1.07922383e-01   0.0000
 -1.95151412e+00   0.0000
 -1.52621165e-01   0.0000
  1.07840486e-02   0.0000
  8.21206570e-02   0.0000
  2.38122791e-01   0.0000
 -1.16018705e-01   0.0000
 -4.17054653e-01   0.0000
 -1.65264979e-01   0.0000
 -1.23324645e+00   0.0000
  9.72734988e-02   0.0000
  2.27619559e-01   0.0000
 -1.91316617e+00   0.0000
  2.61931777e-01   0.0000
  3.68831187e-01   0.0000
 -6.06149510e-02   0.0000
 -7.69402087e-01   0.0000
  8.49324614e-02   0.0000
 -9.32568550e-01   0.0000
  6.79044276e-02   0.0000
  2.13986441e-01   0.0000
  1.33785471e-01   0.0000
  4.51070994e-01   0.0000
 -2.40353137e-01   0.0000
  1.60088256e-01   0.0000
 -1.91856456e+00   0.0000
 -2.45783791e-01   0.0000
 -2.84946173e-01   0.0000
  1.39465243e-01   0.0000
  2.50741303e-01   0.0000
  2.17343471e-03   0.0000
 -3.65390271e-01   0.0000
 -4.26448286e-02   0.0000
 -1.13545215e+00   0.0000
 -1.97501287e-01   0.0000
  1.81013793e-01   0.0000
 -1.01584280e+00   0.0000
 -4.51233983e-02   0.0000
 -1.11172684e-01   0.0000
 -7.31059304e-03   0.0000
 -4.73205149e-01   0.0000
  1.19396895e-01   0.0000
 -1.69566131e+00   0.0000
 -2.34498665e-01   0.0000
  2.18728349e-01   0.0000
 -2.37736404e-01   0.0000
 -5.19384921e-01   0.0000
 -1.20640278e+00   0.0000
  1.32239592e+00   0.0000
 -1.07264280e-01   0.0000
  8.89937103e-01   0.0000
 -1.23599851e+00   0.0000
 -7.53375217e-02   0.0000
 -7.43973434e-01   0.0000
 -5.49483478e-01   0.0000
 -2.75012434e-01   0.0000
  7.38317370e-01   0.0000
 -2.21079662e-01   0.0000
  4.24844414e-01   0.0000
  3.64231086e+00   0.0000
  6.64418936e-01   0.0000
  4.60826218e-01   0.0000
 -3.75102341e-01   0.0000
  9.53486443e-01   0.0000
 -5.97348571e-01   0.0000
  3.81934255e-01   0.0000
 -1.30858332e-01   0.0000
 -3.12065721e-01   0.0000
  2.24665403e-02   0.0000
 -6.96850643e-02   0.0000
  3.48840773e-01   0.0000
 -4.64876056e-01   0.0000
  2.86627084e-01   0.0000
  1.23561084e+00   0.0000
  3.01546812e-01   0.0000
 -1.26732755e+00   0.0000
 -2.72440374e-01   0.0000
 -1.57206297e-01   0.0000
 -4.72452432e-01   0.0000
  3.10059696e-01   0.0000
  6.51919425e-01   0.0000
 -5.26660502e-01   0.0000
  4.76175189e-01   0.0000
  1.77405894e+00   0.0000
 -2.73964601e-03   0.0000
  2.61321664e-01   0.0000
  8.37811172e-01   0.0000
  8.86045918e-02   0.0000
  1.30732059e+00   0.0000
  5.79781830e-01   0.0000
  1.48754433e-01   0.0000
  7.60161430e-02   0.0000
 -3.76600116e-01   0.0000
  3.20488364e-01   0.0000
 -4.10479367e-01   0.0000
  9.98215616e-01   0.0000
 -5.44155836e-01   0.0000
 -4.03105736e-01   0.0000
  3.63246143e-01   0.0000
 -8.67323458e-01   0.0000
 -3.96185480e-02   0.0000
 -1.54713511e-01   0.0000
 -1.00743741e-01   0.0000
  4.52644080e-01   0.0000
 -1.45876810e-01   0.0000
 -1.67717981e+00   0.0000
  6.81226134e-01   0.0000
  3.02690327e-01   0.0000
 -5.82203865e-01   0.0000
  4.63381886e-01   0.0000
  1.33408880e+00   0.0000
 -3.56675386e-01   0.0000
  1.01130807e+00   0.0000
  2.40649775e-01   0.0000
 -3.42632324e-01   0.0000
 -4.80700582e-02   0.0000
 -9.22853649e-02   0.0000
  3.66989434e-01   0.0000
 -1.74869585e+00   0.0000
 -8.67460072e-01   0.0000
 -1.21579254e+00   0.0000
 -7.11462975e-01   0.0000
  1.45669758e+00   0.0000
 -4.78078365e-01   0.0000
 -3.05468231e-01   0.0000
 -3.71176958e-01   0.0000
 -3.31329435e-01   0.0000
  7.97213495e-01   0.0000
 -2.73495108e-01   0.0000
 -8.62632394e-01   0.0000
  3.48034948e-01   0.0000
 -7.98538774e-02   0.0000
 -3.53494793e-01   0.0000
  1.58454105e-01   0.0000
  7.72616267e-01   0.0000
 -3.73224495e-03   0.0000
 -7.64661133e-01   0.0000
  3.45862240e-01   0.0000
 -8.24963212e-01   0.0000
 -1.35967270e-01   0.0000
  1.87986329e-01   0.0000
 -1.31636381e-01   0.0000
  1.97198913e-01   0.0000
  2.80561537e-01   0.0000
 -1.06559503e+00   0.0000
 -2.02887043e-01   0.0000
  1.09707832e+00   0.0000
 -2.25518256e-01   0.0000
  2.63120304e-03   0.0000
 -1.35797098e-01   0.0000
  6.89807758e-02   0.0000
  1.36836424e-01   0.0000
 -2.17269853e-01   0.0000
 -4.56588179e-01   0.0000
  5.10109782e-01   0.0000
  4.52551305e-01   0.0000
  1.66983628e+00   0.0000
  3.44413191e-01   0.0000
  2.89933026e-01   0.0000
  1.90433320e-02   0.0000
 -3.74456853e-01   0.0000
  3.15428413e-02   0.0000
 -1.91697097e+00   0.0000
  1.60818607e-01   0.0000
  9.44361240e-02   0.0000
  1.89731494e-01   0.0000
 -1.88539065e-02   0.0000
  1.20335329e+00   0.0000
 -2.89967328e-01   0.0000
 -3.24409790e-02   0.0000
 -5.69874747e-03   0.0000
 -4.41498965e-01   0.0000
 -3.36958282e-02   0.0000
 -3.07476312e-01   0.0000
 -2.06076890e-01   0.0000
 -2.83290949e-02   0.0000
 -4.45330054e-01   0.0000
  8.36469457e-02   0.0000
  1.76956087e-01   0.0000
  1.18864822e+00   0.0000
  1.56060207e+00   0.0000
  7.60864019e-02   0.0000
 -1.26751766e-01   0.0000
  1.39447287e-01   0.0000
  3.75619411e-01   0.0000
  1.56992808e-01   0.0000
 -7.01366961e-01   0.0000
  1.92076474e-01   0.0000
  2.17914000e-01   0.0000
 -9.13094059e-02   0.0000
 -1.04662430e+00   0.0000
  7.37121820e-01   0.0000
  7.72854164e-02   0.0000
  7.59160519e-01   0.0000
 -7.62368083e-01   0.0000
 -4.26734358e-01   0.0000
  9.53675434e-02   0.0000
  9.98660326e-02   0.0000
  1.37499064e-01   0.0000
 -6.47966564e-01   0.0000
 -2.08727881e-01   0.0000
  2.62608916e-01   0.0000
 -2.43166983e-01   0.0000
  1.09154606e+00   0.0000
  6.98144794e-01   0.0000
 -3.14130411e-02   0.0000
  2.99443185e-01   0.0000
  1.20003298e-01   0.0000
 -3.13268840e-01   0.0000
  3.14194053e-01   0.0000
  6.26601219e-01   0.0000
 -9.67096388e-02   0.0000
 -1.52920753e-01   0.0000
 -1.26522006e-02   0.0000
 -1.06683445e+00   0.0000
  1.81716174e-01   0.0000
  1.09169371e-01   0.0000
  8.39297891e-01   0.0000
 -7.84124255e-01   0.0000
  4.12852429e-02   0.0000
  1.67349309e-01   0.0000
  1.69093281e-01   0.0000
 -2.43838727e-02   0.0000
 -6.33983791e-01   0.0000
  2.37460405e-01   0.0000
 -1.86594576e-02   0.0000
  5.45515716e-02   0.0000
  7.04983771e-01   0.0000
  1.15393978e-02   0.0000
 -3.61775532e-02   0.0000
  7.14497924e-01   0.0000
  5.99575102e-01   0.0000
 -2.43843570e-01   0.0000
 -1.35767132e-01   0.0000
  8.98308337e-01   0.0000
  2.25924179e-01   0.0000
  2.29494512e-01   0.0000
  7.69525468e-01   0.0000
 -2.99451613e+00   0.0000
 -4.05780363e+00   0.0000
 -1.06916177e+00   0.0000
 -4.45457697e-02   0.0000
  7.91078269e-01   0.0000
  4.99026418e-01   0.0000
  8.84290516e-01   0.0000
  6.60158336e-01   0.0000
 -1.02563843e-01   0.0000
  4.17175865e+00   0.0000
  1.03904772e+00   0.0000
  1.13466942e+00   0.0000
  2.61512756e-01   0.0000
  1.12862968e+00   0.0000
 -3.42478108e+00   0.0000
  5.66433482e-02   0.0000
 -4.68315697e+00   0.0000
  1.32428585e-02   0.0000
 -8.42121601e+00   0.0000
  4.09466177e-02   0.0000
  2.56562442e-01   0.0000
 -9.17834759e-01   0.0000
 -8.17802548e-02   0.0000
  2.04120815e-01   0.0000
  6.58793077e-02   0.0000
  4.95332748e-01   0.0000
  4.01508301e-01   0.0000
  1.06280960e-01   0.0000
  2.54933238e-01   0.0000
 -8.14156294e-01   0.0000
  2.24582806e-01   0.0000
 -2.36976027e-01   0.0000
 -7.61790797e-02   0.0000
 -4.72499013e-01   0.0000
  2.12030977e-01   0.0000
 -1.61247641e-01   0.0000
 -7.36609660e-03   0.0000
  3.70796502e-01   0.0000
  5.13620377e-01   0.0000
  6.11583181e-02   0.0000
 -4.87317771e-01   0.0000
 -6.65270463e-02   0.0000
 -4.23167527e-01   0.0000
  1.67372257e-01   0.0000
  2.96177238e-01   0.0000
 -1.81755736e-01   0.0000
 -2.06382340e-03   0.0000
 -4.26166981e-01   0.0000
 -7.32118264e-02   0.0000
 -7.30780303e-01   0.0000
 -5.94428599e-01   0.0000
 -2.35888004e-01   0.0000
 -8.65850076e-02   0.0000
  1.46280396e+00   0.0000
 -1.07084036e-01   0.0000
  6.77519202e-01   0.0000
 -9.22877118e-02   0.0000
  7.22162485e-01   0.0000
  5.57809435e-02   0.0000
  4.28277135e-01   0.0000
  6.78045750e-01   0.0000
 -7.31949508e-01   0.0000
 -7.17076600e-01   0.0000
 -1.28777608e-01   0.0000
  5.78498185e-01   0.0000
  1.00423552e-01   0.0000
  4.76920009e-02   0.0000
  1.35351971e-01   0.0000
 -4.27245528e-01   0.0000
 -1.37828827e-01   0.0000
 -9.52016115e-01   0.0000
  1.59736827e-01   0.0000
  1.16656847e-01   0.0000
 -1.33476782e+00   0.0000
  6.45535946e-01   0.0000
 -6.20350957e-01   0.0000
 -9.11364734e-01   0.0000
  3.35365534e+00   0.0000
  3.36947471e-01   0.0000
 -1.65235960e+00   0.0000
  1.14167118e+00   0.0000
  1.35288727e+00   0.0000
  4.41628039e-01   0.0000
  1.28777766e+00   0.0000
  3.09450805e-01   0.0000
  4.81170297e-01   0.0000
 -1.74218059e+00   0.0000
 -1.18090816e-01   0.0000
  2.11064413e-01   0.0000
  1.66794837e+00   0.0000
 -1.21512949e-01   0.0000
  3.39165390e-01   0.0000
 -1.06413198e+00   0.0000
 -4.19796705e-02   0.0000
 -1.07700789e+00   0.0000
  1.36706924e+00   0.0000
  2.31770743e-02   0.0000
 -1.19862008e+00   0.0000
 -2.73652673e-01   0.0000
 -5.22774577e-01   0.0000
 -1.05478263e+00   0.0000
  2.80509830e+00   0.0000
 -7.70712495e-02   0.0000
 -9.18431878e-01   0.0000
  8.37295115e-01   0.0000
  7.30709732e-01   0.0000
  6.06887460e-01   0.0000
  1.33254921e+00   0.0000
 -1.11924756e+00   0.0000
 -3.55663784e-02   0.0000
 -1.53943157e+00   0.0000
 -2.20951825e-01   0.0000
 -2.98789799e-01   0.0000
  1.44231308e+00   0.0000
  6.36302233e-02   0.0000
 -6.61505237e-02   0.0000
 -4.18878138e-01   0.0000
 -2.61706650e-01   0.0000
  9.32037234e-02   0.0000
  1.81713685e-01   0.0000
  5.67881048e-01   0.0000
  7.58442938e-01   0.0000
  6.82801247e-01   0.0000
  6.25103116e-01   0.0000
  4.15374398e-01   0.0000
 -1.04673135e+00   0.0000
  2.84154803e-01   0.0000
  3.12672496e-01   0.0000
 -3.98898810e-01   0.0000
  5.72473370e-02   0.0000
 -2.97991395e-01   0.0000
 -4.12648827e-01   0.0000
  1.69752896e-01   0.0000
  1.01934087e+00   0.0000
  2.97610927e+00   0.0000
  1.91280097e-01   0.0000
 -2.38820046e-01   0.0000
 -6.35926425e-01   0.0000
 -1.56201005e-01   0.0000
 -2.17002891e-02   0.0000
  7.51601756e-02   0.0000
  3.89136136e-01   0.0000
  1.06523681e+00   0.0000
  2.13533863e-01   0.0000
 -6.06462300e-01   0.0000
  1.46399498e+00   0.0000
 -5.50760210e-01   0.0000
  7.00883865e-01   0.0000
  7.13751018e-01   0.0000
 -2.56457806e+00   0.0000
 -2.96234012e-01   0.0000
  4.75352049e-01   0.0000
 -1.20649779e+00   0.0000
 -9.34627235e-01   0.0000
 -5.58795035e-01   0.0000
 -1.25900149e+00   0.0000
  2.09396434e+00   0.0000
 -2.03204489e+00   0.0000
 -1.87539804e+00   0.0000
  5.54710805e-01   0.0000
 -3.18615258e-01   0.0000
 -1.12560618e+00   0.0000
  3.70148242e-01   0.0000
 -2.52046168e-01   0.0000
  7.03863621e-01   0.0000
  4.80386227e-01   0.0000
  7.04708219e-01   0.0000
  4.08664495e-01   0.0000
 -2.07901165e-01   0.0000
  9.19142365e-01   0.0000
  5.63518643e-01   0.0000
  3.39865714e-01   0.0000
  7.50116289e-01   0.0000
 -2.59900641e+00   0.0000
  1.28689334e-01   0.0000
  1.09134948e+00   0.0000
 -1.68162394e+00   0.0000
 -1.02491832e+00   0.0000
 -3.28067452e-01   0.0000
 -7.77980149e-01   0.0000
 -8.42856228e-01   0.0000
 -1.66053212e+00   0.0000
  1.33464730e+00   0.0000
  3.25959742e-01   0.0000
 -4.84439313e-01   0.0000
 -1.11877286e+00   0.0000
  2.91560441e-01   0.0000
 -3.45545501e-01   0.0000
  7.86753416e-01   0.0000
  2.10874170e-01   0.0000
 -1.07654795e-01   0.0000
  1.92025363e-01   0.0000
 -5.79738729e-02   0.0000
 -7.02104643e-02   0.0000
 -8.65437210e-01   0.0000
 -4.39858958e-02   0.0000
 -5.98058701e-02   0.0000
  4.89132673e-01   0.0000
 -3.47432882e-01   0.0000
 -1.68058485e-01   0.0000
 -1.56805515e-01   0.0000
  4.32283252e-01   0.0000
 -6.92878142e-02   0.0000
  2.31868997e-01   0.0000
  1.64244324e-01   0.0000
  7.96210527e-01   0.0000
 -3.51440050e-02   0.0000
 -3.06119155e-02   0.0000
  1.80892259e-01   0.0000
  4.73400623e-01   0.0000
 -7.37322047e-02   0.0000
  5.04702004e-03   0.0000
 -6.29801691e-01   0.0000
 -1.73821002e-01   0.0000
 -2.68258572e-01   0.0000
  5.39846778e-01   0.0000
  2.57426590e-01   0.0000
 -1.41354248e-01   0.0000
 -1.01533151e+00   0.0000
 -1.26639560e-01   0.0000
  2.81886995e-01   0.0000
  9.07652915e-01   0.0000
 -3.37782413e-01   0.0000
 -1.08715534e-01   0.0000
 -1.00371845e-01   0.0000
  9.71036077e-01   0.0000
  8.93041939e-02   0.0000
  4.37447637e-01   0.0000
  2.10711658e-01   0.0000
  6.04908645e-01   0.0000
  8.66321862e-01   0.0000
  3.25663984e-01   0.0000
 -1.58762082e-01   0.0000
  4.05742228e-01   0.0000
  1.39030740e-01   0.0000
 -1.95433229e-01   0.0000
 -8.18157554e-01   0.0000
  1.42947271e-01   0.0000
 -2.65025347e-01   0.0000
 -3.02158982e-01   0.0000
 -3.65616620e-01   0.0000
 -1.01030934e+00   0.0000
  1.39271300e-02   0.0000
  1.09277211e-01   0.0000
 -6.48225248e-01   0.0000
  1.84660709e+00   0.0000
  1.46724790e-01   0.0000
  2.98689932e-01   0.0000
  3.45946215e-02   0.0000
  7.09990203e-01   0.0000
 -6.89093694e-02   0.0000
  4.62733954e-01   0.0000
 -3.31331015e-01   0.0000
 -6.25205398e-01   0.0000
 -5.12325466e-01   0.0000
 -3.22068751e-01   0.0000
  2.51982778e-01   0.0000
  2.50352830e-01   0.0000
  5.39834797e-02   0.0000
 -1.78059027e-01   0.0000
 -8.57031941e-01   0.0000
  9.20869119e-04   0.0000
 -1.38883799e-01   0.0000
 -3.39884013e-01   0.0000
 -2.47804612e-01   0.0000
 -3.61017019e-01   0.0000
 -5.21505296e-01   0.0000
  9.45845768e-02   0.0000
  4.21643630e-02   0.0000
  1.03470612e+00   0.0000
 -1.59016714e-01   0.0000
  3.27922970e-01   0.0000
  2.84094453e-01   0.0000
  6.88874722e-01   0.0000
  1.05075538e-01   0.0000
  1.46078125e-01   0.0000
  3.95267345e-02   0.0000
 -2.91326642e-01   0.0000
  4.73418385e-02   0.0000
 -5.35507547e-03   0.0000
  2.43080467e-01   0.0000
  4.83038038e-01   0.0000
  3.05394858e-01   0.0000
 -2.98063736e-02   0.0000
 -4.20036197e-01   0.0000
 -9.10421833e-02   0.0000
 -3.21457535e-01   0.0000
 -1.26099763e-02   0.0000
  7.31713593e-01   0.0000
 -5.12609363e-01   0.0000
  4.77488726e-01   0.0000
 -4.89887595e-01   0.0000
 -5.21441817e-01   0.0000
  1.58097994e+00   0.0000
  4.05346416e-03   0.0000
  3.75524312e-01   0.0000
 -6.25086129e-02   0.0000
  1.03833306e+00   0.0000
  1.86518863e-01   0.0000
  9.16604698e-01   0.0000
 -1.07898664e+00   0.0000
 -1.74525630e+00   0.0000
 -2.65068650e+00   0.0000
 -6.52623832e-01   0.0000
  8.56928647e-01   0.0000
  2.78518975e-01   0.0000
  5.58768995e-02   0.0000
  3.71970832e-01   0.0000
 -7.32597351e-01   0.0000
 -3.44369441e-01   0.0000
  2.01414675e-01   0.0000
 -3.53797883e-01   0.0000
 -2.62328684e-01   0.0000
  1.55981600e-01   0.0000
 -1.20620728e+00   0.0000
  5.14010727e-01   0.0000
  1.31305218e-01   0.0000
  9.36670363e-01   0.0000
 -1.34363130e-01   0.0000
  6.40978098e-01   0.0000
 -2.43300304e-01   0.0000
  5.91267645e-01   0.0000
 -5.00760078e-01   0.0000
 -7.79922754e-02   0.0000
  5.42540997e-02   0.0000
 -4.66789901e-01   0.0000
  1.71026969e+00   0.0000
  3.12671751e-01   0.0000
 -9.45826918e-02   0.0000
  6.24923520e-02   0.0000
  4.61271644e-01   0.0000
 -6.61136210e-02   0.0000
 -2.40216881e-01   0.0000
  6.27888262e-01   0.0000
  6.75561190e-01   0.0000
 -9.57115531e-01   0.0000
 -9.48791578e-02   0.0000
  4.61646527e-01   0.0000
 -1.18292427e+00   0.0000
  5.94876468e-01   0.0000
  4.52784687e-01   0.0000
 -9.57523525e-01   0.0000
  1.17702752e-01   0.0000
 -2.07137242e-01   0.0000
 -1.24702322e+00   0.0000
 -1.02773511e+00   0.0000
 -3.13442111e-01   0.0000
 -5.48864663e-01   0.0000
  1.26117730e+00   0.0000
 -6.79617047e-01   0.0000
  9.33812976e-01   0.0000
  6.11254722e-02   0.0000
 -3.07147592e-01   0.0000
 -7.43693471e-01   0.0000
  1.57124579e-01   0.0000
 -1.72948092e-01   0.0000
  8.29762876e-01   0.0000
  7.26324201e-01   0.0000
 -4.87444177e-02   0.0000
 -2.47464683e-02   0.0000
  1.12214722e-01   0.0000
  6.73429012e-01   0.0000
  6.06627427e-02   0.0000
 -2.80347690e-02   0.0000
  5.01158535e-01   0.0000
 -8.49414289e-01   0.0000
  1.70753673e-01   0.0000
  3.84791270e-02   0.0000
 -2.66458154e-01   0.0000
 -1.64892405e-01   0.0000
  1.55459821e-01   0.0000
 -3.61219943e-01   0.0000
  3.25363606e-01   0.0000
  3.03803355e-01   0.0000
  2.64494628e-01   0.0000
  2.69245625e-01   0.0000
 -9.55665335e-02   0.0000
 -5.40475130e-01   0.0000
  6.78155571e-02   0.0000
  5.36974184e-02   0.0000
  1.78019553e-01   0.0000
 -7.12330863e-02   0.0000
  1.18812299e+00   0.0000
 -1.17126954e+00   0.0000
 -1.18880957e-01   0.0000
  1.41579068e+00   0.0000
 -3.71385217e-02   0.0000
  8.11796367e-01   0.0000
  7.71921217e-01   0.0000
 -1.60876071e+00   0.0000
 -8.25188458e-02   0.0000
  9.65803325e-01   0.0000
 -1.19179273e+00   0.0000
 -2.68487883e+00   0.0000
 -7.97931433e-01   0.0000
 -1.37046754e+00   0.0000
  7.58023620e-01   0.0000
 -1.06704164e+00   0.0000
  1.34900463e+00   0.0000
  1.29092783e-01   0.0000
 -4.28837687e-01   0.0000
 -1.51350772e+00   0.0000
  2.10007995e-01   0.0000
 -9.91566628e-02   0.0000
  1.94673395e+00   0.0000
  6.09986603e-01   0.0000
 -3.65466736e-02   0.0000
  7.14344978e-01   0.0000
  4.82168943e-01   0.0000
 -1.19660936e-01   0.0000
 -2.52065677e-02   0.0000
  2.64417920e-02   0.0000
  3.75661582e-01   0.0000
 -4.81581926e-01   0.0000
  3.23869407e-01   0.0000
 -1.09909868e+00   0.0000
 -1.80210888e-01   0.0000
  1.65260899e+00   0.0000
  4.52131957e-01   0.0000
  2.31114239e-01   0.0000
 -1.01201749e+00   0.0000
  1.16624427e+00   0.0000
  6.89186156e-01   0.0000
  6.09847978e-02   0.0000
  5.07337525e-02   0.0000
 -3.80659431e-01   0.0000
 -5.81920147e-01   0.0000
  2.49303952e-01   0.0000
 -1.52595818e+00   0.0000
 -6.15033805e-02   0.0000
 -5.47882020e-01   0.0000
  7.59875059e-01   0.0000
 -8.31184164e-02   0.0000
 -1.12545860e+00   0.0000
 -1.20634890e+00   0.0000
 -5.71893871e-01   0.0000
 -5.13173401e-01   0.0000
  9.79400277e-01   0.0000
 -3.42791796e-01   0.0000
 -6.82893217e-01   0.0000
 -3.42745751e-01   0.0000
  4.63566333e-01   0.0000
  4.55310404e-01   0.0000
  1.12764382e+00   0.0000
  1.89977324e+00   0.0000
  4.34952468e-01   0.0000
 -1.11081123e+00   0.0000
 -1.55890107e-01   0.0000
 -3.09213132e-01   0.0000
  4.26448464e-01   0.0000
  3.06243509e-01   0.0000
  1.52535394e-01   0.0000
 -1.10527265e+00   0.0000
 -1.54724363e-02   0.0000
  3.07923883e-01   0.0000
  9.96097550e-02   0.0000
  1.09287655e+00   0.0000
  4.22666252e-01   0.0000
  3.06740224e-01   0.0000
 -1.66402273e-02   0.0000
 -3.43141198e-01   0.0000
 -4.24115360e-01   0.0000
  5.86736679e-01   0.0000
  4.60292816e-01   0.0000
  9.83169615e-01   0.0000
 -9.01087582e-01   0.0000
  1.08267970e-01   0.0000
 -1.51655599e-01   0.0000
  1.85401499e+00   0.0000
  2.44584775e+00   0.0000
 -1.09845090e+00   0.0000
 -7.36528277e-01   0.0000
  1.47309220e+00   0.0000
 -3.46924663e-01   0.0000
 -6.19634867e-01   0.0000
  5.60293257e-01   0.0000
  9.72120583e-01   0.0000
  3.07080597e-01   0.0000
  2.83368111e-01   0.0000
  6.44917488e-01   0.0000
 -4.50433195e-01   0.0000
  3.54135245e-01   0.0000
 -2.01027930e-01   0.0000
 -7.39892125e-02   0.0000
  3.24200422e-01   0.0000
 -6.77405596e-01   0.0000
 -1.64674729e-01   0.0000
  5.72185278e-01   0.0000
 -1.19966304e+00   0.0000
 -5.48819721e-01   0.0000
  1.81121919e-02   0.0000
 -4.11013931e-01   0.0000
  1.85701919e+00   0.0000
  8.57030630e-01   0.0000
  9.29969728e-01   0.0000
  4.19465333e-01   0.0000
 -6.73765361e-01   0.0000
  2.07406841e-02   0.0000
 -2.60281842e-02   0.0000
 -2.66177952e-01   0.0000
  4.53019112e-01   0.0000
  1.73529178e-01   0.0000
 -1.70916450e+00   0.0000
  4.51953232e-01   0.0000
 -1.68467432e-01   0.0000
 -1.92195499e+00   0.0000
  1.34639114e-01   0.0000
 -9.05638099e-01   0.0000
 -9.22810972e-01   0.0000
  2.40728641e+00   0.0000
 -2.16557905e-01   0.0000
 -1.37200153e+00   0.0000
  2.03471112e+00   0.0000
  1.53170288e+00   0.0000
  3.87478679e-01   0.0000
  1.97178793e+00   0.0000
 -3.15284640e-01   0.0000
  1.12521565e+00   0.0000
 -2.85779858e+00   0.0000
 -2.01594383e-01   0.0000
  5.48513949e-01   0.0000
  1.39826822e+00   0.0000
 -7.55293481e-03   0.0000
  8.99607763e-02   0.0000
 -1.03644264e+00   0.0000
 -2.51845926e-01   0.0000
 -1.92520004e-02   0.0000
 -2.03027412e-01   0.0000
  1.21421859e-01   0.0000
 -2.06983775e-01   0.0000
  9.17613208e-01   0.0000
  1.80565447e-01   0.0000
 -1.37941211e-01   0.0000
  1.66969195e-01   0.0000
  1.73128303e-02   0.0000
 -8.29385072e-02   0.0000
  2.55944341e-01   0.0000
 -1.82560384e-01   0.0000
  1.52355582e-01   0.0000
 -1.67024191e-02   0.0000
 -3.47972512e-01   0.0000
 -2.53079176e-01   0.0000
 -6.63368285e-01   0.0000
 -2.04947770e-01   0.0000
  2.95054764e-01   0.0000
  2.41517927e-03   0.0000
 -2.16365546e-01   0.0000
 -2.12760597e-01   0.0000
  5.07413328e-01   0.0000
 -1.59388974e-01   0.0000
  1.84797966e+00   0.0000
 -1.27282548e+00   0.0000
  1.51356816e-01   0.0000
  1.78486025e+00   0.0000
 -7.97620833e-01   0.0000
  8.46738935e-01   0.0000
  7.15178192e-01   0.0000
 -9.29239631e-01   0.0000
 -2.22669709e-02   0.0000
  9.98930514e-01   0.0000
 -1.79793942e+00   0.0000
 -8.72695863e-01   0.0000
 -6.52600229e-01   0.0000
 -1.68615472e+00   0.0000
  3.19267929e-01   0.0000
 -2.79333383e-01   0.0000
  1.45295644e+00   0.0000
  3.73181403e-01   0.0000
  2.07660288e-01   0.0000
 -1.41019273e+00   0.0000
 -1.22752085e-01   0.0000
 -4.42356467e-01   0.0000
  1.09362578e+00   0.0000
  6.90789044e-01   0.0000
  2.66407609e-01   0.0000
 -1.86833292e-01   0.0000
  4.75832000e-02   0.0000
  6.95835520e-03   0.0000
 -3.65118146e-01   0.0000
  5.00998616e-01   0.0000
  9.42573100e-02   0.0000
 -5.97659826e-01   0.0000
 -1.40114605e-01   0.0000
  6.22958899e-01   0.0000
 -2.83587366e-01   0.0000
  5.92988096e-02   0.0000
 -1.61043312e-02   0.0000
 -1.26234218e-01   0.0000
  2.14261055e-01   0.0000
 -7.54861772e-01   0.0000
  5.46304882e-01   0.0000
  2.00169519e-01   0.0000
 -2.25995947e-02   0.0000
 -1.67419001e-01   0.0000
  1.66869968e-01   0.0000
 -9.02327150e-02   0.0000
  1.36469603e-01   0.0000
  3.60423587e-02   0.0000
 -2.51841545e-01   0.0000
 -4.03646052e-01   0.0000
 -5.21797955e-01   0.0000
 -1.61427379e+00   0.0000
  3.32262206e+00   0.0000
 -2.64294386e-01   0.0000
 -7.29616642e-01   0.0000
  2.24024558e+00   0.0000
 -1.24272212e-01   0.0000
 -9.39757168e-01   0.0000
  8.35524142e-01   0.0000
 -3.46647114e-01   0.0000
  1.25722513e-01   0.0000
  1.08092153e+00   0.0000
 -1.66742802e+00   0.0000
 -1.42739677e+00   0.0000
 -2.14871430e+00   0.0000
 -5.32916188e-01   0.0000
  2.86935151e-01   0.0000
  2.62460262e-01   0.0000
  7.37920776e-02   0.0000
  1.73512802e-01   0.0000
 -4.12086509e-02   0.0000
 -5.60829461e-01   0.0000
 -1.39312640e-01   0.0000
  7.26425648e-01   0.0000
  3.52529526e-01   0.0000
 -6.35621905e-01   0.0000
  1.49662495e-01   0.0000
  1.37933493e-01   0.0000
 -9.86007880e-03   0.0000
 -5.69881678e-01   0.0000
 -4.91192117e-02   0.0000
  8.78329277e-01   0.0000
 -7.29545057e-01   0.0000
  8.87717232e-02   0.0000
 -1.19680357e+00   0.0000
 -1.40391099e+00   0.0000
 -6.34792149e-01   0.0000
 -1.95744857e-01   0.0000
 -3.10915619e-01   0.0000
 -2.50973076e-01   0.0000
  2.17876643e-01   0.0000
  1.21814974e-01   0.0000
 -4.85995233e-01   0.0000
  3.04850116e-02   0.0000
  5.05431235e-01   0.0000
  3.57581228e-01   0.0000
 -3.80532056e-01   0.0000
 -1.27951130e-01   0.0000
  2.60854006e-01   0.0000
  7.37238407e-01   0.0000
  4.00883965e-02   0.0000
  5.82173944e-01   0.0000
  8.53388533e-02   0.0000
  1.05169129e+00   0.0000
  3.22614253e-01   0.0000
  5.62158599e-02   0.0000
  1.35940045e-01   0.0000
  8.43578670e-03   0.0000
  6.38181448e-01   0.0000
 -3.56955439e-01   0.0000
 -7.89714277e-01   0.0000
  2.64366299e-01   0.0000
  7.13863134e-01   0.0000
 -1.96114659e-01   0.0000
  1.38630271e-01   0.0000
 -4.29644212e-02   0.0000
  5.00703603e-02   0.0000
  3.61674756e-01   0.0000
 -1.29994452e-01   0.0000
 -3.78725171e-01   0.0000
 -1.39129668e-01   0.0000
  1.35677874e+00   0.0000
  7.12367237e-01   0.0000
 -1.05632007e+00   0.0000
 -7.56279826e-02   0.0000
 -1.60032555e-01   0.0000
  2.44289070e-01   0.0000
 -5.91866612e-01   0.0000
 -3.80866110e-01   0.0000
  1.02489424e+00   0.0000
 -9.47756529e-01   0.0000
  3.33156914e-01   0.0000
 -1.51523304e+00   0.0000
 -2.10065198e+00   0.0000
 -5.41568279e-01   0.0000
  3.41201037e-01   0.0000
  3.65039438e-01   0.0000
 -1.10897648e+00   0.0000
 -4.10201102e-01   0.0000
  6.88128233e-01   0.0000
  7.00316370e-01   0.0000
 -3.37765336e-01   0.0000
 -5.88632643e-01   0.0000
  2.73385227e-01   0.0000
  3.62364084e-01   0.0000
 -4.11496520e-01   0.0000
  4.77748156e-01   0.0000
 -4.36721355e-01   0.0000
  9.99242961e-01   0.0000
  1.60619950e+00   0.0000
  2.37720624e-01   0.0000
 -6.72973752e-01   0.0000
  2.66759336e-01   0.0000
  3.79574984e-01   0.0000
  9.52448845e-02   0.0000
 -4.40036356e-01   0.0000
  1.10296376e-01   0.0000
  4.93408255e-02   0.0000
 -1.94083154e-01   0.0000
 -4.47550923e-01   0.0000
  3.43295306e-01   0.0000
  4.01518226e-01   0.0000
 -3.26684356e-01   0.0000
 -2.16277063e-01   0.0000
 -4.95601952e-01   0.0000
 -1.12595940e+00   0.0000
 -4.76956308e-01   0.0000
 -1.02367118e-01   0.0000
  1.43139679e-02   0.0000
  4.60215032e-01   0.0000
  3.81577671e-01   0.0000
 -6.22977912e-01   0.0000
  1.27539663e-02   0.0000
 -3.14126700e-01   0.0000
  1.88201755e-01   0.0000
 -5.28220832e-01   0.0000
 -1.41483098e-01   0.0000
  5.83248854e-01   0.0000
 -3.49889845e-01   0.0000
 -1.24967165e-01   0.0000
 -8.93275559e-01   0.0000
 -1.25290036e+00   0.0000
 -1.77507132e-01   0.0000
 -3.51918153e-02   0.0000
  6.46748066e-01   0.0000
 -2.49057388e+00   0.0000
 -1.88848388e+00   0.0000
  1.93513811e+00   0.0000
  6.50743544e-01   0.0000
 -1.32868737e-01   0.0000
 -7.43955195e-01   0.0000
  7.71455050e-01   0.0000
  5.77288330e-01   0.0000
 -1.39021659e+00   0.0000
  1.75636029e+00   0.0000
 -8.82819831e-01   0.0000
  2.58579302e+00   0.0000
  2.79323626e+00   0.0000
  9.06151056e-01   0.0000
 -6.73436344e-01   0.0000
  1.27032086e-01   0.0000
  1.85858279e-01   0.0000
  9.65604037e-02   0.0000
  2.26137266e-01   0.0000
  1.68806165e-01   0.0000
  1.73495010e-01   0.0000
 -1.87140599e-01   0.0000
  1.85596377e-01   0.0000
  4.32527363e-01   0.0000
 -2.74864376e-01   0.0000
  3.83537233e-01   0.0000
  1.91422403e-01   0.0000
 -6.03018561e-03   0.0000
  2.70019561e-01   0.0000
  1.11346677e-01   0.0000
 -4.47734058e-01   0.0000
 -2.31950179e-01   0.0000
  5.32422483e-01   0.0000
  3.75168622e-01   0.0000
 -5.40248811e-01   0.0000
 -5.21004677e-01   0.0000
  2.00119749e-01   0.0000
  6.05962396e-01   0.0000
 -1.50903344e-01   0.0000
 -4.14533675e-01   0.0000
  5.99812090e-01   0.0000
 -3.39934796e-01   0.0000
  3.64671975e-01   0.0000
 -5.18568099e-01   0.0000
 -5.10995030e-01   0.0000
 -1.70924321e-01   0.0000
  1.42106473e-01   0.0000
  5.37905514e-01   0.0000
 -6.89697564e-01   0.0000
  1.69912428e-01   0.0000
  8.98772657e-01   0.0000
  5.82168460e-01   0.0000
 -1.79257289e-01   0.0000
 -9.15587842e-01   0.0000
  6.01286471e-01   0.0000
  6.81623995e-01   0.0000
 -8.25622082e-01   0.0000
  7.13590086e-01   0.0000
 -1.38570055e-01   0.0000
  1.29000843e+00   0.0000
  1.61760664e+00   0.0000
  4.38795567e-01   0.0000
 -5.00640929e-01   0.0000
  2.12114185e-01   0.0000
 -7.85592258e-01   0.0000
 -8.82955313e-01   0.0000
  1.18942308e+00   0.0000
  2.79943585e-01   0.0000
  3.97639155e-01   0.0000
 -2.42122278e-01   0.0000
  6.72167242e-01   0.0000
  1.00720666e-01   0.0000
 -7.97060370e-01   0.0000
  9.71267045e-01   0.0000
 -1.03243761e-01   0.0000
  1.10707939e+00   0.0000
  1.01845765e+00   0.0000
  5.27405918e-01   0.0000
 -4.28764760e-01   0.0000
  1.83560655e-01   0.0000
 -1.63950861e-01   0.0000
 -3.02441418e-02   0.0000
  1.67834789e-01   0.0000
 -2.64300436e-01   0.0000
 -1.32898912e-01   0.0000
  3.38994935e-02   0.0000
  2.17001155e-01   0.0000
 -3.07842046e-02   0.0000
 -4.32852685e-01   0.0000
  4.54992980e-01   0.0000
  6.16051853e-01   0.0000
  1.42040670e-01   0.0000
  7.32997179e-01   0.0000
  4.43833739e-01   0.0000
  1.00008091e-02   0.0000
  2.38430277e-01   0.0000
 -1.30935585e+00   0.0000
 -5.33135593e-01   0.0000
  8.30496252e-01   0.0000
  6.26140237e-02   0.0000
  1.16039306e-01   0.0000
 -8.97951201e-02   0.0000
  7.02715814e-01   0.0000
  4.31919098e-01   0.0000
 -7.92310536e-01   0.0000
  8.95889938e-01   0.0000
 -2.33377784e-01   0.0000
  1.47659063e+00   0.0000
  1.42070723e+00   0.0000
  4.23794568e-01   0.0000
 -5.97396255e-01   0.0000
 -6.65469408e-01   0.0000
  8.34867179e-01   0.0000
  2.99638301e-01   0.0000
 -4.92669076e-01   0.0000
 -1.48016918e+00   0.0000
 -7.04168677e-02   0.0000
  7.19702482e-01   0.0000
 -1.76094219e-01   0.0000
 -9.42979038e-01   0.0000
  5.50892770e-01   0.0000
 -4.48529780e-01   0.0000
  1.99781418e-01   0.0000
 -9.73242402e-01   0.0000
 -1.46541214e+00   0.0000
 -6.08290553e-01   0.0000
  1.22593212e+00   0.0000
 -7.83430755e-01   0.0000
  3.29255372e-01   0.0000
  1.21328378e+00   0.0000
 -3.44406605e-01   0.0000
 -1.19161975e+00   0.0000
  3.80105644e-01   0.0000
  7.36288905e-01   0.0000
  8.21819529e-02   0.0000
 -6.86237037e-01   0.0000
 -4.13789041e-02   0.0000
 -6.07490279e-02   0.0000
  8.97513390e-01   0.0000
 -1.04215173e-02   0.0000
  2.33684465e-01   0.0000
 -1.25953883e-01   0.0000
  1.12209857e+00   0.0000
 -8.27546060e-01   0.0000
  1.52094722e+00   0.0000
  1.62487769e+00   0.0000
 -1.02282107e+00   0.0000
 -1.01958454e+00   0.0000
  3.83017242e-01   0.0000
  1.25550818e+00   0.0000
 -7.37793386e-01   0.0000
 -1.13139582e+00   0.0000
  9.94562328e-01   0.0000
 -9.15780246e-01   0.0000
  8.92582476e-01   0.0000
 -1.65337658e+00   0.0000
 -1.56471241e+00   0.0000
 -3.93873066e-01   0.0000
  9.27932799e-01   0.0000
 -2.78227508e-01   0.0000
  3.02887172e-01   0.0000
  9.97929052e-02   0.0000
 -5.59022963e-01   0.0000
 -3.50990146e-02   0.0000
  4.06046771e-02   0.0000
  3.40125620e-01   0.0000
 -1.32735502e-02   0.0000
  5.12698805e-03   0.0000
  2.52479792e-01   0.0000
 -1.93064585e-01   0.0000
 -8.63640532e-02   0.0000
 -4.70562935e-01   0.0000
 -6.40421808e-01   0.0000
  7.41268173e-02   0.0000
  4.27932590e-01   0.0000
  2.11401075e-01   0.0000
 -1.90999225e-01   0.0000
  1.64865464e-01   0.0000
  1.96796894e-01   0.0000
  5.81330180e-01   0.0000
 -2.20902905e-01   0.0000
 -3.71755600e-01   0.0000
  1.84629664e-01   0.0000
  2.60260791e-01   0.0000
  7.63650984e-02   0.0000
  2.55622029e-01   0.0000
 -4.46588129e-01   0.0000
  5.59382200e-01   0.0000
  6.12452507e-01   0.0000
 -4.11539897e-02   0.0000
 -3.77983481e-01   0.0000
 -1.42096847e-01   0.0000
 -1.23248160e+00   0.0000
 -4.24739063e-01   0.0000
  1.00734282e+00   0.0000
  3.48406971e-01   0.0000
  2.64947504e-01   0.0000
  1.04392543e-02   0.0000
  4.59743023e-01   0.0000
  2.45733425e-01   0.0000
 -7.67737091e-01   0.0000
  7.87582397e-01   0.0000
 -1.09369569e-01   0.0000
  1.31082273e+00   0.0000
  1.50833869e+00   0.0000
  6.87118948e-01   0.0000
 -2.14518994e-01   0.0000
 -3.88386428e-01   0.0000
 -9.62211266e-02   0.0000
 -1.95545316e-01   0.0000
  2.79223144e-01   0.0000
 -4.04793650e-01   0.0000
  3.34012881e-02   0.0000
  1.13604248e-01   0.0000
  2.18214411e-02   0.0000
 -3.59407723e-01   0.0000
  3.78719747e-01   0.0000
 -3.17728259e-02   0.0000
 -1.06361352e-01   0.0000
  8.25413316e-02   0.0000
 -1.49454832e-01   0.0000
 -5.43513484e-02   0.0000
  1.27558500e-01   0.0000
  1.54548571e-01   0.0000
 -2.07143322e-01   0.0000
 -2.31180713e-01   0.0000
 -9.77578908e-02   0.0000
  3.96838009e-01   0.0000
 -2.76765257e-01   0.0000
 -7.47486949e-02   0.0000
  5.36343753e-02   0.0000
  1.49430603e-01   0.0000
 -3.25005576e-02   0.0000
  3.39251131e-01   0.0000
 -2.36100197e-01   0.0000
  2.07255721e-01   0.0000
  3.64331305e-01   0.0000
 -1.36751071e-01   0.0000
  7.29086399e-02   0.0000
  2.85382802e-03   0.0000
  7.01267123e-01   0.0000
  4.31396931e-01   0.0000
 -7.32618690e-01   0.0000
 -1.36880428e-01   0.0000
 -3.59463766e-02   0.0000
  1.61362559e-01   0.0000
 -1.83922037e-01   0.0000
 -1.75142691e-01   0.0000
  6.19114161e-01   0.0000
 -7.63487756e-01   0.0000
 -1.67515576e-01   0.0000
 -5.24867892e-01   0.0000
 -5.43982148e-01   0.0000
 -4.96487647e-01   0.0000
  1.80546612e-01   0.0000
 -8.86012465e-02   0.0000
  3.73752743e-01   0.0000
 -1.35686219e-01   0.0000
 -2.23082587e-01   0.0000
  1.46123454e-01   0.0000
  2.05719903e-01   0.0000
 -2.79938012e-01   0.0000
  1.90504920e-02   0.0000
  2.61415422e-01   0.0000
  2.60252565e-01   0.0000
 -2.21041188e-01   0.0000
  1.53951496e-01   0.0000
 -5.95155776e-01   0.0000
 -3.85697305e-01   0.0000
 -1.79451421e-01   0.0000
 -4.82228369e-01   0.0000
  1.53074741e+00   0.0000
 -1.50110712e-02   0.0000
 -4.29775625e-01   0.0000
 -3.66144359e-01   0.0000
  1.92601335e+00   0.0000
 -2.17978263e+00   0.0000
 -1.66202390e+00   0.0000
 -7.52409518e-01   0.0000
  1.72073603e+00   0.0000
  8.34364653e-01   0.0000
 -5.55957735e-01   0.0000
 -3.24217248e+00   0.0000
 -5.47671989e-02   0.0000
 -7.17621446e-01   0.0000
 -6.89570427e-01   0.0000
 -1.80317128e+00   0.0000
  1.88091564e+00   0.0000
 -3.24169612e+00   0.0000
 -2.96703458e+00   0.0000
  2.11908722e+00   0.0000
  2.56460357e+00   0.0000
 -1.79770505e+00   0.0000
 -2.28078890e+00   0.0000
  8.12805653e-01   0.0000
  2.27555394e+00   0.0000
 -1.57500136e+00   0.0000
  1.64750350e+00   0.0000
 -3.80730557e+00   0.0000
  3.66307521e+00   0.0000
  4.27627420e+00   0.0000
  6.80154860e-01   0.0000
 -2.37908363e+00   0.0000
  1.65376115e+00   0.0000

