 5 0.000000 1
 1 
 Si 28.085500
 0 0.250000 4.500000 1.000000 1.500000 
 5 0 1 2 3 4
 6 0.01000 0.25000 0.50000 5.50000 6.00000 6.25000
 1 12.169200 6.172630 3.114710 0.755675 0.404939 0.036124 0.650018 0.572890
 4 30 24 24 1
 -1.18088506e-01   0.0000
  4.91868965e-02   0.0000
 -4.49764609e-01   0.0000
 -1.02347553e+00   0.0000
 -1.66704401e-01   0.0000
 -2.26686263e+00   0.0000
 -1.70315361e+00   0.0000
 -9.30287391e-02   0.0000
 -2.10747123e-01   0.0000
 -1.10771859e+00   0.0000
  2.73275286e-01   0.0000
 -5.17593205e-01   0.0000
 -7.42909968e-01   0.0000
  9.83286202e-01   0.0000
  9.15675759e-02   0.0000
 -3.99345726e-01   0.0000
  6.94732070e-01   0.0000
  6.71909750e-01   0.0000
 -8.70821714e-01   0.0000
 -2.59073281e+00   0.0000
 -7.56074190e-01   0.0000
 -1.60182640e-01   0.0000
  9.37190473e-01   0.0000
  6.05109453e-01   0.0000
 -4.34392512e-01   0.0000
 -7.94634640e-01   0.0000
 -1.07768667e+00   0.0000
 -2.44189334e+00   0.0000
  7.68825114e-01   0.0000
 -9.72663760e-02   0.0000
  1.21681727e-01   0.0000
 -9.18220758e-01   0.0000
  6.42316878e-01   0.0000
 -8.11668575e-01   0.0000
  2.75163129e-02   0.0000
 -2.56099045e-01   0.0000
 -1.55471921e+00   0.0000
  8.83350521e-03   0.0000
 -3.48697186e-01   0.0000
 -1.09063470e+00   0.0000
  5.50664902e-01   0.0000
  8.94201636e-01   0.0000
 -2.09889722e+00   0.0000
 -1.32117450e+00   0.0000
 -2.04383397e+00   0.0000
 -1.71694145e-01   0.0000
  5.05626261e-01   0.0000
  9.82897282e-01   0.0000
 -1.91100144e+00   0.0000
 -4.27039242e+00   0.0000
 -9.64884087e-02   0.0000
 -6.82654810e+00   0.0000
 -3.72415334e-01   0.0000
  7.42538500e+00   0.0000
  6.11417532e-01   0.0000
 -3.70839047e+00   0.0000
 -9.96537209e-02   0.0000
  5.53969085e-01   0.0000
 -8.33093464e-01   0.0000
 -7.41317213e-01   0.0000
 -4.17078590e+00   0.0000
 -1.12882841e+00   0.0000
 -2.88757825e+00   0.0000
 -1.44919842e-01   0.0000
 -1.11898470e+00   0.0000
  2.11586666e+00   0.0000
 -5.59723663e+00   0.0000
  2.33211732e+00   0.0000
 -6.63631201e+00   0.0000
  1.79500771e+00   0.0000
 -9.31861460e-01   0.0000
  2.25760865e+00   0.0000
 -1.89154816e+00   0.0000
 -1.41824484e+00   0.0000
 -1.69999969e+00   0.0000
 -1.03802598e+00   0.0000
 -3.34469438e-01   0.0000
  3.12602067e+00   0.0000
 -7.31845498e-01   0.0000
 -2.07470703e+00   0.0000
 -9.88743186e-01   0.0000
  1.22723848e-01   0.0000
 -1.25497651e+00   0.0000
  2.59186327e-01   0.0000
 -1.26176810e+00   0.0000
 -5.22476315e-01   0.0000
 -1.93580222e+00   0.0000
 -2.44361949e+00   0.0000
  5.71819901e-01   0.0000
 -2.52117574e-01   0.0000
 -5.38137388e+00   0.0000
  4.83213395e-01   0.0000
 -4.82754916e-01   0.0000
  9.78543997e-01   0.0000
  4.30296183e+00   0.0000
  2.30897141e+00   0.0000
  1.61091849e-01   0.0000
  6.53581858e-01   0.0000
 -1.80977809e+00   0.0000
  4.46783590e+00   0.0000
  1.12279940e+00   0.0000
  1.18719900e+00   0.0000
 -3.43526542e-01   0.0000
 -2.78359056e-01   0.0000
  1.25629771e+00   0.0000
 -9.28209245e-01   0.0000
  1.52163967e-01   0.0000
  2.30679020e-01   0.0000
  7.97244191e-01   0.0000
 -5.65485477e-01   0.0000
  1.99795353e+00   0.0000
 -1.51610458e+00   0.0000
  5.43780774e-02   0.0000
 -2.21475148e+00   0.0000
  5.67272305e-01   0.0000
 -1.99079931e-01   0.0000
  3.30463862e+00   0.0000
  9.70868945e-01   0.0000
  1.37525344e+00   0.0000
  5.80598176e-01   0.0000
  1.07886806e-01   0.0000
  3.05093288e-01   0.0000
 -8.91979039e-01   0.0000
  2.30214500e+00   0.0000
 -2.80091129e-02   0.0000
  4.66792226e-01   0.0000
 -8.34615901e-02   0.0000
 -1.40422896e-01   0.0000
  9.56235170e-01   0.0000
 -5.25625885e-01   0.0000
  9.35674235e-02   0.0000
  3.37057933e-02   0.0000
  4.15404111e-01   0.0000
 -3.39264899e-01   0.0000
  8.79525125e-01   0.0000
 -6.93218648e-01   0.0000
  2.54253030e-01   0.0000
 -9.50471818e-01   0.0000
  3.92255038e-01   0.0000
 -2.75418818e-01   0.0000
  1.70219851e+00   0.0000
  4.45216000e-01   0.0000
  5.15717626e-01   0.0000
  2.83960730e-01   0.0000
  1.09564193e-01   0.0000
  4.57414761e-02   0.0000
 -1.76329285e-01   0.0000
 -4.79000032e-01   0.0000
  4.68225956e-01   0.0000
 -3.20614785e-01   0.0000
 -9.94837582e-02   0.0000
  2.62864709e-01   0.0000
  6.47643566e-01   0.0000
  8.45026691e-03   0.0000
 -1.38355136e-01   0.0000
  3.78691763e-01   0.0000
  3.19083147e-02   0.0000
 -1.42089888e-01   0.0000
  9.76009548e-01   0.0000
 -2.06709653e-01   0.0000
 -6.69684559e-02   0.0000
  3.35304558e-01   0.0000
  2.02764288e-01   0.0000
  5.89748770e-02   0.0000
 -5.02647281e-01   0.0000
 -2.04260454e-01   0.0000
  2.17230633e-01   0.0000
  8.66269231e-01   0.0000
  3.04139137e-01   0.0000
  2.86162406e-01   0.0000
 -9.04838085e-01   0.0000
 -1.68508768e+00   0.0000
  9.47585881e-01   0.0000
 -1.52072203e+00   0.0000
 -4.90746319e-01   0.0000
  6.35293782e-01   0.0000
  1.80440938e+00   0.0000
  5.59748113e-02   0.0000
 -7.02955663e-01   0.0000
  5.43103397e-01   0.0000
  6.53935503e-03   0.0000
 -5.79515517e-01   0.0000
  2.94775248e+00   0.0000
 -9.73720610e-01   0.0000
 -5.31509459e-01   0.0000
  9.18345511e-01   0.0000
  7.53350377e-01   0.0000
  5.45014441e-01   0.0000
 -1.71898758e+00   0.0000
 -4.82578546e-01   0.0000
  1.09823608e+00   0.0000
  6.08518839e-01   0.0000
  8.15687478e-01   0.0000
  8.76881719e-01   0.0000
 -3.80674386e+00   0.0000
 -5.69126177e+00   0.0000
  1.47751224e+00   0.0000
 -5.97832155e+00   0.0000
 -2.12547064e+00   0.0000
  1.46310973e+00   0.0000
  4.77833366e+00   0.0000
  1.73181891e-01   0.0000
 -2.66514587e+00   0.0000
  3.86624068e-01   0.0000
 -2.26214930e-01   0.0000
 -1.76609635e+00   0.0000
  8.28924370e+00   0.0000
 -3.67920661e+00   0.0000
 -1.58641243e+00   0.0000
  2.53149152e+00   0.0000
  2.58369327e+00   0.0000
  1.36015654e+00   0.0000
 -5.65286922e+00   0.0000
 -1.26206493e+00   0.0000
  4.02108574e+00   0.0000
 -1.47536421e+00   0.0000
  1.61785558e-01   0.0000
  1.80557656e+00   0.0000
 -1.60249567e+00   0.0000
  4.86210728e+00   0.0000
 -9.74067211e-01   0.0000
 -8.29159915e-01   0.0000
  9.13133383e-01   0.0000
  3.24217820e+00   0.0000
 -2.07167849e-01   0.0000
 -5.80470860e-01   0.0000
  3.11328578e+00   0.0000
  4.16832492e-02   0.0000
  1.64147520e+00   0.0000
 -1.42073166e+00   0.0000
 -6.75008357e-01   0.0000
  1.11802089e+00   0.0000
 -3.06938618e-01   0.0000
 -1.44937146e+00   0.0000
 -6.22255421e+00   0.0000
  2.77911758e+00   0.0000
  5.90363455e+00   0.0000
 -3.07285452e+00   0.0000
  1.59963086e-01   0.0000
  2.96532154e-01   0.0000
 -2.63669133e-01   0.0000
 -8.30627203e-01   0.0000
 -1.21897209e+00   0.0000
  1.06719756e+00   0.0000
 -7.66082048e-01   0.0000
 -1.72335529e+00   0.0000
 -1.70635271e+00   0.0000
 -7.54558682e-01   0.0000
  2.07460612e-01   0.0000
 -4.18898135e-01   0.0000
 -1.63354933e-01   0.0000
 -4.23777550e-01   0.0000
  6.58800423e-01   0.0000
  4.92497742e-01   0.0000
 -2.37993908e+00   0.0000
 -1.16671823e-01   0.0000
  1.40856481e+00   0.0000
  4.36397046e-01   0.0000
  5.76128304e-01   0.0000
 -2.35894656e+00   0.0000
  1.54529941e+00   0.0000
 -1.74536479e+00   0.0000
 -3.44097406e-01   0.0000
  1.38760746e+00   0.0000
 -1.12106688e-01   0.0000
 -4.40586954e-01   0.0000
 -5.46166539e-01   0.0000
  3.68624032e-01   0.0000
 -3.66129816e-01   0.0000
 -8.12824547e-01   0.0000
 -8.23111594e-01   0.0000
 -4.11255866e-01   0.0000
  1.25842750e-01   0.0000
 -1.61674991e-01   0.0000
 -1.35658473e-01   0.0000
 -2.11981356e-01   0.0000
  2.79491425e-01   0.0000
  2.43926272e-01   0.0000
 -1.11168313e+00   0.0000
 -7.07960129e-02   0.0000
  6.79933846e-01   0.0000
  2.52773345e-01   0.0000
  3.64723206e-01   0.0000
 -1.17157841e+00   0.0000
  5.55274367e-01   0.0000
 -7.82679856e-01   0.0000
 -1.56890973e-01   0.0000
  6.70768023e-01   0.0000
 -1.04069822e-01   0.0000
 -1.95006832e-01   0.0000
 -6.74099326e-01   0.0000
 -6.21571422e-01   0.0000
 -6.29664004e-01   0.0000
 -1.46129680e+00   0.0000
 -4.01709564e-02   0.0000
 -1.62028670e-01   0.0000
 -3.15745503e-01   0.0000
 -3.16374004e-01   0.0000
 -1.24902181e-01   0.0000
 -1.24016039e-01   0.0000
  1.97660506e-01   0.0000
  1.49700254e-01   0.0000
  1.10860448e-02   0.0000
 -2.48330296e-03   0.0000
  2.82816440e-01   0.0000
 -1.64580986e-01   0.0000
 -1.07872434e-01   0.0000
  7.88346007e-02   0.0000
 -4.91672218e-01   0.0000
 -5.13641536e-01   0.0000
 -3.27094674e-01   0.0000
  1.19119145e-01   0.0000
 -3.21413040e-01   0.0000
 -3.69744599e-01   0.0000
 -1.34280372e+00   0.0000
 -2.04536128e+00   0.0000
 -1.39157045e+00   0.0000
 -3.02956319e+00   0.0000
  3.15743744e-01   0.0000
 -2.95436591e-01   0.0000
 -7.90929437e-01   0.0000
 -7.50112236e-01   0.0000
 -4.05813426e-01   0.0000
 -3.71428758e-01   0.0000
  2.50112861e-01   0.0000
  2.40991995e-01   0.0000
  4.15016860e-01   0.0000
 -1.30349144e-01   0.0000
  1.37458473e-01   0.0000
 -3.36304843e-01   0.0000
 -3.96611542e-01   0.0000
  1.18440509e-01   0.0000
 -1.65543437e+00   0.0000
 -9.36683118e-01   0.0000
 -6.54811382e-01   0.0000
 -1.04205120e+00   0.0000
 -6.60088420e-01   0.0000
 -6.19928360e-01   0.0000
 -2.31929946e+00   0.0000
 -6.67279243e+00   0.0000
 -2.06363130e+00   0.0000
 -5.19272137e+00   0.0000
  2.25768852e+00   0.0000
 -2.73062646e-01   0.0000
 -2.47713852e+00   0.0000
 -1.45794332e+00   0.0000
 -1.26022196e+00   0.0000
 -7.12784767e-01   0.0000
 -1.01885758e-02   0.0000
  1.73514396e-01   0.0000
  2.80651617e+00   0.0000
 -6.30240858e-01   0.0000
 -1.20378315e+00   0.0000
 -6.27964735e-01   0.0000
 -1.31498897e+00   0.0000
  9.60704088e-01   0.0000
 -5.58992529e+00   0.0000
 -1.20022190e+00   0.0000
 -1.14155579e+00   0.0000
 -4.91502953e+00   0.0000
 -2.79875427e-01   0.0000
  1.58134770e+00   0.0000
  2.14934707e+00   0.0000
  3.82801127e+00   0.0000
 -2.10202932e+00   0.0000
  1.83601749e+00   0.0000
  2.01552558e+00   0.0000
  1.00554240e+00   0.0000
 -1.17152321e+00   0.0000
 -5.59120774e-01   0.0000
  2.83697844e+00   0.0000
  6.37473166e-01   0.0000
  1.50547326e+00   0.0000
  2.02403098e-01   0.0000
 -1.33244014e+00   0.0000
  2.92311025e+00   0.0000
  1.45586324e+00   0.0000
 -3.76905298e+00   0.0000
 -4.92091656e+00   0.0000
  1.20996201e+00   0.0000
  6.19913340e+00   0.0000
 -1.01412594e+00   0.0000
 -1.85067868e+00   0.0000
  2.46184254e+00   0.0000
 -1.72573850e-01   0.0000
 -3.94983441e-01   0.0000
 -4.65875357e-01   0.0000
  9.53423560e-01   0.0000
 -3.26300055e-01   0.0000
 -7.88846850e-01   0.0000
 -8.45340490e-01   0.0000
 -6.69141889e-01   0.0000
 -1.82138845e-01   0.0000
 -2.94504523e-01   0.0000
 -3.48991789e-02   0.0000
 -2.64317036e-01   0.0000
  5.09713650e-01   0.0000
  4.55599695e-01   0.0000
 -1.35105777e+00   0.0000
  1.38016462e-01   0.0000
  1.01231253e+00   0.0000
 -1.75421685e-01   0.0000
  4.64165300e-01   0.0000
 -1.45012748e+00   0.0000
  1.36608124e+00   0.0000
 -8.39337885e-01   0.0000
 -3.59601557e-01   0.0000
  1.12581670e+00   0.0000
 -6.79541305e-02   0.0000
 -2.02304274e-01   0.0000
 -2.49811709e-01   0.0000
  3.43271077e-01   0.0000
 -8.29370245e-02   0.0000
 -3.77817929e-01   0.0000
 -3.99526030e-01   0.0000
 -3.11476171e-01   0.0000
 -6.33869395e-02   0.0000
 -9.66253877e-02   0.0000
 -5.45231216e-02   0.0000
 -1.19936526e-01   0.0000
  2.02934816e-01   0.0000
  1.94789544e-01   0.0000
 -5.69385350e-01   0.0000
  5.29252039e-03   0.0000
  4.05108809e-01   0.0000
  1.67189315e-02   0.0000
  2.74872482e-01   0.0000
 -6.46315575e-01   0.0000
  4.86939192e-01   0.0000
 -3.62385035e-01   0.0000
 -1.26289651e-01   0.0000
  4.76448029e-01   0.0000
 -7.80277476e-02   0.0000
 -3.75934839e-01   0.0000
  2.21483201e-01   0.0000
 -7.98218191e-01   0.0000
 -1.04540014e+00   0.0000
 -2.92229366e+00   0.0000
 -1.10879469e+00   0.0000
 -3.59862268e-01   0.0000
  3.75897288e-01   0.0000
 -9.61667418e-01   0.0000
 -3.92901637e-02   0.0000
 -3.14262323e-02   0.0000
  1.32893503e-01   0.0000
  1.11760892e-01   0.0000
 -9.79402587e-02   0.0000
 -2.67098874e-01   0.0000
  6.83974564e-01   0.0000
  6.60907507e-01   0.0000
 -1.34715453e-01   0.0000
 -7.23868072e-01   0.0000
 -5.11172116e-01   0.0000
  4.71698493e-01   0.0000
 -9.33582038e-02   0.0000
  1.52391589e+00   0.0000
 -2.57426530e-01   0.0000
 -7.89358497e-01   0.0000
  1.04312623e+00   0.0000
 -2.32138729e+00   0.0000
 -1.06408918e+00   0.0000
 -4.48273754e+00   0.0000
 -9.71390069e-01   0.0000
 -8.88969958e-01   0.0000
  8.03834260e-01   0.0000
 -8.10317457e-01   0.0000
 -1.58428490e-01   0.0000
  4.73307997e-01   0.0000
  8.66014063e-02   0.0000
  4.45886143e-02   0.0000
  4.20013011e-01   0.0000
 -8.05799305e-01   0.0000
  7.15113401e-01   0.0000
  1.49316597e+00   0.0000
 -6.30831003e-01   0.0000
 -6.13889158e-01   0.0000
 -1.80210221e+00   0.0000
  1.72441876e+00   0.0000
 -2.68386036e-01   0.0000
  2.73366594e+00   0.0000
 -5.78481317e-01   0.0000
 -1.12857378e+00   0.0000
  3.37819004e+00   0.0000
 -6.70570087e+00   0.0000
  4.11705732e-01   0.0000
 -3.95312071e+00   0.0000
  2.12389469e+00   0.0000
 -1.54222417e+00   0.0000
  1.50069594e+00   0.0000
  7.79280543e-01   0.0000
 -3.45895499e-01   0.0000
  2.18286872e+00   0.0000
 -7.55354285e-01   0.0000
 -6.68492734e-01   0.0000
  3.63434863e+00   0.0000
 -2.18232608e+00   0.0000
 -1.13903975e+00   0.0000
  2.80192447e+00   0.0000
 -2.60772252e+00   0.0000
  2.09253788e+00   0.0000
 -6.23910666e+00   0.0000
  5.87682056e+00   0.0000
 -6.31069243e-01   0.0000
  4.07846212e+00   0.0000
  6.59579933e-02   0.0000
  6.94031596e-01   0.0000
 -1.04030406e+00   0.0000
 -4.96445328e-01   0.0000
 -5.28787553e-01   0.0000
 -1.02863228e+00   0.0000
  1.10805976e+00   0.0000
  1.01364517e+00   0.0000
  5.00536323e-01   0.0000
  7.12532282e-01   0.0000
  1.01413774e+00   0.0000
  1.87139189e+00   0.0000
 -3.37062061e-01   0.0000
 -1.88718510e+00   0.0000
 -9.96460438e-01   0.0000
 -2.98796922e-01   0.0000
 -1.70666015e+00   0.0000
 -9.39840734e-01   0.0000
 -1.77862620e+00   0.0000
  8.16467106e-01   0.0000
  2.74961680e-01   0.0000
  1.92818403e+00   0.0000
 -4.25748765e-01   0.0000
  2.54570270e+00   0.0000
 -2.62917489e-01   0.0000
 -1.03265798e+00   0.0000
 -1.15823090e+00   0.0000
  1.50288701e+00   0.0000
 -7.57370830e-01   0.0000
 -1.81737363e+00   0.0000
 -2.14777946e+00   0.0000
 -1.35703373e+00   0.0000
  4.62220401e-01   0.0000
 -3.90725285e-01   0.0000
 -4.32480931e-01   0.0000
 -2.07469091e-01   0.0000
  7.70325363e-01   0.0000
  4.88432020e-01   0.0000
 -2.91745257e+00   0.0000
 -3.57865453e-01   0.0000
  1.90839303e+00   0.0000
  2.35789716e-01   0.0000
  1.59069633e+00   0.0000
 -3.08125043e+00   0.0000
  2.07251883e+00   0.0000
 -1.41518378e+00   0.0000
 -5.94233215e-01   0.0000
  1.94905567e+00   0.0000
 -1.21037766e-01   0.0000
 -5.02013922e-01   0.0000
 -5.24949670e-01   0.0000
  6.84938014e-01   0.0000
 -3.19965690e-01   0.0000
 -8.01465392e-01   0.0000
 -9.97485518e-01   0.0000
 -6.38434052e-01   0.0000
  2.00088561e-01   0.0000
 -1.97384074e-01   0.0000
 -2.24725142e-01   0.0000
 -1.20175131e-01   0.0000
  3.47512156e-01   0.0000
  2.60258079e-01   0.0000
 -1.32984805e+00   0.0000
 -1.49190322e-01   0.0000
  8.86697948e-01   0.0000
  1.34490848e-01   0.0000
  7.35069335e-01   0.0000
 -1.40936649e+00   0.0000
  9.41876948e-01   0.0000
 -6.83247387e-01   0.0000
 -2.62298971e-01   0.0000
  8.40780437e-01   0.0000
  1.87307149e-01   0.0000
 -1.53597236e-01   0.0000
 -6.83078527e-01   0.0000
 -5.67331731e-01   0.0000
 -2.49092913e+00   0.0000
 -1.82838237e+00   0.0000
 -6.71512723e-01   0.0000
 -5.70868514e-03   0.0000
  1.07746136e+00   0.0000
 -4.04009670e-01   0.0000
 -1.55271068e-01   0.0000
  3.02230567e-01   0.0000
  1.92856997e-01   0.0000
  6.63647532e-01   0.0000
 -3.37562293e-01   0.0000
 -6.02221131e-01   0.0000
  1.45903099e+00   0.0000
  4.84529257e-01   0.0000
  1.88740611e-01   0.0000
 -2.82034874e+00   0.0000
 -5.22878289e-01   0.0000
 -2.77434196e-02   0.0000
 -1.58303127e-01   0.0000
  6.67131424e-01   0.0000
  2.71092772e-01   0.0000
  9.19779912e-02   0.0000
 -1.66253984e+00   0.0000
 -1.70083702e+00   0.0000
 -1.75837851e+00   0.0000
 -3.24153829e+00   0.0000
 -9.32431996e-01   0.0000
 -1.74074039e-01   0.0000
  3.42490554e-01   0.0000
 -9.33191851e-02   0.0000
 -5.14018834e-01   0.0000
  8.77199471e-01   0.0000
  2.45744437e-01   0.0000
  3.03462654e-01   0.0000
 -1.80026710e-01   0.0000
 -1.53650713e+00   0.0000
  1.90302157e+00   0.0000
  1.92612752e-01   0.0000
  3.29783231e-01   0.0000
 -1.90689766e+00   0.0000
 -1.74642873e+00   0.0000
  4.14395452e-01   0.0000
 -3.71492624e-01   0.0000
  5.16145490e-02   0.0000
  4.76664528e-02   0.0000
  1.40793002e+00   0.0000
 -3.54490376e+00   0.0000
 -5.07126522e+00   0.0000
  9.66075063e-01   0.0000
 -3.92044210e+00   0.0000
 -1.80936778e+00   0.0000
 -8.41047347e-01   0.0000
 -1.20442462e+00   0.0000
  9.01522338e-01   0.0000
 -1.51568305e+00   0.0000
  8.98787320e-01   0.0000
 -1.76893026e-01   0.0000
 -2.44607911e-01   0.0000
  1.61612713e+00   0.0000
 -3.61504173e+00   0.0000
  1.37174106e+00   0.0000
 -2.57464743e+00   0.0000
  3.62853765e-01   0.0000
  3.63583088e+00   0.0000
 -5.81272793e+00   0.0000
  2.36081696e+00   0.0000
 -1.22897828e+00   0.0000
 -3.05435133e+00   0.0000
  5.32902718e-01   0.0000
  1.33121824e+00   0.0000
  1.77594030e+00   0.0000
 -1.18951333e+00   0.0000
  1.60968769e+00   0.0000
  4.77065992e+00   0.0000
  4.64501113e-01   0.0000
  7.58974493e-01   0.0000
  9.35555160e-01   0.0000
 -1.01207066e+00   0.0000
  9.75158751e-01   0.0000
 -8.51565301e-01   0.0000
 -3.46872687e-01   0.0000
  3.83472013e+00   0.0000
 -2.89105916e+00   0.0000
  1.94621921e+00   0.0000
  9.43149328e-01   0.0000
 -3.44245505e+00   0.0000
  8.79890561e-01   0.0000
  8.48957181e-01   0.0000
 -2.49562669e+00   0.0000
  2.38723373e+00   0.0000
 -1.06348848e+00   0.0000
  2.51178670e+00   0.0000
  2.36162513e-01   0.0000
 -1.07190810e-01   0.0000
 -1.43403041e+00   0.0000
  2.17159796e+00   0.0000
 -2.30172539e+00   0.0000
 -5.31349719e-01   0.0000
 -2.93848228e+00   0.0000
 -5.96400797e-01   0.0000
  2.37167501e+00   0.0000
 -8.13504100e-01   0.0000
 -8.20522606e-02   0.0000
 -9.91395056e-01   0.0000
  8.25312972e-01   0.0000
  1.33868325e+00   0.0000
 -1.04617178e+00   0.0000
 -6.97643775e-03   0.0000
  7.36147046e-01   0.0000
 -3.20732981e-01   0.0000
  1.59751713e+00   0.0000
 -2.09181857e+00   0.0000
  1.95589173e+00   0.0000
 -5.71248949e-01   0.0000
  3.30034882e-01   0.0000
  1.44019067e+00   0.0000
  7.21034184e-02   0.0000
 -8.92925411e-02   0.0000
 -6.87945127e-01   0.0000
  1.08668399e+00   0.0000
 -1.13618362e+00   0.0000
 -3.43563199e-01   0.0000
 -1.41896665e+00   0.0000
 -3.43187928e-01   0.0000
  1.11896241e+00   0.0000
 -3.63651842e-01   0.0000
 -5.50258756e-02   0.0000
 -4.39976901e-01   0.0000
  4.08003122e-01   0.0000
  5.71972668e-01   0.0000
 -4.78506058e-01   0.0000
 -2.68845167e-02   0.0000
  3.61301661e-01   0.0000
 -6.35971352e-02   0.0000
  7.60464430e-01   0.0000
 -1.02387559e+00   0.0000
  9.83048975e-01   0.0000
 -3.44241649e-01   0.0000
  1.62862390e-01   0.0000
  6.55317545e-01   0.0000
 -1.25266798e-02   0.0000
  2.23573506e-01   0.0000
  4.69180420e-02   0.0000
 -2.07271859e-01   0.0000
  2.19575763e-02   0.0000
 -1.34232685e-01   0.0000
 -2.56299466e-01   0.0000
  4.10474204e-02   0.0000
 -6.89620614e-01   0.0000
  9.37294006e-01   0.0000
 -1.26913473e-01   0.0000
  3.00698072e-01   0.0000
  3.39114815e-01   0.0000
  1.06206629e-02   0.0000
  3.31831604e-01   0.0000
  4.39095110e-01   0.0000
 -3.48459721e-01   0.0000
 -4.92942184e-01   0.0000
 -2.25277290e-01   0.0000
 -8.10763985e-02   0.0000
 -1.12790778e-01   0.0000
 -5.70347905e-01   0.0000
  3.78215015e-01   0.0000
 -1.69902727e-01   0.0000
 -6.80458069e-01   0.0000
  2.77600884e-01   0.0000
  1.22694230e+00   0.0000
  3.25768860e-03   0.0000
 -5.14244214e-02   0.0000
 -7.23947585e-02   0.0000
 -1.08300060e-01   0.0000
  7.27903247e-02   0.0000
  3.08939721e-02   0.0000
  1.36199975e+00   0.0000
  1.86574832e-02   0.0000
  1.62044466e-02   0.0000
 -5.30357771e-02   0.0000
 -3.47609967e-01   0.0000
 -8.31552684e-01   0.0000
 -5.11486173e-01   0.0000
 -2.44105384e-01   0.0000
 -3.84395748e-01   0.0000
  3.01058233e-01   0.0000
  5.41461885e-01   0.0000
  1.53614604e+00   0.0000
  3.42893779e-01   0.0000
  1.45138264e+00   0.0000
  2.10023940e-01   0.0000
 -1.21374631e+00   0.0000
  2.71000564e-01   0.0000
  1.46136308e+00   0.0000
  1.65903449e+00   0.0000
  3.09262425e-03   0.0000
  2.83480525e-01   0.0000
  8.24188069e-03   0.0000
  6.66029230e-02   0.0000
  3.77158046e-01   0.0000
  2.95822358e+00   0.0000
  5.18508792e-01   0.0000
  3.13830405e-01   0.0000
 -1.10238123e+00   0.0000
 -1.61693826e-01   0.0000
 -9.88403797e-01   0.0000
  1.13887870e+00   0.0000
 -1.57950684e-01   0.0000
 -1.41557240e+00   0.0000
 -6.79858625e-01   0.0000
  1.01991236e+00   0.0000
  1.40612566e+00   0.0000
 -1.49888366e-01   0.0000
  2.05239439e+00   0.0000
  2.18077466e-01   0.0000
 -5.88652909e-01   0.0000
  6.15867317e-01   0.0000
  3.20044470e+00   0.0000
  3.62488598e-01   0.0000
  1.54502884e-01   0.0000
  1.20695794e+00   0.0000
  3.91165823e-01   0.0000
  3.20618808e-01   0.0000
  1.34013557e+00   0.0000
 -5.84325981e+00   0.0000
  2.13973880e-01   0.0000
 -5.76807022e-01   0.0000
 -2.93557197e-01   0.0000
 -2.92219818e-01   0.0000
 -5.66505313e-01   0.0000
 -6.38518482e-02   0.0000
 -5.34161448e-01   0.0000
  4.10370970e+00   0.0000
 -2.21313739e+00   0.0000
  1.32489514e+00   0.0000
 -1.22547233e+00   0.0000
 -6.77396059e-01   0.0000
  5.51222980e-01   0.0000
  4.31213737e-01   0.0000
 -1.48589058e+01   0.0000
  5.38876832e-01   0.0000
  1.26835585e-01   0.0000
  2.34437656e+00   0.0000
  3.03582788e-01   0.0000
 -1.16949725e+00   0.0000
  4.58661169e-01   0.0000
 -1.18732601e-02   0.0000
 -3.58525455e-01   0.0000
 -2.42993975e+00   0.0000
  6.31237507e-01   0.0000
 -3.70205641e-01   0.0000
 -1.02710080e+00   0.0000
  8.07640433e-01   0.0000
 -9.92319822e-01   0.0000
 -3.84007049e+00   0.0000
 -8.18282962e-01   0.0000
 -2.69150615e-01   0.0000
 -1.20990670e+00   0.0000
 -1.34481847e+00   0.0000
 -1.50253022e+00   0.0000
 -2.41953954e-01   0.0000
  2.55481791e+00   0.0000
  6.04309380e-01   0.0000
  1.12112093e+00   0.0000
  9.72437859e-02   0.0000
 -4.70210075e-01   0.0000
  1.96793771e+00   0.0000
  1.15435563e-01   0.0000
  1.19722950e+00   0.0000
  1.34228557e-01   0.0000
  1.43701941e-01   0.0000
  2.73866367e+00   0.0000
 -3.10485274e-01   0.0000
 -9.45490420e-01   0.0000
 -1.96659970e+00   0.0000
 -1.19715917e+00   0.0000
  5.31991959e-01   0.0000
 -5.21319568e-01   0.0000
 -1.26208699e+00   0.0000
 -7.30757564e-02   0.0000
 -1.53497171e+00   0.0000
  2.72554964e-01   0.0000
  4.97540522e+00   0.0000
  3.78694028e-01   0.0000
 -1.54929328e+00   0.0000
  9.38936532e-01   0.0000
  2.44276896e-01   0.0000
 -4.26072359e+00   0.0000
  3.04666102e-01   0.0000
 -5.85770941e+00   0.0000
  4.17538738e+00   0.0000
  2.78597265e-01   0.0000
  7.06965744e-01   0.0000
  4.25532520e-01   0.0000
  2.26491421e-01   0.0000
  8.03202689e-01   0.0000
 -1.05633535e+01   0.0000
 -1.99997246e-01   0.0000
 -2.98141551e+00   0.0000
  2.45601511e+00   0.0000
  2.98530817e-01   0.0000
 -2.28280127e-02   0.0000
 -1.93078518e+00   0.0000
 -1.63009733e-01   0.0000
  1.88391697e+00   0.0000
 -1.40113842e+00   0.0000
  3.23322821e+00   0.0000
 -3.65734482e+00   0.0000
 -7.66646683e-01   0.0000
  6.87035799e-01   0.0000
  4.41439450e-01   0.0000
 -8.87874663e-02   0.0000
  2.42886677e-01   0.0000
  2.52061462e+00   0.0000
 -8.45092237e-01   0.0000
 -4.10348028e-02   0.0000
  1.20406997e+00   0.0000
  7.37349093e-02   0.0000
  6.73625842e-02   0.0000
  1.48566675e+00   0.0000
 -4.76188326e+00   0.0000
 -1.30779898e+00   0.0000
 -8.58354867e-01   0.0000
 -2.83677721e+00   0.0000
 -1.79544717e-01   0.0000
 -6.44919455e-01   0.0000
  3.15404391e+00   0.0000
 -5.34153916e-02   0.0000
 -1.95069164e-01   0.0000
 -3.92569393e-01   0.0000
  8.72298479e-02   0.0000
 -2.24238300e+00   0.0000
 -3.83952260e-01   0.0000
  9.75969493e-01   0.0000
  2.07379218e-02   0.0000
 -2.93647552e+00   0.0000
  2.27848947e-01   0.0000
  2.17954874e+00   0.0000
 -7.39127278e-01   0.0000
  1.66516136e-02   0.0000
  3.89194936e-01   0.0000
 -3.37501951e-02   0.0000
  1.75441459e-01   0.0000
 -1.42748177e-01   0.0000
  1.59799874e+00   0.0000
 -1.59230518e+00   0.0000
  2.46689618e-02   0.0000
 -5.88233657e-02   0.0000
 -2.43261009e-01   0.0000
 -1.68358541e+00   0.0000
  1.06390679e+00   0.0000
 -4.09714133e-01   0.0000
 -2.91287446e+00   0.0000
 -3.63220781e-01   0.0000
 -3.30788523e-01   0.0000
 -9.60786268e-02   0.0000
  3.02996218e-01   0.0000
  2.92714548e+00   0.0000
  2.25520268e-01   0.0000
  1.46159098e-01   0.0000
 -1.57591358e-01   0.0000
  3.75801802e-01   0.0000
 -1.38476932e+00   0.0000
 -2.62268901e-01   0.0000
 -7.57717371e-01   0.0000
 -4.93292809e-01   0.0000
 -2.21164927e-01   0.0000
 -4.38408740e-02   0.0000
  3.18754101e+00   0.0000
 -2.63852906e+00   0.0000
  1.45315623e+00   0.0000
  1.59069324e+00   0.0000
  3.14881839e-02   0.0000
 -3.68224293e-01   0.0000
  2.51706410e-02   0.0000
  1.45333767e+00   0.0000
  4.08667421e+00   0.0000
 -1.45207751e+00   0.0000
 -5.91440439e-01   0.0000
  1.75769222e+00   0.0000
  1.18115819e+00   0.0000
  8.97580326e-01   0.0000
 -9.63896066e-02   0.0000
  3.27470541e-01   0.0000
  1.19721405e-01   0.0000
 -4.33779091e-01   0.0000
 -3.19179744e-01   0.0000
 -5.57555854e-02   0.0000
 -2.70678759e-01   0.0000
  5.64652048e-02   0.0000
  9.12343636e-02   0.0000
  1.01044047e+00   0.0000
 -1.83716106e+00   0.0000
 -5.14734983e-01   0.0000
 -5.40584743e-01   0.0000
  1.19264558e-01   0.0000
  1.19363107e-01   0.0000
  1.39535412e-01   0.0000
  4.41323280e-01   0.0000
 -1.09438449e-01   0.0000
  1.22354043e+00   0.0000
 -8.49791944e-01   0.0000
  3.01246381e+00   0.0000
 -1.26866996e+00   0.0000
 -1.24984062e+00   0.0000
 -2.66527206e-01   0.0000
  9.09239128e-02   0.0000
 -3.73572063e+00   0.0000
  3.34996969e-01   0.0000
  4.60582525e-02   0.0000
 -1.02362081e-01   0.0000
 -2.50773691e-02   0.0000
  4.22992408e-01   0.0000
 -6.39965907e-02   0.0000
  1.33676693e-01   0.0000
  2.36905590e-01   0.0000
 -7.31120110e-01   0.0000
  4.60567385e-01   0.0000
  8.27703118e-01   0.0000
  1.05717659e-01   0.0000
 -3.20720643e-01   0.0000
 -8.19193959e-01   0.0000
  1.28401554e+00   0.0000
  1.00071900e-01   0.0000
  2.01219153e+00   0.0000
 -8.74456346e-01   0.0000
  1.49145246e-01   0.0000
 -2.09456635e+00   0.0000
 -2.29539663e-01   0.0000
  2.04144192e+00   0.0000
  2.96557873e-01   0.0000
 -2.85487205e-01   0.0000
  5.76381758e-02   0.0000
 -5.95609903e-01   0.0000
 -7.76795030e-01   0.0000
 -1.18983448e-01   0.0000
  4.30656105e-01   0.0000
 -1.74833447e-01   0.0000
  7.07841571e-03   0.0000
  1.07758081e+00   0.0000
 -8.28343391e-01   0.0000
 -4.34122682e-01   0.0000
 -8.07395339e-01   0.0000
  7.45561123e-01   0.0000
  4.04721797e-01   0.0000
  4.80342610e-03   0.0000
  1.25503802e+00   0.0000
 -2.25022054e+00   0.0000
  1.79552269e+00   0.0000
 -1.62404037e+00   0.0000
  1.15325069e+00   0.0000
 -2.79351026e-01   0.0000
 -7.05980659e-01   0.0000
 -2.24704593e-01   0.0000
  2.51940954e-02   0.0000
 -2.90903521e+00   0.0000
  1.08512700e-01   0.0000
  4.58480448e-01   0.0000
  1.40748191e+00   0.0000
  8.92495923e-03   0.0000
  2.23830134e-01   0.0000
 -4.62532565e-02   0.0000
 -7.49505237e-02   0.0000
 -7.56237626e-01   0.0000
  2.77273488e+00   0.0000
  5.04868209e-01   0.0000
  3.20896149e-01   0.0000
 -6.96215749e-01   0.0000
 -5.07103503e-01   0.0000
 -5.44540584e-01   0.0000
 -7.44690374e-02   0.0000
 -4.95367110e-01   0.0000
 -2.81545550e-01   0.0000
  6.99465424e-02   0.0000
 -1.43294132e+00   0.0000
  1.38667309e+00   0.0000
  4.88724411e-01   0.0000
  1.31697381e+00   0.0000
  9.99535844e-02   0.0000
  3.40405554e-02   0.0000
 -8.33700821e-02   0.0000
 -3.15618992e-01   0.0000
  1.64127588e+00   0.0000
 -1.81591466e-01   0.0000
 -1.37621552e-01   0.0000
 -3.40866536e-01   0.0000
 -1.00196414e-01   0.0000
  3.90429527e-01   0.0000
 -2.54278016e+00   0.0000
  1.86675215e+00   0.0000
  2.20811343e+00   0.0000
  6.14935815e-01   0.0000
 -3.79103333e-01   0.0000
 -2.09051445e-01   0.0000
 -2.75407767e+00   0.0000
  7.16503039e-02   0.0000
  1.86171174e+00   0.0000
  1.44954646e+00   0.0000
  1.82583117e+00   0.0000
  2.25994396e+00   0.0000
  7.46425986e-01   0.0000
  9.72905517e-01   0.0000
 -7.97160044e-02   0.0000
  3.79405308e+00   0.0000
  2.37428963e-01   0.0000
  3.82794571e+00   0.0000
 -3.28515708e-01   0.0000
  7.09477067e-02   0.0000
  5.14537215e-01   0.0000
  1.90997779e-01   0.0000
  1.76313296e-02   0.0000
  9.67303753e-01   0.0000
  1.33996320e+00   0.0000
 -3.75948668e+00   0.0000
  1.86843109e+00   0.0000
  6.09941304e-01   0.0000
  4.24029946e-01   0.0000
 -3.62602353e-01   0.0000
  8.24611664e-01   0.0000
 -8.04863036e-01   0.0000
 -4.71129894e+00   0.0000
 -5.66891861e+00   0.0000
  1.35873163e+00   0.0000
  2.33911324e+00   0.0000
 -9.98033211e-02   0.0000
  6.19499564e-01   0.0000
  4.31676924e-01   0.0000
 -1.33254397e+00   0.0000
  5.77141583e-01   0.0000
  6.52703166e-01   0.0000
  2.07916573e-01   0.0000
  1.45382300e-01   0.0000
  1.75513253e-01   0.0000
  2.96303570e-01   0.0000
  2.34045714e-01   0.0000
  2.85004020e-01   0.0000
 -4.16910315e+00   0.0000
  1.04153156e+00   0.0000
  3.04035127e-01   0.0000
  1.00031483e+00   0.0000
 -5.82198262e-01   0.0000
 -1.14439106e+00   0.0000
  1.31739581e+00   0.0000
  4.90312189e-01   0.0000
  4.13653088e+00   0.0000
 -2.62603259e+00   0.0000
 -1.73311281e+00   0.0000
 -1.85696554e+00   0.0000
 -7.01796830e-01   0.0000
  2.38178349e+00   0.0000
  3.73204857e-01   0.0000
 -7.70022094e-01   0.0000
 -4.54961546e-02   0.0000
 -1.13252556e+00   0.0000
  1.56882334e+00   0.0000
  3.67013924e-02   0.0000
 -1.27066004e+00   0.0000
 -1.82021800e-02   0.0000
 -5.21840677e-02   0.0000
 -1.97059166e+00   0.0000
  1.65298057e+00   0.0000
  2.37386370e+00   0.0000
 -1.37868226e+00   0.0000
  7.82756865e-01   0.0000
  2.09259972e-01   0.0000
  3.44224662e-01   0.0000
 -1.86203754e+00   0.0000
 -2.38075107e-01   0.0000
  1.97844100e+00   0.0000
  2.97270924e-01   0.0000
 -1.48520958e+00   0.0000
  2.85511494e+00   0.0000
  4.05972362e-01   0.0000
 -3.43785346e-01   0.0000
  4.20632251e-02   0.0000
  3.32821965e+00   0.0000
 -1.56974375e-01   0.0000
  4.70773518e-01   0.0000
 -1.41328561e+00   0.0000
 -4.46306057e-02   0.0000
  1.16431832e+00   0.0000
 -1.93542808e-01   0.0000
 -1.17899878e-02   0.0000
  1.35036695e+00   0.0000
  1.23727870e+00   0.0000
 -2.76648188e+00   0.0000
 -1.61541224e+00   0.0000
  2.08135700e+00   0.0000
  6.15514740e-02   0.0000
  1.27358526e-01   0.0000
 -3.40764165e-01   0.0000
  5.24731636e-01   0.0000
  2.62667823e+00   0.0000
  2.93492556e-01   0.0000
 -3.45123291e+00   0.0000
 -1.71129420e-01   0.0000
  7.86927864e-02   0.0000
 -1.16167212e+00   0.0000
 -1.18040927e-01   0.0000
  7.37781942e-01   0.0000
  2.14061618e-01   0.0000
  1.90685833e+00   0.0000
 -1.01888883e+00   0.0000
  7.71222338e-02   0.0000
 -1.83252633e-01   0.0000
  1.13068216e-01   0.0000
  1.15009360e-01   0.0000
  4.02772605e-01   0.0000
  2.09177542e+00   0.0000
  1.70345533e+00   0.0000
  1.96053460e-01   0.0000
  1.05256152e+00   0.0000
 -2.47790217e-01   0.0000
  1.84992161e-02   0.0000
 -8.80937767e+00   0.0000
 -4.96196866e-01   0.0000
 -3.44495058e+00   0.0000
 -6.65064871e-01   0.0000
  1.23624158e+00   0.0000
  6.27649403e+00   0.0000
 -2.06078872e-01   0.0000
 -4.86243069e-01   0.0000
  1.74888954e-01   0.0000
  1.58144689e+00   0.0000
  3.54418047e-02   0.0000
  1.06475604e+00   0.0000
  1.49718249e+00   0.0000
 -3.27458419e-02   0.0000
 -4.50220495e-01   0.0000
 -8.06592256e-02   0.0000
 -1.21259466e-02   0.0000
  7.44917572e-01   0.0000
 -2.80230689e+00   0.0000
 -8.71420383e-01   0.0000
 -6.53076649e-01   0.0000
  5.15821278e-01   0.0000
  8.69064629e-01   0.0000
 -4.92413372e-01   0.0000
  6.00812817e+00   0.0000
  7.53011942e-01   0.0000
 -2.43129754e+00   0.0000
 -2.02790499e+00   0.0000
  2.48335624e+00   0.0000
 -2.61206269e+00   0.0000
 -9.40999389e-01   0.0000
  1.16635358e+00   0.0000
  9.89215225e-02   0.0000
 -1.46377516e+01   0.0000
  4.09407288e-01   0.0000
 -2.69707114e-01   0.0000
  2.05936115e-02   0.0000
  9.92656350e-02   0.0000
 -1.42335653e+00   0.0000
  1.42018363e-01   0.0000
 -7.57646635e-02   0.0000
 -1.52977574e+00   0.0000
 -2.35102797e+00   0.0000
  9.05813575e-01   0.0000
  2.37624601e-01   0.0000
 -1.00347006e+00   0.0000
  2.14823589e-01   0.0000
 -1.29917216e+00   0.0000
 -2.05738330e+00   0.0000
  1.55651703e-01   0.0000
  7.73054779e-01   0.0000
 -3.57390255e-01   0.0000
 -3.48745871e+00   0.0000
 -1.79027116e+00   0.0000
  4.04453099e-01   0.0000
  2.61777186e+00   0.0000
  3.69268417e-01   0.0000
  3.36231852e+00   0.0000
  8.31425413e-02   0.0000
  7.94137299e-01   0.0000
 -4.34411049e-01   0.0000
 -1.12170838e-01   0.0000
  1.31709743e+00   0.0000
 -2.90442050e-01   0.0000
  7.23869656e-04   0.0000
  2.08820176e+00   0.0000
 -4.25453138e+00   0.0000
  7.01229274e-01   0.0000
  2.28111124e+00   0.0000
 -2.59001684e+00   0.0000
  1.49504519e+00   0.0000
  3.22146356e-01   0.0000
  5.07156432e-01   0.0000
 -7.61393130e-01   0.0000
  2.90330797e-01   0.0000
 -4.04033661e-01   0.0000
  4.47488689e+00   0.0000
  9.78030205e-01   0.0000
 -1.66167700e+00   0.0000
 -8.76205325e-01   0.0000
  3.82342525e-02   0.0000
  1.21422148e+00   0.0000
 -1.63926110e-01   0.0000
  8.77604112e-02   0.0000
 -1.21260381e+00   0.0000
 -6.46357536e-02   0.0000
 -5.57092428e-01   0.0000
 -4.74911593e-02   0.0000
 -1.13282576e-01   0.0000
  1.72971651e-01   0.0000
  4.17178202e+00   0.0000
 -4.08798075e+00   0.0000
  1.22438383e+00   0.0000
 -1.64001799e+00   0.0000
  3.63450974e-01   0.0000
  6.86321199e-01   0.0000
 -1.13700962e+00   0.0000
 -2.35036755e+00   0.0000
 -2.60234922e-02   0.0000
  2.49287002e-02   0.0000
  1.97137880e+00   0.0000
 -5.52755773e-01   0.0000
 -7.61844575e-01   0.0000
 -8.20305586e-01   0.0000
 -1.88838229e-01   0.0000
 -4.37958145e+00   0.0000
  9.64057073e-03   0.0000
 -1.16470635e+00   0.0000
 -1.28880596e+00   0.0000
  8.19703639e-02   0.0000
  1.99195206e-01   0.0000
  1.42058894e-01   0.0000
  2.38430016e-02   0.0000
  6.92118108e-01   0.0000
 -2.66450191e+00   0.0000
 -1.05838490e+00   0.0000
  1.27017975e+00   0.0000
 -2.81330037e+00   0.0000
  5.99922240e-01   0.0000
  4.43544239e-01   0.0000
  1.40353262e+00   0.0000
 -7.33957052e-01   0.0000
  7.89574814e+00   0.0000
 -3.45947891e-01   0.0000
  2.26046991e+00   0.0000
 -1.35492611e+00   0.0000
 -5.94686449e-01   0.0000
 -6.49020970e-01   0.0000
 -2.39059962e-02   0.0000
  1.72612309e+00   0.0000
 -4.48707581e-01   0.0000
 -3.77857238e-01   0.0000
  8.36740613e-01   0.0000
 -1.62395194e-01   0.0000
 -3.71461012e-03   0.0000
 -1.88506335e-01   0.0000
 -2.03260779e-01   0.0000
 -5.49135089e-01   0.0000
  3.81594971e-02   0.0000
  2.46317729e-01   0.0000
  2.29748297e+00   0.0000
  1.65456188e+00   0.0000
 -6.29778057e-02   0.0000
  7.38632798e-01   0.0000
 -8.02168369e-01   0.0000
  1.16651607e+00   0.0000
  2.96403952e-02   0.0000
  2.33094946e-01   0.0000
 -1.94772434e+00   0.0000
  1.30490452e-01   0.0000
  6.61077857e-01   0.0000
 -2.86944807e-01   0.0000
 -5.02106249e-01   0.0000
 -9.43490124e+00   0.0000
 -1.35425317e+00   0.0000
 -4.98468924e+00   0.0000
 -5.47041130e+00   0.0000
 -4.76374447e-01   0.0000
 -2.29415822e+00   0.0000
 -8.14310014e-01   0.0000
 -5.57133794e-01   0.0000
 -3.91711283e+00   0.0000
  6.23787785e+00   0.0000
  5.11431742e+00   0.0000
  5.84574175e+00   0.0000
  5.05271578e+00   0.0000
 -5.82413495e-01   0.0000
  3.47044969e+00   0.0000
 -8.53542995e+00   0.0000
  3.59343433e+00   0.0000
  1.13592262e+01   0.0000
  7.04161930e+00   0.0000
 -7.05814171e+00   0.0000
  6.85449219e+00   0.0000
  3.09102392e+00   0.0000
 -6.00510216e+00   0.0000
 -1.19567454e+00   0.0000
  0.00000000e+00   0.0000

