 5 0.000000 1
 1 
 Si 28.085500
 0 0.250000 4.500000 1.000000 1.500000 
 5 0 1 2 3 4
 6 0.01000 0.25000 0.50000 5.50000 6.00000 6.25000
 1 12.169200 6.172630 3.114710 0.755675 0.404939 0.036124 0.650018 0.572890
 4 30 24 24 1
 -3.56471092e-01   0.0000
 -1.29206121e+00   0.0000
 -2.02741003e+00   0.0000
  2.56316990e-01   0.0000
  5.25263548e-02   0.0000
 -4.08150530e+00   0.0000
 -1.75595200e+00   0.0000
 -1.51701987e+00   0.0000
  1.23202112e-02   0.0000
 -1.02716756e+00   0.0000
 -1.28355038e+00   0.0000
 -9.60161150e-01   0.0000
  9.38080728e-01   0.0000
  7.84766972e-01   0.0000
  7.39001930e-01   0.0000
 -8.07103038e-01   0.0000
  1.13327360e+00   0.0000
 -1.09289914e-01   0.0000
  3.39653462e-01   0.0000
 -1.91673529e+00   0.0000
 -2.46837124e-01   0.0000
  5.27172387e-01   0.0000
  1.99868941e+00   0.0000
 -1.28019810e-01   0.0000
 -1.41800034e+00   0.0000
 -2.16785812e+00   0.0000
 -2.52895665e+00   0.0000
 -1.82850766e+00   0.0000
  1.84850171e-01   0.0000
 -2.17421055e+00   0.0000
 -5.13115287e-01   0.0000
 -2.97322059e+00   0.0000
  6.58751845e-01   0.0000
 -9.23256874e-01   0.0000
 -1.69509280e+00   0.0000
 -9.99816954e-01   0.0000
 -1.55813143e-01   0.0000
  1.05740511e+00   0.0000
  4.81928378e-01   0.0000
 -1.06374168e+00   0.0000
  3.44911069e-01   0.0000
  3.57962340e-01   0.0000
 -8.41961086e-01   0.0000
 -2.52231431e+00   0.0000
 -2.82238150e+00   0.0000
  8.43294680e-01   0.0000
  7.09622145e-01   0.0000
 -1.35114789e-01   0.0000
 -3.95103884e+00   0.0000
 -3.70608234e+00   0.0000
  7.48345196e-01   0.0000
 -9.19114017e+00   0.0000
 -2.12552756e-01   0.0000
  9.39528084e+00   0.0000
  1.33621168e+00   0.0000
 -5.82044458e+00   0.0000
 -2.53080904e-01   0.0000
  4.33606952e-01   0.0000
 -1.29190361e+00   0.0000
 -4.27423678e-02   0.0000
 -3.96111250e+00   0.0000
 -1.62504852e+00   0.0000
 -2.80989170e+00   0.0000
 -5.55047154e-01   0.0000
 -1.31741273e+00   0.0000
  3.03309369e+00   0.0000
 -4.91788483e+00   0.0000
  2.35311079e+00   0.0000
 -1.09531088e+01   0.0000
  1.97287989e+00   0.0000
 -1.13224435e+00   0.0000
  3.26914477e+00   0.0000
 -1.93265641e+00   0.0000
 -1.30666554e+00   0.0000
 -1.43375194e+00   0.0000
 -1.40104342e+00   0.0000
  1.65914580e-01   0.0000
  2.23262691e+00   0.0000
 -8.00818563e-01   0.0000
 -2.41484332e+00   0.0000
 -1.77268624e-01   0.0000
  5.31413496e-01   0.0000
 -1.70703483e+00   0.0000
  4.04868096e-01   0.0000
 -1.52652216e+00   0.0000
 -9.64902937e-01   0.0000
 -1.83409500e+00   0.0000
 -3.33030009e+00   0.0000
  6.14330828e-01   0.0000
 -1.15213084e+00   0.0000
 -5.87924290e+00   0.0000
  1.35723686e+00   0.0000
 -6.51440859e-01   0.0000
  7.86225975e-01   0.0000
  4.31351233e+00   0.0000
  3.79719186e+00   0.0000
  8.81148279e-02   0.0000
 -7.94154763e-01   0.0000
 -1.51016402e+00   0.0000
  5.98288250e+00   0.0000
  3.30830514e-01   0.0000
 -4.82062668e-01   0.0000
 -8.55704695e-02   0.0000
 -1.27633643e+00   0.0000
 -5.35569251e-01   0.0000
 -1.62183166e+00   0.0000
 -1.08079720e+00   0.0000
  1.61135042e+00   0.0000
  2.05142856e+00   0.0000
  7.43272543e-01   0.0000
  2.17221808e+00   0.0000
 -1.14461577e+00   0.0000
  9.52591419e-01   0.0000
 -2.93047285e+00   0.0000
  6.56325996e-01   0.0000
 -1.19729745e+00   0.0000
  4.41081285e+00   0.0000
  1.61072779e+00   0.0000
  1.40666032e+00   0.0000
 -2.02555537e-01   0.0000
  7.03434795e-02   0.0000
 -3.08197170e-01   0.0000
 -6.88015819e-01   0.0000
  2.96857882e+00   0.0000
 -6.83102235e-02   0.0000
 -1.28708974e-01   0.0000
  4.03902054e-01   0.0000
 -4.91038769e-01   0.0000
 -3.40355277e-01   0.0000
 -6.49943590e-01   0.0000
 -4.68242556e-01   0.0000
  7.13802755e-01   0.0000
  9.87658024e-01   0.0000
  1.03481032e-01   0.0000
  1.07145905e+00   0.0000
 -4.72081572e-01   0.0000
  7.82628894e-01   0.0000
 -1.26115155e+00   0.0000
  3.84138376e-01   0.0000
 -3.61346066e-01   0.0000
  2.14548421e+00   0.0000
  7.96809912e-01   0.0000
  5.34122944e-01   0.0000
 -1.87759429e-01   0.0000
  2.25513414e-01   0.0000
  9.92393568e-02   0.0000
  2.05859944e-01   0.0000
 -2.79844493e-01   0.0000
  4.77760397e-02   0.0000
 -4.79061931e-01   0.0000
 -4.11639214e-01   0.0000
 -2.22326040e-01   0.0000
  3.82010341e-01   0.0000
 -3.38472575e-02   0.0000
 -4.60062325e-01   0.0000
  2.54996479e-01   0.0000
  2.79560208e-01   0.0000
 -1.92847177e-01   0.0000
  1.22319198e+00   0.0000
 -4.86844540e-01   0.0000
  6.30050376e-02   0.0000
  2.46122479e-01   0.0000
  1.40233338e-01   0.0000
  2.13414252e-01   0.0000
 -2.83062845e-01   0.0000
 -4.26271766e-01   0.0000
  2.75576115e-02   0.0000
  5.94372094e-01   0.0000
  5.06028175e-01   0.0000
  1.69601217e-01   0.0000
 -2.68151939e-01   0.0000
 -1.55406201e+00   0.0000
  4.73226607e-01   0.0000
 -2.15959644e+00   0.0000
 -8.01974535e-01   0.0000
 -6.83204532e-01   0.0000
  1.71643353e+00   0.0000
  3.19777668e-01   0.0000
 -1.21553421e+00   0.0000
  4.57389951e-01   0.0000
  2.87449688e-01   0.0000
 -6.33148909e-01   0.0000
  3.39910078e+00   0.0000
 -1.47446334e+00   0.0000
 -2.03146085e-01   0.0000
  6.29484951e-01   0.0000
  5.25065958e-01   0.0000
  7.27721810e-01   0.0000
 -1.34824026e+00   0.0000
 -1.00818777e+00   0.0000
  4.50365305e-01   0.0000
  6.31323382e-02   0.0000
  9.46247995e-01   0.0000
  5.78107178e-01   0.0000
 -2.11547899e+00   0.0000
 -6.46869755e+00   0.0000
  1.55937099e+00   0.0000
 -7.58202934e+00   0.0000
 -2.22067118e+00   0.0000
 -1.84796083e+00   0.0000
  5.44116783e+00   0.0000
  1.62366009e+00   0.0000
 -3.01747990e+00   0.0000
  4.49778825e-01   0.0000
 -1.44150615e-01   0.0000
 -1.76339173e+00   0.0000
  8.94242954e+00   0.0000
 -4.14229727e+00   0.0000
 -5.17590165e-01   0.0000
  1.63448071e+00   0.0000
  1.75504827e+00   0.0000
  1.47030854e+00   0.0000
 -5.50195217e+00   0.0000
 -2.60313463e+00   0.0000
  1.99290204e+00   0.0000
 -1.75835979e+00   0.0000
 -6.04580164e-01   0.0000
  1.02808857e+00   0.0000
 -2.39914131e+00   0.0000
  3.32895565e+00   0.0000
  9.57743764e-01   0.0000
 -2.81457758e+00   0.0000
  1.24017537e+00   0.0000
  2.44981480e+00   0.0000
  6.51918054e-01   0.0000
 -2.53660500e-01   0.0000
  1.71208942e+00   0.0000
 -7.88004041e-01   0.0000
  9.29373205e-01   0.0000
 -1.50088692e+00   0.0000
 -7.86684036e-01   0.0000
 -4.69308525e-01   0.0000
 -6.01122618e-01   0.0000
 -4.01176512e-01   0.0000
 -5.01736927e+00   0.0000
  2.70404792e+00   0.0000
  3.47420216e+00   0.0000
 -2.13212943e+00   0.0000
  4.42552269e-01   0.0000
  1.81758690e+00   0.0000
 -6.66715443e-01   0.0000
 -1.01387274e+00   0.0000
 -7.25383818e-01   0.0000
  1.30652964e+00   0.0000
 -5.16712546e-01   0.0000
 -2.05802178e+00   0.0000
 -1.13113165e+00   0.0000
 -5.11313975e-01   0.0000
 -1.57176539e-01   0.0000
 -3.28571737e-01   0.0000
 -5.44857204e-01   0.0000
 -6.56526268e-01   0.0000
  4.86679882e-01   0.0000
  2.56128103e-01   0.0000
 -1.72766304e+00   0.0000
 -3.81777704e-01   0.0000
  4.88736898e-01   0.0000
  7.83628002e-02   0.0000
  5.19690931e-01   0.0000
 -2.08630514e+00   0.0000
  1.18099737e+00   0.0000
 -1.31903696e+00   0.0000
 -2.53949594e-03   0.0000
  1.77873206e+00   0.0000
 -3.37966353e-01   0.0000
 -4.60352749e-01   0.0000
 -3.14531088e-01   0.0000
  4.85975355e-01   0.0000
 -2.29166135e-01   0.0000
 -8.75001669e-01   0.0000
 -5.34299791e-01   0.0000
 -2.60762721e-01   0.0000
 -8.74511674e-02   0.0000
 -1.92170486e-01   0.0000
 -2.89296746e-01   0.0000
 -2.53781855e-01   0.0000
  1.58657193e-01   0.0000
  1.65466249e-01   0.0000
 -8.16550791e-01   0.0000
 -1.83954313e-01   0.0000
  1.93752259e-01   0.0000
  6.49840087e-02   0.0000
  3.48834068e-01   0.0000
 -9.82257664e-01   0.0000
  4.69610512e-01   0.0000
 -5.41989803e-01   0.0000
 -2.22337767e-02   0.0000
  7.40387321e-01   0.0000
 -2.89497048e-01   0.0000
 -2.88389683e-01   0.0000
 -5.15747607e-01   0.0000
 -3.03846985e-01   0.0000
 -1.49157476e+00   0.0000
 -1.30495632e+00   0.0000
 -3.09113055e-01   0.0000
 -2.81521767e-01   0.0000
 -1.96693987e-01   0.0000
 -6.56636715e-01   0.0000
 -6.58398628e-01   0.0000
 -6.43127680e-01   0.0000
  2.87843466e-01   0.0000
 -2.33232275e-01   0.0000
 -3.80811691e-01   0.0000
 -3.76934379e-01   0.0000
  2.50725478e-01   0.0000
 -8.45605060e-02   0.0000
  2.13718370e-01   0.0000
  2.54709780e-01   0.0000
 -2.27057159e-01   0.0000
 -8.20429981e-01   0.0000
 -3.59222442e-01   0.0000
 -3.01281153e-03   0.0000
 -3.28070730e-01   0.0000
 -6.82336688e-01   0.0000
 -1.36326551e+00   0.0000
 -1.79927909e+00   0.0000
 -2.55067873e+00   0.0000
 -2.88301396e+00   0.0000
  7.08959177e-02   0.0000
 -4.80268002e-01   0.0000
 -5.97006261e-01   0.0000
 -1.11744475e+00   0.0000
 -1.57526720e+00   0.0000
 -1.29698634e+00   0.0000
  4.38633442e-01   0.0000
 -4.14141476e-01   0.0000
 -2.50308722e-01   0.0000
 -1.01300108e+00   0.0000
  7.19261244e-02   0.0000
 -8.45224187e-02   0.0000
  3.46297830e-01   0.0000
 -2.78925151e-01   0.0000
 -1.34814525e+00   0.0000
 -1.18022847e+00   0.0000
 -7.04398096e-01   0.0000
 -1.44541538e+00   0.0000
 -7.66384182e-03   0.0000
 -6.37692750e-01   0.0000
 -3.06689358e+00   0.0000
 -7.24178362e+00   0.0000
 -2.84058905e+00   0.0000
 -5.10095167e+00   0.0000
  2.76690412e+00   0.0000
 -1.56013453e-02   0.0000
 -1.93064415e+00   0.0000
 -1.64804804e+00   0.0000
 -2.92595434e+00   0.0000
 -2.06381154e+00   0.0000
 -5.61600812e-02   0.0000
 -1.18789744e+00   0.0000
  1.76159286e+00   0.0000
 -2.64209604e+00   0.0000
 -1.11236084e+00   0.0000
  2.90215939e-01   0.0000
  9.61472243e-02   0.0000
 -3.61398995e-01   0.0000
 -5.41568184e+00   0.0000
 -1.50777534e-01   0.0000
 -9.51609194e-01   0.0000
 -6.34636450e+00   0.0000
 -4.35322791e-01   0.0000
  1.23666418e+00   0.0000
  3.96682239e+00   0.0000
  2.90863371e+00   0.0000
 -4.29873848e+00   0.0000
  2.69672441e+00   0.0000
  1.99487710e+00   0.0000
  1.39986575e+00   0.0000
 -8.24049890e-01   0.0000
 -1.79110691e-01   0.0000
  1.73554015e+00   0.0000
  1.82061529e+00   0.0000
  1.30490613e+00   0.0000
 -1.11436144e-01   0.0000
 -8.69185567e-01   0.0000
  3.09957695e+00   0.0000
  9.51429784e-01   0.0000
 -2.70570827e+00   0.0000
 -4.92259455e+00   0.0000
  1.62874091e+00   0.0000
  3.66815352e+00   0.0000
 -1.48995852e+00   0.0000
 -1.38528478e+00   0.0000
  2.99144483e+00   0.0000
 -4.47747737e-01   0.0000
 -5.58647394e-01   0.0000
  1.91145092e-01   0.0000
  1.18834507e+00   0.0000
 -9.27341342e-01   0.0000
 -9.50516403e-01   0.0000
 -6.73584580e-01   0.0000
 -5.29866457e-01   0.0000
 -1.79868668e-01   0.0000
 -2.83727318e-01   0.0000
 -3.61520529e-01   0.0000
 -1.71801969e-01   0.0000
  5.01714528e-01   0.0000
  4.70756471e-01   0.0000
 -1.03742099e+00   0.0000
  2.09696174e-01   0.0000
  6.54259622e-01   0.0000
 -2.62141436e-01   0.0000
  3.61754507e-01   0.0000
 -1.86831737e+00   0.0000
  1.22864783e+00   0.0000
 -6.90914750e-01   0.0000
 -1.78581268e-01   0.0000
  1.32569265e+00   0.0000
 -1.96196049e-01   0.0000
 -2.63573229e-01   0.0000
  1.77836623e-02   0.0000
  4.21744764e-01   0.0000
 -3.51176590e-01   0.0000
 -4.74410951e-01   0.0000
 -3.29838455e-01   0.0000
 -2.46897548e-01   0.0000
 -6.84528202e-02   0.0000
 -1.65523216e-01   0.0000
 -2.11248606e-01   0.0000
 -1.09176092e-01   0.0000
  1.69706807e-01   0.0000
  2.13127926e-01   0.0000
 -4.34751481e-01   0.0000
  6.35290965e-02   0.0000
  2.76898265e-01   0.0000
 -9.72770005e-02   0.0000
  2.58134693e-01   0.0000
 -8.05646479e-01   0.0000
  4.24733609e-01   0.0000
 -2.59391010e-01   0.0000
 -3.19422260e-02   0.0000
  4.88592237e-01   0.0000
 -4.82083201e-01   0.0000
 -3.96145612e-01   0.0000
  2.85952210e-01   0.0000
 -2.34429702e-01   0.0000
 -2.73847699e-01   0.0000
 -3.25506091e+00   0.0000
 -1.83546853e+00   0.0000
 -6.42677665e-01   0.0000
  7.41224349e-01   0.0000
 -3.69759411e-01   0.0000
 -7.93144822e-01   0.0000
 -4.23422128e-01   0.0000
  4.45215195e-01   0.0000
  2.05261782e-01   0.0000
 -4.69575375e-01   0.0000
 -4.49377745e-01   0.0000
  1.40414083e+00   0.0000
  5.09689629e-01   0.0000
  5.61520755e-01   0.0000
 -1.65123463e+00   0.0000
 -4.18250322e-01   0.0000
  3.17460001e-01   0.0000
 -2.23631829e-01   0.0000
  2.37048984e+00   0.0000
 -8.21199596e-01   0.0000
 -4.52258348e-01   0.0000
  1.03038955e+00   0.0000
 -1.81951559e+00   0.0000
 -6.84609532e-01   0.0000
 -5.16705799e+00   0.0000
 -1.45190024e+00   0.0000
 -1.07332778e+00   0.0000
  1.39175439e+00   0.0000
 -4.57686931e-01   0.0000
 -1.41395938e+00   0.0000
  1.67808518e-01   0.0000
  2.48121992e-01   0.0000
 -2.13105321e-01   0.0000
 -3.75467427e-02   0.0000
 -8.99901569e-01   0.0000
  1.40625834e+00   0.0000
  1.25502372e+00   0.0000
  7.21675098e-01   0.0000
 -1.77147734e+00   0.0000
 -1.94466650e+00   0.0000
  1.79666042e+00   0.0000
 -7.11631894e-01   0.0000
  3.97637343e+00   0.0000
 -6.88893616e-01   0.0000
  7.71464050e-01   0.0000
  3.67968988e+00   0.0000
 -8.01620293e+00   0.0000
 -4.53768969e-01   0.0000
 -3.30794382e+00   0.0000
  3.14423704e+00   0.0000
 -9.88732874e-01   0.0000
  8.15778852e-01   0.0000
  1.77567035e-01   0.0000
 -1.52334154e+00   0.0000
  2.86864018e+00   0.0000
 -1.65704715e+00   0.0000
 -2.27874732e+00   0.0000
  3.41406560e+00   0.0000
 -1.48416603e+00   0.0000
 -5.68426907e-01   0.0000
  2.91534376e+00   0.0000
 -5.79350114e-01   0.0000
  2.22995830e+00   0.0000
 -7.43321466e+00   0.0000
  6.98522282e+00   0.0000
 -1.43788290e+00   0.0000
  4.88196850e+00   0.0000
 -1.32319018e-01   0.0000
  2.25670174e-01   0.0000
 -2.74251401e-01   0.0000
 -1.44560468e+00   0.0000
  9.39262092e-01   0.0000
 -1.74321246e+00   0.0000
  1.64330637e+00   0.0000
 -1.18221410e-01   0.0000
  8.03239942e-01   0.0000
  8.27502787e-01   0.0000
  8.21133137e-01   0.0000
  1.70273709e+00   0.0000
  1.15729518e-01   0.0000
 -2.34634829e+00   0.0000
 -2.08489108e+00   0.0000
  1.19954027e-01   0.0000
 -2.02989078e+00   0.0000
 -2.10116720e+00   0.0000
 -3.64013028e+00   0.0000
  1.39361113e-01   0.0000
  5.25115967e-01   0.0000
  1.30732393e+00   0.0000
  1.37471378e-01   0.0000
  4.57485056e+00   0.0000
 -6.70738220e-01   0.0000
 -1.08734548e+00   0.0000
 -5.15933275e-01   0.0000
  1.53749526e+00   0.0000
 -6.81238830e-01   0.0000
 -2.00963211e+00   0.0000
 -1.52279186e+00   0.0000
 -1.00907469e+00   0.0000
  2.35163152e-01   0.0000
 -3.29400510e-01   0.0000
 -6.96210563e-01   0.0000
 -4.06271785e-01   0.0000
  5.92918694e-01   0.0000
  2.49253795e-01   0.0000
 -1.67754829e+00   0.0000
 -2.18376771e-01   0.0000
  6.52816713e-01   0.0000
 -4.32684511e-01   0.0000
  8.28895450e-01   0.0000
 -2.60391045e+00   0.0000
  1.25173116e+00   0.0000
 -6.09277546e-01   0.0000
 -2.69968450e-01   0.0000
  2.07747602e+00   0.0000
 -2.86521047e-01   0.0000
 -4.29076016e-01   0.0000
 -1.89033821e-01   0.0000
  6.97125494e-01   0.0000
 -2.74388403e-01   0.0000
 -8.01034272e-01   0.0000
 -6.58668220e-01   0.0000
 -4.34131414e-01   0.0000
  5.19385375e-02   0.0000
 -1.37536734e-01   0.0000
 -2.90885419e-01   0.0000
 -2.17022583e-01   0.0000
  2.61754215e-01   0.0000
  1.35177299e-01   0.0000
 -6.50515318e-01   0.0000
 -1.08901784e-01   0.0000
  3.66104871e-01   0.0000
 -1.59474239e-01   0.0000
  4.36439365e-01   0.0000
 -1.11917496e+00   0.0000
  4.92272437e-01   0.0000
 -2.59370893e-01   0.0000
 -1.48770541e-01   0.0000
  7.89046705e-01   0.0000
 -2.74247646e-01   0.0000
 -1.80338621e-01   0.0000
 -2.00998306e-01   0.0000
 -2.94012457e-01   0.0000
 -2.22161531e+00   0.0000
 -9.13232803e-01   0.0000
 -1.87279773e+00   0.0000
 -3.00608307e-01   0.0000
  1.14741278e+00   0.0000
 -1.59186304e-01   0.0000
 -3.85741204e-01   0.0000
 -5.04509434e-02   0.0000
  4.34680939e-01   0.0000
  1.36607611e+00   0.0000
 -1.06667787e-01   0.0000
 -7.65600681e-01   0.0000
  2.09763670e+00   0.0000
  2.82589555e-01   0.0000
  7.77254179e-02   0.0000
 -3.06671095e+00   0.0000
 -2.44519949e-01   0.0000
 -1.08420765e-02   0.0000
 -6.25778735e-01   0.0000
  7.39785373e-01   0.0000
 -5.92746854e-01   0.0000
  1.20373564e-02   0.0000
 -9.09980059e-01   0.0000
 -1.71682918e+00   0.0000
 -1.30140555e+00   0.0000
 -2.03163433e+00   0.0000
 -2.12174582e+00   0.0000
 -7.70947993e-01   0.0000
  1.09468974e-01   0.0000
  7.71171898e-02   0.0000
 -7.36930430e-01   0.0000
  3.51898134e-01   0.0000
  4.54217702e-01   0.0000
  1.28024220e+00   0.0000
 -9.39597376e-03   0.0000
 -1.91370034e+00   0.0000
  2.31621289e+00   0.0000
  5.52360266e-02   0.0000
 -9.66288522e-02   0.0000
 -2.20058632e+00   0.0000
 -1.47682846e+00   0.0000
  3.83996755e-01   0.0000
 -1.22533989e+00   0.0000
  3.15773822e-02   0.0000
 -1.54839957e+00   0.0000
  1.19778895e+00   0.0000
 -3.10074091e+00   0.0000
 -7.09750557e+00   0.0000
  1.32210004e+00   0.0000
 -3.98355460e+00   0.0000
 -1.36486542e+00   0.0000
 -1.94706511e+00   0.0000
 -1.55037880e+00   0.0000
  5.89713275e-01   0.0000
 -1.17704940e+00   0.0000
  8.92868459e-01   0.0000
 -7.39299357e-01   0.0000
  1.17623933e-01   0.0000
 -5.52145056e-02   0.0000
 -4.00337505e+00   0.0000
  2.54947722e-01   0.0000
 -2.30833936e+00   0.0000
 -9.13744032e-01   0.0000
  3.77610278e+00   0.0000
 -6.14487696e+00   0.0000
  1.98673570e+00   0.0000
 -1.82990456e+00   0.0000
 -3.30231118e+00   0.0000
  1.76751947e+00   0.0000
  7.43111610e-01   0.0000
  1.35180402e+00   0.0000
 -8.33622336e-01   0.0000
  2.22569895e+00   0.0000
  2.87809682e+00   0.0000
  1.35391378e+00   0.0000
 -9.98868883e-01   0.0000
  9.84981477e-01   0.0000
 -1.48840165e+00   0.0000
  8.69292796e-01   0.0000
 -4.67992574e-02   0.0000
  7.44663477e-01   0.0000
  3.37907767e+00   0.0000
 -1.53786051e+00   0.0000
  2.68121839e+00   0.0000
  1.45451033e+00   0.0000
 -4.50201988e+00   0.0000
  1.79444540e+00   0.0000
  1.29483509e+00   0.0000
 -2.20490193e+00   0.0000
  2.93804789e+00   0.0000
  2.07190111e-01   0.0000
  2.77765250e+00   0.0000
  1.54325351e-01   0.0000
 -5.12398124e-01   0.0000
 -9.57751036e-01   0.0000
  2.15384054e+00   0.0000
 -2.05822611e+00   0.0000
 -1.55307817e+00   0.0000
 -3.07376099e+00   0.0000
 -1.07348239e+00   0.0000
  2.70207334e+00   0.0000
 -5.02247274e-01   0.0000
 -6.08494461e-01   0.0000
 -1.63618553e+00   0.0000
  1.09937036e+00   0.0000
  2.10635996e+00   0.0000
 -5.76494336e-01   0.0000
 -3.73006135e-01   0.0000
  6.99570954e-01   0.0000
 -6.27616107e-01   0.0000
  1.62353015e+00   0.0000
 -1.75738525e+00   0.0000
  1.98056865e+00   0.0000
 -2.61421293e-01   0.0000
  6.00806117e-01   0.0000
  1.34790373e+00   0.0000
  6.54887334e-02   0.0000
 -2.98748136e-01   0.0000
 -4.90888596e-01   0.0000
  9.90204453e-01   0.0000
 -1.00388527e+00   0.0000
 -7.55015075e-01   0.0000
 -1.48745573e+00   0.0000
 -4.39938158e-01   0.0000
  1.22938836e+00   0.0000
 -1.72990799e-01   0.0000
 -3.24718982e-01   0.0000
 -8.12975049e-01   0.0000
  4.72342283e-01   0.0000
  9.36605036e-01   0.0000
 -2.50576764e-01   0.0000
 -1.99535489e-01   0.0000
  2.43650973e-01   0.0000
 -2.06168100e-01   0.0000
  6.74623013e-01   0.0000
 -8.10468912e-01   0.0000
  1.00663650e+00   0.0000
 -1.58893108e-01   0.0000
  2.72525698e-01   0.0000
  6.31038368e-01   0.0000
 -1.11251712e+00   0.0000
 -3.09912097e-02   0.0000
 -9.77927521e-02   0.0000
 -1.14647776e-01   0.0000
 -4.42987293e-01   0.0000
 -4.19372655e-02   0.0000
  1.81359109e-02   0.0000
 -6.91909671e-01   0.0000
 -6.72971189e-01   0.0000
  2.71891672e-02   0.0000
 -7.76312172e-01   0.0000
 -2.31194183e-01   0.0000
 -8.37240517e-02   0.0000
 -9.41537842e-02   0.0000
  5.16033173e-01   0.0000
  6.99138761e-01   0.0000
 -2.33179361e-01   0.0000
 -3.09511535e-02   0.0000
 -4.50490624e-01   0.0000
  4.21118498e-01   0.0000
 -9.07810256e-02   0.0000
 -6.03915691e-01   0.0000
  6.54052258e-01   0.0000
  6.96113929e-02   0.0000
 -2.66518503e-01   0.0000
  1.59842804e-01   0.0000
  1.48340154e+00   0.0000
  2.68822849e-01   0.0000
 -8.70494545e-03   0.0000
  4.73011702e-01   0.0000
 -1.75089613e-01   0.0000
  5.63408062e-02   0.0000
 -1.34436831e-01   0.0000
 -8.33077282e-02   0.0000
 -1.56016088e+00   0.0000
 -1.05066532e-02   0.0000
  6.11229897e-01   0.0000
 -2.53523052e-01   0.0000
 -7.72185028e-01   0.0000
 -2.54501611e-01   0.0000
 -6.52913213e-01   0.0000
 -7.53561437e-01   0.0000
 -2.92295396e-01   0.0000
 -3.41155440e-01   0.0000
  3.01510596e+00   0.0000
 -2.07480863e-02   0.0000
  7.94207275e-01   0.0000
  2.83263445e-01   0.0000
  2.52674252e-01   0.0000
  3.76330435e-01   0.0000
  1.14778364e+00   0.0000
  1.06412828e+00   0.0000
  1.73857808e-01   0.0000
  8.68018866e-02   0.0000
  4.83501516e-02   0.0000
  1.31953552e-01   0.0000
  2.14593068e-01   0.0000
  1.68355036e+00   0.0000
  7.75110245e-01   0.0000
  1.31518161e-02   0.0000
 -5.66094875e-01   0.0000
  2.21435413e-01   0.0000
 -1.64264965e+00   0.0000
  6.40217006e-01   0.0000
 -8.98931146e-01   0.0000
 -2.97531915e+00   0.0000
 -1.09504914e+00   0.0000
  6.02695405e-01   0.0000
 -2.64816701e-01   0.0000
 -8.16815794e-02   0.0000
  1.07116091e+00   0.0000
  3.94738257e-01   0.0000
 -5.97631097e-01   0.0000
  5.51041961e-01   0.0000
  3.68993783e+00   0.0000
  2.09308788e-01   0.0000
  2.00685650e-01   0.0000
  8.95228148e-01   0.0000
  2.60249853e-01   0.0000
 -2.10768834e-01   0.0000
  4.09311563e-01   0.0000
 -4.92472696e+00   0.0000
  2.28154755e+00   0.0000
 -5.30572355e-01   0.0000
  2.58062154e-01   0.0000
  1.75473355e-02   0.0000
 -1.97304130e+00   0.0000
  1.16245973e+00   0.0000
 -7.63853967e-01   0.0000
  4.51143074e+00   0.0000
 -2.72120285e+00   0.0000
  1.08641851e+00   0.0000
 -2.45619702e+00   0.0000
 -5.22942007e-01   0.0000
  1.96075857e+00   0.0000
  2.87619114e-01   0.0000
 -1.65709553e+01   0.0000
  4.26610917e-01   0.0000
  5.16000450e-01   0.0000
  1.51398838e+00   0.0000
  7.94664174e-02   0.0000
 -3.71044695e-01   0.0000
  7.25126505e-01   0.0000
  7.34861076e-01   0.0000
 -6.21689141e-01   0.0000
 -2.25441980e+00   0.0000
  1.90788639e+00   0.0000
 -6.52244687e-01   0.0000
 -2.09914136e+00   0.0000
 -1.74726561e-01   0.0000
 -1.55590868e+00   0.0000
 -4.62805414e+00   0.0000
 -7.32406497e-01   0.0000
  5.30504286e-01   0.0000
 -1.00805056e+00   0.0000
 -5.19486330e-02   0.0000
 -1.19843982e-01   0.0000
  7.87918549e-03   0.0000
  1.48891366e+00   0.0000
  1.98769554e-01   0.0000
  2.69505882e+00   0.0000
 -4.34468463e-02   0.0000
 -1.32987893e+00   0.0000
  7.00629175e-01   0.0000
 -5.83440512e-02   0.0000
  7.07550228e-01   0.0000
 -4.32954133e-01   0.0000
  6.64868951e-02   0.0000
  2.70543623e+00   0.0000
 -1.58392057e-01   0.0000
 -1.48864269e+00   0.0000
 -2.62278605e+00   0.0000
  4.86003965e-01   0.0000
  2.95471311e-01   0.0000
  2.24557549e-01   0.0000
 -1.21375656e+00   0.0000
  6.95536494e-01   0.0000
 -3.53661823e+00   0.0000
  1.00339842e+00   0.0000
  2.86452556e+00   0.0000
  2.21882248e+00   0.0000
 -2.68518448e+00   0.0000
 -4.11081702e-01   0.0000
  1.38724044e-01   0.0000
 -9.22498345e-01   0.0000
 -1.95259973e-01   0.0000
 -4.66035366e+00   0.0000
  3.85594654e+00   0.0000
  3.24562430e-01   0.0000
  2.66346633e-01   0.0000
  3.55536371e-01   0.0000
 -3.24304044e-01   0.0000
  1.57820547e+00   0.0000
 -1.40206804e+01   0.0000
 -2.21231524e-02   0.0000
 -3.17666221e+00   0.0000
  8.67024183e-01   0.0000
  9.74947989e-01   0.0000
  5.66784620e-01   0.0000
 -1.74634457e-01   0.0000
  7.41842270e-01   0.0000
  9.11455214e-01   0.0000
  3.88230264e-01   0.0000
  1.99811602e+00   0.0000
 -5.28873825e+00   0.0000
 -7.26002216e-01   0.0000
  4.59691435e-01   0.0000
  1.79144144e-01   0.0000
  1.43360806e+00   0.0000
  3.32127422e-01   0.0000
  3.00847173e+00   0.0000
  3.68604004e-01   0.0000
  3.55000079e-01   0.0000
  1.68748260e+00   0.0000
  5.18542528e-01   0.0000
  9.18566883e-02   0.0000
  1.06100750e+00   0.0000
 -2.39068985e+00   0.0000
 -2.21007228e+00   0.0000
 -8.51942133e-03   0.0000
 -2.34345531e+00   0.0000
  4.80691910e-01   0.0000
 -5.43066680e-01   0.0000
  3.00751805e+00   0.0000
 -4.65160161e-01   0.0000
 -8.81332040e-01   0.0000
 -6.13031447e-01   0.0000
  2.95429289e-01   0.0000
 -2.21552849e+00   0.0000
 -6.27912506e-02   0.0000
  9.60892975e-01   0.0000
 -1.27810180e-01   0.0000
  1.84912756e-01   0.0000
  5.65674543e-01   0.0000
  1.27863061e+00   0.0000
 -4.17694077e-02   0.0000
 -8.63278657e-02   0.0000
  5.99971831e-01   0.0000
 -2.05257107e-02   0.0000
  6.53727502e-02   0.0000
  4.96767819e-01   0.0000
 -5.39482653e-01   0.0000
 -3.61885309e+00   0.0000
  5.60931042e-02   0.0000
  6.23734891e-01   0.0000
  2.36887261e-01   0.0000
 -1.45700026e+00   0.0000
  1.01005816e+00   0.0000
  3.63459796e-01   0.0000
 -1.23565674e+00   0.0000
 -3.39458287e-01   0.0000
 -2.11180642e-01   0.0000
  1.05404429e-01   0.0000
 -2.26209462e-01   0.0000
  3.22150207e+00   0.0000
  6.05490208e-01   0.0000
  3.01772654e-01   0.0000
  6.21776190e-03   0.0000
 -3.85461897e-01   0.0000
 -2.36954808e-01   0.0000
 -6.12908244e-01   0.0000
 -1.70706046e+00   0.0000
 -5.29611111e-01   0.0000
  5.55578321e-02   0.0000
 -3.96605581e-01   0.0000
  3.71329188e+00   0.0000
 -2.71226287e+00   0.0000
  1.23087215e+00   0.0000
  2.76569462e+00   0.0000
  2.74004251e-01   0.0000
  9.82214212e-01   0.0000
  1.08896449e-01   0.0000
  3.15218139e+00   0.0000
  3.08041072e+00   0.0000
 -1.32485247e+00   0.0000
 -2.31991574e-01   0.0000
 -2.01269174e+00   0.0000
  7.33085155e-01   0.0000
  3.26813996e-01   0.0000
  1.14714064e-01   0.0000
  1.23435152e+00   0.0000
  1.58778325e-01   0.0000
 -7.43775785e-01   0.0000
 -4.85331118e-01   0.0000
 -1.20105691e-01   0.0000
 -1.28037143e+00   0.0000
 -7.66900405e-02   0.0000
 -1.36316523e-01   0.0000
  1.16097569e+00   0.0000
 -6.96506491e-03   0.0000
 -4.76483881e-01   0.0000
  2.56050259e-01   0.0000
  1.21745147e-01   0.0000
  5.33899143e-02   0.0000
 -1.93318948e-01   0.0000
  8.98502886e-01   0.0000
 -1.19975424e+00   0.0000
  1.61661565e+00   0.0000
 -5.91636658e-01   0.0000
  9.69255507e-01   0.0000
 -2.34358001e+00   0.0000
 -2.16607547e+00   0.0000
 -1.95817966e-02   0.0000
  8.40429887e-02   0.0000
 -2.64983320e+00   0.0000
  5.16392469e-01   0.0000
 -5.78230560e-01   0.0000
  3.30422372e-01   0.0000
 -2.43292116e-02   0.0000
  1.09177101e+00   0.0000
  4.02517915e-02   0.0000
  1.04447842e-01   0.0000
  3.28583926e-01   0.0000
 -1.30363929e+00   0.0000
  6.79084778e-01   0.0000
 -4.82530862e-01   0.0000
 -4.80346113e-01   0.0000
  4.06070590e-01   0.0000
 -9.97673750e-01   0.0000
  1.49520230e+00   0.0000
  2.13405475e-01   0.0000
  1.34332454e+00   0.0000
 -1.04141510e+00   0.0000
 -9.59537402e-02   0.0000
 -3.04137421e+00   0.0000
  7.23228529e-02   0.0000
  2.94110250e+00   0.0000
  5.16326189e-01   0.0000
 -1.59076482e-01   0.0000
  3.24362397e-01   0.0000
  1.54466972e-01   0.0000
 -4.23199624e-01   0.0000
  4.00459766e-03   0.0000
 -2.44488254e-01   0.0000
 -7.63020962e-02   0.0000
 -9.59871337e-02   0.0000
  3.72441500e-01   0.0000
 -1.69418752e+00   0.0000
 -5.36594868e-01   0.0000
 -3.92668635e-01   0.0000
  3.45455706e-01   0.0000
  4.51591820e-01   0.0000
 -9.79946196e-01   0.0000
  1.08921540e+00   0.0000
 -1.98768985e+00   0.0000
  2.41156149e+00   0.0000
 -1.56268382e+00   0.0000
  3.73889536e-01   0.0000
 -1.76230109e+00   0.0000
 -1.33346748e+00   0.0000
  9.25378621e-01   0.0000
  1.11927219e-01   0.0000
 -4.10580397e+00   0.0000
  2.67927378e-01   0.0000
  1.13261008e+00   0.0000
  4.67128456e-02   0.0000
 -1.58365995e-01   0.0000
 -3.88410479e-01   0.0000
 -9.93286893e-02   0.0000
  3.21214616e-01   0.0000
 -6.05762959e-01   0.0000
  1.58262360e+00   0.0000
  7.62915254e-01   0.0000
  1.68807693e-02   0.0000
  8.05940107e-02   0.0000
 -1.11813712e+00   0.0000
 -8.94528985e-01   0.0000
 -5.33256054e-01   0.0000
 -2.32467204e-01   0.0000
 -7.44502842e-01   0.0000
 -4.00464445e-01   0.0000
 -1.03413260e+00   0.0000
  2.61778998e+00   0.0000
  7.43906617e-01   0.0000
  1.34605348e+00   0.0000
  2.43259519e-01   0.0000
 -3.49582404e-01   0.0000
  1.96284980e-01   0.0000
  1.09378123e+00   0.0000
  2.16023254e+00   0.0000
 -7.52908215e-02   0.0000
 -1.07316411e+00   0.0000
 -1.19339362e-01   0.0000
 -1.07254148e-01   0.0000
 -3.89687032e-01   0.0000
 -3.87155390e+00   0.0000
  1.73185027e+00   0.0000
  1.83280063e+00   0.0000
  1.61284840e+00   0.0000
 -1.47399139e+00   0.0000
 -1.01411116e+00   0.0000
 -2.55581903e+00   0.0000
 -8.10207009e-01   0.0000
  1.20608902e+00   0.0000
 -2.23284900e-01   0.0000
 -4.87307817e-01   0.0000
  3.15239263e+00   0.0000
  9.29665387e-01   0.0000
  7.04762220e-01   0.0000
  2.86640167e-01   0.0000
  3.25945735e+00   0.0000
  7.68965900e-01   0.0000
  4.52006149e+00   0.0000
  1.73141912e-01   0.0000
 -5.91727458e-02   0.0000
  1.00447977e+00   0.0000
  1.18963614e-01   0.0000
 -1.04975007e-01   0.0000
  7.30044544e-01   0.0000
  2.17968404e-01   0.0000
 -3.99769831e+00   0.0000
  1.57810676e+00   0.0000
 -1.66584074e-01   0.0000
 -4.69955280e-02   0.0000
 -8.37338626e-01   0.0000
 -1.13829386e+00   0.0000
 -1.42211482e-01   0.0000
 -5.28717804e+00   0.0000
 -4.21028519e+00   0.0000
  1.47019601e+00   0.0000
  4.25845337e+00   0.0000
 -2.85473078e-01   0.0000
  1.25105274e+00   0.0000
  7.54932523e-01   0.0000
 -3.04574680e+00   0.0000
  6.70353949e-01   0.0000
  4.29300845e-01   0.0000
  5.17998517e-01   0.0000
 -2.41787522e-03   0.0000
 -1.30294889e-01   0.0000
  1.38528734e-01   0.0000
  4.77652214e-02   0.0000
  1.79508597e-01   0.0000
 -3.44319987e+00   0.0000
  1.09954441e+00   0.0000
  7.29081733e-03   0.0000
  1.12338221e+00   0.0000
 -2.73470759e-01   0.0000
 -1.93686414e+00   0.0000
  7.63228059e-01   0.0000
 -9.06084850e-02   0.0000
  3.71412492e+00   0.0000
 -1.84650278e+00   0.0000
  2.93124821e-02   0.0000
 -3.23026443e+00   0.0000
  1.38827994e-01   0.0000
  2.68019986e+00   0.0000
  5.81717432e-01   0.0000
 -6.31382644e-01   0.0000
 -2.86471754e-01   0.0000
 -1.10296464e+00   0.0000
  4.56646562e-01   0.0000
 -2.54248232e-01   0.0000
 -1.62083697e+00   0.0000
 -2.73840994e-01   0.0000
  9.47507396e-02   0.0000
 -1.64688885e+00   0.0000
  2.56435418e+00   0.0000
  1.86868656e+00   0.0000
 -1.40991330e+00   0.0000
  2.11567044e-01   0.0000
  1.11503802e-01   0.0000
  4.01491731e-01   0.0000
 -2.13159370e+00   0.0000
  1.71655826e-02   0.0000
  1.62180471e+00   0.0000
 -2.41958037e-01   0.0000
 -1.08307278e+00   0.0000
  3.36811113e+00   0.0000
  1.52311051e+00   0.0000
 -3.15416336e-01   0.0000
 -1.61021352e-01   0.0000
  2.78220487e+00   0.0000
 -4.17249143e-01   0.0000
 -6.62525117e-01   0.0000
 -1.12584567e+00   0.0000
 -1.39785081e-01   0.0000
  2.10759544e+00   0.0000
 -1.26110807e-01   0.0000
 -1.45821273e-01   0.0000
  1.69464976e-01   0.0000
  2.06276369e+00   0.0000
 -3.88604403e+00   0.0000
 -2.35710597e+00   0.0000
  1.71894634e+00   0.0000
  5.12625992e-01   0.0000
  1.39708960e+00   0.0000
 -1.85494646e-01   0.0000
  1.73578644e+00   0.0000
  3.54155159e+00   0.0000
  1.02434671e+00   0.0000
 -6.20891213e-01   0.0000
 -6.34032309e-01   0.0000
 -6.74629211e-01   0.0000
 -8.87446642e-01   0.0000
 -1.67175904e-01   0.0000
  9.28241372e-01   0.0000
 -2.69540936e-01   0.0000
  6.75268829e-01   0.0000
 -3.48450929e-01   0.0000
 -4.84931953e-02   0.0000
 -1.94173467e+00   0.0000
 -2.80598134e-01   0.0000
 -1.49902076e-01   0.0000
 -2.97901839e-01   0.0000
  3.83908153e+00   0.0000
  1.70657349e+00   0.0000
  2.37191170e-01   0.0000
  1.34092987e+00   0.0000
 -1.11129427e+00   0.0000
  5.82159042e-01   0.0000
 -4.93314695e+00   0.0000
 -1.54249072e-01   0.0000
 -1.37648904e+00   0.0000
  2.51668334e-01   0.0000
  4.28209662e-01   0.0000
  6.75059462e+00   0.0000
 -2.44844228e-01   0.0000
 -1.38414168e+00   0.0000
 -9.29257646e-02   0.0000
  5.90561092e-01   0.0000
  6.02415681e-01   0.0000
  6.12317204e-01   0.0000
  2.88232231e+00   0.0000
  4.76399481e-01   0.0000
  5.32061517e-01   0.0000
  5.50453067e-01   0.0000
  2.40556709e-02   0.0000
  1.13942313e+00   0.0000
 -3.93913579e+00   0.0000
 -1.31119502e+00   0.0000
  7.50842988e-01   0.0000
  2.08457756e+00   0.0000
  7.18105078e-01   0.0000
 -1.00310051e+00   0.0000
  5.14197588e+00   0.0000
  1.09071791e-01   0.0000
 -2.06115866e+00   0.0000
 -1.65143633e+00   0.0000
  1.58912969e+00   0.0000
 -4.70033550e+00   0.0000
 -1.28883198e-01   0.0000
  1.40792239e+00   0.0000
  4.94590670e-01   0.0000
 -1.55142384e+01   0.0000
  1.28651276e-01   0.0000
  7.50669122e-01   0.0000
 -3.16590756e-01   0.0000
 -1.29765138e-01   0.0000
 -1.71829534e+00   0.0000
  7.16514140e-02   0.0000
  7.25457549e-01   0.0000
 -1.33483028e+00   0.0000
 -1.26091480e+00   0.0000
  9.12007868e-01   0.0000
 -9.39474463e-01   0.0000
 -3.06956649e+00   0.0000
 -1.04288852e+00   0.0000
 -1.91873515e+00   0.0000
 -3.55699325e+00   0.0000
 -3.02569896e-01   0.0000
 -3.10449628e-03   0.0000
  1.39397824e+00   0.0000
 -2.29185557e+00   0.0000
 -1.42642951e+00   0.0000
  1.53891698e-01   0.0000
  1.58218765e+00   0.0000
 -3.94481361e-01   0.0000
  1.76073396e+00   0.0000
 -1.07476927e-01   0.0000
  2.10578394e+00   0.0000
 -2.89815021e+00   0.0000
  1.91766948e-01   0.0000
  7.65293002e-01   0.0000
  5.24066389e-03   0.0000
  1.26228467e-01   0.0000
  1.21462727e+00   0.0000
 -3.85453343e+00   0.0000
 -1.00939465e+00   0.0000
  1.13154376e+00   0.0000
 -2.22210145e+00   0.0000
  1.45015109e+00   0.0000
 -2.54573941e-01   0.0000
 -1.84506923e-01   0.0000
 -2.24493504e+00   0.0000
 -1.54677534e+00   0.0000
 -2.95550615e-01   0.0000
  2.17791009e+00   0.0000
  1.38113272e+00   0.0000
 -1.16751683e+00   0.0000
 -3.40944469e-01   0.0000
 -5.40344536e-01   0.0000
  1.53158450e+00   0.0000
  6.26727864e-02   0.0000
 -4.25336212e-01   0.0000
 -1.12657690e+00   0.0000
 -2.88163483e-01   0.0000
  2.35027283e-01   0.0000
 -1.96891159e-01   0.0000
  2.59190761e-02   0.0000
 -6.43059015e-02   0.0000
  3.02924895e+00   0.0000
 -4.96178389e+00   0.0000
  9.07117784e-01   0.0000
 -3.19115072e-01   0.0000
  9.66999888e-01   0.0000
  4.36836511e-01   0.0000
 -5.65433800e-01   0.0000
 -1.98348069e+00   0.0000
 -4.58995640e-01   0.0000
 -9.22416985e-01   0.0000
  3.49168628e-01   0.0000
  1.72786593e+00   0.0000
 -8.40342820e-01   0.0000
 -4.70225886e-02   0.0000
 -5.62552288e-02   0.0000
 -4.03969669e+00   0.0000
  7.41876811e-02   0.0000
 -2.87454510e+00   0.0000
  1.68332338e-01   0.0000
  8.13047439e-02   0.0000
 -4.89628017e-01   0.0000
  4.48118836e-01   0.0000
 -1.52075276e-01   0.0000
 -4.32122290e-01   0.0000
 -8.94110858e-01   0.0000
  3.66322815e-01   0.0000
 -5.15197694e-01   0.0000
 -6.51236415e-01   0.0000
  5.65037847e-01   0.0000
  9.86646593e-01   0.0000
  9.94456768e-01   0.0000
 -8.79383147e-01   0.0000
  8.95957565e+00   0.0000
 -1.33139539e+00   0.0000
  7.70898938e-01   0.0000
 -2.81505656e+00   0.0000
 -2.36982018e-01   0.0000
  4.46177542e-01   0.0000
 -7.81212598e-02   0.0000
  1.29949641e+00   0.0000
 -3.47153276e-01   0.0000
  1.68088287e-01   0.0000
  1.84098586e-01   0.0000
 -3.94280314e-01   0.0000
  4.57980424e-01   0.0000
 -5.54805398e-01   0.0000
 -6.53237104e-01   0.0000
 -4.22918588e-01   0.0000
  6.95888221e-01   0.0000
 -9.19194072e-02   0.0000
  1.74257338e+00   0.0000
  1.12864196e+00   0.0000
 -4.79628950e-01   0.0000
  2.93689609e-01   0.0000
 -1.06836009e+00   0.0000
  1.41625035e+00   0.0000
 -4.34685886e-01   0.0000
  9.15003300e-01   0.0000
 -5.93947411e-01   0.0000
  8.85733247e-01   0.0000
 -3.05099636e-01   0.0000
  2.10066095e-01   0.0000
 -3.76571417e-01   0.0000
 -8.12637329e+00   0.0000
 -1.53381479e+00   0.0000
 -5.50931978e+00   0.0000
 -3.71229601e+00   0.0000
 -5.03310263e-01   0.0000
 -3.30838728e+00   0.0000
 -1.15812135e+00   0.0000
 -4.47726369e-01   0.0000
 -3.18290281e+00   0.0000
  4.45271683e+00   0.0000
  6.83275461e+00   0.0000
  4.19835949e+00   0.0000
  4.74024630e+00   0.0000
 -1.56607389e+00   0.0000
  2.92302370e+00   0.0000
 -6.81626797e+00   0.0000
  3.10344100e+00   0.0000
  8.96599102e+00   0.0000
  4.95396805e+00   0.0000
 -4.43875122e+00   0.0000
  6.16818666e+00   0.0000
  2.61663842e+00   0.0000
 -4.81362057e+00   0.0000
 -1.43525624e+00   0.0000
  0.00000000e+00   0.0000

