 5 0.000000 1
 1 
 Si 28.085500
 0 0.250000 4.500000 1.000000 1.500000 
 5 0 1 2 3 4
 6 0.01000 0.25000 0.50000 5.50000 6.00000 6.25000
 1 12.169200 6.172630 3.114710 0.755675 0.404939 0.036124 0.650018 0.572890
 4 30 24 24 1
 -1.24633700e-01   0.0000
  4.34394507e-03   0.0000
 -4.12082225e-01   0.0000
 -1.03794467e+00   0.0000
 -1.37204736e-01   0.0000
 -2.12854028e+00   0.0000
 -1.63561165e+00   0.0000
 -8.41491297e-02   0.0000
 -3.11959498e-02   0.0000
 -1.10861564e+00   0.0000
  2.44939312e-01   0.0000
 -4.13281173e-01   0.0000
 -7.55568147e-01   0.0000
  7.34712303e-01   0.0000
 -3.64530981e-02   0.0000
 -3.89041483e-01   0.0000
  6.50086880e-01   0.0000
  7.24725962e-01   0.0000
 -8.58221292e-01   0.0000
 -2.57208490e+00   0.0000
 -7.32414484e-01   0.0000
 -1.60870329e-01   0.0000
  7.24382222e-01   0.0000
  6.82973266e-01   0.0000
 -4.36432570e-01   0.0000
 -8.66621614e-01   0.0000
 -9.47913289e-01   0.0000
 -2.47297049e+00   0.0000
  7.66660035e-01   0.0000
  2.09042266e-01   0.0000
  1.18498333e-01   0.0000
 -9.05404210e-01   0.0000
  6.19685531e-01   0.0000
 -7.99975157e-01   0.0000
  2.39661033e-03   0.0000
 -1.63956076e-01   0.0000
 -1.59512711e+00   0.0000
 -1.64059743e-01   0.0000
 -4.78946239e-01   0.0000
 -1.08112752e+00   0.0000
  5.69452941e-01   0.0000
  9.37489212e-01   0.0000
 -2.09791040e+00   0.0000
 -1.28270483e+00   0.0000
 -1.97284389e+00   0.0000
 -2.19009176e-01   0.0000
  4.55100238e-01   0.0000
  1.06996953e+00   0.0000
 -1.88545966e+00   0.0000
 -4.34654617e+00   0.0000
 -6.10128082e-02   0.0000
 -6.87766838e+00   0.0000
 -4.44603711e-01   0.0000
  7.26025200e+00   0.0000
  5.90718865e-01   0.0000
 -3.79229879e+00   0.0000
 -2.20998153e-01   0.0000
  6.03985906e-01   0.0000
 -6.97276294e-01   0.0000
 -7.93852746e-01   0.0000
 -4.21811914e+00   0.0000
 -7.56794393e-01   0.0000
 -2.75581717e+00   0.0000
 -7.17694238e-02   0.0000
 -1.08547294e+00   0.0000
  1.97062194e+00   0.0000
 -5.71336174e+00   0.0000
  2.32563019e+00   0.0000
 -6.38155556e+00   0.0000
  1.58689237e+00   0.0000
 -9.24554467e-01   0.0000
  2.18389273e+00   0.0000
 -1.75626993e+00   0.0000
 -1.26532292e+00   0.0000
 -1.55823684e+00   0.0000
 -1.04855132e+00   0.0000
 -2.59608150e-01   0.0000
  3.20730162e+00   0.0000
 -8.47544909e-01   0.0000
 -1.93460989e+00   0.0000
 -9.30240691e-01   0.0000
  5.54912984e-02   0.0000
 -1.33177972e+00   0.0000
  2.38424167e-01   0.0000
 -1.27873766e+00   0.0000
 -5.69793165e-01   0.0000
 -1.93123305e+00   0.0000
 -2.33557343e+00   0.0000
  5.25835872e-01   0.0000
 -3.71209979e-01   0.0000
 -5.55525923e+00   0.0000
  4.38437313e-01   0.0000
 -4.22933072e-01   0.0000
  1.00338829e+00   0.0000
  4.54087830e+00   0.0000
  2.20075297e+00   0.0000
  1.53723732e-01   0.0000
  7.02575922e-01   0.0000
 -1.81698120e+00   0.0000
  4.43595028e+00   0.0000
  1.07256162e+00   0.0000
  1.35019958e+00   0.0000
 -2.12633640e-01   0.0000
 -1.41586155e-01   0.0000
  1.18684626e+00   0.0000
 -7.56626904e-01   0.0000
  1.63757429e-01   0.0000
 -1.05694197e-02   0.0000
  7.20047772e-01   0.0000
 -5.94827771e-01   0.0000
  1.66484761e+00   0.0000
 -1.59373212e+00   0.0000
  4.67163995e-02   0.0000
 -2.16035891e+00   0.0000
  5.06806314e-01   0.0000
 -1.66323364e-01   0.0000
  3.23481750e+00   0.0000
  8.64392281e-01   0.0000
  1.24657607e+00   0.0000
  6.37053192e-01   0.0000
  1.03257626e-01   0.0000
  3.20896506e-01   0.0000
 -9.13349390e-01   0.0000
  2.26648235e+00   0.0000
 -1.56362981e-01   0.0000
  5.20326376e-01   0.0000
 -1.11377381e-01   0.0000
 -8.26740116e-02   0.0000
  1.00083804e+00   0.0000
 -4.94627953e-01   0.0000
  1.02880888e-01   0.0000
 -8.32348689e-02   0.0000
  3.79869372e-01   0.0000
 -3.37970406e-01   0.0000
  7.05265999e-01   0.0000
 -7.34812081e-01   0.0000
  1.98814005e-01   0.0000
 -9.21657860e-01   0.0000
  3.66085947e-01   0.0000
 -3.01723868e-01   0.0000
  1.65464187e+00   0.0000
  3.72409672e-01   0.0000
  4.58236545e-01   0.0000
  3.07578862e-01   0.0000
  9.32329744e-02   0.0000
  4.33346219e-02   0.0000
 -2.49005675e-01   0.0000
 -4.87933248e-01   0.0000
  5.59836566e-01   0.0000
 -3.88659298e-01   0.0000
 -8.92521217e-02   0.0000
  2.90328085e-01   0.0000
  6.86502695e-01   0.0000
  6.65442795e-02   0.0000
 -1.16267204e-01   0.0000
  3.35090876e-01   0.0000
  4.14572246e-02   0.0000
 -1.22016855e-01   0.0000
  8.81355703e-01   0.0000
 -2.21933633e-01   0.0000
 -1.77967120e-02   0.0000
  3.48287851e-01   0.0000
  2.44955570e-01   0.0000
  7.70261288e-02   0.0000
 -5.03968656e-01   0.0000
 -2.03245640e-01   0.0000
  2.60832042e-01   0.0000
  8.26906264e-01   0.0000
  2.67322421e-01   0.0000
  3.01223248e-01   0.0000
 -1.03966045e+00   0.0000
 -1.68549168e+00   0.0000
  1.07849896e+00   0.0000
 -1.61236942e+00   0.0000
 -4.98063356e-01   0.0000
  7.35625923e-01   0.0000
  1.83777022e+00   0.0000
  9.98838991e-02   0.0000
 -6.32469714e-01   0.0000
  4.63666230e-01   0.0000
  1.55303404e-02   0.0000
 -5.29701650e-01   0.0000
  2.76304436e+00   0.0000
 -9.85464752e-01   0.0000
 -4.32354480e-01   0.0000
  9.07348096e-01   0.0000
  8.50725889e-01   0.0000
  5.58819711e-01   0.0000
 -1.72551644e+00   0.0000
 -4.71728116e-01   0.0000
  1.17387998e+00   0.0000
  6.29611075e-01   0.0000
  7.44704664e-01   0.0000
  9.80475068e-01   0.0000
 -4.00619221e+00   0.0000
 -5.59533739e+00   0.0000
  1.62756288e+00   0.0000
 -5.96389246e+00   0.0000
 -2.09950662e+00   0.0000
  1.79389322e+00   0.0000
  4.67770863e+00   0.0000
  6.76355436e-02   0.0000
 -2.46555328e+00   0.0000
  2.65663564e-01   0.0000
 -2.26518840e-01   0.0000
 -1.67236543e+00   0.0000
  8.03376198e+00   0.0000
 -3.63469005e+00   0.0000
 -1.49790215e+00   0.0000
  2.37347150e+00   0.0000
  2.73590541e+00   0.0000
  1.51093447e+00   0.0000
 -5.66288662e+00   0.0000
 -1.17007232e+00   0.0000
  4.09628153e+00   0.0000
 -1.27591062e+00   0.0000
  1.81435585e-01   0.0000
  1.71009684e+00   0.0000
 -1.20414543e+00   0.0000
  4.95238638e+00   0.0000
 -1.23204184e+00   0.0000
 -6.53627396e-01   0.0000
  9.72446740e-01   0.0000
  3.34281325e+00   0.0000
 -2.26074472e-01   0.0000
 -6.49501026e-01   0.0000
  3.16820025e+00   0.0000
  2.27242857e-01   0.0000
  1.57726347e+00   0.0000
 -1.61059785e+00   0.0000
 -6.83422863e-01   0.0000
  1.35885084e+00   0.0000
 -1.42908081e-01   0.0000
 -1.41383994e+00   0.0000
 -6.21755743e+00   0.0000
  2.92556000e+00   0.0000
  5.99454212e+00   0.0000
 -3.30016541e+00   0.0000
 -1.82599917e-01   0.0000
  3.73664826e-01   0.0000
 -1.79416195e-01   0.0000
 -7.41620839e-01   0.0000
 -1.22897184e+00   0.0000
  9.60741043e-01   0.0000
 -8.46899033e-01   0.0000
 -1.64579999e+00   0.0000
 -1.66702783e+00   0.0000
 -7.14652896e-01   0.0000
  2.86943972e-01   0.0000
 -4.47768778e-01   0.0000
 -9.56964418e-02   0.0000
 -3.70679259e-01   0.0000
  6.38362646e-01   0.0000
  4.66737568e-01   0.0000
 -2.35481381e+00   0.0000
 -9.67970937e-02   0.0000
  1.44194937e+00   0.0000
  4.74770278e-01   0.0000
  4.74876046e-01   0.0000
 -2.28707886e+00   0.0000
  1.52409101e+00   0.0000
 -1.73677850e+00   0.0000
 -3.87543976e-01   0.0000
  1.22714055e+00   0.0000
 -7.28283450e-02   0.0000
 -3.97837996e-01   0.0000
 -5.61434209e-01   0.0000
  3.20604742e-01   0.0000
 -4.02122051e-01   0.0000
 -7.85316288e-01   0.0000
 -8.08883846e-01   0.0000
 -3.96835059e-01   0.0000
  1.65322646e-01   0.0000
 -1.75418600e-01   0.0000
 -1.06054083e-01   0.0000
 -1.92545444e-01   0.0000
  2.72999704e-01   0.0000
  2.38671198e-01   0.0000
 -1.10195673e+00   0.0000
 -6.63059950e-02   0.0000
  6.92029834e-01   0.0000
  2.70188630e-01   0.0000
  3.16902012e-01   0.0000
 -1.14418602e+00   0.0000
  5.45877874e-01   0.0000
 -7.74289966e-01   0.0000
 -1.70752317e-01   0.0000
  5.95470965e-01   0.0000
 -8.34514946e-02   0.0000
 -2.02764913e-01   0.0000
 -6.93975151e-01   0.0000
 -6.28491938e-01   0.0000
 -5.43483973e-01   0.0000
 -1.42222106e+00   0.0000
 -1.50613673e-02   0.0000
 -1.56830385e-01   0.0000
 -3.09917837e-01   0.0000
 -2.74151474e-01   0.0000
 -9.94306877e-02   0.0000
 -1.07853658e-01   0.0000
  2.27284208e-01   0.0000
  1.58079594e-01   0.0000
 -8.91858265e-02   0.0000
 -4.95113134e-02   0.0000
  2.99125463e-01   0.0000
 -1.51704162e-01   0.0000
 -1.52199462e-01   0.0000
  2.30282545e-02   0.0000
 -4.63018864e-01   0.0000
 -4.91148919e-01   0.0000
 -2.86209643e-01   0.0000
  1.39346585e-01   0.0000
 -2.98439503e-01   0.0000
 -3.88535231e-01   0.0000
 -1.39140403e+00   0.0000
 -2.03664804e+00   0.0000
 -1.27670944e+00   0.0000
 -2.93281889e+00   0.0000
  3.31153035e-01   0.0000
 -2.96800107e-01   0.0000
 -7.67117977e-01   0.0000
 -6.86109483e-01   0.0000
 -3.45869035e-01   0.0000
 -3.51429701e-01   0.0000
  3.09364647e-01   0.0000
  2.14583859e-01   0.0000
  3.12945783e-01   0.0000
 -2.24734589e-01   0.0000
  1.30984724e-01   0.0000
 -3.61724108e-01   0.0000
 -4.72909838e-01   0.0000
  8.37229565e-02   0.0000
 -1.57283664e+00   0.0000
 -9.36224222e-01   0.0000
 -5.38260877e-01   0.0000
 -9.78683114e-01   0.0000
 -7.08906054e-01   0.0000
 -7.01643348e-01   0.0000
 -2.41352749e+00   0.0000
 -6.54629326e+00   0.0000
 -2.02384949e+00   0.0000
 -5.01375055e+00   0.0000
  2.16214609e+00   0.0000
 -3.42367470e-01   0.0000
 -2.42923951e+00   0.0000
 -1.37815022e+00   0.0000
 -1.17188752e+00   0.0000
 -7.49206364e-01   0.0000
  1.04189180e-01   0.0000
  2.13421304e-02   0.0000
  2.87548232e+00   0.0000
 -7.87731528e-01   0.0000
 -1.30001819e+00   0.0000
 -8.33672822e-01   0.0000
 -1.38999820e+00   0.0000
  1.05431724e+00   0.0000
 -5.34574223e+00   0.0000
 -1.34680402e+00   0.0000
 -8.66217971e-01   0.0000
 -4.79993963e+00   0.0000
 -2.95368761e-01   0.0000
  1.60717630e+00   0.0000
  2.29276800e+00   0.0000
  3.78075886e+00   0.0000
 -1.99124634e+00   0.0000
  1.79782820e+00   0.0000
  1.98731518e+00   0.0000
  1.08899093e+00   0.0000
 -1.23609173e+00   0.0000
 -5.73840320e-01   0.0000
  2.90871596e+00   0.0000
  7.06345737e-01   0.0000
  1.48151827e+00   0.0000
  9.61718485e-02   0.0000
 -1.44035959e+00   0.0000
  2.96269226e+00   0.0000
  1.59169209e+00   0.0000
 -3.56098652e+00   0.0000
 -4.77642822e+00   0.0000
  1.41913152e+00   0.0000
  6.47011089e+00   0.0000
 -1.07712626e+00   0.0000
 -2.00484037e+00   0.0000
  2.39101410e+00   0.0000
 -1.27964824e-01   0.0000
 -3.15015286e-01   0.0000
 -4.46281493e-01   0.0000
  8.46391559e-01   0.0000
 -2.82419503e-01   0.0000
 -6.97304547e-01   0.0000
 -7.93579936e-01   0.0000
 -6.10715151e-01   0.0000
 -1.97943524e-01   0.0000
 -2.80394346e-01   0.0000
  2.12029740e-02   0.0000
 -2.10938603e-01   0.0000
  4.83555406e-01   0.0000
  4.11980271e-01   0.0000
 -1.31996489e+00   0.0000
  1.36691630e-01   0.0000
  9.95920479e-01   0.0000
 -1.52490571e-01   0.0000
  4.06986564e-01   0.0000
 -1.28591704e+00   0.0000
  1.34701824e+00   0.0000
 -8.16806376e-01   0.0000
 -3.78591955e-01   0.0000
  9.95202005e-01   0.0000
 -4.82130572e-02   0.0000
 -1.67942107e-01   0.0000
 -2.45599344e-01   0.0000
  2.97904134e-01   0.0000
 -6.89568445e-02   0.0000
 -3.39602500e-01   0.0000
 -3.78906518e-01   0.0000
 -2.88588673e-01   0.0000
 -6.93940818e-02   0.0000
 -9.13817212e-02   0.0000
 -3.18468623e-02   0.0000
 -9.91973281e-02   0.0000
  1.92807719e-01   0.0000
  1.78050101e-01   0.0000
 -5.55805922e-01   0.0000
  3.71335377e-03   0.0000
  3.94797504e-01   0.0000
  2.23006867e-02   0.0000
  2.46900469e-01   0.0000
 -5.78569412e-01   0.0000
  4.74853456e-01   0.0000
 -3.52221400e-01   0.0000
 -1.32976994e-01   0.0000
  4.19809192e-01   0.0000
 -4.35761847e-02   0.0000
 -3.74783158e-01   0.0000
  1.83875844e-01   0.0000
 -8.19186389e-01   0.0000
 -1.14381146e+00   0.0000
 -2.89471507e+00   0.0000
 -1.04100180e+00   0.0000
 -3.24648321e-01   0.0000
  3.48281235e-01   0.0000
 -1.10405970e+00   0.0000
  3.14286463e-02   0.0000
  1.54204136e-02   0.0000
  1.33475289e-01   0.0000
  1.20473251e-01   0.0000
 -1.29289046e-01   0.0000
 -2.35102639e-01   0.0000
  6.21054471e-01   0.0000
  6.88035011e-01   0.0000
 -2.19685063e-01   0.0000
 -6.07724905e-01   0.0000
 -5.03319979e-01   0.0000
  4.05856520e-01   0.0000
 -9.98855531e-02   0.0000
  1.50329053e+00   0.0000
 -1.95790142e-01   0.0000
 -8.09741676e-01   0.0000
  9.90639687e-01   0.0000
 -2.34864712e+00   0.0000
 -1.11473310e+00   0.0000
 -4.41380596e+00   0.0000
 -9.12426114e-01   0.0000
 -8.02540720e-01   0.0000
  7.85216451e-01   0.0000
 -9.11971092e-01   0.0000
 -8.69945250e-03   0.0000
  5.50787270e-01   0.0000
  7.30833113e-02   0.0000
  1.05891667e-01   0.0000
  4.11761642e-01   0.0000
 -7.33349323e-01   0.0000
  6.39969945e-01   0.0000
  1.48614419e+00   0.0000
 -7.95957923e-01   0.0000
 -4.85361367e-01   0.0000
 -1.78108358e+00   0.0000
  1.60314763e+00   0.0000
 -2.38655686e-01   0.0000
  2.70560122e+00   0.0000
 -5.49540520e-01   0.0000
 -1.30896950e+00   0.0000
  3.31226802e+00   0.0000
 -6.67279530e+00   0.0000
  5.25481820e-01   0.0000
 -4.09567308e+00   0.0000
  2.01073194e+00   0.0000
 -1.40563786e+00   0.0000
  1.66138613e+00   0.0000
  8.87102485e-01   0.0000
 -1.33174330e-01   0.0000
  2.25395894e+00   0.0000
 -8.00284922e-01   0.0000
 -3.80426198e-01   0.0000
  3.57863283e+00   0.0000
 -2.05106497e+00   0.0000
 -1.16907752e+00   0.0000
  2.60585785e+00   0.0000
 -2.81841135e+00   0.0000
  1.97870553e+00   0.0000
 -6.16465425e+00   0.0000
  5.68446255e+00   0.0000
 -5.11342287e-01   0.0000
  4.07237530e+00   0.0000
  2.59542745e-02   0.0000
  7.39148498e-01   0.0000
 -1.02408481e+00   0.0000
 -3.50772321e-01   0.0000
 -6.80533528e-01   0.0000
 -1.11759055e+00   0.0000
  1.12976217e+00   0.0000
  1.24002278e+00   0.0000
  3.93743396e-01   0.0000
  7.38203526e-01   0.0000
  1.06564295e+00   0.0000
  1.77953529e+00   0.0000
 -4.19017017e-01   0.0000
 -1.59905028e+00   0.0000
 -1.03164423e+00   0.0000
 -3.44111621e-01   0.0000
 -1.62134230e+00   0.0000
 -7.52523243e-01   0.0000
 -1.40036964e+00   0.0000
  8.18084836e-01   0.0000
  1.80423886e-01   0.0000
  2.03737783e+00   0.0000
 -4.09589618e-01   0.0000
  2.50101876e+00   0.0000
 -1.78826630e-01   0.0000
 -9.03801322e-01   0.0000
 -1.15378821e+00   0.0000
  1.49918687e+00   0.0000
 -6.98047161e-01   0.0000
 -1.64277744e+00   0.0000
 -2.01192713e+00   0.0000
 -1.25372124e+00   0.0000
  4.08555180e-01   0.0000
 -3.92964840e-01   0.0000
 -3.26076686e-01   0.0000
 -1.56210139e-01   0.0000
  7.63076603e-01   0.0000
  4.99531448e-01   0.0000
 -2.94066739e+00   0.0000
 -3.70859265e-01   0.0000
  1.91319728e+00   0.0000
  2.54730761e-01   0.0000
  1.53323174e+00   0.0000
 -3.00252199e+00   0.0000
  2.14233708e+00   0.0000
 -1.40930796e+00   0.0000
 -5.74970841e-01   0.0000
  1.78817916e+00   0.0000
 -8.34941640e-02   0.0000
 -4.48464394e-01   0.0000
 -5.27077198e-01   0.0000
  6.81315839e-01   0.0000
 -2.95694202e-01   0.0000
 -7.30586708e-01   0.0000
 -9.43361580e-01   0.0000
 -6.01021051e-01   0.0000
  1.79997995e-01   0.0000
 -2.01008663e-01   0.0000
 -1.80047289e-01   0.0000
 -9.82805863e-02   0.0000
  3.47762108e-01   0.0000
  2.62908638e-01   0.0000
 -1.35147083e+00   0.0000
 -1.56261191e-01   0.0000
  8.90307605e-01   0.0000
  1.41641527e-01   0.0000
  7.05811262e-01   0.0000
 -1.38530254e+00   0.0000
  9.78843153e-01   0.0000
 -6.88537419e-01   0.0000
 -2.54191399e-01   0.0000
  7.72303939e-01   0.0000
  1.98276699e-01   0.0000
 -1.26576379e-01   0.0000
 -7.73987114e-01   0.0000
 -6.16227448e-01   0.0000
 -2.50623274e+00   0.0000
 -1.89901793e+00   0.0000
 -5.74747026e-01   0.0000
 -2.64031179e-02   0.0000
  1.10591233e+00   0.0000
 -5.01777887e-01   0.0000
 -1.61592051e-01   0.0000
  2.35844463e-01   0.0000
  2.02752069e-01   0.0000
  4.87519741e-01   0.0000
 -3.95716518e-01   0.0000
 -6.43325567e-01   0.0000
  1.36722910e+00   0.0000
  4.72449332e-01   0.0000
  1.87883377e-01   0.0000
 -2.72856808e+00   0.0000
 -5.30562639e-01   0.0000
 -2.15529557e-02   0.0000
 -1.25291735e-01   0.0000
  6.20168805e-01   0.0000
  3.26153368e-01   0.0000
  1.15218252e-01   0.0000
 -1.77504063e+00   0.0000
 -1.80804348e+00   0.0000
 -1.80460560e+00   0.0000
 -3.30079436e+00   0.0000
 -8.76647890e-01   0.0000
 -2.06990317e-01   0.0000
  3.84438872e-01   0.0000
 -1.73182547e-01   0.0000
 -5.42463422e-01   0.0000
  7.85065591e-01   0.0000
  2.72650123e-01   0.0000
  1.60655588e-01   0.0000
 -2.37281948e-01   0.0000
 -1.62420094e+00   0.0000
  1.84059322e+00   0.0000
  1.82955101e-01   0.0000
  3.49622071e-01   0.0000
 -1.86972082e+00   0.0000
 -1.77015674e+00   0.0000
  4.74301249e-01   0.0000
 -3.20008993e-01   0.0000
 -8.49980768e-03   0.0000
  2.73168534e-01   0.0000
  1.36425710e+00   0.0000
 -3.49254704e+00   0.0000
 -5.25045204e+00   0.0000
  9.42295313e-01   0.0000
 -3.80945444e+00   0.0000
 -1.93016160e+00   0.0000
 -8.56897354e-01   0.0000
 -1.34593821e+00   0.0000
  9.87516403e-01   0.0000
 -1.62113500e+00   0.0000
  9.40315664e-01   0.0000
 -8.53925496e-02   0.0000
 -2.29721352e-01   0.0000
  1.76087558e+00   0.0000
 -3.78262830e+00   0.0000
  1.48502398e+00   0.0000
 -2.47871566e+00   0.0000
  4.24995899e-01   0.0000
  3.54152584e+00   0.0000
 -5.86357975e+00   0.0000
  2.67624807e+00   0.0000
 -1.20364058e+00   0.0000
 -3.11385393e+00   0.0000
  3.43445212e-01   0.0000
  1.33034503e+00   0.0000
  1.83339131e+00   0.0000
 -1.23563468e+00   0.0000
  1.60319269e+00   0.0000
  4.80267525e+00   0.0000
  4.99908119e-01   0.0000
  7.27401972e-01   0.0000
  9.46505129e-01   0.0000
 -9.85379398e-01   0.0000
  8.57669652e-01   0.0000
 -9.49111223e-01   0.0000
 -4.53005403e-01   0.0000
  3.77336788e+00   0.0000
 -2.87747478e+00   0.0000
  1.95036483e+00   0.0000
  1.02748859e+00   0.0000
 -3.00621986e+00   0.0000
  9.51532483e-01   0.0000
  7.61046648e-01   0.0000
 -2.41768694e+00   0.0000
  2.43695736e+00   0.0000
 -1.31651998e+00   0.0000
  2.40783834e+00   0.0000
  2.19083264e-01   0.0000
 -6.25284314e-02   0.0000
 -1.42539537e+00   0.0000
  2.13691831e+00   0.0000
 -2.32638407e+00   0.0000
 -3.86998266e-01   0.0000
 -2.83968329e+00   0.0000
 -5.28516531e-01   0.0000
  2.27124310e+00   0.0000
 -8.31865311e-01   0.0000
  3.10453074e-03   0.0000
 -8.94519985e-01   0.0000
  7.74441004e-01   0.0000
  1.25458074e+00   0.0000
 -1.25378120e+00   0.0000
  3.42719108e-02   0.0000
  7.67540812e-01   0.0000
 -2.50519305e-01   0.0000
  1.51434982e+00   0.0000
 -2.11072063e+00   0.0000
  1.95900810e+00   0.0000
 -6.27150357e-01   0.0000
  1.97361097e-01   0.0000
  1.36163461e+00   0.0000
  6.99701607e-02   0.0000
 -6.69653639e-02   0.0000
 -6.85684204e-01   0.0000
  1.06668603e+00   0.0000
 -1.14418328e+00   0.0000
 -2.77873158e-01   0.0000
 -1.37035096e+00   0.0000
 -3.10969561e-01   0.0000
  1.06662059e+00   0.0000
 -3.72475147e-01   0.0000
 -1.21094808e-02   0.0000
 -3.90698105e-01   0.0000
  3.86245877e-01   0.0000
  5.31493902e-01   0.0000
 -5.72607458e-01   0.0000
 -8.64278059e-03   0.0000
  3.74923766e-01   0.0000
 -3.94572876e-02   0.0000
  7.17677951e-01   0.0000
 -1.03140187e+00   0.0000
  9.79415715e-01   0.0000
 -3.72089505e-01   0.0000
  1.06781259e-01   0.0000
  6.15990460e-01   0.0000
  2.60868482e-02   0.0000
  2.68625975e-01   0.0000
  3.28462608e-02   0.0000
 -1.52142391e-01   0.0000
  7.29737803e-02   0.0000
 -1.29004970e-01   0.0000
 -2.24924967e-01   0.0000
  3.02716028e-02   0.0000
 -5.96250892e-01   0.0000
  8.41851473e-01   0.0000
  4.34737792e-03   0.0000
  1.42833948e-01   0.0000
  5.02967894e-01   0.0000
  9.15921554e-02   0.0000
  3.18548650e-01   0.0000
  4.21155185e-01   0.0000
 -2.36078247e-01   0.0000
 -4.77033585e-01   0.0000
 -1.72423959e-01   0.0000
  2.49559451e-02   0.0000
 -1.83031946e-01   0.0000
 -4.38407987e-01   0.0000
  4.62810695e-01   0.0000
 -2.15710595e-01   0.0000
 -7.17342734e-01   0.0000
  2.46569216e-01   0.0000
  1.09140348e+00   0.0000
  2.04564091e-02   0.0000
 -1.85723491e-02   0.0000
 -9.21443179e-02   0.0000
 -5.24970554e-02   0.0000
  8.15523639e-02   0.0000
  1.49950236e-01   0.0000
  1.29666603e+00   0.0000
  2.07806200e-01   0.0000
  1.13824718e-02   0.0000
 -7.94051662e-02   0.0000
 -2.72608876e-01   0.0000
 -8.12455535e-01   0.0000
 -3.88932973e-01   0.0000
 -1.70391589e-01   0.0000
 -2.41541475e-01   0.0000
  2.06326544e-01   0.0000
  6.76061988e-01   0.0000
  1.50966561e+00   0.0000
  3.19003493e-01   0.0000
  1.52314818e+00   0.0000
  1.89466059e-01   0.0000
 -1.41853070e+00   0.0000
  2.28132963e-01   0.0000
  1.39892876e+00   0.0000
  1.53738391e+00   0.0000
  1.29446592e-02   0.0000
  2.21473992e-01   0.0000
  2.74271294e-02   0.0000
  6.79952651e-02   0.0000
  3.36566091e-01   0.0000
  2.85993814e+00   0.0000
  5.32960474e-01   0.0000
  2.97408909e-01   0.0000
 -1.11053240e+00   0.0000
 -1.53442562e-01   0.0000
 -9.21254218e-01   0.0000
  1.25464952e+00   0.0000
 -1.50799528e-01   0.0000
 -1.41654980e+00   0.0000
 -4.62299496e-01   0.0000
  1.05092573e+00   0.0000
  1.51450586e+00   0.0000
 -1.26381263e-01   0.0000
  2.21705842e+00   0.0000
  1.87034905e-01   0.0000
 -5.84213197e-01   0.0000
  5.92458844e-01   0.0000
  3.10839987e+00   0.0000
  2.27682620e-01   0.0000
  1.76689357e-01   0.0000
  1.26549375e+00   0.0000
  4.05290812e-01   0.0000
  3.45708162e-01   0.0000
  1.43385649e+00   0.0000
 -5.76785660e+00   0.0000
  2.14608580e-01   0.0000
 -7.98132300e-01   0.0000
 -1.58312500e-01   0.0000
 -1.90007195e-01   0.0000
 -4.53884333e-01   0.0000
 -1.78634033e-01   0.0000
 -5.58184087e-01   0.0000
  4.22998714e+00   0.0000
 -2.35935688e+00   0.0000
  1.48256338e+00   0.0000
 -1.12597167e+00   0.0000
 -6.46519601e-01   0.0000
  4.16795522e-01   0.0000
  4.37101692e-01   0.0000
 -1.46575050e+01   0.0000
  5.21638334e-01   0.0000
  3.01595628e-01   0.0000
  2.15387464e+00   0.0000
  2.92986423e-01   0.0000
 -1.02245736e+00   0.0000
  3.97633106e-01   0.0000
 -7.70278554e-03   0.0000
 -4.88283694e-01   0.0000
 -2.44661808e+00   0.0000
  7.01003969e-01   0.0000
 -3.14668715e-01   0.0000
 -1.04242444e+00   0.0000
  6.79864228e-01   0.0000
 -8.92117739e-01   0.0000
 -3.77475739e+00   0.0000
 -7.10879147e-01   0.0000
 -4.58830535e-01   0.0000
 -1.09644103e+00   0.0000
 -1.40160728e+00   0.0000
 -1.60450375e+00   0.0000
 -2.86076903e-01   0.0000
  2.67769599e+00   0.0000
  5.85863650e-01   0.0000
  1.03365481e+00   0.0000
  1.09233946e-01   0.0000
 -4.01299447e-01   0.0000
  2.10794830e+00   0.0000
  1.31071508e-01   0.0000
  1.23961401e+00   0.0000
  1.84058741e-01   0.0000
  1.47072464e-01   0.0000
  2.80071020e+00   0.0000
 -2.91179568e-01   0.0000
 -1.06205249e+00   0.0000
 -1.67801273e+00   0.0000
 -1.29628587e+00   0.0000
  4.40675110e-01   0.0000
 -5.67445219e-01   0.0000
 -1.09784150e+00   0.0000
 -2.12195650e-01   0.0000
 -1.25650084e+00   0.0000
  4.35394831e-02   0.0000
  5.08189440e+00   0.0000
  5.15978158e-01   0.0000
 -1.43652272e+00   0.0000
  1.06223273e+00   0.0000
  2.36476392e-01   0.0000
 -4.52637196e+00   0.0000
  3.06062758e-01   0.0000
 -5.80140734e+00   0.0000
  4.39148092e+00   0.0000
  2.28833377e-01   0.0000
  7.40971446e-01   0.0000
  3.71906012e-01   0.0000
  2.25316897e-01   0.0000
  6.23407781e-01   0.0000
 -1.01238136e+01   0.0000
 -8.38398561e-02   0.0000
 -3.19599986e+00   0.0000
  2.54938841e+00   0.0000
  1.27619416e-01   0.0000
 -3.10707502e-02   0.0000
 -1.75444782e+00   0.0000
 -1.90518275e-01   0.0000
  1.77487040e+00   0.0000
 -1.43924415e+00   0.0000
  3.46699357e+00   0.0000
 -3.42226791e+00   0.0000
 -7.39966094e-01   0.0000
  7.42306173e-01   0.0000
  4.11854953e-01   0.0000
 -1.67674929e-01   0.0000
  2.82715172e-01   0.0000
  2.33771968e+00   0.0000
 -8.34550798e-01   0.0000
 -2.31816191e-02   0.0000
  9.43724215e-01   0.0000
  8.41495618e-02   0.0000
  8.87425095e-02   0.0000
  1.45127380e+00   0.0000
 -4.77443171e+00   0.0000
 -1.06146824e+00   0.0000
 -9.43115413e-01   0.0000
 -2.64282107e+00   0.0000
 -1.30743623e-01   0.0000
 -6.12273335e-01   0.0000
  2.99598622e+00   0.0000
 -1.66527368e-02   0.0000
 -4.43042457e-01   0.0000
 -3.63375694e-01   0.0000
 -2.51198467e-03   0.0000
 -2.42759848e+00   0.0000
 -4.04623359e-01   0.0000
  8.74611497e-01   0.0000
  8.53446573e-02   0.0000
 -3.01180863e+00   0.0000
  1.93470672e-01   0.0000
  2.10385489e+00   0.0000
 -6.86998904e-01   0.0000
  3.33740935e-02   0.0000
  2.48491615e-01   0.0000
 -1.57542471e-02   0.0000
  1.58704519e-01   0.0000
 -1.92853913e-01   0.0000
  1.58352292e+00   0.0000
 -1.24294579e+00   0.0000
  7.73278847e-02   0.0000
 -1.05501749e-01   0.0000
 -2.46578544e-01   0.0000
 -1.60242987e+00   0.0000
  1.18657613e+00   0.0000
 -3.53055477e-01   0.0000
 -3.05740428e+00   0.0000
 -4.58206326e-01   0.0000
 -3.42421353e-01   0.0000
  8.18227753e-02   0.0000
  3.43333036e-01   0.0000
  2.95945573e+00   0.0000
  1.88614592e-01   0.0000
  6.23006560e-02   0.0000
 -2.10547656e-01   0.0000
  5.38810790e-01   0.0000
 -1.43985593e+00   0.0000
 -2.53481925e-01   0.0000
 -5.57239592e-01   0.0000
 -4.90397573e-01   0.0000
 -2.66843140e-01   0.0000
 -7.49276802e-02   0.0000
  3.09186411e+00   0.0000
 -2.59748507e+00   0.0000
  1.42942715e+00   0.0000
  1.50099564e+00   0.0000
  3.50021728e-05   0.0000
 -4.79936093e-01   0.0000
  6.36335239e-02   0.0000
  1.47296262e+00   0.0000
  4.05615044e+00   0.0000
 -1.50896323e+00   0.0000
 -6.81450009e-01   0.0000
  2.00886011e+00   0.0000
  1.18623912e+00   0.0000
  9.79864240e-01   0.0000
 -1.65268496e-01   0.0000
  3.45257610e-01   0.0000
  1.13361143e-01   0.0000
 -3.46375048e-01   0.0000
 -1.95585638e-01   0.0000
 -3.10983546e-02   0.0000
 -1.40490249e-01   0.0000
  7.01818466e-02   0.0000
  9.26831588e-02   0.0000
  1.00814235e+00   0.0000
 -2.06782389e+00   0.0000
 -5.11167586e-01   0.0000
 -5.04682064e-01   0.0000
  3.49100351e-01   0.0000
  1.38188720e-01   0.0000
  8.79793242e-02   0.0000
  4.89891618e-01   0.0000
 -1.49607494e-01   0.0000
  1.12188327e+00   0.0000
 -8.27689707e-01   0.0000
  3.19663930e+00   0.0000
 -9.78644848e-01   0.0000
 -1.12902319e+00   0.0000
 -2.59572029e-01   0.0000
  9.45772529e-02   0.0000
 -3.88011837e+00   0.0000
  3.24002743e-01   0.0000
  1.35217547e-01   0.0000
 -1.02324955e-01   0.0000
  1.90826003e-02   0.0000
  3.54719698e-01   0.0000
  1.05229800e-03   0.0000
  1.50453731e-01   0.0000
  3.46513540e-01   0.0000
 -9.59817708e-01   0.0000
  6.51523650e-01   0.0000
  8.22378218e-01   0.0000
  1.22730032e-01   0.0000
 -3.03720832e-01   0.0000
 -7.41097510e-01   0.0000
  1.52413464e+00   0.0000
  8.92120600e-02   0.0000
  2.08188009e+00   0.0000
 -8.73603523e-01   0.0000
  2.61567891e-01   0.0000
 -1.87201548e+00   0.0000
 -2.54647434e-01   0.0000
  1.96263945e+00   0.0000
  2.88330883e-01   0.0000
 -1.04685292e-01   0.0000
  2.94724610e-02   0.0000
 -4.62429941e-01   0.0000
 -8.18825424e-01   0.0000
 -1.20832451e-01   0.0000
  5.45956373e-01   0.0000
 -1.67822272e-01   0.0000
 -1.20197916e-02   0.0000
  1.13406336e+00   0.0000
 -8.06973875e-01   0.0000
 -4.16704118e-01   0.0000
 -7.63436079e-01   0.0000
  6.70404911e-01   0.0000
  3.46965820e-01   0.0000
  3.82457562e-02   0.0000
  1.22720182e+00   0.0000
 -2.34925747e+00   0.0000
  1.60642517e+00   0.0000
 -1.68315816e+00   0.0000
  1.11029625e+00   0.0000
 -1.56662434e-01   0.0000
 -4.62202519e-01   0.0000
 -2.72209138e-01   0.0000
  1.17732733e-02   0.0000
 -2.93043590e+00   0.0000
  6.86667040e-02   0.0000
  4.70032066e-01   0.0000
  1.26557112e+00   0.0000
  3.78270335e-02   0.0000
  1.70518279e-01   0.0000
 -1.02823116e-02   0.0000
 -6.14555590e-02   0.0000
 -8.07791829e-01   0.0000
  2.85981321e+00   0.0000
  5.57455301e-01   0.0000
  2.78353602e-01   0.0000
 -7.52094507e-01   0.0000
 -4.24108177e-01   0.0000
 -4.54785377e-01   0.0000
 -9.05991197e-02   0.0000
 -4.53288883e-01   0.0000
 -3.20278019e-01   0.0000
  1.36659384e-01   0.0000
 -1.50013709e+00   0.0000
  1.18031049e+00   0.0000
  3.87265533e-01   0.0000
  1.25435948e+00   0.0000
  7.85527527e-02   0.0000
  1.12698572e-02   0.0000
 -1.09590434e-01   0.0000
 -4.39964145e-01   0.0000
  1.51996851e+00   0.0000
 -1.41389027e-01   0.0000
 -1.09056696e-01   0.0000
 -2.77068943e-01   0.0000
 -7.06387386e-02   0.0000
  3.02744001e-01   0.0000
 -2.29454684e+00   0.0000
  1.74205685e+00   0.0000
  2.15501118e+00   0.0000
  5.20218015e-01   0.0000
 -2.63669133e-01   0.0000
 -9.55649763e-02   0.0000
 -2.61682248e+00   0.0000
  1.31310076e-01   0.0000
  1.75364399e+00   0.0000
  1.47552037e+00   0.0000
  1.97157824e+00   0.0000
  2.08979726e+00   0.0000
  7.28482544e-01   0.0000
  9.23481166e-01   0.0000
 -9.72072408e-02   0.0000
  3.80297828e+00   0.0000
  1.71036974e-01   0.0000
  3.80020523e+00   0.0000
 -2.95384884e-01   0.0000
  4.87735942e-02   0.0000
  4.67516005e-01   0.0000
  1.26279846e-01   0.0000
  1.66977465e-03   0.0000
  7.51453817e-01   0.0000
  1.62513804e+00   0.0000
 -3.70917296e+00   0.0000
  1.89902937e+00   0.0000
  7.94659317e-01   0.0000
  4.61555421e-01   0.0000
 -4.61413890e-01   0.0000
  1.08800995e+00   0.0000
 -8.98919106e-01   0.0000
 -4.85307741e+00   0.0000
 -5.86177921e+00   0.0000
  1.10113108e+00   0.0000
  2.02556610e+00   0.0000
 -1.33838743e-01   0.0000
  5.32274127e-01   0.0000
  3.48364651e-01   0.0000
 -1.34940803e+00   0.0000
  5.72991550e-01   0.0000
  8.74378622e-01   0.0000
  2.76005805e-01   0.0000
  1.78193316e-01   0.0000
  1.74918056e-01   0.0000
  3.24980170e-01   0.0000
  2.56988853e-01   0.0000
  3.15049618e-01   0.0000
 -4.16568661e+00   0.0000
  1.28786969e+00   0.0000
  3.91358674e-01   0.0000
  8.51071358e-01   0.0000
 -4.49240148e-01   0.0000
 -1.01064610e+00   0.0000
  1.30775011e+00   0.0000
  5.16002774e-01   0.0000
  3.95908642e+00   0.0000
 -2.79808164e+00   0.0000
 -1.86821854e+00   0.0000
 -1.81399667e+00   0.0000
 -7.83270240e-01   0.0000
  2.33111358e+00   0.0000
  3.80296141e-01   0.0000
 -8.38845730e-01   0.0000
 -3.79329398e-02   0.0000
 -1.14860594e+00   0.0000
  1.52157462e+00   0.0000
  4.58588898e-02   0.0000
 -1.08886576e+00   0.0000
 -4.30349523e-04   0.0000
 -4.83840480e-02   0.0000
 -1.92216289e+00   0.0000
  1.60310006e+00   0.0000
  2.46437359e+00   0.0000
 -1.35672235e+00   0.0000
  8.32385838e-01   0.0000
  1.31460458e-01   0.0000
  3.73158187e-01   0.0000
 -1.83997262e+00   0.0000
 -1.89970940e-01   0.0000
  1.95518458e+00   0.0000
  3.21609497e-01   0.0000
 -1.53746200e+00   0.0000
  2.66880465e+00   0.0000
  4.49078202e-01   0.0000
 -3.76108855e-01   0.0000
  4.16276678e-02   0.0000
  3.17741990e+00   0.0000
 -1.38056561e-01   0.0000
  5.74201047e-01   0.0000
 -1.45924175e+00   0.0000
 -5.82376644e-02   0.0000
  1.15950215e+00   0.0000
 -1.90630600e-01   0.0000
 -3.50431874e-02   0.0000
  1.42187345e+00   0.0000
  1.15127313e+00   0.0000
 -2.77863407e+00   0.0000
 -1.68891716e+00   0.0000
  1.92674387e+00   0.0000
  5.04291579e-02   0.0000
  3.29175629e-02   0.0000
 -2.69969702e-01   0.0000
  4.86887336e-01   0.0000
  2.39766693e+00   0.0000
  7.59959891e-02   0.0000
 -3.58655095e+00   0.0000
  8.65938440e-02   0.0000
  2.10911170e-01   0.0000
 -1.23320830e+00   0.0000
 -1.27066225e-01   0.0000
  5.74797034e-01   0.0000
  2.16983199e-01   0.0000
  1.88804245e+00   0.0000
 -7.96516001e-01   0.0000
  8.43624845e-02   0.0000
 -7.18781650e-02   0.0000
  1.27637222e-01   0.0000
  1.21625863e-01   0.0000
  3.17468524e-01   0.0000
  2.17737007e+00   0.0000
  1.21074998e+00   0.0000
  9.27153379e-02   0.0000
  9.76126254e-01   0.0000
 -1.87295482e-01   0.0000
 -1.17083654e-01   0.0000
 -9.00878906e+00   0.0000
 -2.81020671e-01   0.0000
 -3.28354478e+00   0.0000
 -7.25489318e-01   0.0000
  1.26670766e+00   0.0000
  6.34456778e+00   0.0000
 -1.87684581e-01   0.0000
 -2.49262989e-01   0.0000
  1.75339133e-01   0.0000
  1.86219275e+00   0.0000
  5.17819375e-02   0.0000
  1.18770707e+00   0.0000
  1.29151785e+00   0.0000
 -5.98841459e-02   0.0000
 -4.02594984e-01   0.0000
 -9.67264548e-02   0.0000
 -1.44405663e-02   0.0000
  6.42030537e-01   0.0000
 -2.63584375e+00   0.0000
 -7.44656444e-01   0.0000
 -9.51585054e-01   0.0000
  2.50621617e-01   0.0000
  7.68013716e-01   0.0000
 -4.97076064e-01   0.0000
  5.98089027e+00   0.0000
  7.22205579e-01   0.0000
 -2.51751447e+00   0.0000
 -2.29988337e+00   0.0000
  2.51688218e+00   0.0000
 -2.35287905e+00   0.0000
 -9.15142894e-01   0.0000
  1.16686380e+00   0.0000
  9.02372897e-02   0.0000
 -1.46544151e+01   0.0000
  4.17211920e-01   0.0000
 -1.52474076e-01   0.0000
  1.63560003e-01   0.0000
  1.24355718e-01   0.0000
 -1.29100263e+00   0.0000
  1.53987586e-01   0.0000
 -6.95197657e-02   0.0000
 -1.64810336e+00   0.0000
 -2.30022359e+00   0.0000
  8.94531250e-01   0.0000
  2.49559671e-01   0.0000
 -8.91401470e-01   0.0000
  2.20207185e-01   0.0000
 -1.12137377e+00   0.0000
 -2.09329176e+00   0.0000
  1.96614861e-01   0.0000
  8.16854537e-01   0.0000
 -4.69479024e-01   0.0000
 -3.49614477e+00   0.0000
 -1.74509263e+00   0.0000
  3.34801614e-01   0.0000
  2.65298200e+00   0.0000
  4.11613762e-01   0.0000
  3.51173520e+00   0.0000
  1.42315835e-01   0.0000
  5.96770704e-01   0.0000
 -2.85967499e-01   0.0000
 -1.24898762e-01   0.0000
  1.34738362e+00   0.0000
 -2.60354519e-01   0.0000
 -2.48379763e-02   0.0000
  2.22910595e+00   0.0000
 -4.19211531e+00   0.0000
  5.95716894e-01   0.0000
  2.23942542e+00   0.0000
 -2.70146108e+00   0.0000
  1.30988884e+00   0.0000
  2.79468536e-01   0.0000
  3.99255157e-01   0.0000
 -5.17207205e-01   0.0000
  4.04516011e-01   0.0000
 -5.15293777e-01   0.0000
  4.59458256e+00   0.0000
  1.07203352e+00   0.0000
 -1.62260509e+00   0.0000
 -9.43538070e-01   0.0000
  8.91865715e-02   0.0000
  1.22560132e+00   0.0000
 -1.68175310e-01   0.0000
 -7.48127326e-02   0.0000
 -1.27440906e+00   0.0000
 -3.49950753e-02   0.0000
 -6.67421401e-01   0.0000
 -2.79079266e-02   0.0000
 -9.15291309e-02   0.0000
 -5.33755869e-02   0.0000
  4.42449713e+00   0.0000
 -3.83412099e+00   0.0000
  1.23457050e+00   0.0000
 -1.77357352e+00   0.0000
  1.63502693e-01   0.0000
  6.40321195e-01   0.0000
 -1.16047776e+00   0.0000
 -2.30809093e+00   0.0000
  2.73747593e-01   0.0000
 -2.81689093e-02   0.0000
  1.95065665e+00   0.0000
 -8.50382745e-01   0.0000
 -8.02213252e-01   0.0000
 -9.32514191e-01   0.0000
 -1.67661831e-01   0.0000
 -4.16411495e+00   0.0000
  1.67645533e-02   0.0000
 -9.25122261e-01   0.0000
 -1.32548809e+00   0.0000
  5.32330163e-02   0.0000
  3.04756761e-01   0.0000
  8.67899209e-02   0.0000
  1.73726343e-02   0.0000
  6.62944317e-01   0.0000
 -2.79136491e+00   0.0000
 -1.03302372e+00   0.0000
  1.33459127e+00   0.0000
 -2.77418137e+00   0.0000
  4.81627375e-01   0.0000
  4.42701876e-01   0.0000
  1.27716541e+00   0.0000
 -7.19815016e-01   0.0000
  7.58284378e+00   0.0000
 -2.25690201e-01   0.0000
  2.25936675e+00   0.0000
 -1.36151373e+00   0.0000
 -6.15518630e-01   0.0000
 -7.98862815e-01   0.0000
 -1.50453188e-02   0.0000
  1.69227290e+00   0.0000
 -4.37271029e-01   0.0000
 -3.60534608e-01   0.0000
  5.90858877e-01   0.0000
 -1.74640998e-01   0.0000
 -1.09442323e-01   0.0000
 -1.93030268e-01   0.0000
 -1.95689738e-01   0.0000
 -5.61612487e-01   0.0000
 -1.34622410e-01   0.0000
  2.37761199e-01   0.0000
  2.35086083e+00   0.0000
  1.70077264e+00   0.0000
  2.31209453e-02   0.0000
  6.63066626e-01   0.0000
 -7.20617115e-01   0.0000
  9.84046876e-01   0.0000
  7.32438862e-02   0.0000
  2.77431935e-01   0.0000
 -2.14711905e+00   0.0000
 -9.44835134e-03   0.0000
  5.42161047e-01   0.0000
 -4.92556959e-01   0.0000
 -4.89517093e-01   0.0000
 -9.72795391e+00   0.0000
 -1.41614020e+00   0.0000
 -4.83613062e+00   0.0000
 -5.65053177e+00   0.0000
 -5.17807007e-01   0.0000
 -2.10166836e+00   0.0000
 -9.15645182e-01   0.0000
 -6.17451191e-01   0.0000
 -3.85944438e+00   0.0000
  6.09077787e+00   0.0000
  5.01978779e+00   0.0000
  5.84988832e+00   0.0000
  5.09677887e+00   0.0000
 -4.31082904e-01   0.0000
  3.40033007e+00   0.0000
 -8.57537556e+00   0.0000
  3.54398346e+00   0.0000
  1.13016605e+01   0.0000
  7.25682163e+00   0.0000
 -7.40186262e+00   0.0000
  6.77414942e+00   0.0000
  3.01798272e+00   0.0000
 -6.04219675e+00   0.0000
 -1.24302542e+00   0.0000
  0.00000000e+00   0.0000

