 5 0.000000 1
 1 
 Si 28.085500
 0 0.250000 4.500000 1.000000 1.500000 
 5 0 1 2 3 4
 6 0.01000 0.25000 0.50000 5.50000 6.00000 6.25000
 1 12.169200 6.172630 3.114710 0.755675 0.404939 0.036124 0.650018 0.572890
 4 30 24 24 1
 -1.22442104e-01   0.0000
  5.66614307e-02   0.0000
 -4.97283190e-01   0.0000
 -9.35240149e-01   0.0000
 -2.24300936e-01   0.0000
 -2.48095059e+00   0.0000
 -1.69003189e+00   0.0000
 -2.59406388e-01   0.0000
 -2.94295281e-01   0.0000
 -1.00002539e+00   0.0000
  2.53329933e-01   0.0000
 -6.87680006e-01   0.0000
 -6.45504296e-01   0.0000
  1.38185918e+00   0.0000
  4.64719266e-01   0.0000
 -3.93915653e-01   0.0000
  7.49175906e-01   0.0000
  5.87514818e-01   0.0000
 -8.51512849e-01   0.0000
 -2.44144368e+00   0.0000
 -7.44476140e-01   0.0000
 -1.07371055e-01   0.0000
  1.40280056e+00   0.0000
  5.96458018e-01   0.0000
 -4.91105229e-01   0.0000
 -7.80038893e-01   0.0000
 -1.15747106e+00   0.0000
 -2.34410810e+00   0.0000
  7.26130068e-01   0.0000
 -7.57540166e-01   0.0000
  1.57473296e-01   0.0000
 -1.25363207e+00   0.0000
  6.88903153e-01   0.0000
 -6.90641344e-01   0.0000
  4.76850085e-02   0.0000
 -4.60298210e-01   0.0000
 -1.44720280e+00   0.0000
  3.57344508e-01   0.0000
  8.71108100e-02   0.0000
 -1.07694733e+00   0.0000
  3.73284936e-01   0.0000
  7.37997055e-01   0.0000
 -2.08099532e+00   0.0000
 -1.33999658e+00   0.0000
 -2.09055400e+00   0.0000
  2.09387951e-02   0.0000
  5.94493389e-01   0.0000
  9.20676112e-01   0.0000
 -2.09274673e+00   0.0000
 -4.24835634e+00   0.0000
 -2.42409140e-01   0.0000
 -6.82695723e+00   0.0000
 -2.70066798e-01   0.0000
  7.89946938e+00   0.0000
  7.08352208e-01   0.0000
 -4.20359755e+00   0.0000
  1.03967004e-02   0.0000
  5.80676198e-01   0.0000
 -8.67943168e-01   0.0000
 -6.59917176e-01   0.0000
 -4.14751816e+00   0.0000
 -1.64295232e+00   0.0000
 -3.26052094e+00   0.0000
 -3.67087662e-01   0.0000
 -1.04978728e+00   0.0000
  2.09715676e+00   0.0000
 -5.49569988e+00   0.0000
  2.23013711e+00   0.0000
 -6.88257456e+00   0.0000
  2.20233583e+00   0.0000
 -1.08762717e+00   0.0000
  2.49883866e+00   0.0000
 -2.13490438e+00   0.0000
 -1.41849816e+00   0.0000
 -1.66857958e+00   0.0000
 -1.10263562e+00   0.0000
 -4.76720333e-01   0.0000
  2.83877635e+00   0.0000
 -5.61544597e-01   0.0000
 -2.07543635e+00   0.0000
 -1.08749712e+00   0.0000
  1.26544937e-01   0.0000
 -8.99820626e-01   0.0000
  1.93070620e-01   0.0000
 -8.63052368e-01   0.0000
 -4.35926139e-01   0.0000
 -1.87292230e+00   0.0000
 -3.02162051e+00   0.0000
  6.35727763e-01   0.0000
 -1.92960680e-01   0.0000
 -5.57347918e+00   0.0000
  6.12005949e-01   0.0000
 -7.57699490e-01   0.0000
  1.07050526e+00   0.0000
  4.05169582e+00   0.0000
  2.66426659e+00   0.0000
  1.73288897e-01   0.0000
  4.40275729e-01   0.0000
 -1.61700714e+00   0.0000
  4.41954613e+00   0.0000
  1.49244571e+00   0.0000
  7.91526198e-01   0.0000
 -8.24984133e-01   0.0000
 -5.65549314e-01   0.0000
  1.42220056e+00   0.0000
 -1.08135915e+00   0.0000
  8.56617019e-02   0.0000
  7.14273453e-01   0.0000
  1.03476822e+00   0.0000
 -3.13072771e-01   0.0000
  2.44260788e+00   0.0000
 -1.47217977e+00   0.0000
  2.71560669e-01   0.0000
 -2.22894549e+00   0.0000
  6.60905898e-01   0.0000
 -3.06464463e-01   0.0000
  3.48565745e+00   0.0000
  1.08171487e+00   0.0000
  1.68027174e+00   0.0000
  4.47201431e-01   0.0000
  1.16526358e-01   0.0000
  2.20977560e-01   0.0000
 -7.78849006e-01   0.0000
  2.32118344e+00   0.0000
  3.49840820e-01   0.0000
  3.31430376e-01   0.0000
 -1.44721746e-01   0.0000
 -2.59559482e-01   0.0000
  8.42798948e-01   0.0000
 -5.16510606e-01   0.0000
  5.83523363e-02   0.0000
  2.84501612e-01   0.0000
  5.19432247e-01   0.0000
 -2.52761632e-01   0.0000
  1.13271129e+00   0.0000
 -6.53846562e-01   0.0000
  4.15279806e-01   0.0000
 -9.61827040e-01   0.0000
  4.36913103e-01   0.0000
 -2.09805191e-01   0.0000
  1.82391882e+00   0.0000
  5.30601144e-01   0.0000
  6.54751480e-01   0.0000
  2.15176508e-01   0.0000
  1.32492945e-01   0.0000
  3.96710038e-02   0.0000
 -8.18492658e-03   0.0000
 -4.83457029e-01   0.0000
  3.36644858e-01   0.0000
 -2.65323400e-01   0.0000
 -7.51293823e-02   0.0000
  1.59519091e-01   0.0000
  4.52491999e-01   0.0000
 -3.06796338e-02   0.0000
 -1.94114983e-01   0.0000
  4.43696231e-01   0.0000
  4.43878546e-02   0.0000
 -2.01935768e-01   0.0000
  1.14566231e+00   0.0000
 -1.91179097e-01   0.0000
 -9.10533220e-02   0.0000
  3.09971124e-01   0.0000
  1.25065356e-01   0.0000
  5.61252907e-02   0.0000
 -4.81287003e-01   0.0000
 -2.34139919e-01   0.0000
  1.72832280e-01   0.0000
  1.05224776e+00   0.0000
  3.48548859e-01   0.0000
  2.00082898e-01   0.0000
 -6.34386301e-01   0.0000
 -1.75541532e+00   0.0000
  7.49889016e-01   0.0000
 -1.45996213e+00   0.0000
 -3.98405790e-01   0.0000
  3.16870809e-01   0.0000
  1.57077134e+00   0.0000
  2.71549169e-02   0.0000
 -8.57657194e-01   0.0000
  6.41070902e-01   0.0000
  1.15950247e-02   0.0000
 -7.00962842e-01   0.0000
  3.28494787e+00   0.0000
 -9.70176280e-01   0.0000
 -5.88405073e-01   0.0000
  9.10458565e-01   0.0000
  5.78554690e-01   0.0000
  5.81178784e-01   0.0000
 -1.66257632e+00   0.0000
 -5.61301053e-01   0.0000
  9.72426295e-01   0.0000
  6.26494229e-01   0.0000
  8.65625083e-01   0.0000
  4.87864524e-01   0.0000
 -3.48685789e+00   0.0000
 -6.07951975e+00   0.0000
  1.23818052e+00   0.0000
 -6.05637074e+00   0.0000
 -2.03695226e+00   0.0000
  5.29187918e-01   0.0000
  4.86984444e+00   0.0000
  3.39755028e-01   0.0000
 -3.06582284e+00   0.0000
  4.84130293e-01   0.0000
 -2.77455121e-01   0.0000
 -1.89270151e+00   0.0000
  8.73739433e+00   0.0000
 -3.76356316e+00   0.0000
 -1.50983596e+00   0.0000
  2.71930242e+00   0.0000
  2.31779981e+00   0.0000
  1.17971146e+00   0.0000
 -5.55608702e+00   0.0000
 -1.53971648e+00   0.0000
  3.74671435e+00   0.0000
 -1.92036963e+00   0.0000
  7.42273107e-02   0.0000
  1.83891785e+00   0.0000
 -2.21282506e+00   0.0000
  4.76642275e+00   0.0000
 -4.41401005e-01   0.0000
 -9.68830824e-01   0.0000
  6.70817435e-01   0.0000
  3.02916789e+00   0.0000
 -1.91623298e-03   0.0000
 -5.04923820e-01   0.0000
  2.97601795e+00   0.0000
 -3.06204259e-01   0.0000
  1.65809226e+00   0.0000
 -1.19156086e+00   0.0000
 -5.85383892e-01   0.0000
  7.19924927e-01   0.0000
 -4.56074566e-01   0.0000
 -1.46448016e+00   0.0000
 -6.12020922e+00   0.0000
  2.51472592e+00   0.0000
  5.69834518e+00   0.0000
 -2.74209785e+00   0.0000
  6.80259883e-01   0.0000
  2.12762848e-01   0.0000
 -4.38235402e-01   0.0000
 -1.01393008e+00   0.0000
 -1.16817701e+00   0.0000
  1.27347076e+00   0.0000
 -6.78712368e-01   0.0000
 -1.89006674e+00   0.0000
 -1.79324889e+00   0.0000
 -8.10118198e-01   0.0000
  1.00997835e-01   0.0000
 -3.93999130e-01   0.0000
 -2.96552688e-01   0.0000
 -5.42181671e-01   0.0000
  6.83624744e-01   0.0000
  5.05930483e-01   0.0000
 -2.43254995e+00   0.0000
 -1.76733240e-01   0.0000
  1.35128331e+00   0.0000
  3.69479150e-01   0.0000
  7.56479979e-01   0.0000
 -2.50557995e+00   0.0000
  1.57627904e+00   0.0000
 -1.78064167e+00   0.0000
 -2.50638485e-01   0.0000
  1.66073835e+00   0.0000
 -1.94654137e-01   0.0000
 -5.23603261e-01   0.0000
 -5.07944643e-01   0.0000
  4.59397584e-01   0.0000
 -3.29613656e-01   0.0000
 -8.79059613e-01   0.0000
 -8.53453934e-01   0.0000
 -4.28664863e-01   0.0000
  6.89854920e-02   0.0000
 -1.52344391e-01   0.0000
 -1.93706796e-01   0.0000
 -2.56247163e-01   0.0000
  2.85226703e-01   0.0000
  2.42468938e-01   0.0000
 -1.13693428e+00   0.0000
 -9.30892751e-02   0.0000
  6.54035807e-01   0.0000
  2.21927837e-01   0.0000
  4.48823184e-01   0.0000
 -1.22747827e+00   0.0000
  5.71123779e-01   0.0000
 -8.03497851e-01   0.0000
 -1.23801745e-01   0.0000
  7.93597400e-01   0.0000
 -1.47389352e-01   0.0000
 -1.61444545e-01   0.0000
 -5.63562930e-01   0.0000
 -6.18101776e-01   0.0000
 -8.82052660e-01   0.0000
 -1.53722370e+00   0.0000
 -1.04023911e-01   0.0000
 -1.96490571e-01   0.0000
 -3.20992321e-01   0.0000
 -3.51284623e-01   0.0000
 -2.03902394e-01   0.0000
 -1.75160438e-01   0.0000
  2.04771742e-01   0.0000
  7.70947710e-02   0.0000
  1.05193898e-01   0.0000
  3.52979153e-02   0.0000
  2.85241604e-01   0.0000
 -2.08698362e-01   0.0000
 -5.55443903e-03   0.0000
  1.85962722e-01   0.0000
 -5.17860830e-01   0.0000
 -5.78441381e-01   0.0000
 -3.35037231e-01   0.0000
  1.96663007e-01   0.0000
 -3.57030600e-01   0.0000
 -3.06159914e-01   0.0000
 -1.14573240e+00   0.0000
 -2.10706687e+00   0.0000
 -1.72449207e+00   0.0000
 -3.20394230e+00   0.0000
  2.39444852e-01   0.0000
 -3.54350060e-01   0.0000
 -8.21534753e-01   0.0000
 -8.43287468e-01   0.0000
 -5.97749054e-01   0.0000
 -4.61405367e-01   0.0000
  2.64261454e-01   0.0000
  1.50844812e-01   0.0000
  4.46607441e-01   0.0000
 -6.63498268e-02   0.0000
  2.00091258e-01   0.0000
 -3.70322049e-01   0.0000
 -1.77459925e-01   0.0000
  1.86500639e-01   0.0000
 -1.74769163e+00   0.0000
 -9.73191857e-01   0.0000
 -7.52966821e-01   0.0000
 -1.11172616e+00   0.0000
 -5.37038267e-01   0.0000
 -4.15665776e-01   0.0000
 -2.04242516e+00   0.0000
 -7.05162430e+00   0.0000
 -2.12899280e+00   0.0000
 -5.46632242e+00   0.0000
  2.34940195e+00   0.0000
 -2.75470823e-01   0.0000
 -2.56546736e+00   0.0000
 -1.63864207e+00   0.0000
 -1.60807633e+00   0.0000
 -7.43184090e-01   0.0000
 -1.54908057e-02   0.0000
  1.47441119e-01   0.0000
  2.47312331e+00   0.0000
 -5.70485830e-01   0.0000
 -9.21577215e-01   0.0000
 -4.92856175e-01   0.0000
 -9.22828913e-01   0.0000
  8.39476228e-01   0.0000
 -5.90229845e+00   0.0000
 -9.25458252e-01   0.0000
 -1.47548473e+00   0.0000
 -5.32243586e+00   0.0000
 -2.93644130e-01   0.0000
  1.50346410e+00   0.0000
  2.07330370e+00   0.0000
  4.06232643e+00   0.0000
 -2.33516026e+00   0.0000
  2.16970587e+00   0.0000
  2.09871006e+00   0.0000
  9.07136440e-01   0.0000
 -1.21550488e+00   0.0000
 -5.47327995e-01   0.0000
  2.66946888e+00   0.0000
  5.06249309e-01   0.0000
  1.53035486e+00   0.0000
  3.04113120e-01   0.0000
 -9.52926874e-01   0.0000
  2.92616892e+00   0.0000
  1.23051369e+00   0.0000
 -4.15240526e+00   0.0000
 -5.13150072e+00   0.0000
  9.98396814e-01   0.0000
  5.75002384e+00   0.0000
 -9.52737987e-01   0.0000
 -1.67412663e+00   0.0000
  2.60200310e+00   0.0000
 -2.71540701e-01   0.0000
 -5.46009839e-01   0.0000
 -4.44361538e-01   0.0000
  1.17705512e+00   0.0000
 -4.34917748e-01   0.0000
 -9.38878655e-01   0.0000
 -9.20066535e-01   0.0000
 -7.52361596e-01   0.0000
 -1.79505676e-01   0.0000
 -3.28382552e-01   0.0000
 -1.47043750e-01   0.0000
 -3.53986859e-01   0.0000
  5.57297289e-01   0.0000
  5.13731062e-01   0.0000
 -1.37797821e+00   0.0000
  1.39294043e-01   0.0000
  1.04130900e+00   0.0000
 -2.26309597e-01   0.0000
  5.66755056e-01   0.0000
 -1.75910282e+00   0.0000
  1.42105794e+00   0.0000
 -8.86082113e-01   0.0000
 -3.22616369e-01   0.0000
  1.34490180e+00   0.0000
 -1.11486413e-01   0.0000
 -2.66816407e-01   0.0000
 -2.36059144e-01   0.0000
  4.33904588e-01   0.0000
 -1.30171672e-01   0.0000
 -4.46756661e-01   0.0000
 -4.32213873e-01   0.0000
 -3.43690813e-01   0.0000
 -5.63704520e-02   0.0000
 -1.14487112e-01   0.0000
 -1.01044491e-01   0.0000
 -1.55602127e-01   0.0000
  2.20347956e-01   0.0000
  2.18111381e-01   0.0000
 -5.85213304e-01   0.0000
  7.07615539e-03   0.0000
  4.25050169e-01   0.0000
  1.59644245e-04   0.0000
  3.25381577e-01   0.0000
 -7.79190540e-01   0.0000
  5.15478790e-01   0.0000
 -3.81996930e-01   0.0000
 -1.10395655e-01   0.0000
  5.67297280e-01   0.0000
 -1.57999903e-01   0.0000
 -3.95296216e-01   0.0000
  3.53473574e-01   0.0000
 -6.98593259e-01   0.0000
 -7.43248105e-01   0.0000
 -2.97192955e+00   0.0000
 -1.30191779e+00   0.0000
 -4.70547885e-01   0.0000
  4.80411053e-01   0.0000
 -5.69638669e-01   0.0000
 -1.98533431e-01   0.0000
 -1.05270863e-01   0.0000
  1.65507227e-01   0.0000
  1.22934356e-01   0.0000
 -1.50493920e-01   0.0000
 -3.55698317e-01   0.0000
  8.57549131e-01   0.0000
  5.97998857e-01   0.0000
  4.51070666e-02   0.0000
 -9.86259699e-01   0.0000
 -5.28990626e-01   0.0000
  5.71770787e-01   0.0000
 -5.32042459e-02   0.0000
  1.73886454e+00   0.0000
 -3.94791067e-01   0.0000
 -7.88870573e-01   0.0000
  1.26897216e+00   0.0000
 -2.12971592e+00   0.0000
 -9.09082592e-01   0.0000
 -4.65131712e+00   0.0000
 -1.21341491e+00   0.0000
 -1.12137735e+00   0.0000
  9.89046574e-01   0.0000
 -5.46873510e-01   0.0000
 -4.72664416e-01   0.0000
  3.55246842e-01   0.0000
  1.16849996e-01   0.0000
 -4.00811397e-02   0.0000
  2.92566627e-01   0.0000
 -9.73112881e-01   0.0000
  9.43976641e-01   0.0000
  1.44334960e+00   0.0000
 -2.70676851e-01   0.0000
 -9.10702288e-01   0.0000
 -1.85973823e+00   0.0000
  1.94595432e+00   0.0000
 -3.06576848e-01   0.0000
  2.93691587e+00   0.0000
 -6.50984287e-01   0.0000
 -8.62108946e-01   0.0000
  3.76015449e+00   0.0000
 -6.46818066e+00   0.0000
  1.56153858e-01   0.0000
 -3.67962742e+00   0.0000
  2.15448546e+00   0.0000
 -1.89413154e+00   0.0000
  1.39557624e+00   0.0000
  4.88059789e-01   0.0000
 -7.38114715e-01   0.0000
  2.15752435e+00   0.0000
 -8.23971629e-01   0.0000
 -1.15886688e+00   0.0000
  3.67177272e+00   0.0000
 -2.37930584e+00   0.0000
 -9.75421011e-01   0.0000
  2.97227955e+00   0.0000
 -2.10277367e+00   0.0000
  2.32375836e+00   0.0000
 -6.43103266e+00   0.0000
  6.36037350e+00   0.0000
 -9.01632786e-01   0.0000
  4.06892824e+00   0.0000
  1.79319203e-01   0.0000
  5.91695368e-01   0.0000
 -1.25840604e+00   0.0000
 -7.42687583e-01   0.0000
 -1.06922530e-01   0.0000
 -7.79689431e-01   0.0000
  1.36122882e+00   0.0000
  5.46554625e-01   0.0000
  6.35152578e-01   0.0000
  7.03881145e-01   0.0000
  8.53714228e-01   0.0000
  1.88063192e+00   0.0000
 -1.85849547e-01   0.0000
 -2.04424024e+00   0.0000
 -1.14555061e+00   0.0000
 -2.28486791e-01   0.0000
 -1.80630040e+00   0.0000
 -1.43275440e+00   0.0000
 -2.50850415e+00   0.0000
  7.29137063e-01   0.0000
  2.66932875e-01   0.0000
  1.93752754e+00   0.0000
 -5.54544330e-01   0.0000
  2.71810317e+00   0.0000
 -4.28962350e-01   0.0000
 -1.24996376e+00   0.0000
 -1.17243195e+00   0.0000
  1.46494055e+00   0.0000
 -9.29697692e-01   0.0000
 -2.12267613e+00   0.0000
 -2.37261581e+00   0.0000
 -1.51718473e+00   0.0000
  5.95632076e-01   0.0000
 -3.84838074e-01   0.0000
 -6.57588840e-01   0.0000
 -3.55580956e-01   0.0000
  7.66228199e-01   0.0000
  5.20988226e-01   0.0000
 -2.83382869e+00   0.0000
 -3.67293447e-01   0.0000
  1.84706390e+00   0.0000
  1.79308251e-01   0.0000
  1.69922972e+00   0.0000
 -3.24227834e+00   0.0000
  1.83622122e+00   0.0000
 -1.34236979e+00   0.0000
 -5.98595381e-01   0.0000
  2.20371127e+00   0.0000
 -1.95285916e-01   0.0000
 -5.88492870e-01   0.0000
 -5.20017982e-01   0.0000
  6.69930875e-01   0.0000
 -4.06227052e-01   0.0000
 -9.28096890e-01   0.0000
 -1.09564888e+00   0.0000
 -6.93383276e-01   0.0000
  2.60237664e-01   0.0000
 -1.91946208e-01   0.0000
 -3.16759467e-01   0.0000
 -1.84677735e-01   0.0000
  3.40392292e-01   0.0000
  2.73191273e-01   0.0000
 -1.26932192e+00   0.0000
 -1.52098805e-01   0.0000
  8.59761775e-01   0.0000
  1.15896173e-01   0.0000
  7.92536676e-01   0.0000
 -1.46328890e+00   0.0000
  8.27068150e-01   0.0000
 -6.40729547e-01   0.0000
 -2.62298495e-01   0.0000
  9.45329785e-01   0.0000
  1.42394975e-01   0.0000
 -2.21875191e-01   0.0000
 -5.09292245e-01   0.0000
 -4.81038481e-01   0.0000
 -2.47659779e+00   0.0000
 -1.67344940e+00   0.0000
 -8.59944165e-01   0.0000
 -6.50558667e-03   0.0000
  9.86593843e-01   0.0000
 -2.85144120e-01   0.0000
 -1.58823103e-01   0.0000
  3.92884046e-01   0.0000
  2.12571487e-01   0.0000
  1.01519299e+00   0.0000
 -2.72107959e-01   0.0000
 -5.56672692e-01   0.0000
  1.68433332e+00   0.0000
  5.57920158e-01   0.0000
  1.63175300e-01   0.0000
 -3.18788505e+00   0.0000
 -5.03385365e-01   0.0000
 -7.45859295e-02   0.0000
 -2.10153773e-01   0.0000
  8.93540740e-01   0.0000
  1.28203869e-01   0.0000
  1.09951608e-02   0.0000
 -1.46860564e+00   0.0000
 -1.53722167e+00   0.0000
 -1.67382205e+00   0.0000
 -3.11958051e+00   0.0000
 -1.08499920e+00   0.0000
 -1.65618017e-01   0.0000
  1.39534026e-01   0.0000
 -5.84831201e-02   0.0000
 -4.68943059e-01   0.0000
  1.06666398e+00   0.0000
  2.31255934e-01   0.0000
  6.29559338e-01   0.0000
 -1.00798689e-01   0.0000
 -1.45213854e+00   0.0000
  2.05452132e+00   0.0000
  2.89718121e-01   0.0000
  2.11957797e-01   0.0000
 -2.22998118e+00   0.0000
 -1.70659971e+00   0.0000
  2.25293174e-01   0.0000
 -4.78205681e-01   0.0000
  2.38519728e-01   0.0000
 -4.30847317e-01   0.0000
  1.44519389e+00   0.0000
 -3.71197343e+00   0.0000
 -4.88406849e+00   0.0000
  1.01138294e+00   0.0000
 -4.18399858e+00   0.0000
 -1.58188927e+00   0.0000
 -7.94370532e-01   0.0000
 -1.32424951e+00   0.0000
  5.90897679e-01   0.0000
 -1.26229513e+00   0.0000
  1.03386307e+00   0.0000
 -3.99334878e-01   0.0000
 -2.09706515e-01   0.0000
  1.48240483e+00   0.0000
 -3.47686124e+00   0.0000
  1.05673289e+00   0.0000
 -2.70880914e+00   0.0000
  1.58702247e-02   0.0000
  3.72502160e+00   0.0000
 -5.76460123e+00   0.0000
  1.63706493e+00   0.0000
 -1.29123747e+00   0.0000
 -3.12569070e+00   0.0000
  9.12568092e-01   0.0000
  1.19671547e+00   0.0000
  1.34737134e+00   0.0000
 -1.31370306e+00   0.0000
  1.67055440e+00   0.0000
  4.62807131e+00   0.0000
  3.79995614e-01   0.0000
  7.39885211e-01   0.0000
  9.73185062e-01   0.0000
 -1.29470325e+00   0.0000
  1.09465432e+00   0.0000
 -6.27465963e-01   0.0000
 -1.03808440e-01   0.0000
  3.76393867e+00   0.0000
 -2.87329841e+00   0.0000
  2.00921035e+00   0.0000
  9.48037922e-01   0.0000
 -4.20187283e+00   0.0000
  8.71226549e-01   0.0000
  1.09355950e+00   0.0000
 -2.58211255e+00   0.0000
  2.15818095e+00   0.0000
 -5.90369701e-01   0.0000
  2.40538025e+00   0.0000
  2.58879840e-01   0.0000
 -2.79013842e-01   0.0000
 -1.48352075e+00   0.0000
  2.13309622e+00   0.0000
 -2.00824428e+00   0.0000
 -9.36832607e-01   0.0000
 -3.07253575e+00   0.0000
 -7.76323378e-01   0.0000
  2.43440223e+00   0.0000
 -7.57273018e-01   0.0000
 -2.75188297e-01   0.0000
 -1.19071054e+00   0.0000
  9.13827956e-01   0.0000
  1.56038237e+00   0.0000
 -8.42029452e-01   0.0000
 -1.22229777e-01   0.0000
  7.60864139e-01   0.0000
 -3.94626498e-01   0.0000
  1.77217662e+00   0.0000
 -2.10182738e+00   0.0000
  1.94297421e+00   0.0000
 -5.35205722e-01   0.0000
  5.29244840e-01   0.0000
  1.53299284e+00   0.0000
  7.40537494e-02   0.0000
 -1.70348078e-01   0.0000
 -7.03794360e-01   0.0000
  1.07519650e+00   0.0000
 -1.00631130e+00   0.0000
 -5.27093947e-01   0.0000
 -1.48616672e+00   0.0000
 -4.19921011e-01   0.0000
  1.15466225e+00   0.0000
 -3.30471843e-01   0.0000
 -1.49380818e-01   0.0000
 -5.45396686e-01   0.0000
  4.42117274e-01   0.0000
  6.81264818e-01   0.0000
 -3.85304272e-01   0.0000
 -8.07020888e-02   0.0000
  3.65044832e-01   0.0000
 -8.52210447e-02   0.0000
  8.41409981e-01   0.0000
 -1.02584648e+00   0.0000
  9.85867083e-01   0.0000
 -3.20082873e-01   0.0000
  2.46530890e-01   0.0000
  7.07337022e-01   0.0000
 -2.79393941e-01   0.0000
  1.22430295e-01   0.0000
 -9.78877023e-03   0.0000
 -1.20084509e-01   0.0000
 -1.28709748e-01   0.0000
 -1.65744707e-01   0.0000
 -3.98907542e-01   0.0000
 -2.84652472e-01   0.0000
 -7.59505570e-01   0.0000
  7.74805069e-01   0.0000
  9.18277353e-02   0.0000
  4.98724729e-01   0.0000
  6.14473559e-02   0.0000
  1.24151856e-01   0.0000
  3.43907982e-01   0.0000
  4.81066257e-01   0.0000
 -7.37884879e-01   0.0000
 -3.45767826e-01   0.0000
 -2.32704103e-01   0.0000
 -9.22050476e-02   0.0000
 -1.56978458e-01   0.0000
 -7.28546560e-01   0.0000
  4.22418594e-01   0.0000
 -6.73933551e-02   0.0000
 -5.50721467e-01   0.0000
  3.25589031e-01   0.0000
  1.44369936e+00   0.0000
 -2.61351056e-02   0.0000
 -1.00577198e-01   0.0000
  3.01739965e-02   0.0000
 -1.93423346e-01   0.0000
  6.76444694e-02   0.0000
 -1.80548370e-01   0.0000
  1.32895899e+00   0.0000
 -2.78673708e-01   0.0000
 -1.26688913e-01   0.0000
  1.72982618e-01   0.0000
 -4.95171338e-01   0.0000
 -8.12566340e-01   0.0000
 -5.36431611e-01   0.0000
 -4.13804114e-01   0.0000
 -5.77048779e-01   0.0000
  4.41213518e-01   0.0000
  1.86505437e-01   0.0000
  1.74560153e+00   0.0000
  3.24695528e-01   0.0000
  1.32178104e+00   0.0000
  2.59173006e-01   0.0000
 -8.06929827e-01   0.0000
  3.42298269e-01   0.0000
  1.66951513e+00   0.0000
  1.82982194e+00   0.0000
 -8.49275943e-03   0.0000
  3.82465780e-01   0.0000
 -2.21241731e-02   0.0000
  6.72757402e-02   0.0000
  3.48702908e-01   0.0000
  2.96789050e+00   0.0000
  5.58220983e-01   0.0000
  4.34564948e-01   0.0000
 -1.07112706e+00   0.0000
 -1.69718623e-01   0.0000
 -1.10647798e+00   0.0000
  1.04456580e+00   0.0000
 -1.24172494e-01   0.0000
 -1.64294302e+00   0.0000
 -9.52288926e-01   0.0000
  8.20284724e-01   0.0000
  1.11046910e+00   0.0000
 -1.94627970e-01   0.0000
  1.73488951e+00   0.0000
  2.80594438e-01   0.0000
 -6.63906038e-01   0.0000
  6.87865198e-01   0.0000
  3.31633258e+00   0.0000
  3.35224807e-01   0.0000
  1.15327485e-01   0.0000
  9.72721636e-01   0.0000
  3.75779152e-01   0.0000
  2.55345732e-01   0.0000
  1.37255108e+00   0.0000
 -6.01673317e+00   0.0000
  5.16361296e-01   0.0000
 -2.36067966e-01   0.0000
 -3.73141438e-01   0.0000
 -4.45354670e-01   0.0000
 -9.36895370e-01   0.0000
  3.46751124e-01   0.0000
 -5.89767694e-01   0.0000
  3.74301147e+00   0.0000
 -2.17345476e+00   0.0000
  1.10118270e+00   0.0000
 -1.60588622e+00   0.0000
 -8.40144575e-01   0.0000
  8.80429685e-01   0.0000
  4.39283043e-01   0.0000
 -1.51325159e+01   0.0000
  5.16682506e-01   0.0000
 -1.44659951e-01   0.0000
  2.74464321e+00   0.0000
  2.95852363e-01   0.0000
 -1.32028651e+00   0.0000
  5.55818737e-01   0.0000
 -1.46404805e-03   0.0000
 -4.35883135e-01   0.0000
 -2.51879430e+00   0.0000
  5.40635049e-01   0.0000
 -1.76767558e-01   0.0000
 -1.34621716e+00   0.0000
  9.29971159e-01   0.0000
 -1.25025010e+00   0.0000
 -4.18112755e+00   0.0000
 -8.64129841e-01   0.0000
  9.38832238e-02   0.0000
 -1.53171945e+00   0.0000
 -9.43088472e-01   0.0000
 -1.38815379e+00   0.0000
 -7.03693256e-02   0.0000
  2.45182586e+00   0.0000
  5.81614137e-01   0.0000
  1.43212831e+00   0.0000
  5.17400615e-02   0.0000
 -5.94364166e-01   0.0000
  1.65652084e+00   0.0000
  7.75514916e-02   0.0000
  1.15509665e+00   0.0000
  1.44252488e-02   0.0000
  1.32614508e-01   0.0000
  2.64923954e+00   0.0000
 -1.45811811e-01   0.0000
 -9.31735396e-01   0.0000
 -2.54973316e+00   0.0000
 -6.80726588e-01   0.0000
  6.78475022e-01   0.0000
 -4.03309613e-01   0.0000
 -1.56122589e+00   0.0000
  2.02940270e-01   0.0000
 -2.06589341e+00   0.0000
  6.56204283e-01   0.0000
  4.53940868e+00   0.0000
  1.73463672e-01   0.0000
 -1.87490869e+00   0.0000
  6.53099775e-01   0.0000
  2.37410709e-01   0.0000
 -3.85801482e+00   0.0000
  2.73979843e-01   0.0000
 -6.24719524e+00   0.0000
  3.91823649e+00   0.0000
  3.68041873e-01   0.0000
  5.70577145e-01   0.0000
  5.11812627e-01   0.0000
  2.04420716e-01   0.0000
  1.12033105e+00   0.0000
 -1.13537741e+01   0.0000
 -7.87124395e-01   0.0000
 -2.39149094e+00   0.0000
  2.31819105e+00   0.0000
  7.13246286e-01   0.0000
 -2.27811523e-02   0.0000
 -2.24229598e+00   0.0000
 -6.66696802e-02   0.0000
  2.15472245e+00   0.0000
 -1.26547682e+00   0.0000
  2.87164593e+00   0.0000
 -4.23279238e+00   0.0000
 -7.96743512e-01   0.0000
  5.09123623e-01   0.0000
  4.70425040e-01   0.0000
  3.44467983e-02   0.0000
  2.14340463e-01   0.0000
  2.83505964e+00   0.0000
 -5.20162463e-01   0.0000
 -4.35351394e-02   0.0000
  1.72017360e+00   0.0000
  1.04720376e-01   0.0000
  4.58836481e-02   0.0000
  1.47664821e+00   0.0000
 -4.73055601e+00   0.0000
 -1.76611567e+00   0.0000
 -5.40876865e-01   0.0000
 -3.09392929e+00   0.0000
 -2.16152936e-01   0.0000
 -6.89046502e-01   0.0000
  3.50167251e+00   0.0000
 -1.44388482e-01   0.0000
 -8.99796709e-02   0.0000
 -5.14370203e-01   0.0000
  3.07618797e-01   0.0000
 -1.85212088e+00   0.0000
 -3.53656024e-01   0.0000
  1.16310167e+00   0.0000
 -6.24962039e-02   0.0000
 -2.58971596e+00   0.0000
  2.91617304e-01   0.0000
  2.29844165e+00   0.0000
 -9.29382980e-01   0.0000
 -1.94439311e-02   0.0000
  6.55693054e-01   0.0000
 -6.27419278e-02   0.0000
  2.01484501e-01   0.0000
 -1.15639620e-01   0.0000
  1.43789053e+00   0.0000
 -2.21850634e+00   0.0000
 -7.94677902e-03   0.0000
  6.97301552e-02   0.0000
 -2.10954398e-01   0.0000
 -1.73367453e+00   0.0000
  1.05726337e+00   0.0000
 -4.39208776e-01   0.0000
 -2.57228374e+00   0.0000
 -1.45982295e-01   0.0000
 -3.44522536e-01   0.0000
 -3.86810571e-01   0.0000
  1.78805634e-01   0.0000
  2.94575620e+00   0.0000
  3.06268871e-01   0.0000
  3.58646154e-01   0.0000
 -1.32963583e-01   0.0000
 -1.09344907e-01   0.0000
 -1.00563705e+00   0.0000
 -3.05945963e-01   0.0000
 -9.96246755e-01   0.0000
 -5.30322611e-01   0.0000
 -1.47813275e-01   0.0000
  1.23068251e-01   0.0000
  3.44601798e+00   0.0000
 -2.81217718e+00   0.0000
  1.39231539e+00   0.0000
  1.82384574e+00   0.0000
  2.63817180e-02   0.0000
  2.51909588e-02   0.0000
 -9.97327641e-02   0.0000
  1.56132412e+00   0.0000
  4.03087521e+00   0.0000
 -1.46793628e+00   0.0000
 -5.84137678e-01   0.0000
  1.19672847e+00   0.0000
  1.11859012e+00   0.0000
  7.31161892e-01   0.0000
 -1.62418764e-02   0.0000
  3.47530782e-01   0.0000
  1.33218959e-01   0.0000
 -5.91162682e-01   0.0000
 -6.53027773e-01   0.0000
 -1.01711854e-01   0.0000
 -5.37211597e-01   0.0000
  2.59874910e-02   0.0000
  7.95557722e-02   0.0000
  9.98774350e-01   0.0000
 -1.44676411e+00   0.0000
 -5.10325789e-01   0.0000
 -6.04385793e-01   0.0000
 -8.08370858e-02   0.0000
  8.21090415e-02   0.0000
  1.29722461e-01   0.0000
  4.62617040e-01   0.0000
 -1.92841232e-01   0.0000
  1.31785369e+00   0.0000
 -7.96520352e-01   0.0000
  2.55905294e+00   0.0000
 -1.78494430e+00   0.0000
 -1.55691242e+00   0.0000
 -2.76789516e-01   0.0000
  8.05500448e-02   0.0000
 -3.48116708e+00   0.0000
  4.12947983e-01   0.0000
 -1.80060059e-01   0.0000
  5.08282259e-02   0.0000
 -7.60675967e-02   0.0000
  5.76052368e-01   0.0000
 -1.20757930e-01   0.0000
  1.39318556e-01   0.0000
  6.76508099e-02   0.0000
 -4.55231458e-01   0.0000
  2.20473528e-01   0.0000
  4.74361956e-01   0.0000
  3.36487964e-02   0.0000
 -2.86526948e-01   0.0000
 -9.71606016e-01   0.0000
  1.03151107e+00   0.0000
  4.06634323e-02   0.0000
  1.86641455e+00   0.0000
 -1.10716939e+00   0.0000
 -5.46001457e-02   0.0000
 -2.51491046e+00   0.0000
 -2.75811762e-01   0.0000
  2.23211646e+00   0.0000
  3.76050800e-01   0.0000
 -6.08970523e-01   0.0000
  9.63507891e-02   0.0000
 -7.13457942e-01   0.0000
 -7.28752077e-01   0.0000
 -1.19190149e-01   0.0000
  1.84016511e-01   0.0000
 -1.95410937e-01   0.0000
  2.39572506e-02   0.0000
  1.02089798e+00   0.0000
 -1.14682281e+00   0.0000
 -3.19837183e-01   0.0000
 -9.78308678e-01   0.0000
  7.33724892e-01   0.0000
  4.84429717e-01   0.0000
 -1.42202273e-01   0.0000
  1.27773583e+00   0.0000
 -2.10318422e+00   0.0000
  2.05506587e+00   0.0000
 -1.51489353e+00   0.0000
  1.10976338e+00   0.0000
 -5.64958870e-01   0.0000
 -1.05693686e+00   0.0000
 -6.86704889e-02   0.0000
  3.10571007e-02   0.0000
 -2.89378762e+00   0.0000
  1.87542364e-01   0.0000
  7.14989901e-01   0.0000
  1.55149913e+00   0.0000
 -4.57196310e-02   0.0000
  3.39438230e-01   0.0000
 -1.01288930e-01   0.0000
 -7.35157877e-02   0.0000
 -6.84325516e-01   0.0000
  2.62069225e+00   0.0000
  5.81316888e-01   0.0000
  5.10402501e-01   0.0000
 -6.09979808e-01   0.0000
 -6.63886189e-01   0.0000
 -7.01814055e-01   0.0000
  3.30512896e-02   0.0000
 -4.69011247e-01   0.0000
 -2.95017272e-01   0.0000
 -9.32590887e-02   0.0000
 -1.48184240e+00   0.0000
  1.73227251e+00   0.0000
  5.96472800e-01   0.0000
  1.40267146e+00   0.0000
  1.52921021e-01   0.0000
  9.94697586e-02   0.0000
  1.75830666e-02   0.0000
  4.00707312e-03   0.0000
  2.01911545e+00   0.0000
 -2.29067460e-01   0.0000
 -2.76651174e-01   0.0000
 -4.06202078e-01   0.0000
 -1.29289761e-01   0.0000
  5.44179857e-01   0.0000
 -3.10799575e+00   0.0000
  1.98666632e+00   0.0000
  2.07085180e+00   0.0000
  9.14824128e-01   0.0000
 -6.08368874e-01   0.0000
 -4.53301638e-01   0.0000
 -2.80468082e+00   0.0000
  1.06181102e-02   0.0000
  1.89088702e+00   0.0000
  1.36741459e+00   0.0000
  1.28074074e+00   0.0000
  2.55607533e+00   0.0000
  6.25878394e-01   0.0000
  9.43836153e-01   0.0000
  7.78872008e-03   0.0000
  3.80845785e+00   0.0000
  3.49940658e-01   0.0000
  4.13265753e+00   0.0000
 -2.81080216e-01   0.0000
  7.28086457e-02   0.0000
  4.56157833e-01   0.0000
  2.58167922e-01   0.0000
  3.56664183e-03   0.0000
  1.34974778e+00   0.0000
  9.69815314e-01   0.0000
 -3.65579677e+00   0.0000
  1.86058986e+00   0.0000
  2.81283677e-01   0.0000
  2.66251385e-01   0.0000
 -1.55508116e-01   0.0000
  2.58072495e-01   0.0000
 -3.28191161e-01   0.0000
 -4.56995201e+00   0.0000
 -5.48550367e+00   0.0000
  1.85788369e+00   0.0000
  3.03732395e+00   0.0000
 -8.93869344e-03   0.0000
  7.16008544e-01   0.0000
  5.53872943e-01   0.0000
 -1.46458912e+00   0.0000
  6.29583120e-01   0.0000
  1.04918428e-01   0.0000
  4.32954207e-02   0.0000
  1.11608975e-01   0.0000
  2.24127144e-01   0.0000
  2.96555340e-01   0.0000
  2.28043064e-01   0.0000
  3.69882315e-01   0.0000
 -4.05585957e+00   0.0000
  7.21465111e-01   0.0000
 -2.81307306e-02   0.0000
  1.39171267e+00   0.0000
 -7.39580572e-01   0.0000
 -1.45095193e+00   0.0000
  1.44400358e+00   0.0000
  1.94986820e-01   0.0000
  4.49908686e+00   0.0000
 -2.42205572e+00   0.0000
 -1.38726640e+00   0.0000
 -1.97580349e+00   0.0000
 -6.65170491e-01   0.0000
  2.44714189e+00   0.0000
  4.20223862e-01   0.0000
 -6.46666229e-01   0.0000
 -8.33458304e-02   0.0000
 -1.11452687e+00   0.0000
  1.55561531e+00   0.0000
  7.96929188e-03   0.0000
 -1.65651524e+00   0.0000
 -5.86463027e-02   0.0000
 -4.99016047e-02   0.0000
 -1.88404918e+00   0.0000
  1.62726271e+00   0.0000
  2.22469759e+00   0.0000
 -1.39083755e+00   0.0000
  7.28658855e-01   0.0000
  3.44644427e-01   0.0000
  3.15387905e-01   0.0000
 -2.00381637e+00   0.0000
 -3.34536135e-01   0.0000
  1.98206139e+00   0.0000
  2.63786107e-01   0.0000
 -1.36752236e+00   0.0000
  3.08239698e+00   0.0000
  3.92359823e-01   0.0000
 -2.98801571e-01   0.0000
  2.94047631e-02   0.0000
  3.56673670e+00   0.0000
 -2.18841121e-01   0.0000
  1.18307531e-01   0.0000
 -1.31049788e+00   0.0000
 -3.76370028e-02   0.0000
  1.18165600e+00   0.0000
 -2.23383725e-01   0.0000
  5.25610102e-03   0.0000
  1.20882916e+00   0.0000
  1.46913767e+00   0.0000
 -2.88994384e+00   0.0000
 -1.58695984e+00   0.0000
  2.07455325e+00   0.0000
  4.81231585e-02   0.0000
  3.56340677e-01   0.0000
 -4.34062570e-01   0.0000
  6.13063276e-01   0.0000
  3.30530214e+00   0.0000
  4.74891007e-01   0.0000
 -2.91760921e+00   0.0000
 -6.01985872e-01   0.0000
 -9.53758806e-02   0.0000
 -9.14833605e-01   0.0000
 -1.24461226e-01   0.0000
  1.25341094e+00   0.0000
  2.25144699e-01   0.0000
  1.62550688e+00   0.0000
 -1.29866743e+00   0.0000
  7.50500113e-02   0.0000
 -3.26249927e-01   0.0000
  1.01487979e-01   0.0000
  1.13475867e-01   0.0000
  5.30283153e-01   0.0000
  2.16384983e+00   0.0000
  2.36660600e+00   0.0000
  2.70258993e-01   0.0000
  1.03518116e+00   0.0000
 -3.88639778e-01   0.0000
  3.26846182e-01   0.0000
 -8.29034233e+00   0.0000
 -1.01249993e+00   0.0000
 -3.42013693e+00   0.0000
 -8.35637152e-01   0.0000
  1.14568293e+00   0.0000
  6.37671995e+00   0.0000
 -4.02590156e-01   0.0000
 -7.15469301e-01   0.0000
  2.03828454e-01   0.0000
  9.25149620e-01   0.0000
  3.43418904e-02   0.0000
  8.09599340e-01   0.0000
  2.00332165e+00   0.0000
  4.73668426e-02   0.0000
 -5.03521740e-01   0.0000
 -1.51919480e-02   0.0000
  1.24665000e-03   0.0000
  9.18643832e-01   0.0000
 -3.05026984e+00   0.0000
 -1.04922211e+00   0.0000
 -2.26704732e-01   0.0000
  1.07923949e+00   0.0000
  1.00279856e+00   0.0000
 -4.89980072e-01   0.0000
  6.23905277e+00   0.0000
  7.29447901e-01   0.0000
 -2.51125741e+00   0.0000
 -1.74287140e+00   0.0000
  2.29741645e+00   0.0000
 -3.23470283e+00   0.0000
 -9.37558413e-01   0.0000
  1.11946416e+00   0.0000
  1.34003103e-01   0.0000
 -1.45255566e+01   0.0000
  3.33906084e-01   0.0000
 -4.59135890e-01   0.0000
  2.97647025e-02   0.0000
  3.17217745e-02   0.0000
 -1.52129602e+00   0.0000
  1.00717619e-01   0.0000
 -6.27933964e-02   0.0000
 -1.56850672e+00   0.0000
 -2.35697389e+00   0.0000
  9.45402443e-01   0.0000
  3.68623227e-01   0.0000
 -1.79989100e+00   0.0000
  7.85806924e-02   0.0000
 -1.67993081e+00   0.0000
 -2.29782224e+00   0.0000
  1.48828223e-01   0.0000
  1.03062034e+00   0.0000
 -2.67326389e-03   0.0000
 -3.20734882e+00   0.0000
 -1.91952384e+00   0.0000
  5.73180795e-01   0.0000
  2.64613128e+00   0.0000
  2.21572578e-01   0.0000
  3.10958481e+00   0.0000
 -2.37495918e-02   0.0000
  1.18541694e+00   0.0000
 -6.94655418e-01   0.0000
 -5.96924499e-02   0.0000
  1.37381637e+00   0.0000
 -3.08755308e-01   0.0000
  6.74476102e-02   0.0000
  1.95805287e+00   0.0000
 -4.16916513e+00   0.0000
  8.06595206e-01   0.0000
  2.06679130e+00   0.0000
 -2.39337516e+00   0.0000
  1.76507795e+00   0.0000
  3.28196138e-01   0.0000
  4.90791202e-01   0.0000
 -1.28477013e+00   0.0000
  1.40546069e-01   0.0000
 -4.74211395e-01   0.0000
  3.91674733e+00   0.0000
  8.05085421e-01   0.0000
 -1.70898783e+00   0.0000
 -7.02900350e-01   0.0000
 -7.38087147e-02   0.0000
  1.18989158e+00   0.0000
 -1.45148233e-01   0.0000
  5.68088233e-01   0.0000
 -1.17705667e+00   0.0000
 -1.28530681e-01   0.0000
 -2.89860100e-01   0.0000
 -9.87935960e-02   0.0000
 -1.48109838e-01   0.0000
  5.11036456e-01   0.0000
  3.83444691e+00   0.0000
 -4.59146261e+00   0.0000
  1.14091992e+00   0.0000
 -1.33086812e+00   0.0000
  7.99257815e-01   0.0000
  7.72481441e-01   0.0000
 -1.05960035e+00   0.0000
 -2.58042407e+00   0.0000
 -5.22458613e-01   0.0000
 -3.65763724e-01   0.0000
  1.64635015e+00   0.0000
  2.28537759e-03   0.0000
 -6.97836220e-01   0.0000
 -7.43620455e-01   0.0000
 -2.23108977e-01   0.0000
 -4.77322769e+00   0.0000
 -2.37943847e-02   0.0000
 -1.66854048e+00   0.0000
 -1.11455238e+00   0.0000
  1.18793115e-01   0.0000
 -4.31231670e-02   0.0000
  2.27255747e-01   0.0000
  8.61596130e-03   0.0000
  6.52112782e-01   0.0000
 -2.44074011e+00   0.0000
 -1.16407657e+00   0.0000
  1.21777833e+00   0.0000
 -2.87919021e+00   0.0000
  7.98146188e-01   0.0000
  4.15110081e-01   0.0000
  1.38068628e+00   0.0000
 -6.65476680e-01   0.0000
  8.63035011e+00   0.0000
 -3.35592657e-01   0.0000
  2.06368971e+00   0.0000
 -1.47907877e+00   0.0000
 -4.16570306e-01   0.0000
 -4.05369431e-01   0.0000
 -7.00194836e-02   0.0000
  1.73934639e+00   0.0000
 -3.54750395e-01   0.0000
 -1.54582366e-01   0.0000
  1.36818850e+00   0.0000
 -1.23918444e-01   0.0000
 -5.07692806e-02   0.0000
 -1.58557862e-01   0.0000
 -2.13310108e-01   0.0000
 -4.06494319e-01   0.0000
  3.05121779e-01   0.0000
  3.71006191e-01   0.0000
  1.89677095e+00   0.0000
  1.45673907e+00   0.0000
 -1.50513247e-01   0.0000
  5.06724656e-01   0.0000
 -8.29989433e-01   0.0000
  1.33571589e+00   0.0000
 -3.77989560e-01   0.0000
  6.00308105e-02   0.0000
 -1.57292914e+00   0.0000
  5.55512846e-01   0.0000
  8.08960617e-01   0.0000
 -2.29391903e-01   0.0000
 -4.44541991e-01   0.0000
 -8.86610603e+00   0.0000
 -1.25362968e+00   0.0000
 -5.35325146e+00   0.0000
 -4.97430944e+00   0.0000
 -3.78063977e-01   0.0000
 -2.72404337e+00   0.0000
 -5.89948714e-01   0.0000
 -4.48269844e-01   0.0000
 -4.19886875e+00   0.0000
  6.35174799e+00   0.0000
  5.19152117e+00   0.0000
  5.48881578e+00   0.0000
  5.00726652e+00   0.0000
 -6.93536520e-01   0.0000
  3.50534892e+00   0.0000
 -8.43384743e+00   0.0000
  3.68033195e+00   0.0000
  1.14750500e+01   0.0000
  6.65051794e+00   0.0000
 -6.35266304e+00   0.0000
  7.15849304e+00   0.0000
  3.22388673e+00   0.0000
 -5.88252831e+00   0.0000
 -1.09278154e+00   0.0000
  0.00000000e+00   0.0000

