 1 0.5000000 1 - Gi version, reference Gi and type of logistic function.
 1 - number of chemical species in the system.
 'Si' 28.0855000
 0 0.5000000 5.0000000 0.5000000 1.0000000
 5 0 1 2 4 6
 12 1.5 1.7727 2.0455 2.3182 2.5909 2.8636 3.1364 3.4091 3.6818 3.9545 4.2273 4.5
 1 10.78701 5.23771 4.04092 1.365 0.104528 0.979074 0.891061 0.803526
 4 60 16 16 1
 -3.49619893E-01   0.0000
 +1.03752539E-01   0.0000
 -7.17654655E-02   0.0000
 +4.22124502E-01   0.0000
 -4.13252410E-01   0.0000
 -3.02047116E-01   0.0000
 +2.64650012E-02   0.0000
 +1.47003380E-01   0.0000
 +1.41300418E-01   0.0000
 -1.95688698E-01   0.0000
 -1.13389030E-01   0.0000
 -2.16376892E-01   0.0000
 -6.84081685E-02   0.0000
 +2.67933034E-02   0.0000
 +5.87128524E-02   0.0000
 +4.13954990E-01   0.0000
 +2.24275716E-01   0.0000
 +1.55742478E-02   0.0000
 -3.30017004E-01   0.0000
 +3.22114921E-01   0.0000
 -4.70669351E-01   0.0000
 -1.21506552E-01   0.0000
 +4.05876489E-01   0.0000
 -4.20608917E-01   0.0000
 +1.87208774E-01   0.0000
 +2.75522661E-01   0.0000
 +1.76313222E-01   0.0000
 -1.09800408E-01   0.0000
 -2.84471105E-01   0.0000
 +1.46692232E-01   0.0000
 -2.18411450E-01   0.0000
 +4.08875219E-02   0.0000
 +3.51789023E-01   0.0000
 +3.42927793E-01   0.0000
 +4.86156377E-01   0.0000
 +2.40620004E-02   0.0000
 -4.08818569E-01   0.0000
 -2.23332533E-01   0.0000
 -7.81290909E-02   0.0000
 +2.24835407E-02   0.0000
 -2.93780145E-01   0.0000
 -4.95898713E-01   0.0000
 -2.85700400E-01   0.0000
 +4.93335493E-01   0.0000
 -2.21248482E-01   0.0000
 +8.41589988E-02   0.0000
 -2.48663756E-01   0.0000
 -8.89000592E-02   0.0000
 +3.90307508E-01   0.0000
 -1.03206521E-02   0.0000
 -2.66120631E-01   0.0000
 -2.80512371E-01   0.0000
 +3.50774686E-01   0.0000
 +1.10486160E-01   0.0000
 -1.13407455E-01   0.0000
 +4.47835396E-01   0.0000
 -3.61301552E-01   0.0000
 -4.51061428E-01   0.0000
 -1.32261637E-01   0.0000
 +3.74983492E-01   0.0000
 -3.79134962E-01   0.0000
 +3.43298572E-01   0.0000
 -4.91998594E-01   0.0000
 +2.89060353E-01   0.0000
 -3.91387753E-01   0.0000
 -2.38392981E-01   0.0000
 -2.18385448E-01   0.0000
 +3.17227162E-01   0.0000
 +3.91455263E-01   0.0000
 -2.80666786E-01   0.0000
 +1.10655635E-01   0.0000
 -4.20550350E-03   0.0000
 +1.88465997E-01   0.0000
 -2.97675701E-01   0.0000
 +2.10939577E-01   0.0000
 -4.07511837E-01   0.0000
 +3.02534463E-01   0.0000
 -1.11960574E-01   0.0000
 -2.68971386E-01   0.0000
 +4.24809645E-01   0.0000
 +3.12195325E-02   0.0000
 +3.82960785E-01   0.0000
 -7.29013503E-02   0.0000
 +1.78029058E-01   0.0000
 -3.35228507E-01   0.0000
 -2.76718949E-01   0.0000
 -1.73789519E-01   0.0000
 +4.80584348E-01   0.0000
 -1.50325927E-01   0.0000
 -4.34074551E-01   0.0000
 -2.28438238E-01   0.0000
 -2.29320480E-01   0.0000
 +4.65441823E-01   0.0000
 +4.75294631E-01   0.0000
 -5.61440237E-02   0.0000
 +6.33722686E-02   0.0000
 +1.03522327E-01   0.0000
 -3.51679814E-01   0.0000
 -1.52762636E-01   0.0000
 -2.36473611E-01   0.0000
 -3.00084628E-01   0.0000
 +3.51963030E-01   0.0000
 -1.93246417E-01   0.0000
 -4.30123079E-01   0.0000
 +2.75973178E-01   0.0000
 +4.57359057E-02   0.0000
 +1.80728462E-01   0.0000
 -9.98293535E-02   0.0000
 -3.14720968E-01   0.0000
 -1.32722952E-01   0.0000
 -3.00074156E-01   0.0000
 -6.44702540E-02   0.0000
 -2.54501460E-01   0.0000
 -2.62439965E-03   0.0000
 -4.32270747E-01   0.0000
 -1.84752446E-01   0.0000
 +2.29196290E-01   0.0000
 -4.45884909E-01   0.0000
 +1.49703030E-01   0.0000
 -9.40351841E-03   0.0000
 -5.15276922E-02   0.0000
 -1.16110826E-01   0.0000
 -1.28295378E-02   0.0000
 -2.12394277E-01   0.0000
 +1.61261694E-01   0.0000
 +2.19892442E-01   0.0000
 +4.38458020E-01   0.0000
 -4.46048388E-01   0.0000
 +3.50415727E-01   0.0000
 +2.53053123E-01   0.0000
 -2.97365454E-01   0.0000
 +8.53907737E-02   0.0000
 +2.04335237E-01   0.0000
 -4.79774715E-01   0.0000
 -3.34839505E-01   0.0000
 +2.88854663E-01   0.0000
 +2.88374237E-01   0.0000
 -7.75459385E-02   0.0000
 +4.37602088E-01   0.0000
 -4.90853559E-01   0.0000
 -6.43955326E-02   0.0000
 -4.51953213E-01   0.0000
 -4.53200329E-01   0.0000
 +1.52776140E-01   0.0000
 +4.70061031E-01   0.0000
 -3.09161380E-01   0.0000
 +5.65335540E-02   0.0000
 -3.16544541E-01   0.0000
 +4.62799550E-01   0.0000
 -3.82694707E-01   0.0000
 -3.80057030E-01   0.0000
 +1.98339317E-01   0.0000
 -2.12717855E-01   0.0000
 +4.01492252E-01   0.0000
 +4.78349309E-01   0.0000
 +1.07087989E-01   0.0000
 +5.70293508E-02   0.0000
 +2.42665715E-01   0.0000
 -2.45226825E-01   0.0000
 +4.90416299E-01   0.0000
 -2.74429331E-02   0.0000
 -2.97717403E-01   0.0000
 -2.92475209E-01   0.0000
 +3.51874741E-01   0.0000
 -6.91699737E-02   0.0000
 +1.79254394E-01   0.0000
 +1.88447240E-01   0.0000
 +2.14547492E-01   0.0000
 -4.27955324E-01   0.0000
 -1.53577366E-02   0.0000
 -2.11868724E-01   0.0000
 +2.44925761E-01   0.0000
 +3.07593693E-02   0.0000
 -3.28887720E-01   0.0000
 +1.12748780E-01   0.0000
 +3.13890809E-01   0.0000
 +2.28249607E-01   0.0000
 -2.01643233E-01   0.0000
 +4.24445972E-01   0.0000
 +4.61905371E-01   0.0000
 -4.11633631E-01   0.0000
 -4.02583779E-01   0.0000
 -2.81137344E-01   0.0000
 +4.74313467E-01   0.0000
 +1.91610682E-01   0.0000
 -4.64774560E-01   0.0000
 +6.28633164E-02   0.0000
 -1.90356326E-01   0.0000
 +4.36993956E-01   0.0000
 -3.64705060E-01   0.0000
 +2.25221026E-01   0.0000
 -2.42592079E-01   0.0000
 +1.64142943E-01   0.0000
 -4.06820173E-01   0.0000
 +3.14784074E-01   0.0000
 -1.85915317E-01   0.0000
 +1.75267483E-01   0.0000
 -4.99425811E-01   0.0000
 +3.73907797E-01   0.0000
 -1.41834479E-01   0.0000
 -4.78671720E-01   0.0000
 -1.25680878E-01   0.0000
 -1.86765841E-01   0.0000
 -3.95384289E-01   0.0000
 +3.07185064E-01   0.0000
 +2.98834688E-01   0.0000
 +3.56141818E-01   0.0000
 -9.97427774E-02   0.0000
 +2.38869824E-01   0.0000
 -1.47957176E-01   0.0000
 -1.13376816E-01   0.0000
 +1.53875355E-01   0.0000
 +2.49722504E-01   0.0000
 -2.59920125E-01   0.0000
 +3.92627911E-01   0.0000
 -2.68620628E-01   0.0000
 -1.21892871E-01   0.0000
 -4.57866522E-01   0.0000
 +4.29408987E-01   0.0000
 +1.73986231E-03   0.0000
 +4.17632285E-01   0.0000
 +4.60412558E-01   0.0000
 +1.80147998E-01   0.0000
 +1.79651460E-01   0.0000
 -4.27517773E-02   0.0000
 -3.83457712E-01   0.0000
 +1.49559596E-01   0.0000
 +1.54684418E-01   0.0000
 +4.38834665E-01   0.0000
 +3.14730430E-01   0.0000
 -4.08244279E-01   0.0000
 +1.84829030E-01   0.0000
 -7.78896518E-03   0.0000
 -3.39594721E-01   0.0000
 -8.03652688E-02   0.0000
 -3.94970470E-01   0.0000
 +2.91169707E-01   0.0000
 +4.43302300E-01   0.0000
 +2.42770539E-01   0.0000
 +3.38614012E-01   0.0000
 -2.40820691E-01   0.0000
 -4.87176975E-01   0.0000
 -1.13062708E-01   0.0000
 -3.41009700E-01   0.0000
 +3.58023514E-01   0.0000
 -2.82431539E-01   0.0000
 +2.06890990E-01   0.0000
 -1.93172164E-01   0.0000
 +1.83969730E-01   0.0000
 -1.27276239E-01   0.0000
 +2.44670391E-01   0.0000
 -4.06855148E-01   0.0000
 -2.05445096E-01   0.0000
 -3.13521182E-01   0.0000
 -4.08495488E-01   0.0000
 -3.70781402E-01   0.0000
 +3.52594605E-01   0.0000
 +2.32133243E-02   0.0000
 -1.47675526E-01   0.0000
 +4.36670036E-01   0.0000
 -3.55003775E-01   0.0000
 +3.09187742E-01   0.0000
 +2.74609748E-01   0.0000
 +6.72243764E-02   0.0000
 +3.42734221E-01   0.0000
 +1.84079461E-01   0.0000
 +2.88303018E-01   0.0000
 -2.20072067E-01   0.0000
 -4.58154566E-01   0.0000
 -5.75956124E-03   0.0000
 -4.50224769E-02   0.0000
 -4.46087761E-01   0.0000
 -3.39860855E-01   0.0000
 -3.05482897E-01   0.0000
 +1.81475583E-01   0.0000
 +1.06455631E-01   0.0000
 +4.65705040E-01   0.0000
 +3.90985992E-01   0.0000
 -3.13207472E-01   0.0000
 +9.27102164E-02   0.0000
 +2.65248619E-01   0.0000
 -4.74409532E-01   0.0000
 -4.38160575E-01   0.0000
 +1.51318258E-01   0.0000
 +4.11111914E-01   0.0000
 -3.55072686E-01   0.0000
 -2.83305527E-01   0.0000
 +2.72980111E-01   0.0000
 +3.25500505E-01   0.0000
 -1.25901237E-01   0.0000
 +6.84198992E-02   0.0000
 +1.82047600E-01   0.0000
 -5.69148599E-02   0.0000
 +3.62732884E-01   0.0000
 -1.66635752E-01   0.0000
 +3.06679804E-01   0.0000
 +1.43924798E-01   0.0000
 +3.75855196E-01   0.0000
 +2.64499953E-01   0.0000
 +3.31198687E-01   0.0000
 -3.97087433E-01   0.0000
 -7.12718889E-03   0.0000
 +2.07412356E-01   0.0000
 -1.51693699E-01   0.0000
 +1.85819394E-01   0.0000
 -1.03863831E-01   0.0000
 -1.84617276E-01   0.0000
 +8.97040107E-02   0.0000
 +4.52674756E-02   0.0000
 +1.96963912E-01   0.0000
 -1.77900761E-01   0.0000
 +4.22412219E-01   0.0000
 +2.98475775E-01   0.0000
 -4.13938873E-01   0.0000
 -3.30820096E-01   0.0000
 +1.41480282E-02   0.0000
 -1.54585890E-01   0.0000
 -7.26442757E-02   0.0000
 +2.29858304E-01   0.0000
 +3.06836663E-01   0.0000
 -1.44145458E-01   0.0000
 +7.04072011E-02   0.0000
 -3.61906582E-01   0.0000
 +1.91069316E-01   0.0000
 +1.70654110E-01   0.0000
 +3.62237969E-01   0.0000
 -4.60947845E-01   0.0000
 -1.37161492E-01   0.0000
 -7.80558316E-02   0.0000
 -3.47651817E-01   0.0000
 +1.54923606E-01   0.0000
 +1.54082425E-01   0.0000
 -4.13620308E-01   0.0000
 +3.12966418E-01   0.0000
 +3.44444821E-01   0.0000
 -7.92582912E-02   0.0000
 -6.18297990E-02   0.0000
 -3.98466557E-01   0.0000
 -3.06575310E-01   0.0000
 +1.14920631E-01   0.0000
 +1.00078521E-01   0.0000
 +3.36875527E-01   0.0000
 +2.60018814E-01   0.0000
 -1.23076104E-01   0.0000
 +1.08939742E-01   0.0000
 +1.57600111E-01   0.0000
 +4.12693027E-01   0.0000
 +3.15320379E-01   0.0000
 -2.87647282E-01   0.0000
 +1.21131181E-02   0.0000
 -2.53044813E-02   0.0000
 -5.96111539E-02   0.0000
 +9.69445924E-03   0.0000
 +9.70370492E-02   0.0000
 -4.32453786E-01   0.0000
 -4.49192877E-01   0.0000
 +2.50409551E-01   0.0000
 +3.88794805E-01   0.0000
 -3.62963019E-01   0.0000
 +2.20819880E-01   0.0000
 -2.27246387E-01   0.0000
 -7.12274525E-02   0.0000
 +2.31550021E-01   0.0000
 -3.91519731E-01   0.0000
 +2.74033676E-01   0.0000
 -4.07627844E-01   0.0000
 -4.44985446E-01   0.0000
 +1.37943545E-01   0.0000
 -2.87531776E-01   0.0000
 +2.74608863E-02   0.0000
 +1.02582610E-01   0.0000
 +4.20137848E-01   0.0000
 +1.44579460E-01   0.0000
 +4.47305387E-02   0.0000
 +1.64978187E-01   0.0000
 -5.34276040E-02   0.0000
 +4.31299790E-01   0.0000
 +3.26059076E-01   0.0000
 -3.86177331E-01   0.0000
 +3.25769076E-01   0.0000
 +4.98180929E-01   0.0000
 -4.11861506E-01   0.0000
 -3.64191323E-01   0.0000
 +2.49945243E-01   0.0000
 +3.18223120E-02   0.0000
 -1.76871554E-01   0.0000
 -3.52719598E-01   0.0000
 +4.60170454E-01   0.0000
 +5.65336164E-02   0.0000
 -2.12234342E-01   0.0000
 -8.11251968E-02   0.0000
 +3.15587359E-01   0.0000
 -9.92047735E-02   0.0000
 +3.51174529E-01   0.0000
 -1.89113387E-01   0.0000
 +2.96624317E-01   0.0000
 +3.78772680E-01   0.0000
 +3.28215566E-01   0.0000
 -4.78192692E-01   0.0000
 -3.06126381E-01   0.0000
 +3.16398630E-01   0.0000
 +7.15130294E-02   0.0000
 +2.71452205E-01   0.0000
 -1.54235917E-01   0.0000
 +1.20966892E-01   0.0000
 +2.92476440E-01   0.0000
 -2.36721455E-01   0.0000
 +4.38364110E-01   0.0000
 +2.30717676E-01   0.0000
 -1.30292689E-01   0.0000
 -1.69719590E-01   0.0000
 +3.17183154E-01   0.0000
 -2.43744605E-01   0.0000
 -2.48299144E-01   0.0000
 -2.70600465E-01   0.0000
 -5.42823883E-02   0.0000
 -3.72207837E-02   0.0000
 +4.32191902E-01   0.0000
 -2.98794744E-01   0.0000
 -2.80116670E-01   0.0000
 +2.67380367E-01   0.0000
 -9.77316256E-02   0.0000
 +3.30562676E-01   0.0000
 -1.11480228E-02   0.0000
 -3.50790321E-02   0.0000
 +1.78859099E-01   0.0000
 -4.57912973E-01   0.0000
 -2.87279169E-01   0.0000
 -9.84820521E-02   0.0000
 +7.23653826E-02   0.0000
 +2.28799588E-01   0.0000
 -3.40678667E-01   0.0000
 +4.35151931E-01   0.0000
 -4.72960605E-01   0.0000
 +4.19823286E-01   0.0000
 -1.08700577E-01   0.0000
 -1.17914460E-01   0.0000
 +1.53888137E-01   0.0000
 -1.53469943E-01   0.0000
 +1.47300280E-01   0.0000
 -3.99179054E-01   0.0000
 -5.18120870E-02   0.0000
 -1.38918180E-01   0.0000
 +3.06849396E-02   0.0000
 +2.42058038E-01   0.0000
 -1.37727976E-01   0.0000
 +7.70940584E-02   0.0000
 -1.52406550E-01   0.0000
 -1.39509516E-01   0.0000
 -2.75214090E-01   0.0000
 -1.03425037E-01   0.0000
 -4.74648789E-01   0.0000
 +4.72694612E-02   0.0000
 -2.90232229E-01   0.0000
 -3.73939268E-01   0.0000
 -4.34122955E-02   0.0000
 -6.05003728E-02   0.0000
 -4.50395862E-01   0.0000
 -3.53332648E-01   0.0000
 +2.18658999E-01   0.0000
 -1.33700523E-01   0.0000
 -7.83985660E-02   0.0000
 -1.74908358E-01   0.0000
 +1.96952889E-02   0.0000
 +2.87630864E-02   0.0000
 -9.38438679E-02   0.0000
 -5.83881801E-02   0.0000
 -8.61296430E-02   0.0000
 +3.92224821E-01   0.0000
 +1.40410824E-02   0.0000
 +2.49491312E-01   0.0000
 +3.04172215E-01   0.0000
 +3.39551595E-01   0.0000
 +6.42269356E-02   0.0000
 +1.41980970E-01   0.0000
 +7.37114345E-02   0.0000
 +4.72016178E-01   0.0000
 -1.65083351E-01   0.0000
 +1.68526829E-01   0.0000
 -2.21737272E-01   0.0000
 +7.05984905E-02   0.0000
 -3.91967984E-01   0.0000
 +8.06074884E-02   0.0000
 +3.15818056E-01   0.0000
 +2.46704116E-01   0.0000
 +2.50497242E-01   0.0000
 -3.84369901E-01   0.0000
 -2.41615598E-01   0.0000
 +4.15195793E-02   0.0000
 +9.08412124E-02   0.0000
 +4.38350377E-01   0.0000
 -3.24694897E-01   0.0000
 -4.28208891E-01   0.0000
 +4.67672454E-01   0.0000
 +3.51140678E-01   0.0000
 -4.50031878E-02   0.0000
 -1.65860050E-01   0.0000
 +2.79317919E-01   0.0000
 +2.45598159E-01   0.0000
 -1.29079131E-01   0.0000
 -1.07168755E-01   0.0000
 +2.56270872E-01   0.0000
 -3.35165176E-01   0.0000
 -4.10816526E-01   0.0000
 +3.09934039E-01   0.0000
 -3.62644493E-01   0.0000
 -2.63198012E-03   0.0000
 -4.20785563E-01   0.0000
 +7.44245046E-02   0.0000
 +1.67271684E-01   0.0000
 -3.52881913E-02   0.0000
 +4.11237866E-02   0.0000
 +1.92513203E-01   0.0000
 +2.02216293E-01   0.0000
 -4.33962274E-01   0.0000
 +3.67356181E-01   0.0000
 -4.96184025E-01   0.0000
 +1.84356642E-01   0.0000
 +4.69021254E-01   0.0000
 +2.60935788E-01   0.0000
 -1.15695951E-02   0.0000
 +4.58219827E-01   0.0000
 -3.18753071E-01   0.0000
 -1.57565583E-02   0.0000
 +3.35920609E-01   0.0000
 +4.64065772E-01   0.0000
 -1.99395249E-02   0.0000
 +2.48869640E-01   0.0000
 -4.47886904E-01   0.0000
 +3.73512575E-01   0.0000
 -1.93059647E-01   0.0000
 +3.45319066E-01   0.0000
 -2.64294842E-02   0.0000
 +3.76807573E-01   0.0000
 +1.14130420E-01   0.0000
 -4.22224719E-01   0.0000
 +1.46725015E-01   0.0000
 +4.23286991E-01   0.0000
 +8.11744344E-02   0.0000
 +3.08723662E-01   0.0000
 +3.85938912E-01   0.0000
 -4.38967793E-01   0.0000
 -1.24715753E-01   0.0000
 -3.97630272E-02   0.0000
 +2.27312232E-01   0.0000
 +3.54515564E-01   0.0000
 +2.00402183E-01   0.0000
 -3.30525126E-01   0.0000
 +2.30342576E-01   0.0000
 +2.27195431E-01   0.0000
 -4.47191014E-01   0.0000
 +2.53190921E-01   0.0000
 -4.75245961E-01   0.0000
 +8.53237288E-03   0.0000
 +3.78817441E-01   0.0000
 +4.51015815E-01   0.0000
 +3.68148090E-01   0.0000
 -7.14222485E-02   0.0000
 -2.85626296E-01   0.0000
 +4.79035240E-01   0.0000
 +4.98492053E-01   0.0000
 -2.88519750E-02   0.0000
 +2.59632912E-01   0.0000
 +2.12295875E-01   0.0000
 +2.58613789E-01   0.0000
 +5.51453224E-02   0.0000
 -3.05993991E-01   0.0000
 +2.83670174E-01   0.0000
 +3.42241775E-01   0.0000
 -4.81755057E-01   0.0000
 +4.13358235E-02   0.0000
 -4.83972405E-01   0.0000
 +3.64080447E-02   0.0000
 +3.02676414E-01   0.0000
 +4.12452626E-01   0.0000
 +1.48585850E-01   0.0000
 -3.85187400E-01   0.0000
 +3.40846662E-01   0.0000
 +1.96416018E-01   0.0000
 +3.61525724E-01   0.0000
 +4.52325198E-01   0.0000
 +1.10384290E-01   0.0000
 -3.67673798E-01   0.0000
 -3.41332586E-01   0.0000
 +3.06798003E-01   0.0000
 +4.95922035E-01   0.0000
 -3.50232120E-02   0.0000
 -4.03150330E-03   0.0000
 +4.05753518E-01   0.0000
 +5.84111128E-02   0.0000
 +4.73733495E-01   0.0000
 -2.32054426E-01   0.0000
 +2.32724770E-01   0.0000
 -3.61189001E-01   0.0000
 +9.14522541E-02   0.0000
 +3.13436970E-01   0.0000
 -4.24748845E-01   0.0000
 +4.53274793E-01   0.0000
 +4.73416795E-01   0.0000
 +3.63724576E-01   0.0000
 -2.71349796E-01   0.0000
 -3.88865539E-01   0.0000
 -1.46773405E-01   0.0000
 -2.46548692E-01   0.0000
 +4.15192507E-01   0.0000
 +7.46492693E-02   0.0000
 -3.00229385E-01   0.0000
 -1.50149914E-01   0.0000
 -3.05387513E-01   0.0000
 +4.64113039E-01   0.0000
 -2.58981290E-02   0.0000
 -3.01481015E-01   0.0000
 -4.64648403E-01   0.0000
 -2.81453136E-01   0.0000
 +3.04471419E-01   0.0000
 +2.40378480E-01   0.0000
 +2.16535607E-01   0.0000
 -4.11672085E-01   0.0000
 +3.02990385E-02   0.0000
 +3.37106033E-01   0.0000
 +4.51118509E-01   0.0000
 +2.93074411E-03   0.0000
 +2.88087907E-01   0.0000
 -2.22648184E-01   0.0000
 +4.11405528E-01   0.0000
 -2.44417628E-01   0.0000
 -4.78183879E-01   0.0000
 +4.79234035E-01   0.0000
 -1.13776193E-01   0.0000
 -3.05335432E-01   0.0000
 -3.58685956E-01   0.0000
 +2.30193978E-01   0.0000
 -2.06114081E-01   0.0000
 -1.31808447E-01   0.0000
 +1.59416530E-02   0.0000
 +3.36767579E-01   0.0000
 -9.47907296E-02   0.0000
 -3.95615345E-01   0.0000
 -1.41350854E-01   0.0000
 -1.17764592E-02   0.0000
 +6.61190186E-02   0.0000
 +3.87536006E-01   0.0000
 -2.21316956E-01   0.0000
 +2.01161345E-01   0.0000
 +2.44480995E-01   0.0000
 +3.89971260E-01   0.0000
 -2.75761321E-01   0.0000
 -3.74823701E-01   0.0000
 +2.66900302E-01   0.0000
 +1.94025529E-01   0.0000
 -2.23587141E-01   0.0000
 -3.73097067E-01   0.0000
 -3.75509089E-01   0.0000
 -2.76803733E-01   0.0000
 +2.03579222E-01   0.0000
 +7.20125642E-02   0.0000
 -3.57412299E-01   0.0000
 -1.46062774E-02   0.0000
 -6.34193500E-02   0.0000
 -4.79220006E-01   0.0000
 +9.52052296E-02   0.0000
 +9.81932630E-02   0.0000
 +3.45955940E-01   0.0000
 +2.70570746E-01   0.0000
 -3.38024886E-01   0.0000
 +1.20144610E-01   0.0000
 +1.81640298E-01   0.0000
 +1.25344387E-01   0.0000
 -3.20130735E-01   0.0000
 -2.84206744E-01   0.0000
 +1.15650913E-01   0.0000
 -1.02058967E-01   0.0000
 +3.25096453E-01   0.0000
 -3.20465567E-01   0.0000
 -2.49554444E-01   0.0000
 +3.82724316E-01   0.0000
 +4.47210273E-01   0.0000
 +4.49594666E-01   0.0000
 +2.01349207E-01   0.0000
 +4.37156327E-01   0.0000
 -2.52764139E-01   0.0000
 +4.13962867E-01   0.0000
 -1.41798092E-01   0.0000
 +4.87219651E-01   0.0000
 -1.18892426E-02   0.0000
 +2.70057984E-02   0.0000
 -2.83240560E-01   0.0000
 -3.93457552E-01   0.0000
 +1.98585855E-01   0.0000
 -3.37653948E-01   0.0000
 +1.68891294E-01   0.0000
 -3.35140805E-01   0.0000
 -4.80448434E-01   0.0000
 +3.03123445E-01   0.0000
 +4.69780404E-01   0.0000
 +1.54637568E-01   0.0000
 -4.56239033E-01   0.0000
 -2.72891251E-02   0.0000
 +2.54468499E-02   0.0000
 -4.16292941E-01   0.0000
 -6.98934274E-02   0.0000
 +1.21885702E-01   0.0000
 +4.57189295E-01   0.0000
 -4.07062544E-01   0.0000
 -4.23680899E-01   0.0000
 +1.89121907E-01   0.0000
 -4.10626078E-01   0.0000
 -1.37747242E-02   0.0000
 -1.48168699E-01   0.0000
 -8.15903212E-02   0.0000
 -2.63294781E-01   0.0000
 -3.43220889E-01   0.0000
 +3.72463248E-01   0.0000
 -2.02221243E-01   0.0000
 +2.62772983E-01   0.0000
 +5.39675522E-02   0.0000
 +4.94350420E-01   0.0000
 -4.15403050E-01   0.0000
 +6.37542178E-02   0.0000
 -3.00725195E-01   0.0000
 -1.99934085E-01   0.0000
 +3.43889875E-01   0.0000
 -3.17468175E-02   0.0000
 +4.45043337E-02   0.0000
 -2.21456855E-01   0.0000
 -3.32226527E-01   0.0000
 +4.04977556E-01   0.0000
 +1.44035062E-01   0.0000
 -1.60261412E-01   0.0000
 +3.32988651E-01   0.0000
 -1.49161194E-01   0.0000
 +2.95461622E-01   0.0000
 -3.49559456E-01   0.0000
 +2.09368434E-01   0.0000
 -1.30132698E-01   0.0000
 +4.35628573E-01   0.0000
 -1.29853686E-01   0.0000
 -2.98020288E-01   0.0000
 -3.42254752E-01   0.0000
 +5.49074422E-02   0.0000
 -4.28489397E-01   0.0000
 +2.48249392E-01   0.0000
 +1.37790420E-01   0.0000
 +2.51014620E-01   0.0000
 +1.23090203E-01   0.0000
 -2.45605731E-01   0.0000
 +1.09326155E-01   0.0000
 -1.24380550E-01   0.0000
 -3.15685846E-01   0.0000
 -2.13022941E-01   0.0000
 +3.99436626E-01   0.0000
 -2.30198264E-01   0.0000
 -3.02491977E-01   0.0000
 +7.27842531E-02   0.0000
 +4.97836501E-01   0.0000
 +4.84400493E-01   0.0000
 +4.08191870E-01   0.0000
 +4.79224851E-01   0.0000
 +1.06975970E-01   0.0000
 -2.83489139E-01   0.0000
 -4.38965389E-01   0.0000
 -2.36360172E-01   0.0000
 +2.11943182E-01   0.0000
 +2.78231176E-01   0.0000
 +3.00586575E-01   0.0000
 -1.02350061E-01   0.0000
 +4.90574541E-01   0.0000
 -4.61708213E-01   0.0000
 +1.08021735E-01   0.0000
 +3.64748076E-01   0.0000
 -5.94449254E-02   0.0000
 -4.14217165E-01   0.0000
 -4.42321448E-01   0.0000
 -1.43134422E-01   0.0000
 -1.83399503E-01   0.0000
 -4.40082022E-01   0.0000
 -2.37127390E-01   0.0000
 -4.28467059E-01   0.0000
 -3.84617760E-01   0.0000
 -4.29251230E-01   0.0000
 +1.12535640E-01   0.0000
 +6.83148627E-02   0.0000
 +2.70824801E-02   0.0000
 +1.16912013E-01   0.0000
 -5.32242291E-02   0.0000
 -4.39869760E-01   0.0000
 -3.19279595E-01   0.0000
 +2.46254787E-01   0.0000
 +3.24625878E-01   0.0000
 +5.40205477E-02   0.0000
 +1.57077515E-01   0.0000
 -1.23698036E-01   0.0000
 +4.44583217E-01   0.0000
 -1.38376765E-01   0.0000
 +2.86759213E-01   0.0000
 +4.28235763E-01   0.0000
 -2.81010405E-01   0.0000
 -4.20870162E-01   0.0000
 -2.38373788E-01   0.0000
 -3.54503528E-01   0.0000
 +1.17487271E-01   0.0000
 -4.21392640E-01   0.0000
 +1.46415008E-01   0.0000
 -8.03633044E-02   0.0000
 +4.74414196E-01   0.0000
 -2.20754518E-01   0.0000
 -4.19189691E-01   0.0000
 -4.91353910E-01   0.0000
 -4.76221013E-01   0.0000
 +4.03552220E-01   0.0000
 +8.60432539E-02   0.0000
 -4.78781851E-01   0.0000
 +2.28591369E-02   0.0000
 -6.01775589E-02   0.0000
 -3.25759378E-01   0.0000
 -3.89384187E-01   0.0000
 +2.40562096E-01   0.0000
 -1.83322520E-01   0.0000
 +2.33521885E-01   0.0000
 -3.59005644E-01   0.0000
 -1.52042528E-01   0.0000
 +2.88490114E-01   0.0000
 +2.12185011E-01   0.0000
 +8.71384812E-02   0.0000
 +2.85892650E-01   0.0000
 +3.78109252E-01   0.0000
 +8.46946361E-02   0.0000
 -4.37169563E-01   0.0000
 -3.29592909E-01   0.0000
 -4.98706220E-01   0.0000
 -8.83675381E-02   0.0000
 +8.59824243E-02   0.0000
 -3.85600878E-01   0.0000
 -2.71738595E-01   0.0000
 -1.76537770E-02   0.0000
 -2.09554239E-01   0.0000
 -4.17319945E-01   0.0000
 -2.93969609E-01   0.0000
 -1.19536379E-01   0.0000
 +3.35636889E-01   0.0000
 -2.27704863E-01   0.0000
 +3.78340793E-01   0.0000
 +8.98423801E-02   0.0000
 -2.81060085E-01   0.0000
 -1.15569377E-01   0.0000
 +1.66189572E-01   0.0000
 -1.75791902E-01   0.0000
 -3.68089079E-01   0.0000
 +7.44121201E-02   0.0000
 -1.55324140E-01   0.0000
 -2.63625467E-01   0.0000
 -2.59633193E-01   0.0000
 -1.10732142E-01   0.0000
 -2.04888903E-01   0.0000
 -1.62161355E-02   0.0000
 +4.01921925E-01   0.0000
 +1.35470635E-01   0.0000
 -1.58760380E-01   0.0000
 -3.99309535E-01   0.0000
 +8.32022532E-02   0.0000
 +9.33674752E-02   0.0000
 +6.30997240E-02   0.0000
 +4.26787133E-02   0.0000
 -8.28147954E-02   0.0000
 +1.57547312E-01   0.0000
 +2.63967246E-01   0.0000
 -3.88095325E-01   0.0000
 +4.75356055E-01   0.0000
 -3.76211598E-01   0.0000
 +2.34802457E-01   0.0000
 +4.95308188E-01   0.0000
 +2.79582206E-01   0.0000
 +3.57102906E-01   0.0000
 +8.16258293E-02   0.0000
 +9.09526573E-02   0.0000
 -2.14823219E-01   0.0000
 -2.51914796E-01   0.0000
 +6.79270891E-02   0.0000
 -4.53848415E-02   0.0000
 -3.91245614E-01   0.0000
 +4.92840778E-01   0.0000
 -1.22088072E-01   0.0000
 +2.27695876E-01   0.0000
 +3.03730679E-01   0.0000
 -3.54126455E-01   0.0000
 +8.38083250E-02   0.0000
 -5.62371974E-02   0.0000
 -3.64074873E-01   0.0000
 -6.40070274E-02   0.0000
 +2.82643987E-01   0.0000
 -3.45659559E-02   0.0000
 -4.67927879E-01   0.0000
 -3.09455767E-01   0.0000
 +3.36394695E-01   0.0000
 -7.27551034E-03   0.0000
 +3.71550385E-01   0.0000
 -3.66023439E-01   0.0000
 -2.90687699E-01   0.0000
 -3.11491149E-02   0.0000
 +3.31643029E-01   0.0000
 -3.37329571E-01   0.0000
 -4.42529882E-01   0.0000
 +1.80318168E-01   0.0000
 -1.09868981E-01   0.0000
 -4.83913806E-02   0.0000
 -4.51868955E-01   0.0000
 +9.08934431E-02   0.0000
 +2.59942665E-01   0.0000
 +1.91858275E-01   0.0000
 -1.25384828E-02   0.0000
 -1.07225568E-01   0.0000
 +4.52991510E-02   0.0000
 -1.55494190E-01   0.0000
 -2.23804854E-01   0.0000
 -1.95541484E-01   0.0000
 -3.21434821E-01   0.0000
 +9.12922613E-02   0.0000
 +2.79837821E-01   0.0000
 -4.15984085E-01   0.0000
 +1.97559112E-01   0.0000
 +1.90817090E-01   0.0000
 -3.55698041E-01   0.0000
 -2.20253022E-01   0.0000
 -1.84407393E-01   0.0000
 +4.46038479E-01   0.0000
 -4.45302059E-01   0.0000
 -4.27159148E-01   0.0000
 -2.48736494E-01   0.0000
 -3.58924359E-01   0.0000
 +1.14657530E-01   0.0000
 -4.92099071E-01   0.0000
 -3.52785125E-01   0.0000
 -2.62097507E-01   0.0000
 -3.36026929E-01   0.0000
 -1.25451853E-02   0.0000
 +3.37598691E-01   0.0000
 +5.44670546E-02   0.0000
 -1.89232099E-01   0.0000
 -1.42529533E-01   0.0000
 -5.56232550E-02   0.0000
 -1.07159926E-01   0.0000
 +4.60886185E-01   0.0000
 -1.83432889E-01   0.0000
 -3.13357894E-01   0.0000
 +1.90128985E-01   0.0000
 +2.92354280E-01   0.0000
 -2.36071022E-01   0.0000
 +4.05229281E-01   0.0000
 +1.90343280E-01   0.0000
 +2.92675999E-01   0.0000
 -1.06094645E-01   0.0000
 +4.91894959E-01   0.0000
 -2.29614890E-01   0.0000
 -3.30011065E-01   0.0000
 -8.50197098E-02   0.0000
 -6.02923135E-02   0.0000
 -3.89104241E-01   0.0000
 -4.58550734E-01   0.0000
 -1.95499204E-01   0.0000
 +4.58776131E-01   0.0000
 +2.52283718E-01   0.0000
 -2.46959243E-01   0.0000
 -3.29567801E-01   0.0000
 +4.64803970E-01   0.0000
 +1.59199098E-01   0.0000
 +2.10867343E-01   0.0000
 -3.59278076E-01   0.0000
 -4.88681585E-01   0.0000
 +2.09104467E-01   0.0000
 -3.27997379E-01   0.0000
 -5.10380488E-02   0.0000
 -2.28895715E-01   0.0000
 -1.31655176E-01   0.0000
 -1.93237221E-01   0.0000
 -3.60418739E-01   0.0000
 +3.21689836E-01   0.0000
 -3.27825780E-01   0.0000
 -8.06628179E-02   0.0000
 -4.02163082E-01   0.0000
 +4.95035335E-03   0.0000
 -4.66697486E-01   0.0000
 -1.50681313E-01   0.0000
 -2.30943017E-01   0.0000
 -2.16820991E-01   0.0000
 -3.10366692E-01   0.0000
 +4.46944674E-01   0.0000
 -7.59108781E-02   0.0000
 -9.94621933E-02   0.0000
 -1.49778654E-01   0.0000
 -1.07905359E-01   0.0000
 -1.02999023E-01   0.0000
 +2.29066856E-01   0.0000
 +1.23700010E-02   0.0000
 -3.84776971E-01   0.0000
 -1.03287414E-01   0.0000
 -6.69072126E-02   0.0000
 -2.44784627E-01   0.0000
 -2.63157467E-01   0.0000
 -2.41604784E-01   0.0000
 +4.13865679E-01   0.0000
 -1.08162629E-01   0.0000
 +3.96587752E-01   0.0000
 -7.98242294E-02   0.0000
 +4.38427855E-01   0.0000
 -2.96791078E-01   0.0000
 -1.11157479E-01   0.0000
 +3.28319178E-01   0.0000
 +3.63745901E-02   0.0000
 -7.34963112E-02   0.0000
 -1.34067111E-01   0.0000
 +4.28570612E-01   0.0000
 +3.57020915E-01   0.0000
 -4.96808104E-01   0.0000
 +1.91944538E-01   0.0000
 -2.22695262E-01   0.0000
 +3.11978841E-01   0.0000
 -3.91271649E-01   0.0000
 -1.75169160E-01   0.0000
 +4.26389136E-01   0.0000
 +4.04841469E-01   0.0000
 +2.39232598E-01   0.0000
 +3.53675479E-02   0.0000
 -1.16506970E-01   0.0000
 -3.64874291E-01   0.0000
 +3.48392987E-01   0.0000
 -3.59942448E-01   0.0000
 -2.28752625E-01   0.0000
 -4.91616277E-02   0.0000
 +1.21094386E-01   0.0000
 +2.47247660E-04   0.0000
 -3.30708722E-01   0.0000
 -2.74402427E-01   0.0000
 +2.02505016E-01   0.0000
 +4.04511944E-01   0.0000
 -2.54359451E-01   0.0000
 -4.16255604E-02   0.0000
 +1.42809659E-02   0.0000
 -6.91003635E-02   0.0000
 +1.85613279E-01   0.0000
 +4.07591200E-01   0.0000
 +1.84055631E-01   0.0000
 +4.04590367E-01   0.0000
 +3.68872299E-01   0.0000
 +2.97846083E-01   0.0000
 -1.07684966E-01   0.0000
 -5.05361886E-02   0.0000
 -1.42693208E-01   0.0000
 -3.73626726E-01   0.0000
 +4.89475313E-01   0.0000
 +4.20082902E-01   0.0000
 +1.57330345E-01   0.0000
 -2.09472108E-01   0.0000
 -2.91906802E-01   0.0000
 -3.90777330E-02   0.0000
 +1.36743166E-01   0.0000
 -2.42336588E-02   0.0000
 +1.53319690E-01   0.0000
 -2.22639721E-01   0.0000
 -3.41688486E-01   0.0000
 -2.21044695E-01   0.0000
 +4.40630675E-01   0.0000
 -3.46552979E-01   0.0000
 +3.27026382E-01   0.0000
 -2.61867510E-01   0.0000
 +2.37297314E-01   0.0000
 +1.12802628E-02   0.0000
 +1.19063498E-01   0.0000
 -1.95872272E-01   0.0000
 -2.33814786E-02   0.0000
 -4.18578879E-01   0.0000
 +2.49528909E-01   0.0000
 -4.93133016E-01   0.0000
 +3.88393676E-01   0.0000
 +3.88299808E-01   0.0000
 +2.45995514E-01   0.0000
 -7.93352277E-02   0.0000
 +2.22260745E-01   0.0000
 +7.51960819E-02   0.0000
 +4.16842070E-01   0.0000
 +4.51265059E-02   0.0000
 -2.92162403E-01   0.0000
 -2.42199038E-01   0.0000
 -2.81156154E-01   0.0000
 -2.41633886E-02   0.0000
 +1.55900046E-01   0.0000
 -1.91301479E-01   0.0000
 -4.41437372E-01   0.0000
 +2.01295895E-01   0.0000
 -4.50313188E-02   0.0000
 +3.73728856E-05   0.0000
 +2.10187643E-01   0.0000
 -4.31357648E-01   0.0000
 -1.10177604E-02   0.0000
 -4.70611880E-01   0.0000
 -2.00222002E-01   0.0000
 -2.55375648E-01   0.0000
 +2.61333863E-01   0.0000
 -5.31145958E-02   0.0000
 +4.22481708E-01   0.0000
 -6.41230619E-02   0.0000
 +5.59831258E-02   0.0000
 -1.91326582E-01   0.0000
 -2.66490167E-01   0.0000
 -2.50874463E-01   0.0000
 -1.32465553E-01   0.0000
 -4.60088869E-01   0.0000
 +5.01592263E-02   0.0000
 -3.36491691E-01   0.0000
 -3.79746585E-01   0.0000
 +1.06100875E-01   0.0000
 -4.86081212E-01   0.0000
 +4.70354525E-02   0.0000
 -4.07748720E-01   0.0000
 -4.23140920E-01   0.0000
 +5.13939809E-02   0.0000
 +1.73816419E-01   0.0000
 -9.68399593E-02   0.0000
 -2.14597557E-01   0.0000
 +9.77080236E-02   0.0000
 -3.81060769E-01   0.0000
 +1.98156799E-02   0.0000
 +9.08656861E-02   0.0000
 -9.70621634E-02   0.0000
 +3.75907962E-01   0.0000
 +2.66544254E-01   0.0000
 +9.95675392E-02   0.0000
 +3.50463357E-01   0.0000
 -9.67716902E-02   0.0000
 +3.08216171E-01   0.0000
 +3.78954700E-01   0.0000
 +1.12518916E-01   0.0000
 +2.25729909E-01   0.0000
 -1.20749093E-01   0.0000
 -4.48631370E-01   0.0000
 -4.34967311E-01   0.0000
 +2.22056328E-01   0.0000
 +2.30273508E-01   0.0000
 +1.34427002E-01   0.0000
 -4.85809186E-01   0.0000
 +2.87845507E-01   0.0000
 -3.36501949E-01   0.0000
 +4.06469946E-01   0.0000
 -3.48894182E-01   0.0000
 -2.00363773E-01   0.0000
 +3.50766440E-01   0.0000
 +3.88650940E-01   0.0000
 +4.47490065E-01   0.0000
 -4.83680273E-02   0.0000
 +3.74021363E-01   0.0000
 +5.06228984E-02   0.0000
 +3.86516469E-01   0.0000
 -2.60096518E-02   0.0000
 -2.00477282E-01   0.0000
 +3.37516165E-01   0.0000
 +4.88461479E-01   0.0000
 -2.48387552E-01   0.0000
 +1.93622580E-01   0.0000
 +1.64367905E-01   0.0000
 +3.62747158E-01   0.0000
 -8.25912565E-02   0.0000
 -4.06924297E-01   0.0000
 -4.29845144E-01   0.0000
 -4.42503792E-01   0.0000
 +3.11262523E-01   0.0000
 -2.45142300E-01   0.0000
 +2.64746862E-01   0.0000
 +4.07268814E-01   0.0000
 -1.22323397E-01   0.0000
 -4.90452560E-01   0.0000
 +4.94867315E-01   0.0000
 +2.74114407E-01   0.0000
 +3.63408339E-02   0.0000
 +2.71391750E-01   0.0000
 -1.75435315E-01   0.0000
 -2.08910903E-02   0.0000
 -1.41374232E-01   0.0000
 -4.08280940E-01   0.0000
 +2.60013352E-02   0.0000
 -7.00252932E-02   0.0000
 -4.01198285E-01   0.0000
 +4.04221877E-02   0.0000
 -1.29669425E-01   0.0000
 -3.32527782E-01   0.0000
 +2.33368557E-01   0.0000
 +1.02122290E-02   0.0000
 +2.08636675E-01   0.0000
 -2.83174361E-01   0.0000
 -3.53745846E-01   0.0000
 -1.70405829E-01   0.0000
 +3.80921140E-01   0.0000
 -1.30281156E-01   0.0000
 +4.06335676E-01   0.0000
 +1.67228707E-01   0.0000
 -3.74576760E-02   0.0000
 -4.37284705E-01   0.0000
 -1.18589338E-01   0.0000
 -4.00229378E-01   0.0000
 +4.45699427E-01   0.0000
 -2.86201727E-01   0.0000
 +2.58749433E-01   0.0000
 +2.43763285E-01   0.0000
 -4.76482709E-02   0.0000
 +3.74613101E-01   0.0000
 -4.27475665E-01   0.0000
 +3.95684204E-01   0.0000
 -1.14241303E-01   0.0000
 +7.10944955E-02   0.0000
 -4.65705102E-01   0.0000
 -3.58790121E-01   0.0000
 +3.20243830E-01   0.0000
 +4.49529978E-01   0.0000
 +3.12834412E-01   0.0000
 +4.14462774E-01   0.0000
 +2.54201343E-01   0.0000
 -2.37080088E-01   0.0000
 -1.40778840E-01   0.0000
 +2.92056311E-01   0.0000
 +2.08602832E-01   0.0000
 +8.44328928E-02   0.0000
 -4.03013728E-03   0.0000
 +4.59408027E-01   0.0000
 -1.64247804E-01   0.0000
 +3.21297675E-01   0.0000
 +1.05359175E-01   0.0000
 -2.02518751E-01   0.0000
 +3.87898044E-01   0.0000
 +4.20354555E-01   0.0000
 -3.79280183E-01   0.0000
 -2.78862143E-02   0.0000
 -1.09486525E-01   0.0000
 +1.09976957E-02   0.0000
 -4.96139841E-01   0.0000
 +6.43846767E-02   0.0000
 -2.71736211E-01   0.0000
 -4.56660039E-02   0.0000
 +3.12913086E-01   0.0000
 -1.23001713E-01   0.0000
 +2.18386518E-01   0.0000
 -3.89094111E-02   0.0000
 -1.31082677E-01   0.0000
 -3.49875851E-01   0.0000
 +8.57117122E-02   0.0000
 -7.43552730E-02   0.0000
 +3.06474180E-02   0.0000
 -7.14447680E-02   0.0000
 -2.12814809E-01   0.0000
 +1.65981659E-01   0.0000
 +2.02448765E-01   0.0000
 -2.88791019E-01   0.0000
 -9.29227572E-02   0.0000
 -2.87906469E-01   0.0000
 +1.11373221E-01   0.0000
 -4.35968320E-01   0.0000
 -4.91649983E-01   0.0000
 -2.52411600E-02   0.0000
 +2.83965446E-03   0.0000
 +2.62635439E-01   0.0000
 -3.80900561E-01   0.0000
 +9.32411382E-02   0.0000
 -2.52025226E-01   0.0000
 -2.15038279E-01   0.0000
 +2.54667458E-01   0.0000
 -2.64818267E-01   0.0000
 -3.28807679E-01   0.0000
 -9.46611385E-02   0.0000
