 5 0.000000 10
 1 
 Si 28.085500
 0 0.250001 4.500000 0.978124 1.000000 
 5 0 1 2 4 6
 7 1.50000 1.75000 2.00000 2.25000 2.50000 2.75000 3.00000
 1 12.169200 6.172630 3.114710 0.755675 0.404939 0.036124 0.650018 0.572890
 4 35 32 32 1
 -1.17171593e-01   0.0000
  4.23608482e-01   0.0000
 -3.47380079e-02   0.0000
  3.20389904e-02   0.0000
  1.17507614e-01   0.0000
 -5.39953001e-02   0.0000
 -3.28671604e-01   0.0000
  7.96404958e-01   0.0000
 -1.56557307e-01   0.0000
 -2.04789504e-01   0.0000
  2.32034460e-01   0.0000
  8.29267278e-02   0.0000
  4.24921066e-02   0.0000
  1.37239844e-01   0.0000
 -4.30876493e-01   0.0000
 -2.95199733e-02   0.0000
 -1.75594583e-01   0.0000
 -7.32552409e-02   0.0000
  6.32469505e-02   0.0000
 -3.29236865e-01   0.0000
 -2.13634029e-01   0.0000
 -3.21565151e-01   0.0000
  4.93082225e-01   0.0000
 -2.81163882e-02   0.0000
  2.68410712e-01   0.0000
  1.41583860e-01   0.0000
 -4.14086103e-01   0.0000
 -1.68653533e-01   0.0000
  2.55588681e-01   0.0000
  2.92423099e-01   0.0000
 -4.09329861e-01   0.0000
  1.29878810e-02   0.0000
 -1.76036820e-01   0.0000
 -7.86396787e-02   0.0000
 -1.54242665e-01   0.0000
 -2.34587103e-01   0.0000
  7.44870454e-02   0.0000
 -2.89284617e-01   0.0000
 -3.81845802e-01   0.0000
  5.75253228e-03   0.0000
  2.75077182e-03   0.0000
  1.85958389e-02   0.0000
  2.69045055e-01   0.0000
 -1.22381025e-04   0.0000
 -2.05021098e-01   0.0000
  5.20591773e-02   0.0000
 -1.66785106e-01   0.0000
 -8.12121853e-03   0.0000
  8.18274394e-02   0.0000
  1.65374830e-01   0.0000
 -2.85603683e-02   0.0000
 -4.52044547e-01   0.0000
 -3.29551958e-02   0.0000
  2.08340421e-01   0.0000
  4.79388654e-01   0.0000
 -1.95857897e-01   0.0000
  1.71044797e-01   0.0000
  1.46230524e-02   0.0000
 -1.31485254e-01   0.0000
  4.08261977e-02   0.0000
  6.87962845e-02   0.0000
  3.46136183e-01   0.0000
  2.62382895e-01   0.0000
 -1.41038418e-01   0.0000
  1.06858358e-01   0.0000
 -1.41836897e-01   0.0000
  2.93055534e-01   0.0000
 -5.60360074e-01   0.0000
  5.80555238e-02   0.0000
 -8.78287926e-02   0.0000
 -1.08770199e-01   0.0000
 -6.22072956e-04   0.0000
 -1.17515087e-01   0.0000
  6.86671734e-01   0.0000
 -3.83372426e-01   0.0000
  3.20176370e-02   0.0000
 -7.65575990e-02   0.0000
  3.92896868e-02   0.0000
 -4.97225791e-01   0.0000
  5.46269357e-01   0.0000
  1.82407081e-01   0.0000
  3.38785291e-01   0.0000
 -5.72060585e-01   0.0000
 -3.68875623e-01   0.0000
 -1.02952421e-01   0.0000
  3.40176374e-01   0.0000
  1.36983525e-02   0.0000
 -5.96173823e-01   0.0000
  1.41382471e-01   0.0000
  1.56863824e-01   0.0000
 -3.87682505e-02   0.0000
 -3.70029099e-02   0.0000
 -1.10611729e-01   0.0000
  6.66355610e-01   0.0000
  2.44241068e-03   0.0000
 -3.37376669e-02   0.0000
 -5.71328029e-02   0.0000
  3.99190187e-02   0.0000
  5.31404495e-01   0.0000
 -4.46020871e-01   0.0000
  2.21957117e-01   0.0000
 -5.16791582e-01   0.0000
 -3.33607733e-01   0.0000
  6.52985275e-02   0.0000
 -3.38244051e-01   0.0000
  1.15822136e+00   0.0000
 -2.96622396e-01   0.0000
  2.26182714e-01   0.0000
  4.60869461e-01   0.0000
  2.02199742e-02   0.0000
 -3.06467950e-01   0.0000
  6.51431605e-02   0.0000
  3.55267733e-01   0.0000
  1.57518461e-01   0.0000
 -6.14482403e-01   0.0000
 -5.74189015e-02   0.0000
  2.66122222e-01   0.0000
  3.70640546e-01   0.0000
  1.14149794e-01   0.0000
 -1.64918035e-01   0.0000
  1.52154550e-01   0.0000
  4.79543775e-01   0.0000
 -2.74470538e-01   0.0000
  1.36318296e-01   0.0000
 -5.20279586e-01   0.0000
  5.94029188e-01   0.0000
 -3.48648094e-02   0.0000
 -2.33194977e-01   0.0000
  1.24950178e-01   0.0000
  1.31136626e-01   0.0000
  3.86884838e-01   0.0000
 -1.32538483e-03   0.0000
  2.63976902e-01   0.0000
 -2.71068484e-01   0.0000
 -4.72102195e-01   0.0000
 -6.56400919e-02   0.0000
 -2.62465268e-01   0.0000
  1.03150499e+00   0.0000
 -2.98584968e-01   0.0000
  2.19725296e-01   0.0000
  5.77509642e-01   0.0000
 -8.34196061e-02   0.0000
 -4.10156816e-01   0.0000
  2.07106490e-02   0.0000
  4.13894832e-01   0.0000
  2.09200203e-01   0.0000
 -9.85853374e-01   0.0000
  1.78744905e-02   0.0000
  3.66910011e-01   0.0000
 -1.36841580e-01   0.0000
  1.28877476e-01   0.0000
  1.77916780e-01   0.0000
  1.10762693e-01   0.0000
  4.77831185e-01   0.0000
  1.22625634e-01   0.0000
  2.71049708e-01   0.0000
 -4.48904425e-01   0.0000
  3.69228214e-01   0.0000
 -1.46447659e-01   0.0000
 -2.00149566e-01   0.0000
  2.87397169e-02   0.0000
  5.83874822e-01   0.0000
  1.78138465e-01   0.0000
  9.50061530e-02   0.0000
  3.78061593e-01   0.0000
 -1.67210326e-01   0.0000
 -2.96478719e-01   0.0000
 -2.60678530e-01   0.0000
 -1.79987177e-01   0.0000
  7.82808006e-01   0.0000
 -3.38199466e-01   0.0000
  3.98473144e-01   0.0000
  1.13516688e+00   0.0000
 -1.36565581e-01   0.0000
 -3.32656980e-01   0.0000
 -3.82781386e-01   0.0000
  4.07105684e-01   0.0000
 -2.02084128e-02   0.0000
 -7.58112907e-01   0.0000
  3.90338480e-01   0.0000
  4.17285264e-01   0.0000
 -2.84690380e-01   0.0000
 -6.12871386e-02   0.0000
  2.04697907e-01   0.0000
  1.75021604e-01   0.0000
  8.53659987e-01   0.0000
  9.77672413e-02   0.0000
  3.15641791e-01   0.0000
 -7.58610964e-01   0.0000
  1.14513330e-01   0.0000
  8.15299824e-02   0.0000
 -4.26071912e-01   0.0000
  9.42997038e-02   0.0000
  5.00439286e-01   0.0000
  3.71485911e-02   0.0000
  2.31522828e-01   0.0000
  3.64331722e-01   0.0000
 -4.54948097e-01   0.0000
 -5.75958677e-02   0.0000
 -3.52457732e-01   0.0000
 -2.11654708e-01   0.0000
  8.24042916e-01   0.0000
  9.78589728e-02   0.0000
  7.36743629e-01   0.0000
  1.43664849e+00   0.0000
  1.46365147e-02   0.0000
 -2.30398104e-02   0.0000
 -3.23426098e-01   0.0000
  4.15266305e-01   0.0000
  3.51410538e-01   0.0000
 -7.75943756e-01   0.0000
  4.33699399e-01   0.0000
  8.14180374e-01   0.0000
 -5.35933077e-01   0.0000
 -3.06830537e-02   0.0000
  4.07974482e-01   0.0000
  1.94273993e-01   0.0000
  7.95261204e-01   0.0000
  3.11572224e-01   0.0000
  3.40024054e-01   0.0000
 -9.37853515e-01   0.0000
 -6.90100044e-02   0.0000
  2.33225584e-01   0.0000
 -1.13121957e-01   0.0000
  1.54303545e-02   0.0000
  2.03177571e-01   0.0000
 -8.93583447e-02   0.0000
 -2.18033478e-01   0.0000
  1.52294502e-01   0.0000
 -3.44766211e-03   0.0000
  1.29730359e-01   0.0000
  1.64992452e-01   0.0000
 -4.17153817e-03   0.0000
 -1.73265822e-02   0.0000
  3.62287611e-02   0.0000
 -2.85488665e-02   0.0000
 -1.54312506e-01   0.0000
 -5.45652173e-02   0.0000
  7.30936453e-02   0.0000
 -7.23415315e-02   0.0000
  4.03655618e-02   0.0000
 -9.04647037e-02   0.0000
  1.00357346e-02   0.0000
 -2.66396880e-01   0.0000
 -1.32993739e-02   0.0000
 -2.20765397e-01   0.0000
  6.29183426e-02   0.0000
  2.73553044e-01   0.0000
  1.55780584e-01   0.0000
 -2.08811894e-01   0.0000
  1.90974884e-02   0.0000
  8.56311917e-02   0.0000
  1.43039495e-01   0.0000
 -1.28676981e-01   0.0000
 -1.38726473e-01   0.0000
 -6.71210513e-02   0.0000
 -2.14458749e-01   0.0000
 -9.01516229e-02   0.0000
 -1.23962983e-02   0.0000
 -2.40073100e-01   0.0000
 -1.40693143e-01   0.0000
 -6.00128509e-02   0.0000
 -6.60375804e-02   0.0000
  1.22379705e-01   0.0000
  2.05429383e-02   0.0000
  8.42735916e-02   0.0000
 -1.54161945e-01   0.0000
  1.32326530e-02   0.0000
 -1.46609634e-01   0.0000
  4.98735756e-02   0.0000
 -8.68191049e-02   0.0000
  1.00153469e-01   0.0000
 -4.37422059e-02   0.0000
 -1.81435302e-01   0.0000
 -1.82396203e-01   0.0000
 -1.20843589e-01   0.0000
 -1.59780368e-01   0.0000
  1.56883687e-01   0.0000
  1.98551521e-01   0.0000
  1.89763367e-01   0.0000
 -1.38585776e-01   0.0000
 -1.72028542e-01   0.0000
 -1.49686355e-02   0.0000
 -3.40023153e-02   0.0000
 -4.23349179e-02   0.0000
 -1.32405490e-01   0.0000
 -2.36811355e-01   0.0000
  1.77107334e-01   0.0000
 -7.12530315e-02   0.0000
 -1.18461028e-01   0.0000
 -6.05828427e-02   0.0000
 -3.92055571e-01   0.0000
 -1.40217558e-01   0.0000
 -9.18717310e-02   0.0000
 -9.08192396e-02   0.0000
  1.35107771e-01   0.0000
  3.01623847e-02   0.0000
 -2.70399284e-02   0.0000
 -9.44654569e-02   0.0000
  1.14221834e-01   0.0000
 -1.48460835e-01   0.0000
  4.05692570e-02   0.0000
 -5.77452555e-02   0.0000
  3.83882880e-01   0.0000
 -1.34683289e-02   0.0000
  1.62211321e-02   0.0000
 -4.03667316e-02   0.0000
 -2.91763216e-01   0.0000
 -2.33285520e-02   0.0000
  3.86875033e-01   0.0000
 -9.34317261e-02   0.0000
  3.25571984e-01   0.0000
 -1.88659608e-01   0.0000
 -1.07158236e-01   0.0000
 -1.02233022e-01   0.0000
 -3.20437700e-02   0.0000
  8.43007416e-02   0.0000
 -8.94146413e-03   0.0000
 -2.76305348e-01   0.0000
 -3.56272049e-02   0.0000
  1.26831606e-02   0.0000
 -1.13394059e-01   0.0000
  3.26071501e-01   0.0000
  3.96828279e-02   0.0000
  1.40482917e-01   0.0000
 -2.49324337e-01   0.0000
 -3.89951259e-01   0.0000
  4.09031838e-01   0.0000
 -1.90703690e-01   0.0000
  8.42151232e-03   0.0000
 -1.24777958e-01   0.0000
  1.03342757e-01   0.0000
 -7.31297359e-02   0.0000
  1.80486560e-01   0.0000
 -2.60942966e-01   0.0000
  3.71340692e-01   0.0000
 -1.40115723e-01   0.0000
 -5.88634834e-02   0.0000
  5.87266609e-02   0.0000
 -1.04124665e-01   0.0000
 -9.38350335e-02   0.0000
  4.53986466e-01   0.0000
  1.95025336e-02   0.0000
  3.11703682e-01   0.0000
 -2.00991601e-01   0.0000
 -2.73964524e-01   0.0000
 -4.21216428e-01   0.0000
 -5.86385131e-02   0.0000
  9.45390686e-02   0.0000
  7.62175620e-02   0.0000
 -4.42370847e-02   0.0000
  2.83595249e-02   0.0000
 -2.79698912e-02   0.0000
  4.42107581e-02   0.0000
  2.42969647e-01   0.0000
  2.20591918e-01   0.0000
  9.68478397e-02   0.0000
 -4.57959399e-02   0.0000
 -6.41980171e-01   0.0000
  3.14840376e-01   0.0000
 -4.38722270e-03   0.0000
 -3.17887664e-01   0.0000
 -2.71418959e-01   0.0000
 -1.97890010e-02   0.0000
  2.03096762e-01   0.0000
  2.08333075e-01   0.0000
 -1.30039379e-01   0.0000
  6.29080951e-01   0.0000
 -1.49590850e-01   0.0000
  1.75312907e-01   0.0000
 -8.48341212e-02   0.0000
 -1.34750843e-01   0.0000
  8.14945772e-02   0.0000
  4.29920524e-01   0.0000
 -1.27609253e-01   0.0000
  3.35639715e-01   0.0000
 -4.55800295e-02   0.0000
 -4.83393744e-02   0.0000
 -4.95263427e-01   0.0000
  1.17472678e-01   0.0000
  3.70488939e-04   0.0000
  2.07539394e-01   0.0000
  7.20891505e-02   0.0000
 -3.36246081e-02   0.0000
 -6.88696727e-02   0.0000
  4.95256484e-01   0.0000
  1.63366169e-01   0.0000
  5.19599140e-01   0.0000
  5.73948622e-02   0.0000
 -1.59674212e-01   0.0000
 -9.23329353e-01   0.0000
  5.12054503e-01   0.0000
  3.48066799e-02   0.0000
 -4.80111897e-01   0.0000
 -3.12928468e-01   0.0000
  3.09890732e-02   0.0000
  6.21277690e-01   0.0000
  2.45991815e-02   0.0000
 -1.24389417e-01   0.0000
  3.15494299e-01   0.0000
  3.85776535e-02   0.0000
 -1.42015189e-01   0.0000
  1.08737350e-01   0.0000
 -6.65368885e-02   0.0000
  3.04053091e-02   0.0000
  3.52844536e-01   0.0000
  1.30488575e-01   0.0000
  2.67153472e-01   0.0000
 -2.21792474e-01   0.0000
 -2.36817166e-01   0.0000
 -8.05459023e-01   0.0000
  2.10739449e-01   0.0000
  1.43769607e-01   0.0000
  5.19249998e-02   0.0000
  7.60646984e-02   0.0000
  8.77032727e-02   0.0000
 -4.59577562e-03   0.0000
  7.64384270e-01   0.0000
  1.88553751e-01   0.0000
  9.26321149e-01   0.0000
  1.19548514e-02   0.0000
  4.48566116e-03   0.0000
 -9.44535553e-01   0.0000
  7.74481297e-01   0.0000
 -2.56818920e-01   0.0000
 -8.67239714e-01   0.0000
 -5.67403495e-01   0.0000
 -2.27653131e-01   0.0000
  8.59091163e-01   0.0000
  1.42214969e-01   0.0000
  1.83557957e-01   0.0000
 -1.84776522e-02   0.0000
  7.22832233e-02   0.0000
 -3.25818330e-01   0.0000
  2.21643314e-01   0.0000
  1.44200534e-01   0.0000
 -2.25274250e-01   0.0000
  1.18859373e-01   0.0000
  4.10460055e-01   0.0000
  3.48594338e-01   0.0000
 -1.51073366e-01   0.0000
 -3.16110045e-01   0.0000
 -1.00562775e+00   0.0000
  5.11465907e-01   0.0000
  4.34685469e-01   0.0000
  3.50586744e-03   0.0000
 -1.26594305e-01   0.0000
 -1.25519842e-01   0.0000
  1.35094091e-01   0.0000
  2.04869565e-02   0.0000
 -3.17337289e-02   0.0000
  1.71247572e-01   0.0000
  1.81794778e-01   0.0000
 -4.93735969e-02   0.0000
 -7.30897188e-02   0.0000
  1.69190168e-01   0.0000
 -8.55090842e-03   0.0000
 -2.46712357e-01   0.0000
 -5.92687577e-02   0.0000
 -1.51855156e-01   0.0000
  5.87697364e-02   0.0000
 -7.41749704e-02   0.0000
  6.77739084e-02   0.0000
  9.78103578e-02   0.0000
 -1.55498475e-01   0.0000
 -2.53150970e-01   0.0000
  2.81333208e-01   0.0000
  1.76318496e-01   0.0000
  1.23598240e-01   0.0000
  4.69731875e-02   0.0000
  1.59318715e-01   0.0000
 -7.98604358e-03   0.0000
 -4.28021289e-02   0.0000
  1.66358203e-01   0.0000
  8.36362317e-02   0.0000
  4.77102399e-02   0.0000
  5.12260199e-03   0.0000
  1.12010166e-01   0.0000
 -1.34272799e-01   0.0000
 -1.75587326e-01   0.0000
  1.53307304e-01   0.0000
 -3.54108065e-02   0.0000
  1.65826246e-01   0.0000
  4.12364125e-01   0.0000
  1.49793267e-01   0.0000
 -6.10081069e-02   0.0000
 -2.08584353e-01   0.0000
  2.12798432e-01   0.0000
  1.48772746e-01   0.0000
 -2.76208788e-01   0.0000
  3.71848159e-02   0.0000
 -1.90783948e-01   0.0000
 -2.11094528e-01   0.0000
 -9.92671102e-02   0.0000
 -2.35054810e-02   0.0000
 -7.13771284e-02   0.0000
  1.03417881e-01   0.0000
 -2.33956918e-01   0.0000
  1.95991009e-01   0.0000
  1.52692497e-01   0.0000
 -1.02641881e-02   0.0000
  1.91303775e-01   0.0000
  1.27992555e-01   0.0000
  5.26512042e-03   0.0000
 -4.54464033e-02   0.0000
  1.05380617e-01   0.0000
  6.47507384e-02   0.0000
  2.61632949e-01   0.0000
  5.44763580e-02   0.0000
 -4.72977683e-02   0.0000
 -4.22757044e-02   0.0000
 -7.67406002e-02   0.0000
  2.69186497e-01   0.0000
  1.04893513e-01   0.0000
  9.73977968e-02   0.0000
  4.08082545e-01   0.0000
  3.74967395e-03   0.0000
  1.41925350e-01   0.0000
 -9.69413146e-02   0.0000
  2.73354083e-01   0.0000
 -6.98087662e-02   0.0000
 -5.49901538e-02   0.0000
  2.04349775e-02   0.0000
  1.34771928e-01   0.0000
 -4.51866478e-01   0.0000
 -3.74708548e-02   0.0000
 -2.00714320e-01   0.0000
  2.98591051e-02   0.0000
  4.90687154e-02   0.0000
 -3.60257298e-01   0.0000
  4.03251559e-01   0.0000
  2.15993375e-01   0.0000
  2.55475670e-01   0.0000
  4.23920564e-02   0.0000
  3.61173958e-01   0.0000
  2.45141789e-01   0.0000
  3.82566750e-02   0.0000
  9.33304727e-02   0.0000
  3.95819396e-02   0.0000
  4.11801562e-02   0.0000
  7.91188180e-02   0.0000
 -1.19068353e-02   0.0000
 -9.91891790e-03   0.0000
  5.90509437e-02   0.0000
  2.28523508e-01   0.0000
 -2.49431543e-02   0.0000
 -1.21427491e-01   0.0000
  1.18075907e-01   0.0000
  3.05067480e-01   0.0000
  1.00221872e-01   0.0000
 -1.32082984e-01   0.0000
  4.16534692e-01   0.0000
 -6.28873333e-02   0.0000
 -2.38780037e-01   0.0000
  2.29662061e-01   0.0000
  8.05191100e-02   0.0000
 -3.34837824e-01   0.0000
  1.25076935e-01   0.0000
 -1.25051260e-01   0.0000
 -4.15357053e-02   0.0000
 -2.54179314e-02   0.0000
 -4.36095566e-01   0.0000
  4.40842062e-01   0.0000
  2.58566707e-01   0.0000
  1.96649134e-01   0.0000
  3.73613209e-01   0.0000
  4.26348090e-01   0.0000
  4.25995439e-01   0.0000
 -4.33671251e-02   0.0000
 -1.55880168e-01   0.0000
 -1.16729751e-01   0.0000
  9.07906739e-04   0.0000
 -6.98936880e-02   0.0000
 -1.61815405e-01   0.0000
  2.25186162e-02   0.0000
 -6.04067482e-02   0.0000
  4.51391749e-02   0.0000
 -4.25437152e-01   0.0000
  1.06617259e-02   0.0000
 -2.81259149e-01   0.0000
  4.43024561e-02   0.0000
 -3.10320079e-01   0.0000
 -3.11741561e-01   0.0000
  5.85376024e-01   0.0000
 -1.17033601e-01   0.0000
 -3.85968275e-02   0.0000
  7.24300370e-02   0.0000
 -1.12551272e-01   0.0000
 -3.07781845e-01   0.0000
 -4.76529412e-02   0.0000
  7.05383867e-02   0.0000
  3.33225429e-01   0.0000
  7.56169558e-02   0.0000
 -3.45368952e-01   0.0000
  4.42257643e-01   0.0000
 -9.11896601e-02   0.0000
 -5.28087020e-02   0.0000
  3.94234180e-01   0.0000
  2.28789270e-01   0.0000
  4.16760117e-01   0.0000
 -1.09238923e-01   0.0000
 -2.21538514e-01   0.0000
 -1.34426638e-01   0.0000
  2.05942303e-01   0.0000
 -2.16245696e-01   0.0000
  9.78189707e-02   0.0000
  2.47324973e-01   0.0000
 -2.35754997e-01   0.0000
  4.63573113e-02   0.0000
 -5.18664122e-01   0.0000
 -5.67446575e-02   0.0000
 -4.45683599e-01   0.0000
  2.98780680e-01   0.0000
 -3.60805720e-01   0.0000
 -1.61081538e-01   0.0000
  8.85687709e-01   0.0000
 -2.09344208e-01   0.0000
 -1.16862081e-01   0.0000
  2.26429477e-03   0.0000
  4.69798557e-02   0.0000
 -3.55610490e-01   0.0000
 -3.02100684e-02   0.0000
  2.96802819e-03   0.0000
  3.58534008e-01   0.0000
  4.62704599e-02   0.0000
 -1.09469071e-01   0.0000
  5.64571083e-01   0.0000
 -6.90369979e-02   0.0000
  2.49583840e-01   0.0000
 -2.82053649e-03   0.0000
  3.03876430e-01   0.0000
  4.15756524e-01   0.0000
  1.93998948e-01   0.0000
 -3.74305010e-01   0.0000
  2.95653045e-01   0.0000
  7.36161694e-02   0.0000
 -3.37322116e-01   0.0000
  2.69396991e-01   0.0000
  1.57388642e-01   0.0000
 -1.44802451e-01   0.0000
  2.86390811e-01   0.0000
 -5.31779408e-01   0.0000
  1.41639724e-01   0.0000
 -3.48332435e-01   0.0000
  3.76569957e-01   0.0000
 -1.16636544e-01   0.0000
 -3.10735941e-01   0.0000
  9.72425103e-01   0.0000
  3.19871157e-02   0.0000
 -1.98381037e-01   0.0000
  7.61316717e-02   0.0000
  6.00109100e-02   0.0000
 -1.09253936e-01   0.0000
 -6.65087849e-02   0.0000
  6.73402250e-02   0.0000
  5.93111634e-01   0.0000
 -8.75363573e-02   0.0000
 -3.04551870e-01   0.0000
  3.75582874e-01   0.0000
  7.22060725e-02   0.0000
  2.79919663e-03   0.0000
  1.62518516e-01   0.0000
  5.13105989e-01   0.0000
  3.51150453e-01   0.0000
  6.97273314e-02   0.0000
 -3.75676930e-01   0.0000
  6.36697531e-01   0.0000
  1.35758251e-01   0.0000
 -2.04571426e-01   0.0000
  2.42921606e-01   0.0000
  3.34428579e-01   0.0000
 -3.32636349e-02   0.0000
 -2.12928042e-01   0.0000
  1.91004146e-02   0.0000
  8.12316090e-02   0.0000
 -1.48334596e-02   0.0000
  1.42099947e-01   0.0000
 -1.21190801e-01   0.0000
 -1.49109125e-01   0.0000
  1.37548968e-01   0.0000
  9.08791274e-02   0.0000
 -1.38468757e-01   0.0000
  1.04230523e-01   0.0000
 -1.54484645e-01   0.0000
  1.06057450e-01   0.0000
  1.98330015e-01   0.0000
 -1.91204771e-01   0.0000
  4.71665263e-02   0.0000
  1.34962335e-01   0.0000
 -1.70379698e-01   0.0000
 -1.14357173e-01   0.0000
 -1.49297416e-01   0.0000
  1.85440361e-01   0.0000
  1.16973966e-01   0.0000
  1.54376671e-01   0.0000
  2.29051009e-01   0.0000
  1.10758999e-02   0.0000
 -9.52970013e-02   0.0000
  4.10919357e-03   0.0000
  1.93621874e-01   0.0000
 -1.14250928e-01   0.0000
  2.34162286e-01   0.0000
 -3.76251757e-01   0.0000
  1.02574490e-01   0.0000
 -4.21203487e-02   0.0000
  1.10642882e-02   0.0000
 -1.59408480e-01   0.0000
 -9.40025300e-02   0.0000
  1.40569821e-01   0.0000
  3.61279473e-02   0.0000
 -4.14138287e-02   0.0000
  1.86472163e-01   0.0000
 -1.84525132e-01   0.0000
 -9.51269120e-02   0.0000
  3.19993310e-02   0.0000
 -1.90433755e-04   0.0000
 -1.52088344e-01   0.0000
  9.57228020e-02   0.0000
  7.86366388e-02   0.0000
  2.64795691e-01   0.0000
 -8.19397792e-02   0.0000
  1.37460446e-02   0.0000
  1.38774469e-01   0.0000
 -1.84356570e-01   0.0000
 -1.17318504e-01   0.0000
  7.23394156e-01   0.0000
 -1.78486317e-01   0.0000
  5.35595655e-01   0.0000
 -9.45259109e-02   0.0000
  1.82490081e-01   0.0000
 -1.59478217e-01   0.0000
 -7.19671557e-03   0.0000
 -4.35109995e-03   0.0000
  1.48356274e-01   0.0000
  1.76311553e-01   0.0000
 -7.51688853e-02   0.0000
 -1.86728276e-02   0.0000
  7.03458767e-03   0.0000
 -1.62911668e-01   0.0000
 -1.86787978e-01   0.0000
  6.60020038e-02   0.0000
  8.94271508e-02   0.0000
 -1.70252353e-01   0.0000
  2.21180946e-01   0.0000
 -1.53358847e-01   0.0000
  9.96712893e-02   0.0000
 -1.05417401e-01   0.0000
  1.83074605e-02   0.0000
 -3.96869518e-02   0.0000
  4.20008004e-02   0.0000
 -5.75534888e-02   0.0000
  1.86790347e-01   0.0000
  5.75877493e-03   0.0000
 -3.17163855e-01   0.0000
 -4.89170663e-02   0.0000
  4.79774401e-02   0.0000
  5.76485842e-02   0.0000
  7.45944560e-01   0.0000
 -3.19300354e-01   0.0000
  7.81535625e-01   0.0000
 -2.44808123e-02   0.0000
  8.00064877e-02   0.0000
 -3.81501049e-01   0.0000
 -1.08789071e-01   0.0000
  2.03694135e-01   0.0000
  3.43599319e-01   0.0000
  2.99442690e-02   0.0000
 -1.39496801e-02   0.0000
  1.16680069e-02   0.0000
  2.32771367e-01   0.0000
  1.52910352e-01   0.0000
  1.75086632e-01   0.0000
  1.96184829e-01   0.0000
 -1.74232423e-01   0.0000
  7.53999427e-02   0.0000
 -4.12100665e-02   0.0000
 -1.84115186e-01   0.0000
 -3.07576004e-02   0.0000
 -2.02903494e-01   0.0000
  2.04604626e-01   0.0000
 -3.03805292e-01   0.0000
  1.17908623e-02   0.0000
  1.28742596e-02   0.0000
 -7.99490139e-02   0.0000
 -3.83339636e-02   0.0000
 -9.21093486e-03   0.0000
 -1.85465336e-01   0.0000
  1.09613933e-01   0.0000
  9.03264619e-03   0.0000
  9.12576735e-01   0.0000
 -3.62429470e-01   0.0000
  6.15299582e-01   0.0000
 -7.02069476e-02   0.0000
  3.20701778e-01   0.0000
 -2.57649004e-01   0.0000
  1.90391436e-01   0.0000
  1.09881490e-01   0.0000
  2.00438723e-01   0.0000
 -1.11182872e-02   0.0000
 -1.00440748e-01   0.0000
  1.08900532e-01   0.0000
  1.47456408e-01   0.0000
 -9.66439769e-03   0.0000
 -5.12409322e-02   0.0000
  4.44756776e-01   0.0000
  6.63180128e-02   0.0000
  2.25216135e-01   0.0000
 -3.32736671e-01   0.0000
 -6.06204569e-03   0.0000
 -3.06896895e-01   0.0000
 -4.95111674e-01   0.0000
 -3.37292328e-02   0.0000
 -3.94509993e-02   0.0000
 -1.32272378e-01   0.0000
 -8.37600306e-02   0.0000
 -2.43872210e-01   0.0000
 -5.40941022e-02   0.0000
 -6.85452968e-02   0.0000
 -2.62951255e-01   0.0000
  2.77074695e-01   0.0000
  3.65007780e-02   0.0000
  1.00643015e+00   0.0000
 -9.77223292e-02   0.0000
  4.42826957e-01   0.0000
  1.63267195e-01   0.0000
  2.50778019e-01   0.0000
  1.87185407e-01   0.0000
  9.08196252e-03   0.0000
  3.01220179e-01   0.0000
  3.93006116e-01   0.0000
 -7.18827918e-02   0.0000
  1.66746285e-02   0.0000
  2.74543285e-01   0.0000
 -2.82376241e-02   0.0000
  3.41120243e-01   0.0000
  2.89218485e-01   0.0000
  9.71536264e-02   0.0000
 -1.95187271e-01   0.0000
  2.28160650e-01   0.0000
 -3.67878526e-01   0.0000
 -2.21589953e-02   0.0000
 -4.01803881e-01   0.0000
 -4.88317549e-01   0.0000
  3.65694910e-01   0.0000
  1.43885463e-01   0.0000
  3.72172184e-02   0.0000
  8.76514390e-02   0.0000
 -2.71946460e-01   0.0000
  1.93254247e-01   0.0000
  1.36921490e-02   0.0000
 -3.06537628e-01   0.0000
  1.35882884e-01   0.0000
  1.44186154e-01   0.0000
  1.20128214e+00   0.0000
  1.18844338e-01   0.0000
  3.06881845e-01   0.0000
  1.56050935e-01   0.0000
  3.38657945e-01   0.0000
  2.79609501e-01   0.0000
  1.34577215e-01   0.0000
  6.83455691e-02   0.0000
  5.51640272e-01   0.0000
 -1.70565695e-01   0.0000
 -2.15064272e-01   0.0000
 -1.19717255e-01   0.0000
 -8.91109526e-01   0.0000
  2.27171317e-01   0.0000
  1.24356449e-01   0.0000
  2.96556920e-01   0.0000
 -3.72718781e-01   0.0000
  9.55295041e-02   0.0000
 -3.70049983e-01   0.0000
 -7.33692273e-02   0.0000
 -3.10366392e-01   0.0000
 -2.93480903e-01   0.0000
  2.36314490e-01   0.0000
  1.23583172e-02   0.0000
 -1.50709134e-02   0.0000
 -9.60769728e-02   0.0000
  1.87499046e-01   0.0000
  1.55682519e-01   0.0000
  1.29547805e-01   0.0000
 -4.62133765e-01   0.0000
 -1.26687273e-01   0.0000
  2.88444310e-02   0.0000
  1.28927815e+00   0.0000
  2.10581481e-01   0.0000
  3.48261863e-01   0.0000
 -8.59900340e-02   0.0000
  9.14033055e-02   0.0000
  2.52219379e-01   0.0000
 -1.76364258e-01   0.0000
 -9.04444084e-02   0.0000
  6.27099991e-01   0.0000
 -2.82306015e-01   0.0000
 -9.74552482e-02   0.0000
 -1.86300576e-01   0.0000
  6.21220589e-01   0.0000
  3.38822424e-01   0.0000
 -1.14056148e-01   0.0000
  1.05382144e-01   0.0000
  1.27336252e-02   0.0000
 -2.70216644e-01   0.0000
  5.02981186e-01   0.0000
 -1.96565338e-03   0.0000
 -2.38806959e-02   0.0000
 -5.00888169e-01   0.0000
 -2.39484967e-03   0.0000
 -2.95250304e-02   0.0000
 -1.24276385e-01   0.0000
  8.40730518e-02   0.0000
 -6.67663813e-01   0.0000
 -1.34483003e-03   0.0000
 -1.40215039e-01   0.0000
  1.49820387e-01   0.0000
 -1.47442982e-01   0.0000
 -2.00008497e-01   0.0000
 -6.52035058e-01   0.0000
  7.63212502e-01   0.0000
  7.48790085e-01   0.0000
  5.52161783e-02   0.0000
  1.53521121e-01   0.0000
  2.48761415e-01   0.0000
  3.52562070e-01   0.0000
 -2.35854299e-03   0.0000
 -7.39402398e-02   0.0000
 -1.08953702e+00   0.0000
 -2.12816834e-01   0.0000
  2.13368505e-01   0.0000
 -4.75740097e-02   0.0000
  8.07208568e-02   0.0000
  1.97658017e-01   0.0000
 -1.67360511e-02   0.0000
 -6.89223781e-02   0.0000
 -4.33447845e-02   0.0000
  7.69058540e-02   0.0000
  1.39442757e-01   0.0000
  1.34051487e-01   0.0000
  2.96278775e-01   0.0000
  4.66790795e-02   0.0000
 -1.03215136e-01   0.0000
 -1.28306001e-01   0.0000
 -7.06645027e-02   0.0000
 -8.71668905e-02   0.0000
 -1.12643488e-01   0.0000
  1.01099528e-01   0.0000
  1.52970076e-01   0.0000
  1.20386451e-01   0.0000
 -1.76911503e-01   0.0000
 -1.44883826e-01   0.0000
  7.11035669e-01   0.0000
  1.01609066e-01   0.0000
 -2.70922273e-01   0.0000
  2.45224029e-01   0.0000
  6.63992891e-04   0.0000
  2.27349013e-01   0.0000
  2.64487594e-01   0.0000
  2.81694494e-02   0.0000
 -8.27440858e-01   0.0000
  8.04277435e-02   0.0000
  8.62618834e-02   0.0000
 -2.68554360e-01   0.0000
 -7.10063800e-02   0.0000
  4.96464491e-01   0.0000
 -7.29295015e-02   0.0000
 -5.38965687e-03   0.0000
  1.90336838e-01   0.0000
 -3.42993826e-01   0.0000
  1.34314463e-01   0.0000
  2.64843330e-02   0.0000
  8.79298329e-01   0.0000
  7.48372450e-02   0.0000
 -4.56339508e-01   0.0000
 -1.18462779e-01   0.0000
  1.10575400e-01   0.0000
  4.07390654e-01   0.0000
  6.44454435e-02   0.0000
 -4.20592427e-02   0.0000
  2.35202760e-01   0.0000
  3.84122655e-02   0.0000
  1.04859034e-02   0.0000
  3.07848975e-02   0.0000
  4.28394854e-01   0.0000
 -2.03082144e-01   0.0000
 -5.07189780e-02   0.0000
  1.48548871e-01   0.0000
 -6.05137758e-02   0.0000
  7.60646351e-03   0.0000
  4.45141457e-02   0.0000
  1.15462571e-01   0.0000
 -2.34335735e-01   0.0000
 -4.62561771e-02   0.0000
  2.43002176e-01   0.0000
 -4.32165414e-01   0.0000
 -2.55994648e-01   0.0000
  3.85457166e-02   0.0000
 -1.25696048e-01   0.0000
 -1.25181228e-01   0.0000
  1.39268801e-01   0.0000
 -5.90651214e-01   0.0000
  2.00871676e-02   0.0000
 -3.17899436e-01   0.0000
  9.88772690e-01   0.0000
  6.01948611e-02   0.0000
 -3.54991943e-01   0.0000
  8.11723545e-02   0.0000
 -1.61521122e-01   0.0000
  6.93738937e-01   0.0000
  2.68003810e-02   0.0000
  2.68687457e-01   0.0000
  3.02785695e-01   0.0000
  2.82215476e-01   0.0000
  2.16278255e-01   0.0000
  1.97693303e-01   0.0000
  4.19822298e-02   0.0000
 -4.06014979e-01   0.0000
 -2.03624129e-01   0.0000
  5.00970364e-01   0.0000
  1.23529267e-02   0.0000
 -7.62645751e-02   0.0000
  7.45588960e-03   0.0000
  1.09041780e-01   0.0000
 -2.01176390e-01   0.0000
 -4.18422138e-03   0.0000
  2.30980903e-01   0.0000
 -4.05146241e-01   0.0000
 -2.41170079e-01   0.0000
  1.31015643e-01   0.0000
 -3.44567955e-01   0.0000
 -8.89786035e-02   0.0000
  1.25918880e-01   0.0000
 -2.01135829e-01   0.0000
 -2.16314401e-02   0.0000
 -5.32356143e-01   0.0000
  8.54786694e-01   0.0000
  1.09622709e-01   0.0000
 -3.68807256e-01   0.0000
 -8.11704993e-02   0.0000
 -3.81606817e-03   0.0000
  4.24750477e-01   0.0000
 -2.01878786e-01   0.0000
 -1.21853083e-01   0.0000
  4.69398588e-01   0.0000
  2.46522188e-01   0.0000
  2.22279146e-01   0.0000
 -2.01222166e-01   0.0000
  7.92038534e-03   0.0000
 -1.03467420e-01   0.0000
  8.58669505e-02   0.0000
  2.79871583e-01   0.0000
  2.57311046e-01   0.0000
 -6.96526393e-02   0.0000
  2.81474534e-02   0.0000
  1.38150558e-01   0.0000
 -6.77367523e-02   0.0000
 -3.00838891e-02   0.0000
  2.54783213e-01   0.0000
  1.34770200e-01   0.0000
 -3.10018092e-01   0.0000
  1.14361912e-01   0.0000
 -5.44089615e-01   0.0000
 -2.00146884e-01   0.0000
  1.48065001e-01   0.0000
  2.03381419e-01   0.0000
 -1.74274340e-01   0.0000
 -9.37906861e-01   0.0000
  2.70625144e-01   0.0000
  2.35531405e-01   0.0000
 -1.06412932e-01   0.0000
 -1.89296439e-01   0.0000
 -1.57428049e-02   0.0000
 -2.55597293e-01   0.0000
 -1.01004457e-02   0.0000
  2.62601748e-02   0.0000
  4.69950795e-01   0.0000
 -7.39416331e-02   0.0000
 -5.88821210e-02   0.0000
 -2.53218055e-01   0.0000
 -6.80829808e-02   0.0000
  1.02149285e-01   0.0000
 -2.25361079e-01   0.0000
  5.48735738e-01   0.0000
  1.39581397e-01   0.0000
 -7.43470564e-02   0.0000
  1.45501615e-02   0.0000
  1.70385882e-01   0.0000
 -5.41542731e-02   0.0000
  1.26086593e-01   0.0000
 -8.75748917e-02   0.0000
  5.96969984e-02   0.0000
 -6.57573879e-01   0.0000
 -8.84850025e-02   0.0000
 -6.25716090e-01   0.0000
 -2.09355116e-01   0.0000
  3.59025449e-01   0.0000
  3.98004234e-01   0.0000
 -2.14250520e-01   0.0000
 -7.68993497e-01   0.0000
 -1.70586273e-01   0.0000
  2.27366984e-01   0.0000
 -1.80278942e-01   0.0000
  7.08415657e-02   0.0000
 -1.27737984e-01   0.0000
 -7.57967472e-01   0.0000
 -1.25170305e-01   0.0000
  1.20120317e-01   0.0000
  3.78161252e-01   0.0000
 -3.92277330e-01   0.0000
 -1.33448541e-02   0.0000
 -5.70079863e-01   0.0000
 -5.86699136e-02   0.0000
  4.33314979e-01   0.0000
 -1.61120743e-01   0.0000
  2.29303792e-01   0.0000
 -4.03717130e-01   0.0000
 -2.04583704e-01   0.0000
 -4.36009020e-01   0.0000
  2.31688157e-01   0.0000
  2.26358026e-01   0.0000
  3.06101620e-01   0.0000
  3.41134369e-02   0.0000
 -2.33005911e-01   0.0000
  7.65538067e-02   0.0000
  4.41210985e-01   0.0000
  4.48152423e-01   0.0000
 -9.61048529e-02   0.0000
  5.75183518e-02   0.0000
 -5.81214279e-02   0.0000
 -4.16957550e-02   0.0000
 -2.11594865e-01   0.0000
 -9.85080153e-02   0.0000
  3.73799205e-01   0.0000
  7.70817161e-01   0.0000
 -1.46503285e-01   0.0000
 -1.11476153e-01   0.0000
  1.81490439e-03   0.0000
  1.37651280e-01   0.0000
 -2.16701686e-01   0.0000
 -2.96996087e-01   0.0000
 -3.03903878e-01   0.0000
  2.73701370e-01   0.0000
  5.10784745e-01   0.0000
 -2.60638058e-01   0.0000
 -1.35947958e-01   0.0000
 -9.13804621e-02   0.0000
  6.40759990e-02   0.0000
  9.90057513e-02   0.0000
 -5.42274490e-02   0.0000
 -4.22214806e-01   0.0000
 -2.16371745e-01   0.0000
  2.40410864e-01   0.0000
  1.19996816e-02   0.0000
  4.70070750e-01   0.0000
  8.72428268e-02   0.0000
 -1.45813927e-01   0.0000
 -6.04255795e-02   0.0000
 -8.14123172e-03   0.0000
 -1.83147281e-01   0.0000
 -8.00813660e-02   0.0000
 -2.62534916e-02   0.0000
 -3.26533645e-01   0.0000
 -6.33411109e-04   0.0000
  8.32108855e-02   0.0000
  7.93342218e-02   0.0000
 -9.39113274e-02   0.0000
  1.49836749e-01   0.0000
  3.32177788e-01   0.0000
  4.23943475e-02   0.0000
 -3.22939362e-04   0.0000
  3.14000092e-04   0.0000
  1.04185119e-01   0.0000
  1.12250105e-01   0.0000
 -1.92262784e-01   0.0000
  1.28778219e-01   0.0000
 -9.56711397e-02   0.0000
 -8.05967487e-03   0.0000
  6.40176386e-02   0.0000
 -3.48307416e-02   0.0000
  5.92228174e-02   0.0000
  1.69231325e-01   0.0000
  2.26494178e-01   0.0000
  6.45783846e-04   0.0000
 -1.29300833e-03   0.0000
  7.71137327e-02   0.0000
  5.92211604e-01   0.0000
  2.26902306e-01   0.0000
 -6.12588227e-02   0.0000
  2.85915434e-01   0.0000
  6.75048605e-02   0.0000
  6.93518445e-02   0.0000
 -1.51878698e-02   0.0000
  2.11267509e-02   0.0000
  2.26529371e-02   0.0000
  1.46216869e-01   0.0000
  1.72351122e-01   0.0000
 -1.07498460e-01   0.0000
  1.70508146e-01   0.0000
 -2.30214417e-01   0.0000
 -7.52185464e-01   0.0000
 -2.20264211e-01   0.0000
 -4.38935868e-02   0.0000
 -6.47416338e-02   0.0000
 -5.77703081e-02   0.0000
  8.23705867e-02   0.0000
  1.40469238e-01   0.0000
 -6.86564893e-02   0.0000
 -2.62856126e-01   0.0000
 -1.26612838e-02   0.0000
  1.82180598e-01   0.0000
  1.82839230e-01   0.0000
  5.15993312e-02   0.0000
  1.26740500e-01   0.0000
  5.76506078e-01   0.0000
  3.34215793e-03   0.0000
  9.93975997e-02   0.0000
  4.51488532e-02   0.0000
  3.48186851e-01   0.0000
  7.76701868e-02   0.0000
  1.56747609e-01   0.0000
 -2.17584029e-01   0.0000
  5.94888479e-02   0.0000
 -7.17936978e-02   0.0000
 -1.37345657e-01   0.0000
 -2.96654910e-01   0.0000
 -1.70950502e-01   0.0000
  1.31893441e-01   0.0000
  1.05372496e-01   0.0000
 -6.08554557e-02   0.0000
 -3.79450589e-01   0.0000
 -2.59607285e-01   0.0000
 -8.45457196e-01   0.0000
 -1.89222079e-02   0.0000
  8.95385072e-02   0.0000
 -1.27075821e-01   0.0000
 -1.58114191e-02   0.0000
 -1.98414549e-02   0.0000
  9.77905560e-03   0.0000
 -3.40409875e-02   0.0000
 -1.04782812e-01   0.0000
 -3.30183133e-02   0.0000
  3.88693586e-02   0.0000
  1.49326399e-01   0.0000
 -1.40600130e-01   0.0000
  6.48412406e-02   0.0000
  4.49322373e-01   0.0000
  1.35171831e-01   0.0000
 -4.52664535e-05   0.0000
 -1.78057954e-01   0.0000
  2.82543212e-01   0.0000
 -5.08178375e-04   0.0000
  1.89619958e-01   0.0000
  2.46029738e-02   0.0000
  8.64791870e-03   0.0000
 -1.04904408e-02   0.0000
 -1.50613505e-02   0.0000
  1.85374483e-01   0.0000
  1.90898869e-02   0.0000
 -3.62184830e-02   0.0000
 -1.48127526e-01   0.0000
  1.31678348e-02   0.0000
  1.49813384e-01   0.0000
  1.62828520e-01   0.0000
  7.11442292e-01   0.0000
  3.35727125e-01   0.0000
  3.37219855e-04   0.0000
  6.80577457e-02   0.0000
  8.94589424e-02   0.0000
 -1.36228308e-01   0.0000
 -7.17273131e-02   0.0000
  1.83703899e-01   0.0000
 -2.62632989e-03   0.0000
 -1.46946073e-01   0.0000
 -1.46292761e-01   0.0000
  6.19106032e-02   0.0000
 -1.95353270e-01   0.0000
 -1.23460285e-01   0.0000
 -8.17732699e-03   0.0000
 -8.97176638e-02   0.0000
 -5.89650117e-05   0.0000
 -9.07737063e-04   0.0000
  5.58676779e-01   0.0000
 -5.15229767e-05   0.0000
 -1.56741560e-04   0.0000
  2.48272792e-01   0.0000
 -3.47833261e-02   0.0000
  7.43594766e-02   0.0000
  2.74864724e-03   0.0000
 -5.33676259e-02   0.0000
  2.04185665e-01   0.0000
 -7.05688819e-02   0.0000
 -1.68433562e-01   0.0000
  8.61837044e-02   0.0000
 -2.14649960e-01   0.0000
 -5.51801324e-02   0.0000
 -1.82610527e-02   0.0000
  4.47801165e-02   0.0000
 -1.45571947e-01   0.0000
 -7.10916296e-02   0.0000
  6.03299327e-02   0.0000
 -1.53026721e-02   0.0000
  1.82606339e-01   0.0000
  9.90769789e-02   0.0000
  1.29206628e-01   0.0000
  7.73241892e-02   0.0000
 -8.43963400e-02   0.0000
  3.29911662e-03   0.0000
 -1.67340249e-01   0.0000
  3.27854417e-02   0.0000
 -3.64805102e-01   0.0000
 -3.17699537e-02   0.0000
  4.57203649e-02   0.0000
 -1.04051843e-01   0.0000
  4.06380355e-01   0.0000
 -5.61755262e-02   0.0000
  8.91775638e-02   0.0000
 -2.06921339e-01   0.0000
 -2.29200378e-01   0.0000
  9.09490976e-03   0.0000
 -7.06801703e-03   0.0000
 -8.15659016e-02   0.0000
 -9.79460627e-02   0.0000
 -5.77845648e-02   0.0000
 -2.21837506e-01   0.0000
 -1.21640635e-03   0.0000
  2.15657894e-02   0.0000
 -9.40268917e-04   0.0000
  2.68336177e-01   0.0000
 -1.31035447e-01   0.0000
 -4.74618486e-04   0.0000
 -9.69163403e-02   0.0000
 -8.68014395e-02   0.0000
  1.53741785e-04   0.0000
  1.61833242e-01   0.0000
 -6.06184676e-02   0.0000
  1.07775100e-01   0.0000
  1.91257790e-01   0.0000
  8.56172852e-03   0.0000
  4.13711369e-02   0.0000
  9.13511962e-02   0.0000
  1.28399074e-01   0.0000
  1.47873079e-02   0.0000
  1.72573049e-02   0.0000
  1.33943424e-01   0.0000
  1.14346959e-01   0.0000
 -3.54309559e-01   0.0000
  3.16718072e-02   0.0000
  6.20870367e-02   0.0000
 -4.48788613e-01   0.0000
 -3.60436626e-02   0.0000
  1.13209412e-01   0.0000
 -5.56190237e-02   0.0000
  2.06119239e-01   0.0000
 -1.58215672e-01   0.0000
 -1.79374814e-01   0.0000
 -2.10600272e-01   0.0000
 -3.42471123e-01   0.0000
  1.06347114e-01   0.0000
  8.63476917e-02   0.0000
  1.18293595e+00   0.0000
  3.19284439e-01   0.0000
 -2.00857729e-01   0.0000
  5.61221540e-02   0.0000
 -2.72759181e-02   0.0000
 -1.15315184e-01   0.0000
 -8.48257020e-02   0.0000
 -2.24811673e-01   0.0000
 -1.11671742e-02   0.0000
  1.34772416e-02   0.0000
 -8.69660154e-02   0.0000
 -1.90206822e-02   0.0000
  1.84363425e-01   0.0000
 -2.95980889e-02   0.0000
  1.72782600e-01   0.0000
 -1.98817536e-01   0.0000
 -8.14074650e-02   0.0000
 -1.33809182e-04   0.0000
 -7.87399411e-01   0.0000
 -2.11510986e-01   0.0000
 -1.78594172e-01   0.0000
 -3.95068467e-01   0.0000
 -7.36077055e-02   0.0000
 -1.81012347e-01   0.0000
 -5.67058614e-03   0.0000
 -1.97697073e-01   0.0000
 -2.78559625e-01   0.0000
  2.50810057e-01   0.0000
  3.29767242e-02   0.0000
 -1.26469256e-02   0.0000
 -1.15132608e-01   0.0000
  6.17593541e-05   0.0000
 -4.41773325e-01   0.0000
 -1.85078546e-01   0.0000
  2.01193452e-01   0.0000
  1.46271795e-01   0.0000
  4.45567593e-02   0.0000
  1.88728586e-01   0.0000
 -5.80347404e-02   0.0000
 -2.02194378e-02   0.0000
  2.04163685e-01   0.0000
 -4.37246985e-04   0.0000
  1.62808061e-01   0.0000
  5.79919957e-04   0.0000
 -3.28492820e-02   0.0000
 -4.92614321e-02   0.0000
  4.55962211e-01   0.0000
  5.38936965e-02   0.0000
  1.64061770e-01   0.0000
 -5.10842912e-02   0.0000
  1.20089278e-01   0.0000
 -1.35205716e-01   0.0000
 -1.46506548e-01   0.0000
 -1.80866882e-01   0.0000
 -7.15614483e-02   0.0000
  1.40237033e-01   0.0000
 -3.23334523e-02   0.0000
 -6.34207949e-02   0.0000
 -3.46137911e-01   0.0000
 -8.94656628e-02   0.0000
 -3.27856317e-02   0.0000
  9.04672518e-02   0.0000
  3.98597866e-02   0.0000
  9.81926769e-02   0.0000
  1.97815612e-01   0.0000
  3.55138234e-03   0.0000
  1.68171455e-03   0.0000
  1.89128164e-02   0.0000
 -1.95702836e-01   0.0000
 -1.90703254e-02   0.0000
  1.67622998e-01   0.0000
 -2.78318763e-01   0.0000
  1.07796267e-01   0.0000
 -1.56476706e-01   0.0000
 -2.01258324e-02   0.0000
  3.42085473e-02   0.0000
  1.93161160e-01   0.0000
 -6.52250722e-02   0.0000
  1.07867159e-01   0.0000
  1.40381068e-01   0.0000
 -9.94925499e-02   0.0000
 -2.29101274e-02   0.0000
 -5.43098867e-01   0.0000
  2.45800287e-01   0.0000
 -6.86232448e-02   0.0000
  2.26746783e-01   0.0000
  2.88509429e-01   0.0000
  1.70675159e-01   0.0000
  8.47419128e-02   0.0000
  3.86395049e-03   0.0000
  4.16730016e-01   0.0000
 -1.07366862e-02   0.0000
  2.24234134e-01   0.0000
  3.09397164e-03   0.0000
 -1.03736304e-01   0.0000
 -2.47690782e-01   0.0000
  4.33836669e-01   0.0000
  3.73500772e-02   0.0000
  4.23743315e-02   0.0000
  6.62160814e-02   0.0000
 -1.33903399e-01   0.0000
  1.80679068e-01   0.0000
 -1.36867315e-01   0.0000
  2.03181922e-01   0.0000
  1.57149792e-01   0.0000
  8.15407373e-03   0.0000
  7.22694919e-02   0.0000
 -1.57086357e-01   0.0000
  1.65024638e-01   0.0000
 -1.16879866e-01   0.0000
 -1.24342585e+00   0.0000
  2.70301607e-02   0.0000
 -2.64591563e-05   0.0000
  1.35442079e-03   0.0000
 -5.71220517e-01   0.0000
  6.29512668e-02   0.0000
  1.02377765e-01   0.0000
 -1.45624235e-01   0.0000
 -1.01276152e-01   0.0000
  1.76910684e-01   0.0000
  1.16776861e-01   0.0000
  5.00459559e-02   0.0000
 -2.18367785e-01   0.0000
  1.86751187e-01   0.0000
  2.44455016e-03   0.0000
 -3.04642975e-01   0.0000
  1.51938453e-01   0.0000
  7.58380629e-03   0.0000
  9.36589181e-01   0.0000
  2.15344280e-01   0.0000
  8.85437727e-02   0.0000
 -4.72343639e-02   0.0000
  2.09213302e-01   0.0000
  1.49640545e-01   0.0000
 -1.49577215e-01   0.0000
 -1.01197496e-01   0.0000
  1.50494561e-01   0.0000
  9.45563614e-02   0.0000
 -5.50840050e-02   0.0000
 -1.57844666e-02   0.0000
 -2.64099427e-02   0.0000
 -2.76332889e-02   0.0000
 -1.76936567e-01   0.0000
  1.06166959e-01   0.0000
  2.01342329e-01   0.0000
  9.00187716e-02   0.0000
  7.75952116e-02   0.0000
 -4.78416532e-02   0.0000
 -1.19009174e-01   0.0000
  1.71744287e-01   0.0000
 -5.03960922e-02   0.0000
 -1.13895975e-01   0.0000
 -1.55324891e-01   0.0000
  2.66944140e-01   0.0000
  1.18245661e-01   0.0000
 -1.85913235e-01   0.0000
 -2.23089293e-01   0.0000
  2.84946598e-02   0.0000
 -1.93384867e-02   0.0000
  1.45606086e-01   0.0000
  7.73780793e-02   0.0000
  6.67313337e-02   0.0000
  2.73795482e-02   0.0000
 -2.95991747e-04   0.0000
 -5.98578602e-02   0.0000
 -2.62280140e-04   0.0000
  1.19963307e-02   0.0000
  1.24846622e-01   0.0000
 -1.82658717e-01   0.0000
  7.28461295e-02   0.0000
  4.39984277e-02   0.0000
 -1.42901942e-01   0.0000
 -3.51841860e-02   0.0000
 -1.87382456e-02   0.0000
  1.11595526e-01   0.0000
  8.48729387e-02   0.0000
 -6.83822408e-02   0.0000
 -5.49960881e-04   0.0000
 -7.38392174e-01   0.0000
 -9.94479954e-02   0.0000
 -7.53083378e-02   0.0000
  4.54343855e-01   0.0000
  2.14105189e-01   0.0000
 -3.17955688e-02   0.0000
 -1.32910192e-01   0.0000
 -4.25789356e-02   0.0000
  4.71952766e-01   0.0000
 -1.59209445e-01   0.0000
  1.29321069e-01   0.0000
  1.52474925e-01   0.0000
  1.66456420e-02   0.0000
 -6.86668009e-02   0.0000
  2.27036327e-01   0.0000
  2.02176437e-01   0.0000
  1.49789482e-01   0.0000
  9.07262340e-02   0.0000
  1.89724550e-01   0.0000
  1.75207704e-01   0.0000
 -1.40565429e-02   0.0000
  3.09909821e-01   0.0000
  4.24833409e-02   0.0000
  9.62252542e-02   0.0000
  7.26017356e-02   0.0000
 -1.60243690e-01   0.0000
 -5.17822020e-02   0.0000
  1.32040873e-01   0.0000
 -1.27919644e-01   0.0000
 -7.65239149e-02   0.0000
 -2.12829728e-02   0.0000
  2.73050778e-02   0.0000
 -2.64348477e-01   0.0000
 -1.06334955e-04   0.0000
  9.43626314e-02   0.0000
  2.05627114e-01   0.0000
  1.80469528e-01   0.0000
 -1.34965837e-01   0.0000
  1.64182782e-01   0.0000
  7.43410662e-02   0.0000
 -3.11058741e-02   0.0000
 -2.05189005e-01   0.0000
 -7.67123550e-02   0.0000
 -1.74251345e-05   0.0000
  1.58080161e-02   0.0000
 -2.50118095e-02   0.0000
 -3.30184847e-02   0.0000
  7.32950345e-02   0.0000
 -2.07137927e-01   0.0000
 -1.11122295e-01   0.0000
 -9.03832354e-03   0.0000
 -1.62545308e-01   0.0000
  1.03245422e-01   0.0000
 -9.80469137e-02   0.0000
  1.69638678e-01   0.0000
  1.23217098e-01   0.0000
 -1.32133961e-01   0.0000
 -1.73553094e-01   0.0000
  2.71059619e-03   0.0000
  4.50411171e-04   0.0000
 -1.51655376e-01   0.0000
 -1.23672746e-01   0.0000
  5.13591319e-02   0.0000
 -1.23118952e-01   0.0000
  3.33568593e-03   0.0000
 -1.09837495e-01   0.0000
  9.47427675e-02   0.0000
 -1.89472005e-01   0.0000
  6.51133293e-03   0.0000
 -1.14329562e-01   0.0000
  1.37686357e-01   0.0000
  1.77005872e-01   0.0000
  1.91711918e-01   0.0000
 -1.50625914e-01   0.0000
 -9.11278576e-02   0.0000
  2.93529425e-02   0.0000
  7.70322010e-02   0.0000
  4.51469868e-02   0.0000
  6.03581034e-03   0.0000
  1.13333546e-01   0.0000
 -1.10643603e-04   0.0000
 -6.45395042e-03   0.0000
  2.81914115e-01   0.0000
  6.84437901e-02   0.0000
  9.45629850e-02   0.0000
 -2.28651166e-01   0.0000
 -9.48279276e-02   0.0000
 -4.56074923e-02   0.0000
 -1.12772323e-01   0.0000
 -2.42333673e-02   0.0000
  2.73224283e-02   0.0000
 -4.73741116e-03   0.0000
  8.46191868e-02   0.0000
 -1.14759319e-01   0.0000
 -1.26634941e-01   0.0000
 -1.23999314e-02   0.0000
  7.64215365e-02   0.0000
  5.72560355e-02   0.0000
  8.41972157e-02   0.0000
  6.45786822e-02   0.0000
  2.03028038e-01   0.0000
  1.91423327e-01   0.0000
  1.91634908e-01   0.0000
 -2.11049438e-01   0.0000
 -2.26559117e-01   0.0000
  1.47401929e-01   0.0000
 -3.65018286e-02   0.0000
  2.04531495e-02   0.0000
 -3.69339064e-02   0.0000
 -8.14549327e-02   0.0000
  6.21597409e-01   0.0000
 -5.10171335e-03   0.0000
 -1.58823550e-01   0.0000
 -9.14645195e-02   0.0000
 -2.47041881e-01   0.0000
  2.41263281e-03   0.0000
 -4.87674586e-02   0.0000
  2.74132304e-02   0.0000
  1.17069576e-03   0.0000
 -4.00150311e-04   0.0000
  2.28597000e-02   0.0000
 -3.31879109e-02   0.0000
 -1.87992573e-01   0.0000
  1.83657885e-01   0.0000
 -3.89535189e-01   0.0000
  2.48816907e-02   0.0000
 -4.45148312e-02   0.0000
 -3.37784663e-02   0.0000
 -1.31146863e-01   0.0000
  8.87201604e-05   0.0000
 -5.28904435e-04   0.0000
  3.69403750e-01   0.0000
  6.59333766e-02   0.0000
 -8.25825799e-03   0.0000
 -1.51967466e-01   0.0000
 -9.22331586e-02   0.0000
  4.00921226e-01   0.0000
  9.58235338e-02   0.0000
 -1.69052649e-03   0.0000
  2.26740658e-01   0.0000
 -1.56797856e-01   0.0000
 -1.21764478e-03   0.0000
  3.56272943e-02   0.0000
  8.99406709e-03   0.0000
  1.37209535e-01   0.0000
 -2.09810302e-01   0.0000
  2.02472992e-02   0.0000
 -2.80429330e-03   0.0000
  1.07755050e-01   0.0000
  1.35067955e-01   0.0000
 -1.34331197e-01   0.0000
  1.23334257e-02   0.0000
  2.55165668e-03   0.0000
  7.45213684e-03   0.0000
 -2.41885439e-01   0.0000
  1.12822860e-01   0.0000
 -1.67069599e-01   0.0000
  1.60490230e-01   0.0000
  6.14683852e-02   0.0000
  1.48798183e-01   0.0000
 -8.83386359e-02   0.0000
 -2.00214554e-02   0.0000
 -1.01930909e-01   0.0000
  1.82010919e-01   0.0000
  2.70802915e-01   0.0000
 -3.89930210e-04   0.0000
  1.36563152e-01   0.0000
 -1.70387095e-03   0.0000
  6.34543970e-02   0.0000
  8.05084258e-02   0.0000
 -1.64719820e-02   0.0000
  1.58098564e-01   0.0000
  3.44549585e-03   0.0000
 -3.08763757e-02   0.0000
  2.52160102e-01   0.0000
 -1.26422867e-01   0.0000
  1.75844729e-01   0.0000
 -6.98652044e-02   0.0000
 -1.32968381e-01   0.0000
 -1.59791246e-01   0.0000
  2.28590164e-02   0.0000
  9.60912928e-02   0.0000
 -1.13861896e-01   0.0000
  1.02814145e-01   0.0000
 -1.77806631e-01   0.0000
  1.26822025e-01   0.0000
  5.78293875e-02   0.0000
  8.42469707e-02   0.0000
 -5.37327111e-01   0.0000
 -4.68005389e-02   0.0000
  1.50855020e-01   0.0000
  7.94759914e-02   0.0000
  9.37200725e-01   0.0000
  8.74217376e-02   0.0000
  1.45854071e-01   0.0000
 -2.51725137e-01   0.0000
 -3.22759151e-02   0.0000
 -1.57454312e-01   0.0000
  9.15347934e-02   0.0000
  1.22910492e-01   0.0000
 -3.01358908e-01   0.0000
  1.34046912e-01   0.0000
 -2.30347157e-01   0.0000
  1.62239987e-02   0.0000
  5.73916100e-02   0.0000
 -5.13778403e-02   0.0000
 -6.30966663e-01   0.0000
  7.32075870e-02   0.0000
 -3.01730790e-04   0.0000
 -1.17320992e-01   0.0000
 -1.61460087e-01   0.0000
 -1.92231923e-01   0.0000
 -4.67894822e-02   0.0000
 -2.65246093e-01   0.0000
  7.36109763e-02   0.0000
  2.43074372e-02   0.0000
 -1.91308856e-01   0.0000
 -5.30231334e-02   0.0000
  1.86627388e-01   0.0000
 -7.77657554e-02   0.0000
  4.99866307e-01   0.0000
 -1.92035273e-01   0.0000
  9.99026522e-02   0.0000
  9.28277299e-02   0.0000
  4.38000500e-01   0.0000
 -2.92801356e-04   0.0000
 -1.27244204e-01   0.0000
  4.70658392e-03   0.0000
 -1.82135105e-01   0.0000
 -5.73607609e-02   0.0000
 -1.20680079e-01   0.0000
 -1.26931351e-03   0.0000
  1.35636136e-01   0.0000
 -1.05310157e-01   0.0000
  1.98991582e-01   0.0000
 -2.59985495e-02   0.0000
 -1.03827722e-01   0.0000
  1.29918396e-01   0.0000
  7.79411793e-01   0.0000
  7.64881745e-02   0.0000
 -9.20197964e-02   0.0000
  1.56363487e-01   0.0000
 -1.88990291e-02   0.0000
  1.23982780e-01   0.0000
  3.56713496e-02   0.0000
 -3.39193939e-04   0.0000
 -1.52162164e-01   0.0000
  1.65317073e-01   0.0000
  1.19392261e-01   0.0000
  1.30563334e-01   0.0000
 -1.47537842e-01   0.0000
  3.79825127e-03   0.0000
  2.56291717e-01   0.0000
  1.32306203e-01   0.0000
 -9.69407938e-06   0.0000
 -1.24051727e-01   0.0000
  9.32434425e-02   0.0000
 -1.14648148e-01   0.0000
  3.18437140e-03   0.0000
 -4.64716107e-02   0.0000
  6.62428066e-02   0.0000
  1.58891678e-01   0.0000
 -5.20717204e-02   0.0000
  3.84981669e-02   0.0000
 -2.08628625e-02   0.0000
 -1.28716528e-01   0.0000
 -1.07016806e-02   0.0000
 -2.19317675e-01   0.0000
  2.65596688e-01   0.0000
  3.08724850e-01   0.0000
  5.32403469e-01   0.0000
  2.00906470e-01   0.0000
 -1.40847847e-01   0.0000
  2.34023795e-01   0.0000
 -1.26816258e-01   0.0000
 -4.69712950e-02   0.0000
  1.56231940e-01   0.0000
 -5.17508276e-02   0.0000
 -1.89813524e-01   0.0000
  7.75425695e-03   0.0000
  7.86615759e-02   0.0000
  5.62751526e-03   0.0000
 -1.47222489e-01   0.0000
  1.95436776e-01   0.0000
 -5.73331006e-02   0.0000
 -5.03079407e-02   0.0000
  4.67465147e-02   0.0000
 -8.27575549e-02   0.0000
 -2.78415322e-01   0.0000
 -1.95734520e-02   0.0000
  2.63568317e-03   0.0000
  3.78175706e-01   0.0000
  2.70245850e-01   0.0000
 -1.53055962e-03   0.0000
 -1.20064817e-01   0.0000
  1.53584871e-02   0.0000
  1.62376136e-01   0.0000
  9.43495259e-02   0.0000
  1.51092336e-01   0.0000
 -5.93688563e-02   0.0000
 -2.68880010e-01   0.0000
 -2.06239730e-01   0.0000
  5.61239839e-01   0.0000
  1.81673337e-02   0.0000
 -1.11642748e-01   0.0000
 -1.35760345e-02   0.0000
 -1.15814172e-01   0.0000
 -1.53601021e-01   0.0000
 -1.70449987e-01   0.0000
  1.57633364e-01   0.0000
  1.27530694e-01   0.0000
  1.26162559e-01   0.0000
  1.88774154e-01   0.0000
 -9.15041640e-02   0.0000
 -1.63181275e-01   0.0000
  1.77350447e-01   0.0000
 -1.11475661e-01   0.0000
 -1.06170870e-01   0.0000
  1.22376420e-01   0.0000
  1.18137546e-01   0.0000
  7.65238464e-01   0.0000
 -1.51684448e-01   0.0000
  1.94441602e-02   0.0000
 -2.68827736e-01   0.0000
 -3.96228954e-02   0.0000
  4.40204330e-03   0.0000
  7.93700293e-03   0.0000
  4.97672893e-02   0.0000
 -4.72066598e-03   0.0000
  2.17728660e-01   0.0000
  1.07205585e-01   0.0000
  9.27655026e-02   0.0000
 -1.31649271e-01   0.0000
  1.99487343e-01   0.0000
 -8.86140823e-01   0.0000
 -1.16990339e-02   0.0000
  5.86411133e-02   0.0000
  9.42166778e-04   0.0000
  3.09405345e-02   0.0000
 -1.88759472e-02   0.0000
 -3.60787875e-04   0.0000
 -4.60719727e-02   0.0000
 -1.39033511e-01   0.0000
  8.99011716e-02   0.0000
  1.86620727e-01   0.0000
  1.47477806e-01   0.0000
  5.03813587e-02   0.0000
  1.20718949e-01   0.0000
  2.43627787e-01   0.0000
  8.72495696e-02   0.0000
 -2.03571864e-04   0.0000
  5.74830063e-02   0.0000
  3.50775532e-02   0.0000
 -2.95085221e-04   0.0000
 -1.47592649e-01   0.0000
  7.08375592e-03   0.0000
  3.47582363e-02   0.0000
 -1.87842801e-01   0.0000
 -4.28568572e-03   0.0000
  3.08488220e-01   0.0000
  9.48175490e-02   0.0000
 -1.15413256e-01   0.0000
 -7.88521487e-03   0.0000
  1.29683465e-01   0.0000
 -1.50747314e-01   0.0000
  1.01815477e-01   0.0000
 -1.11561954e+00   0.0000
  6.90100789e-02   0.0000
 -4.36000042e-02   0.0000
 -1.96522832e-01   0.0000
  1.88624039e-01   0.0000
 -7.51192644e-02   0.0000
  3.42819793e-03   0.0000
  1.25528321e-01   0.0000
 -2.48121917e-01   0.0000
  1.29466906e-01   0.0000
 -3.97485457e-02   0.0000
  1.38067957e-02   0.0000
  6.89566135e-02   0.0000
  1.69743653e-02   0.0000
 -9.93896276e-02   0.0000
  1.73050269e-01   0.0000
  1.90884024e-02   0.0000
  2.12505490e-01   0.0000
  6.14893138e-01   0.0000
 -1.78497985e-01   0.0000
 -1.02318682e-01   0.0000
  1.97347719e-02   0.0000
  6.14104904e-02   0.0000
 -1.67313606e-01   0.0000
  2.68570334e-03   0.0000
  4.27805558e-02   0.0000
 -5.05442433e-02   0.0000
  1.63875803e-01   0.0000
 -1.71057895e-01   0.0000
 -3.42646539e-02   0.0000
 -4.14120369e-02   0.0000
  1.29029840e-01   0.0000
 -1.06353797e-01   0.0000
  1.25886247e-01   0.0000
  1.85923092e-02   0.0000
  1.67441204e-01   0.0000
  1.05912782e-01   0.0000
  1.98921368e-01   0.0000
  1.47012442e-01   0.0000
 -7.86552355e-02   0.0000
  8.48429576e-02   0.0000
  6.03646785e-02   0.0000
  1.87140420e-01   0.0000
  2.44131945e-02   0.0000
 -1.17560439e-01   0.0000
  1.85182840e-01   0.0000
 -1.41572222e-01   0.0000
  1.01218373e-02   0.0000
  1.20788991e-01   0.0000
  7.31301978e-02   0.0000
  7.54819930e-01   0.0000
 -8.34537819e-02   0.0000
 -7.80683986e-05   0.0000
 -7.92132840e-02   0.0000
  1.30519971e-01   0.0000
  7.61513878e-03   0.0000
 -3.40813049e-03   0.0000
  3.35811615e-01   0.0000
 -2.00259015e-01   0.0000
  1.93744767e-02   0.0000
 -1.22922584e-01   0.0000
 -5.95276011e-03   0.0000
  1.76202193e-01   0.0000
  1.72926292e-01   0.0000
  5.35548031e-01   0.0000
  2.31420286e-02   0.0000
 -1.66254729e-01   0.0000
  2.07402751e-01   0.0000
  2.20793635e-01   0.0000
  6.56853989e-02   0.0000
  1.68322444e-01   0.0000
  7.03281462e-02   0.0000
 -2.21771017e-01   0.0000
  5.48311789e-03   0.0000
  1.67794514e-03   0.0000
  6.85257465e-02   0.0000
  9.25285146e-02   0.0000
 -1.27871092e-02   0.0000
  6.02678359e-01   0.0000
  1.35584304e-03   0.0000
  1.54777363e-01   0.0000
  2.48559639e-01   0.0000
  9.95375454e-01   0.0000
  1.34095863e-01   0.0000
 -5.72513491e-02   0.0000
 -2.51950979e-01   0.0000
 -4.19813357e-02   0.0000
 -7.24956626e-03   0.0000
  1.70700550e-01   0.0000
  1.48349270e-01   0.0000
  1.53208509e-01   0.0000
  2.10482888e-02   0.0000
  1.50942177e-01   0.0000
 -4.16201018e-02   0.0000
  1.81829810e-01   0.0000
  5.71619347e-02   0.0000
  3.83098960e-01   0.0000
  1.60824820e-01   0.0000
  1.18743561e-01   0.0000
  8.62425268e-02   0.0000
  2.96018481e-01   0.0000
 -2.17741683e-01   0.0000
 -1.06228530e-01   0.0000
  1.08725198e-01   0.0000
  1.82286188e-01   0.0000
 -1.88311055e-01   0.0000
 -6.34526238e-02   0.0000
 -1.18920431e-01   0.0000
 -4.02530516e-03   0.0000
 -1.93234220e-01   0.0000
  2.06112519e-01   0.0000
  1.57892600e-01   0.0000
 -1.79635480e-01   0.0000
  7.00572655e-02   0.0000
  5.53279638e-01   0.0000
 -1.77596882e-01   0.0000
  1.40976578e-01   0.0000
 -1.82223558e-01   0.0000
  1.71321817e-02   0.0000
 -7.10144639e-02   0.0000
 -1.40574202e-02   0.0000
  1.79962561e-01   0.0000
  8.13812837e-02   0.0000
 -9.78853405e-02   0.0000
  5.55462167e-02   0.0000
  1.55027937e-02   0.0000
  2.35145226e-01   0.0000
  3.27548161e-02   0.0000
 -4.56827544e-02   0.0000
 -7.27901682e-02   0.0000
  5.32992966e-02   0.0000
  1.48181915e-01   0.0000
 -8.80215466e-02   0.0000
  2.61849600e-05   0.0000
 -2.48151482e-04   0.0000
  1.57274768e-01   0.0000
 -2.14324549e-01   0.0000
  3.17437598e-03   0.0000
  4.37109359e-02   0.0000
  5.20116696e-03   0.0000
  5.91389835e-02   0.0000
  1.60748020e-01   0.0000
  3.03162169e-02   0.0000
  1.06960788e-01   0.0000
  1.60214663e-01   0.0000
  1.38270319e-01   0.0000
  3.74780834e-01   0.0000
  8.06639567e-02   0.0000
 -3.97136882e-02   0.0000
 -7.88418052e-04   0.0000
 -1.69968560e-01   0.0000
 -1.60094991e-01   0.0000
  4.91729863e-02   0.0000
 -3.34625900e-01   0.0000
  1.65748313e-01   0.0000
  1.56508032e-02   0.0000
  1.69128384e-02   0.0000
  1.24314167e-02   0.0000
 -2.27445409e-01   0.0000
 -4.20923233e-02   0.0000
 -8.55075359e-01   0.0000
 -3.99482727e-01   0.0000
 -6.38884902e-02   0.0000
 -1.61511213e-01   0.0000
 -2.61726342e-02   0.0000
 -4.95196134e-02   0.0000
  1.70937791e-01   0.0000
  2.25838833e-02   0.0000
  3.70610021e-02   0.0000
  9.56285372e-02   0.0000
 -1.65440381e-01   0.0000
  1.11134388e-01   0.0000
  4.63697463e-02   0.0000
 -9.38758068e-03   0.0000
  9.16109458e-02   0.0000
 -7.23181386e-03   0.0000
  1.54646352e-01   0.0000
  3.33890389e-03   0.0000
 -7.43888557e-01   0.0000
 -5.04361913e-02   0.0000
 -1.34261668e-01   0.0000
 -4.76351157e-02   0.0000
 -8.24828912e-03   0.0000
 -5.03114834e-02   0.0000
  1.92810386e-01   0.0000
  1.73692964e-02   0.0000
 -1.92696273e-01   0.0000
  2.84657106e-02   0.0000
 -2.50983592e-02   0.0000
 -1.55599818e-01   0.0000
 -9.80336741e-02   0.0000
 -1.52004704e-01   0.0000
 -7.74747789e-01   0.0000
 -5.54083334e-03   0.0000
 -6.67165950e-05   0.0000
 -1.33452952e-01   0.0000
 -1.45764321e-01   0.0000
  1.36625335e-01   0.0000
 -1.29926354e-01   0.0000
 -5.07498085e-02   0.0000
 -7.37755448e-02   0.0000
 -3.48726660e-02   0.0000
 -2.85619628e-02   0.0000
 -2.43120436e-02   0.0000
 -4.69953346e-04   0.0000
  2.69310474e-02   0.0000
  2.35181957e-01   0.0000
 -1.37140751e-02   0.0000
 -1.25533029e-01   0.0000
 -2.03172833e-01   0.0000
 -9.91273555e-04   0.0000
 -1.08135022e-01   0.0000
  4.03878614e-02   0.0000
 -2.36655641e-02   0.0000
 -5.40509522e-02   0.0000
 -9.70208272e-02   0.0000
  8.04266781e-02   0.0000
  1.01191886e-01   0.0000
 -2.07995370e-01   0.0000
 -1.02826990e-01   0.0000
 -1.24868583e-02   0.0000
  3.05635575e-02   0.0000
  1.16364054e-01   0.0000
  1.68780833e-01   0.0000
  8.16921353e-01   0.0000
  2.34268457e-01   0.0000
 -3.27313803e-02   0.0000
 -9.71875191e-02   0.0000
  1.26314878e-01   0.0000
 -1.58214420e-01   0.0000
 -5.53468429e-02   0.0000
  5.39469831e-02   0.0000
  1.40926138e-01   0.0000
  8.94862190e-02   0.0000
  8.95373523e-02   0.0000
  1.72048092e-01   0.0000
  1.12738959e-01   0.0000
  7.89629354e-04   0.0000
 -5.16089797e-01   0.0000
 -9.75075215e-02   0.0000
 -8.19119662e-02   0.0000
 -4.75616567e-02   0.0000
 -4.38244224e-01   0.0000
  4.78850961e-05   0.0000
 -1.11315191e-01   0.0000
  2.02616174e-02   0.0000
 -1.97741508e-01   0.0000
  1.86881140e-01   0.0000
  4.62468006e-02   0.0000
  9.44961235e-02   0.0000
 -3.58866602e-01   0.0000
 -8.57003927e-02   0.0000
  1.06161930e-01   0.0000
 -3.04397233e-02   0.0000
 -1.34104431e-01   0.0000
  6.11891821e-02   0.0000
  1.12223737e-01   0.0000
  1.12916790e-01   0.0000
 -2.95712333e-02   0.0000
  5.81755005e-02   0.0000
  2.66899690e-02   0.0000
 -2.07943141e-01   0.0000
 -1.26152292e-01   0.0000
  3.32761072e-02   0.0000
  8.15178528e-02   0.0000
  1.20290764e-01   0.0000
 -3.81283872e-02   0.0000
 -1.89105213e-01   0.0000
 -4.53068428e-02   0.0000
  3.29375528e-02   0.0000
  1.19740114e-01   0.0000
 -1.37200177e-01   0.0000
  1.07896388e-01   0.0000
 -1.51706070e-01   0.0000
 -9.30405676e-01   0.0000
  3.21254134e-01   0.0000
  1.38330817e-01   0.0000
  4.79692578e-01   0.0000
  3.05609792e-01   0.0000
 -3.29184905e-02   0.0000
  2.08548084e-02   0.0000
  3.95708144e-01   0.0000
  1.31042552e+00   0.0000
 -4.34133038e-02   0.0000
 -1.89706415e-01   0.0000
  3.31757426e-01   0.0000
  2.18027085e-01   0.0000
  7.39813298e-02   0.0000
  1.25566006e-01   0.0000
  1.28889764e-02   0.0000
 -1.46721363e-01   0.0000
 -1.81724772e-01   0.0000
  1.25116790e-02   0.0000
 -2.03735337e-01   0.0000
 -9.67248678e-02   0.0000
  3.03594679e-01   0.0000
 -8.28654543e-02   0.0000
  2.13735737e-02   0.0000
  5.83370216e-03   0.0000
  1.73814580e-01   0.0000
 -1.31265432e-01   0.0000
  7.35410601e-02   0.0000
 -5.86087406e-01   0.0000
 -3.02751809e-02   0.0000
 -2.92931143e-02   0.0000
 -1.47097632e-01   0.0000
 -1.02396178e+00   0.0000
  4.81201448e-02   0.0000
 -8.89663100e-02   0.0000
 -1.34459436e+00   0.0000
 -7.41326392e-01   0.0000
 -2.36965880e-01   0.0000
 -1.26765639e-01   0.0000
  6.81071937e-01   0.0000
 -7.98075855e-01   0.0000
  8.89806896e-02   0.0000
  1.81021076e-02   0.0000
 -3.71556073e-01   0.0000
  4.38661993e-01   0.0000
  1.07508406e-01   0.0000
  1.43561685e+00   0.0000
  2.92576611e-01   0.0000
 -6.45077676e-02   0.0000
  1.86809190e-02   0.0000
  5.24822176e-01   0.0000
  3.42365876e-02   0.0000
 -1.05601568e-02   0.0000
 -8.03453565e-01   0.0000
 -3.44603211e-01   0.0000
 -1.84524134e-01   0.0000
 -2.11910903e-01   0.0000
 -2.13457331e-01   0.0000
 -2.88271248e-01   0.0000
 -2.80992031e-01   0.0000
 -7.98638225e-01   0.0000
 -2.38060310e-01   0.0000
 -3.24095227e-02   0.0000
 -1.35863408e-01   0.0000
  0.00000000e+00   0.0000

