 5 0.000000 10
 1 
 Si 28.085500
 0 0.250001 4.500000 0.978124 1.000000 
 5 0 1 2 4 6
 7 1.50000 1.75000 2.00000 2.25000 2.50000 2.75000 3.00000
 1 12.169200 6.172630 3.114710 0.755675 0.404939 0.036124 0.650018 0.572890
 4 35 32 32 1
 -1.28261060e-01   0.0000
  3.26388896e-01   0.0000
  4.89269458e-02   0.0000
 -1.30731761e-01   0.0000
  1.06463611e-01   0.0000
 -6.69651106e-02   0.0000
 -4.27037358e-01   0.0000
  5.72363436e-01   0.0000
 -1.77095994e-01   0.0000
 -1.73546076e-01   0.0000
  2.07400858e-01   0.0000
  9.10307318e-02   0.0000
  7.29396120e-02   0.0000
  1.73226058e-01   0.0000
 -4.62375015e-01   0.0000
 -2.38734614e-02   0.0000
 -1.80250868e-01   0.0000
 -7.75096342e-02   0.0000
  1.73325408e-02   0.0000
 -3.06592822e-01   0.0000
 -2.26258755e-01   0.0000
 -2.24765405e-01   0.0000
  4.71261293e-01   0.0000
  8.96424428e-02   0.0000
  2.25625247e-01   0.0000
  1.51130825e-01   0.0000
 -4.98353601e-01   0.0000
 -2.19869539e-01   0.0000
  2.64699847e-01   0.0000
  3.02666664e-01   0.0000
 -3.91569167e-01   0.0000
  5.38704954e-02   0.0000
 -6.51722923e-02   0.0000
 -7.30043650e-02   0.0000
  1.00790717e-01   0.0000
 -1.71870083e-01   0.0000
 -1.18929753e-02   0.0000
 -2.80008197e-01   0.0000
 -2.96118587e-01   0.0000
  2.10482776e-01   0.0000
  1.72774624e-02   0.0000
  6.22662641e-02   0.0000
  2.68310487e-01   0.0000
 -7.58683833e-04   0.0000
 -1.64724469e-01   0.0000
 -4.49961312e-02   0.0000
 -1.78906918e-01   0.0000
  1.34665342e-02   0.0000
  8.85431394e-02   0.0000
  7.57323429e-02   0.0000
 -6.85102269e-02   0.0000
 -3.06706250e-01   0.0000
 -4.04676720e-02   0.0000
  6.59040436e-02   0.0000
  5.18549919e-01   0.0000
 -1.84483156e-01   0.0000
  6.58880025e-02   0.0000
  4.11627255e-02   0.0000
  1.01655617e-01   0.0000
 -2.15782244e-02   0.0000
  8.56290758e-02   0.0000
  3.22750837e-01   0.0000
  6.23862557e-02   0.0000
 -7.94461593e-02   0.0000
  1.60008356e-01   0.0000
 -1.40847668e-01   0.0000
  3.42731297e-01   0.0000
 -4.96058345e-01   0.0000
  7.79922009e-02   0.0000
 -1.75529625e-02   0.0000
 -1.47777095e-01   0.0000
  1.09884001e-01   0.0000
 -8.92078504e-02   0.0000
  4.53497708e-01   0.0000
 -2.75981307e-01   0.0000
  3.87831815e-02   0.0000
  5.78895444e-04   0.0000
  1.54791856e-02   0.0000
 -4.31613475e-01   0.0000
  4.72847939e-01   0.0000
  1.80001482e-01   0.0000
  4.10542190e-01   0.0000
 -5.33393562e-01   0.0000
 -2.90545046e-01   0.0000
 -1.12936974e-01   0.0000
  2.90410489e-01   0.0000
  5.08054532e-03   0.0000
 -6.41083241e-01   0.0000
  5.91218192e-03   0.0000
  1.91751957e-01   0.0000
 -2.47007817e-01   0.0000
 -8.21838155e-02   0.0000
 -9.56978574e-02   0.0000
  6.03371680e-01   0.0000
 -5.94446845e-02   0.0000
  6.84296712e-02   0.0000
 -3.35366391e-02   0.0000
  6.21552393e-02   0.0000
  4.88336116e-01   0.0000
 -3.72240096e-01   0.0000
  2.06150666e-01   0.0000
 -4.34805095e-01   0.0000
 -3.07903409e-01   0.0000
  5.54578938e-02   0.0000
 -2.76350826e-01   0.0000
  6.93212688e-01   0.0000
 -2.57306933e-01   0.0000
  2.31202483e-01   0.0000
  5.72425544e-01   0.0000
  1.90117601e-02   0.0000
 -2.22329855e-01   0.0000
 -1.32387122e-02   0.0000
  3.59249383e-01   0.0000
  1.80143967e-01   0.0000
 -4.83822823e-01   0.0000
 -7.51635525e-03   0.0000
  2.78858215e-01   0.0000
  4.21801567e-01   0.0000
  1.18698843e-01   0.0000
 -2.55842358e-01   0.0000
  8.20348561e-02   0.0000
  4.93345857e-01   0.0000
 -4.51484621e-01   0.0000
  1.33100510e-01   0.0000
 -5.12381017e-01   0.0000
  5.43932736e-01   0.0000
 -1.69340409e-02   0.0000
 -2.05423370e-01   0.0000
  1.24707647e-01   0.0000
  3.85759808e-02   0.0000
  3.00803959e-01   0.0000
  4.74171266e-02   0.0000
  2.04725131e-01   0.0000
 -2.16653436e-01   0.0000
 -3.21937352e-01   0.0000
 -1.50353655e-01   0.0000
 -2.16888383e-01   0.0000
  7.13967144e-01   0.0000
 -2.83284009e-01   0.0000
  2.15267494e-01   0.0000
  6.81968808e-01   0.0000
 -1.05384327e-01   0.0000
 -3.62534493e-01   0.0000
 -1.25355902e-04   0.0000
  4.59113240e-01   0.0000
  2.10586146e-01   0.0000
 -8.71763289e-01   0.0000
  1.34981321e-02   0.0000
  3.85669708e-01   0.0000
  9.04477574e-03   0.0000
  1.06525019e-01   0.0000
  1.08638242e-01   0.0000
  3.94310392e-02   0.0000
  4.66115505e-01   0.0000
 -7.66457990e-04   0.0000
  2.29357317e-01   0.0000
 -4.30963218e-01   0.0000
  3.48235458e-01   0.0000
 -7.45335370e-02   0.0000
 -1.27236024e-01   0.0000
 -8.36780295e-03   0.0000
  4.12628263e-01   0.0000
  7.51867890e-02   0.0000
  1.01294920e-01   0.0000
  2.89290220e-01   0.0000
 -1.25140294e-01   0.0000
 -1.43375233e-01   0.0000
 -3.41046661e-01   0.0000
 -1.54627278e-01   0.0000
  5.89173436e-01   0.0000
 -3.91780794e-01   0.0000
  3.88594627e-01   0.0000
  1.21182692e+00   0.0000
 -1.56391546e-01   0.0000
 -2.97471941e-01   0.0000
 -3.56340677e-01   0.0000
  4.78860557e-01   0.0000
 -3.52207460e-02   0.0000
 -7.22318590e-01   0.0000
  3.64026576e-01   0.0000
  4.25585628e-01   0.0000
 -1.71243206e-01   0.0000
 -9.23584476e-02   0.0000
  1.65462956e-01   0.0000
  1.39071047e-01   0.0000
  8.71199906e-01   0.0000
  2.19129734e-02   0.0000
  2.77894825e-01   0.0000
 -6.91813648e-01   0.0000
  1.35991260e-01   0.0000
  2.10939094e-01   0.0000
 -3.61729771e-01   0.0000
  1.24644421e-01   0.0000
  4.24439788e-01   0.0000
  3.95066803e-03   0.0000
  2.38714412e-01   0.0000
  2.07068056e-01   0.0000
 -3.95837545e-01   0.0000
  8.47394541e-02   0.0000
 -3.26673925e-01   0.0000
 -1.73977315e-01   0.0000
  6.23088539e-01   0.0000
 -7.50602186e-02   0.0000
  7.26799905e-01   0.0000
  1.44188440e+00   0.0000
 -3.93901989e-02   0.0000
  4.59957980e-02   0.0000
 -3.00672561e-01   0.0000
  4.83189404e-01   0.0000
  2.28575453e-01   0.0000
 -8.27320516e-01   0.0000
  4.48517054e-01   0.0000
  8.06620240e-01   0.0000
 -5.47633588e-01   0.0000
  6.83571026e-02   0.0000
  3.81192058e-01   0.0000
  2.09792823e-01   0.0000
  8.57552469e-01   0.0000
  3.84803414e-01   0.0000
  3.58391404e-01   0.0000
 -7.83325553e-01   0.0000
  1.13887154e-02   0.0000
  2.56468445e-01   0.0000
 -8.63634720e-02   0.0000
  2.51807328e-02   0.0000
  2.00165004e-01   0.0000
 -1.01552919e-01   0.0000
 -2.33547971e-01   0.0000
  1.67403266e-01   0.0000
 -1.75434514e-03   0.0000
  1.25869006e-01   0.0000
  1.81721047e-01   0.0000
 -1.02368332e-02   0.0000
  1.22436555e-02   0.0000
  5.31328246e-02   0.0000
 -3.71111445e-02   0.0000
 -1.50844797e-01   0.0000
 -6.54805154e-02   0.0000
  8.46560076e-02   0.0000
 -7.13218078e-02   0.0000
  4.69572842e-02   0.0000
 -8.52030143e-02   0.0000
 -3.25243175e-03   0.0000
 -2.57381678e-01   0.0000
 -1.93330124e-02   0.0000
 -2.90428162e-01   0.0000
  6.71717599e-02   0.0000
  2.89010495e-01   0.0000
  1.71583146e-01   0.0000
 -2.19307721e-01   0.0000
  3.14511172e-02   0.0000
  9.23828632e-02   0.0000
  1.53696805e-01   0.0000
 -1.42759964e-01   0.0000
 -1.41975790e-01   0.0000
 -7.33729005e-02   0.0000
 -2.13297769e-01   0.0000
 -9.49556977e-02   0.0000
  1.37661640e-02   0.0000
 -2.51183957e-01   0.0000
 -1.40364185e-01   0.0000
 -5.41503541e-02   0.0000
 -1.07731700e-01   0.0000
  1.70434386e-01   0.0000
  3.13041247e-02   0.0000
  1.09291822e-01   0.0000
 -1.57880932e-01   0.0000
  1.66178532e-02   0.0000
 -1.22657515e-01   0.0000
  4.04634885e-02   0.0000
 -8.53226259e-02   0.0000
  1.32560924e-01   0.0000
 -5.79669178e-02   0.0000
 -1.86222896e-01   0.0000
 -1.90762326e-01   0.0000
 -7.66565725e-02   0.0000
 -1.69078335e-01   0.0000
 -1.08831106e-02   0.0000
  2.14412987e-01   0.0000
  1.95250556e-01   0.0000
 -1.15505025e-01   0.0000
 -1.77036390e-01   0.0000
  1.03536202e-02   0.0000
 -3.59592289e-02   0.0000
 -4.06684168e-02   0.0000
 -1.45615369e-01   0.0000
 -2.65243113e-01   0.0000
  1.77250087e-01   0.0000
 -8.08854327e-02   0.0000
 -1.08620502e-01   0.0000
 -8.85810517e-03   0.0000
 -4.22567040e-01   0.0000
 -1.70210376e-01   0.0000
 -8.52298215e-02   0.0000
 -1.20571412e-01   0.0000
  2.66500324e-01   0.0000
  4.32557650e-02   0.0000
 -1.12324161e-03   0.0000
 -6.42017499e-02   0.0000
  1.16385698e-01   0.0000
 -1.01922520e-01   0.0000
  2.29457561e-02   0.0000
 -5.81586175e-02   0.0000
  4.15411651e-01   0.0000
 -2.95937173e-02   0.0000
  1.70425847e-02   0.0000
 -3.82648222e-02   0.0000
 -2.64979213e-01   0.0000
 -2.57982966e-02   0.0000
  1.34266481e-01   0.0000
 -1.01514444e-01   0.0000
  3.18991780e-01   0.0000
 -1.54596239e-01   0.0000
 -1.23873770e-01   0.0000
 -1.13245100e-01   0.0000
 -4.71870266e-02   0.0000
  1.02437608e-01   0.0000
  4.26883198e-04   0.0000
 -3.63033682e-01   0.0000
 -5.49688600e-02   0.0000
 -2.90852860e-02   0.0000
 -1.21433973e-01   0.0000
  4.17493790e-01   0.0000
  3.35062249e-03   0.0000
  7.07526729e-02   0.0000
 -2.46963307e-01   0.0000
 -3.42080683e-01   0.0000
  6.07069731e-01   0.0000
 -1.90189734e-01   0.0000
  1.00075096e-01   0.0000
 -4.99007031e-02   0.0000
  1.00525118e-01   0.0000
 -1.53723676e-02   0.0000
  1.66923046e-01   0.0000
 -2.75810242e-01   0.0000
  3.47893029e-01   0.0000
 -1.55299291e-01   0.0000
 -7.14245439e-02   0.0000
  5.65875918e-02   0.0000
 -1.34505346e-01   0.0000
 -8.78813043e-02   0.0000
  1.86546206e-01   0.0000
  2.34281290e-02   0.0000
  2.86977261e-01   0.0000
 -1.71608210e-01   0.0000
 -3.18399161e-01   0.0000
 -5.17728925e-01   0.0000
 -1.13277003e-01   0.0000
  9.89824161e-02   0.0000
  1.21866703e-01   0.0000
 -1.91962659e-01   0.0000
  3.76798920e-02   0.0000
 -8.32006931e-02   0.0000
 -6.29547471e-03   0.0000
  3.21468145e-01   0.0000
  1.75269201e-01   0.0000
 -3.77358124e-02   0.0000
 -2.28840616e-02   0.0000
 -4.47313339e-01   0.0000
  4.41137016e-01   0.0000
  3.38231437e-02   0.0000
 -1.60973564e-01   0.0000
 -1.62068948e-01   0.0000
 -4.04289030e-02   0.0000
  2.61466146e-01   0.0000
  1.95401207e-01   0.0000
 -1.35772437e-01   0.0000
  5.87755799e-01   0.0000
 -1.57434285e-01   0.0000
  2.04351872e-01   0.0000
 -1.24314137e-01   0.0000
 -2.10172936e-01   0.0000
  1.24621078e-01   0.0000
  2.31999680e-01   0.0000
 -1.76434025e-01   0.0000
  2.80321866e-01   0.0000
 -4.26815031e-03   0.0000
 -8.87946114e-02   0.0000
 -5.99133492e-01   0.0000
  3.70656177e-02   0.0000
 -2.16391068e-02   0.0000
  2.65133381e-01   0.0000
 -5.73326722e-02   0.0000
 -1.95043012e-02   0.0000
 -8.38805363e-02   0.0000
  4.06041235e-01   0.0000
  2.26240814e-01   0.0000
  4.93935108e-01   0.0000
 -1.06713250e-01   0.0000
 -1.05639167e-01   0.0000
 -5.78555584e-01   0.0000
  4.22892749e-01   0.0000
  1.09733731e-01   0.0000
 -2.84971327e-01   0.0000
 -1.68571353e-01   0.0000
  2.95448545e-02   0.0000
  6.39682412e-01   0.0000
 -1.04590114e-02   0.0000
 -9.71122533e-02   0.0000
  3.21944118e-01   0.0000
  5.42816408e-02   0.0000
 -1.07245229e-01   0.0000
  1.05529957e-01   0.0000
 -1.18047051e-01   0.0000
  9.70669985e-02   0.0000
  2.65000254e-01   0.0000
  4.79202271e-02   0.0000
  1.65736511e-01   0.0000
 -1.39835224e-01   0.0000
 -2.39234626e-01   0.0000
 -7.12181568e-01   0.0000
  1.17585234e-01   0.0000
  1.43178731e-01   0.0000
  9.62122083e-02   0.0000
  9.11152139e-02   0.0000
  1.15631163e-01   0.0000
  6.80340454e-02   0.0000
  6.30059242e-01   0.0000
  2.60403693e-01   0.0000
  9.21028972e-01   0.0000
 -1.55822724e-01   0.0000
  1.08814657e-01   0.0000
 -4.86921221e-01   0.0000
  3.95326942e-01   0.0000
 -1.66782111e-01   0.0000
 -6.91860378e-01   0.0000
 -3.97134215e-01   0.0000
 -2.37008750e-01   0.0000
  8.06140244e-01   0.0000
  1.02090903e-01   0.0000
  2.73022056e-01   0.0000
  8.39969963e-02   0.0000
  9.48239565e-02   0.0000
 -2.85004407e-01   0.0000
  2.83641696e-01   0.0000
  1.74635649e-01   0.0000
 -1.53571859e-01   0.0000
  1.39490753e-01   0.0000
  3.04179877e-01   0.0000
  2.13988885e-01   0.0000
  1.81495752e-02   0.0000
 -2.41565943e-01   0.0000
 -5.02893209e-01   0.0000
  4.20832753e-01   0.0000
  4.73581016e-01   0.0000
  3.21304984e-02   0.0000
  8.24133009e-02   0.0000
 -1.41842023e-01   0.0000
  1.01442873e-01   0.0000
 -5.68983145e-02   0.0000
 -5.86312637e-02   0.0000
  1.34458199e-01   0.0000
  1.61606252e-01   0.0000
 -7.02834725e-02   0.0000
 -8.01578164e-02   0.0000
  1.92831829e-01   0.0000
 -2.89362706e-02   0.0000
 -2.14852646e-01   0.0000
 -1.63519867e-02   0.0000
 -1.65002152e-01   0.0000
  9.00204927e-02   0.0000
 -5.76180071e-02   0.0000
  6.16005696e-02   0.0000
  1.17402293e-01   0.0000
 -1.54976711e-01   0.0000
 -2.06826925e-01   0.0000
  2.29233682e-01   0.0000
  1.52287945e-01   0.0000
  1.30827442e-01   0.0000
  7.33995512e-02   0.0000
  1.24603063e-01   0.0000
 -2.01636255e-02   0.0000
 -8.57732520e-02   0.0000
  1.53581157e-01   0.0000
  7.35316426e-02   0.0000
  2.06421278e-02   0.0000
 -4.96698916e-03   0.0000
  1.33038893e-01   0.0000
 -1.63606346e-01   0.0000
 -1.58341616e-01   0.0000
  1.08257025e-01   0.0000
 -1.38383731e-01   0.0000
  1.66022465e-01   0.0000
  3.47522050e-01   0.0000
  9.55318138e-02   0.0000
 -7.73576349e-02   0.0000
 -2.03105584e-01   0.0000
  2.24547803e-01   0.0000
  1.44996390e-01   0.0000
 -2.43392959e-01   0.0000
  1.04983188e-01   0.0000
 -2.09174380e-01   0.0000
 -1.64496318e-01   0.0000
 -7.18542561e-02   0.0000
 -4.79353070e-02   0.0000
 -7.55773410e-02   0.0000
  1.25868961e-01   0.0000
 -1.64072514e-01   0.0000
  7.44055733e-02   0.0000
  1.10214122e-01   0.0000
 -2.43648998e-02   0.0000
  2.08351240e-01   0.0000
  8.52360055e-02   0.0000
 -7.06107076e-03   0.0000
 -1.08230032e-01   0.0000
  8.22394714e-02   0.0000
  7.46544972e-02   0.0000
  2.25954950e-01   0.0000
  6.10557124e-02   0.0000
 -3.69431749e-02   0.0000
 -7.21658692e-02   0.0000
 -4.60994355e-02   0.0000
  2.58119345e-01   0.0000
  8.89388621e-02   0.0000
  1.30942166e-01   0.0000
  3.72837991e-01   0.0000
 -1.06584325e-01   0.0000
  1.67288840e-01   0.0000
 -4.89975512e-02   0.0000
  2.24051625e-01   0.0000
 -7.54694268e-02   0.0000
 -4.83841635e-02   0.0000
  7.84446299e-02   0.0000
  1.31110296e-01   0.0000
 -3.68624240e-01   0.0000
 -1.88754909e-02   0.0000
 -2.23206490e-01   0.0000
  4.73810062e-02   0.0000
  6.04094341e-02   0.0000
 -3.28730911e-01   0.0000
  2.36584380e-01   0.0000
  2.04970449e-01   0.0000
  2.52029002e-01   0.0000
  1.70484670e-02   0.0000
  3.59802961e-01   0.0000
  2.12229326e-01   0.0000
 -2.04490442e-02   0.0000
  8.07597414e-02   0.0000
  1.28296956e-01   0.0000
  6.27319375e-03   0.0000
  1.09438397e-01   0.0000
  1.36255543e-03   0.0000
 -2.66065560e-02   0.0000
  9.75214019e-02   0.0000
  2.62392372e-01   0.0000
  1.06281124e-01   0.0000
 -5.88221997e-02   0.0000
  1.54895067e-01   0.0000
  1.82259858e-01   0.0000
  1.54906064e-01   0.0000
 -4.79626022e-02   0.0000
  2.69247413e-01   0.0000
 -4.56926823e-02   0.0000
 -2.64243275e-01   0.0000
  2.60609239e-01   0.0000
  6.79633394e-02   0.0000
 -2.12972343e-01   0.0000
  1.39366105e-01   0.0000
 -1.37933061e-01   0.0000
 -2.75865179e-02   0.0000
 -4.60763313e-02   0.0000
 -4.69056904e-01   0.0000
  2.70398617e-01   0.0000
  3.01911414e-01   0.0000
  1.81907773e-01   0.0000
  3.10989499e-01   0.0000
  4.72348273e-01   0.0000
  3.35591376e-01   0.0000
 -9.08394456e-02   0.0000
 -1.51526168e-01   0.0000
  6.18240498e-02   0.0000
 -1.84818208e-02   0.0000
 -1.63817946e-02   0.0000
 -1.65518016e-01   0.0000
  3.61485896e-03   0.0000
 -6.11074120e-02   0.0000
  8.26915801e-02   0.0000
 -1.58724532e-01   0.0000
  1.15872845e-01   0.0000
 -1.95931077e-01   0.0000
 -1.06193401e-01   0.0000
 -2.61571318e-01   0.0000
 -2.22784624e-01   0.0000
  3.16443294e-01   0.0000
 -9.12315398e-02   0.0000
 -3.42158452e-02   0.0000
  4.91757952e-02   0.0000
 -1.49082616e-01   0.0000
 -1.67218044e-01   0.0000
 -5.55898584e-02   0.0000
  6.88850358e-02   0.0000
  3.65320206e-01   0.0000
  5.57036288e-02   0.0000
 -3.95959973e-01   0.0000
  3.20977598e-01   0.0000
 -4.94347364e-02   0.0000
 -9.35468003e-02   0.0000
  2.96023935e-01   0.0000
  2.71696895e-01   0.0000
  2.79040992e-01   0.0000
 -1.39241412e-01   0.0000
 -1.60522550e-01   0.0000
  7.37799257e-02   0.0000
  2.20931366e-01   0.0000
 -1.23883113e-01   0.0000
  9.98690128e-02   0.0000
  2.31582969e-01   0.0000
 -2.62462825e-01   0.0000
  1.08818384e-02   0.0000
 -1.72150835e-01   0.0000
  5.05314581e-03   0.0000
 -3.57018888e-01   0.0000
  1.89853847e-01   0.0000
 -3.25011551e-01   0.0000
 -8.70118886e-02   0.0000
  4.85827029e-01   0.0000
 -2.03592688e-01   0.0000
  2.12326064e-03   0.0000
 -7.38845989e-02   0.0000
  2.20976546e-02   0.0000
 -2.20967680e-01   0.0000
  6.78672921e-03   0.0000
 -4.75883484e-02   0.0000
  3.77841264e-01   0.0000
  2.16884334e-02   0.0000
 -6.81278333e-02   0.0000
  5.38277984e-01   0.0000
 -9.08792391e-02   0.0000
  2.28759393e-01   0.0000
 -1.15400888e-01   0.0000
  2.60311067e-01   0.0000
  2.78418988e-01   0.0000
  1.91175744e-01   0.0000
 -2.45736644e-01   0.0000
  4.04630870e-01   0.0000
  6.73044622e-02   0.0000
 -2.03598216e-01   0.0000
  2.64157981e-01   0.0000
  1.57111987e-01   0.0000
 -1.68602839e-01   0.0000
  8.47514495e-02   0.0000
 -2.28149801e-01   0.0000
  9.77316946e-02   0.0000
 -3.43826532e-01   0.0000
  3.20272297e-01   0.0000
 -1.21858872e-01   0.0000
 -2.86114722e-01   0.0000
  4.37884539e-01   0.0000
  5.19839721e-03   0.0000
  1.53522238e-01   0.0000
  5.95371844e-03   0.0000
  3.54873836e-02   0.0000
  1.38666183e-02   0.0000
  6.21880144e-02   0.0000
 -4.96559292e-02   0.0000
  5.98065197e-01   0.0000
 -1.12418987e-01   0.0000
 -4.57464941e-02   0.0000
  4.57772851e-01   0.0000
 -1.18681639e-01   0.0000
 -3.14105414e-02   0.0000
  1.43142611e-01   0.0000
  2.74501383e-01   0.0000
  2.73959041e-01   0.0000
  4.23126854e-02   0.0000
 -1.72922239e-01   0.0000
  4.63519871e-01   0.0000
  6.24397881e-02   0.0000
 -2.51910221e-02   0.0000
  2.33619690e-01   0.0000
  4.15122062e-01   0.0000
 -1.49528272e-02   0.0000
 -2.39021868e-01   0.0000
 -1.91640295e-02   0.0000
  1.22535482e-01   0.0000
 -5.42146079e-02   0.0000
  1.13350406e-01   0.0000
 -1.23368770e-01   0.0000
 -1.66269705e-01   0.0000
  1.11184970e-01   0.0000
  9.88057107e-02   0.0000
 -1.29921868e-01   0.0000
  2.23433482e-03   0.0000
 -1.65013343e-01   0.0000
  1.27950668e-01   0.0000
  2.13760018e-01   0.0000
 -2.03111187e-01   0.0000
 -8.83895606e-02   0.0000
  1.44310966e-01   0.0000
 -1.41563088e-01   0.0000
 -1.20401971e-01   0.0000
 -2.36154422e-01   0.0000
  2.00243413e-01   0.0000
  1.60401940e-01   0.0000
  1.16947658e-01   0.0000
  1.38665631e-01   0.0000
  8.32548272e-03   0.0000
 -9.46724564e-02   0.0000
  4.12040353e-02   0.0000
  1.95154607e-01   0.0000
 -1.20646335e-01   0.0000
  2.31370524e-01   0.0000
 -3.40313226e-01   0.0000
  1.22450955e-01   0.0000
 -4.36607860e-02   0.0000
 -3.24411355e-02   0.0000
 -5.28175384e-02   0.0000
 -3.72633189e-02   0.0000
  1.08312763e-01   0.0000
  6.66311458e-02   0.0000
 -9.49751660e-02   0.0000
  8.13541338e-02   0.0000
 -1.91285372e-01   0.0000
 -1.39344901e-01   0.0000
 -1.37103483e-01   0.0000
 -2.23404332e-03   0.0000
 -1.28273636e-01   0.0000
  9.25820693e-02   0.0000
  1.00151055e-01   0.0000
  1.71115309e-01   0.0000
 -9.74571258e-02   0.0000
  9.46411192e-02   0.0000
  2.04378292e-01   0.0000
 -1.97326690e-01   0.0000
 -1.18993543e-01   0.0000
  6.67503357e-01   0.0000
 -2.40852952e-01   0.0000
  4.03345227e-01   0.0000
 -1.07687779e-01   0.0000
  2.22709730e-01   0.0000
  2.00444050e-02   0.0000
 -2.11830679e-02   0.0000
  2.21686680e-02   0.0000
  1.22457437e-01   0.0000
  1.51488438e-01   0.0000
 -7.50217363e-02   0.0000
 -1.79761965e-02   0.0000
 -4.64044958e-02   0.0000
 -6.60381615e-02   0.0000
 -1.20465882e-01   0.0000
  3.03442739e-02   0.0000
  1.12932824e-01   0.0000
 -2.70941317e-01   0.0000
  4.10544053e-02   0.0000
 -1.60037905e-01   0.0000
 -2.85748951e-02   0.0000
 -2.89759129e-01   0.0000
  2.52649467e-02   0.0000
  3.18783857e-02   0.0000
  2.64413729e-02   0.0000
 -3.82134169e-02   0.0000
  1.40411973e-01   0.0000
 -1.57742051e-03   0.0000
 -2.36541897e-01   0.0000
  6.73641264e-02   0.0000
  9.14021879e-02   0.0000
  7.25330934e-02   0.0000
  6.03990793e-01   0.0000
 -3.66571456e-01   0.0000
  6.31435156e-01   0.0000
 -3.24427783e-02   0.0000
  9.91900638e-02   0.0000
 -1.42076716e-01   0.0000
 -1.45493284e-01   0.0000
  2.44785920e-01   0.0000
  3.23309362e-01   0.0000
 -3.66555192e-02   0.0000
  1.38617745e-02   0.0000
  1.18309921e-02   0.0000
  2.02881068e-01   0.0000
  2.04639599e-01   0.0000
  2.19249591e-01   0.0000
  1.07437976e-01   0.0000
 -2.09486946e-01   0.0000
 -5.40258624e-02   0.0000
 -2.01924443e-01   0.0000
 -2.04492927e-01   0.0000
 -2.12207407e-01   0.0000
 -2.97473818e-01   0.0000
  2.11868241e-01   0.0000
 -2.04171717e-01   0.0000
 -2.34377547e-03   0.0000
  5.60698695e-02   0.0000
 -8.99294391e-02   0.0000
 -4.11543176e-02   0.0000
  5.72292767e-02   0.0000
 -5.60491011e-02   0.0000
  1.33420482e-01   0.0000
  1.46766230e-02   0.0000
  7.73714960e-01   0.0000
 -4.16164190e-01   0.0000
  4.58800584e-01   0.0000
 -1.00680865e-01   0.0000
  2.80776739e-01   0.0000
 -5.95602468e-02   0.0000
  1.33733302e-01   0.0000
  1.36883274e-01   0.0000
  1.95499375e-01   0.0000
 -7.10090250e-02   0.0000
 -5.18090688e-02   0.0000
  6.77107349e-02   0.0000
  1.13283373e-01   0.0000
 -9.57357436e-02   0.0000
 -1.08462326e-01   0.0000
  3.04895639e-01   0.0000
  1.15756020e-02   0.0000
  9.32274088e-02   0.0000
 -3.69068176e-01   0.0000
 -5.02171442e-02   0.0000
 -3.51956129e-01   0.0000
 -4.43968803e-01   0.0000
 -5.23288064e-02   0.0000
  1.13534577e-01   0.0000
 -1.22554302e-01   0.0000
 -6.85863271e-02   0.0000
 -2.22323060e-01   0.0000
 -4.71102744e-02   0.0000
 -3.64062674e-02   0.0000
 -1.37546644e-01   0.0000
  2.23612845e-01   0.0000
  3.15706059e-02   0.0000
  8.86238873e-01   0.0000
 -1.95872262e-01   0.0000
  3.15645158e-01   0.0000
  1.01663388e-01   0.0000
  1.40984446e-01   0.0000
  2.53952205e-01   0.0000
 -1.14541776e-01   0.0000
  3.14036369e-01   0.0000
  3.87453079e-01   0.0000
 -9.31801051e-02   0.0000
  1.28362477e-01   0.0000
  2.12084323e-01   0.0000
  9.71754175e-03   0.0000
  1.36197239e-01   0.0000
  2.26216644e-01   0.0000
 -6.20714165e-02   0.0000
 -2.06641376e-01   0.0000
  9.41068977e-02   0.0000
 -2.57444471e-01   0.0000
 -6.32333830e-02   0.0000
 -2.83099532e-01   0.0000
 -3.55834305e-01   0.0000
  3.58664691e-01   0.0000
  3.17909420e-01   0.0000
  8.82911161e-02   0.0000
  1.36894688e-01   0.0000
 -2.50625134e-01   0.0000
  1.90568209e-01   0.0000
  2.81232037e-02   0.0000
 -1.77343041e-01   0.0000
  4.60978784e-02   0.0000
  1.22064464e-01   0.0000
  9.63094473e-01   0.0000
  3.81905660e-02   0.0000
  1.89833939e-01   0.0000
  8.82415175e-02   0.0000
  2.14773551e-01   0.0000
  2.38797203e-01   0.0000
  5.08573316e-02   0.0000
  9.05839056e-02   0.0000
  4.87239718e-01   0.0000
 -1.02483064e-01   0.0000
 -1.00714065e-01   0.0000
 -8.67217630e-02   0.0000
 -5.00556231e-01   0.0000
 -2.95102336e-02   0.0000
  1.52745411e-01   0.0000
  1.45701125e-01   0.0000
 -2.02868953e-01   0.0000
 -2.03829240e-02   0.0000
 -5.57411388e-02   0.0000
 -2.78406404e-02   0.0000
 -2.50921607e-01   0.0000
 -2.13124663e-01   0.0000
  2.06707969e-01   0.0000
  1.80915624e-01   0.0000
 -3.10507026e-02   0.0000
  5.11799641e-02   0.0000
  1.49792805e-01   0.0000
  6.36015609e-02   0.0000
 -9.65369940e-02   0.0000
 -3.20782900e-01   0.0000
 -1.01429418e-01   0.0000
 -4.64222580e-02   0.0000
  7.47575521e-01   0.0000
  3.12078029e-01   0.0000
  1.77716792e-01   0.0000
 -1.11281835e-01   0.0000
 -4.18844493e-03   0.0000
  3.05763602e-01   0.0000
 -1.09858915e-01   0.0000
 -1.04994234e-02   0.0000
  4.66641843e-01   0.0000
 -2.82169104e-01   0.0000
 -4.30111103e-02   0.0000
 -1.97670415e-01   0.0000
  6.03151739e-01   0.0000
  2.98463523e-01   0.0000
 -2.99469650e-01   0.0000
  9.58555117e-02   0.0000
  2.91145965e-03   0.0000
 -2.62351751e-01   0.0000
  3.18067253e-01   0.0000
 -1.93224940e-02   0.0000
 -2.57230233e-02   0.0000
 -6.36364639e-01   0.0000
 -1.03744827e-02   0.0000
 -1.51769109e-02   0.0000
 -1.21754870e-01   0.0000
  8.08255523e-02   0.0000
 -6.21661127e-01   0.0000
  1.14893895e-02   0.0000
 -1.04177661e-01   0.0000
  1.11661449e-01   0.0000
 -1.63998410e-01   0.0000
 -2.15677977e-01   0.0000
 -5.68685949e-01   0.0000
  7.26920009e-01   0.0000
  8.24475706e-01   0.0000
  5.38239852e-02   0.0000
  1.50216982e-01   0.0000
  1.32969752e-01   0.0000
  3.45881939e-01   0.0000
  4.59791627e-03   0.0000
 -7.37722963e-02   0.0000
 -7.81150162e-01   0.0000
 -1.96564853e-01   0.0000
  2.21929505e-01   0.0000
 -1.00050449e-01   0.0000
  7.39300996e-02   0.0000
  3.23904753e-02   0.0000
 -1.94923468e-02   0.0000
 -9.69934091e-02   0.0000
 -6.33469447e-02   0.0000
 -2.85871830e-02   0.0000
  1.31134585e-01   0.0000
  1.25717551e-01   0.0000
  3.06971014e-01   0.0000
  5.19913137e-02   0.0000
 -5.94346300e-02   0.0000
 -1.38868675e-01   0.0000
 -9.52457488e-02   0.0000
  7.64775798e-02   0.0000
 -1.10624626e-01   0.0000
  1.54086530e-01   0.0000
  8.51825178e-02   0.0000
  9.49840993e-02   0.0000
 -1.92120761e-01   0.0000
 -2.19001785e-01   0.0000
  6.56179845e-01   0.0000
  1.73994854e-01   0.0000
 -2.58858770e-01   0.0000
  2.33205780e-01   0.0000
 -3.19314785e-02   0.0000
  2.19413772e-01   0.0000
  2.87738025e-01   0.0000
  4.25940193e-02   0.0000
 -8.23763847e-01   0.0000
  9.72417369e-02   0.0000
  8.65873173e-02   0.0000
 -3.54188204e-01   0.0000
 -6.76227808e-02   0.0000
  3.81704807e-01   0.0000
  2.60853283e-02   0.0000
 -3.89123037e-02   0.0000
  1.23689108e-01   0.0000
 -2.98548162e-01   0.0000
  1.20399758e-01   0.0000
  3.19203101e-02   0.0000
  9.95366454e-01   0.0000
  8.07179883e-02   0.0000
 -3.83832812e-01   0.0000
 -1.19390339e-01   0.0000
  1.11310355e-01   0.0000
  6.15613520e-01   0.0000
  9.03638601e-02   0.0000
 -3.82815041e-02   0.0000
  1.54650316e-01   0.0000
 -3.71415280e-02   0.0000
  1.50979310e-02   0.0000
 -1.54561520e-01   0.0000
  3.72804910e-01   0.0000
 -1.50810912e-01   0.0000
  2.91479193e-02   0.0000
  1.02738604e-01   0.0000
 -1.60070211e-01   0.0000
  4.59626736e-03   0.0000
  6.46776706e-02   0.0000
  1.26198798e-01   0.0000
 -3.07794958e-01   0.0000
 -5.44203743e-02   0.0000
  2.67994136e-01   0.0000
 -4.11089838e-01   0.0000
 -2.06483930e-01   0.0000
  4.92123291e-02   0.0000
 -5.52944243e-02   0.0000
 -1.67979091e-01   0.0000
  4.60571498e-02   0.0000
 -4.33522403e-01   0.0000
 -1.32841934e-02   0.0000
 -3.14198077e-01   0.0000
  1.02552009e+00   0.0000
  6.88768178e-02   0.0000
 -2.50138879e-01   0.0000
  8.57873410e-02   0.0000
 -1.65801316e-01   0.0000
  8.32716703e-01   0.0000
  6.34595826e-02   0.0000
  2.62367040e-01   0.0000
  2.35687867e-01   0.0000
  2.54002064e-01   0.0000
  2.33829066e-01   0.0000
  2.40274277e-02   0.0000
  7.03499988e-02   0.0000
 -3.83810997e-01   0.0000
 -1.40895441e-01   0.0000
  4.16575432e-01   0.0000
 -2.95496639e-02   0.0000
 -5.50591834e-02   0.0000
  1.56077258e-02   0.0000
  1.11313462e-01   0.0000
 -3.42876256e-01   0.0000
 -2.86928695e-02   0.0000
  1.93034619e-01   0.0000
 -3.05983424e-01   0.0000
 -2.55801827e-01   0.0000
  2.49596179e-01   0.0000
 -2.57145226e-01   0.0000
 -1.34893239e-01   0.0000
  6.07627928e-02   0.0000
 -6.02724887e-02   0.0000
 -7.32639953e-02   0.0000
 -4.75081176e-01   0.0000
  9.04770136e-01   0.0000
  1.29005268e-01   0.0000
 -2.50870645e-01   0.0000
 -6.35745600e-02   0.0000
 -1.78751834e-02   0.0000
  4.52553749e-01   0.0000
 -1.68462694e-01   0.0000
 -6.71959370e-02   0.0000
  4.44877028e-01   0.0000
  2.36773103e-01   0.0000
  2.55047500e-01   0.0000
 -2.75501400e-01   0.0000
  4.47914330e-03   0.0000
 -8.12557489e-02   0.0000
  1.37923717e-01   0.0000
  1.47537991e-01   0.0000
  1.56809494e-01   0.0000
 -1.43365702e-02   0.0000
  2.79171821e-02   0.0000
  1.41381025e-01   0.0000
 -1.53722391e-01   0.0000
 -4.19733077e-02   0.0000
  1.99105799e-01   0.0000
  2.98803031e-01   0.0000
 -3.48431468e-01   0.0000
  2.89502203e-01   0.0000
 -4.35482144e-01   0.0000
 -2.37998024e-01   0.0000
  1.99144632e-01   0.0000
  2.90661246e-01   0.0000
 -2.27465689e-01   0.0000
 -8.13542962e-01   0.0000
  3.60538214e-01   0.0000
  2.73855329e-01   0.0000
  2.17447486e-02   0.0000
 -1.66113421e-01   0.0000
 -2.56756376e-02   0.0000
 -3.16293567e-01   0.0000
  5.29596619e-02   0.0000
  1.24820784e-01   0.0000
  5.04834294e-01   0.0000
 -1.36934863e-02   0.0000
 -2.91913096e-02   0.0000
 -1.54072642e-01   0.0000
 -5.94294071e-02   0.0000
  1.21921077e-01   0.0000
 -2.13763103e-01   0.0000
  4.07909334e-01   0.0000
  4.33223285e-02   0.0000
  5.14550768e-02   0.0000
  1.28137367e-02   0.0000
  1.89974263e-01   0.0000
 -4.59176600e-02   0.0000
  1.49746045e-01   0.0000
 -1.04159869e-01   0.0000
  2.73487508e-01   0.0000
 -5.81417322e-01   0.0000
  6.19517379e-02   0.0000
 -5.49078763e-01   0.0000
 -2.36473590e-01   0.0000
  5.60520828e-01   0.0000
  4.78014737e-01   0.0000
 -2.49338374e-01   0.0000
 -5.78724205e-01   0.0000
 -1.24248393e-01   0.0000
  2.86387742e-01   0.0000
 -7.68684223e-02   0.0000
  8.50999132e-02   0.0000
 -1.00515760e-01   0.0000
 -8.54753852e-01   0.0000
 -6.46247044e-02   0.0000
  1.29386559e-01   0.0000
  4.83863711e-01   0.0000
 -1.84964925e-01   0.0000
  4.40492071e-02   0.0000
 -3.50158960e-01   0.0000
  1.19827189e-01   0.0000
  4.37107593e-01   0.0000
 -1.35888144e-01   0.0000
  1.01205394e-01   0.0000
 -2.77203053e-01   0.0000
  7.81257264e-03   0.0000
 -4.49321866e-01   0.0000
  2.85310239e-01   0.0000
  1.76471859e-01   0.0000
  2.96753109e-01   0.0000
  5.49688265e-02   0.0000
 -2.43240386e-01   0.0000
 -3.45815197e-02   0.0000
  3.25954854e-01   0.0000
  3.04113060e-01   0.0000
 -1.32310480e-01   0.0000
  5.90395741e-02   0.0000
 -2.20092498e-02   0.0000
 -5.43366298e-02   0.0000
  1.01037860e-01   0.0000
  1.07112892e-01   0.0000
  3.54789227e-01   0.0000
  6.71399057e-01   0.0000
 -1.61977008e-01   0.0000
 -5.17776348e-02   0.0000
  1.52086422e-01   0.0000
  1.64214432e-01   0.0000
 -2.63900906e-01   0.0000
 -4.53533649e-01   0.0000
 -3.01475495e-01   0.0000
  2.25757644e-01   0.0000
  3.03512096e-01   0.0000
 -2.20132798e-01   0.0000
 -1.93837434e-01   0.0000
 -7.21760914e-02   0.0000
 -7.85579383e-02   0.0000
  3.98606122e-01   0.0000
 -4.23906371e-02   0.0000
 -3.23856443e-01   0.0000
 -1.64307468e-02   0.0000
  1.66126862e-01   0.0000
  9.05082189e-03   0.0000
  2.85825580e-01   0.0000
  9.67524126e-02   0.0000
 -1.54293478e-01   0.0000
 -5.76985143e-02   0.0000
 -1.87324304e-02   0.0000
 -1.91770658e-01   0.0000
 -8.66087377e-02   0.0000
 -3.14835720e-02   0.0000
 -3.36725384e-01   0.0000
  3.53684387e-04   0.0000
  9.53135788e-02   0.0000
  8.49900171e-02   0.0000
 -9.82343107e-02   0.0000
  1.59902245e-01   0.0000
  3.41104835e-01   0.0000
  5.07959351e-02   0.0000
  3.26553220e-03   0.0000
 -1.46145304e-03   0.0000
  1.19653165e-01   0.0000
  1.23454474e-01   0.0000
 -2.03793719e-01   0.0000
  1.39746919e-01   0.0000
 -7.51821250e-02   0.0000
 -1.49808871e-02   0.0000
  7.00465739e-02   0.0000
 -4.60200384e-02   0.0000
  8.10216293e-02   0.0000
  1.76888317e-01   0.0000
  1.70016080e-01   0.0000
  1.32587703e-03   0.0000
 -8.08833726e-03   0.0000
  8.40196013e-02   0.0000
  3.19430530e-01   0.0000
  2.41043001e-01   0.0000
 -6.79573268e-02   0.0000
  2.78659612e-01   0.0000
  4.23123948e-02   0.0000
  9.52426270e-02   0.0000
 -8.87325313e-03   0.0000
  5.78326732e-02   0.0000
  1.55421197e-02   0.0000
  1.66315883e-01   0.0000
  1.90309301e-01   0.0000
 -1.35371312e-01   0.0000
  1.97570756e-01   0.0000
 -2.40250081e-01   0.0000
 -5.12781382e-01   0.0000
 -2.18389153e-01   0.0000
 -5.10621481e-02   0.0000
 -7.52091408e-02   0.0000
 -3.93642969e-02   0.0000
  9.12261084e-02   0.0000
  1.50824055e-01   0.0000
 -9.99962389e-02   0.0000
 -2.14132130e-01   0.0000
 -2.31641699e-02   0.0000
  1.82780728e-01   0.0000
  1.85198084e-01   0.0000
  1.04057938e-01   0.0000
  1.15969568e-01   0.0000
  5.13445973e-01   0.0000
  1.20597391e-03   0.0000
  1.06461242e-01   0.0000
  5.30500486e-02   0.0000
  2.87193537e-01   0.0000
  8.94023329e-02   0.0000
  1.69636607e-01   0.0000
 -3.08353096e-01   0.0000
 -1.25343669e-02   0.0000
 -7.49971569e-02   0.0000
 -1.48316443e-01   0.0000
 -2.51112968e-01   0.0000
 -2.14270219e-01   0.0000
  1.41184822e-01   0.0000
  1.24208286e-01   0.0000
 -1.00793257e-01   0.0000
 -3.41771156e-01   0.0000
 -2.64334232e-01   0.0000
 -7.84364641e-01   0.0000
  9.28126648e-03   0.0000
  9.93966460e-02   0.0000
 -1.36079252e-01   0.0000
  4.43955474e-02   0.0000
 -2.54605506e-02   0.0000
  1.58374067e-02   0.0000
 -1.03520565e-01   0.0000
 -1.06844589e-01   0.0000
 -3.75474952e-02   0.0000
  3.08285076e-02   0.0000
  1.49211243e-01   0.0000
 -1.37548089e-01   0.0000
  5.46777844e-02   0.0000
  1.94889858e-01   0.0000
  1.34651929e-01   0.0000
 -1.56856922e-03   0.0000
 -1.89777076e-01   0.0000
  4.70100105e-01   0.0000
  1.77385181e-03   0.0000
  2.04567835e-01   0.0000
 -6.42746082e-03   0.0000
 -3.47450338e-02   0.0000
  1.91281009e-02   0.0000
 -2.53881002e-03   0.0000
  2.36539811e-01   0.0000
  3.07569606e-03   0.0000
 -2.92658824e-02   0.0000
 -1.50644213e-01   0.0000
 -1.26545671e-02   0.0000
  1.68488652e-01   0.0000
  1.75751954e-01   0.0000
  6.94010258e-01   0.0000
  3.61983359e-01   0.0000
  8.31472164e-04   0.0000
  7.47549459e-02   0.0000
  1.19295657e-01   0.0000
 -1.42255068e-01   0.0000
 -8.01248699e-02   0.0000
  1.66060716e-01   0.0000
  7.59392604e-02   0.0000
 -1.62327871e-01   0.0000
 -1.69439524e-01   0.0000
  5.57933226e-02   0.0000
 -1.45735025e-01   0.0000
 -1.55873835e-01   0.0000
 -1.07179284e-02   0.0000
 -1.07245490e-01   0.0000
 -2.26848046e-04   0.0000
 -8.87265312e-04   0.0000
  3.96141022e-01   0.0000
 -7.78344925e-04   0.0000
 -2.20296832e-04   0.0000
  2.46868074e-01   0.0000
 -6.82763010e-02   0.0000
  8.78456905e-02   0.0000
  5.58520805e-05   0.0000
 -3.57146822e-02   0.0000
  2.06137225e-01   0.0000
 -7.12383091e-02   0.0000
 -1.71363384e-01   0.0000
  8.14955160e-02   0.0000
 -1.91717997e-01   0.0000
 -5.94744235e-02   0.0000
 -9.33702141e-02   0.0000
  5.94335869e-02   0.0000
 -1.56619921e-01   0.0000
 -7.98488632e-02   0.0000
  8.26573297e-02   0.0000
 -1.89261194e-02   0.0000
  1.93394601e-01   0.0000
  8.97107497e-02   0.0000
  1.73121050e-01   0.0000
  8.27494338e-02   0.0000
 -1.02329627e-01   0.0000
  1.02677045e-03   0.0000
 -1.66089997e-01   0.0000
  2.62967553e-02   0.0000
 -3.24527413e-01   0.0000
 -4.72561084e-02   0.0000
  5.16379029e-02   0.0000
 -1.11838929e-01   0.0000
  3.72643888e-01   0.0000
 -6.39076084e-02   0.0000
  9.75266546e-02   0.0000
 -2.57249236e-01   0.0000
 -2.41900221e-01   0.0000
 -7.20716314e-03   0.0000
 -1.89607237e-02   0.0000
 -9.06465352e-02   0.0000
 -1.17405929e-01   0.0000
 -7.56098703e-02   0.0000
 -2.43200213e-01   0.0000
 -5.68616495e-04   0.0000
  2.25740355e-02   0.0000
  2.11993069e-03   0.0000
  3.64557892e-01   0.0000
 -1.40696615e-01   0.0000
  8.68546194e-05   0.0000
 -1.04098134e-01   0.0000
 -9.97883826e-02   0.0000
  2.41642329e-03   0.0000
  1.72807708e-01   0.0000
 -7.98834637e-02   0.0000
  5.25706708e-02   0.0000
  2.06277832e-01   0.0000
  1.96836963e-02   0.0000
  5.84467724e-02   0.0000
  6.34331703e-02   0.0000
  1.48256764e-01   0.0000
  1.50556177e-01   0.0000
  2.81463321e-02   0.0000
  1.46533266e-01   0.0000
  1.22526914e-01   0.0000
 -1.61780074e-01   0.0000
  3.33044380e-02   0.0000
  6.68777302e-02   0.0000
 -3.68569434e-01   0.0000
  6.57910928e-02   0.0000
  1.09182946e-01   0.0000
 -8.11629295e-02   0.0000
  1.27847284e-01   0.0000
 -1.27818525e-01   0.0000
 -1.95614100e-01   0.0000
 -2.36388534e-01   0.0000
 -3.09495598e-01   0.0000
  6.55153617e-02   0.0000
  8.70010704e-02   0.0000
  9.75166082e-01   0.0000
  2.97620445e-01   0.0000
 -2.15320557e-01   0.0000
  6.41576797e-02   0.0000
 -9.94124115e-02   0.0000
 -1.26410499e-01   0.0000
 -9.28781554e-02   0.0000
 -1.53447196e-01   0.0000
 -8.84730220e-02   0.0000
  1.93955749e-02   0.0000
 -7.12709352e-02   0.0000
 -7.24030705e-03   0.0000
  1.05978645e-01   0.0000
 -6.23535039e-03   0.0000
 -1.13461940e-02   0.0000
 -1.92678899e-01   0.0000
 -8.98170993e-02   0.0000
  4.61243512e-03   0.0000
 -7.42456019e-01   0.0000
 -2.22948968e-01   0.0000
 -1.93268940e-01   0.0000
 -4.40125823e-01   0.0000
 -9.95200127e-02   0.0000
 -1.90791205e-01   0.0000
 -1.52742944e-03   0.0000
 -1.85857862e-01   0.0000
 -3.03408831e-01   0.0000
  2.65211791e-01   0.0000
  4.21564691e-02   0.0000
 -3.15058529e-02   0.0000
 -1.34805232e-01   0.0000
 -1.64956553e-03   0.0000
 -5.41997135e-01   0.0000
 -1.89607337e-01   0.0000
  2.16356829e-01   0.0000
  1.54733837e-01   0.0000
  5.25553934e-02   0.0000
  1.95165470e-01   0.0000
 -6.59794435e-02   0.0000
 -5.09139970e-02   0.0000
  2.12988243e-01   0.0000
  2.87704897e-04   0.0000
  1.70064658e-01   0.0000
  5.87788597e-03   0.0000
  1.77672543e-02   0.0000
 -6.19074143e-02   0.0000
  5.15849769e-01   0.0000
  6.41710386e-02   0.0000
  1.74621910e-01   0.0000
 -5.53855225e-02   0.0000
  1.12794958e-01   0.0000
 -1.46269232e-01   0.0000
 -1.57677218e-01   0.0000
 -2.03674018e-01   0.0000
 -6.61049187e-02   0.0000
  1.40316218e-01   0.0000
 -4.57918309e-02   0.0000
 -8.28831047e-02   0.0000
 -3.63903135e-01   0.0000
 -1.02237217e-01   0.0000
 -4.68618087e-02   0.0000
  1.06920861e-01   0.0000
  3.23542468e-02   0.0000
  1.05387636e-01   0.0000
  2.86161810e-01   0.0000
 -7.69096985e-03   0.0000
  8.55095964e-03   0.0000
  2.67369635e-02   0.0000
 -2.22168550e-01   0.0000
 -2.86953170e-02   0.0000
  1.78474024e-01   0.0000
 -2.87929744e-01   0.0000
  5.92100695e-02   0.0000
 -1.65011123e-01   0.0000
 -2.11992525e-02   0.0000
  4.99107949e-02   0.0000
  1.74806923e-01   0.0000
 -6.26170039e-02   0.0000
  1.26961485e-01   0.0000
  1.55259386e-01   0.0000
 -1.06807284e-01   0.0000
 -3.03017870e-02   0.0000
 -5.98738134e-01   0.0000
  2.60252953e-01   0.0000
 -7.77688101e-02   0.0000
  2.65214652e-01   0.0000
  3.08962554e-01   0.0000
  1.76061705e-01   0.0000
  8.63521993e-02   0.0000
  2.41685845e-03   0.0000
  4.45444822e-01   0.0000
 -1.17771160e-02   0.0000
  2.44163066e-01   0.0000
  1.18389940e-02   0.0000
 -9.39382166e-02   0.0000
 -2.60882199e-01   0.0000
  5.81010342e-01   0.0000
  4.51751985e-02   0.0000
  4.80043367e-02   0.0000
  7.34475702e-02   0.0000
 -1.46294087e-01   0.0000
  1.94080174e-01   0.0000
 -1.46492645e-01   0.0000
  2.28203282e-01   0.0000
  1.73623830e-01   0.0000
  1.08901290e-02   0.0000
  7.80383945e-02   0.0000
 -1.66586757e-01   0.0000
  1.45833433e-01   0.0000
 -1.31867662e-01   0.0000
 -5.50837636e-01   0.0000
  2.83670798e-02   0.0000
  5.43156893e-05   0.0000
 -2.66812206e-03   0.0000
 -3.52411479e-01   0.0000
  6.96480721e-02   0.0000
  1.16005011e-01   0.0000
 -7.38462955e-02   0.0000
 -4.11745533e-02   0.0000
  1.75853372e-01   0.0000
  1.21499680e-01   0.0000
 -1.41072916e-02   0.0000
 -1.86814576e-01   0.0000
  1.84863597e-01   0.0000
 -1.01601612e-02   0.0000
 -2.87225932e-01   0.0000
  1.09673433e-01   0.0000
  4.05646069e-03   0.0000
  7.99176335e-01   0.0000
  2.04192266e-01   0.0000
  9.61972699e-02   0.0000
 -5.42534031e-02   0.0000
  1.82973579e-01   0.0000
  1.60093665e-01   0.0000
 -1.59839407e-01   0.0000
 -4.85980883e-02   0.0000
  1.64301559e-01   0.0000
  1.04555286e-01   0.0000
 -4.61156555e-02   0.0000
 -8.26489367e-03   0.0000
 -6.08922653e-02   0.0000
 -8.15433543e-03   0.0000
 -2.05405146e-01   0.0000
  1.25748783e-01   0.0000
  2.15274274e-01   0.0000
  9.69124213e-02   0.0000
  1.17398955e-01   0.0000
 -5.73249795e-02   0.0000
 -1.28991410e-01   0.0000
  2.41299674e-01   0.0000
 -4.22191732e-02   0.0000
 -1.06311947e-01   0.0000
 -1.61102474e-01   0.0000
  2.67411709e-01   0.0000
  1.44061968e-01   0.0000
 -1.83662325e-01   0.0000
 -2.27731794e-01   0.0000
  3.97355631e-02   0.0000
 -3.19053344e-02   0.0000
  1.52458370e-01   0.0000
 -8.26716051e-02   0.0000
  6.74364194e-02   0.0000
  3.34248468e-02   0.0000
  2.06178403e-03   0.0000
 -7.68359601e-02   0.0000
 -6.57031080e-04   0.0000
  1.83569063e-02   0.0000
  1.60569653e-01   0.0000
 -1.38169184e-01   0.0000
  7.55022690e-02   0.0000
  4.90839891e-02   0.0000
 -1.60790727e-01   0.0000
  3.33384052e-03   0.0000
 -3.51368263e-02   0.0000
 -1.34592161e-01   0.0000
  9.17240381e-02   0.0000
 -7.97258019e-02   0.0000
 -2.88431463e-03   0.0000
 -7.38270462e-01   0.0000
 -1.10923506e-01   0.0000
 -8.55530202e-02   0.0000
  5.10873914e-01   0.0000
  2.38442868e-01   0.0000
 -1.75434351e-02   0.0000
 -1.36077613e-01   0.0000
 -5.55652976e-02   0.0000
  4.95921999e-01   0.0000
 -1.50844142e-01   0.0000
  1.44873023e-01   0.0000
  1.63071558e-01   0.0000
  1.98461059e-02   0.0000
 -8.02851692e-02   0.0000
  6.43971041e-02   0.0000
  2.06273049e-01   0.0000
  1.60019666e-01   0.0000
  9.60822552e-02   0.0000
  1.86267644e-01   0.0000
  1.87794000e-01   0.0000
 -2.11733803e-02   0.0000
  3.42646480e-01   0.0000
  1.00246675e-01   0.0000
  9.74856541e-02   0.0000
  7.71360546e-02   0.0000
 -1.79446667e-01   0.0000
 -6.23625470e-03   0.0000
  1.28878027e-01   0.0000
 -1.72485545e-01   0.0000
 -8.55702311e-02   0.0000
 -3.16378921e-02   0.0000
  3.87742110e-02   0.0000
 -1.43052265e-01   0.0000
 -8.05689604e-04   0.0000
  1.03227176e-01   0.0000
  1.97722316e-01   0.0000
  1.82245299e-01   0.0000
 -1.46626443e-01   0.0000
  1.75169468e-01   0.0000
  9.20801237e-02   0.0000
 -4.60751615e-02   0.0000
 -2.17736304e-01   0.0000
 -8.51593837e-02   0.0000
  2.94479942e-05   0.0000
  2.58225966e-02   0.0000
 -3.03459223e-02   0.0000
 -6.03522286e-02   0.0000
  8.53606686e-02   0.0000
 -2.18259752e-01   0.0000
 -1.19706906e-01   0.0000
 -1.17516620e-02   0.0000
 -1.74231932e-01   0.0000
  1.12393409e-01   0.0000
 -1.18366152e-01   0.0000
  1.70219481e-01   0.0000
  1.33613557e-01   0.0000
 -1.43192157e-01   0.0000
 -1.83797777e-01   0.0000
 -3.47283261e-04   0.0000
 -1.66611909e-03   0.0000
 -7.97026679e-02   0.0000
 -1.33435398e-01   0.0000
  5.95945418e-02   0.0000
 -1.32001743e-01   0.0000
  2.42243588e-01   0.0000
 -1.20732538e-01   0.0000
  1.02172114e-01   0.0000
 -2.07526192e-01   0.0000
  2.95804404e-02   0.0000
 -1.29659846e-01   0.0000
  1.43542334e-01   0.0000
  1.76435366e-01   0.0000
  1.99145451e-01   0.0000
 -1.59368798e-01   0.0000
 -1.06811084e-01   0.0000
  4.50175516e-02   0.0000
  6.77400529e-02   0.0000
  5.02490699e-02   0.0000
  1.11857034e-01   0.0000
  1.14571556e-01   0.0000
  1.01920881e-03   0.0000
 -1.31290453e-02   0.0000
  2.75556237e-01   0.0000
  7.45523423e-02   0.0000
  1.03450261e-01   0.0000
 -2.34769672e-01   0.0000
 -1.53437868e-01   0.0000
 -5.29923551e-02   0.0000
 -1.16258383e-01   0.0000
 -2.47839279e-02   0.0000
  9.06836521e-03   0.0000
 -2.77072261e-03   0.0000
  8.22769627e-02   0.0000
 -1.18735321e-01   0.0000
 -1.35991111e-01   0.0000
 -1.91980358e-02   0.0000
  1.47178456e-01   0.0000
  6.52016029e-02   0.0000
  9.29749012e-02   0.0000
  5.00277244e-03   0.0000
  1.71429664e-01   0.0000
  2.01687157e-01   0.0000
  2.07890257e-01   0.0000
 -1.79813460e-01   0.0000
 -2.60413051e-01   0.0000
  1.55634090e-01   0.0000
 -3.83051708e-02   0.0000
  5.71888220e-03   0.0000
 -3.32775936e-02   0.0000
 -8.64589810e-02   0.0000
  7.65108585e-01   0.0000
  1.67348981e-02   0.0000
 -1.65840328e-01   0.0000
 -9.93434861e-02   0.0000
 -2.37102970e-01   0.0000
 -2.84830085e-03   0.0000
 -5.63309230e-02   0.0000
 -1.97082274e-02   0.0000
 -4.90871221e-02   0.0000
 -3.31578980e-04   0.0000
  2.05359198e-02   0.0000
 -3.97160910e-02   0.0000
 -1.53627202e-01   0.0000
  1.86648756e-01   0.0000
 -2.00225547e-01   0.0000
  2.74600629e-02   0.0000
 -5.01634702e-02   0.0000
 -4.16653752e-02   0.0000
 -9.20926556e-02   0.0000
 -5.33804705e-04   0.0000
 -7.12407567e-03   0.0000
  4.11369026e-01   0.0000
  6.92835301e-02   0.0000
  7.18563795e-03   0.0000
 -1.57271191e-01   0.0000
 -9.54129174e-02   0.0000
  4.23138916e-01   0.0000
  1.15441494e-01   0.0000
  1.19896606e-02   0.0000
  2.35065281e-01   0.0000
 -1.57978728e-01   0.0000
  4.27855644e-03   0.0000
 -9.70553234e-03   0.0000
  1.76207833e-02   0.0000
  1.46247655e-01   0.0000
 -2.23785535e-01   0.0000
  3.24771889e-02   0.0000
 -1.43947196e-03   0.0000
  1.16717279e-01   0.0000
  1.50628477e-01   0.0000
 -8.87569636e-02   0.0000
  1.45391924e-02   0.0000
  1.23880061e-04   0.0000
  3.23694921e-03   0.0000
 -2.25181162e-01   0.0000
  1.10354565e-01   0.0000
 -1.28724203e-01   0.0000
  1.66030049e-01   0.0000
  6.69413358e-02   0.0000
  1.60707906e-01   0.0000
 -8.96834061e-02   0.0000
 -2.56302953e-02   0.0000
 -1.07478060e-01   0.0000
  1.93302289e-01   0.0000
  2.80273318e-01   0.0000
 -1.00208540e-03   0.0000
  1.45332292e-01   0.0000
 -2.85578240e-03   0.0000
  7.51601458e-02   0.0000
  8.62796232e-02   0.0000
 -2.21332889e-02   0.0000
  1.68541715e-01   0.0000
  1.23950932e-02   0.0000
 -3.63236181e-02   0.0000
  2.13514328e-01   0.0000
 -1.31553009e-01   0.0000
  1.85594380e-01   0.0000
 -7.79104680e-02   0.0000
 -1.28127053e-01   0.0000
 -1.68847740e-01   0.0000
  3.02323196e-02   0.0000
  1.06723502e-01   0.0000
 -1.05347097e-01   0.0000
  1.11188039e-01   0.0000
 -1.90101385e-01   0.0000
  1.37425691e-01   0.0000
  6.31322637e-02   0.0000
  9.13026258e-02   0.0000
 -4.95819598e-01   0.0000
 -5.83649501e-02   0.0000
  1.61491275e-01   0.0000
  8.58290195e-02   0.0000
  7.35814929e-01   0.0000
  9.63590890e-02   0.0000
  1.56975031e-01   0.0000
 -2.78287679e-01   0.0000
 -2.93519106e-02   0.0000
 -1.83625966e-01   0.0000
  9.26749632e-02   0.0000
  1.18287303e-01   0.0000
 -3.11833650e-01   0.0000
  1.28982037e-01   0.0000
 -2.49183252e-01   0.0000
  2.82812808e-02   0.0000
  5.48495054e-02   0.0000
 -5.91354668e-02   0.0000
 -5.68206728e-01   0.0000
  7.76844323e-02   0.0000
  2.85394286e-04   0.0000
 -1.24618605e-01   0.0000
 -1.74524799e-01   0.0000
 -2.06732512e-01   0.0000
 -5.38955480e-02   0.0000
 -2.78647512e-01   0.0000
  2.27612350e-02   0.0000
  3.85697633e-02   0.0000
 -1.95283189e-01   0.0000
 -5.39493971e-02   0.0000
  1.49091139e-01   0.0000
 -7.02608898e-02   0.0000
  1.76676795e-01   0.0000
 -1.95508450e-01   0.0000
  1.11740440e-01   0.0000
  1.01074204e-01   0.0000
  4.21888947e-01   0.0000
 -5.89506608e-03   0.0000
 -1.35785937e-01   0.0000
  2.52645109e-02   0.0000
 -1.96596161e-01   0.0000
 -6.03228286e-02   0.0000
 -1.26501486e-01   0.0000
  2.18341965e-03   0.0000
  1.48895279e-01   0.0000
 -1.11508451e-01   0.0000
  2.13079885e-01   0.0000
 -3.52718867e-02   0.0000
 -1.07301399e-01   0.0000
  1.39278203e-01   0.0000
  5.89686692e-01   0.0000
  8.52287114e-02   0.0000
 -1.01764977e-01   0.0000
  1.66514203e-01   0.0000
 -2.06109602e-02   0.0000
  1.36285275e-01   0.0000
  4.30437252e-02   0.0000
 -2.66106776e-03   0.0000
 -1.23110205e-01   0.0000
  1.74767852e-01   0.0000
  1.26469567e-01   0.0000
  1.35964960e-01   0.0000
 -1.47362992e-01   0.0000
 -4.44442965e-03   0.0000
  1.32237107e-01   0.0000
  1.38421878e-01   0.0000
  5.38183516e-03   0.0000
 -1.34889886e-01   0.0000
  1.36420280e-01   0.0000
 -1.25189975e-01   0.0000
  9.02725849e-03   0.0000
 -8.23706068e-05   0.0000
  8.37966725e-02   0.0000
  1.84987620e-01   0.0000
 -5.49975112e-02   0.0000
  3.82576995e-02   0.0000
 -1.51644079e-02   0.0000
 -1.25208229e-01   0.0000
 -8.40993226e-03   0.0000
 -2.30357468e-01   0.0000
  2.76317418e-01   0.0000
  3.19949389e-01   0.0000
  4.55828100e-01   0.0000
  2.06922472e-01   0.0000
 -1.51583120e-01   0.0000
  2.44175196e-01   0.0000
 -1.42894596e-01   0.0000
 -5.12840748e-02   0.0000
  1.66538835e-01   0.0000
 -4.00063507e-02   0.0000
 -1.48780778e-01   0.0000
  8.93109571e-03   0.0000
  8.36248547e-02   0.0000
  4.35344083e-03   0.0000
 -1.20007589e-01   0.0000
  1.96263894e-01   0.0000
 -1.85141802e-01   0.0000
 -6.05726577e-02   0.0000
  5.16027883e-02   0.0000
 -8.88962746e-02   0.0000
 -2.91480184e-01   0.0000
 -2.53609493e-02   0.0000
  8.51037446e-03   0.0000
  2.93368727e-01   0.0000
  1.98304683e-01   0.0000
  1.11518963e-03   0.0000
 -1.39852464e-01   0.0000
  1.03193857e-01   0.0000
  1.26758784e-01   0.0000
  1.03470705e-01   0.0000
  1.68092355e-01   0.0000
 -1.03430755e-01   0.0000
 -2.03840956e-01   0.0000
 -2.04777882e-01   0.0000
  6.33099914e-01   0.0000
  5.22121452e-02   0.0000
 -1.20290868e-01   0.0000
 -1.68780424e-02   0.0000
 -7.47368112e-02   0.0000
 -1.58551469e-01   0.0000
 -1.82747334e-01   0.0000
  9.08568278e-02   0.0000
  1.04540594e-01   0.0000
  1.43093020e-01   0.0000
  1.82609215e-01   0.0000
 -1.19250812e-01   0.0000
 -1.87777594e-01   0.0000
  1.69339582e-01   0.0000
 -2.20804125e-01   0.0000
 -1.27738982e-01   0.0000
  1.32122010e-01   0.0000
  1.32498115e-01   0.0000
  5.47767401e-01   0.0000
 -1.60608113e-01   0.0000
  2.42501535e-02   0.0000
 -2.88794637e-01   0.0000
 -5.93501329e-02   0.0000
  2.71277648e-04   0.0000
 -1.89693019e-04   0.0000
  6.86483011e-02   0.0000
 -1.11233145e-02   0.0000
  2.27164179e-01   0.0000
  1.21971533e-01   0.0000
  9.55116227e-02   0.0000
 -1.24805897e-01   0.0000
  2.13815197e-01   0.0000
 -9.08264160e-01   0.0000
 -1.23646986e-02   0.0000
  6.68642893e-02   0.0000
 -3.45194875e-03   0.0000
  4.85882536e-02   0.0000
 -2.54352093e-02   0.0000
 -6.97570713e-03   0.0000
 -6.33181334e-02   0.0000
 -1.66027620e-01   0.0000
  1.01895161e-01   0.0000
  1.95892408e-01   0.0000
  1.55246779e-01   0.0000
  4.64695282e-02   0.0000
  1.28322542e-01   0.0000
  8.19867477e-02   0.0000
  9.46395323e-02   0.0000
 -9.57048673e-04   0.0000
  6.75354749e-02   0.0000
 -1.34426773e-01   0.0000
 -1.25500094e-03   0.0000
 -1.59019694e-01   0.0000
  2.03427244e-02   0.0000
  2.17423197e-02   0.0000
 -1.87384918e-01   0.0000
 -1.10538781e-03   0.0000
  3.47433269e-01   0.0000
  9.88072380e-02   0.0000
 -1.10355139e-01   0.0000
  6.33143587e-03   0.0000
  1.26312956e-01   0.0000
 -1.41327679e-01   0.0000
  1.12367027e-01   0.0000
 -1.05441439e+00   0.0000
  8.17661658e-02   0.0000
 -5.22831082e-02   0.0000
 -2.09624380e-01   0.0000
  2.12511897e-01   0.0000
 -7.83247799e-02   0.0000
  9.41783004e-03   0.0000
  1.24197066e-01   0.0000
 -1.68620795e-01   0.0000
  1.35515392e-01   0.0000
 -5.72212972e-02   0.0000
  2.59114453e-03   0.0000
  1.23681270e-01   0.0000
  6.22067368e-03   0.0000
 -1.02692463e-01   0.0000
  1.74391031e-01   0.0000
  2.23922823e-02   0.0000
  2.25488350e-01   0.0000
  3.91804844e-01   0.0000
 -1.88691959e-01   0.0000
 -1.11818418e-01   0.0000
  3.35403942e-02   0.0000
  6.89544529e-02   0.0000
 -1.77739501e-01   0.0000
 -7.84340140e-04   0.0000
  4.90624607e-02   0.0000
 -5.58400638e-02   0.0000
  1.75227165e-01   0.0000
 -1.80699870e-01   0.0000
 -4.18814048e-02   0.0000
 -4.12584804e-02   0.0000
  1.38675064e-01   0.0000
  1.10482825e-02   0.0000
  1.37476295e-01   0.0000
  2.44898833e-02   0.0000
  1.78110287e-01   0.0000
  1.19410664e-01   0.0000
  2.11285919e-01   0.0000
  1.57258913e-01   0.0000
 -8.42890367e-02   0.0000
  9.40401256e-02   0.0000
  6.86892197e-02   0.0000
  1.97976574e-01   0.0000
  3.02032307e-02   0.0000
 -1.27440512e-01   0.0000
  1.95266664e-01   0.0000
 -9.27071124e-02   0.0000
  1.49481222e-02   0.0000
  1.30130038e-01   0.0000
  8.17628950e-02   0.0000
  7.83320904e-01   0.0000
 -9.50337350e-02   0.0000
 -1.49650121e-04   0.0000
  2.24171253e-03   0.0000
  1.70806468e-01   0.0000
  3.50407176e-02   0.0000
  4.40217089e-03   0.0000
  3.25642973e-01   0.0000
 -1.86600164e-01   0.0000
  4.13233154e-02   0.0000
 -1.23887435e-01   0.0000
 -1.19973556e-03   0.0000
  1.65802181e-01   0.0000
  1.77592397e-01   0.0000
  2.77088404e-01   0.0000
  1.66738965e-02   0.0000
 -1.77481532e-01   0.0000
  2.14992628e-01   0.0000
  2.11649626e-01   0.0000
  7.53532797e-02   0.0000
  1.78902373e-01   0.0000
  1.20061055e-01   0.0000
 -1.81876615e-01   0.0000
 -8.58359796e-04   0.0000
 -2.23574927e-04   0.0000
  7.12007880e-02   0.0000
  1.52017623e-01   0.0000
 -2.82647442e-02   0.0000
  3.72743071e-03   0.0000
 -4.26245295e-03   0.0000
  1.61742643e-01   0.0000
  2.63783216e-01   0.0000
  7.82573402e-01   0.0000
  1.39321014e-01   0.0000
 -6.96500018e-02   0.0000
 -1.59075394e-01   0.0000
  3.18246596e-02   0.0000
 -1.10071860e-02   0.0000
  1.76901326e-01   0.0000
  1.00949816e-01   0.0000
  2.00020924e-01   0.0000
  4.17801403e-02   0.0000
  1.61547333e-01   0.0000
 -1.97494272e-02   0.0000
  1.59589931e-01   0.0000
  5.39060719e-02   0.0000
  4.36218202e-01   0.0000
  1.40239626e-01   0.0000
  1.25669137e-01   0.0000
  9.33042914e-02   0.0000
  2.55261481e-01   0.0000
 -2.25756705e-01   0.0000
 -1.15518972e-01   0.0000
  1.86475337e-01   0.0000
  1.86245471e-01   0.0000
 -2.04552546e-01   0.0000
 -6.14333563e-02   0.0000
 -1.27116010e-01   0.0000
  2.61842436e-03   0.0000
 -1.95298940e-01   0.0000
  3.39430869e-01   0.0000
  1.72730312e-01   0.0000
 -1.93366140e-01   0.0000
  7.89477974e-02   0.0000
  3.72902453e-01   0.0000
 -1.86390102e-01   0.0000
  1.51733965e-01   0.0000
 -2.01028839e-01   0.0000
 -1.36378231e-02   0.0000
 -6.75345287e-02   0.0000
 -1.24456296e-02   0.0000
  2.17429832e-01   0.0000
  8.25863183e-02   0.0000
 -9.82402042e-02   0.0000
  7.12621957e-02   0.0000
  6.38326723e-03   0.0000
  2.65243530e-01   0.0000
  4.10419255e-02   0.0000
 -1.33560309e-02   0.0000
 -7.22551420e-02   0.0000
  6.09095618e-02   0.0000
  1.56409234e-01   0.0000
 -7.79541060e-02   0.0000
 -7.05470855e-04   0.0000
  4.71645588e-04   0.0000
  1.50338829e-01   0.0000
 -1.67795643e-01   0.0000
  6.97683217e-03   0.0000
  4.21832912e-02   0.0000
  1.31595985e-03   0.0000
  1.08593583e-01   0.0000
  1.55451640e-01   0.0000
  8.68508741e-02   0.0000
  1.08751938e-01   0.0000
  1.69020161e-01   0.0000
  1.48972422e-01   0.0000
  3.23256373e-01   0.0000
  8.97343606e-02   0.0000
 -4.54157926e-02   0.0000
 -6.59220070e-02   0.0000
 -2.00481102e-01   0.0000
 -1.87223494e-01   0.0000
  5.38218021e-02   0.0000
 -3.36082488e-01   0.0000
  1.59851015e-01   0.0000
  9.30420589e-03   0.0000
  1.57885607e-02   0.0000
  1.37287797e-02   0.0000
 -2.26129279e-01   0.0000
 -4.35075350e-02   0.0000
 -7.33932853e-01   0.0000
 -4.05428529e-01   0.0000
 -7.13102445e-02   0.0000
 -1.67788312e-01   0.0000
 -1.41526405e-02   0.0000
 -5.74703366e-02   0.0000
  1.82069644e-01   0.0000
 -5.40328491e-03   0.0000
  7.25318072e-03   0.0000
  1.10350922e-01   0.0000
 -1.75506026e-01   0.0000
  1.25755191e-01   0.0000
  1.32408030e-02   0.0000
 -5.97800594e-03   0.0000
  2.66852468e-01   0.0000
 -1.49995601e-02   0.0000
  1.67906210e-01   0.0000
 -1.45995675e-03   0.0000
 -4.59993035e-01   0.0000
 -5.85842468e-02   0.0000
 -1.43715262e-01   0.0000
 -3.31166722e-02   0.0000
 -3.12087741e-02   0.0000
 -4.84123975e-02   0.0000
  2.12009937e-01   0.0000
  3.64237279e-02   0.0000
 -1.99680060e-01   0.0000
  4.43678312e-02   0.0000
 -2.14001127e-02   0.0000
 -1.74071178e-01   0.0000
 -8.44209269e-02   0.0000
 -1.59595862e-01   0.0000
 -8.55962336e-01   0.0000
 -3.88295879e-03   0.0000
  1.54980560e-04   0.0000
 -1.42811924e-01   0.0000
 -1.34064481e-01   0.0000
  1.55144915e-01   0.0000
 -1.40002236e-01   0.0000
 -6.09247051e-02   0.0000
 -1.30493464e-02   0.0000
 -4.43019569e-02   0.0000
 -4.42317761e-02   0.0000
 -4.45757061e-02   0.0000
  4.48087342e-02   0.0000
  2.13327836e-02   0.0000
  2.00673580e-01   0.0000
 -2.97249462e-02   0.0000
 -1.37961417e-01   0.0000
 -2.15836883e-01   0.0000
  1.93459727e-02   0.0000
 -1.17141545e-01   0.0000
  4.31593657e-02   0.0000
  8.32257606e-03   0.0000
 -4.35884483e-02   0.0000
 -1.06771909e-01   0.0000
  9.17503908e-02   0.0000
  9.95512307e-02   0.0000
 -2.11593047e-01   0.0000
 -1.03201859e-01   0.0000
 -1.45718409e-02   0.0000
  4.25772257e-02   0.0000
  1.12599157e-01   0.0000
  1.73582390e-01   0.0000
  6.90319300e-01   0.0000
  2.38378182e-01   0.0000
 -3.97293530e-02   0.0000
 -1.08481251e-01   0.0000
  1.14989005e-01   0.0000
 -1.71075702e-01   0.0000
 -6.28237724e-02   0.0000
  7.62744173e-02   0.0000
  1.54462159e-01   0.0000
  9.64505151e-02   0.0000
  1.00161865e-01   0.0000
  1.84973359e-01   0.0000
  1.38435677e-01   0.0000
  5.84035134e-03   0.0000
 -5.68872571e-01   0.0000
 -1.03665657e-01   0.0000
 -9.14645195e-02   0.0000
 -5.32453395e-02   0.0000
 -2.92800218e-01   0.0000
  5.74133184e-04   0.0000
 -1.22061327e-01   0.0000
  4.22736332e-02   0.0000
 -1.81739897e-01   0.0000
  1.94650903e-01   0.0000
  5.09204604e-02   0.0000
  7.80485645e-02   0.0000
 -3.68569970e-01   0.0000
 -9.68630314e-02   0.0000
  1.08438298e-01   0.0000
 -2.39073727e-02   0.0000
 -1.68651760e-01   0.0000
  6.63834736e-02   0.0000
  1.03832267e-01   0.0000
  1.10843226e-01   0.0000
 -3.62278372e-02   0.0000
  6.64053783e-02   0.0000
  1.07791210e-02   0.0000
 -2.22026095e-01   0.0000
 -1.35662377e-01   0.0000
  5.92200756e-02   0.0000
  5.34566194e-02   0.0000
  1.30724818e-01   0.0000
 -3.76052931e-02   0.0000
 -1.93020046e-01   0.0000
 -7.16025457e-02   0.0000
  5.07940948e-02   0.0000
 -9.76976007e-02   0.0000
 -1.39499754e-01   0.0000
  1.17706209e-01   0.0000
 -1.61491036e-01   0.0000
 -8.51160824e-01   0.0000
  3.32235724e-01   0.0000
  1.43693000e-01   0.0000
  5.78525901e-01   0.0000
  3.44873339e-01   0.0000
  6.65605394e-03   0.0000
  4.11678031e-02   0.0000
  4.00540620e-01   0.0000
  1.37015712e+00   0.0000
 -1.69702303e-02   0.0000
 -1.88406572e-01   0.0000
  3.46101493e-01   0.0000
  2.29216829e-01   0.0000
  7.50212222e-02   0.0000
 -6.28667474e-02   0.0000
 -3.72381066e-04   0.0000
 -1.58737540e-01   0.0000
 -1.97816491e-01   0.0000
 -2.34424993e-02   0.0000
 -2.09790930e-01   0.0000
 -1.06385738e-01   0.0000
  3.52267593e-01   0.0000
  1.14250919e-02   0.0000
  1.44404983e-02   0.0000
  4.12575016e-03   0.0000
  1.66398644e-01   0.0000
 -4.05623764e-02   0.0000
  5.74618727e-02   0.0000
 -4.97498274e-01   0.0000
 -3.76492627e-02   0.0000
 -4.32493798e-02   0.0000
 -1.47292361e-01   0.0000
 -8.76543880e-01   0.0000
  9.28151235e-02   0.0000
 -6.77883253e-02   0.0000
 -1.31066811e+00   0.0000
 -7.15563536e-01   0.0000
 -2.06403479e-01   0.0000
 -7.49532729e-02   0.0000
  6.86482489e-01   0.0000
 -7.99170136e-01   0.0000
  7.06609488e-02   0.0000
  9.80593488e-02   0.0000
 -3.01944226e-01   0.0000
  3.83073270e-01   0.0000
  7.73032010e-02   0.0000
  1.04506445e+00   0.0000
  2.65561968e-01   0.0000
 -3.40185836e-02   0.0000
  4.17581238e-02   0.0000
  5.50818443e-01   0.0000
  7.40822777e-02   0.0000
 -6.57302374e-03   0.0000
 -7.81911314e-01   0.0000
 -2.07127079e-01   0.0000
 -1.63730919e-01   0.0000
 -1.43090948e-01   0.0000
 -1.74842849e-01   0.0000
 -1.78259730e-01   0.0000
 -2.12744832e-01   0.0000
 -6.31720245e-01   0.0000
 -1.92481697e-01   0.0000
 -2.84743942e-02   0.0000
 -1.12236097e-01   0.0000
  0.00000000e+00   0.0000

