 5 0.000000 10
 1 
 Si 28.085500
 0 0.250001 4.500000 0.978124 1.000000 
 5 0 1 2 4 6
 7 1.50000 1.75000 2.00000 2.25000 2.50000 2.75000 3.00000
 1 12.169200 6.172630 3.114710 0.755675 0.404939 0.036124 0.650018 0.572890
 4 35 32 32 1
 -1.02891721e-01   0.0000
  4.40250993e-01   0.0000
 -1.81619301e-02   0.0000
  1.13293730e-01   0.0000
  1.02603637e-01   0.0000
 -5.31804897e-02   0.0000
 -3.24131280e-01   0.0000
  8.63224030e-01   0.0000
 -1.54082716e-01   0.0000
 -2.17133000e-01   0.0000
  2.14806840e-01   0.0000
  8.16171244e-02   0.0000
  3.66162211e-02   0.0000
  1.20000683e-01   0.0000
 -4.27191973e-01   0.0000
 -4.69866730e-02   0.0000
 -1.73745334e-01   0.0000
 -8.28284398e-02   0.0000
  6.64806515e-02   0.0000
 -3.25975835e-01   0.0000
 -2.11178973e-01   0.0000
 -2.79490143e-01   0.0000
  5.13973176e-01   0.0000
 -6.18532673e-02   0.0000
  2.73851812e-01   0.0000
  1.40527427e-01   0.0000
 -3.81224841e-01   0.0000
 -1.63399860e-01   0.0000
  2.50736952e-01   0.0000
  2.89323896e-01   0.0000
 -4.17641193e-01   0.0000
  1.19120972e-02   0.0000
 -1.96322307e-01   0.0000
 -5.38276546e-02   0.0000
 -2.28089318e-01   0.0000
 -2.23392561e-01   0.0000
  7.32050091e-02   0.0000
 -2.89539844e-01   0.0000
 -3.68023187e-01   0.0000
  5.93861490e-02   0.0000
 -2.16889521e-03   0.0000
  2.24239454e-02   0.0000
  2.67767757e-01   0.0000
  3.55383148e-04   0.0000
 -2.15703517e-01   0.0000
  6.27657175e-02   0.0000
 -1.66899800e-01   0.0000
 -2.18161475e-02   0.0000
  8.41902569e-02   0.0000
  1.70934647e-01   0.0000
 -2.18860302e-02   0.0000
 -4.58662599e-01   0.0000
 -2.93926354e-02   0.0000
  1.93437353e-01   0.0000
  4.58586842e-01   0.0000
 -2.09767088e-01   0.0000
  1.70308337e-01   0.0000
  1.84086338e-02   0.0000
 -1.54070199e-01   0.0000
  4.48773578e-02   0.0000
  6.15080856e-02   0.0000
  3.38707626e-01   0.0000
  2.23034084e-01   0.0000
 -1.40916869e-01   0.0000
  7.38604218e-02   0.0000
 -1.58232078e-01   0.0000
  2.21079826e-01   0.0000
 -5.57527542e-01   0.0000
  6.77840561e-02   0.0000
 -9.17229205e-02   0.0000
 -1.22772217e-01   0.0000
  1.71514004e-02   0.0000
 -1.26325041e-01   0.0000
  6.94848180e-01   0.0000
 -3.75238061e-01   0.0000
  3.06371804e-02   0.0000
 -9.43510532e-02   0.0000
  5.14118001e-02   0.0000
 -5.02810597e-01   0.0000
  5.61983466e-01   0.0000
  1.88216969e-01   0.0000
  3.71246815e-01   0.0000
 -5.73988140e-01   0.0000
 -3.68166238e-01   0.0000
 -9.65894610e-02   0.0000
  3.28120857e-01   0.0000
  5.43399900e-03   0.0000
 -6.08376980e-01   0.0000
  1.53929800e-01   0.0000
  1.66060820e-01   0.0000
 -1.47824250e-02   0.0000
 -2.96839066e-02   0.0000
 -1.18068039e-01   0.0000
  6.56301439e-01   0.0000
  2.17526592e-02   0.0000
 -5.40246628e-02   0.0000
 -5.96116073e-02   0.0000
  1.92330815e-02   0.0000
  5.31732082e-01   0.0000
 -4.56295788e-01   0.0000
  2.30898559e-01   0.0000
 -5.17635763e-01   0.0000
 -3.56163234e-01   0.0000
  6.78258389e-02   0.0000
 -3.49303275e-01   0.0000
  1.17904770e+00   0.0000
 -3.07430565e-01   0.0000
  2.23995134e-01   0.0000
  4.37532872e-01   0.0000
  1.31492782e-02   0.0000
 -3.12526226e-01   0.0000
  9.44551975e-02   0.0000
  3.60589445e-01   0.0000
  1.69423953e-01   0.0000
 -6.49449289e-01   0.0000
 -4.42599766e-02   0.0000
  2.70271480e-01   0.0000
  3.58041942e-01   0.0000
  1.29036933e-01   0.0000
 -1.65427133e-01   0.0000
  1.71592534e-01   0.0000
  4.91818577e-01   0.0000
 -2.25439399e-01   0.0000
  1.26171872e-01   0.0000
 -5.27925968e-01   0.0000
  5.80935717e-01   0.0000
 -9.00758523e-03   0.0000
 -2.44458452e-01   0.0000
  1.25203520e-01   0.0000
  1.42284244e-01   0.0000
  4.13351268e-01   0.0000
 -3.35642137e-02   0.0000
  2.67111897e-01   0.0000
 -2.62782961e-01   0.0000
 -5.10048330e-01   0.0000
 -7.33258426e-02   0.0000
 -2.72543907e-01   0.0000
  1.07646132e+00   0.0000
 -3.04394633e-01   0.0000
  2.17568487e-01   0.0000
  5.54961026e-01   0.0000
 -9.11564454e-02   0.0000
 -4.12618637e-01   0.0000
  4.04652469e-02   0.0000
  4.14950311e-01   0.0000
  2.24180818e-01   0.0000
 -1.04056418e+00   0.0000
  2.46130433e-02   0.0000
  3.71369302e-01   0.0000
 -1.39422432e-01   0.0000
  1.39965534e-01   0.0000
  1.90440774e-01   0.0000
  1.18031569e-01   0.0000
  4.85772908e-01   0.0000
  1.52293384e-01   0.0000
  2.50949204e-01   0.0000
 -4.57622916e-01   0.0000
  3.42465281e-01   0.0000
 -1.27805606e-01   0.0000
 -2.01303974e-01   0.0000
  3.57340612e-02   0.0000
  6.34147167e-01   0.0000
  2.20213547e-01   0.0000
  4.75035608e-02   0.0000
  3.80090415e-01   0.0000
 -1.53839245e-01   0.0000
 -3.43004882e-01   0.0000
 -2.69870162e-01   0.0000
 -1.86341509e-01   0.0000
  8.56607199e-01   0.0000
 -3.41618240e-01   0.0000
  3.94409835e-01   0.0000
  1.11128962e+00   0.0000
 -1.47609338e-01   0.0000
 -3.31754059e-01   0.0000
 -3.81070286e-01   0.0000
  4.03598607e-01   0.0000
 -9.82569624e-03   0.0000
 -8.09617579e-01   0.0000
  3.88057023e-01   0.0000
  4.22338337e-01   0.0000
 -2.77480364e-01   0.0000
 -4.86348197e-02   0.0000
  2.29918972e-01   0.0000
  1.67912155e-01   0.0000
  8.47345412e-01   0.0000
  1.17413253e-01   0.0000
  2.90982157e-01   0.0000
 -7.68641293e-01   0.0000
  8.08152333e-02   0.0000
  8.53451341e-02   0.0000
 -4.16773140e-01   0.0000
  9.60777849e-02   0.0000
  5.66091061e-01   0.0000
  8.44569057e-02   0.0000
  1.67458653e-01   0.0000
  3.75531912e-01   0.0000
 -4.38402593e-01   0.0000
 -1.14485264e-01   0.0000
 -3.70362163e-01   0.0000
 -2.18220726e-01   0.0000
  9.29197907e-01   0.0000
  9.35590640e-02   0.0000
  7.30075121e-01   0.0000
  1.41089177e+00   0.0000
  3.70168849e-03   0.0000
 -2.28388570e-02   0.0000
 -3.33814114e-01   0.0000
  4.10771310e-01   0.0000
  3.64398301e-01   0.0000
 -8.06106448e-01   0.0000
  4.14584368e-01   0.0000
  8.19884419e-01   0.0000
 -5.15340149e-01   0.0000
 -2.68334709e-02   0.0000
  4.47923392e-01   0.0000
  1.75583705e-01   0.0000
  7.85770535e-01   0.0000
  3.10065359e-01   0.0000
  3.10100466e-01   0.0000
 -9.49217439e-01   0.0000
 -1.10591404e-01   0.0000
  2.37771764e-01   0.0000
 -9.73573625e-02   0.0000
  1.03594447e-02   0.0000
  2.01121166e-01   0.0000
 -9.07510519e-02   0.0000
 -2.21071988e-01   0.0000
  1.47285998e-01   0.0000
 -2.99370498e-03   0.0000
  1.30501002e-01   0.0000
  1.68062419e-01   0.0000
 -3.42415972e-03   0.0000
 -1.51699493e-02   0.0000
  3.23919654e-02   0.0000
 -2.70292405e-02   0.0000
 -1.53672472e-01   0.0000
 -5.31217791e-02   0.0000
  7.12700784e-02   0.0000
 -7.24340230e-02   0.0000
  4.05889340e-02   0.0000
 -9.55866501e-02   0.0000
  4.57666488e-03   0.0000
 -2.74718344e-01   0.0000
 -1.09269517e-02   0.0000
 -2.10301772e-01   0.0000
  5.12452051e-02   0.0000
  2.69571602e-01   0.0000
  1.51874110e-01   0.0000
 -2.07387030e-01   0.0000
  1.01368399e-02   0.0000
  8.12949389e-02   0.0000
  1.37763247e-01   0.0000
 -1.28538266e-01   0.0000
 -1.52838677e-01   0.0000
 -6.22916706e-02   0.0000
 -2.19006523e-01   0.0000
 -9.35407206e-02   0.0000
 -2.26269551e-02   0.0000
 -2.44527221e-01   0.0000
 -1.40700713e-01   0.0000
 -5.79487048e-02   0.0000
 -6.09197430e-02   0.0000
  1.26339823e-01   0.0000
  1.92121286e-02   0.0000
  9.30308253e-02   0.0000
 -1.51458934e-01   0.0000
  1.28042931e-02   0.0000
 -1.48920447e-01   0.0000
  5.11617996e-02   0.0000
 -8.64298046e-02   0.0000
  9.80660766e-02   0.0000
 -3.94768864e-02   0.0000
 -1.89506084e-01   0.0000
 -1.86753035e-01   0.0000
 -1.41954377e-01   0.0000
 -1.54801548e-01   0.0000
  1.75519586e-01   0.0000
  1.80501714e-01   0.0000
  1.84086516e-01   0.0000
 -1.44950777e-01   0.0000
 -1.67248413e-01   0.0000
 -2.95466594e-02   0.0000
 -3.49224396e-02   0.0000
 -4.79750149e-02   0.0000
 -1.40149385e-01   0.0000
 -2.52613395e-01   0.0000
  1.80861235e-01   0.0000
 -7.10878223e-02   0.0000
 -1.25253722e-01   0.0000
 -7.45777190e-02   0.0000
 -3.89222354e-01   0.0000
 -1.25576690e-01   0.0000
 -8.78470987e-02   0.0000
 -8.95763785e-02   0.0000
  1.34239182e-01   0.0000
  2.97809709e-02   0.0000
 -1.65163185e-02   0.0000
 -8.79786983e-02   0.0000
  1.13768131e-01   0.0000
 -1.51435181e-01   0.0000
  4.23030593e-02   0.0000
 -5.77138886e-02   0.0000
  3.81434977e-01   0.0000
 -8.59801378e-03   0.0000
  2.75006820e-03   0.0000
 -4.29445803e-02   0.0000
 -3.14222068e-01   0.0000
 -1.71073023e-02   0.0000
  4.07842368e-01   0.0000
 -9.79391709e-02   0.0000
  3.16811323e-01   0.0000
 -1.95998475e-01   0.0000
 -9.55314264e-02   0.0000
 -1.14581652e-01   0.0000
 -2.66115740e-02   0.0000
  7.34048933e-02   0.0000
 -2.86342464e-02   0.0000
 -2.79458076e-01   0.0000
 -3.23701613e-02   0.0000
  2.46555228e-02   0.0000
 -1.17211021e-01   0.0000
  3.15281004e-01   0.0000
  4.89801280e-02   0.0000
  1.79377824e-01   0.0000
 -2.45004207e-01   0.0000
 -4.00449842e-01   0.0000
  4.04812664e-01   0.0000
 -1.87577382e-01   0.0000
 -2.12402362e-03   0.0000
 -1.22572109e-01   0.0000
  1.02878846e-01   0.0000
 -7.06992596e-02   0.0000
  1.76778004e-01   0.0000
 -2.59909600e-01   0.0000
  3.69116515e-01   0.0000
 -1.34283170e-01   0.0000
 -7.27127194e-02   0.0000
  5.66418730e-02   0.0000
 -1.16317376e-01   0.0000
 -8.71469676e-02   0.0000
  4.64514464e-01   0.0000
  3.10980715e-02   0.0000
  3.01163435e-01   0.0000
 -1.98637858e-01   0.0000
 -2.54657388e-01   0.0000
 -4.24516559e-01   0.0000
 -4.44947965e-02   0.0000
  8.28175768e-02   0.0000
  4.71121371e-02   0.0000
 -3.23049724e-02   0.0000
  2.01626904e-02   0.0000
 -4.60623438e-03   0.0000
  4.43290845e-02   0.0000
  2.42228135e-01   0.0000
  2.35250711e-01   0.0000
  1.60944238e-01   0.0000
 -4.76631559e-02   0.0000
 -6.73096776e-01   0.0000
  3.25985640e-01   0.0000
 -5.57752093e-03   0.0000
 -3.42834115e-01   0.0000
 -2.74231583e-01   0.0000
 -1.84432268e-02   0.0000
  2.15962440e-01   0.0000
  1.99399129e-01   0.0000
 -1.30555108e-01   0.0000
  6.24125600e-01   0.0000
 -1.41992122e-01   0.0000
  1.55652121e-01   0.0000
 -8.70021135e-02   0.0000
 -1.36165470e-01   0.0000
  8.24948698e-02   0.0000
  4.32844520e-01   0.0000
 -1.02892160e-01   0.0000
  3.25603813e-01   0.0000
 -3.57266404e-02   0.0000
 -2.87917461e-02   0.0000
 -5.01800716e-01   0.0000
  1.31927535e-01   0.0000
 -1.02542872e-02   0.0000
  1.80622846e-01   0.0000
  8.89219716e-02   0.0000
 -4.44625802e-02   0.0000
 -4.44599949e-02   0.0000
  4.97059077e-01   0.0000
  1.68799281e-01   0.0000
  5.30012846e-01   0.0000
  1.34484455e-01   0.0000
 -1.71279326e-01   0.0000
 -9.79207814e-01   0.0000
  5.57834029e-01   0.0000
  2.70621292e-02   0.0000
 -5.05805433e-01   0.0000
 -3.17714155e-01   0.0000
  2.77542546e-02   0.0000
  6.53299689e-01   0.0000
  1.57230496e-02   0.0000
 -1.27951354e-01   0.0000
  3.06341529e-01   0.0000
  4.66419496e-02   0.0000
 -1.59216300e-01   0.0000
  9.06377360e-02   0.0000
 -6.90903887e-02   0.0000
  2.61117499e-02   0.0000
  3.55725199e-01   0.0000
  1.51858717e-01   0.0000
  2.61343896e-01   0.0000
 -2.13736773e-01   0.0000
 -2.25567251e-01   0.0000
 -8.34559560e-01   0.0000
  2.19910055e-01   0.0000
  1.29490122e-01   0.0000
  3.63706164e-02   0.0000
  8.42687562e-02   0.0000
  7.69514292e-02   0.0000
  1.23410299e-02   0.0000
  7.62442946e-01   0.0000
  1.97222769e-01   0.0000
  9.23436344e-01   0.0000
  9.28457305e-02   0.0000
 -2.30225101e-02   0.0000
 -1.02661610e+00   0.0000
  8.69885802e-01   0.0000
 -2.68192142e-01   0.0000
 -8.80468965e-01   0.0000
 -5.72932541e-01   0.0000
 -2.30618730e-01   0.0000
  9.15533423e-01   0.0000
  1.34191543e-01   0.0000
  1.72262758e-01   0.0000
 -3.59155312e-02   0.0000
  8.53227973e-02   0.0000
 -3.43170494e-01   0.0000
  1.79147273e-01   0.0000
  1.25818118e-01   0.0000
 -2.33559623e-01   0.0000
  1.21611625e-01   0.0000
  4.25955892e-01   0.0000
  3.48349035e-01   0.0000
 -1.55654296e-01   0.0000
 -3.24490577e-01   0.0000
 -1.07808697e+00   0.0000
  5.09014070e-01   0.0000
  4.13712412e-01   0.0000
  3.82582727e-03   0.0000
 -1.39161780e-01   0.0000
 -1.24758296e-01   0.0000
  1.40583068e-01   0.0000
  3.13735716e-02   0.0000
 -2.57177204e-02   0.0000
  1.77487358e-01   0.0000
  1.83894008e-01   0.0000
 -4.58313785e-02   0.0000
 -7.13139474e-02   0.0000
  1.58774585e-01   0.0000
 -5.31229284e-03   0.0000
 -2.55777925e-01   0.0000
 -6.87599182e-02   0.0000
 -1.49405465e-01   0.0000
  5.38675673e-02   0.0000
 -7.74587691e-02   0.0000
  6.77461028e-02   0.0000
  9.53639150e-02   0.0000
 -1.54987186e-01   0.0000
 -2.59540856e-01   0.0000
  2.83885717e-01   0.0000
  1.77236184e-01   0.0000
  1.23390645e-01   0.0000
  4.21334431e-02   0.0000
  1.63129330e-01   0.0000
 -4.73378692e-03   0.0000
 -3.39480825e-02   0.0000
  1.69169977e-01   0.0000
  8.87833759e-02   0.0000
  5.09018004e-02   0.0000
  2.75118649e-03   0.0000
  1.06016994e-01   0.0000
 -1.26930296e-01   0.0000
 -1.76462084e-01   0.0000
  1.63070485e-01   0.0000
 -1.68198328e-02   0.0000
  1.68973789e-01   0.0000
  4.28724736e-01   0.0000
  1.59805685e-01   0.0000
 -5.56163788e-02   0.0000
 -2.10193604e-01   0.0000
  1.87205404e-01   0.0000
  1.49954677e-01   0.0000
 -2.88807958e-01   0.0000
  2.11358983e-02   0.0000
 -1.87272489e-01   0.0000
 -2.19857380e-01   0.0000
 -1.05836943e-01   0.0000
 -2.04505958e-02   0.0000
 -6.14847131e-02   0.0000
  9.98228192e-02   0.0000
 -2.42921844e-01   0.0000
  2.11346209e-01   0.0000
  1.59487620e-01   0.0000
 -5.44840004e-03   0.0000
  1.83166817e-01   0.0000
  1.38773859e-01   0.0000
  9.34200641e-03   0.0000
 -2.76636388e-02   0.0000
  1.17027603e-01   0.0000
  7.38309845e-02   0.0000
  2.69341171e-01   0.0000
  4.93388213e-02   0.0000
 -5.76498620e-02   0.0000
 -2.54986249e-02   0.0000
 -8.12271312e-02   0.0000
  2.75619388e-01   0.0000
  1.11071125e-01   0.0000
  9.82954055e-02   0.0000
  4.27963585e-01   0.0000
  2.23241840e-02   0.0000
  1.43217862e-01   0.0000
 -1.06969208e-01   0.0000
  2.38317579e-01   0.0000
 -6.69959635e-02   0.0000
 -6.16781898e-02   0.0000
  2.26850971e-03   0.0000
  1.35396317e-01   0.0000
 -4.66938108e-01   0.0000
 -4.41882573e-02   0.0000
 -1.97597295e-01   0.0000
  4.80147712e-02   0.0000
  4.69595902e-02   0.0000
 -3.60072583e-01   0.0000
  4.28431600e-01   0.0000
  2.18425110e-01   0.0000
  2.59364158e-01   0.0000
  3.26299258e-02   0.0000
  3.74520898e-01   0.0000
  2.53838181e-01   0.0000
  6.00820929e-02   0.0000
  1.13377668e-01   0.0000
  4.03295346e-02   0.0000
  5.21572605e-02   0.0000
  7.01007470e-02   0.0000
 -2.71512978e-02   0.0000
  1.30258845e-02   0.0000
  5.11495769e-02   0.0000
  2.28695303e-01   0.0000
 -4.01622839e-02   0.0000
 -1.21448100e-01   0.0000
  1.35308936e-01   0.0000
  3.20548952e-01   0.0000
  9.79952216e-02   0.0000
 -1.49815887e-01   0.0000
  3.87046099e-01   0.0000
 -6.25659078e-02   0.0000
 -2.34357938e-01   0.0000
  2.10228220e-01   0.0000
  8.18305314e-02   0.0000
 -3.53626698e-01   0.0000
  1.17742196e-01   0.0000
 -1.23110197e-01   0.0000
 -1.28036737e-02   0.0000
 -2.24600155e-02   0.0000
 -4.22202498e-01   0.0000
  4.65699464e-01   0.0000
  2.48666763e-01   0.0000
  2.02381983e-01   0.0000
  3.59879464e-01   0.0000
  4.38275129e-01   0.0000
  4.42984641e-01   0.0000
 -1.93873923e-02   0.0000
 -1.28117919e-01   0.0000
 -1.29785001e-01   0.0000
  1.10613490e-02   0.0000
 -8.16763565e-02   0.0000
 -1.73353136e-01   0.0000
  4.60151657e-02   0.0000
 -6.18116818e-02   0.0000
  4.56520207e-02   0.0000
 -4.58407015e-01   0.0000
  5.85385924e-03   0.0000
 -2.62390703e-01   0.0000
  5.34273237e-02   0.0000
 -3.12751591e-01   0.0000
 -3.32092494e-01   0.0000
  5.81264496e-01   0.0000
 -1.16716765e-01   0.0000
 -3.37993316e-02   0.0000
  5.38665652e-02   0.0000
 -1.08012661e-01   0.0000
 -3.23901474e-01   0.0000
 -5.23320362e-02   0.0000
  7.03431740e-02   0.0000
  3.60914648e-01   0.0000
  7.75118992e-02   0.0000
 -3.28863174e-01   0.0000
  4.52621222e-01   0.0000
 -1.06584109e-01   0.0000
 -4.38565984e-02   0.0000
  3.76156271e-01   0.0000
  2.40193203e-01   0.0000
  4.39188272e-01   0.0000
 -8.94912407e-02   0.0000
 -1.94018945e-01   0.0000
 -1.56085685e-01   0.0000
  2.09311098e-01   0.0000
 -2.33516380e-01   0.0000
  9.39735100e-02   0.0000
  2.64316291e-01   0.0000
 -2.29190171e-01   0.0000
  6.05947860e-02   0.0000
 -5.52658081e-01   0.0000
 -5.45053966e-02   0.0000
 -4.17720884e-01   0.0000
  2.89671838e-01   0.0000
 -3.65429878e-01   0.0000
 -1.79370418e-01   0.0000
  9.25904393e-01   0.0000
 -2.04303384e-01   0.0000
 -1.29135951e-01   0.0000
 -1.63464732e-02   0.0000
  4.86946255e-02   0.0000
 -3.62974435e-01   0.0000
 -4.31385711e-02   0.0000
  8.50715395e-03   0.0000
  3.81450146e-01   0.0000
  4.72322255e-02   0.0000
 -1.14338174e-01   0.0000
  5.47335923e-01   0.0000
 -7.96515644e-02   0.0000
  2.52862900e-01   0.0000
 -2.62752473e-02   0.0000
  3.20080876e-01   0.0000
  4.34561223e-01   0.0000
  2.03325853e-01   0.0000
 -3.50765586e-01   0.0000
  2.82826722e-01   0.0000
  7.55664259e-02   0.0000
 -3.60087097e-01   0.0000
  2.82151580e-01   0.0000
  1.63272977e-01   0.0000
 -1.30274713e-01   0.0000
  3.30813587e-01   0.0000
 -5.39628565e-01   0.0000
  1.55370593e-01   0.0000
 -2.96705782e-01   0.0000
  3.46121252e-01   0.0000
 -1.21343672e-01   0.0000
 -3.19471449e-01   0.0000
  1.07189405e+00   0.0000
  4.34485823e-02   0.0000
 -2.51071841e-01   0.0000
  5.07397912e-02   0.0000
  6.16236143e-02   0.0000
 -1.05460316e-01   0.0000
 -9.66753960e-02   0.0000
  8.03834796e-02   0.0000
  6.03515685e-01   0.0000
 -8.86881277e-02   0.0000
 -3.56852084e-01   0.0000
  3.24060947e-01   0.0000
  8.49097148e-02   0.0000
  4.92499350e-03   0.0000
  1.21801026e-01   0.0000
  5.44962704e-01   0.0000
  3.55048299e-01   0.0000
  7.33733997e-02   0.0000
 -3.59225512e-01   0.0000
  6.61721230e-01   0.0000
  1.40665993e-01   0.0000
 -2.33139604e-01   0.0000
  2.76171893e-01   0.0000
  3.20262134e-01   0.0000
 -1.22863604e-02   0.0000
 -2.17189044e-01   0.0000
  1.87573321e-02   0.0000
  7.41582885e-02   0.0000
 -9.41594318e-03   0.0000
  1.45207062e-01   0.0000
 -1.21477321e-01   0.0000
 -1.45139128e-01   0.0000
  1.47119239e-01   0.0000
  8.88736099e-02   0.0000
 -1.40603691e-01   0.0000
  9.77275074e-02   0.0000
 -1.52628914e-01   0.0000
  1.03454463e-01   0.0000
  1.97691351e-01   0.0000
 -1.89399943e-01   0.0000
  4.55610603e-02   0.0000
  1.34795144e-01   0.0000
 -1.75921127e-01   0.0000
 -1.21177129e-01   0.0000
 -1.70250580e-01   0.0000
  1.83855668e-01   0.0000
  1.17865898e-01   0.0000
  1.43309608e-01   0.0000
  2.34680578e-01   0.0000
  1.13197854e-02   0.0000
 -9.63340998e-02   0.0000
 -1.48923220e-02   0.0000
  1.88875705e-01   0.0000
 -1.16679475e-01   0.0000
  2.34456077e-01   0.0000
 -3.84335309e-01   0.0000
  1.02745399e-01   0.0000
 -5.11007942e-02   0.0000
  1.07890172e-02   0.0000
 -1.80209577e-01   0.0000
 -8.92347842e-02   0.0000
  1.48358151e-01   0.0000
  3.04976571e-02   0.0000
 -2.79414374e-02   0.0000
  2.06181288e-01   0.0000
 -1.84688449e-01   0.0000
 -9.17936787e-02   0.0000
  2.97863819e-02   0.0000
  1.51477201e-04   0.0000
 -1.54691204e-01   0.0000
  9.96815115e-02   0.0000
  7.56738484e-02   0.0000
  2.66052783e-01   0.0000
 -7.66182393e-02   0.0000
 -2.79332232e-03   0.0000
  1.18383706e-01   0.0000
 -2.07793549e-01   0.0000
 -1.15212329e-01   0.0000
  7.23931670e-01   0.0000
 -2.06011757e-01   0.0000
  5.46433568e-01   0.0000
 -9.25288275e-02   0.0000
  1.75859734e-01   0.0000
 -1.97939932e-01   0.0000
 -1.25412559e-02   0.0000
 -1.37830572e-02   0.0000
  1.50048092e-01   0.0000
  1.82138667e-01   0.0000
 -6.84456974e-02   0.0000
 -3.27157564e-02   0.0000
  6.68004574e-03   0.0000
 -1.81339413e-01   0.0000
 -1.85367793e-01   0.0000
  7.52165169e-02   0.0000
  8.35774615e-02   0.0000
 -1.46293119e-01   0.0000
  2.51746953e-01   0.0000
 -1.54595912e-01   0.0000
  1.10313974e-01   0.0000
 -1.01547122e-01   0.0000
  1.68643724e-02   0.0000
 -4.76947539e-02   0.0000
  4.75015678e-02   0.0000
 -5.88249490e-02   0.0000
  1.81349859e-01   0.0000
  1.06462715e-02   0.0000
 -3.35796535e-01   0.0000
 -7.62924030e-02   0.0000
  2.22789571e-02   0.0000
  5.72168864e-02   0.0000
  7.49290407e-01   0.0000
 -3.48006189e-01   0.0000
  7.99037814e-01   0.0000
 -2.55459640e-02   0.0000
  7.41072893e-02   0.0000
 -4.25736099e-01   0.0000
 -1.13977432e-01   0.0000
  1.88263431e-01   0.0000
  3.40969563e-01   0.0000
  2.57471651e-02   0.0000
 -5.73155517e-03   0.0000
 -7.52625428e-03   0.0000
  2.25114033e-01   0.0000
  1.49721026e-01   0.0000
  1.78423479e-01   0.0000
  2.10512981e-01   0.0000
 -1.73663735e-01   0.0000
  9.66518372e-02   0.0000
 -9.79479123e-03   0.0000
 -1.84186250e-01   0.0000
 -1.81239340e-02   0.0000
 -2.07714334e-01   0.0000
  2.02057809e-01   0.0000
 -3.13876033e-01   0.0000
  1.57439206e-02   0.0000
  8.81137978e-03   0.0000
 -9.06509012e-02   0.0000
 -3.19774859e-02   0.0000
 -3.36570553e-02   0.0000
 -2.14855090e-01   0.0000
  8.82414654e-02   0.0000
  1.00351479e-02   0.0000
  9.17575777e-01   0.0000
 -3.82767051e-01   0.0000
  6.38605893e-01   0.0000
 -6.82329834e-02   0.0000
  3.15808892e-01   0.0000
 -2.88498938e-01   0.0000
  1.86456099e-01   0.0000
  9.25095752e-02   0.0000
  1.90707505e-01   0.0000
 -2.24910639e-02   0.0000
 -9.37869698e-02   0.0000
  9.58515927e-02   0.0000
  1.37383252e-01   0.0000
  1.63550358e-02   0.0000
 -2.21637879e-02   0.0000
  4.66680586e-01   0.0000
  6.55103773e-02   0.0000
  2.35275313e-01   0.0000
 -3.18663269e-01   0.0000
 -4.88708587e-03   0.0000
 -3.24737459e-01   0.0000
 -5.14704347e-01   0.0000
 -3.36619318e-02   0.0000
 -5.31298444e-02   0.0000
 -1.33474305e-01   0.0000
 -8.38518962e-02   0.0000
 -2.60343403e-01   0.0000
 -4.83155288e-02   0.0000
 -9.79319960e-02   0.0000
 -2.89958596e-01   0.0000
  2.69529313e-01   0.0000
  3.91723439e-02   0.0000
  1.02370369e+00   0.0000
 -1.03503570e-01   0.0000
  4.64890808e-01   0.0000
  1.70331493e-01   0.0000
  2.44168997e-01   0.0000
  1.82987466e-01   0.0000
  1.49625530e-02   0.0000
  2.81468064e-01   0.0000
  3.77411634e-01   0.0000
 -8.65972117e-02   0.0000
  1.43983150e-02   0.0000
  2.66161293e-01   0.0000
 -4.68344204e-02   0.0000
  3.82611305e-01   0.0000
  3.42343837e-01   0.0000
  1.29615501e-01   0.0000
 -2.02435762e-01   0.0000
  2.25459307e-01   0.0000
 -3.86100054e-01   0.0000
 -2.33453847e-02   0.0000
 -4.60338145e-01   0.0000
 -5.06899536e-01   0.0000
  3.60393316e-01   0.0000
  1.30070105e-01   0.0000
  2.62826923e-02   0.0000
  8.36560726e-02   0.0000
 -2.87853897e-01   0.0000
  1.99643552e-01   0.0000
 -1.68484617e-02   0.0000
 -3.32460493e-01   0.0000
  1.45584360e-01   0.0000
  1.48884773e-01   0.0000
  1.25972760e+00   0.0000
  1.20417878e-01   0.0000
  3.22589546e-01   0.0000
  1.65261015e-01   0.0000
  3.17196906e-01   0.0000
  2.97833234e-01   0.0000
  1.37248963e-01   0.0000
  4.45217676e-02   0.0000
  5.41354775e-01   0.0000
 -1.93167657e-01   0.0000
 -2.16699958e-01   0.0000
 -1.44757748e-01   0.0000
 -9.63026106e-01   0.0000
  2.56051034e-01   0.0000
  2.00942487e-01   0.0000
  3.42799693e-01   0.0000
 -4.05087918e-01   0.0000
  7.28843734e-02   0.0000
 -4.39350724e-01   0.0000
 -8.87362212e-02   0.0000
 -3.72985840e-01   0.0000
 -2.81221956e-01   0.0000
  2.29145601e-01   0.0000
  3.98063101e-03   0.0000
 -1.49672860e-02   0.0000
 -1.06246114e-01   0.0000
  1.88353121e-01   0.0000
  1.76160753e-01   0.0000
  1.37736619e-01   0.0000
 -4.91173178e-01   0.0000
 -1.13941103e-01   0.0000
  3.89860235e-02   0.0000
  1.41969490e+00   0.0000
  1.88378930e-01   0.0000
  3.55599225e-01   0.0000
 -8.18297863e-02   0.0000
  4.18560281e-02   0.0000
  2.56427824e-01   0.0000
 -1.92304447e-01   0.0000
 -1.22841552e-01   0.0000
  6.34105086e-01   0.0000
 -2.86385119e-01   0.0000
 -9.39607173e-02   0.0000
 -1.79508910e-01   0.0000
  6.23277783e-01   0.0000
  3.36221546e-01   0.0000
 -9.03591886e-02   0.0000
  1.09664559e-01   0.0000
  1.29098184e-02   0.0000
 -2.69817650e-01   0.0000
  5.25322258e-01   0.0000
  2.77387680e-05   0.0000
 -3.51529196e-02   0.0000
 -4.86167222e-01   0.0000
 -9.14799341e-04   0.0000
 -3.17111015e-02   0.0000
 -1.25761315e-01   0.0000
  8.32253397e-02   0.0000
 -6.73676312e-01   0.0000
 -1.91295228e-03   0.0000
 -1.41867951e-01   0.0000
  1.51032299e-01   0.0000
 -1.60030350e-01   0.0000
 -1.97244540e-01   0.0000
 -6.35750055e-01   0.0000
  7.68785834e-01   0.0000
  7.52805829e-01   0.0000
  6.39625788e-02   0.0000
  1.53857037e-01   0.0000
  2.46728584e-01   0.0000
  3.52610350e-01   0.0000
 -4.75334516e-03   0.0000
 -7.41844624e-02   0.0000
 -1.09877717e+00   0.0000
 -2.13863909e-01   0.0000
  2.16827258e-01   0.0000
 -3.66248712e-02   0.0000
  5.89201339e-02   0.0000
  2.28704348e-01   0.0000
 -1.20898532e-02   0.0000
 -6.41462579e-02   0.0000
 -4.28811312e-02   0.0000
  7.51281381e-02   0.0000
  1.38483256e-01   0.0000
  1.21395215e-01   0.0000
  2.98477978e-01   0.0000
  4.61467355e-02   0.0000
 -1.11646734e-01   0.0000
 -1.27645254e-01   0.0000
 -6.87539205e-02   0.0000
 -8.90087634e-02   0.0000
 -1.11477852e-01   0.0000
  1.02743492e-01   0.0000
  1.58610016e-01   0.0000
  1.28401235e-01   0.0000
 -1.73302352e-01   0.0000
 -1.24473989e-01   0.0000
  6.94106162e-01   0.0000
  9.61011872e-02   0.0000
 -2.58732945e-01   0.0000
  2.51536369e-01   0.0000
 -2.82453233e-03   0.0000
  2.29976282e-01   0.0000
  2.58500546e-01   0.0000
  2.18406674e-02   0.0000
 -8.16905320e-01   0.0000
  7.51595870e-02   0.0000
  9.40451100e-02   0.0000
 -2.58168817e-01   0.0000
 -1.07847147e-01   0.0000
  5.38690031e-01   0.0000
 -7.32000843e-02   0.0000
  2.96155852e-03   0.0000
  1.94548398e-01   0.0000
 -3.58771861e-01   0.0000
  1.33484125e-01   0.0000
  1.75256934e-02   0.0000
  8.72872531e-01   0.0000
  7.47038499e-02   0.0000
 -4.68673557e-01   0.0000
 -1.16695583e-01   0.0000
  1.08995900e-01   0.0000
  4.12054241e-01   0.0000
  6.19604997e-02   0.0000
 -3.01182605e-02   0.0000
  2.41506651e-01   0.0000
  5.84002137e-02   0.0000
  1.21499030e-02   0.0000
  3.37348133e-02   0.0000
  4.09366816e-01   0.0000
 -2.11363524e-01   0.0000
 -4.44910936e-02   0.0000
  1.65326461e-01   0.0000
 -5.94322607e-02   0.0000
  1.20722316e-02   0.0000
  3.89102139e-02   0.0000
  1.05662704e-01   0.0000
 -2.12366045e-01   0.0000
 -5.13138659e-02   0.0000
  2.53932416e-01   0.0000
 -4.34365749e-01   0.0000
 -2.69180030e-01   0.0000
  7.80075788e-02   0.0000
 -1.35194749e-01   0.0000
 -1.11775205e-01   0.0000
  1.43646136e-01   0.0000
 -6.11245811e-01   0.0000
  2.14523636e-02   0.0000
 -3.29877973e-01   0.0000
  9.88216519e-01   0.0000
  6.04645647e-02   0.0000
 -3.67494315e-01   0.0000
  7.05922917e-02   0.0000
 -1.59627557e-01   0.0000
  6.90879822e-01   0.0000
  2.29139179e-02   0.0000
  2.81863838e-01   0.0000
  3.01671922e-01   0.0000
  3.02904308e-01   0.0000
  2.17834398e-01   0.0000
  1.80532843e-01   0.0000
  6.27316907e-02   0.0000
 -4.24681336e-01   0.0000
 -1.93758413e-01   0.0000
  5.25625408e-01   0.0000
  2.26279981e-02   0.0000
 -7.45734051e-02   0.0000
  2.11975095e-03   0.0000
  9.89094675e-02   0.0000
 -2.14968368e-01   0.0000
 -1.41825266e-02   0.0000
  2.40732789e-01   0.0000
 -4.29330379e-01   0.0000
 -2.40467131e-01   0.0000
  1.55061319e-01   0.0000
 -3.61279905e-01   0.0000
 -7.22674131e-02   0.0000
  1.26344070e-01   0.0000
 -2.17911020e-01   0.0000
 -1.55161992e-02   0.0000
 -5.50742924e-01   0.0000
  8.63593519e-01   0.0000
  1.09534740e-01   0.0000
 -3.74063641e-01   0.0000
 -9.09856781e-02   0.0000
  6.53300202e-04   0.0000
  4.27219659e-01   0.0000
 -2.04950258e-01   0.0000
 -1.12634912e-01   0.0000
  4.51358914e-01   0.0000
  2.49107763e-01   0.0000
  2.24072173e-01   0.0000
 -2.27207989e-01   0.0000
  2.76293810e-02   0.0000
 -1.32016107e-01   0.0000
  9.84402224e-02   0.0000
  3.08759570e-01   0.0000
  2.61474669e-01   0.0000
 -7.96584710e-02   0.0000
  2.12171134e-02   0.0000
  1.27538502e-01   0.0000
 -9.17620808e-02   0.0000
 -4.06860784e-02   0.0000
  2.61333585e-01   0.0000
  1.12731397e-01   0.0000
 -3.10537726e-01   0.0000
  1.29537508e-01   0.0000
 -5.70825875e-01   0.0000
 -1.81819230e-01   0.0000
  1.53713241e-01   0.0000
  1.94046229e-01   0.0000
 -1.63764536e-01   0.0000
 -9.59800720e-01   0.0000
  3.00572187e-01   0.0000
  2.34041840e-01   0.0000
 -1.00648567e-01   0.0000
 -1.94625884e-01   0.0000
 -8.67472682e-03   0.0000
 -2.47661650e-01   0.0000
 -1.85151175e-02   0.0000
  1.19402828e-02   0.0000
  4.33871299e-01   0.0000
 -9.12081078e-02   0.0000
 -5.40390611e-02   0.0000
 -2.83495754e-01   0.0000
 -8.41811001e-02   0.0000
  6.70907870e-02   0.0000
 -2.15307325e-01   0.0000
  5.68538725e-01   0.0000
  1.26136497e-01   0.0000
 -1.00477606e-01   0.0000
  3.37206572e-03   0.0000
  1.52528048e-01   0.0000
 -7.06679448e-02   0.0000
  1.20216191e-01   0.0000
 -7.79565498e-02   0.0000
  7.34580606e-02   0.0000
 -6.74194515e-01   0.0000
 -6.83180541e-02   0.0000
 -6.54860318e-01   0.0000
 -1.93056494e-01   0.0000
  3.76651287e-01   0.0000
  3.90453011e-01   0.0000
 -2.00906694e-01   0.0000
 -7.97153711e-01   0.0000
 -1.12150550e-01   0.0000
  2.24082679e-01   0.0000
 -1.57896221e-01   0.0000
  6.53785691e-02   0.0000
 -1.20686226e-01   0.0000
 -7.61098921e-01   0.0000
 -1.35368079e-01   0.0000
  7.79714584e-02   0.0000
  3.25732470e-01   0.0000
 -4.26745623e-01   0.0000
 -1.10356119e-02   0.0000
 -6.00011528e-01   0.0000
 -1.21395752e-01   0.0000
  3.95650148e-01   0.0000
 -1.63855791e-01   0.0000
  2.28409678e-01   0.0000
 -4.36508775e-01   0.0000
 -2.45335862e-01   0.0000
 -4.51252997e-01   0.0000
  2.03834996e-01   0.0000
  2.19543323e-01   0.0000
  3.11119437e-01   0.0000
  2.65369210e-02   0.0000
 -2.55192369e-01   0.0000
  1.18564837e-01   0.0000
  4.30498421e-01   0.0000
  4.64003086e-01   0.0000
 -1.03796922e-01   0.0000
  3.67068015e-02   0.0000
 -3.01537383e-02   0.0000
 -4.55860943e-02   0.0000
 -2.31920257e-01   0.0000
 -1.51181176e-01   0.0000
  3.70648295e-01   0.0000
  7.56111383e-01   0.0000
 -1.48869291e-01   0.0000
 -1.12491973e-01   0.0000
 -4.49282862e-02   0.0000
  1.33269861e-01   0.0000
 -2.04795659e-01   0.0000
 -2.28813633e-01   0.0000
 -3.08789432e-01   0.0000
  2.77072906e-01   0.0000
  5.25866628e-01   0.0000
 -2.85522819e-01   0.0000
 -9.44799408e-02   0.0000
 -9.95472744e-02   0.0000
  8.54279846e-02   0.0000
  5.13292439e-02   0.0000
 -6.25653118e-02   0.0000
 -4.38640147e-01   0.0000
 -1.97844818e-01   0.0000
  2.40380675e-01   0.0000
  1.93596110e-02   0.0000
  5.24415016e-01   0.0000
  8.56269896e-02   0.0000
 -1.44585758e-01   0.0000
 -5.93001321e-02   0.0000
 -6.40060427e-03   0.0000
 -1.80736855e-01   0.0000
 -7.76234642e-02   0.0000
 -2.54945941e-02   0.0000
 -3.24188411e-01   0.0000
 -7.55832822e-04   0.0000
  8.13936368e-02   0.0000
  7.82549679e-02   0.0000
 -9.43916291e-02   0.0000
  1.48137406e-01   0.0000
  3.29429716e-01   0.0000
  4.17660773e-02   0.0000
  3.26553942e-04   0.0000
 -1.73655149e-04   0.0000
  1.02466777e-01   0.0000
  1.10175684e-01   0.0000
 -1.90284848e-01   0.0000
  1.27211884e-01   0.0000
 -9.38937366e-02   0.0000
 -6.86269347e-03   0.0000
  6.27547726e-02   0.0000
 -3.27413417e-02   0.0000
  5.93772568e-02   0.0000
  1.67452991e-01   0.0000
  2.44622499e-01   0.0000
  5.31358644e-04   0.0000
 -7.19587915e-05   0.0000
  7.56464005e-02   0.0000
  5.99744499e-01   0.0000
  2.24595621e-01   0.0000
 -6.08118400e-02   0.0000
  2.87283421e-01   0.0000
  7.03339428e-02   0.0000
  6.65560365e-02   0.0000
 -1.49109475e-02   0.0000
  1.64500270e-02   0.0000
  2.29694154e-02   0.0000
  1.43550605e-01   0.0000
  1.69864506e-01   0.0000
 -1.03648931e-01   0.0000
  1.64590091e-01   0.0000
 -2.28401184e-01   0.0000
 -7.58048296e-01   0.0000
 -2.19684333e-01   0.0000
 -4.24201526e-02   0.0000
 -6.32076785e-02   0.0000
 -5.99982813e-02   0.0000
  8.06447864e-02   0.0000
  1.38667211e-01   0.0000
 -6.40895814e-02   0.0000
 -2.76132941e-01   0.0000
 -1.08097652e-02   0.0000
  1.81683466e-01   0.0000
  1.81231380e-01   0.0000
  5.26003912e-02   0.0000
  1.27095833e-01   0.0000
  5.99267125e-01   0.0000
  3.98395909e-03   0.0000
  9.79633927e-02   0.0000
  4.44870479e-02   0.0000
  3.91731471e-01   0.0000
  7.60409832e-02   0.0000
  1.55193359e-01   0.0000
 -2.06942901e-01   0.0000
  6.63531199e-02   0.0000
 -7.00201839e-02   0.0000
 -1.33373469e-01   0.0000
 -3.01274955e-01   0.0000
 -1.64593950e-01   0.0000
  1.29367828e-01   0.0000
  1.03244811e-01   0.0000
 -5.58539592e-02   0.0000
 -3.88637364e-01   0.0000
 -2.58396238e-01   0.0000
 -8.47750962e-01   0.0000
 -2.05415301e-02   0.0000
  8.79775882e-02   0.0000
 -1.25451744e-01   0.0000
 -2.10836250e-02   0.0000
 -1.89534426e-02   0.0000
  8.69168248e-03   0.0000
 -2.55483780e-02   0.0000
 -9.88399386e-02   0.0000
 -3.19472738e-02   0.0000
  3.93503755e-02   0.0000
  1.48361772e-01   0.0000
 -1.35903865e-01   0.0000
  6.60609081e-02   0.0000
  4.72097993e-01   0.0000
  1.34309500e-01   0.0000
  3.57680801e-05   0.0000
 -1.76204517e-01   0.0000
  2.77580142e-01   0.0000
  1.50578679e-04   0.0000
  1.87564224e-01   0.0000
  2.90325750e-02   0.0000
  1.28070908e-02   0.0000
 -1.23296138e-02   0.0000
 -1.39945392e-02   0.0000
  1.78844556e-01   0.0000
  2.07196400e-02   0.0000
 -3.72912399e-02   0.0000
 -1.47017151e-01   0.0000
  1.52046438e-02   0.0000
  1.43116340e-01   0.0000
  1.60365194e-01   0.0000
  7.24444866e-01   0.0000
  3.31419528e-01   0.0000
  4.05917322e-04   0.0000
  6.68354779e-02   0.0000
  8.46500844e-02   0.0000
 -1.34752214e-01   0.0000
 -7.02931955e-02   0.0000
  1.85243845e-01   0.0000
  2.66390591e-04   0.0000
 -1.44463927e-01   0.0000
 -1.43009335e-01   0.0000
  6.13697655e-02   0.0000
 -1.98719531e-01   0.0000
 -1.19339198e-01   0.0000
 -1.00333886e-02   0.0000
 -8.71733949e-02   0.0000
 -3.32791387e-04   0.0000
 -2.36611275e-04   0.0000
  5.44139385e-01   0.0000
  2.71592144e-04   0.0000
  3.00525600e-04   0.0000
  2.47379959e-01   0.0000
 -2.96810064e-02   0.0000
  7.24683180e-02   0.0000
  4.79074568e-03   0.0000
 -5.60940914e-02   0.0000
  2.04057872e-01   0.0000
 -7.10753202e-02   0.0000
 -1.67179734e-01   0.0000
  8.69221315e-02   0.0000
 -2.23032296e-01   0.0000
 -5.44350855e-02   0.0000
 -6.22928701e-02   0.0000
  4.32074293e-02   0.0000
 -1.43440485e-01   0.0000
 -6.95939139e-02   0.0000
  5.65560088e-02   0.0000
 -1.47902230e-02   0.0000
  1.80779114e-01   0.0000
  1.00280195e-01   0.0000
  1.29265681e-01   0.0000
  7.62846172e-02   0.0000
 -8.12856928e-02   0.0000
  3.54474923e-03   0.0000
 -1.66044369e-01   0.0000
  3.38198282e-02   0.0000
 -3.65637153e-01   0.0000
 -2.94206776e-02   0.0000
  4.48245816e-02   0.0000
 -1.02685720e-01   0.0000
  4.20472682e-01   0.0000
 -5.47930226e-02   0.0000
  8.84433761e-02   0.0000
 -2.01423407e-01   0.0000
 -2.27375269e-01   0.0000
  9.01705213e-03   0.0000
 -7.58167822e-03   0.0000
 -7.93593377e-02   0.0000
 -9.55603793e-02   0.0000
 -5.44543378e-02   0.0000
 -2.18896434e-01   0.0000
 -1.09295594e-03   0.0000
  2.43797153e-02   0.0000
 -5.39483794e-04   0.0000
  2.42256582e-01   0.0000
 -1.30464435e-01   0.0000
 -4.94391483e-04   0.0000
 -9.56078321e-02   0.0000
 -8.59188288e-02   0.0000
 -3.08601993e-05   0.0000
  1.59925610e-01   0.0000
 -5.80222420e-02   0.0000
  1.20031431e-01   0.0000
  1.89111382e-01   0.0000
  6.97963126e-03   0.0000
  3.83302793e-02   0.0000
  9.39574018e-02   0.0000
  1.26134649e-01   0.0000
 -1.04365125e-02   0.0000
  1.50134601e-02   0.0000
  1.31901652e-01   0.0000
  1.13118604e-01   0.0000
 -4.28845972e-01   0.0000
  3.10297068e-02   0.0000
  6.10120595e-02   0.0000
 -4.62460697e-01   0.0000
 -5.02131507e-02   0.0000
  1.13747269e-01   0.0000
 -5.07626384e-02   0.0000
  2.18850940e-01   0.0000
 -1.63636789e-01   0.0000
 -1.76258072e-01   0.0000
 -2.07547888e-01   0.0000
 -3.47830743e-01   0.0000
  1.13108039e-01   0.0000
  8.58612433e-02   0.0000
  1.20929170e+00   0.0000
  3.21646631e-01   0.0000
 -1.98105231e-01   0.0000
  5.46341203e-02   0.0000
 -1.82369258e-02   0.0000
 -1.13581061e-01   0.0000
 -8.33675265e-02   0.0000
 -2.36060202e-01   0.0000
 -5.54194674e-03   0.0000
  1.15986187e-02   0.0000
 -8.93236175e-02   0.0000
 -2.03220993e-02   0.0000
  2.08755374e-01   0.0000
 -3.35028768e-02   0.0000
  1.69326335e-01   0.0000
 -1.99343592e-01   0.0000
 -8.00980255e-02   0.0000
 -1.63114775e-04   0.0000
 -8.38754356e-01   0.0000
 -2.10044339e-01   0.0000
 -1.76215932e-01   0.0000
 -3.81129265e-01   0.0000
 -6.61101639e-02   0.0000
 -1.77421138e-01   0.0000
 -6.02162769e-03   0.0000
 -2.02423483e-01   0.0000
 -2.71922052e-01   0.0000
  2.49482363e-01   0.0000
  3.18406932e-02   0.0000
 -7.83913955e-03   0.0000
 -1.16257362e-01   0.0000
 -8.34968814e-04   0.0000
 -4.56744611e-01   0.0000
 -1.86316416e-01   0.0000
  1.98116764e-01   0.0000
  1.44782513e-01   0.0000
  4.11580205e-02   0.0000
  1.88018605e-01   0.0000
 -5.66913523e-02   0.0000
 -1.15214102e-02   0.0000
  1.92803621e-01   0.0000
  1.64182245e-04   0.0000
  1.61559567e-01   0.0000
  5.52620389e-04   0.0000
 -3.60093489e-02   0.0000
 -4.66625392e-02   0.0000
  4.03712749e-01   0.0000
  5.16294912e-02   0.0000
  1.62107825e-01   0.0000
 -5.01575842e-02   0.0000
  1.32615924e-01   0.0000
 -1.33322701e-01   0.0000
 -1.43896118e-01   0.0000
 -1.80350229e-01   0.0000
 -7.30156600e-02   0.0000
  1.38940439e-01   0.0000
 -3.21315639e-02   0.0000
 -5.96394129e-02   0.0000
 -3.44143361e-01   0.0000
 -8.72057974e-02   0.0000
 -3.09142899e-02   0.0000
  8.75051320e-02   0.0000
  4.40104008e-02   0.0000
  9.69755203e-02   0.0000
  1.78205013e-01   0.0000
  3.49864783e-03   0.0000
  2.34413183e-05   0.0000
  1.76053550e-02   0.0000
 -1.91848934e-01   0.0000
 -1.71273910e-02   0.0000
  1.65745378e-01   0.0000
 -2.77610570e-01   0.0000
  1.17097095e-01   0.0000
 -1.54671460e-01   0.0000
 -1.96802206e-02   0.0000
  3.14875133e-02   0.0000
  1.91570088e-01   0.0000
 -6.47071004e-02   0.0000
  7.27941319e-02   0.0000
  1.37320027e-01   0.0000
 -9.81080234e-02   0.0000
 -2.15122774e-02   0.0000
 -5.76871574e-01   0.0000
  2.43492544e-01   0.0000
 -6.79391995e-02   0.0000
  2.16052204e-01   0.0000
  2.83542424e-01   0.0000
  1.72435507e-01   0.0000
  8.70921612e-02   0.0000
  6.66014198e-03   0.0000
  4.10055161e-01   0.0000
 -9.50714853e-03   0.0000
  2.21378952e-01   0.0000
  5.81038003e-05   0.0000
 -1.11304358e-01   0.0000
 -2.45402619e-01   0.0000
  4.11935925e-01   0.0000
  3.69352400e-02   0.0000
  4.19341400e-02   0.0000
  6.46906644e-02   0.0000
 -1.32751346e-01   0.0000
  1.77884638e-01   0.0000
 -1.35190174e-01   0.0000
  1.97352856e-01   0.0000
  1.62975296e-01   0.0000
  6.91574160e-03   0.0000
  7.09986389e-02   0.0000
 -1.56125292e-01   0.0000
  1.88228533e-01   0.0000
 -1.15544952e-01   0.0000
 -1.33503282e+00   0.0000
  2.71264054e-02   0.0000
 -3.05176873e-05   0.0000
  2.74465419e-03   0.0000
 -5.58076262e-01   0.0000
  6.14821762e-02   0.0000
  9.96468440e-02   0.0000
 -1.53812930e-01   0.0000
 -1.06957518e-01   0.0000
  1.72697380e-01   0.0000
  1.10357493e-01   0.0000
  5.53979762e-02   0.0000
 -2.21970871e-01   0.0000
  1.86505631e-01   0.0000
  2.55822507e-03   0.0000
 -3.05193543e-01   0.0000
  1.65644646e-01   0.0000
  8.23920313e-03   0.0000
  8.85692239e-01   0.0000
  2.15385661e-01   0.0000
  8.68271962e-02   0.0000
 -4.59902100e-02   0.0000
  2.12638274e-01   0.0000
  1.48070335e-01   0.0000
 -1.47917911e-01   0.0000
 -1.07009910e-01   0.0000
  1.55613407e-01   0.0000
  9.32409316e-02   0.0000
 -5.48343286e-02   0.0000
 -1.53592639e-02   0.0000
 -4.20252457e-02   0.0000
 -2.84692701e-02   0.0000
 -1.80396602e-01   0.0000
  1.04421355e-01   0.0000
  1.98984772e-01   0.0000
  8.88306946e-02   0.0000
  7.99984261e-02   0.0000
 -4.62737270e-02   0.0000
 -1.18041478e-01   0.0000
  1.61436379e-01   0.0000
 -5.17308787e-02   0.0000
 -1.13346174e-01   0.0000
 -1.51702777e-01   0.0000
  2.66298771e-01   0.0000
  1.14152007e-01   0.0000
 -1.86645985e-01   0.0000
 -2.21769780e-01   0.0000
  2.66025402e-02   0.0000
 -1.97766796e-02   0.0000
  1.44549549e-01   0.0000
  9.74252075e-02   0.0000
  6.76835701e-02   0.0000
  2.68538855e-02   0.0000
  1.36178569e-04   0.0000
 -5.57229705e-02   0.0000
 -3.34328477e-04   0.0000
  1.09114088e-02   0.0000
  1.19033001e-01   0.0000
 -1.89425245e-01   0.0000
  7.19024241e-02   0.0000
  4.29334715e-02   0.0000
 -1.39872670e-01   0.0000
 -3.90777551e-02   0.0000
 -1.70582142e-02   0.0000
  1.36018515e-01   0.0000
  8.41050074e-02   0.0000
 -6.65196627e-02   0.0000
  1.54536086e-04   0.0000
 -7.78062165e-01   0.0000
 -9.76859108e-02   0.0000
 -7.43669569e-02   0.0000
  4.47079331e-01   0.0000
  2.11250439e-01   0.0000
 -3.26172896e-02   0.0000
 -1.30322337e-01   0.0000
 -4.23379354e-02   0.0000
  4.68388617e-01   0.0000
 -1.60656691e-01   0.0000
  1.27022475e-01   0.0000
  1.51492909e-01   0.0000
  1.34052532e-02   0.0000
 -6.66328445e-02   0.0000
  2.14543983e-01   0.0000
  2.01847255e-01   0.0000
  1.48466885e-01   0.0000
  8.96295980e-02   0.0000
  1.90388277e-01   0.0000
  1.72792703e-01   0.0000
 -1.28166350e-02   0.0000
  3.05912346e-01   0.0000
  3.39409783e-02   0.0000
  9.56842974e-02   0.0000
  7.22322986e-02   0.0000
 -1.57136366e-01   0.0000
 -6.24122098e-02   0.0000
  1.32112965e-01   0.0000
 -1.84001997e-01   0.0000
 -7.43572116e-02   0.0000
 -1.95694584e-02   0.0000
  2.57192086e-02   0.0000
 -2.75967628e-01   0.0000
  4.45364130e-05   0.0000
  9.30794552e-02   0.0000
  2.05507144e-01   0.0000
  1.79436237e-01   0.0000
 -1.33398160e-01   0.0000
  1.61708489e-01   0.0000
  7.20384866e-02   0.0000
 -2.89966725e-02   0.0000
 -2.02834561e-01   0.0000
 -7.51713812e-02   0.0000
 -2.52288795e-04   0.0000
  1.44235156e-02   0.0000
 -2.40259916e-02   0.0000
 -3.28248926e-02   0.0000
  7.09406734e-02   0.0000
 -2.05449775e-01   0.0000
 -1.09565981e-01   0.0000
 -8.77522305e-03   0.0000
 -1.60345599e-01   0.0000
  1.01664551e-01   0.0000
 -9.53791142e-02   0.0000
  1.67803645e-01   0.0000
  1.21488236e-01   0.0000
 -1.30367979e-01   0.0000
 -1.71969324e-01   0.0000
  2.19481019e-03   0.0000
 -8.88177112e-07   0.0000
 -1.32777065e-01   0.0000
 -1.22362174e-01   0.0000
  4.99248691e-02   0.0000
 -1.21553667e-01   0.0000
 -2.70430464e-02   0.0000
 -1.07986204e-01   0.0000
  9.42770392e-02   0.0000
 -1.89604908e-01   0.0000
  1.25259615e-03   0.0000
 -1.12121612e-01   0.0000
  1.35502115e-01   0.0000
  1.78349048e-01   0.0000
  1.89234227e-01   0.0000
 -1.48842037e-01   0.0000
 -8.89353454e-02   0.0000
  2.60943137e-02   0.0000
  8.14282969e-02   0.0000
  4.42594402e-02   0.0000
 -6.70541450e-03   0.0000
  1.12510033e-01   0.0000
  6.98576041e-05   0.0000
 -5.30881342e-03   0.0000
  2.82434344e-01   0.0000
  6.77838326e-02   0.0000
  9.30194780e-02   0.0000
 -2.29055628e-01   0.0000
 -7.74828717e-02   0.0000
 -4.42485660e-02   0.0000
 -1.12379864e-01   0.0000
 -2.44580209e-02   0.0000
  2.96073835e-02   0.0000
 -4.91059246e-03   0.0000
  1.03265807e-01   0.0000
 -1.15004450e-01   0.0000
 -1.25005797e-01   0.0000
 -1.12109510e-02   0.0000
  2.34777275e-02   0.0000
  5.56787737e-02   0.0000
  8.31812397e-02   0.0000
  7.49281794e-02   0.0000
  2.08487123e-01   0.0000
  1.90284178e-01   0.0000
  1.88120589e-01   0.0000
 -2.16822892e-01   0.0000
 -2.19843701e-01   0.0000
  1.46391869e-01   0.0000
 -3.55164334e-02   0.0000
  2.32505165e-02   0.0000
 -3.83982584e-02   0.0000
 -8.08811262e-02   0.0000
  6.18970096e-01   0.0000
 -8.48773401e-03   0.0000
 -1.58162117e-01   0.0000
 -8.99748951e-02   0.0000
 -2.48189375e-01   0.0000
  2.65494129e-03   0.0000
 -4.75115404e-02   0.0000
  3.46284211e-02   0.0000
  7.75724929e-03   0.0000
 -2.29196376e-04   0.0000
  2.32164226e-02   0.0000
 -3.16992514e-02   0.0000
 -2.00273424e-01   0.0000
  1.84121475e-01   0.0000
 -3.96859199e-01   0.0000
  2.38424074e-02   0.0000
 -4.33969833e-02   0.0000
 -3.27484347e-02   0.0000
 -1.31545007e-01   0.0000
 -1.41347744e-04   0.0000
 -2.04182055e-04   0.0000
  3.64036173e-01   0.0000
  6.57075495e-02   0.0000
 -8.06988869e-03   0.0000
 -1.48637474e-01   0.0000
 -9.18048397e-02   0.0000
  3.97439629e-01   0.0000
  9.28076059e-02   0.0000
 -2.47845263e-03   0.0000
  2.25370705e-01   0.0000
 -1.60658196e-01   0.0000
 -1.26112695e-03   0.0000
  2.62748543e-02   0.0000
  8.26799311e-03   0.0000
  1.36125401e-01   0.0000
 -2.07603425e-01   0.0000
  1.83277223e-02   0.0000
 -2.83477828e-03   0.0000
  1.06207483e-01   0.0000
  1.32970035e-01   0.0000
 -1.43104166e-01   0.0000
  1.14483526e-02   0.0000
  2.52940576e-03   0.0000
  7.73392571e-03   0.0000
 -2.39191115e-01   0.0000
  1.12291694e-01   0.0000
 -1.83394268e-01   0.0000
  1.60082355e-01   0.0000
  6.03641011e-02   0.0000
  1.47075847e-01   0.0000
 -7.67361671e-02   0.0000
 -1.90139245e-02   0.0000
 -1.01762734e-01   0.0000
  1.83669060e-01   0.0000
  2.71200091e-01   0.0000
 -8.17502034e-04   0.0000
  1.34290829e-01   0.0000
 -3.29610473e-03   0.0000
  6.24172650e-02   0.0000
  7.91301802e-02   0.0000
 -1.55682387e-02   0.0000
  1.57299891e-01   0.0000
  2.06203479e-03   0.0000
 -2.98527181e-02   0.0000
  2.81762242e-01   0.0000
 -1.24935545e-01   0.0000
  1.74605399e-01   0.0000
 -6.85702711e-02   0.0000
 -1.33626938e-01   0.0000
 -1.58722490e-01   0.0000
  2.15636026e-02   0.0000
  9.62399840e-02   0.0000
 -1.24313749e-01   0.0000
  1.01444922e-01   0.0000
 -1.75036103e-01   0.0000
  1.25393644e-01   0.0000
  5.26132174e-02   0.0000
  8.34797770e-02   0.0000
 -5.69849789e-01   0.0000
 -4.34949547e-02   0.0000
  1.49056137e-01   0.0000
  7.83407018e-02   0.0000
  9.71108437e-01   0.0000
  8.56200010e-02   0.0000
  1.44946754e-01   0.0000
 -2.44527444e-01   0.0000
 -3.17632779e-02   0.0000
 -1.53695613e-01   0.0000
  8.92969444e-02   0.0000
  1.22787841e-01   0.0000
 -2.98243493e-01   0.0000
  1.35061398e-01   0.0000
 -2.27365062e-01   0.0000
  1.42846294e-02   0.0000
  6.13328628e-02   0.0000
 -5.00918366e-02   0.0000
 -5.94072402e-01   0.0000
  7.12987855e-02   0.0000
 -7.52689957e-04   0.0000
 -1.15793109e-01   0.0000
 -1.59521654e-01   0.0000
 -1.89208508e-01   0.0000
 -4.55246828e-02   0.0000
 -2.61619359e-01   0.0000
  8.59958082e-02   0.0000
  2.21318267e-02   0.0000
 -1.91087827e-01   0.0000
 -5.26099652e-02   0.0000
  1.91813007e-01   0.0000
 -7.85259381e-02   0.0000
  5.80895483e-01   0.0000
 -1.92350686e-01   0.0000
  9.78696421e-02   0.0000
  9.06673968e-02   0.0000
  4.79278684e-01   0.0000
  6.23084081e-04   0.0000
 -1.25803858e-01   0.0000
  2.41103955e-03   0.0000
 -1.80015594e-01   0.0000
 -5.52602112e-02   0.0000
 -1.17571786e-01   0.0000
 -3.32398602e-04   0.0000
  1.33509248e-01   0.0000
 -1.04492255e-01   0.0000
  1.96740761e-01   0.0000
 -2.48075984e-02   0.0000
 -1.05588093e-01   0.0000
  1.28072515e-01   0.0000
  8.06667984e-01   0.0000
  7.50287399e-02   0.0000
 -9.00112614e-02   0.0000
  1.54543564e-01   0.0000
 -1.86271966e-02   0.0000
  1.21716984e-01   0.0000
  3.43879275e-02   0.0000
 -1.38995340e-04   0.0000
 -1.52588040e-01   0.0000
  1.63496330e-01   0.0000
  1.17873438e-01   0.0000
  1.29322335e-01   0.0000
 -1.42361373e-01   0.0000
  3.31158703e-03   0.0000
  2.61947423e-01   0.0000
  1.31377056e-01   0.0000
 -6.37282152e-04   0.0000
 -1.21894643e-01   0.0000
  1.12651616e-01   0.0000
 -1.12839520e-01   0.0000
  1.34181487e-03   0.0000
 -5.42400815e-02   0.0000
  6.21843562e-02   0.0000
  1.56459436e-01   0.0000
 -4.87855002e-02   0.0000
  3.91572453e-02   0.0000
 -2.23463364e-02   0.0000
 -1.29490778e-01   0.0000
 -1.04240784e-02   0.0000
 -2.17951596e-01   0.0000
  2.61030525e-01   0.0000
  3.06934059e-01   0.0000
  5.40554881e-01   0.0000
  2.01144218e-01   0.0000
 -1.38410240e-01   0.0000
  2.32142508e-01   0.0000
 -1.22703493e-01   0.0000
 -4.65325154e-02   0.0000
  1.54495671e-01   0.0000
 -5.46630435e-02   0.0000
 -1.96292713e-01   0.0000
  7.02195708e-03   0.0000
  7.74405450e-02   0.0000
  5.64351492e-03   0.0000
 -1.47667363e-01   0.0000
  1.93873331e-01   0.0000
 -2.88508013e-02   0.0000
 -4.81094606e-02   0.0000
  4.58180048e-02   0.0000
 -8.14060271e-02   0.0000
 -2.65416235e-01   0.0000
 -1.82133988e-02   0.0000
  3.72433057e-03   0.0000
  3.86282653e-01   0.0000
  2.76937425e-01   0.0000
  1.81063975e-03   0.0000
 -1.11571103e-01   0.0000
  4.72759362e-03   0.0000
  1.67393789e-01   0.0000
  9.07856897e-02   0.0000
  1.49255410e-01   0.0000
 -5.42806424e-02   0.0000
 -2.83858597e-01   0.0000
 -2.06314072e-01   0.0000
  5.39482117e-01   0.0000
  1.65426023e-02   0.0000
 -1.09618276e-01   0.0000
 -1.25071229e-02   0.0000
 -1.18005402e-01   0.0000
 -1.52721480e-01   0.0000
 -1.68121248e-01   0.0000
  1.65153623e-01   0.0000
  9.98309776e-02   0.0000
  1.23530075e-01   0.0000
  1.87766701e-01   0.0000
 -8.71396884e-02   0.0000
 -1.46163538e-01   0.0000
  1.77211061e-01   0.0000
 -1.02112442e-01   0.0000
 -1.05107151e-01   0.0000
  1.21232003e-01   0.0000
  1.13820590e-01   0.0000
  8.02851737e-01   0.0000
 -1.50229990e-01   0.0000
  1.82183906e-02   0.0000
 -2.61518359e-01   0.0000
 -3.42568941e-02   0.0000
  5.01202047e-03   0.0000
  8.73508584e-03   0.0000
  4.50689681e-02   0.0000
 -1.45773322e-03   0.0000
  2.16017932e-01   0.0000
  1.05288140e-01   0.0000
  9.31085870e-02   0.0000
 -1.36620045e-01   0.0000
  1.96696326e-01   0.0000
 -9.31068301e-01   0.0000
 -1.15659200e-02   0.0000
  5.71445152e-02   0.0000
  5.46147930e-04   0.0000
  2.75344215e-02   0.0000
 -1.77864730e-02   0.0000
  5.84787107e-04   0.0000
 -4.11442071e-02   0.0000
 -1.40645131e-01   0.0000
  8.81918669e-02   0.0000
  1.85158283e-01   0.0000
  1.46846607e-01   0.0000
  5.62110431e-02   0.0000
  1.19716264e-01   0.0000
  2.28186935e-01   0.0000
  8.59604999e-02   0.0000
 -1.82118281e-04   0.0000
  5.55530079e-02   0.0000
  3.02463789e-02   0.0000
 -3.58625723e-04   0.0000
 -1.46082446e-01   0.0000
  8.79873987e-03   0.0000
  3.71815637e-02   0.0000
 -1.86067015e-01   0.0000
 -2.05310341e-03   0.0000
  3.01658243e-01   0.0000
  9.53876525e-02   0.0000
 -1.15555540e-01   0.0000
 -8.13934300e-03   0.0000
  1.30260602e-01   0.0000
 -1.55417845e-01   0.0000
  9.98660997e-02   0.0000
 -1.10354471e+00   0.0000
  6.75367340e-02   0.0000
 -4.17612605e-02   0.0000
 -1.94341063e-01   0.0000
  1.85619786e-01   0.0000
 -7.45274350e-02   0.0000
  2.41301116e-03   0.0000
  1.26630619e-01   0.0000
 -2.60660052e-01   0.0000
  1.27777249e-01   0.0000
 -3.77551392e-02   0.0000
  1.52998734e-02   0.0000
  6.36756346e-02   0.0000
  1.68102663e-02   0.0000
 -9.22536924e-02   0.0000
  1.72144264e-01   0.0000
  1.82715207e-02   0.0000
  2.09728107e-01   0.0000
  6.34700477e-01   0.0000
 -1.76714316e-01   0.0000
 -1.01157822e-01   0.0000
  1.70262195e-02   0.0000
  6.01452030e-02   0.0000
 -1.65851668e-01   0.0000
  2.28699576e-03   0.0000
  4.16172668e-02   0.0000
 -4.98160757e-02   0.0000
  1.62056968e-01   0.0000
 -1.69320926e-01   0.0000
 -3.30097191e-02   0.0000
 -4.26067561e-02   0.0000
  1.27516657e-01   0.0000
 -1.11938611e-01   0.0000
  1.24598622e-01   0.0000
  1.78290736e-02   0.0000
  1.65502310e-01   0.0000
  1.02794811e-01   0.0000
  1.96520358e-01   0.0000
  1.45277664e-01   0.0000
 -7.76240155e-02   0.0000
  7.96089619e-02   0.0000
  5.86894229e-02   0.0000
  1.85281783e-01   0.0000
  2.34172940e-02   0.0000
 -1.14396609e-01   0.0000
  1.83242664e-01   0.0000
 -1.05353951e-01   0.0000
  9.54290293e-03   0.0000
  1.19223043e-01   0.0000
  7.18709156e-02   0.0000
  7.75712669e-01   0.0000
 -8.15380514e-02   0.0000
 -1.18855818e-03   0.0000
 -9.21716690e-02   0.0000
  1.23724930e-01   0.0000
  5.24230255e-03   0.0000
 -1.35097117e-03   0.0000
  3.36779356e-01   0.0000
 -2.02936381e-01   0.0000
  1.50415255e-02   0.0000
 -1.22248933e-01   0.0000
 -6.63120346e-03   0.0000
  1.75711662e-01   0.0000
  1.72342703e-01   0.0000
  5.72031319e-01   0.0000
  2.52818055e-02   0.0000
 -1.63780749e-01   0.0000
  2.05752715e-01   0.0000
  2.23543674e-01   0.0000
  6.33813962e-02   0.0000
  1.66559398e-01   0.0000
  6.16818666e-02   0.0000
 -2.27251798e-01   0.0000
  5.37896622e-03   0.0000
  1.26528612e-03   0.0000
  6.80728704e-02   0.0000
  8.19313973e-02   0.0000
 -1.13206888e-02   0.0000
  6.29969299e-01   0.0000
  2.29651132e-03   0.0000
  1.53488964e-01   0.0000
  2.46141985e-01   0.0000
  1.00618494e+00   0.0000
  1.32859275e-01   0.0000
 -5.56045398e-02   0.0000
 -2.64234215e-01   0.0000
 -5.09175546e-02   0.0000
 -4.19423683e-03   0.0000
  1.72830835e-01   0.0000
  1.55551299e-01   0.0000
  1.45870954e-01   0.0000
  1.85033176e-02   0.0000
  1.49049059e-01   0.0000
 -4.50606197e-02   0.0000
  1.82309389e-01   0.0000
  5.69520257e-02   0.0000
  3.69049788e-01   0.0000
  1.63583845e-01   0.0000
  1.18351214e-01   0.0000
  8.47973302e-02   0.0000
  3.00341070e-01   0.0000
 -2.16728672e-01   0.0000
 -1.04544669e-01   0.0000
  9.73300785e-02   0.0000
  1.83171958e-01   0.0000
 -1.87080055e-01   0.0000
 -6.39964566e-02   0.0000
 -1.17217757e-01   0.0000
  2.44135596e-03   0.0000
 -1.94089398e-01   0.0000
  1.97766423e-01   0.0000
  1.55725062e-01   0.0000
 -1.77396387e-01   0.0000
  6.84095845e-02   0.0000
  5.79751849e-01   0.0000
 -1.75925791e-01   0.0000
  1.38729736e-01   0.0000
 -1.76913619e-01   0.0000
  2.12194510e-02   0.0000
 -7.00936913e-02   0.0000
 -1.26229115e-02   0.0000
  1.73694506e-01   0.0000
  8.17417279e-02   0.0000
 -9.75721329e-02   0.0000
  5.35283685e-02   0.0000
  1.69136487e-02   0.0000
  2.26392135e-01   0.0000
  3.11480090e-02   0.0000
 -4.27021459e-02   0.0000
 -7.23259076e-02   0.0000
  5.21610677e-02   0.0000
  1.46584377e-01   0.0000
 -8.92343149e-02   0.0000
  2.41416092e-06   0.0000
  1.18826771e-04   0.0000
  1.58859834e-01   0.0000
 -2.19074503e-01   0.0000
  2.39320938e-03   0.0000
  4.38081361e-02   0.0000
  5.45848161e-03   0.0000
  5.38738370e-02   0.0000
  1.60851240e-01   0.0000
  5.90450019e-02   0.0000
  1.06798254e-01   0.0000
  1.58627078e-01   0.0000
  1.36600107e-01   0.0000
  3.27322841e-01   0.0000
  7.90239349e-02   0.0000
 -3.80075052e-02   0.0000
  1.21417325e-02   0.0000
 -1.63217753e-01   0.0000
 -1.57864064e-01   0.0000
  4.57827225e-02   0.0000
 -3.35308880e-01   0.0000
  1.67783469e-01   0.0000
  1.72498580e-02   0.0000
  1.65601727e-02   0.0000
  1.27975363e-02   0.0000
 -2.25457177e-01   0.0000
 -4.21055593e-02   0.0000
 -8.64828885e-01   0.0000
 -3.99942189e-01   0.0000
 -6.31059334e-02   0.0000
 -1.60146311e-01   0.0000
 -2.99027301e-02   0.0000
 -4.75994125e-02   0.0000
  1.68965518e-01   0.0000
  2.79482044e-02   0.0000
  3.73046584e-02   0.0000
  9.35673192e-02   0.0000
 -1.63411409e-01   0.0000
  1.08656794e-01   0.0000
  4.89112139e-02   0.0000
 -8.40907171e-03   0.0000
  7.71033615e-02   0.0000
 -6.23927126e-03   0.0000
  1.52406290e-01   0.0000
  3.03331995e-03   0.0000
 -8.10114324e-01   0.0000
 -4.92087789e-02   0.0000
 -1.33291781e-01   0.0000
 -4.29299176e-02   0.0000
 -2.01629521e-03   0.0000
 -4.94584367e-02   0.0000
  1.91614553e-01   0.0000
  1.12938229e-02   0.0000
 -1.88940927e-01   0.0000
  2.56630573e-02   0.0000
 -2.47962810e-02   0.0000
 -1.51358619e-01   0.0000
 -1.04097903e-01   0.0000
 -1.50818124e-01   0.0000
 -7.37049043e-01   0.0000
 -5.17304428e-03   0.0000
  1.84258490e-04   0.0000
 -1.31747216e-01   0.0000
 -1.46620303e-01   0.0000
  1.33532047e-01   0.0000
 -1.28174946e-01   0.0000
 -4.61020134e-02   0.0000
 -9.40103009e-02   0.0000
 -3.36379968e-02   0.0000
 -2.59825122e-02   0.0000
 -2.06058100e-02   0.0000
 -1.01986723e-02   0.0000
  2.72669718e-02   0.0000
  2.11664692e-01   0.0000
 -1.04920017e-02   0.0000
 -1.23592272e-01   0.0000
 -2.01742798e-01   0.0000
 -2.19932515e-02   0.0000
 -1.06421508e-01   0.0000
  3.94135900e-02   0.0000
 -2.96615269e-02   0.0000
 -5.71615845e-02   0.0000
 -9.39146727e-02   0.0000
  7.99642429e-02   0.0000
  1.03612654e-01   0.0000
 -2.08090901e-01   0.0000
 -1.02636233e-01   0.0000
 -1.16209053e-02   0.0000
  2.74516288e-02   0.0000
  1.16007917e-01   0.0000
  1.67587489e-01   0.0000
  8.30514491e-01   0.0000
  2.33709514e-01   0.0000
 -3.12067885e-02   0.0000
 -9.54049528e-02   0.0000
  1.28682345e-01   0.0000
 -1.56406775e-01   0.0000
 -5.40082008e-02   0.0000
  4.84246127e-02   0.0000
  1.41984075e-01   0.0000
  8.85042325e-02   0.0000
  8.72001871e-02   0.0000
  1.70156583e-01   0.0000
  1.19135328e-01   0.0000
 -1.29079248e-03   0.0000
 -5.21180391e-01   0.0000
 -9.67725292e-02   0.0000
 -8.02173242e-02   0.0000
 -4.61392440e-02   0.0000
 -4.66040820e-01   0.0000
 -3.47196037e-05   0.0000
 -1.09279685e-01   0.0000
  1.64462365e-02   0.0000
 -1.99587584e-01   0.0000
  1.84718743e-01   0.0000
  4.39366698e-02   0.0000
  9.63909402e-02   0.0000
 -3.57430696e-01   0.0000
 -8.36410820e-02   0.0000
  1.05145447e-01   0.0000
 -3.10461130e-02   0.0000
 -1.24752760e-01   0.0000
  6.02388121e-02   0.0000
  1.14504091e-01   0.0000
  1.12064831e-01   0.0000
 -2.86881290e-02   0.0000
  5.67913242e-02   0.0000
  2.84302235e-02   0.0000
 -2.05326200e-01   0.0000
 -1.24510199e-01   0.0000
  2.92051118e-02   0.0000
  8.46185759e-02   0.0000
  1.18653968e-01   0.0000
 -3.79182026e-02   0.0000
 -1.88237712e-01   0.0000
 -4.57884967e-02   0.0000
  3.03878672e-02   0.0000
  1.08707465e-01   0.0000
 -1.36720717e-01   0.0000
  1.06164336e-01   0.0000
 -1.49992898e-01   0.0000
 -9.36959326e-01   0.0000
  3.19464386e-01   0.0000
  1.35674581e-01   0.0000
  4.59935486e-01   0.0000
  2.97443688e-01   0.0000
 -3.83241139e-02   0.0000
  2.12809611e-02   0.0000
  3.94581974e-01   0.0000
  1.29969394e+00   0.0000
 -4.92867492e-02   0.0000
 -1.89190030e-01   0.0000
  3.29215288e-01   0.0000
  2.13828504e-01   0.0000
  7.40958080e-02   0.0000
  1.26506731e-01   0.0000
  1.71928070e-02   0.0000
 -1.43663466e-01   0.0000
 -1.79062039e-01   0.0000
  1.93712637e-02   0.0000
 -2.03150928e-01   0.0000
 -9.50191841e-02   0.0000
  2.94127315e-01   0.0000
 -9.45405364e-02   0.0000
  2.22337134e-02   0.0000
  6.80630468e-03   0.0000
  1.74693421e-01   0.0000
 -1.52797014e-01   0.0000
  7.54536241e-02   0.0000
 -5.55649698e-01   0.0000
 -2.79654115e-02   0.0000
 -2.68677939e-02   0.0000
 -1.45819619e-01   0.0000
 -1.05539823e+00   0.0000
  3.74437571e-02   0.0000
 -1.01184152e-01   0.0000
 -1.35408413e+00   0.0000
 -7.50895143e-01   0.0000
 -2.45824650e-01   0.0000
 -1.30725518e-01   0.0000
  6.79745972e-01   0.0000
 -7.98699856e-01   0.0000
  8.74515101e-02   0.0000
  3.69879138e-03   0.0000
 -3.88046861e-01   0.0000
  4.45264816e-01   0.0000
  1.03788540e-01   0.0000
  1.49818170e+00   0.0000
  2.93136865e-01   0.0000
 -7.35545680e-02   0.0000
  6.85735047e-03   0.0000
  5.15284657e-01   0.0000
  2.35350225e-02   0.0000
 -1.56398527e-02   0.0000
 -8.13938379e-01   0.0000
 -3.67864132e-01   0.0000
 -1.94184452e-01   0.0000
 -2.25124866e-01   0.0000
 -2.24766806e-01   0.0000
 -3.17506313e-01   0.0000
 -2.97045052e-01   0.0000
 -8.19442391e-01   0.0000
 -2.51889318e-01   0.0000
 -3.95804234e-02   0.0000
 -1.44377232e-01   0.0000
  0.00000000e+00   0.0000

