 5 0.000000 10
 1 
 Si 28.085500
 0 0.250001 4.500000 0.978124 1.000000 
 5 0 1 2 4 6
 7 1.50000 1.75000 2.00000 2.25000 2.50000 2.75000 3.00000
 1 12.169200 6.172630 3.114710 0.755675 0.404939 0.036124 0.650018 0.572890
 4 35 32 32 1
 -6.77508712e-02   0.0000
  3.75598103e-01   0.0000
  1.37768313e-01   0.0000
 -4.13666040e-01   0.0000
  1.60674006e-01   0.0000
 -8.14691037e-02   0.0000
 -5.90121090e-01   0.0000
  4.68188286e-01   0.0000
 -1.80727690e-01   0.0000
 -2.31819123e-01   0.0000
 -1.69842929e-01   0.0000
  1.01282515e-01   0.0000
  1.08432017e-01   0.0000
  1.45728305e-01   0.0000
 -4.55912650e-01   0.0000
  5.69371581e-02   0.0000
 -2.02947989e-01   0.0000
 -7.55983889e-02   0.0000
  7.34725073e-02   0.0000
 -1.31978199e-01   0.0000
 -2.82731533e-01   0.0000
 -5.94658971e-01   0.0000
  4.52378631e-01   0.0000
  3.09304055e-02   0.0000
  2.27906823e-01   0.0000
  1.34851590e-01   0.0000
 -4.68163133e-01   0.0000
 -2.11740643e-01   0.0000
  2.78680533e-01   0.0000
  3.17934126e-01   0.0000
 -4.73742515e-01   0.0000
  3.89511846e-02   0.0000
 -9.60815921e-02   0.0000
 -1.09690279e-01   0.0000
  2.96054393e-01   0.0000
 -5.60262725e-02   0.0000
  1.02686684e-03   0.0000
 -2.67968774e-01   0.0000
 -5.71461439e-01   0.0000
  3.27330112e-01   0.0000
  4.94222790e-02   0.0000
  2.22899094e-02   0.0000
  2.28015572e-01   0.0000
 -3.07232812e-02   0.0000
 -1.33207560e-01   0.0000
 -3.08449604e-02   0.0000
 -1.23269044e-01   0.0000
  9.39799175e-02   0.0000
  9.63724032e-02   0.0000
  6.58741593e-02   0.0000
  1.27041982e-02   0.0000
 -3.03904295e-01   0.0000
 -1.26114964e-01   0.0000
 -5.61931729e-02   0.0000
  4.27949965e-01   0.0000
 -3.23295474e-01   0.0000
  4.60210582e-03   0.0000
 -3.90359312e-02   0.0000
  1.43155158e-02   0.0000
 -9.67467874e-02   0.0000
  1.11972600e-01   0.0000
  3.38142723e-01   0.0000
 -1.56680435e-01   0.0000
 -5.68494350e-02   0.0000
  8.80748928e-02   0.0000
 -2.41625845e-01   0.0000
  3.34229141e-01   0.0000
 -4.06296492e-01   0.0000
  5.87411001e-02   0.0000
  6.56352937e-02   0.0000
 -1.83188796e-01   0.0000
  2.58833647e-01   0.0000
 -7.40984827e-02   0.0000
  2.97764957e-01   0.0000
 -5.70910275e-02   0.0000
  9.82027221e-03   0.0000
  7.05616251e-02   0.0000
  7.55338073e-02   0.0000
 -2.99038172e-01   0.0000
  4.81900066e-01   0.0000
  1.89759269e-01   0.0000
  3.14631104e-01   0.0000
 -4.66625154e-01   0.0000
 -3.90145779e-01   0.0000
 -2.39801422e-01   0.0000
  1.56771332e-01   0.0000
  3.72907966e-02   0.0000
 -7.32503474e-01   0.0000
  1.08197215e-03   0.0000
  5.79945073e-02   0.0000
 -3.37497920e-01   0.0000
 -2.91420847e-01   0.0000
 -5.82809001e-02   0.0000
  6.05406642e-01   0.0000
 -1.34201333e-01   0.0000
  1.34160727e-01   0.0000
 -7.41362199e-02   0.0000
 -3.34704295e-02   0.0000
  3.81183982e-01   0.0000
 -3.12070996e-01   0.0000
  1.45501867e-01   0.0000
 -3.32438141e-01   0.0000
 -1.37485057e-01   0.0000
  1.52554378e-01   0.0000
 -2.75565535e-01   0.0000
  5.42121410e-01   0.0000
  1.79802608e-02   0.0000
  1.82498291e-01   0.0000
  6.19903326e-01   0.0000
  6.01083264e-02   0.0000
 -1.16843857e-01   0.0000
 -5.66597320e-02   0.0000
  3.76460880e-01   0.0000
  1.69912681e-01   0.0000
 -3.53435904e-01   0.0000
 -7.51704797e-02   0.0000
  1.28879920e-01   0.0000
  4.59544837e-01   0.0000
  8.52740332e-02   0.0000
 -3.14607680e-01   0.0000
  1.51907593e-01   0.0000
  3.00923139e-01   0.0000
 -3.85478795e-01   0.0000
 -1.28416076e-01   0.0000
 -3.97186369e-01   0.0000
  4.71839517e-01   0.0000
 -6.44354150e-02   0.0000
 -2.12198868e-01   0.0000
  1.09012313e-01   0.0000
  2.67580990e-02   0.0000
  1.17613636e-01   0.0000
  9.23603326e-02   0.0000
  1.70892522e-01   0.0000
 -6.50090277e-02   0.0000
 -9.73925516e-02   0.0000
 -2.39722684e-01   0.0000
 -2.21114159e-01   0.0000
  6.16085172e-01   0.0000
 -5.05693369e-02   0.0000
  1.21184163e-01   0.0000
  6.02054119e-01   0.0000
 -9.99062657e-02   0.0000
 -3.55859786e-01   0.0000
 -6.67249337e-02   0.0000
  4.82394636e-01   0.0000
  3.10043901e-01   0.0000
 -6.81369185e-01   0.0000
 -2.11028103e-02   0.0000
  1.58899471e-01   0.0000
  1.71350569e-01   0.0000
  4.97383624e-02   0.0000
  1.53013438e-01   0.0000
  1.40820593e-01   0.0000
  1.46724850e-01   0.0000
  4.59559187e-02   0.0000
 -2.89941728e-02   0.0000
 -1.73149019e-01   0.0000
  2.47269318e-01   0.0000
 -5.71142435e-02   0.0000
 -1.00004137e-01   0.0000
 -3.85224447e-02   0.0000
  5.36438286e-01   0.0000
 -1.23397499e-01   0.0000
  7.50643685e-02   0.0000
  2.29071707e-01   0.0000
  1.51854502e-02   0.0000
  6.02031946e-02   0.0000
 -4.23143983e-01   0.0000
 -1.65639043e-01   0.0000
  5.83778560e-01   0.0000
 -2.82543689e-01   0.0000
  2.55322069e-01   0.0000
  9.04763639e-01   0.0000
 -1.49409562e-01   0.0000
 -4.14727598e-01   0.0000
 -5.00180483e-01   0.0000
  5.07188201e-01   0.0000
  8.37658197e-02   0.0000
 -4.81796741e-01   0.0000
  3.50620121e-01   0.0000
  1.30643040e-01   0.0000
 -3.52467000e-02   0.0000
 -1.60348848e-01   0.0000
  2.96100438e-01   0.0000
  2.37363741e-01   0.0000
  4.37584430e-01   0.0000
 -1.05499126e-01   0.0000
  2.95954086e-02   0.0000
 -3.34976792e-01   0.0000
  8.08847845e-02   0.0000
  2.45196775e-01   0.0000
 -3.22918087e-01   0.0000
  1.55563340e-01   0.0000
  6.72506332e-01   0.0000
 -1.43925279e-01   0.0000
  2.01537162e-01   0.0000
  1.09154843e-01   0.0000
 -2.85062969e-01   0.0000
  2.59559482e-01   0.0000
 -3.33342344e-01   0.0000
 -1.88485175e-01   0.0000
  6.74121261e-01   0.0000
 -9.23518911e-02   0.0000
  5.87570012e-01   0.0000
  7.61203229e-01   0.0000
 -1.96667388e-02   0.0000
 -1.47386611e-01   0.0000
 -5.40522516e-01   0.0000
  5.03257632e-01   0.0000
  3.58009517e-01   0.0000
 -4.84107435e-01   0.0000
  4.26369727e-01   0.0000
  4.76608664e-01   0.0000
 -4.75409120e-01   0.0000
  7.26354867e-02   0.0000
  5.87185204e-01   0.0000
  2.96369851e-01   0.0000
  3.96910995e-01   0.0000
  1.32392243e-01   0.0000
  1.38907090e-01   0.0000
 -3.41206998e-01   0.0000
 -3.15694660e-02   0.0000
  2.22892046e-01   0.0000
 -2.65926532e-02   0.0000
  6.80253655e-02   0.0000
  1.91342890e-01   0.0000
 -1.58875316e-01   0.0000
 -1.55165136e-01   0.0000
  1.89282328e-01   0.0000
  3.60284410e-02   0.0000
  2.06678510e-01   0.0000
  1.03369616e-01   0.0000
 -9.04460845e-04   0.0000
 -1.84280705e-02   0.0000
  1.04684785e-01   0.0000
 -5.26388772e-02   0.0000
 -1.72470525e-01   0.0000
 -1.00011505e-01   0.0000
  1.26616821e-01   0.0000
 -4.14545797e-02   0.0000
  5.35774007e-02   0.0000
 -9.09326971e-02   0.0000
 -1.30576938e-02   0.0000
 -2.07534254e-01   0.0000
  3.17850453e-03   0.0000
 -3.10458004e-01   0.0000
  3.08270031e-03   0.0000
  2.62988597e-01   0.0000
  1.93212911e-01   0.0000
 -2.31902644e-01   0.0000
  1.55121239e-03   0.0000
  1.07424945e-01   0.0000
  1.17957160e-01   0.0000
 -1.82439640e-01   0.0000
 -2.85928492e-02   0.0000
 -7.34732449e-02   0.0000
 -1.67880446e-01   0.0000
 -1.24110579e-01   0.0000
 -4.10601348e-02   0.0000
 -6.00515120e-02   0.0000
 -1.31786898e-01   0.0000
  3.12984455e-03   0.0000
  5.07726008e-03   0.0000
  1.90038281e-03   0.0000
  7.31917992e-02   0.0000
 -2.19704416e-02   0.0000
 -1.11931473e-01   0.0000
  3.30826119e-02   0.0000
 -1.59763098e-01   0.0000
  1.18031376e-03   0.0000
 -1.57373957e-02   0.0000
  1.18094571e-01   0.0000
 -8.65977034e-02   0.0000
 -2.19568834e-01   0.0000
 -1.43021286e-01   0.0000
  6.51509911e-02   0.0000
 -1.50864497e-01   0.0000
 -6.39246255e-02   0.0000
  1.28348172e-01   0.0000
  9.78780985e-02   0.0000
 -1.10747315e-01   0.0000
 -1.40851974e-01   0.0000
  3.56945246e-02   0.0000
 -3.21821012e-02   0.0000
 -1.33534819e-01   0.0000
 -1.94059670e-01   0.0000
 -8.31127316e-02   0.0000
  2.06511378e-01   0.0000
 -2.79877614e-02   0.0000
 -1.37920901e-01   0.0000
 -1.45244181e-01   0.0000
 -1.88259855e-01   0.0000
 -1.59683868e-01   0.0000
 -1.46809984e-02   0.0000
  9.14379135e-02   0.0000
  3.52171883e-02   0.0000
  9.25128311e-02   0.0000
 -2.46420354e-01   0.0000
  7.44113252e-02   0.0000
  1.52414024e-01   0.0000
 -1.66095346e-01   0.0000
 -4.23757173e-02   0.0000
  5.80999181e-02   0.0000
  2.63235718e-01   0.0000
 -6.26578033e-02   0.0000
 -2.25413274e-02   0.0000
  1.03611909e-01   0.0000
 -1.19476795e-01   0.0000
  9.71790403e-03   0.0000
  5.56415096e-02   0.0000
 -2.41139844e-01   0.0000
  1.36657178e-01   0.0000
 -1.40279785e-01   0.0000
 -2.74066478e-02   0.0000
 -2.38270219e-02   0.0000
 -7.99630210e-02   0.0000
  1.74167324e-02   0.0000
 -2.98047457e-02   0.0000
 -1.39490828e-01   0.0000
 -4.59332801e-02   0.0000
  2.41116304e-02   0.0000
 -1.85820758e-01   0.0000
  1.95829257e-01   0.0000
  2.36966729e-01   0.0000
  1.14754714e-01   0.0000
 -1.99588984e-01   0.0000
 -3.47577371e-02   0.0000
  3.10764700e-01   0.0000
 -1.71819210e-01   0.0000
 -1.40681997e-01   0.0000
  1.46949083e-01   0.0000
  1.49908453e-01   0.0000
 -1.29066125e-01   0.0000
  1.07541457e-01   0.0000
 -1.84667572e-01   0.0000
  2.65944246e-02   0.0000
 -1.90701917e-01   0.0000
 -1.12450980e-01   0.0000
  2.29687825e-01   0.0000
  7.93855824e-03   0.0000
 -7.86406919e-02   0.0000
  4.01643366e-02   0.0000
 -8.51071104e-02   0.0000
  2.20840853e-02   0.0000
 -1.45350903e-01   0.0000
 -1.91253170e-01   0.0000
 -3.58634055e-01   0.0000
 -1.97723374e-01   0.0000
  2.99884309e-03   0.0000
  1.45392045e-01   0.0000
  3.44530195e-02   0.0000
  8.23745951e-02   0.0000
 -2.30795257e-02   0.0000
 -1.38471708e-01   0.0000
  1.91492848e-02   0.0000
  2.62455672e-01   0.0000
 -1.69790257e-02   0.0000
 -2.46964209e-02   0.0000
 -8.57411996e-02   0.0000
  5.96825890e-02   0.0000
  7.76231512e-02   0.0000
 -2.59963393e-01   0.0000
  1.73949096e-02   0.0000
 -1.06337368e-02   0.0000
  8.43528211e-02   0.0000
  1.44248515e-01   0.0000
 -1.10468037e-01   0.0000
  1.92030743e-01   0.0000
 -1.79263026e-01   0.0000
  2.33660296e-01   0.0000
 -2.33106930e-02   0.0000
 -9.54911411e-02   0.0000
  1.42884672e-01   0.0000
 -1.41323851e-02   0.0000
 -2.71709293e-01   0.0000
 -2.60754060e-02   0.0000
  4.42530066e-02   0.0000
  5.49451597e-02   0.0000
 -2.89719135e-01   0.0000
 -7.24422336e-02   0.0000
 -1.53775439e-01   0.0000
  3.40237319e-01   0.0000
  9.47929993e-02   0.0000
  2.56372876e-02   0.0000
 -1.44793326e-02   0.0000
  1.97714612e-01   0.0000
 -6.06059842e-02   0.0000
  2.89439321e-01   0.0000
 -1.12054206e-01   0.0000
 -2.22598687e-01   0.0000
 -2.68697113e-01   0.0000
  3.63226272e-02   0.0000
  1.35497674e-01   0.0000
 -1.36866316e-01   0.0000
 -6.41848054e-03   0.0000
  8.21481794e-02   0.0000
  3.32286000e-01   0.0000
 -7.02526346e-02   0.0000
 -2.12424785e-01   0.0000
 -1.27114043e-01   0.0000
  8.56155455e-02   0.0000
 -5.91686070e-02   0.0000
  1.41447470e-01   0.0000
 -7.26118237e-02   0.0000
  1.05761595e-01   0.0000
 -1.19528823e-01   0.0000
  1.74572580e-02   0.0000
 -1.50338486e-01   0.0000
 -1.11941785e-01   0.0000
 -1.57911390e-01   0.0000
 -2.05174610e-01   0.0000
 -5.57208136e-02   0.0000
  1.85297523e-02   0.0000
  2.28512228e-01   0.0000
  8.61267895e-02   0.0000
  1.97605342e-01   0.0000
  1.13945298e-01   0.0000
  2.58727401e-01   0.0000
  6.81014732e-02   0.0000
  2.65201360e-01   0.0000
 -2.07432061e-01   0.0000
 -1.50051251e-01   0.0000
 -3.00424486e-01   0.0000
  9.48401317e-02   0.0000
 -2.19798326e-01   0.0000
 -2.83902645e-01   0.0000
 -2.20521405e-01   0.0000
 -2.17016056e-01   0.0000
  3.07571292e-01   0.0000
  1.02173775e-01   0.0000
 -2.76778191e-02   0.0000
 -4.00006205e-01   0.0000
  1.56993359e-01   0.0000
 -1.60058707e-01   0.0000
  2.10334256e-01   0.0000
  6.82382062e-02   0.0000
 -1.64372399e-01   0.0000
 -3.75590950e-01   0.0000
  2.82628924e-01   0.0000
 -6.73850551e-02   0.0000
  3.48003618e-02   0.0000
 -2.28611246e-01   0.0000
  1.72513977e-01   0.0000
  1.04309291e-01   0.0000
  3.34864020e-01   0.0000
  2.39777401e-01   0.0000
 -1.33996904e-01   0.0000
 -2.51810737e-02   0.0000
  1.02216594e-01   0.0000
 -1.51467726e-01   0.0000
 -1.19686842e-01   0.0000
  1.53453678e-01   0.0000
  1.66072160e-01   0.0000
 -8.36475119e-02   0.0000
 -1.58157200e-02   0.0000
  1.13309093e-01   0.0000
 -3.32346596e-02   0.0000
 -2.78455168e-01   0.0000
  5.54797575e-02   0.0000
 -1.90189376e-01   0.0000
  1.19087189e-01   0.0000
 -8.67668092e-02   0.0000
  7.34747648e-02   0.0000
  2.11411580e-01   0.0000
 -1.73685744e-01   0.0000
 -1.66584462e-01   0.0000
  2.29048863e-01   0.0000
  1.89041689e-01   0.0000
  1.86155707e-01   0.0000
  8.57285336e-02   0.0000
  5.75291924e-02   0.0000
 -8.09321180e-02   0.0000
 -9.66812372e-02   0.0000
  1.55928686e-01   0.0000
  6.56522885e-02   0.0000
 -5.43475822e-02   0.0000
 -5.97482733e-02   0.0000
  1.35060549e-01   0.0000
 -1.43013835e-01   0.0000
 -1.53317690e-01   0.0000
  8.98526683e-02   0.0000
 -2.83238858e-01   0.0000
  1.20271839e-01   0.0000
  3.59883428e-01   0.0000
  7.92688578e-02   0.0000
 -8.60710368e-02   0.0000
 -8.29723924e-02   0.0000
  4.62235399e-02   0.0000
  1.76872805e-01   0.0000
 -3.88582706e-01   0.0000
  1.56456456e-01   0.0000
 -2.43539736e-01   0.0000
 -1.32373720e-01   0.0000
 -1.08716592e-01   0.0000
 -6.17516264e-02   0.0000
  2.90658548e-02   0.0000
  1.36873424e-01   0.0000
 -7.58795589e-02   0.0000
  4.65924852e-02   0.0000
  1.36395723e-01   0.0000
  2.91849561e-02   0.0000
  2.01677725e-01   0.0000
 -5.82338013e-02   0.0000
 -7.23481029e-02   0.0000
 -1.11784384e-01   0.0000
  7.06393644e-02   0.0000
  7.70325065e-02   0.0000
  1.37020960e-01   0.0000
  1.55309085e-02   0.0000
 -6.03448115e-02   0.0000
 -1.49884028e-02   0.0000
 -2.08900869e-02   0.0000
  2.37857223e-01   0.0000
 -3.96983027e-02   0.0000
  6.39130548e-02   0.0000
  4.16333973e-01   0.0000
 -1.94561481e-01   0.0000
  2.03755498e-01   0.0000
  1.39949858e-01   0.0000
 -7.94898272e-02   0.0000
 -6.39574304e-02   0.0000
 -2.57011473e-01   0.0000
  7.78546184e-02   0.0000
  1.20396078e-01   0.0000
 -2.80807793e-01   0.0000
 -5.65125793e-02   0.0000
 -2.58524597e-01   0.0000
  1.71362072e-01   0.0000
  6.17041737e-02   0.0000
 -2.20202014e-01   0.0000
  1.61191836e-01   0.0000
  2.35558942e-01   0.0000
  3.25037122e-01   0.0000
 -3.97849828e-02   0.0000
  1.95450574e-01   0.0000
  1.53736800e-01   0.0000
 -2.16055252e-02   0.0000
  5.47057129e-02   0.0000
  1.21294752e-01   0.0000
 -1.28302276e-01   0.0000
  8.15560892e-02   0.0000
  1.03105633e-02   0.0000
  9.94778425e-02   0.0000
  1.67740703e-01   0.0000
  2.48826385e-01   0.0000
  6.65254071e-02   0.0000
 -1.54281318e-01   0.0000
  2.60834992e-01   0.0000
  7.59103671e-02   0.0000
  2.21760884e-01   0.0000
  1.35771230e-01   0.0000
 -1.10230826e-01   0.0000
 -1.95597969e-02   0.0000
 -5.56655467e-01   0.0000
  2.21053049e-01   0.0000
  3.83649245e-02   0.0000
 -4.60175574e-02   0.0000
  1.28587291e-01   0.0000
 -1.91960827e-01   0.0000
  4.40185424e-03   0.0000
 -8.16060677e-02   0.0000
 -3.73915911e-01   0.0000
  1.26234874e-01   0.0000
  3.52259040e-01   0.0000
  2.42609695e-01   0.0000
  2.67429709e-01   0.0000
  3.03640693e-01   0.0000
  2.37977624e-01   0.0000
 -9.99615788e-02   0.0000
 -2.11277187e-01   0.0000
  3.15585323e-02   0.0000
 -1.37778953e-01   0.0000
  3.78554594e-03   0.0000
 -1.57793298e-01   0.0000
  1.27032757e-01   0.0000
 -1.20718023e-02   0.0000
  6.58835396e-02   0.0000
 -9.71716866e-02   0.0000
  7.70143494e-02   0.0000
 -4.78958376e-02   0.0000
 -2.95434266e-01   0.0000
 -1.89291224e-01   0.0000
 -1.21063367e-01   0.0000
 -7.23730773e-02   0.0000
 -5.50819822e-02   0.0000
 -3.97625476e-01   0.0000
 -4.36646156e-02   0.0000
 -2.24556029e-01   0.0000
  6.94959834e-02   0.0000
 -9.63560939e-02   0.0000
  1.02166058e-02   0.0000
  2.31169045e-01   0.0000
  2.99405660e-02   0.0000
 -3.26666772e-01   0.0000
  1.10034987e-01   0.0000
 -2.25428995e-02   0.0000
 -7.47724250e-02   0.0000
  2.48096943e-01   0.0000
  1.13699295e-01   0.0000
  1.22669518e-01   0.0000
 -1.58312097e-01   0.0000
 -2.01073870e-01   0.0000
  1.76117662e-02   0.0000
  1.59064338e-01   0.0000
 -3.83519866e-02   0.0000
  1.51071563e-01   0.0000
  2.78035879e-01   0.0000
 -2.26841673e-01   0.0000
 -4.64832932e-02   0.0000
  4.63188179e-02   0.0000
 -2.18405612e-02   0.0000
 -1.67802632e-01   0.0000
 -1.31921768e-02   0.0000
 -2.08744600e-01   0.0000
 -5.02767265e-02   0.0000
  1.55508101e-01   0.0000
 -1.66659281e-01   0.0000
 -4.32190418e-01   0.0000
 -1.65802240e-01   0.0000
 -5.53472936e-02   0.0000
  2.54378803e-02   0.0000
 -2.07467675e-02   0.0000
 -1.89513668e-01   0.0000
 -2.28648037e-02   0.0000
 -3.99409011e-02   0.0000
  1.84372568e-03   0.0000
  2.75164187e-01   0.0000
 -8.15187097e-02   0.0000
  2.84377277e-01   0.0000
 -1.62664011e-01   0.0000
  1.17403351e-01   0.0000
  6.26869574e-02   0.0000
  1.93127826e-01   0.0000
 -2.51833171e-01   0.0000
  2.94100344e-01   0.0000
 -1.07743600e-02   0.0000
 -2.00197846e-02   0.0000
  3.20563376e-01   0.0000
  5.80890551e-02   0.0000
 -1.25560671e-01   0.0000
 -3.77909765e-02   0.0000
  1.19378798e-01   0.0000
  8.77661556e-02   0.0000
 -1.52640626e-01   0.0000
  9.29078385e-02   0.0000
  5.95073029e-02   0.0000
 -3.44375610e-01   0.0000
  1.80129394e-01   0.0000
  6.97053671e-02   0.0000
 -3.05334032e-01   0.0000
 -3.42697604e-08   0.0000
 -4.99335602e-02   0.0000
  2.59299487e-01   0.0000
  5.25500439e-02   0.0000
 -2.79106855e-01   0.0000
 -7.48833939e-02   0.0000
 -1.98880166e-01   0.0000
  6.13891743e-02   0.0000
  1.30950853e-01   0.0000
 -1.71393484e-01   0.0000
  1.15548270e-02   0.0000
  2.34151378e-01   0.0000
  1.06798045e-01   0.0000
 -3.69786751e-03   0.0000
 -5.74935973e-03   0.0000
 -1.25961915e-01   0.0000
  1.98299825e-01   0.0000
 -7.75562003e-02   0.0000
  2.83540606e-01   0.0000
  2.73846000e-01   0.0000
  1.79852203e-01   0.0000
  7.66162649e-02   0.0000
 -2.09775865e-01   0.0000
 -9.13093314e-02   0.0000
  1.17460467e-01   0.0000
 -7.87273794e-03   0.0000
  1.09282859e-01   0.0000
 -1.25673428e-01   0.0000
 -1.40824899e-01   0.0000
  5.22290133e-02   0.0000
  1.25474393e-01   0.0000
 -1.15413792e-01   0.0000
  1.39839694e-01   0.0000
 -1.91312149e-01   0.0000
  1.49215117e-01   0.0000
  2.01559439e-01   0.0000
 -2.13646606e-01   0.0000
  9.36060622e-02   0.0000
  1.57657802e-01   0.0000
 -1.28501058e-01   0.0000
 -1.57814547e-01   0.0000
 -1.71414763e-01   0.0000
  2.57849365e-01   0.0000
  1.45056367e-01   0.0000
  1.09832801e-01   0.0000
  9.40312669e-02   0.0000
  1.61661170e-02   0.0000
 -1.20366320e-01   0.0000
  1.05250217e-01   0.0000
  1.92820430e-01   0.0000
 -1.77698150e-01   0.0000
  2.41150886e-01   0.0000
 -2.50499606e-01   0.0000
  1.41155094e-01   0.0000
  7.34448899e-03   0.0000
 -1.38901547e-01   0.0000
 -1.79055315e-02   0.0000
  2.47466303e-02   0.0000
  1.06298104e-01   0.0000
  9.69451889e-02   0.0000
 -1.26268312e-01   0.0000
  5.17006554e-02   0.0000
 -1.98168784e-01   0.0000
 -1.48755282e-01   0.0000
  1.34224501e-02   0.0000
 -2.84530856e-02   0.0000
 -1.32729933e-01   0.0000
  8.22206140e-02   0.0000
  1.28425166e-01   0.0000
  3.75276595e-01   0.0000
 -1.18723325e-01   0.0000
  1.45457461e-01   0.0000
  2.07814634e-01   0.0000
 -1.20540410e-01   0.0000
 -9.49011445e-02   0.0000
  5.14063179e-01   0.0000
 -1.57564998e-01   0.0000
  4.45609152e-01   0.0000
 -1.16918005e-01   0.0000
  2.07248449e-01   0.0000
  2.78004527e-01   0.0000
 -1.31388605e-02   0.0000
 -3.03083900e-02   0.0000
  1.47971898e-01   0.0000
  2.10268751e-01   0.0000
 -1.17100298e-01   0.0000
 -1.55446306e-03   0.0000
 -1.91392839e-01   0.0000
 -1.47694834e-02   0.0000
 -1.50006905e-01   0.0000
 -1.27598867e-02   0.0000
  1.10993877e-01   0.0000
 -4.00686651e-01   0.0000
  1.01845868e-01   0.0000
 -1.79715037e-01   0.0000
 -1.68052278e-02   0.0000
 -1.37525842e-01   0.0000
  6.70256605e-03   0.0000
  6.50899932e-02   0.0000
  4.44366150e-02   0.0000
 -7.26112872e-02   0.0000
  3.97515833e-01   0.0000
  5.40622044e-03   0.0000
 -2.07693323e-01   0.0000
  7.25181624e-02   0.0000
  1.69014424e-01   0.0000
  1.21349640e-01   0.0000
  2.75166839e-01   0.0000
 -2.37570539e-01   0.0000
  7.53186882e-01   0.0000
 -5.18834777e-02   0.0000
  9.07792337e-03   0.0000
  1.72066674e-01   0.0000
 -1.48799241e-01   0.0000
  1.94038287e-01   0.0000
  4.14617270e-01   0.0000
  1.82918012e-02   0.0000
  1.10732410e-02   0.0000
  2.33490160e-03   0.0000
  9.65690166e-02   0.0000
  2.95730203e-01   0.0000
  1.13876760e-01   0.0000
  1.46447849e-02   0.0000
 -3.01231265e-01   0.0000
 -2.47829035e-01   0.0000
 -3.73145822e-03   0.0000
 -2.47835472e-01   0.0000
 -1.54465422e-01   0.0000
 -1.34541020e-01   0.0000
  1.86950266e-01   0.0000
 -2.14639485e-01   0.0000
  5.51978089e-02   0.0000
 -1.80569869e-02   0.0000
  2.23362327e-01   0.0000
 -5.31897619e-02   0.0000
  1.05463192e-01   0.0000
  2.00551440e-04   0.0000
  1.35364205e-01   0.0000
  4.39279191e-02   0.0000
  3.95121247e-01   0.0000
 -3.46270949e-01   0.0000
  6.14119172e-01   0.0000
 -1.69906124e-01   0.0000
  1.22079089e-01   0.0000
  1.61083892e-01   0.0000
  1.27523869e-01   0.0000
  6.59191012e-02   0.0000
  3.41894239e-01   0.0000
 -8.40209052e-03   0.0000
 -4.60124463e-02   0.0000
  3.11969165e-02   0.0000
  5.54004014e-02   0.0000
 -4.60835360e-02   0.0000
 -3.75840038e-01   0.0000
  2.03068569e-01   0.0000
 -1.02721438e-01   0.0000
 -1.31465077e-01   0.0000
 -6.16982356e-02   0.0000
 -1.07454903e-01   0.0000
 -2.42046133e-01   0.0000
 -2.61998266e-01   0.0000
 -1.22153379e-01   0.0000
  8.21958035e-02   0.0000
 -6.39587343e-02   0.0000
 -2.29842454e-01   0.0000
  1.08636126e-01   0.0000
 -6.76677972e-02   0.0000
 -5.76284016e-03   0.0000
  9.10368562e-02   0.0000
  1.30735368e-01   0.0000
  3.21729295e-02   0.0000
  5.93055904e-01   0.0000
 -2.28652269e-01   0.0000
  4.79473948e-01   0.0000
  9.41516273e-03   0.0000
 -7.05518946e-02   0.0000
  2.91461259e-01   0.0000
 -2.00079650e-01   0.0000
  2.59469479e-01   0.0000
  5.64055681e-01   0.0000
 -4.69025373e-02   0.0000
  2.05405354e-01   0.0000
  1.73759088e-01   0.0000
  8.74393061e-02   0.0000
  2.30521232e-01   0.0000
 -6.18855059e-02   0.0000
 -1.26902550e-01   0.0000
 -2.79220134e-01   0.0000
 -1.40850037e-01   0.0000
  5.11917584e-02   0.0000
 -1.11601479e-01   0.0000
 -2.24073812e-01   0.0000
 -1.90201849e-01   0.0000
  3.16702664e-01   0.0000
  1.94089875e-01   0.0000
  1.64125934e-01   0.0000
  1.50994416e-02   0.0000
  4.70273346e-02   0.0000
  1.66390255e-01   0.0000
  7.11698607e-02   0.0000
  3.49629849e-01   0.0000
 -7.63663724e-02   0.0000
  8.81231874e-02   0.0000
  7.40430176e-01   0.0000
 -8.56248513e-02   0.0000
  3.04263681e-01   0.0000
 -6.18299516e-03   0.0000
  4.67647202e-02   0.0000
  1.50686204e-01   0.0000
  1.11266393e-02   0.0000
  7.58784041e-02   0.0000
  6.25781417e-01   0.0000
 -3.85399386e-02   0.0000
 -4.60295379e-02   0.0000
 -4.54955995e-02   0.0000
 -1.74368694e-01   0.0000
  1.40056178e-01   0.0000
 -5.04696108e-02   0.0000
  2.44682252e-01   0.0000
 -1.26766384e-01   0.0000
 -2.69138753e-01   0.0000
  1.88553363e-01   0.0000
 -1.79767609e-02   0.0000
 -4.12635922e-01   0.0000
 -1.46696582e-01   0.0000
  1.41970366e-01   0.0000
 -9.34226885e-02   0.0000
 -3.76792252e-02   0.0000
  7.26794451e-02   0.0000
  3.65621030e-01   0.0000
 -4.56598885e-02   0.0000
 -1.96125239e-01   0.0000
  5.88585138e-01   0.0000
 -8.78583118e-02   0.0000
 -1.56172648e-01   0.0000
  4.72279549e-01   0.0000
  1.85461819e-01   0.0000
  1.91252217e-01   0.0000
 -1.30320013e-01   0.0000
 -1.28055915e-01   0.0000
  2.80277789e-01   0.0000
 -1.46867372e-02   0.0000
  6.35129362e-02   0.0000
  5.18032193e-01   0.0000
 -2.72540003e-01   0.0000
 -7.15581626e-02   0.0000
 -1.20330900e-01   0.0000
  7.28722692e-01   0.0000
  2.73873955e-01   0.0000
 -2.25362048e-01   0.0000
  1.43355221e-01   0.0000
  5.31427655e-03   0.0000
 -2.71243721e-01   0.0000
  1.66064665e-01   0.0000
 -2.39493810e-02   0.0000
 -2.30375215e-01   0.0000
 -7.30051756e-01   0.0000
 -2.46351473e-02   0.0000
 -6.76377770e-03   0.0000
 -2.13385060e-01   0.0000
  1.09481052e-01   0.0000
 -7.15781868e-01   0.0000
  1.96819510e-02   0.0000
 -1.46896169e-01   0.0000
  1.60506964e-01   0.0000
 -9.73735191e-03   0.0000
 -2.33128339e-01   0.0000
 -6.59598649e-01   0.0000
  5.91827333e-01   0.0000
  8.44686806e-01   0.0000
  1.01805724e-01   0.0000
  1.49361610e-01   0.0000
  1.21605918e-01   0.0000
  3.49104106e-01   0.0000
 -9.71626583e-03   0.0000
 -8.69119987e-02   0.0000
 -4.00319040e-01   0.0000
 -2.22966626e-01   0.0000
  2.84457594e-01   0.0000
 -2.05079429e-02   0.0000
  1.08947709e-01   0.0000
  2.06195101e-01   0.0000
  2.26132013e-02   0.0000
 -1.07932977e-01   0.0000
 -1.80650532e-01   0.0000
  1.71492472e-02   0.0000
  1.57462686e-01   0.0000
 -2.13640273e-01   0.0000
  1.40962869e-01   0.0000
  5.01532257e-02   0.0000
 -4.41389624e-03   0.0000
 -2.34824002e-01   0.0000
 -1.01781048e-01   0.0000
 -1.07155569e-01   0.0000
 -1.23660214e-01   0.0000
  7.38537684e-02   0.0000
  1.24968275e-01   0.0000
  2.44666040e-01   0.0000
 -2.20134661e-01   0.0000
 -4.12750691e-01   0.0000
  5.34093976e-01   0.0000
  2.65597850e-01   0.0000
 -2.43280903e-01   0.0000
  1.95264667e-01   0.0000
  6.46664668e-03   0.0000
  2.03076884e-01   0.0000
  3.16011876e-01   0.0000
  7.18624443e-02   0.0000
 -4.11332816e-01   0.0000
  5.46076484e-02   0.0000
  4.85474989e-02   0.0000
 -3.29299599e-01   0.0000
 -6.76025543e-03   0.0000
  5.92528105e-01   0.0000
  8.51178318e-02   0.0000
 -4.65988144e-02   0.0000
 -1.02836013e-01   0.0000
 -3.63505632e-02   0.0000
  1.52542502e-01   0.0000
 -2.44717345e-01   0.0000
  7.61201203e-01   0.0000
  6.09370731e-02   0.0000
 -2.68444687e-01   0.0000
 -1.65265977e-01   0.0000
  1.32269844e-01   0.0000
  4.56532061e-01   0.0000
  1.23479895e-01   0.0000
 -1.97904572e-01   0.0000
  9.64990258e-02   0.0000
 -8.70142505e-03   0.0000
 -1.09013692e-02   0.0000
 -3.26339781e-01   0.0000
  4.48827416e-01   0.0000
 -5.16392440e-02   0.0000
  7.21501261e-02   0.0000
 -1.43046053e-02   0.0000
 -1.13113686e-01   0.0000
 -6.12518489e-02   0.0000
  8.44202936e-02   0.0000
  1.80722356e-01   0.0000
 -5.49123064e-03   0.0000
 -1.75227478e-01   0.0000
  1.80063784e-01   0.0000
 -4.41074878e-01   0.0000
 -9.81327444e-02   0.0000
  1.76229656e-01   0.0000
  3.27662155e-02   0.0000
 -1.73754647e-01   0.0000
 -2.21471384e-01   0.0000
 -1.36800140e-01   0.0000
  8.36842880e-03   0.0000
 -3.51181954e-01   0.0000
  7.00776815e-01   0.0000
  3.28645632e-02   0.0000
 -5.78762963e-02   0.0000
  1.29740030e-01   0.0000
 -1.54531389e-01   0.0000
  7.33904481e-01   0.0000
  1.17681481e-01   0.0000
  1.47873357e-01   0.0000
  3.29454578e-02   0.0000
  2.38544062e-01   0.0000
  1.98865622e-01   0.0000
 -7.22759515e-02   0.0000
  3.23393196e-01   0.0000
 -2.65710980e-01   0.0000
 -1.03793792e-01   0.0000
  2.77743697e-01   0.0000
 -2.21652612e-02   0.0000
 -8.30418319e-02   0.0000
 -5.04936231e-03   0.0000
  1.64923728e-01   0.0000
 -2.34238207e-01   0.0000
 -1.85969889e-01   0.0000
 -1.78476516e-02   0.0000
 -3.97325814e-01   0.0000
 -1.19138822e-01   0.0000
  1.96709588e-01   0.0000
 -1.00438461e-01   0.0000
 -1.09186545e-01   0.0000
 -1.48483545e-01   0.0000
  1.25871852e-01   0.0000
 -5.53634316e-02   0.0000
 -2.09711581e-01   0.0000
  6.20909452e-01   0.0000
  9.65543091e-02   0.0000
 -2.55995821e-02   0.0000
 -1.30594177e-02   0.0000
  3.72481905e-02   0.0000
  4.90910500e-01   0.0000
 -1.24978527e-01   0.0000
 -1.26232862e-01   0.0000
  1.52893260e-01   0.0000
  1.19797938e-01   0.0000
  2.03219056e-01   0.0000
 -2.42571741e-01   0.0000
  1.98907062e-01   0.0000
  3.99932964e-03   0.0000
  2.33724251e-01   0.0000
  1.78796463e-02   0.0000
 -5.56058250e-02   0.0000
 -5.42533584e-02   0.0000
  1.50902029e-02   0.0000
  1.57191217e-01   0.0000
 -8.80453885e-02   0.0000
 -1.70917109e-01   0.0000
  7.08304625e-03   0.0000
  2.39964530e-01   0.0000
 -9.01604220e-02   0.0000
  1.40800387e-01   0.0000
 -1.60884678e-01   0.0000
 -1.54034078e-01   0.0000
  3.49723846e-02   0.0000
  2.64208704e-01   0.0000
 -2.05369025e-01   0.0000
 -3.27275902e-01   0.0000
  1.19455360e-01   0.0000
  2.64887035e-01   0.0000
  2.64011621e-01   0.0000
 -1.27764836e-01   0.0000
  1.14548430e-01   0.0000
 -1.42268881e-01   0.0000
  1.40912190e-01   0.0000
  1.53093070e-01   0.0000
  2.10934609e-01   0.0000
 -1.44250751e-01   0.0000
 -1.34460554e-01   0.0000
 -1.79906897e-02   0.0000
  1.14303632e-02   0.0000
  1.09144092e-01   0.0000
 -1.08209357e-01   0.0000
  3.82041574e-01   0.0000
 -2.44328558e-01   0.0000
  5.56644201e-02   0.0000
  2.83345245e-02   0.0000
  1.46165788e-01   0.0000
  2.36202125e-02   0.0000
  4.03164737e-02   0.0000
 -1.12875186e-01   0.0000
  2.81738877e-01   0.0000
 -4.48565856e-02   0.0000
 -7.39545971e-02   0.0000
 -1.44624785e-01   0.0000
 -8.70797783e-02   0.0000
  3.58599961e-01   0.0000
  2.74754465e-01   0.0000
 -2.12241381e-01   0.0000
  4.65218686e-02   0.0000
 -4.07050759e-01   0.0000
  3.06203842e-01   0.0000
  9.46035683e-02   0.0000
  1.23857915e-01   0.0000
  1.63032308e-01   0.0000
 -5.66219270e-01   0.0000
  1.23323370e-02   0.0000
  1.16098545e-01   0.0000
  2.69361019e-01   0.0000
 -1.60993040e-01   0.0000
 -7.57259801e-02   0.0000
 -2.34605581e-01   0.0000
  2.11156160e-01   0.0000
  2.86301970e-01   0.0000
  4.43297587e-02   0.0000
  2.03034833e-01   0.0000
 -3.43236536e-01   0.0000
  1.08120464e-01   0.0000
 -4.16089416e-01   0.0000
  2.01863527e-01   0.0000
  1.05323128e-01   0.0000
  7.42943063e-02   0.0000
  1.09333351e-01   0.0000
 -1.75397724e-01   0.0000
 -9.62616205e-02   0.0000
  5.17397933e-02   0.0000
  2.18412921e-01   0.0000
 -2.31487453e-01   0.0000
  3.03204022e-02   0.0000
 -2.02422112e-01   0.0000
 -8.69479552e-02   0.0000
  2.31596395e-01   0.0000
 -1.06537700e-01   0.0000
  3.05371314e-01   0.0000
  1.40006989e-01   0.0000
 -1.70363024e-01   0.0000
 -1.30437523e-01   0.0000
 -7.73788467e-02   0.0000
  1.99239582e-01   0.0000
 -1.83531448e-01   0.0000
 -1.57176644e-01   0.0000
 -2.57061541e-01   0.0000
  1.31962717e-01   0.0000
  1.87597498e-01   0.0000
 -4.65469137e-02   0.0000
 -1.04231924e-01   0.0000
 -4.84429896e-02   0.0000
 -1.66181065e-02   0.0000
  1.36157483e-01   0.0000
 -8.66504312e-02   0.0000
 -1.95474565e-01   0.0000
  2.02392578e-01   0.0000
  5.82401305e-02   0.0000
  9.39040724e-03   0.0000
  1.95548683e-01   0.0000
  1.13595441e-01   0.0000
 -1.73073366e-01   0.0000
 -6.41244054e-02   0.0000
 -2.74111535e-02   0.0000
 -2.09468752e-01   0.0000
 -1.00683458e-01   0.0000
 -4.99727502e-02   0.0000
 -3.52711111e-01   0.0000
  6.66241720e-03   0.0000
  1.25459194e-01   0.0000
  1.01127379e-01   0.0000
 -1.21714227e-01   0.0000
  1.69065639e-01   0.0000
  3.62734199e-01   0.0000
  5.84337898e-02   0.0000
  1.29249515e-02   0.0000
 -1.95069965e-02   0.0000
  1.38914332e-01   0.0000
  1.42039940e-01   0.0000
 -2.23900855e-01   0.0000
  1.58152491e-01   0.0000
 -8.31540003e-02   0.0000
 -2.68666651e-02   0.0000
  8.30379650e-02   0.0000
 -5.93294799e-02   0.0000
  9.65644196e-02   0.0000
  1.92255691e-01   0.0000
  1.27924234e-01   0.0000
 -8.14289134e-03   0.0000
 -1.77239962e-02   0.0000
  9.65624005e-02   0.0000
  1.93069577e-01   0.0000
  2.59593993e-01   0.0000
 -9.39347968e-02   0.0000
  2.64908820e-01   0.0000
  5.50921634e-02   0.0000
  1.22480229e-01   0.0000
 -1.51964957e-02   0.0000
  7.78038129e-02   0.0000
 -1.49678439e-02   0.0000
  1.90845847e-01   0.0000
  1.83035523e-01   0.0000
 -1.56490773e-01   0.0000
  2.12398306e-01   0.0000
 -2.57655472e-01   0.0000
 -5.79357803e-01   0.0000
 -2.37895161e-01   0.0000
 -6.66760132e-02   0.0000
 -1.03635244e-01   0.0000
 -6.57264516e-02   0.0000
  9.45901871e-02   0.0000
  1.64827958e-01   0.0000
 -1.18725628e-01   0.0000
 -2.20286697e-01   0.0000
 -3.78931575e-02   0.0000
  2.00948015e-01   0.0000
  1.95370242e-01   0.0000
  1.35543659e-01   0.0000
  1.25864118e-01   0.0000
  1.43680096e-01   0.0000
  1.00907276e-03   0.0000
  1.21367306e-01   0.0000
  7.30884448e-02   0.0000
  1.16406649e-01   0.0000
  1.12129159e-01   0.0000
  1.89632073e-01   0.0000
 -3.90939951e-01   0.0000
 -7.68730715e-02   0.0000
 -8.98034796e-02   0.0000
 -1.66492283e-01   0.0000
 -2.27988824e-01   0.0000
 -2.47020200e-01   0.0000
  1.69299915e-01   0.0000
  1.63123310e-01   0.0000
 -1.29877850e-01   0.0000
 -3.21196467e-01   0.0000
 -2.74855405e-01   0.0000
 -4.94440228e-01   0.0000
  5.27144372e-02   0.0000
  1.09518640e-01   0.0000
 -1.56842589e-01   0.0000
  1.08900003e-01   0.0000
 -3.84340025e-02   0.0000
  2.36419775e-02   0.0000
 -1.60984278e-01   0.0000
 -1.19480416e-01   0.0000
 -5.26605621e-02   0.0000
  3.61148082e-02   0.0000
  1.59219161e-01   0.0000
 -1.59558967e-01   0.0000
  5.74658625e-02   0.0000
 -6.30942211e-02   0.0000
  1.46943346e-01   0.0000
 -1.23078804e-02   0.0000
 -2.13623911e-01   0.0000
  5.66320360e-01   0.0000
 -4.86613857e-03   0.0000
  2.18853503e-01   0.0000
 -1.75108779e-02   0.0000
 -3.74896340e-02   0.0000
  4.24540751e-02   0.0000
  6.54554518e-04   0.0000
  2.18547538e-01   0.0000
  1.57626841e-04   0.0000
 -1.74971987e-02   0.0000
 -1.68911591e-01   0.0000
 -1.78113803e-02   0.0000
  1.53511733e-01   0.0000
  1.82755217e-01   0.0000
  7.68501163e-01   0.0000
  3.66256058e-01   0.0000
 -3.66849825e-03   0.0000
  8.37861225e-02   0.0000
  1.25079557e-01   0.0000
 -1.60499617e-01   0.0000
 -9.32716653e-02   0.0000
  1.94608793e-01   0.0000
  1.26625553e-01   0.0000
 -1.80082127e-01   0.0000
 -1.89936563e-01   0.0000
  5.56163676e-02   0.0000
 -1.51986569e-01   0.0000
 -1.82254300e-01   0.0000
  2.21514683e-02   0.0000
 -1.21092081e-01   0.0000
  1.08612627e-02   0.0000
  7.87646230e-03   0.0000
  3.33250999e-01   0.0000
  4.05825194e-05   0.0000
 -4.46178397e-04   0.0000
  1.98717982e-01   0.0000
 -1.35401964e-01   0.0000
  1.00909695e-01   0.0000
  3.66636261e-04   0.0000
  1.12679405e-02   0.0000
  1.91697434e-01   0.0000
 -8.21261108e-02   0.0000
 -1.92261130e-01   0.0000
  7.67732710e-02   0.0000
 -1.87704891e-01   0.0000
 -5.60842045e-02   0.0000
 -1.43530488e-01   0.0000
  1.02035120e-01   0.0000
 -1.77246273e-01   0.0000
 -9.70785692e-02   0.0000
  1.35633558e-01   0.0000
 -2.78274212e-02   0.0000
  2.11825013e-01   0.0000
  5.48406690e-02   0.0000
  1.98493585e-01   0.0000
  9.18013006e-02   0.0000
 -1.22766554e-01   0.0000
  6.66390755e-04   0.0000
 -1.81474656e-01   0.0000
  2.83168163e-02   0.0000
 -8.25504065e-02   0.0000
 -6.74950331e-02   0.0000
  6.29530326e-02   0.0000
 -1.28775775e-01   0.0000
  1.88885212e-01   0.0000
 -7.52487555e-02   0.0000
  1.16658837e-01   0.0000
 -2.76261836e-01   0.0000
 -2.52799809e-01   0.0000
 -2.36746501e-02   0.0000
 -3.35874632e-02   0.0000
 -1.00487031e-01   0.0000
 -1.27778634e-01   0.0000
 -9.30760950e-02   0.0000
 -2.77862191e-01   0.0000
 -3.43702850e-03   0.0000
  4.08295877e-02   0.0000
  7.31455302e-03   0.0000
  2.06240073e-01   0.0000
 -1.64255187e-01   0.0000
  6.75167004e-03   0.0000
 -1.14887252e-01   0.0000
 -1.26404509e-01   0.0000
  1.20589593e-02   0.0000
  1.91507712e-01   0.0000
 -8.59080851e-02   0.0000
  5.33211008e-02   0.0000
  2.29053602e-01   0.0000
  3.36503685e-02   0.0000
  7.52331167e-02   0.0000
  6.07739165e-02   0.0000
  1.73438087e-01   0.0000
  1.80090562e-01   0.0000
  4.23328169e-02   0.0000
  1.64681315e-01   0.0000
  1.38135895e-01   0.0000
  2.52703298e-02   0.0000
  4.62940186e-02   0.0000
  8.05523917e-02   0.0000
 -3.20637852e-01   0.0000
  1.38232425e-01   0.0000
  1.22004814e-01   0.0000
 -9.90923569e-02   0.0000
  9.43935066e-02   0.0000
 -9.77939069e-02   0.0000
 -2.47965455e-01   0.0000
 -2.97445744e-01   0.0000
 -3.09158146e-01   0.0000
  4.53811362e-02   0.0000
  8.58172104e-02   0.0000
  9.21953082e-01   0.0000
  2.84833878e-01   0.0000
 -2.36168206e-01   0.0000
  7.95903131e-02   0.0000
 -1.72632426e-01   0.0000
 -1.36435002e-01   0.0000
 -1.02414355e-01   0.0000
 -1.22833557e-01   0.0000
 -9.71896201e-02   0.0000
  3.05218641e-02   0.0000
 -7.65038505e-02   0.0000
  1.68452054e-04   0.0000
  1.07909739e-01   0.0000
  1.02193537e-03   0.0000
  1.61241472e-01   0.0000
 -2.03670502e-01   0.0000
 -1.05335958e-01   0.0000
  1.23201087e-02   0.0000
 -5.50647676e-01   0.0000
 -2.40121663e-01   0.0000
 -2.08871022e-01   0.0000
 -4.40518409e-01   0.0000
 -1.16280526e-01   0.0000
 -2.10685804e-01   0.0000
 -1.17548984e-02   0.0000
 -1.92238525e-01   0.0000
 -2.97077745e-01   0.0000
  2.82281578e-01   0.0000
  6.83879629e-02   0.0000
 -4.32408676e-02   0.0000
 -1.45817101e-01   0.0000
  1.11289341e-02   0.0000
 -4.04760897e-01   0.0000
 -1.98510870e-01   0.0000
  2.34029248e-01   0.0000
  1.79739207e-01   0.0000
  8.21388587e-02   0.0000
  2.12232813e-01   0.0000
 -7.99303502e-02   0.0000
 -5.56643754e-02   0.0000
  2.14749739e-01   0.0000
  1.15699666e-02   0.0000
  1.85437188e-01   0.0000
  1.91457327e-02   0.0000
  4.75678109e-02   0.0000
 -7.68597871e-02   0.0000
  3.49875689e-01   0.0000
  7.63548687e-02   0.0000
  1.90917581e-01   0.0000
 -6.45786524e-02   0.0000
  4.90282737e-02   0.0000
 -1.59001306e-01   0.0000
 -1.70150474e-01   0.0000
 -2.12464005e-01   0.0000
 -6.43787682e-02   0.0000
  1.53307557e-01   0.0000
 -6.28234595e-02   0.0000
 -9.97993052e-02   0.0000
 -3.73611867e-01   0.0000
 -1.13662757e-01   0.0000
 -5.98594248e-02   0.0000
  1.30507603e-01   0.0000
  4.30968031e-02   0.0000
  1.10955276e-01   0.0000
  7.69312903e-02   0.0000
 -2.97378246e-02   0.0000
  2.10568793e-02   0.0000
  3.92278135e-02   0.0000
 -2.52142906e-01   0.0000
 -4.06839959e-02   0.0000
  1.97161272e-01   0.0000
 -3.00495416e-01   0.0000
  5.80709130e-02   0.0000
 -1.80131540e-01   0.0000
 -2.96810977e-02   0.0000
  6.71581849e-02   0.0000
  1.78936556e-01   0.0000
 -6.95029721e-02   0.0000
  7.35375583e-02   0.0000
  1.75627977e-01   0.0000
 -1.21091023e-01   0.0000
 -4.21484038e-02   0.0000
 -5.17995596e-01   0.0000
  2.73088515e-01   0.0000
 -1.02382883e-01   0.0000
  2.72545367e-01   0.0000
  3.54139030e-01   0.0000
  1.99252903e-01   0.0000
  1.02649033e-01   0.0000
 -3.01124658e-02   0.0000
  4.44444329e-01   0.0000
 -2.43004318e-02   0.0000
  2.29168788e-01   0.0000
  2.15341765e-02   0.0000
 -1.32125929e-01   0.0000
 -2.80527174e-01   0.0000
  2.65909880e-01   0.0000
  4.61634174e-02   0.0000
  6.03519641e-02   0.0000
  8.37963745e-02   0.0000
 -2.08642304e-01   0.0000
  2.09805146e-01   0.0000
 -1.64487317e-01   0.0000
  2.62944162e-01   0.0000
  1.95498422e-01   0.0000
  1.71789583e-02   0.0000
  9.17910561e-02   0.0000
 -1.88265666e-01   0.0000
  1.60720423e-01   0.0000
 -1.48187712e-01   0.0000
 -4.25589800e-01   0.0000
  3.47509161e-02   0.0000
  8.91354866e-03   0.0000
  1.03293993e-02   0.0000
 -1.03653952e-01   0.0000
  8.82875398e-02   0.0000
  1.45030811e-01   0.0000
  4.82493043e-02   0.0000
 -5.92669519e-03   0.0000
  1.86252698e-01   0.0000
  1.33954599e-01   0.0000
 -6.50547892e-02   0.0000
 -1.32715389e-01   0.0000
  1.69643447e-01   0.0000
 -1.29033532e-02   0.0000
 -2.92939365e-01   0.0000
  1.04667425e-01   0.0000
 -1.46855805e-02   0.0000
  7.81908333e-01   0.0000
  2.03774601e-01   0.0000
  1.06895320e-01   0.0000
 -5.74381612e-02   0.0000
  1.83079198e-01   0.0000
  1.81223363e-01   0.0000
 -1.73582777e-01   0.0000
 -3.31589137e-03   0.0000
  1.50344938e-01   0.0000
  1.26795575e-01   0.0000
 -5.50490618e-02   0.0000
  1.07638519e-02   0.0000
 -7.20085725e-02   0.0000
 -5.55096567e-03   0.0000
 -1.75257668e-01   0.0000
  1.45285994e-01   0.0000
  2.32525572e-01   0.0000
  1.09253436e-01   0.0000
  1.95788160e-01   0.0000
 -7.21190199e-02   0.0000
 -1.50137916e-01   0.0000
  2.60871142e-01   0.0000
 -5.74076772e-02   0.0000
 -1.12820983e-01   0.0000
 -1.76142409e-01   0.0000
  2.76942909e-01   0.0000
  1.58782706e-01   0.0000
 -1.94778666e-01   0.0000
 -2.49368578e-01   0.0000
  5.13205156e-02   0.0000
 -7.04668313e-02   0.0000
  1.65692270e-01   0.0000
 -4.46633175e-02   0.0000
  7.63591602e-02   0.0000
  4.52290215e-02   0.0000
 -1.18699837e-02   0.0000
 -8.91628787e-02   0.0000
  2.77477375e-04   0.0000
  2.95959096e-02   0.0000
  1.74805596e-01   0.0000
 -1.35498330e-01   0.0000
  8.61004591e-02   0.0000
  5.96435778e-02   0.0000
 -1.81607768e-01   0.0000
  3.21085416e-02   0.0000
 -5.67226522e-02   0.0000
  4.25737351e-03   0.0000
  1.04171626e-01   0.0000
 -9.35752541e-02   0.0000
 -1.96461985e-03   0.0000
 -5.96697509e-01   0.0000
 -1.29449874e-01   0.0000
 -1.10299714e-01   0.0000
  4.56490755e-01   0.0000
  2.44966492e-01   0.0000
 -1.40088508e-02   0.0000
 -1.50753111e-01   0.0000
 -5.76374643e-02   0.0000
  4.82347608e-01   0.0000
 -1.49612114e-01   0.0000
  1.43685579e-01   0.0000
  1.73478708e-01   0.0000
  1.20072011e-02   0.0000
 -9.02230218e-02   0.0000
  3.80924456e-02   0.0000
  2.20336005e-01   0.0000
  1.75570250e-01   0.0000
  9.66721624e-02   0.0000
  1.85985342e-01   0.0000
  1.88029438e-01   0.0000
 -3.64810973e-02   0.0000
  3.36960554e-01   0.0000
  1.23020627e-01   0.0000
  1.08766176e-01   0.0000
  9.10718739e-02   0.0000
 -2.03079328e-01   0.0000
  1.70569438e-02   0.0000
  1.37718990e-01   0.0000
 -2.92172223e-01   0.0000
 -9.64151844e-02   0.0000
 -4.54827175e-02   0.0000
  5.55766858e-02   0.0000
 -9.84670371e-02   0.0000
 -4.62253252e-03   0.0000
  1.21389091e-01   0.0000
  2.08207473e-01   0.0000
  1.97239116e-01   0.0000
 -1.65070325e-01   0.0000
  1.94037110e-01   0.0000
  8.87620449e-02   0.0000
 -6.70171827e-02   0.0000
 -2.28119493e-01   0.0000
 -9.66880918e-02   0.0000
  6.63056038e-03   0.0000
  2.83921938e-02   0.0000
 -4.33246307e-02   0.0000
 -1.40837148e-01   0.0000
  9.31154266e-02   0.0000
 -2.34838054e-01   0.0000
 -1.32315010e-01   0.0000
 -1.71033554e-02   0.0000
 -1.89280272e-01   0.0000
  1.28172249e-01   0.0000
 -1.37782782e-01   0.0000
  1.93216145e-01   0.0000
  1.51580349e-01   0.0000
 -1.59981415e-01   0.0000
 -2.03343257e-01   0.0000
  2.46081268e-04   0.0000
 -1.12249674e-02   0.0000
  1.35438159e-01   0.0000
 -1.50851607e-01   0.0000
  7.52565935e-02   0.0000
 -1.47901207e-01   0.0000
  4.02897745e-01   0.0000
 -1.40811369e-01   0.0000
  1.19786046e-01   0.0000
 -2.10813195e-01   0.0000
  6.47535697e-02   0.0000
 -1.49965405e-01   0.0000
  1.57994226e-01   0.0000
  1.79255620e-01   0.0000
  2.16635942e-01   0.0000
 -1.79507002e-01   0.0000
 -1.30094022e-01   0.0000
  6.32633716e-02   0.0000
  7.95076117e-02   0.0000
  5.33927567e-02   0.0000
  9.01303962e-02   0.0000
  1.17207229e-01   0.0000
 -1.97149697e-03   0.0000
 -1.47706913e-02   0.0000
  2.70936906e-01   0.0000
  9.06802863e-02   0.0000
  1.20175064e-01   0.0000
 -2.40927413e-01   0.0000
 -1.77925527e-01   0.0000
 -6.14506528e-02   0.0000
 -1.27693772e-01   0.0000
 -2.99798939e-02   0.0000
 -5.23177267e-04   0.0000
 -4.65840480e-04   0.0000
  2.09929720e-02   0.0000
 -1.29108727e-01   0.0000
 -1.51962057e-01   0.0000
 -3.50568406e-02   0.0000
 -2.28301749e-01   0.0000
  8.46749172e-02   0.0000
  1.23527251e-01   0.0000
 -8.19478277e-03   0.0000
  1.39809251e-01   0.0000
  2.12834179e-01   0.0000
  2.26355493e-01   0.0000
 -1.44064158e-01   0.0000
 -2.63383716e-01   0.0000
  1.77790597e-01   0.0000
  8.04022246e-04   0.0000
 -9.46877466e-04   0.0000
 -2.22496744e-02   0.0000
 -9.66423452e-02   0.0000
  7.49201834e-01   0.0000
  5.45596406e-02   0.0000
 -1.82554767e-01   0.0000
 -1.01723850e-01   0.0000
 -1.93205148e-01   0.0000
  8.27650633e-03   0.0000
 -6.73229173e-02   0.0000
 -6.36950284e-02   0.0000
 -7.33777434e-02   0.0000
 -3.18644103e-04   0.0000
  2.54668929e-02   0.0000
 -4.87270243e-02   0.0000
 -1.66730821e-01   0.0000
  1.99297279e-01   0.0000
 -6.59516901e-02   0.0000
  3.08335982e-02   0.0000
 -6.28748387e-02   0.0000
 -6.38346896e-02   0.0000
 -2.82458663e-02   0.0000
  1.35341845e-03   0.0000
 -2.49696299e-02   0.0000
  3.99000913e-01   0.0000
  6.76500276e-02   0.0000
  2.43623704e-02   0.0000
 -1.70990884e-01   0.0000
 -1.07141756e-01   0.0000
  4.18193847e-01   0.0000
  1.40379339e-01   0.0000
  1.18539855e-02   0.0000
  2.46952564e-01   0.0000
 -1.88829467e-01   0.0000
  2.15632766e-02   0.0000
 -1.62534567e-03   0.0000
  3.37478109e-02   0.0000
  1.61893353e-01   0.0000
 -2.52321273e-01   0.0000
  4.49194424e-02   0.0000
  4.37500514e-03   0.0000
  1.30226582e-01   0.0000
  1.50921911e-01   0.0000
 -8.50871652e-02   0.0000
  2.13460717e-02   0.0000
  7.21007865e-03   0.0000
 -1.10947853e-02   0.0000
 -2.30272904e-01   0.0000
  1.18175507e-01   0.0000
 -2.87860520e-02   0.0000
  1.79160237e-01   0.0000
  7.95950145e-02   0.0000
  1.78845495e-01   0.0000
 -2.42474005e-02   0.0000
 -3.55761386e-02   0.0000
 -1.26082182e-01   0.0000
  2.05291077e-01   0.0000
  2.98019499e-01   0.0000
  9.43812169e-03   0.0000
  1.64180905e-01   0.0000
 -9.89923440e-03   0.0000
  7.58074895e-02   0.0000
  8.78095180e-02   0.0000
 -5.06672859e-02   0.0000
  1.83675572e-01   0.0000
  1.93844084e-02   0.0000
 -4.35598418e-02   0.0000
  2.15547264e-01   0.0000
 -1.42755002e-01   0.0000
  2.00818732e-01   0.0000
 -9.67345759e-02   0.0000
 -1.45604149e-01   0.0000
 -1.90279737e-01   0.0000
  4.08910364e-02   0.0000
  1.20094217e-01   0.0000
 -1.13133974e-01   0.0000
  1.23743273e-01   0.0000
 -2.08350599e-01   0.0000
  1.52381212e-01   0.0000
  7.98967779e-02   0.0000
  1.04585767e-01   0.0000
 -1.57638520e-01   0.0000
 -7.14490041e-02   0.0000
  1.78882912e-01   0.0000
  9.92256999e-02   0.0000
  5.39640486e-01   0.0000
  1.16533853e-01   0.0000
  1.86930224e-01   0.0000
 -2.05423623e-01   0.0000
 -1.66670326e-02   0.0000
 -2.09359601e-01   0.0000
  1.05332017e-01   0.0000
  1.21294066e-01   0.0000
 -2.73842782e-01   0.0000
  1.29866779e-01   0.0000
 -2.43070945e-01   0.0000
  5.08126020e-02   0.0000
  7.12262839e-02   0.0000
 -7.96486735e-02   0.0000
 -1.43718839e-01   0.0000
  8.93962383e-02   0.0000
  3.75813863e-04   0.0000
 -1.28005624e-01   0.0000
 -1.86941639e-01   0.0000
 -2.18302518e-01   0.0000
 -6.22523017e-02   0.0000
 -2.69659996e-01   0.0000
  2.08246000e-02   0.0000
  5.58597706e-02   0.0000
 -2.13212967e-01   0.0000
 -5.81533536e-02   0.0000
  1.60720438e-01   0.0000
 -7.75223002e-02   0.0000
  5.37453145e-02   0.0000
 -2.08776653e-01   0.0000
  1.26717672e-01   0.0000
  1.14302933e-01   0.0000
  4.48652387e-01   0.0000
 -1.73728094e-02   0.0000
 -1.57650605e-01   0.0000
  2.51471065e-02   0.0000
 -2.12636024e-01   0.0000
 -7.06969798e-02   0.0000
 -1.42320320e-01   0.0000
  5.46157127e-03   0.0000
  1.50812641e-01   0.0000
 -1.28424272e-01   0.0000
  2.17174500e-01   0.0000
 -4.71220203e-02   0.0000
 -1.25664786e-01   0.0000
  1.54979810e-01   0.0000
  5.82417548e-01   0.0000
  9.90024060e-02   0.0000
 -1.18478768e-01   0.0000
  1.75455734e-01   0.0000
 -4.30165194e-02   0.0000
  1.52054638e-01   0.0000
  5.35049699e-02   0.0000
 -1.08132139e-02   0.0000
 -1.31070435e-01   0.0000
  1.90541878e-01   0.0000
  1.43549338e-01   0.0000
  1.48859710e-01   0.0000
 -1.71878591e-01   0.0000
 -1.56752691e-02   0.0000
  1.07053585e-01   0.0000
  1.53894216e-01   0.0000
  1.58197433e-02   0.0000
 -1.50215968e-01   0.0000
 -7.46988356e-02   0.0000
 -1.38170987e-01   0.0000
  1.20526496e-02   0.0000
 -2.72531272e-03   0.0000
  9.54312086e-02   0.0000
  2.11281940e-01   0.0000
 -6.58055097e-02   0.0000
  3.95349003e-02   0.0000
 -1.61766019e-02   0.0000
 -1.32631883e-01   0.0000
 -1.90778002e-02   0.0000
 -2.48761281e-01   0.0000
  2.84663945e-01   0.0000
  3.35178852e-01   0.0000
  6.34269238e-01   0.0000
  2.10705251e-01   0.0000
 -1.68808892e-01   0.0000
  2.50977337e-01   0.0000
 -1.56691715e-01   0.0000
 -6.30207285e-02   0.0000
  1.84113488e-01   0.0000
 -5.39470762e-02   0.0000
 -1.51369840e-01   0.0000
  1.56641770e-02   0.0000
  9.57825780e-02   0.0000
  1.01927239e-02   0.0000
 -1.19383648e-01   0.0000
  2.04390034e-01   0.0000
 -2.96560284e-02   0.0000
 -7.70240575e-02   0.0000
  6.48301393e-02   0.0000
 -1.02851696e-01   0.0000
 -1.19972110e-01   0.0000
 -4.14839201e-02   0.0000
  1.51057998e-02   0.0000
  2.19602123e-01   0.0000
  1.44392148e-01   0.0000
  8.87080096e-03   0.0000
 -1.56953081e-01   0.0000
  1.89346030e-01   0.0000
  9.85837132e-02   0.0000
  1.77783877e-01   0.0000
  2.28225961e-01   0.0000
 -1.37573615e-01   0.0000
 -2.01853290e-01   0.0000
 -2.12474465e-01   0.0000
  5.91627061e-01   0.0000
  1.03611432e-01   0.0000
 -1.28139034e-01   0.0000
 -3.05831861e-02   0.0000
 -1.73446741e-02   0.0000
 -1.60682365e-01   0.0000
 -2.01842159e-01   0.0000
  2.91022826e-02   0.0000
  1.17717892e-01   0.0000
  1.57782629e-01   0.0000
  1.94358125e-01   0.0000
 -1.42135531e-01   0.0000
 -2.10319191e-01   0.0000
  1.76421046e-01   0.0000
 -1.44996271e-01   0.0000
 -1.49482235e-01   0.0000
  1.51808038e-01   0.0000
  1.41793117e-01   0.0000
  4.68962103e-01   0.0000
 -1.72293574e-01   0.0000
  3.80829163e-02   0.0000
 -3.15528214e-01   0.0000
 -1.00764737e-01   0.0000
 -1.79641310e-03   0.0000
 -7.83480762e-04   0.0000
  1.12488031e-01   0.0000
 -1.61095839e-02   0.0000
  2.34391287e-01   0.0000
  1.52140424e-01   0.0000
  9.94718894e-02   0.0000
 -1.29817992e-01   0.0000
  2.34475926e-01   0.0000
 -6.74384952e-01   0.0000
  6.65466243e-04   0.0000
  7.38474056e-02   0.0000
 -2.14615110e-02   0.0000
  9.41259041e-02   0.0000
 -4.27390747e-02   0.0000
 -1.85702927e-02   0.0000
 -9.19593349e-02   0.0000
 -2.01997519e-01   0.0000
  1.16504930e-01   0.0000
  2.11280867e-01   0.0000
  1.70899317e-01   0.0000
  8.10424164e-02   0.0000
  1.37238905e-01   0.0000
  7.23531023e-02   0.0000
  1.04413457e-01   0.0000
  1.22610058e-04   0.0000
  8.18584636e-02   0.0000
  8.97974446e-02   0.0000
 -1.16136037e-02   0.0000
 -1.81287527e-01   0.0000
 -1.33045930e-02   0.0000
 -3.64753604e-03   0.0000
 -1.97868899e-01   0.0000
 -4.47012892e-04   0.0000
  3.80321741e-01   0.0000
  9.82079506e-02   0.0000
 -1.14906721e-01   0.0000
  2.74519473e-02   0.0000
  1.33904606e-01   0.0000
 -1.69880122e-01   0.0000
  1.33100331e-01   0.0000
 -9.35471058e-01   0.0000
  1.06119148e-01   0.0000
 -6.46511391e-02   0.0000
 -2.36266628e-01   0.0000
  2.50642896e-01   0.0000
 -8.76157656e-02   0.0000
  2.08477937e-02   0.0000
  1.16738625e-01   0.0000
 -1.67727947e-01   0.0000
  1.49656102e-01   0.0000
 -7.39715546e-02   0.0000
 -1.58234909e-02   0.0000
  1.54467240e-01   0.0000
  8.25256284e-04   0.0000
 -1.06740676e-01   0.0000
  1.89323843e-01   0.0000
  3.33356448e-02   0.0000
  2.43450642e-01   0.0000
  1.98842138e-01   0.0000
 -2.03276500e-01   0.0000
 -1.32039085e-01   0.0000
  4.37744968e-02   0.0000
  8.22574794e-02   0.0000
 -1.95763797e-01   0.0000
  1.34479211e-04   0.0000
  5.03244735e-02   0.0000
 -6.02603182e-02   0.0000
  1.85285211e-01   0.0000
 -2.21049309e-01   0.0000
 -5.14680631e-02   0.0000
 -5.81745170e-02   0.0000
  1.52130648e-01   0.0000
  9.45523307e-02   0.0000
  1.48078158e-01   0.0000
  3.20059210e-02   0.0000
  1.88584194e-01   0.0000
  1.29750088e-01   0.0000
  2.26624936e-01   0.0000
  1.74346581e-01   0.0000
 -9.68957171e-02   0.0000
  1.05112128e-01   0.0000
  8.05558115e-02   0.0000
  2.16294974e-01   0.0000
  4.02524546e-02   0.0000
 -1.41632095e-01   0.0000
  2.11324781e-01   0.0000
 -1.17711589e-01   0.0000
  2.47281753e-02   0.0000
  1.45913213e-01   0.0000
  9.32683945e-02   0.0000
  5.32643676e-01   0.0000
 -1.11606963e-01   0.0000
 -1.64183397e-02   0.0000
  3.88398618e-02   0.0000
  2.07456142e-01   0.0000
  6.12998530e-02   0.0000
  1.71645898e-02   0.0000
  3.10732335e-01   0.0000
 -1.99857324e-01   0.0000
  6.28085583e-02   0.0000
 -1.46215692e-01   0.0000
  9.31176916e-03   0.0000
  1.34260729e-01   0.0000
  1.80847719e-01   0.0000
  1.22568406e-01   0.0000
  4.07563616e-03   0.0000
 -1.96765810e-01   0.0000
  2.17694730e-01   0.0000
  2.16707885e-01   0.0000
  8.46306086e-02   0.0000
  1.97294861e-01   0.0000
  1.56185061e-01   0.0000
 -1.83319405e-01   0.0000
 -1.51142376e-02   0.0000
 -4.07513580e-04   0.0000
  8.24655667e-02   0.0000
  1.96919724e-01   0.0000
 -4.85782698e-02   0.0000
 -1.42951354e-01   0.0000
 -1.53525881e-02   0.0000
  1.81346327e-01   0.0000
  2.81806558e-01   0.0000
  6.53272688e-01   0.0000
  1.46557897e-01   0.0000
 -8.86402801e-02   0.0000
 -1.41859144e-01   0.0000
  7.55826458e-02   0.0000
 -1.51028037e-02   0.0000
  1.92704737e-01   0.0000
  9.40041691e-02   0.0000
  2.31853709e-01   0.0000
  8.82583559e-02   0.0000
  2.17481866e-01   0.0000
 -1.84666328e-02   0.0000
  1.38909563e-01   0.0000
  5.81672676e-02   0.0000
  9.96986926e-02   0.0000
  1.37676239e-01   0.0000
  1.49272382e-01   0.0000
  1.06727347e-01   0.0000
  2.57425785e-01   0.0000
 -2.34335393e-01   0.0000
 -1.29851773e-01   0.0000
  2.27962390e-01   0.0000
  2.01408312e-01   0.0000
 -2.28293046e-01   0.0000
 -7.22532198e-02   0.0000
 -1.38902798e-01   0.0000
  1.44892503e-02   0.0000
 -2.15044320e-01   0.0000
  1.28270358e-01   0.0000
  1.85576022e-01   0.0000
 -2.13072732e-01   0.0000
  8.93292353e-02   0.0000
  4.12883759e-01   0.0000
 -2.02833489e-01   0.0000
  1.65173292e-01   0.0000
 -2.43845284e-01   0.0000
 -4.40172181e-02   0.0000
 -7.62737766e-02   0.0000
 -2.05455031e-02   0.0000
  2.51630753e-01   0.0000
  8.67571682e-02   0.0000
 -1.07176378e-01   0.0000
  7.56731480e-02   0.0000
  3.57458042e-03   0.0000
  2.89034307e-01   0.0000
  4.98240963e-02   0.0000
 -4.99855690e-02   0.0000
 -9.08999741e-02   0.0000
  7.73338303e-02   0.0000
  1.70520976e-01   0.0000
 -7.96272978e-02   0.0000
 -4.83384309e-03   0.0000
 -8.06705654e-03   0.0000
  1.54070839e-01   0.0000
 -1.75000906e-01   0.0000
  1.75779480e-02   0.0000
  5.18289134e-02   0.0000
 -1.20655328e-04   0.0000
  1.34096950e-01   0.0000
  1.65814817e-01   0.0000
  8.63082409e-02   0.0000
  1.20324619e-01   0.0000
  1.88735366e-01   0.0000
  1.62264615e-01   0.0000
  5.52198589e-02   0.0000
  9.97103974e-02   0.0000
 -5.17816357e-02   0.0000
 -7.35140517e-02   0.0000
 -2.12673292e-01   0.0000
 -2.15753049e-01   0.0000
  6.39920086e-02   0.0000
 -3.47603351e-01   0.0000
  1.73149511e-01   0.0000
  1.81619842e-02   0.0000
  2.67742183e-02   0.0000
  2.63298564e-02   0.0000
 -2.18939915e-01   0.0000
 -3.95033136e-02   0.0000
 -6.74062252e-01   0.0000
 -4.14123774e-01   0.0000
 -8.59253705e-02   0.0000
 -1.69725820e-01   0.0000
 -2.41510272e-02   0.0000
 -6.88231736e-02   0.0000
  1.99706435e-01   0.0000
  7.32521759e-04   0.0000
  3.63865867e-03   0.0000
  1.28123417e-01   0.0000
 -1.92627296e-01   0.0000
  1.44427925e-01   0.0000
 -1.39048072e-02   0.0000
  1.24339713e-02   0.0000
 -2.48906091e-02   0.0000
 -2.41108891e-02   0.0000
  1.84173077e-01   0.0000
 -8.79047066e-03   0.0000
 -4.94836718e-01   0.0000
 -7.33524039e-02   0.0000
 -1.65592149e-01   0.0000
  1.59235150e-02   0.0000
 -2.60410812e-02   0.0000
 -5.43259382e-02   0.0000
  2.34069481e-01   0.0000
  2.02735029e-02   0.0000
 -1.87825471e-01   0.0000
  6.35218322e-02   0.0000
  1.18890041e-02   0.0000
 -1.84216395e-01   0.0000
 -1.17883116e-01   0.0000
 -1.75454229e-01   0.0000
 -8.27064931e-01   0.0000
 -2.62068491e-03   0.0000
 -1.18142702e-02   0.0000
 -1.65844589e-01   0.0000
 -1.33995667e-01   0.0000
  1.82889938e-01   0.0000
 -1.56656668e-01   0.0000
 -5.43106981e-02   0.0000
 -9.96054709e-03   0.0000
 -6.20356835e-02   0.0000
 -5.85090108e-02   0.0000
 -5.89499213e-02   0.0000
  7.09708408e-02   0.0000
  2.40441896e-02   0.0000
 -3.81567180e-02   0.0000
 -4.43743169e-02   0.0000
 -1.55700907e-01   0.0000
 -2.37127513e-01   0.0000
 -1.61019228e-02   0.0000
 -1.24639817e-01   0.0000
  5.66430427e-02   0.0000
  2.14778110e-02   0.0000
 -6.54501691e-02   0.0000
 -1.18631147e-01   0.0000
  1.09192312e-01   0.0000
  1.21241540e-01   0.0000
 -2.10919291e-01   0.0000
 -1.17354475e-01   0.0000
 -1.21389069e-02   0.0000
  5.42201512e-02   0.0000
  1.11236259e-01   0.0000
  1.86122596e-01   0.0000
  4.64775473e-01   0.0000
  2.58576959e-01   0.0000
 -5.38828894e-02   0.0000
 -1.32648796e-01   0.0000
  1.36129558e-01   0.0000
 -1.88929662e-01   0.0000
 -7.39308298e-02   0.0000
  8.40911642e-02   0.0000
  1.98594093e-01   0.0000
  1.06429122e-01   0.0000
  1.10369414e-01   0.0000
  1.97541803e-01   0.0000
  1.80252716e-01   0.0000
  1.27860252e-03   0.0000
 -1.86410978e-01   0.0000
 -1.25495225e-01   0.0000
 -1.04499176e-01   0.0000
 -6.56040162e-02   0.0000
 -1.68863058e-01   0.0000
  1.03043113e-02   0.0000
 -1.37353390e-01   0.0000
  8.93098935e-02   0.0000
 -1.67253733e-01   0.0000
  2.15331629e-01   0.0000
  6.08044937e-02   0.0000
  6.73705786e-02   0.0000
 -3.75685394e-01   0.0000
 -1.06063753e-01   0.0000
  1.27639711e-01   0.0000
 -2.18420718e-02   0.0000
 -1.98602989e-01   0.0000
  7.16731101e-02   0.0000
  9.98672936e-03   0.0000
  1.09465316e-01   0.0000
 -4.43095826e-02   0.0000
  8.25486481e-02   0.0000
 -1.69501919e-02   0.0000
 -2.40738660e-01   0.0000
 -1.51874304e-01   0.0000
  9.90691483e-02   0.0000
  6.25820160e-02   0.0000
  1.49194434e-01   0.0000
 -4.50441651e-02   0.0000
 -2.07419708e-01   0.0000
 -9.33710635e-02   0.0000
  7.01350272e-02   0.0000
 -2.28301302e-01   0.0000
 -1.50262550e-01   0.0000
  1.34895757e-01   0.0000
 -1.75650179e-01   0.0000
 -7.81593859e-01   0.0000
  3.20988655e-01   0.0000
  1.48108512e-01   0.0000
  6.01949275e-01   0.0000
  3.74519110e-01   0.0000
  3.13918926e-02   0.0000
  6.64828345e-02   0.0000
  3.61442745e-01   0.0000
  1.40943825e+00   0.0000
 -2.14681216e-02   0.0000
 -1.79422170e-01   0.0000
  3.47692013e-01   0.0000
  2.05543339e-01   0.0000
  9.47871804e-02   0.0000
  4.27183956e-02   0.0000
  5.58712054e-03   0.0000
 -1.67009562e-01   0.0000
 -2.05407888e-01   0.0000
 -2.07374319e-02   0.0000
 -2.02142164e-01   0.0000
 -1.11198023e-01   0.0000
  3.48293722e-01   0.0000
  4.89858985e-02   0.0000
  1.70399379e-02   0.0000
  2.84480210e-03   0.0000
  1.79282486e-01   0.0000
 -1.82371344e-02   0.0000
  5.67965060e-02   0.0000
 -3.51368845e-01   0.0000
 -5.49190454e-02   0.0000
 -5.35808578e-02   0.0000
 -1.57192275e-01   0.0000
 -6.39428318e-01   0.0000
  1.71481356e-01   0.0000
 -5.69166541e-02   0.0000
 -1.18082559e+00   0.0000
 -6.39479995e-01   0.0000
 -1.10499099e-01   0.0000
  4.49920626e-04   0.0000
  7.65024185e-01   0.0000
 -7.06181824e-01   0.0000
  1.93069056e-01   0.0000
  2.35499620e-01   0.0000
 -1.90385267e-01   0.0000
  4.25624341e-01   0.0000
  1.50760636e-01   0.0000
  7.96352386e-01   0.0000
  3.50495547e-01   0.0000
  7.23084062e-02   0.0000
  1.29837379e-01   0.0000
  6.60750508e-01   0.0000
  1.41734451e-01   0.0000
  6.97530881e-02   0.0000
 -6.89945638e-01   0.0000
 -7.30887353e-02   0.0000
 -5.95856681e-02   0.0000
 -1.19983181e-02   0.0000
 -6.47945553e-02   0.0000
 -9.71799716e-02   0.0000
 -8.63234326e-02   0.0000
 -4.16902900e-01   0.0000
 -8.21831971e-02   0.0000
  7.21134469e-02   0.0000
 -5.58237545e-02   0.0000
  0.00000000e+00   0.0000

