 5 0.000000 10
 1 
 Si 28.085500
 0 0.250001 4.500000 0.978124 1.000000 
 5 0 1 2 4 6
 7 1.50000 1.75000 2.00000 2.25000 2.50000 2.75000 3.00000
 1 12.169200 6.172630 3.114710 0.755675 0.404939 0.036124 0.650018 0.572890
 4 35 32 32 1
 -8.56925845e-02   0.0000
  4.72273052e-01   0.0000
  5.27437963e-03   0.0000
  1.44902691e-01   0.0000
  8.75937343e-02   0.0000
 -5.18776663e-02   0.0000
 -3.22437078e-01   0.0000
  9.46497738e-01   0.0000
 -1.51464149e-01   0.0000
 -2.39516586e-01   0.0000
  1.94922104e-01   0.0000
  8.03091973e-02   0.0000
  2.91275363e-02   0.0000
  9.56359282e-02   0.0000
 -4.23680574e-01   0.0000
 -4.97815721e-02   0.0000
 -1.71695814e-01   0.0000
 -1.02547601e-01   0.0000
  7.25654885e-02   0.0000
 -3.40284467e-01   0.0000
 -2.08277658e-01   0.0000
 -2.19389379e-01   0.0000
  5.05402684e-01   0.0000
 -9.39599723e-02   0.0000
  2.91242689e-01   0.0000
  1.40702993e-01   0.0000
 -3.75685871e-01   0.0000
 -1.52092904e-01   0.0000
  2.45890155e-01   0.0000
  2.84885705e-01   0.0000
 -4.27417934e-01   0.0000
  8.38520378e-03   0.0000
 -2.08462447e-01   0.0000
  7.69903883e-03   0.0000
 -2.53791243e-01   0.0000
 -2.45262384e-01   0.0000
  5.32382242e-02   0.0000
 -2.89112896e-01   0.0000
 -3.62782210e-01   0.0000
  1.15464687e-01   0.0000
 -7.09569268e-03   0.0000
  7.27084838e-03   0.0000
  2.52498716e-01   0.0000
  5.49473334e-04   0.0000
 -2.30662972e-01   0.0000
  5.14716282e-02   0.0000
 -1.68300301e-01   0.0000
 -3.14779878e-02   0.0000
  8.85401815e-02   0.0000
  1.78453475e-01   0.0000
 -3.25216958e-03   0.0000
 -4.49828327e-01   0.0000
 -2.52705812e-02   0.0000
  1.92562386e-01   0.0000
  4.82899368e-01   0.0000
 -2.31226131e-01   0.0000
  1.85301259e-01   0.0000
  2.91547719e-02   0.0000
 -1.73730507e-01   0.0000
  5.73746674e-02   0.0000
  5.61595224e-02   0.0000
  3.30356449e-01   0.0000
  1.26448870e-01   0.0000
 -1.46202251e-01   0.0000
  2.91946791e-02   0.0000
 -1.32640123e-01   0.0000
  1.59616947e-01   0.0000
 -5.58953762e-01   0.0000
  7.62443244e-02   0.0000
 -9.59707275e-02   0.0000
 -1.12606578e-01   0.0000
  6.90049201e-04   0.0000
 -1.37628645e-01   0.0000
  6.86416745e-01   0.0000
 -3.59114707e-01   0.0000
  2.96581257e-02   0.0000
 -1.19229309e-01   0.0000
  5.35411835e-02   0.0000
 -5.10353088e-01   0.0000
  5.81022263e-01   0.0000
  2.00131834e-01   0.0000
  3.95270258e-01   0.0000
 -5.51463187e-01   0.0000
 -3.62407655e-01   0.0000
 -9.01831239e-02   0.0000
  3.08642298e-01   0.0000
 -2.85270344e-02   0.0000
 -6.27077878e-01   0.0000
  1.56935081e-01   0.0000
  1.92084432e-01   0.0000
 -3.17770056e-02   0.0000
 -1.88124329e-02   0.0000
 -1.20412908e-01   0.0000
  6.55397236e-01   0.0000
  3.72637771e-02   0.0000
 -7.81777725e-02   0.0000
 -6.57447949e-02   0.0000
  4.67516389e-03   0.0000
  5.40631056e-01   0.0000
 -4.63357478e-01   0.0000
  2.41378397e-01   0.0000
 -5.20330846e-01   0.0000
 -3.40471864e-01   0.0000
  6.06108531e-02   0.0000
 -3.72227430e-01   0.0000
  1.19106662e+00   0.0000
 -3.01399201e-01   0.0000
  2.22804844e-01   0.0000
  4.04237330e-01   0.0000
 -3.55539902e-04   0.0000
 -3.30525756e-01   0.0000
  1.27465308e-01   0.0000
  3.77309561e-01   0.0000
  1.51504651e-01   0.0000
 -6.45600498e-01   0.0000
 -3.03113069e-02   0.0000
  2.72966176e-01   0.0000
  3.44856232e-01   0.0000
  1.08101405e-01   0.0000
 -1.71231955e-01   0.0000
  1.66262284e-01   0.0000
  5.31176448e-01   0.0000
 -2.11139947e-01   0.0000
  1.12249762e-01   0.0000
 -5.27889669e-01   0.0000
  5.81819952e-01   0.0000
  2.15282943e-03   0.0000
 -2.61281639e-01   0.0000
  1.18630759e-01   0.0000
  1.27985120e-01   0.0000
  4.41693693e-01   0.0000
 -6.21058978e-02   0.0000
  2.77793497e-01   0.0000
 -2.56245345e-01   0.0000
 -5.27016997e-01   0.0000
 -9.55659971e-02   0.0000
 -3.03079873e-01   0.0000
  1.09721911e+00   0.0000
 -2.98797250e-01   0.0000
  2.18992680e-01   0.0000
  5.18997848e-01   0.0000
 -1.02307871e-01   0.0000
 -4.35919732e-01   0.0000
  7.69115612e-02   0.0000
  4.26322043e-01   0.0000
  2.42627978e-01   0.0000
 -1.04719424e+00   0.0000
  1.67403258e-02   0.0000
  3.72728229e-01   0.0000
 -1.33113086e-01   0.0000
  1.34782091e-01   0.0000
  2.04610258e-01   0.0000
  1.17284827e-01   0.0000
  5.20101309e-01   0.0000
  1.63600162e-01   0.0000
  2.29303882e-01   0.0000
 -4.58701134e-01   0.0000
  3.12226772e-01   0.0000
 -1.06768191e-01   0.0000
 -2.24773929e-01   0.0000
  5.03081642e-02   0.0000
  6.71856284e-01   0.0000
  2.74432003e-01   0.0000
  4.64227144e-03   0.0000
  3.88236910e-01   0.0000
 -1.43974140e-01   0.0000
 -3.71602654e-01   0.0000
 -2.77825058e-01   0.0000
 -2.13036314e-01   0.0000
  8.94016206e-01   0.0000
 -3.43594700e-01   0.0000
  3.95245939e-01   0.0000
  1.06955600e+00   0.0000
 -1.67270184e-01   0.0000
 -3.50277603e-01   0.0000
 -3.67597222e-01   0.0000
  4.02014881e-01   0.0000
 -1.05598732e-03   0.0000
 -8.23303163e-01   0.0000
  3.74411851e-01   0.0000
  4.21081394e-01   0.0000
 -2.59415001e-01   0.0000
 -2.08054371e-02   0.0000
  2.58293182e-01   0.0000
  1.65459797e-01   0.0000
  8.43928695e-01   0.0000
  1.46429315e-01   0.0000
  2.71335959e-01   0.0000
 -7.73444057e-01   0.0000
  3.87644805e-02   0.0000
  8.50909650e-02   0.0000
 -4.37441021e-01   0.0000
  1.18275397e-01   0.0000
  6.32260859e-01   0.0000
  1.51811123e-01   0.0000
  1.08241774e-01   0.0000
  3.88185531e-01   0.0000
 -4.29589838e-01   0.0000
 -1.48569807e-01   0.0000
 -3.60088229e-01   0.0000
 -2.44561493e-01   0.0000
  1.01085603e+00   0.0000
  8.60957131e-02   0.0000
  7.27229178e-01   0.0000
  1.36060655e+00   0.0000
 -1.95827261e-02   0.0000
 -3.94100249e-02   0.0000
 -3.38369906e-01   0.0000
  4.03503746e-01   0.0000
  3.61241251e-01   0.0000
 -8.19895983e-01   0.0000
  3.85226160e-01   0.0000
  8.15991759e-01   0.0000
 -4.81205583e-01   0.0000
  1.43664591e-02   0.0000
  4.90846545e-01   0.0000
  1.63215026e-01   0.0000
  7.45238066e-01   0.0000
  3.34492326e-01   0.0000
  2.85694778e-01   0.0000
 -9.58152056e-01   0.0000
 -1.53780177e-01   0.0000
  2.24354461e-01   0.0000
 -1.11596137e-01   0.0000
  5.64144133e-03   0.0000
  2.04404444e-01   0.0000
 -8.93525258e-02   0.0000
 -2.24621683e-01   0.0000
  1.42359480e-01   0.0000
 -2.56767985e-03   0.0000
  1.31726027e-01   0.0000
  1.69942781e-01   0.0000
 -2.83858762e-03   0.0000
 -1.12594981e-02   0.0000
  2.28440072e-02   0.0000
 -2.54975576e-02   0.0000
 -1.52448416e-01   0.0000
 -5.30489348e-02   0.0000
  6.96122274e-02   0.0000
 -6.97722286e-02   0.0000
  4.09407429e-02   0.0000
 -1.07605673e-01   0.0000
 -8.18318862e-04   0.0000
 -2.83451438e-01   0.0000
 -8.47092830e-03   0.0000
 -1.95855588e-01   0.0000
  3.40423062e-02   0.0000
  2.65292525e-01   0.0000
  1.51357949e-01   0.0000
 -2.06385195e-01   0.0000
  6.50508562e-04   0.0000
  7.64383748e-02   0.0000
  1.32267430e-01   0.0000
 -1.28244817e-01   0.0000
 -1.72429398e-01   0.0000
 -5.62760308e-02   0.0000
 -2.21417531e-01   0.0000
 -9.10507664e-02   0.0000
 -2.58416068e-02   0.0000
 -2.49326646e-01   0.0000
 -1.37034774e-01   0.0000
 -5.61053455e-02   0.0000
 -5.42623438e-02   0.0000
  1.24562390e-01   0.0000
  1.74385663e-02   0.0000
  1.07165597e-01   0.0000
 -1.57135472e-01   0.0000
  1.21246418e-02   0.0000
 -1.49652421e-01   0.0000
  4.97419946e-02   0.0000
 -8.53072926e-02   0.0000
  9.94393080e-02   0.0000
 -3.44765298e-02   0.0000
 -2.09378153e-01   0.0000
 -1.89463511e-01   0.0000
 -1.62602171e-01   0.0000
 -1.49665326e-01   0.0000
  1.96076870e-01   0.0000
  1.59669936e-01   0.0000
  1.78303376e-01   0.0000
 -1.46319583e-01   0.0000
 -1.64479837e-01   0.0000
 -4.71965447e-02   0.0000
 -3.62222977e-02   0.0000
 -5.35176769e-02   0.0000
 -1.48418307e-01   0.0000
 -2.78849781e-01   0.0000
  1.86140001e-01   0.0000
 -6.62440881e-02   0.0000
 -1.29404068e-01   0.0000
 -7.60227293e-02   0.0000
 -3.88095737e-01   0.0000
 -1.02074347e-01   0.0000
 -8.50557685e-02   0.0000
 -8.45681354e-02   0.0000
  1.22374147e-01   0.0000
  2.88247913e-02   0.0000
  1.51693157e-03   0.0000
 -9.16448236e-02   0.0000
  1.12820923e-01   0.0000
 -1.51463196e-01   0.0000
  4.02391516e-02   0.0000
 -5.67444637e-02   0.0000
  3.74423325e-01   0.0000
 -2.42000795e-03   0.0000
 -2.41995472e-02   0.0000
 -4.16696779e-02   0.0000
 -3.36232245e-01   0.0000
 -1.07890461e-02   0.0000
  4.19003665e-01   0.0000
 -9.37568694e-02   0.0000
  3.08490783e-01   0.0000
 -1.97758049e-01   0.0000
 -8.96622017e-02   0.0000
 -1.33623406e-01   0.0000
 -2.13453844e-02   0.0000
  6.20962977e-02   0.0000
 -4.76653725e-02   0.0000
 -3.01742703e-01   0.0000
 -2.82085706e-02   0.0000
  4.12509069e-02   0.0000
 -1.22828215e-01   0.0000
  3.16478699e-01   0.0000
  5.28146923e-02   0.0000
  2.28073016e-01   0.0000
 -2.44086921e-01   0.0000
 -4.03263927e-01   0.0000
  3.87491763e-01   0.0000
 -1.85088933e-01   0.0000
 -4.99853957e-03   0.0000
 -1.28220469e-01   0.0000
  1.01601191e-01   0.0000
 -6.47770017e-02   0.0000
  1.70304134e-01   0.0000
 -2.57754028e-01   0.0000
  3.51200581e-01   0.0000
 -1.26167566e-01   0.0000
 -9.75537375e-02   0.0000
  6.04581796e-02   0.0000
 -1.30714700e-01   0.0000
 -8.02998543e-02   0.0000
  4.52582031e-01   0.0000
  5.50057776e-02   0.0000
  2.90755242e-01   0.0000
 -1.94660366e-01   0.0000
 -2.46286422e-01   0.0000
 -4.36299056e-01   0.0000
 -3.15226875e-02   0.0000
  6.94271028e-02   0.0000
  2.36855764e-02   0.0000
 -4.58658002e-02   0.0000
  1.23602683e-02   0.0000
  2.15120725e-02   0.0000
  3.87025997e-02   0.0000
  2.43575752e-01   0.0000
  2.40467608e-01   0.0000
  2.29985237e-01   0.0000
 -5.53297736e-02   0.0000
 -6.92241251e-01   0.0000
  3.23184758e-01   0.0000
 -7.37503683e-03   0.0000
 -3.56372446e-01   0.0000
 -2.75978029e-01   0.0000
 -1.79625284e-02   0.0000
  2.30540112e-01   0.0000
  1.90868944e-01   0.0000
 -1.29393190e-01   0.0000
  5.96868992e-01   0.0000
 -1.30817309e-01   0.0000
  1.28513962e-01   0.0000
 -8.12836885e-02   0.0000
 -1.44542307e-01   0.0000
  8.38772878e-02   0.0000
  4.15059894e-01   0.0000
 -7.10889325e-02   0.0000
  3.14012259e-01   0.0000
 -3.14853899e-02   0.0000
 -2.45854892e-02   0.0000
 -5.12713075e-01   0.0000
  1.42293468e-01   0.0000
 -2.38692313e-02   0.0000
  1.66886777e-01   0.0000
  8.04717839e-02   0.0000
 -5.35787642e-02   0.0000
 -1.90738644e-02   0.0000
  4.91003215e-01   0.0000
  1.61827371e-01   0.0000
  5.28832436e-01   0.0000
  2.13172391e-01   0.0000
 -1.89278543e-01   0.0000
 -1.02077746e+00   0.0000
  5.80777287e-01   0.0000
  1.82780977e-02   0.0000
 -5.15684128e-01   0.0000
 -3.11563224e-01   0.0000
  2.35917475e-02   0.0000
  6.82556987e-01   0.0000
  1.02097290e-02   0.0000
 -1.28665462e-01   0.0000
  2.72565395e-01   0.0000
  5.89818396e-02   0.0000
 -1.79560587e-01   0.0000
  8.35438669e-02   0.0000
 -8.52345824e-02   0.0000
  2.32118554e-02   0.0000
  3.51372033e-01   0.0000
  1.77390575e-01   0.0000
  2.52616137e-01   0.0000
 -2.12780505e-01   0.0000
 -2.29899585e-01   0.0000
 -8.53838384e-01   0.0000
  2.23627597e-01   0.0000
  1.10258088e-01   0.0000
  3.80665772e-02   0.0000
  7.59418234e-02   0.0000
  6.63675293e-02   0.0000
  2.74078473e-02   0.0000
  7.50890195e-01   0.0000
  1.77129328e-01   0.0000
  9.10526633e-01   0.0000
  1.78359047e-01   0.0000
 -5.45946620e-02   0.0000
 -1.09470153e+00   0.0000
  9.20354187e-01   0.0000
 -2.79933929e-01   0.0000
 -8.79284024e-01   0.0000
 -5.59604585e-01   0.0000
 -2.33753681e-01   0.0000
  9.62009490e-01   0.0000
  1.32429555e-01   0.0000
  1.64916307e-01   0.0000
 -7.35129490e-02   0.0000
  1.02752894e-01   0.0000
 -3.56108129e-01   0.0000
  1.54266655e-01   0.0000
  8.58781412e-02   0.0000
 -2.38721237e-01   0.0000
  1.35153756e-01   0.0000
  4.46067572e-01   0.0000
  3.45000267e-01   0.0000
 -1.59536600e-01   0.0000
 -3.42916131e-01   0.0000
 -1.11962020e+00   0.0000
  5.02426267e-01   0.0000
  3.88179153e-01   0.0000
  1.90398917e-02   0.0000
 -1.45765647e-01   0.0000
 -1.29831657e-01   0.0000
  1.44072205e-01   0.0000
  4.45443541e-02   0.0000
 -1.77791193e-02   0.0000
  1.77831724e-01   0.0000
  1.85210019e-01   0.0000
 -4.27055247e-02   0.0000
 -6.99471235e-02   0.0000
  1.50583938e-01   0.0000
 -2.68955831e-03   0.0000
 -2.62873650e-01   0.0000
 -7.92109519e-02   0.0000
 -1.46935508e-01   0.0000
  4.88549434e-02   0.0000
 -8.01168159e-02   0.0000
  6.73227385e-02   0.0000
  9.18716565e-02   0.0000
 -1.54002130e-01   0.0000
 -2.67299235e-01   0.0000
  2.86482990e-01   0.0000
  1.75966263e-01   0.0000
  1.22929722e-01   0.0000
  3.85982580e-02   0.0000
  1.66873738e-01   0.0000
 -1.09422242e-03   0.0000
 -2.49052495e-02   0.0000
  1.70861691e-01   0.0000
  9.27959234e-02   0.0000
  5.36703803e-02   0.0000
 -2.54739774e-04   0.0000
  1.00407682e-01   0.0000
 -1.28141955e-01   0.0000
 -1.76351398e-01   0.0000
  1.67858258e-01   0.0000
  7.79679604e-03   0.0000
  1.78144142e-01   0.0000
  4.30102885e-01   0.0000
  1.67249769e-01   0.0000
 -5.07906489e-02   0.0000
 -2.12129146e-01   0.0000
  1.66970536e-01   0.0000
  1.49818867e-01   0.0000
 -2.96553642e-01   0.0000
  6.13223179e-04   0.0000
 -1.83846414e-01   0.0000
 -2.28649631e-01   0.0000
 -1.10698961e-01   0.0000
 -1.80374160e-02   0.0000
 -5.60029559e-02   0.0000
  9.69145074e-02   0.0000
 -2.55783349e-01   0.0000
  2.27906242e-01   0.0000
  1.58583701e-01   0.0000
 -8.16987886e-04   0.0000
  1.75082162e-01   0.0000
  1.52990550e-01   0.0000
  1.26632210e-02   0.0000
 -1.16324956e-02   0.0000
  1.26564905e-01   0.0000
  8.02768320e-02   0.0000
  2.77245194e-01   0.0000
  4.33756448e-02   0.0000
 -6.74086958e-02   0.0000
 -3.06667611e-02   0.0000
 -8.37816969e-02   0.0000
  2.72443950e-01   0.0000
  1.26552522e-01   0.0000
  1.10746756e-01   0.0000
  4.23010379e-01   0.0000
  3.48092802e-02   0.0000
  1.43663943e-01   0.0000
 -1.15387693e-01   0.0000
  2.11385474e-01   0.0000
 -6.56015724e-02   0.0000
 -6.23581447e-02   0.0000
 -2.36086380e-02   0.0000
  1.35578766e-01   0.0000
 -4.81671095e-01   0.0000
 -4.76223268e-02   0.0000
 -1.95601076e-01   0.0000
  5.76955304e-02   0.0000
  4.59342189e-02   0.0000
 -3.66944462e-01   0.0000
  4.56355572e-01   0.0000
  2.04340577e-01   0.0000
  2.62593955e-01   0.0000
  1.97175760e-02   0.0000
  3.95544231e-01   0.0000
  2.59881973e-01   0.0000
  7.67287314e-02   0.0000
  1.30957022e-01   0.0000
  3.55814882e-02   0.0000
  6.43431321e-02   0.0000
  6.01399504e-02   0.0000
 -4.10661958e-02   0.0000
 -4.33013309e-04   0.0000
  4.55707945e-02   0.0000
  2.13300988e-01   0.0000
 -4.41765599e-02   0.0000
 -1.07776493e-01   0.0000
  1.21805541e-01   0.0000
  3.26882273e-01   0.0000
  9.49723721e-02   0.0000
 -1.62401646e-01   0.0000
  3.65229636e-01   0.0000
 -6.37498349e-02   0.0000
 -2.25440666e-01   0.0000
  1.83942869e-01   0.0000
  8.27799439e-02   0.0000
 -3.71481717e-01   0.0000
  1.16120212e-01   0.0000
 -1.22717910e-01   0.0000
  7.22706039e-03   0.0000
 -1.81644037e-02   0.0000
 -4.17735636e-01   0.0000
  4.94563520e-01   0.0000
  2.13257581e-01   0.0000
  2.07287163e-01   0.0000
  3.41138780e-01   0.0000
  4.57340807e-01   0.0000
  4.53307211e-01   0.0000
 -4.08200920e-03   0.0000
 -1.00778565e-01   0.0000
 -1.52548686e-01   0.0000
  2.25698631e-02   0.0000
 -9.37747434e-02   0.0000
 -1.82116866e-01   0.0000
  2.87676565e-02   0.0000
 -6.05654642e-02   0.0000
  2.52298471e-02   0.0000
 -4.82005715e-01   0.0000
  1.13899456e-02   0.0000
 -2.74310052e-01   0.0000
  5.00581749e-02   0.0000
 -3.15237194e-01   0.0000
 -3.43778431e-01   0.0000
  5.78248978e-01   0.0000
 -1.17688768e-01   0.0000
 -3.01996898e-02   0.0000
  3.79961841e-02   0.0000
 -1.03156291e-01   0.0000
 -3.38748574e-01   0.0000
 -4.76023741e-02   0.0000
  6.81106001e-02   0.0000
  3.84682328e-01   0.0000
  7.98933208e-02   0.0000
 -3.22360218e-01   0.0000
  4.68197256e-01   0.0000
 -1.51539028e-01   0.0000
 -3.53943557e-02   0.0000
  3.54825169e-01   0.0000
  2.53616750e-01   0.0000
  4.49465841e-01   0.0000
 -8.17621872e-02   0.0000
 -1.61530182e-01   0.0000
 -1.90597266e-01   0.0000
  2.15117514e-01   0.0000
 -2.49968931e-01   0.0000
  9.35826153e-02   0.0000
  2.47854054e-01   0.0000
 -2.20598429e-01   0.0000
  5.11518233e-02   0.0000
 -5.80813110e-01   0.0000
 -4.76272255e-02   0.0000
 -4.17020679e-01   0.0000
  2.66460210e-01   0.0000
 -3.68898034e-01   0.0000
 -1.87041476e-01   0.0000
  9.53509748e-01   0.0000
 -2.00009301e-01   0.0000
 -1.53739423e-01   0.0000
 -1.52195878e-02   0.0000
  5.14643863e-02   0.0000
 -3.69570732e-01   0.0000
 -4.29615378e-02   0.0000
  1.13229817e-02   0.0000
  4.07956660e-01   0.0000
  4.68965583e-02   0.0000
 -1.27896816e-01   0.0000
  5.37231803e-01   0.0000
 -1.16667137e-01   0.0000
  2.55941153e-01   0.0000
 -4.72925678e-02   0.0000
  3.33161712e-01   0.0000
  4.35273349e-01   0.0000
  1.99608266e-01   0.0000
 -3.12913358e-01   0.0000
  2.59106010e-01   0.0000
  8.12354162e-02   0.0000
 -3.79955232e-01   0.0000
  2.97193080e-01   0.0000
  1.48316786e-01   0.0000
 -1.15798242e-01   0.0000
  3.52591574e-01   0.0000
 -5.45030892e-01   0.0000
  1.68130055e-01   0.0000
 -2.68284172e-01   0.0000
  3.01126510e-01   0.0000
 -1.23000637e-01   0.0000
 -3.17985922e-01   0.0000
  1.13959777e+00   0.0000
  5.47361970e-02   0.0000
 -3.32958072e-01   0.0000
  6.47433549e-02   0.0000
  6.57316446e-02   0.0000
 -1.02445945e-01   0.0000
 -1.10933699e-01   0.0000
  9.02186409e-02   0.0000
  6.23797178e-01   0.0000
 -9.38326791e-02   0.0000
 -4.15314019e-01   0.0000
  2.82977492e-01   0.0000
  8.12928528e-02   0.0000
  7.22097000e-03   0.0000
  9.03933197e-02   0.0000
  5.73081791e-01   0.0000
  3.35752785e-01   0.0000
  6.70357943e-02   0.0000
 -3.15807730e-01   0.0000
  6.86139226e-01   0.0000
  1.51782632e-01   0.0000
 -2.55909503e-01   0.0000
  3.07858348e-01   0.0000
  2.95649618e-01   0.0000
  4.87348484e-03   0.0000
 -2.16499329e-01   0.0000
  1.81405209e-02   0.0000
  6.39909133e-02   0.0000
  3.61317070e-03   0.0000
  1.50013089e-01   0.0000
 -1.21393569e-01   0.0000
 -1.43251225e-01   0.0000
  1.63066223e-01   0.0000
  8.68102610e-02   0.0000
 -1.40626952e-01   0.0000
  1.04193576e-01   0.0000
 -1.50599211e-01   0.0000
  1.01047903e-01   0.0000
  1.96137771e-01   0.0000
 -1.87221050e-01   0.0000
  5.12269549e-02   0.0000
  1.34730369e-01   0.0000
 -1.83360681e-01   0.0000
 -1.27765849e-01   0.0000
 -1.67046830e-01   0.0000
  1.82614625e-01   0.0000
  1.21787131e-01   0.0000
  1.21736906e-01   0.0000
  2.41474152e-01   0.0000
  9.87948850e-03   0.0000
 -9.64728966e-02   0.0000
 -2.81132534e-02   0.0000
  1.83981463e-01   0.0000
 -1.19057827e-01   0.0000
  2.33841687e-01   0.0000
 -3.79135817e-01   0.0000
  1.03785582e-01   0.0000
 -5.27361929e-02   0.0000
  1.24989990e-02   0.0000
 -2.02276215e-01   0.0000
 -7.16828853e-02   0.0000
  1.63019344e-01   0.0000
  2.63769347e-02   0.0000
 -2.13579424e-02   0.0000
  2.33063743e-01   0.0000
 -1.84296712e-01   0.0000
 -8.92248601e-02   0.0000
  4.03164886e-02   0.0000
  2.69912998e-04   0.0000
 -1.56719610e-01   0.0000
  1.00343987e-01   0.0000
  7.31007978e-02   0.0000
  2.69735783e-01   0.0000
 -7.13876262e-02   0.0000
 -2.45557707e-02   0.0000
  1.01689100e-01   0.0000
 -2.04931006e-01   0.0000
 -1.12321332e-01   0.0000
  7.29533017e-01   0.0000
 -2.40484357e-01   0.0000
  5.60352921e-01   0.0000
 -9.20683667e-02   0.0000
  1.74061567e-01   0.0000
 -2.23756015e-01   0.0000
 -1.54687678e-02   0.0000
 -2.09758412e-02   0.0000
  1.47635520e-01   0.0000
  1.90957472e-01   0.0000
 -6.18157499e-02   0.0000
 -3.62291038e-02   0.0000
  1.08052939e-02   0.0000
 -1.99636519e-01   0.0000
 -1.74253076e-01   0.0000
  9.74048674e-02   0.0000
  8.03305879e-02   0.0000
 -1.29330620e-01   0.0000
  2.81460077e-01   0.0000
 -1.56317011e-01   0.0000
  1.13647632e-01   0.0000
 -9.37443078e-02   0.0000
  1.59495734e-02   0.0000
 -5.47596551e-02   0.0000
  4.70499918e-02   0.0000
 -6.04523197e-02   0.0000
  1.74853668e-01   0.0000
  1.45658366e-02   0.0000
 -3.62390995e-01   0.0000
 -9.27104354e-02   0.0000
  2.30712909e-02   0.0000
  5.68818823e-02   0.0000
  7.52914250e-01   0.0000
 -3.65892649e-01   0.0000
  8.23484898e-01   0.0000
 -2.48892754e-02   0.0000
  7.97372833e-02   0.0000
 -4.47258770e-01   0.0000
 -1.13757871e-01   0.0000
  1.77218616e-01   0.0000
  3.30738455e-01   0.0000
  1.26018580e-02   0.0000
 -6.88739936e-04   0.0000
 -1.79479141e-02   0.0000
  2.20802903e-01   0.0000
  1.45504028e-01   0.0000
  1.88239321e-01   0.0000
  2.37222448e-01   0.0000
 -1.70222834e-01   0.0000
  1.17195509e-01   0.0000
  1.15296934e-02   0.0000
 -1.88271448e-01   0.0000
 -1.48331253e-02   0.0000
 -2.19101936e-01   0.0000
  2.00406298e-01   0.0000
 -3.22909534e-01   0.0000
  1.41001828e-02   0.0000
  1.40839955e-03   0.0000
 -9.83213782e-02   0.0000
 -2.59726848e-02   0.0000
 -6.13316186e-02   0.0000
 -2.26842761e-01   0.0000
  9.25583169e-02   0.0000
  1.00220451e-02   0.0000
  9.16769683e-01   0.0000
 -3.82039905e-01   0.0000
  6.69728100e-01   0.0000
 -6.32455871e-02   0.0000
  3.29221219e-01   0.0000
 -2.94730604e-01   0.0000
  1.88392684e-01   0.0000
  8.23156759e-02   0.0000
  1.73150510e-01   0.0000
 -3.58393267e-02   0.0000
 -9.37660709e-02   0.0000
  8.32999423e-02   0.0000
  1.22934446e-01   0.0000
  3.81383300e-02   0.0000
  1.32539961e-02   0.0000
  4.92559165e-01   0.0000
  6.69261068e-02   0.0000
  2.49429092e-01   0.0000
 -3.17066312e-01   0.0000
 -1.19351400e-02   0.0000
 -3.51426601e-01   0.0000
 -5.48899353e-01   0.0000
 -3.18406820e-02   0.0000
 -6.56653345e-02   0.0000
 -1.36158973e-01   0.0000
 -9.05127004e-02   0.0000
 -2.70349890e-01   0.0000
 -4.32193801e-02   0.0000
 -1.18725546e-01   0.0000
 -2.96060026e-01   0.0000
  2.87886620e-01   0.0000
  3.93161215e-02   0.0000
  1.03037167e+00   0.0000
 -9.19564441e-02   0.0000
  4.88955736e-01   0.0000
  1.76957443e-01   0.0000
  2.61004418e-01   0.0000
  1.96143270e-01   0.0000
  2.46185604e-02   0.0000
  2.70648032e-01   0.0000
  3.59700859e-01   0.0000
 -8.48651975e-02   0.0000
  3.24880541e-03   0.0000
  2.53343970e-01   0.0000
 -6.83666840e-02   0.0000
  4.17058140e-01   0.0000
  4.02201414e-01   0.0000
  1.53541997e-01   0.0000
 -2.06567675e-01   0.0000
  2.33692139e-01   0.0000
 -4.10009444e-01   0.0000
 -3.35632674e-02   0.0000
 -5.28786063e-01   0.0000
 -5.46012104e-01   0.0000
  3.57141823e-01   0.0000
  1.16518401e-01   0.0000
  1.75212435e-02   0.0000
  7.31705874e-02   0.0000
 -3.05027574e-01   0.0000
  2.02058375e-01   0.0000
 -3.35963517e-02   0.0000
 -3.38372201e-01   0.0000
  1.86168760e-01   0.0000
  1.48921147e-01   0.0000
  1.30274844e+00   0.0000
  1.27662763e-01   0.0000
  3.28546435e-01   0.0000
  1.65066853e-01   0.0000
  3.20257485e-01   0.0000
  3.22192162e-01   0.0000
  1.41940311e-01   0.0000
  3.08218822e-02   0.0000
  5.42634010e-01   0.0000
 -1.86661929e-01   0.0000
 -2.25002795e-01   0.0000
 -1.76847503e-01   0.0000
 -1.02732658e+00   0.0000
  2.71142334e-01   0.0000
  2.83021182e-01   0.0000
  3.68387163e-01   0.0000
 -4.32782680e-01   0.0000
  7.30352774e-02   0.0000
 -4.99494970e-01   0.0000
 -1.10878423e-01   0.0000
 -4.40349072e-01   0.0000
 -2.92474687e-01   0.0000
  2.23688737e-01   0.0000
 -4.16090619e-03   0.0000
 -8.62183888e-03   0.0000
 -1.18518688e-01   0.0000
  1.71722844e-01   0.0000
  1.88861340e-01   0.0000
  1.53787568e-01   0.0000
 -5.05618215e-01   0.0000
 -6.52547032e-02   0.0000
  4.13808823e-02   0.0000
  1.52977395e+00   0.0000
  1.52590081e-01   0.0000
  3.40042919e-01   0.0000
 -1.02307193e-01   0.0000
  1.16950767e-02   0.0000
  2.50121951e-01   0.0000
 -2.09186882e-01   0.0000
 -1.43910170e-01   0.0000
  6.72743440e-01   0.0000
 -2.57706344e-01   0.0000
 -9.16398019e-02   0.0000
 -1.78692117e-01   0.0000
  6.28351212e-01   0.0000
  3.35510910e-01   0.0000
 -1.05706908e-01   0.0000
  1.18792251e-01   0.0000
  1.22495377e-02   0.0000
 -2.73502469e-01   0.0000
  5.47185063e-01   0.0000
  5.36236097e-04   0.0000
 -4.68127429e-02   0.0000
 -4.90066141e-01   0.0000
  4.15015529e-04   0.0000
 -3.42203006e-02   0.0000
 -1.26966178e-01   0.0000
  8.18812102e-02   0.0000
 -6.81138754e-01   0.0000
 -1.13300059e-03   0.0000
 -1.48239076e-01   0.0000
  1.51287764e-01   0.0000
 -2.10157350e-01   0.0000
 -1.94490358e-01   0.0000
 -6.21947348e-01   0.0000
  7.66269565e-01   0.0000
  7.51552701e-01   0.0000
  7.85535425e-02   0.0000
  1.53211474e-01   0.0000
  2.29660958e-01   0.0000
  3.53427410e-01   0.0000
 -6.82683103e-03   0.0000
 -7.31662065e-02   0.0000
 -1.13374197e+00   0.0000
 -2.15700164e-01   0.0000
  2.13404864e-01   0.0000
 -2.27673352e-02   0.0000
  3.30430642e-02   0.0000
  2.23388478e-01   0.0000
  9.41841514e-04   0.0000
 -6.18672259e-02   0.0000
 -5.05843572e-02   0.0000
  6.87221661e-02   0.0000
  1.34526864e-01   0.0000
  1.08639993e-01   0.0000
  2.89587915e-01   0.0000
  4.52825613e-02   0.0000
 -1.21181570e-01   0.0000
 -1.28224686e-01   0.0000
 -6.78752959e-02   0.0000
 -7.76572824e-02   0.0000
 -1.07295744e-01   0.0000
  9.99246612e-02   0.0000
  1.64294139e-01   0.0000
  1.02425829e-01   0.0000
 -1.69925988e-01   0.0000
 -9.43076909e-02   0.0000
  6.80917025e-01   0.0000
  9.32187811e-02   0.0000
 -2.36969054e-01   0.0000
  2.55622417e-01   0.0000
 -2.39708275e-02   0.0000
  2.33893514e-01   0.0000
  2.52052873e-01   0.0000
  2.09383871e-02   0.0000
 -8.17746639e-01   0.0000
  6.74330741e-02   0.0000
  9.65941772e-02   0.0000
 -2.39601985e-01   0.0000
 -1.34967312e-01   0.0000
  5.58811843e-01   0.0000
 -7.86238611e-02   0.0000
  3.80924297e-03   0.0000
  1.93730071e-01   0.0000
 -3.77507508e-01   0.0000
  1.26519367e-01   0.0000
  9.86528676e-03   0.0000
  8.53389800e-01   0.0000
  7.40906596e-02   0.0000
 -4.82588887e-01   0.0000
 -1.21915340e-01   0.0000
  1.05262235e-01   0.0000
  4.29208905e-01   0.0000
  6.56839162e-02   0.0000
 -1.46935387e-02   0.0000
  2.50664383e-01   0.0000
  7.67823905e-02   0.0000
  1.28892334e-02   0.0000
  3.60891111e-02   0.0000
  4.39373940e-01   0.0000
 -2.17068091e-01   0.0000
 -3.42266783e-02   0.0000
  1.77557275e-01   0.0000
 -6.64866194e-02   0.0000
  1.41800959e-02   0.0000
  3.21849585e-02   0.0000
  1.12161294e-01   0.0000
 -1.98848695e-01   0.0000
 -5.68012036e-02   0.0000
  2.41604060e-01   0.0000
 -4.29846972e-01   0.0000
 -2.80130029e-01   0.0000
  1.00624867e-01   0.0000
 -1.59616023e-01   0.0000
 -1.10215053e-01   0.0000
  1.42716601e-01   0.0000
 -6.41442776e-01   0.0000
  1.20821875e-02   0.0000
 -3.38880122e-01   0.0000
  9.76394296e-01   0.0000
  6.04521558e-02   0.0000
 -3.82059485e-01   0.0000
  5.69250733e-02   0.0000
 -1.60268351e-01   0.0000
  6.78586006e-01   0.0000
  2.96342261e-02   0.0000
  3.20846289e-01   0.0000
  3.07883650e-01   0.0000
  3.38755071e-01   0.0000
  2.18182191e-01   0.0000
  1.43498778e-01   0.0000
  1.33291900e-01   0.0000
 -4.44872260e-01   0.0000
 -1.87910616e-01   0.0000
  5.42580724e-01   0.0000
  2.22443473e-02   0.0000
 -8.18124861e-02   0.0000
 -5.88839641e-03   0.0000
  1.21389113e-01   0.0000
 -2.35855237e-01   0.0000
 -2.65606809e-02   0.0000
  2.14275226e-01   0.0000
 -4.53277349e-01   0.0000
 -2.61501431e-01   0.0000
  1.68491155e-01   0.0000
 -3.84404391e-01   0.0000
 -7.07177967e-02   0.0000
  1.24744445e-01   0.0000
 -2.34252423e-01   0.0000
 -2.21183021e-02   0.0000
 -5.66336155e-01   0.0000
  8.73768687e-01   0.0000
  1.09980308e-01   0.0000
 -3.82559180e-01   0.0000
 -9.77813825e-02   0.0000
  2.71550845e-03   0.0000
  4.17223841e-01   0.0000
 -1.95771262e-01   0.0000
 -8.32598582e-02   0.0000
  4.46939349e-01   0.0000
  2.70497978e-01   0.0000
  2.25139186e-01   0.0000
 -2.77226478e-01   0.0000
  6.46163076e-02   0.0000
 -1.64505333e-01   0.0000
  1.03070363e-01   0.0000
  3.27117026e-01   0.0000
  2.53164083e-01   0.0000
 -1.02813154e-01   0.0000
  8.46521929e-03   0.0000
  1.66066885e-01   0.0000
 -9.20595303e-02   0.0000
 -5.39353974e-02   0.0000
  2.33084619e-01   0.0000
  9.91231054e-02   0.0000
 -3.29623878e-01   0.0000
  1.45229563e-01   0.0000
 -6.05562985e-01   0.0000
 -1.78833380e-01   0.0000
  1.63144782e-01   0.0000
  2.05470517e-01   0.0000
 -1.67910293e-01   0.0000
 -9.84059095e-01   0.0000
  3.26897323e-01   0.0000
  2.34381616e-01   0.0000
 -1.00934140e-01   0.0000
 -1.98457420e-01   0.0000
 -4.29999828e-03   0.0000
 -2.48663127e-01   0.0000
 -1.33809783e-02   0.0000
  3.67730652e-04   0.0000
  4.18935657e-01   0.0000
 -8.08794051e-02   0.0000
 -4.81275730e-02   0.0000
 -3.39081675e-01   0.0000
 -9.99950543e-02   0.0000
  2.43892185e-02   0.0000
 -2.12940887e-01   0.0000
  5.75711191e-01   0.0000
  1.19694814e-01   0.0000
 -1.40415683e-01   0.0000
 -1.63418148e-02   0.0000
  1.86145037e-01   0.0000
 -5.47251850e-02   0.0000
  1.11766823e-01   0.0000
 -1.00156106e-01   0.0000
  1.19129427e-01   0.0000
 -7.06826866e-01   0.0000
 -3.46890241e-02   0.0000
 -6.88946486e-01   0.0000
 -1.89604938e-01   0.0000
  3.94027889e-01   0.0000
  4.10953462e-01   0.0000
 -2.03975633e-01   0.0000
 -8.39648485e-01   0.0000
 -7.15307370e-02   0.0000
  2.24394590e-01   0.0000
 -1.46332309e-01   0.0000
  5.85718900e-02   0.0000
 -1.18365332e-01   0.0000
 -7.69124746e-01   0.0000
 -1.31057262e-01   0.0000
  3.10352445e-02   0.0000
  3.01920742e-01   0.0000
 -4.30044860e-01   0.0000
 -4.92120814e-03   0.0000
 -6.58163607e-01   0.0000
 -1.95430502e-01   0.0000
  3.48943889e-01   0.0000
 -1.69109389e-01   0.0000
  2.13721097e-01   0.0000
 -4.39718217e-01   0.0000
 -2.97762066e-01   0.0000
 -4.77993309e-01   0.0000
  2.15740174e-01   0.0000
  2.44245946e-01   0.0000
  3.07536960e-01   0.0000
  2.20051799e-02   0.0000
 -2.78596312e-01   0.0000
  1.28689051e-01   0.0000
  4.28697467e-01   0.0000
  4.90189135e-01   0.0000
 -1.07893057e-01   0.0000
  4.15817313e-02   0.0000
 -8.94166157e-03   0.0000
 -5.24540395e-02   0.0000
 -2.03207508e-01   0.0000
 -1.87287450e-01   0.0000
  3.66430789e-01   0.0000
  7.18578458e-01   0.0000
 -1.50662065e-01   0.0000
 -1.12260677e-01   0.0000
 -1.00204319e-01   0.0000
  1.24336466e-01   0.0000
 -1.79949537e-01   0.0000
 -1.48903668e-01   0.0000
 -3.17490458e-01   0.0000
  2.83222020e-01   0.0000
  5.51335394e-01   0.0000
 -2.96887428e-01   0.0000
 -7.09163472e-02   0.0000
 -1.02215923e-01   0.0000
  7.32096955e-02   0.0000
  3.76560017e-02   0.0000
 -7.26247132e-02   0.0000
 -4.53050226e-01   0.0000
 -1.69328600e-01   0.0000
  2.46131465e-01   0.0000
  1.71753783e-02   0.0000
  5.49123049e-01   0.0000
  8.39078724e-02   0.0000
 -1.43378213e-01   0.0000
 -5.66216446e-02   0.0000
 -4.00191639e-03   0.0000
 -1.78033054e-01   0.0000
 -7.49626681e-02   0.0000
 -2.53383480e-02   0.0000
 -3.20928127e-01   0.0000
  8.13237493e-05   0.0000
  7.95847997e-02   0.0000
  7.73807094e-02   0.0000
 -9.80862081e-02   0.0000
  1.46066383e-01   0.0000
  3.29309344e-01   0.0000
  4.04891893e-02   0.0000
  2.39127723e-04   0.0000
 -1.32522400e-04   0.0000
  9.99795273e-02   0.0000
  1.08177222e-01   0.0000
 -1.88201860e-01   0.0000
  1.26453251e-01   0.0000
 -8.69681463e-02   0.0000
 -5.58442436e-03   0.0000
  6.14535920e-02   0.0000
 -3.08903307e-02   0.0000
  5.31265661e-02   0.0000
  1.65656373e-01   0.0000
  2.40901172e-01   0.0000
  6.68299544e-05   0.0000
  5.90391515e-04   0.0000
  7.39286318e-02   0.0000
  6.50397778e-01   0.0000
  2.22259507e-01   0.0000
 -6.01043403e-02   0.0000
  2.84894228e-01   0.0000
  7.05414861e-02   0.0000
  6.49932325e-02   0.0000
 -1.38825262e-02   0.0000
  1.40386187e-02   0.0000
  2.18377691e-02   0.0000
  1.40708327e-01   0.0000
  1.67437375e-01   0.0000
 -1.01100914e-01   0.0000
  1.54363647e-01   0.0000
 -2.26597399e-01   0.0000
 -7.11781383e-01   0.0000
 -2.17826054e-01   0.0000
 -4.07317393e-02   0.0000
 -6.16175160e-02   0.0000
 -6.10308014e-02   0.0000
  7.88682625e-02   0.0000
  1.36727229e-01   0.0000
 -6.14470355e-02   0.0000
 -2.64962971e-01   0.0000
 -8.77397880e-03   0.0000
  1.80462256e-01   0.0000
  1.78880960e-01   0.0000
  6.30345568e-02   0.0000
  1.26495183e-01   0.0000
  6.15427732e-01   0.0000
  3.73805664e-03   0.0000
  9.64922085e-02   0.0000
  4.43713181e-02   0.0000
  4.19964969e-01   0.0000
  7.43787885e-02   0.0000
  1.53400883e-01   0.0000
 -1.97036445e-01   0.0000
  7.17925727e-02   0.0000
 -6.72872737e-02   0.0000
 -1.28235132e-01   0.0000
 -3.04122835e-01   0.0000
 -1.58475935e-01   0.0000
  1.27067178e-01   0.0000
  1.01184271e-01   0.0000
 -5.17183319e-02   0.0000
 -4.07230765e-01   0.0000
 -2.57842898e-01   0.0000
 -8.55138838e-01   0.0000
 -2.19382215e-02   0.0000
  8.63901675e-02   0.0000
 -1.23683229e-01   0.0000
 -2.71780696e-02   0.0000
 -1.78462584e-02   0.0000
  7.40588363e-03   0.0000
 -1.81182977e-02   0.0000
 -8.05734098e-02   0.0000
 -3.06868646e-02   0.0000
  3.92298773e-02   0.0000
  1.46749347e-01   0.0000
 -1.23757400e-01   0.0000
  6.67110309e-02   0.0000
  5.01453459e-01   0.0000
  1.32740870e-01   0.0000
  1.14864179e-05   0.0000
 -1.73569366e-01   0.0000
  2.82402486e-01   0.0000
  5.00908529e-04   0.0000
  1.86353475e-01   0.0000
  3.12807374e-02   0.0000
  1.56077081e-02   0.0000
 -1.34049635e-02   0.0000
 -1.29667344e-02   0.0000
  1.72991514e-01   0.0000
  2.21946593e-02   0.0000
 -3.78019027e-02   0.0000
 -1.45554066e-01   0.0000
  1.65103767e-02   0.0000
  1.33398712e-01   0.0000
  1.57617554e-01   0.0000
  7.52646387e-01   0.0000
  3.27155292e-01   0.0000
 -3.05737398e-04   0.0000
  6.54959679e-02   0.0000
  8.14681500e-02   0.0000
 -1.32929951e-01   0.0000
 -6.89032078e-02   0.0000
  1.86053127e-01   0.0000
  2.17159446e-02   0.0000
 -1.41977862e-01   0.0000
 -1.39982581e-01   0.0000
  6.00804836e-02   0.0000
 -2.13205606e-01   0.0000
 -1.15224689e-01   0.0000
 -1.50623790e-03   0.0000
 -8.55774805e-02   0.0000
 -1.81233190e-05   0.0000
  4.32577974e-04   0.0000
  5.37961364e-01   0.0000
  6.50249494e-05   0.0000
  4.41607175e-04   0.0000
  2.47884125e-01   0.0000
 -2.41435431e-02   0.0000
  7.16320574e-02   0.0000
  7.05801742e-03   0.0000
 -5.89274131e-02   0.0000
  2.04573736e-01   0.0000
 -7.15371519e-02   0.0000
 -1.65613770e-01   0.0000
  8.75237137e-02   0.0000
 -2.40776688e-01   0.0000
 -5.45156486e-02   0.0000
 -1.23693496e-01   0.0000
  4.07989509e-02   0.0000
 -1.41178325e-01   0.0000
 -6.79889694e-02   0.0000
  5.08821942e-02   0.0000
 -1.39749590e-02   0.0000
  1.78691149e-01   0.0000
  1.01917811e-01   0.0000
  1.44041091e-01   0.0000
  7.53584951e-02   0.0000
 -7.82604441e-02   0.0000
  3.37989698e-03   0.0000
 -1.66220292e-01   0.0000
  3.47445570e-02   0.0000
 -3.67353320e-01   0.0000
 -2.74137948e-02   0.0000
  4.38546874e-02   0.0000
 -1.00360505e-01   0.0000
  4.54942018e-01   0.0000
 -5.32161333e-02   0.0000
  8.78561139e-02   0.0000
 -1.98548511e-01   0.0000
 -2.26895437e-01   0.0000
  8.32722615e-03   0.0000
 -7.49187218e-03   0.0000
 -7.55081996e-02   0.0000
 -9.42305252e-02   0.0000
 -5.16204312e-02   0.0000
 -2.16106236e-01   0.0000
 -1.59516267e-03   0.0000
  3.31774019e-02   0.0000
  5.97429927e-04   0.0000
  2.16735467e-01   0.0000
 -1.28786743e-01   0.0000
 -1.71837310e-04   0.0000
 -9.41515416e-02   0.0000
 -8.34007412e-02   0.0000
  5.77558876e-06   0.0000
  1.57996818e-01   0.0000
 -5.71437180e-02   0.0000
  1.31429568e-01   0.0000
  1.86799213e-01   0.0000
  5.07549150e-03   0.0000
  3.54449823e-02   0.0000
  1.06214292e-01   0.0000
  1.23333924e-01   0.0000
 -5.77330822e-03   0.0000
  1.27133792e-02   0.0000
  1.29940853e-01   0.0000
  1.11430183e-01   0.0000
 -4.97693360e-01   0.0000
  3.01851127e-02   0.0000
  5.92686683e-02   0.0000
 -4.75433558e-01   0.0000
 -6.31039366e-02   0.0000
  1.13477476e-01   0.0000
 -4.61303741e-02   0.0000
  2.30600268e-01   0.0000
 -1.69104978e-01   0.0000
 -1.74382702e-01   0.0000
 -2.04677343e-01   0.0000
 -3.52477044e-01   0.0000
  1.27271414e-01   0.0000
  8.57129470e-02   0.0000
  1.22441745e+00   0.0000
  3.23728085e-01   0.0000
 -1.94944933e-01   0.0000
  5.30495308e-02   0.0000
 -8.98683351e-03   0.0000
 -1.11977458e-01   0.0000
 -8.18029940e-02   0.0000
 -2.47083634e-01   0.0000
 -1.62879806e-02   0.0000
  9.38983262e-03   0.0000
 -9.10681784e-02   0.0000
 -2.10233796e-02   0.0000
  2.34546676e-01   0.0000
 -3.68775912e-02   0.0000
  1.61221758e-01   0.0000
 -1.98507786e-01   0.0000
 -7.86360949e-02   0.0000
 -5.60701701e-05   0.0000
 -8.56606603e-01   0.0000
 -2.08294645e-01   0.0000
 -1.72917888e-01   0.0000
 -3.69008631e-01   0.0000
 -6.10311069e-02   0.0000
 -1.71563327e-01   0.0000
 -4.08633193e-03   0.0000
 -2.04313651e-01   0.0000
 -2.65072495e-01   0.0000
  2.48171940e-01   0.0000
  3.06035597e-02   0.0000
 -4.28020628e-03   0.0000
 -1.18696101e-01   0.0000
 -9.32518044e-04   0.0000
 -4.42941755e-01   0.0000
 -1.86916858e-01   0.0000
  1.94771290e-01   0.0000
  1.43164113e-01   0.0000
  3.96601856e-02   0.0000
  1.87130272e-01   0.0000
 -5.52338585e-02   0.0000
 -4.64725960e-03   0.0000
  1.93569690e-01   0.0000
  4.90989245e-04   0.0000
  1.59079850e-01   0.0000
  1.48976847e-04   0.0000
 -3.48337516e-02   0.0000
 -4.53609936e-02   0.0000
  3.63844752e-01   0.0000
  4.81668897e-02   0.0000
  1.60060257e-01   0.0000
 -4.90574688e-02   0.0000
  1.62154064e-01   0.0000
 -1.31311327e-01   0.0000
 -1.41092211e-01   0.0000
 -1.81269646e-01   0.0000
 -7.50757381e-02   0.0000
  1.36690751e-01   0.0000
 -3.16155851e-02   0.0000
 -5.50778732e-02   0.0000
 -3.42646182e-01   0.0000
 -8.56463835e-02   0.0000
 -2.91539039e-02   0.0000
  8.40771496e-02   0.0000
  5.36324121e-02   0.0000
  9.62222442e-02   0.0000
  1.44995108e-01   0.0000
  3.67587409e-03   0.0000
 -9.50634480e-04   0.0000
  1.62322540e-02   0.0000
 -1.86849907e-01   0.0000
 -1.53440516e-02   0.0000
  1.63813710e-01   0.0000
 -2.77899384e-01   0.0000
  1.11983530e-01   0.0000
 -1.52786374e-01   0.0000
 -1.92287639e-02   0.0000
  2.91825552e-02   0.0000
  1.96303844e-01   0.0000
 -6.42656758e-02   0.0000
  7.38923624e-02   0.0000
  1.34324670e-01   0.0000
 -9.64114517e-02   0.0000
 -2.02514548e-02   0.0000
 -6.34181738e-01   0.0000
  2.41038278e-01   0.0000
 -6.77148849e-02   0.0000
  2.00961277e-01   0.0000
  2.75848269e-01   0.0000
  1.76832929e-01   0.0000
  9.06353742e-02   0.0000
  1.16756614e-02   0.0000
  4.00902063e-01   0.0000
 -8.37462395e-03   0.0000
  2.18613490e-01   0.0000
 -4.18119319e-03   0.0000
 -1.26566514e-01   0.0000
 -2.43255690e-01   0.0000
  3.48416626e-01   0.0000
  3.61818187e-02   0.0000
  4.17427607e-02   0.0000
  6.30689338e-02   0.0000
 -1.33166507e-01   0.0000
  1.75060421e-01   0.0000
 -1.33434892e-01   0.0000
  1.88631624e-01   0.0000
  1.92996785e-01   0.0000
  5.23053110e-03   0.0000
  6.89115375e-02   0.0000
 -1.55821517e-01   0.0000
  2.26970077e-01   0.0000
 -1.15200914e-01   0.0000
 -1.36972928e+00   0.0000
  2.69606747e-02   0.0000
  3.13564269e-05   0.0000
  4.60018450e-03   0.0000
 -5.18419743e-01   0.0000
  5.99249415e-02   0.0000
  9.71633270e-02   0.0000
 -1.57465532e-01   0.0000
 -1.10198766e-01   0.0000
  1.69416070e-01   0.0000
  1.03721060e-01   0.0000
  5.77427968e-02   0.0000
 -2.24033222e-01   0.0000
  1.85119823e-01   0.0000
  2.19586445e-03   0.0000
 -3.04244667e-01   0.0000
  1.89442635e-01   0.0000
  9.29463096e-03   0.0000
  8.21609616e-01   0.0000
  2.14697585e-01   0.0000
  8.49355310e-02   0.0000
 -4.46626171e-02   0.0000
  2.16561615e-01   0.0000
  1.46188691e-01   0.0000
 -1.46008208e-01   0.0000
 -1.10113703e-01   0.0000
  1.33649722e-01   0.0000
  9.24104974e-02   0.0000
 -5.36428839e-02   0.0000
 -1.40980855e-02   0.0000
 -7.35355914e-02   0.0000
 -2.83385310e-02   0.0000
 -1.93027407e-01   0.0000
  1.03495359e-01   0.0000
  1.96751073e-01   0.0000
  8.66741091e-02   0.0000
  6.52155355e-02   0.0000
 -4.47472818e-02   0.0000
 -1.17204823e-01   0.0000
  1.52719036e-01   0.0000
 -5.18125072e-02   0.0000
 -1.12462789e-01   0.0000
 -1.48456022e-01   0.0000
  2.64085531e-01   0.0000
  1.10788651e-01   0.0000
 -1.87183410e-01   0.0000
 -2.20063165e-01   0.0000
  2.53329277e-02   0.0000
 -2.60249041e-02   0.0000
  1.42712817e-01   0.0000
  1.12262189e-01   0.0000
  6.77194595e-02   0.0000
  2.62184218e-02   0.0000
  1.23452424e-04   0.0000
 -5.27788065e-02   0.0000
  3.59228125e-06   0.0000
  9.66601726e-03   0.0000
  1.14448756e-01   0.0000
 -1.96954995e-01   0.0000
  7.09317103e-02   0.0000
  4.20184508e-02   0.0000
 -1.36867806e-01   0.0000
 -5.18366322e-02   0.0000
 -1.49439843e-02   0.0000
  1.61410496e-01   0.0000
  8.32342580e-02   0.0000
 -6.46618679e-02   0.0000
  7.58385926e-04   0.0000
 -8.13322723e-01   0.0000
 -9.59042162e-02   0.0000
 -7.34828189e-02   0.0000
  4.39943731e-01   0.0000
  2.09316656e-01   0.0000
 -3.31162587e-02   0.0000
 -1.28170401e-01   0.0000
 -4.32437770e-02   0.0000
  4.64986295e-01   0.0000
 -1.61833405e-01   0.0000
  1.24793038e-01   0.0000
  1.50950700e-01   0.0000
  2.34815106e-03   0.0000
 -6.52702749e-02   0.0000
  1.99126706e-01   0.0000
  2.00450614e-01   0.0000
  1.47021085e-01   0.0000
  8.83211568e-02   0.0000
  1.89223886e-01   0.0000
  1.70347601e-01   0.0000
 -1.15877753e-02   0.0000
  3.02768081e-01   0.0000
  2.68882811e-02   0.0000
  9.51606855e-02   0.0000
  7.21660182e-02   0.0000
 -1.54114500e-01   0.0000
 -7.98088685e-02   0.0000
  1.32485047e-01   0.0000
 -2.40657970e-01   0.0000
 -7.19469413e-02   0.0000
 -1.78135578e-02   0.0000
  2.47927550e-02   0.0000
 -2.87342072e-01   0.0000
  2.61983387e-05   0.0000
  9.17599499e-02   0.0000
  2.05460533e-01   0.0000
  1.78605661e-01   0.0000
 -1.32007718e-01   0.0000
  1.58986494e-01   0.0000
  6.95469752e-02   0.0000
 -2.67417431e-02   0.0000
 -2.00439200e-01   0.0000
 -7.35615939e-02   0.0000
  7.50473700e-05   0.0000
  1.40809864e-02   0.0000
 -2.28641387e-02   0.0000
 -2.74351016e-02   0.0000
  6.86235204e-02   0.0000
 -2.03566775e-01   0.0000
 -1.07888207e-01   0.0000
 -8.13353620e-03   0.0000
 -1.58138201e-01   0.0000
  9.99822840e-02   0.0000
 -9.24606770e-02   0.0000
  1.55909553e-01   0.0000
  1.19715773e-01   0.0000
 -1.28448233e-01   0.0000
 -1.69949323e-01   0.0000
  2.37686257e-03   0.0000
 -9.56302320e-05   0.0000
 -1.25264183e-01   0.0000
 -1.20832980e-01   0.0000
  4.84729260e-02   0.0000
 -1.19943015e-01   0.0000
 -2.63581965e-02   0.0000
 -1.06025018e-01   0.0000
  9.38589424e-02   0.0000
 -1.91503063e-01   0.0000
 -4.66371188e-03   0.0000
 -1.10671014e-01   0.0000
  1.33455887e-01   0.0000
  1.80489257e-01   0.0000
  1.85891747e-01   0.0000
 -1.47696987e-01   0.0000
 -8.68556798e-02   0.0000
  2.22612992e-02   0.0000
  9.08215195e-02   0.0000
  4.38618883e-02   0.0000
 -3.28009799e-02   0.0000
  1.12222403e-01   0.0000
  8.98446015e-05   0.0000
 -4.08953940e-03   0.0000
  2.83872068e-01   0.0000
  6.68189898e-02   0.0000
  9.14359465e-02   0.0000
 -2.30653882e-01   0.0000
 -7.27800056e-02   0.0000
 -4.28632237e-02   0.0000
 -1.12054169e-01   0.0000
 -2.41739210e-02   0.0000
  4.06616814e-02   0.0000
 -5.30226156e-03   0.0000
  1.59882426e-01   0.0000
 -1.15131006e-01   0.0000
 -1.23074442e-01   0.0000
 -1.00743230e-02   0.0000
 -1.37815392e-02   0.0000
  5.41241951e-02   0.0000
  8.25607479e-02   0.0000
  8.58345702e-02   0.0000
  2.13235453e-01   0.0000
  1.89783916e-01   0.0000
  1.85925394e-01   0.0000
 -2.21175611e-01   0.0000
 -2.12231740e-01   0.0000
  1.45519227e-01   0.0000
 -3.43439654e-02   0.0000
  2.54552886e-02   0.0000
 -4.00492288e-02   0.0000
 -8.03148746e-02   0.0000
  6.34961605e-01   0.0000
 -1.13642048e-02   0.0000
 -1.57466426e-01   0.0000
 -8.83466974e-02   0.0000
 -2.47862384e-01   0.0000
  2.51091667e-03   0.0000
 -4.61760014e-02   0.0000
  4.09940071e-02   0.0000
  5.69593394e-03   0.0000
  1.86897159e-04   0.0000
  2.29036007e-02   0.0000
 -2.97697503e-02   0.0000
 -2.17771426e-01   0.0000
  1.83748960e-01   0.0000
 -3.99336189e-01   0.0000
  2.23164111e-02   0.0000
 -4.21152189e-02   0.0000
 -3.20910104e-02   0.0000
 -1.21290259e-01   0.0000
  3.27498165e-05   0.0000
 -2.12466679e-04   0.0000
  3.59464526e-01   0.0000
  6.60818294e-02   0.0000
 -6.74555078e-03   0.0000
 -1.45541325e-01   0.0000
 -9.20234248e-02   0.0000
  3.94076437e-01   0.0000
  9.03232023e-02   0.0000
 -2.58012046e-03   0.0000
  2.24256322e-01   0.0000
 -1.70983061e-01   0.0000
 -1.50193786e-03   0.0000
  1.57475937e-02   0.0000
  6.70669973e-03   0.0000
  1.34848952e-01   0.0000
 -2.05308825e-01   0.0000
  1.48709137e-02   0.0000
 -2.47770152e-03   0.0000
  1.04488157e-01   0.0000
  1.31619632e-01   0.0000
 -1.48855194e-01   0.0000
  1.04589220e-02   0.0000
  2.44945008e-03   0.0000
  7.59620871e-03   0.0000
 -2.42142260e-01   0.0000
  1.11824028e-01   0.0000
 -2.28573695e-01   0.0000
  1.59553066e-01   0.0000
  5.89964651e-02   0.0000
  1.45692423e-01   0.0000
 -4.08381820e-02   0.0000
 -1.78776570e-02   0.0000
 -1.01841047e-01   0.0000
  1.83759883e-01   0.0000
  2.70624518e-01   0.0000
 -9.32107680e-04   0.0000
  1.32005826e-01   0.0000
 -3.80580476e-03   0.0000
  6.05393052e-02   0.0000
  7.79104009e-02   0.0000
 -1.44980690e-02   0.0000
  1.55909374e-01   0.0000
 -8.13973485e-04   0.0000
 -2.88893133e-02   0.0000
  3.08426112e-01   0.0000
 -1.23074353e-01   0.0000
  1.73234552e-01   0.0000
 -6.71674982e-02   0.0000
 -1.34547427e-01   0.0000
 -1.57426730e-01   0.0000
  2.01999377e-02   0.0000
  9.56535414e-02   0.0000
 -1.20018028e-01   0.0000
  9.98821035e-02   0.0000
 -1.72237292e-01   0.0000
  1.23447232e-01   0.0000
  5.17158359e-02   0.0000
  8.24263990e-02   0.0000
 -6.02548420e-01   0.0000
 -4.02719826e-02   0.0000
  1.47054508e-01   0.0000
  7.72221088e-02   0.0000
  9.86240923e-01   0.0000
  8.38306248e-02   0.0000
  1.44141555e-01   0.0000
 -2.34147370e-01   0.0000
 -2.98141483e-02   0.0000
 -1.51585937e-01   0.0000
  8.69476050e-02   0.0000
  1.21713772e-01   0.0000
 -2.93695360e-01   0.0000
  1.35950059e-01   0.0000
 -2.24499717e-01   0.0000
  1.28121786e-02   0.0000
  7.29299039e-02   0.0000
 -4.82805893e-02   0.0000
 -5.38865745e-01   0.0000
  6.95430636e-02   0.0000
 -8.37800326e-04   0.0000
 -1.14136860e-01   0.0000
 -1.56939551e-01   0.0000
 -1.86261430e-01   0.0000
 -4.40889597e-02   0.0000
 -2.56441534e-01   0.0000
  9.88788530e-02   0.0000
  1.99009310e-02   0.0000
 -1.90446019e-01   0.0000
 -5.16302176e-02   0.0000
  1.98160246e-01   0.0000
 -7.88031071e-02   0.0000
  6.25708282e-01   0.0000
 -1.92205414e-01   0.0000
  9.57845673e-02   0.0000
  8.76744315e-02   0.0000
  4.97992247e-01   0.0000
  7.99998350e-04   0.0000
 -1.24245450e-01   0.0000
  6.39822829e-05   0.0000
 -1.78144976e-01   0.0000
 -5.21537438e-02   0.0000
 -1.14406198e-01   0.0000
  6.27255300e-04   0.0000
  1.31038874e-01   0.0000
 -1.03255555e-01   0.0000
  1.94448069e-01   0.0000
 -2.36987434e-02   0.0000
 -1.08443186e-01   0.0000
  1.26021832e-01   0.0000
  8.53873551e-01   0.0000
  7.33590797e-02   0.0000
 -8.79549310e-02   0.0000
  1.52609482e-01   0.0000
 -1.85444597e-02   0.0000
  1.19539596e-01   0.0000
  3.29681598e-02   0.0000
  1.37422845e-04   0.0000
 -1.36357516e-01   0.0000
  1.61458984e-01   0.0000
  1.16178133e-01   0.0000
  1.27473578e-01   0.0000
 -1.37697563e-01   0.0000
  2.51339818e-03   0.0000
  2.34541476e-01   0.0000
  1.30199075e-01   0.0000
 -6.83948398e-04   0.0000
 -1.19170956e-01   0.0000
  1.17443621e-01   0.0000
 -1.11047819e-01   0.0000
 -7.36585120e-04   0.0000
 -6.04687855e-02   0.0000
  5.89513332e-02   0.0000
  1.54418990e-01   0.0000
 -4.57773618e-02   0.0000
  3.85589786e-02   0.0000
 -2.31817514e-02   0.0000
 -1.29967079e-01   0.0000
 -9.78055969e-03   0.0000
 -2.15914160e-01   0.0000
  2.50330418e-01   0.0000
  3.04333061e-01   0.0000
  5.43755651e-01   0.0000
  2.00445980e-01   0.0000
 -1.35859609e-01   0.0000
  2.30067030e-01   0.0000
 -1.19825378e-01   0.0000
 -4.57889810e-02   0.0000
  1.52576670e-01   0.0000
 -5.63840494e-02   0.0000
 -2.02201858e-01   0.0000
  6.23487774e-03   0.0000
  7.62838274e-02   0.0000
  5.38323494e-03   0.0000
 -1.55599624e-01   0.0000
  1.92395866e-01   0.0000
 -3.22373176e-04   0.0000
 -4.58322838e-02   0.0000
  4.46833484e-02   0.0000
 -7.95041025e-02   0.0000
 -2.59071559e-01   0.0000
 -1.68656670e-02   0.0000
  4.06664098e-03   0.0000
  3.97907436e-01   0.0000
  2.87035614e-01   0.0000
  3.85967927e-04   0.0000
 -1.03812575e-01   0.0000
 -7.72165367e-03   0.0000
  1.73998997e-01   0.0000
  8.86353776e-02   0.0000
  1.47318393e-01   0.0000
 -4.77799885e-02   0.0000
 -3.16807181e-01   0.0000
 -2.07844377e-01   0.0000
  4.85047191e-01   0.0000
  1.37385959e-02   0.0000
 -1.07530817e-01   0.0000
 -1.12665799e-02   0.0000
 -1.23907164e-01   0.0000
 -1.51553705e-01   0.0000
 -1.65764228e-01   0.0000
  1.74431771e-01   0.0000
  4.60759886e-02   0.0000
  1.20818704e-01   0.0000
  1.87043697e-01   0.0000
 -8.19946304e-02   0.0000
 -1.33457348e-01   0.0000
  1.78188935e-01   0.0000
 -9.02828798e-02   0.0000
 -1.03949629e-01   0.0000
  1.19790219e-01   0.0000
  1.08864471e-01   0.0000
  8.31784606e-01   0.0000
 -1.48589417e-01   0.0000
  1.72021668e-02   0.0000
 -2.51848727e-01   0.0000
 -2.84013655e-02   0.0000
  6.73648529e-03   0.0000
  1.00372853e-02   0.0000
  4.02098261e-02   0.0000
  2.48598773e-03   0.0000
  2.14889035e-01   0.0000
  1.03368387e-01   0.0000
  9.33599845e-02   0.0000
 -1.45051032e-01   0.0000
  1.93645149e-01   0.0000
 -9.41921413e-01   0.0000
 -1.18697211e-02   0.0000
  5.53245246e-02   0.0000
 -1.03706028e-04   0.0000
  2.34936960e-02   0.0000
 -1.65162031e-02   0.0000
  8.52402300e-04   0.0000
 -3.53612192e-02   0.0000
 -1.41267970e-01   0.0000
  8.66378471e-02   0.0000
  1.83361068e-01   0.0000
  1.45956263e-01   0.0000
  5.56757376e-02   0.0000
  1.18385531e-01   0.0000
  2.15716675e-01   0.0000
  8.42660666e-02   0.0000
  2.33822175e-05   0.0000
  5.32132424e-02   0.0000
  3.44113037e-02   0.0000
 -2.62335907e-05   0.0000
 -1.44591272e-01   0.0000
  1.28415171e-02   0.0000
  4.05062884e-02   0.0000
 -1.83975250e-01   0.0000
  6.55258464e-06   0.0000
  2.93521583e-01   0.0000
  9.69827771e-02   0.0000
 -1.15232259e-01   0.0000
 -7.85778929e-03   0.0000
  1.31356850e-01   0.0000
 -1.66534811e-01   0.0000
  9.71877351e-02   0.0000
 -1.08472502e+00   0.0000
  6.53588697e-02   0.0000
 -3.99351418e-02   0.0000
 -1.92050353e-01   0.0000
  1.81181952e-01   0.0000
 -7.35131949e-02   0.0000
  1.22581027e-03   0.0000
  1.29089385e-01   0.0000
 -2.77388036e-01   0.0000
  1.26146212e-01   0.0000
 -3.55374701e-02   0.0000
  1.64001007e-02   0.0000
  4.85989004e-02   0.0000
  1.70505494e-02   0.0000
 -1.18589334e-01   0.0000
  1.70812085e-01   0.0000
  1.72316190e-02   0.0000
  2.07339942e-01   0.0000
  6.64678514e-01   0.0000
 -1.74808472e-01   0.0000
 -1.00043401e-01   0.0000
  1.31678432e-02   0.0000
  5.76944426e-02   0.0000
 -1.63657457e-01   0.0000
  2.18431838e-03   0.0000
  4.14150171e-02   0.0000
 -4.97766957e-02   0.0000
  1.60492748e-01   0.0000
 -1.67422071e-01   0.0000
 -3.23618278e-02   0.0000
 -4.65601422e-02   0.0000
  1.25720263e-01   0.0000
 -1.12605661e-01   0.0000
  1.23186179e-01   0.0000
  1.70729887e-02   0.0000
  1.63459495e-01   0.0000
  9.87208858e-02   0.0000
  1.94105938e-01   0.0000
  1.43466771e-01   0.0000
 -7.74590820e-02   0.0000
  8.16832483e-02   0.0000
  5.67026809e-02   0.0000
  1.82974726e-01   0.0000
  2.19436307e-02   0.0000
 -1.03673540e-01   0.0000
  1.80668905e-01   0.0000
 -4.70185801e-02   0.0000
  8.73255357e-03   0.0000
  1.17430784e-01   0.0000
  7.08147064e-02   0.0000
  7.81983674e-01   0.0000
 -7.96998218e-02   0.0000
 -1.95519137e-03   0.0000
 -1.04828037e-01   0.0000
  1.16998151e-01   0.0000
  3.49577190e-03   0.0000
  5.07199788e-04   0.0000
  3.36895794e-01   0.0000
 -2.05409750e-01   0.0000
  1.03664082e-02   0.0000
 -1.21158637e-01   0.0000
 -6.90353150e-03   0.0000
  1.70146570e-01   0.0000
  1.71145260e-01   0.0000
  5.89297116e-01   0.0000
  2.68108379e-02   0.0000
 -1.61110461e-01   0.0000
  2.03882515e-01   0.0000
  2.25446820e-01   0.0000
  6.11557476e-02   0.0000
  1.64619550e-01   0.0000
  5.32606989e-02   0.0000
 -2.32758075e-01   0.0000
  5.13875252e-03   0.0000
  6.22693216e-04   0.0000
  6.72743171e-02   0.0000
  6.32868260e-02   0.0000
 -9.72819049e-03   0.0000
  6.87249780e-01   0.0000
  2.56456854e-03   0.0000
  1.52022839e-01   0.0000
  2.44005904e-01   0.0000
  1.04456353e+00   0.0000
  1.31281167e-01   0.0000
 -5.51177599e-02   0.0000
 -2.73885220e-01   0.0000
 -5.80948517e-02   0.0000
 -2.40165391e-03   0.0000
  1.73665017e-01   0.0000
  1.60827994e-01   0.0000
  1.38234183e-01   0.0000
  1.59642473e-02   0.0000
  1.47075891e-01   0.0000
 -4.75872308e-02   0.0000
  1.86069772e-01   0.0000
  5.64011820e-02   0.0000
  3.52771193e-01   0.0000
  1.65198326e-01   0.0000
  1.18253581e-01   0.0000
  8.31856132e-02   0.0000
  3.00924718e-01   0.0000
 -2.15479895e-01   0.0000
 -1.02716096e-01   0.0000
  8.67964625e-02   0.0000
  1.82189643e-01   0.0000
 -1.86087370e-01   0.0000
 -6.38117120e-02   0.0000
 -1.15338773e-01   0.0000
  4.62363800e-03   0.0000
 -1.94508702e-01   0.0000
  1.96090207e-01   0.0000
  1.54836431e-01   0.0000
 -1.75268605e-01   0.0000
  6.69787154e-02   0.0000
  6.18084073e-01   0.0000
 -1.74109429e-01   0.0000
  1.36576146e-01   0.0000
 -1.70780614e-01   0.0000
  2.48805694e-02   0.0000
 -6.79798201e-02   0.0000
 -1.08561516e-02   0.0000
  1.67508453e-01   0.0000
  8.23002011e-02   0.0000
 -9.61653590e-02   0.0000
  5.16283438e-02   0.0000
  1.80503968e-02   0.0000
  2.12191373e-01   0.0000
  2.90099736e-02   0.0000
 -2.89927162e-02   0.0000
 -7.21668303e-02   0.0000
  5.07094003e-02   0.0000
  1.44838229e-01   0.0000
 -9.12432000e-02   0.0000
 -3.40775950e-05   0.0000
 -2.54421320e-05   0.0000
  1.60797641e-01   0.0000
 -2.09060103e-01   0.0000
  1.56153203e-03   0.0000
  4.35298830e-02   0.0000
  5.08876937e-03   0.0000
  4.74214777e-02   0.0000
  1.60554066e-01   0.0000
  6.77407756e-02   0.0000
  1.05942808e-01   0.0000
  1.56785965e-01   0.0000
  1.35268748e-01   0.0000
  3.06220293e-01   0.0000
  7.73729458e-02   0.0000
 -3.60785313e-02   0.0000
  2.33289171e-02   0.0000
 -1.57166749e-01   0.0000
 -1.55801624e-01   0.0000
  4.26554754e-02   0.0000
 -3.34705681e-01   0.0000
  1.69047475e-01   0.0000
  1.89013965e-02   0.0000
  1.58517323e-02   0.0000
  1.25747984e-02   0.0000
 -2.17281654e-01   0.0000
 -4.13434356e-02   0.0000
 -8.73423040e-01   0.0000
 -3.99489611e-01   0.0000
 -6.22288696e-02   0.0000
 -1.58552095e-01   0.0000
 -3.23309116e-02   0.0000
 -4.57270667e-02   0.0000
  1.66937649e-01   0.0000
  3.20833772e-02   0.0000
  3.42029482e-02   0.0000
  9.13275406e-02   0.0000
 -1.61438346e-01   0.0000
  1.06254116e-01   0.0000
  5.83890527e-02   0.0000
 -7.52046704e-03   0.0000
  3.33939679e-02   0.0000
 -5.03163366e-03   0.0000
  1.50107801e-01   0.0000
  2.02393858e-03   0.0000
 -8.94694209e-01   0.0000
 -4.78855893e-02   0.0000
 -1.32399753e-01   0.0000
 -3.90701704e-02   0.0000
  2.40075355e-03   0.0000
 -4.79795225e-02   0.0000
  1.90554559e-01   0.0000
  6.33432111e-03   0.0000
 -1.85140193e-01   0.0000
  2.30155960e-02   0.0000
 -2.41055600e-02   0.0000
 -1.47702739e-01   0.0000
 -1.13909930e-01   0.0000
 -1.49931699e-01   0.0000
 -6.80774271e-01   0.0000
 -4.74786246e-03   0.0000
  2.70907321e-06   0.0000
 -1.29899547e-01   0.0000
 -1.46919370e-01   0.0000
  1.30769178e-01   0.0000
 -1.26469463e-01   0.0000
 -4.25878428e-02   0.0000
 -1.04203075e-01   0.0000
 -3.23160850e-02   0.0000
 -2.38337051e-02   0.0000
 -1.79127343e-02   0.0000
 -2.79282685e-02   0.0000
  2.73702443e-02   0.0000
  2.36863032e-01   0.0000
 -8.01887084e-03   0.0000
 -1.21815965e-01   0.0000
 -1.99943736e-01   0.0000
 -5.78361489e-02   0.0000
 -1.04603857e-01   0.0000
  3.83563042e-02   0.0000
 -3.64171229e-02   0.0000
 -6.10132255e-02   0.0000
 -9.07032043e-02   0.0000
  7.92436227e-02   0.0000
  1.06075481e-01   0.0000
 -2.08077729e-01   0.0000
 -1.02930970e-01   0.0000
 -1.05745420e-02   0.0000
  2.41153594e-02   0.0000
  1.17642812e-01   0.0000
  1.66609436e-01   0.0000
  8.55689645e-01   0.0000
  2.33581334e-01   0.0000
 -2.95379274e-02   0.0000
 -9.35689285e-02   0.0000
  1.32566944e-01   0.0000
 -1.54472470e-01   0.0000
 -5.25510348e-02   0.0000
  4.23559733e-02   0.0000
  1.56907320e-01   0.0000
  8.75083730e-02   0.0000
  8.47586542e-02   0.0000
  1.68161690e-01   0.0000
  1.22217052e-01   0.0000
 -2.82494887e-03   0.0000
 -5.21488786e-01   0.0000
 -9.59733427e-02   0.0000
 -7.83316121e-02   0.0000
 -4.43709679e-02   0.0000
 -4.97342557e-01   0.0000
  3.57800272e-05   0.0000
 -1.07026421e-01   0.0000
  1.27328141e-02   0.0000
 -2.00697571e-01   0.0000
  1.81816816e-01   0.0000
  4.12413999e-02   0.0000
  9.75003615e-02   0.0000
 -3.55748475e-01   0.0000
 -8.22756663e-02   0.0000
  1.03841923e-01   0.0000
 -3.11416965e-02   0.0000
 -1.10078558e-01   0.0000
  5.96257746e-02   0.0000
  1.02906391e-01   0.0000
  1.11324780e-01   0.0000
 -2.75660064e-02   0.0000
  5.53103201e-02   0.0000
  3.08110621e-02   0.0000
 -2.02789620e-01   0.0000
 -1.22724272e-01   0.0000
  2.53538266e-02   0.0000
  7.64145628e-02   0.0000
  1.16998270e-01   0.0000
 -3.72887626e-02   0.0000
 -1.86689913e-01   0.0000
 -4.50384468e-02   0.0000
  2.80790497e-02   0.0000
  8.85124877e-02   0.0000
 -1.35706156e-01   0.0000
  1.04500644e-01   0.0000
 -1.48405716e-01   0.0000
 -9.21257198e-01   0.0000
  3.17288518e-01   0.0000
  1.32863313e-01   0.0000
  4.43497390e-01   0.0000
  2.92276829e-01   0.0000
 -4.40605208e-02   0.0000
  2.05244403e-02   0.0000
  3.89513612e-01   0.0000
  1.29132748e+00   0.0000
 -5.49480543e-02   0.0000
 -1.88059688e-01   0.0000
  3.28138262e-01   0.0000
  1.95340514e-01   0.0000
  7.25298375e-02   0.0000
  1.53572768e-01   0.0000
  1.93408430e-02   0.0000
 -1.40861914e-01   0.0000
 -1.76406160e-01   0.0000
  2.30571292e-02   0.0000
 -2.01878339e-01   0.0000
 -9.34025869e-02   0.0000
  2.88056612e-01   0.0000
 -1.02030590e-01   0.0000
  2.33033951e-02   0.0000
  8.33237730e-03   0.0000
  1.75162748e-01   0.0000
 -1.90600812e-01   0.0000
  7.82335624e-02   0.0000
 -5.55352807e-01   0.0000
 -2.57703122e-02   0.0000
 -2.44512483e-02   0.0000
 -1.43275291e-01   0.0000
 -1.06558585e+00   0.0000
  3.49496529e-02   0.0000
 -1.06191523e-01   0.0000
 -1.35801041e+00   0.0000
 -7.53442109e-01   0.0000
 -2.46684566e-01   0.0000
 -1.27396420e-01   0.0000
  6.83238328e-01   0.0000
 -7.94713199e-01   0.0000
  9.68376994e-02   0.0000
 -2.35057226e-03   0.0000
 -3.95798683e-01   0.0000
  4.70662355e-01   0.0000
  1.09544784e-01   0.0000
  1.53804135e+00   0.0000
  2.99383819e-01   0.0000
 -7.36728832e-02   0.0000
  2.70878198e-03   0.0000
  5.13857901e-01   0.0000
  2.16517001e-02   0.0000
 -1.42952409e-02   0.0000
 -8.18160295e-01   0.0000
 -3.73185903e-01   0.0000
 -1.95741594e-01   0.0000
 -2.27835119e-01   0.0000
 -2.25962043e-01   0.0000
 -3.52943450e-01   0.0000
 -3.04034561e-01   0.0000
 -8.41856062e-01   0.0000
 -2.56497204e-01   0.0000
 -3.91680300e-02   0.0000
 -1.43324211e-01   0.0000
  0.00000000e+00   0.0000

