 5 0.000000 10
 1 
 Si 28.085500
 0 0.250001 4.500000 0.978124 1.000000 
 5 0 1 2 4 6
 7 1.50000 1.75000 2.00000 2.25000 2.50000 2.75000 3.00000
 1 12.169200 6.172630 3.114710 0.755675 0.404939 0.036124 0.650018 0.572890
 4 35 32 32 1
 -9.32748839e-02   0.0000
  4.63285565e-01   0.0000
 -1.25028961e-03   0.0000
  1.45803601e-01   0.0000
  8.85492712e-02   0.0000
 -5.22245951e-02   0.0000
 -3.23888510e-01   0.0000
  9.19734359e-01   0.0000
 -1.52361870e-01   0.0000
 -2.34570429e-01   0.0000
  2.04442218e-01   0.0000
  8.06500763e-02   0.0000
  3.11288219e-02   0.0000
  1.02898486e-01   0.0000
 -4.24822569e-01   0.0000
 -4.77584451e-02   0.0000
 -1.71971112e-01   0.0000
 -9.88022760e-02   0.0000
  7.07668662e-02   0.0000
 -3.48812342e-01   0.0000
 -2.09026709e-01   0.0000
 -2.34292239e-01   0.0000
  5.05839884e-01   0.0000
 -8.91625285e-02   0.0000
  2.83409297e-01   0.0000
  1.40943766e-01   0.0000
 -3.81639630e-01   0.0000
 -1.55740917e-01   0.0000
  2.47118011e-01   0.0000
  2.86109626e-01   0.0000
 -4.24315870e-01   0.0000
  9.76162869e-03   0.0000
 -2.02514812e-01   0.0000
 -2.37566000e-03   0.0000
 -2.42964745e-01   0.0000
 -2.32324585e-01   0.0000
  5.13225980e-02   0.0000
 -2.89078802e-01   0.0000
 -3.64871949e-01   0.0000
  9.80937108e-02   0.0000
 -6.41271332e-03   0.0000
  6.50217477e-03   0.0000
  2.58024096e-01   0.0000
  5.80574619e-04   0.0000
 -2.26623371e-01   0.0000
  5.38080148e-02   0.0000
 -1.68351457e-01   0.0000
 -3.65156457e-02   0.0000
  8.78597349e-02   0.0000
  1.74136475e-01   0.0000
 -8.84499960e-03   0.0000
 -4.54998702e-01   0.0000
 -2.62218248e-02   0.0000
  1.94054589e-01   0.0000
  4.83088493e-01   0.0000
 -2.31135383e-01   0.0000
  1.76806912e-01   0.0000
  2.74247397e-02   0.0000
 -1.71463281e-01   0.0000
  5.36609031e-02   0.0000
  5.73584773e-02   0.0000
  3.32652122e-01   0.0000
  1.51631549e-01   0.0000
 -1.44799456e-01   0.0000
  4.20959294e-02   0.0000
 -1.34925812e-01   0.0000
  1.73611075e-01   0.0000
 -5.59198797e-01   0.0000
  7.37246051e-02   0.0000
 -9.43977609e-02   0.0000
 -1.13954000e-01   0.0000
 -7.10773887e-03   0.0000
 -1.35441795e-01   0.0000
  6.80660009e-01   0.0000
 -3.61130148e-01   0.0000
  3.01327333e-02   0.0000
 -1.12191319e-01   0.0000
  5.34142293e-02   0.0000
 -5.08740962e-01   0.0000
  5.76813877e-01   0.0000
  1.97249413e-01   0.0000
  3.93160105e-01   0.0000
 -5.58566630e-01   0.0000
 -3.65015745e-01   0.0000
 -9.15999636e-02   0.0000
  3.15299183e-01   0.0000
 -1.54019883e-02   0.0000
 -6.25239372e-01   0.0000
  1.55203402e-01   0.0000
  1.87518537e-01   0.0000
 -2.96755061e-02   0.0000
 -2.17332076e-02   0.0000
 -1.20307840e-01   0.0000
  6.57208383e-01   0.0000
  3.62717174e-02   0.0000
 -7.37531111e-02   0.0000
 -6.38945848e-02   0.0000
  1.09668095e-02   0.0000
  5.37485719e-01   0.0000
 -4.63686913e-01   0.0000
  2.37784311e-01   0.0000
 -5.18914640e-01   0.0000
 -3.42520833e-01   0.0000
  5.31097539e-02   0.0000
 -3.66581738e-01   0.0000
  1.18198884e+00   0.0000
 -3.01767260e-01   0.0000
  2.23539561e-01   0.0000
  4.14274842e-01   0.0000
  4.03443305e-03   0.0000
 -3.25439155e-01   0.0000
  1.24498621e-01   0.0000
  3.72908235e-01   0.0000
  1.60661325e-01   0.0000
 -6.47675097e-01   0.0000
 -3.37950811e-02   0.0000
  2.72654414e-01   0.0000
  3.49252492e-01   0.0000
  1.15678884e-01   0.0000
 -1.71029329e-01   0.0000
  1.66485608e-01   0.0000
  5.23866534e-01   0.0000
 -2.14496464e-01   0.0000
  1.14962742e-01   0.0000
 -5.28809965e-01   0.0000
  5.84440589e-01   0.0000
  4.63205529e-03   0.0000
 -2.57359803e-01   0.0000
  1.19427912e-01   0.0000
  1.35440230e-01   0.0000
  4.33922976e-01   0.0000
 -5.92193156e-02   0.0000
  2.74002135e-01   0.0000
 -2.56927192e-01   0.0000
 -5.21177709e-01   0.0000
 -9.35709998e-02   0.0000
 -2.94953465e-01   0.0000
  1.08871126e+00   0.0000
 -3.00368220e-01   0.0000
  2.19022214e-01   0.0000
  5.30928969e-01   0.0000
 -9.82329324e-02   0.0000
 -4.28937435e-01   0.0000
  7.04370290e-02   0.0000
  4.23643172e-01   0.0000
  2.39240348e-01   0.0000
 -1.04565835e+00   0.0000
  1.86867528e-02   0.0000
  3.72777581e-01   0.0000
 -1.34116709e-01   0.0000
  1.37407482e-01   0.0000
  2.01565579e-01   0.0000
  1.15137525e-01   0.0000
  5.13536692e-01   0.0000
  1.61479697e-01   0.0000
  2.33468071e-01   0.0000
 -4.59780961e-01   0.0000
  3.22777152e-01   0.0000
 -1.09775826e-01   0.0000
 -2.18087941e-01   0.0000
  4.46836911e-02   0.0000
  6.67513311e-01   0.0000
  2.59802729e-01   0.0000
  8.60802270e-03   0.0000
  3.85933936e-01   0.0000
 -1.45761907e-01   0.0000
 -3.63254994e-01   0.0000
 -2.75463223e-01   0.0000
 -2.05764577e-01   0.0000
  8.83605361e-01   0.0000
 -3.44713181e-01   0.0000
  3.95261586e-01   0.0000
  1.08454931e+00   0.0000
 -1.60922974e-01   0.0000
 -3.44741672e-01   0.0000
 -3.71783912e-01   0.0000
  4.03514296e-01   0.0000
 -4.59118048e-03   0.0000
 -8.19015920e-01   0.0000
  3.77149224e-01   0.0000
  4.21664655e-01   0.0000
 -2.63119489e-01   0.0000
 -2.63580382e-02   0.0000
  2.53637850e-01   0.0000
  1.63012177e-01   0.0000
  8.45359564e-01   0.0000
  1.40072286e-01   0.0000
  2.74600118e-01   0.0000
 -7.74231911e-01   0.0000
  5.13020344e-02   0.0000
  8.37328732e-02   0.0000
 -4.31194037e-01   0.0000
  1.09798014e-01   0.0000
  6.21923983e-01   0.0000
  1.33704275e-01   0.0000
  1.13659389e-01   0.0000
  3.85437936e-01   0.0000
 -4.31981713e-01   0.0000
 -1.38726652e-01   0.0000
 -3.58757943e-01   0.0000
 -2.37499148e-01   0.0000
  9.91557300e-01   0.0000
  8.51758346e-02   0.0000
  7.28027940e-01   0.0000
  1.37923288e+00   0.0000
 -1.22918999e-02   0.0000
 -3.46135758e-02   0.0000
 -3.41603309e-01   0.0000
  4.07253712e-01   0.0000
  3.58388811e-01   0.0000
 -8.15275669e-01   0.0000
  3.91133726e-01   0.0000
  8.17017436e-01   0.0000
 -4.88573849e-01   0.0000
  6.14790153e-03   0.0000
  4.84237969e-01   0.0000
  1.62616208e-01   0.0000
  7.53704488e-01   0.0000
  3.29266757e-01   0.0000
  2.89604843e-01   0.0000
 -9.58664000e-01   0.0000
 -1.41222283e-01   0.0000
  2.22083300e-01   0.0000
 -1.06571205e-01   0.0000
  6.69871736e-03   0.0000
  2.02407643e-01   0.0000
 -9.00429040e-02   0.0000
 -2.23058224e-01   0.0000
  1.43761471e-01   0.0000
 -2.57281074e-03   0.0000
  1.31391704e-01   0.0000
  1.68482974e-01   0.0000
 -2.94542219e-03   0.0000
 -1.34780025e-02   0.0000
  2.71000229e-02   0.0000
 -2.58823931e-02   0.0000
 -1.52952656e-01   0.0000
 -5.27271777e-02   0.0000
  7.00864345e-02   0.0000
 -6.96690008e-02   0.0000
  4.08299230e-02   0.0000
 -1.03837319e-01   0.0000
  6.31229370e-04   0.0000
 -2.81433880e-01   0.0000
 -9.06633399e-03   0.0000
 -1.98747098e-01   0.0000
  3.91933247e-02   0.0000
  2.66317040e-01   0.0000
  1.50993183e-01   0.0000
 -2.06346422e-01   0.0000
  2.57789507e-03   0.0000
  7.78204054e-02   0.0000
  1.33718267e-01   0.0000
 -1.28632799e-01   0.0000
 -1.66088730e-01   0.0000
 -5.80347739e-02   0.0000
 -2.20873192e-01   0.0000
 -9.33960080e-02   0.0000
 -2.46215612e-02   0.0000
 -2.47101888e-01   0.0000
 -1.37540266e-01   0.0000
 -5.63150160e-02   0.0000
 -5.61676659e-02   0.0000
  1.22499399e-01   0.0000
  1.80990994e-02   0.0000
  1.00047193e-01   0.0000
 -1.53185219e-01   0.0000
  1.24012828e-02   0.0000
 -1.49892360e-01   0.0000
  5.05858324e-02   0.0000
 -8.55624452e-02   0.0000
  9.96414199e-02   0.0000
 -3.59634347e-02   0.0000
 -2.03936681e-01   0.0000
 -1.88743725e-01   0.0000
 -1.58286735e-01   0.0000
 -1.50907218e-01   0.0000
  1.92307070e-01   0.0000
  1.67465538e-01   0.0000
  1.79661021e-01   0.0000
 -1.46251902e-01   0.0000
 -1.64457321e-01   0.0000
 -4.35281433e-02   0.0000
 -3.54094915e-02   0.0000
 -5.21056280e-02   0.0000
 -1.46824703e-01   0.0000
 -2.71821737e-01   0.0000
  1.84204996e-01   0.0000
 -6.73587322e-02   0.0000
 -1.30515680e-01   0.0000
 -7.40710273e-02   0.0000
 -3.86780649e-01   0.0000
 -1.07046790e-01   0.0000
 -8.54301304e-02   0.0000
 -8.63926411e-02   0.0000
  1.21053234e-01   0.0000
  2.92781740e-02   0.0000
 -8.68288707e-03   0.0000
 -8.88980180e-02   0.0000
  1.13183618e-01   0.0000
 -1.52028978e-01   0.0000
  4.12379615e-02   0.0000
 -5.69412448e-02   0.0000
  3.76554370e-01   0.0000
 -4.19881986e-03   0.0000
 -1.78603586e-02   0.0000
 -4.22723182e-02   0.0000
 -3.32388639e-01   0.0000
 -1.22868652e-02   0.0000
  4.17660564e-01   0.0000
 -9.17351395e-02   0.0000
  3.10382277e-01   0.0000
 -1.97248340e-01   0.0000
 -9.02670473e-02   0.0000
 -1.30244255e-01   0.0000
 -2.20185351e-02   0.0000
  6.50291964e-02   0.0000
 -4.34357561e-02   0.0000
 -2.97556281e-01   0.0000
 -3.01584769e-02   0.0000
  3.72639783e-02   0.0000
 -1.24320649e-01   0.0000
  3.18388879e-01   0.0000
  5.46868406e-02   0.0000
  2.17270106e-01   0.0000
 -2.43936911e-01   0.0000
 -4.04079884e-01   0.0000
  3.86294454e-01   0.0000
 -1.85790122e-01   0.0000
 -9.96175781e-03   0.0000
 -1.26072317e-01   0.0000
  1.02005519e-01   0.0000
 -6.69441968e-02   0.0000
  1.72479227e-01   0.0000
 -2.58403629e-01   0.0000
  3.56335431e-01   0.0000
 -1.28192455e-01   0.0000
 -9.24417600e-02   0.0000
  5.90661801e-02   0.0000
 -1.28800720e-01   0.0000
 -8.19167420e-02   0.0000
  4.56789613e-01   0.0000
  5.11575453e-02   0.0000
  2.92887926e-01   0.0000
 -1.95904568e-01   0.0000
 -2.47732788e-01   0.0000
 -4.35543865e-01   0.0000
 -3.45224068e-02   0.0000
  7.28730112e-02   0.0000
  2.85919756e-02   0.0000
 -4.51530144e-02   0.0000
  1.38106346e-02   0.0000
  1.46991061e-02   0.0000
  3.62207666e-02   0.0000
  2.44920343e-01   0.0000
  2.42996603e-01   0.0000
  2.14311242e-01   0.0000
 -5.28072938e-02   0.0000
 -6.90844655e-01   0.0000
  3.18147570e-01   0.0000
 -7.42580695e-03   0.0000
 -3.56528819e-01   0.0000
 -2.75022715e-01   0.0000
 -1.81745682e-02   0.0000
  2.26039514e-01   0.0000
  1.93807647e-01   0.0000
 -1.30202040e-01   0.0000
  6.04419410e-01   0.0000
 -1.33117959e-01   0.0000
  1.34215623e-01   0.0000
 -8.24836344e-02   0.0000
 -1.44083694e-01   0.0000
  8.37430134e-02   0.0000
  4.20264691e-01   0.0000
 -7.86564499e-02   0.0000
  3.16268206e-01   0.0000
 -3.38872112e-02   0.0000
 -2.53769513e-02   0.0000
 -5.12615502e-01   0.0000
  1.39282182e-01   0.0000
 -2.04188321e-02   0.0000
  1.67749867e-01   0.0000
  7.85666853e-02   0.0000
 -5.12508340e-02   0.0000
 -2.67474093e-02   0.0000
  4.87274379e-01   0.0000
  1.64679527e-01   0.0000
  5.33093393e-01   0.0000
  1.95695058e-01   0.0000
 -1.83847800e-01   0.0000
 -1.01658714e+00   0.0000
  5.69812417e-01   0.0000
  1.94184389e-02   0.0000
 -5.13717353e-01   0.0000
 -3.12606782e-01   0.0000
  2.44496018e-02   0.0000
  6.73874676e-01   0.0000
  1.27418600e-02   0.0000
 -1.29799291e-01   0.0000
  2.81245828e-01   0.0000
  5.71501739e-02   0.0000
 -1.74753636e-01   0.0000
  8.76745731e-02   0.0000
 -8.30563530e-02   0.0000
  2.41682660e-02   0.0000
  3.52104455e-01   0.0000
  1.70652762e-01   0.0000
  2.54355401e-01   0.0000
 -2.15648979e-01   0.0000
 -2.29177877e-01   0.0000
 -8.51742744e-01   0.0000
  2.21602604e-01   0.0000
  1.15351215e-01   0.0000
  3.21328267e-02   0.0000
  7.13989064e-02   0.0000
  6.94839209e-02   0.0000
  2.09424123e-02   0.0000
  7.46590018e-01   0.0000
  1.83071285e-01   0.0000
  9.16507721e-01   0.0000
  1.60418704e-01   0.0000
 -4.54244986e-02   0.0000
 -1.08737075e+00   0.0000
  9.03552592e-01   0.0000
 -2.79066801e-01   0.0000
 -8.76634717e-01   0.0000
 -5.62921882e-01   0.0000
 -2.33473822e-01   0.0000
  9.48121309e-01   0.0000
  1.34487972e-01   0.0000
  1.64392278e-01   0.0000
 -6.53442368e-02   0.0000
  1.00550890e-01   0.0000
 -3.51260096e-01   0.0000
  1.65752754e-01   0.0000
  9.31143835e-02   0.0000
 -2.37260178e-01   0.0000
  1.29654899e-01   0.0000
  4.41422224e-01   0.0000
  3.46042782e-01   0.0000
 -1.62228927e-01   0.0000
 -3.39451551e-01   0.0000
 -1.11243498e+00   0.0000
  5.02404451e-01   0.0000
  3.95046145e-01   0.0000
  6.09230436e-03   0.0000
 -1.55402347e-01   0.0000
 -1.28289253e-01   0.0000
  1.42643332e-01   0.0000
  4.04291488e-02   0.0000
 -2.00627036e-02   0.0000
  1.77148581e-01   0.0000
  1.85089290e-01   0.0000
 -4.33575027e-02   0.0000
 -7.06441179e-02   0.0000
  1.51953563e-01   0.0000
 -3.32434056e-03   0.0000
 -2.61712879e-01   0.0000
 -7.74833560e-02   0.0000
 -1.47569165e-01   0.0000
  5.01006618e-02   0.0000
 -7.92274177e-02   0.0000
  6.74444661e-02   0.0000
  9.27658528e-02   0.0000
 -1.54285565e-01   0.0000
 -2.64478326e-01   0.0000
  2.86001146e-01   0.0000
  1.74637213e-01   0.0000
  1.23168662e-01   0.0000
  3.95994671e-02   0.0000
  1.65177792e-01   0.0000
 -2.05605291e-03   0.0000
 -2.72677168e-02   0.0000
  1.70898184e-01   0.0000
  9.12122428e-02   0.0000
  5.30301929e-02   0.0000
  5.84957597e-04   0.0000
  1.01475395e-01   0.0000
 -1.29136831e-01   0.0000
 -1.76616296e-01   0.0000
  1.65946767e-01   0.0000
 -3.22409585e-04   0.0000
  1.75058842e-01   0.0000
  4.29688185e-01   0.0000
  1.65737808e-01   0.0000
 -5.16789258e-02   0.0000
 -2.12294042e-01   0.0000
  1.70117125e-01   0.0000
  1.50157109e-01   0.0000
 -2.96137661e-01   0.0000
  4.55868756e-03   0.0000
 -1.84636042e-01   0.0000
 -2.26492226e-01   0.0000
 -1.09055959e-01   0.0000
 -1.85571890e-02   0.0000
 -5.62109724e-02   0.0000
  9.75506678e-02   0.0000
 -2.50732988e-01   0.0000
  2.23961368e-01   0.0000
  1.56733021e-01   0.0000
 -1.86523341e-03   0.0000
  1.77997217e-01   0.0000
  1.47625759e-01   0.0000
  1.16300536e-02   0.0000
 -1.56248678e-02   0.0000
  1.25244558e-01   0.0000
  7.79683143e-02   0.0000
  2.75496870e-01   0.0000
  4.49951887e-02   0.0000
 -6.56852424e-02   0.0000
 -2.92879492e-02   0.0000
 -8.36035684e-02   0.0000
  2.73010254e-01   0.0000
  1.20344833e-01   0.0000
  1.06448777e-01   0.0000
  4.25018013e-01   0.0000
  3.21990214e-02   0.0000
  1.44043595e-01   0.0000
 -1.14081822e-01   0.0000
  2.15159684e-01   0.0000
 -6.53958768e-02   0.0000
 -6.43126592e-02   0.0000
 -1.84989814e-02   0.0000
  1.35830775e-01   0.0000
 -4.77703869e-01   0.0000
 -4.62825671e-02   0.0000
 -1.95656568e-01   0.0000
  5.76764867e-02   0.0000
  4.57833074e-02   0.0000
 -3.63415837e-01   0.0000
  4.49259132e-01   0.0000
  2.06889436e-01   0.0000
  2.61984140e-01   0.0000
  2.50032078e-02   0.0000
  3.88109624e-01   0.0000
  2.57656753e-01   0.0000
  7.27401897e-02   0.0000
  1.28089771e-01   0.0000
  3.65553573e-02   0.0000
  6.17361851e-02   0.0000
  6.27127364e-02   0.0000
 -3.83450985e-02   0.0000
  4.51281713e-03   0.0000
  4.64503653e-02   0.0000
  2.17808008e-01   0.0000
 -4.47196029e-02   0.0000
 -1.12349503e-01   0.0000
  1.25968665e-01   0.0000
  3.26164216e-01   0.0000
  9.61093754e-02   0.0000
 -1.60193533e-01   0.0000
  3.67442459e-01   0.0000
 -6.25180155e-02   0.0000
 -2.29568794e-01   0.0000
  1.88880339e-01   0.0000
  8.29497725e-02   0.0000
 -3.66086245e-01   0.0000
  1.16954044e-01   0.0000
 -1.21852845e-01   0.0000
  4.31187963e-03   0.0000
 -2.00591348e-02   0.0000
 -4.18172151e-01   0.0000
  4.86559153e-01   0.0000
  2.22893655e-01   0.0000
  2.06111327e-01   0.0000
  3.48956823e-01   0.0000
  4.51632261e-01   0.0000
  4.49531287e-01   0.0000
 -7.82162137e-03   0.0000
 -1.06168732e-01   0.0000
 -1.46418303e-01   0.0000
  2.04252824e-02   0.0000
 -9.09109190e-02   0.0000
 -1.80527166e-01   0.0000
  3.39499116e-02   0.0000
 -6.15716763e-02   0.0000
  3.15777808e-02   0.0000
 -4.76229072e-01   0.0000
  9.29023884e-03   0.0000
 -2.71996468e-01   0.0000
  5.24864122e-02   0.0000
 -3.14673305e-01   0.0000
 -3.42064440e-01   0.0000
  5.76080918e-01   0.0000
 -1.16255127e-01   0.0000
 -3.14450674e-02   0.0000
  3.91350836e-02   0.0000
 -1.03998475e-01   0.0000
 -3.33310664e-01   0.0000
 -4.85563688e-02   0.0000
  7.01845363e-02   0.0000
  3.78807604e-01   0.0000
  7.83897191e-02   0.0000
 -3.24536294e-01   0.0000
  4.62610424e-01   0.0000
 -1.38630301e-01   0.0000
 -3.78333516e-02   0.0000
  3.63876253e-01   0.0000
  2.51963973e-01   0.0000
  4.45395976e-01   0.0000
 -8.36809725e-02   0.0000
 -1.68797672e-01   0.0000
 -1.81374431e-01   0.0000
  2.14541703e-01   0.0000
 -2.46267825e-01   0.0000
  9.34971645e-02   0.0000
  2.49927640e-01   0.0000
 -2.23632097e-01   0.0000
  5.44691682e-02   0.0000
 -5.73222756e-01   0.0000
 -4.99874651e-02   0.0000
 -4.20447737e-01   0.0000
  2.75009990e-01   0.0000
 -3.68631899e-01   0.0000
 -1.86707720e-01   0.0000
  9.44106281e-01   0.0000
 -1.99872971e-01   0.0000
 -1.45055979e-01   0.0000
 -2.01848038e-02   0.0000
  5.11927679e-02   0.0000
 -3.65386397e-01   0.0000
 -4.26365994e-02   0.0000
  1.24434140e-02   0.0000
  3.98609728e-01   0.0000
  4.62185293e-02   0.0000
 -1.25241995e-01   0.0000
  5.37023664e-01   0.0000
 -1.06452875e-01   0.0000
  2.54564285e-01   0.0000
 -3.83486599e-02   0.0000
  3.34858954e-01   0.0000
  4.33535159e-01   0.0000
  2.00505629e-01   0.0000
 -3.22707891e-01   0.0000
  2.64578223e-01   0.0000
  8.05519968e-02   0.0000
 -3.75696838e-01   0.0000
  2.93750167e-01   0.0000
  1.46219492e-01   0.0000
 -1.20573692e-01   0.0000
  3.46785635e-01   0.0000
 -5.43928266e-01   0.0000
  1.64154485e-01   0.0000
 -2.81897455e-01   0.0000
  3.16598654e-01   0.0000
 -1.23859040e-01   0.0000
 -3.20406526e-01   0.0000
  1.12033880e+00   0.0000
  5.30050322e-02   0.0000
 -3.05956721e-01   0.0000
  5.45955263e-02   0.0000
  6.49980009e-02   0.0000
 -9.99130234e-02   0.0000
 -1.06522948e-01   0.0000
  8.96859691e-02   0.0000
  6.13243401e-01   0.0000
 -9.29157212e-02   0.0000
 -4.00237679e-01   0.0000
  2.89361537e-01   0.0000
  8.06732476e-02   0.0000
  5.59757371e-03   0.0000
  1.01732090e-01   0.0000
  5.74109674e-01   0.0000
  3.39158148e-01   0.0000
  6.83544055e-02   0.0000
 -3.28608364e-01   0.0000
  6.76857054e-01   0.0000
  1.49288848e-01   0.0000
 -2.51209140e-01   0.0000
  3.00911218e-01   0.0000
  2.92607218e-01   0.0000
 -8.85385845e-04   0.0000
 -2.15501696e-01   0.0000
  1.77002382e-02   0.0000
  6.68626130e-02   0.0000
  2.35193153e-03   0.0000
  1.48526967e-01   0.0000
 -1.21324681e-01   0.0000
 -1.43684998e-01   0.0000
  1.59115642e-01   0.0000
  8.74072239e-02   0.0000
 -1.40635893e-01   0.0000
  1.01705059e-01   0.0000
 -1.51135042e-01   0.0000
  1.01478420e-01   0.0000
  1.96575969e-01   0.0000
 -1.87814429e-01   0.0000
  5.05910702e-02   0.0000
  1.34781808e-01   0.0000
 -1.81814983e-01   0.0000
 -1.25912547e-01   0.0000
 -1.68888897e-01   0.0000
  1.83004737e-01   0.0000
  1.19982034e-01   0.0000
  1.25891775e-01   0.0000
  2.39559621e-01   0.0000
  1.00665595e-02   0.0000
 -9.60932970e-02   0.0000
 -2.53410917e-02   0.0000
  1.85221493e-01   0.0000
 -1.18446119e-01   0.0000
  2.33884469e-01   0.0000
 -3.75207424e-01   0.0000
  1.03633977e-01   0.0000
 -5.02412282e-02   0.0000
  1.21866176e-02   0.0000
 -1.96489379e-01   0.0000
 -7.13823587e-02   0.0000
  1.58481792e-01   0.0000
  2.78133601e-02   0.0000
 -2.16026884e-02   0.0000
  2.29494989e-01   0.0000
 -1.84292927e-01   0.0000
 -8.97772089e-02   0.0000
  3.82921025e-02   0.0000
  3.98067321e-04   0.0000
 -1.56899467e-01   0.0000
  9.98403803e-02   0.0000
  7.38790780e-02   0.0000
  2.65621543e-01   0.0000
 -7.29059651e-02   0.0000
 -2.10345313e-02   0.0000
  1.06635027e-01   0.0000
 -2.10193053e-01   0.0000
 -1.12988234e-01   0.0000
  7.27076650e-01   0.0000
 -2.36739635e-01   0.0000
  5.56995392e-01   0.0000
 -9.24271643e-02   0.0000
  1.75545499e-01   0.0000
 -2.19689712e-01   0.0000
 -1.47317732e-02   0.0000
 -1.91310849e-02   0.0000
  1.48162290e-01   0.0000
  1.94321230e-01   0.0000
 -6.32579103e-02   0.0000
 -3.14416513e-02   0.0000
  1.14083141e-02   0.0000
 -1.94613084e-01   0.0000
 -1.73418909e-01   0.0000
  8.99394229e-02   0.0000
  8.18517506e-02   0.0000
 -1.29924506e-01   0.0000
  2.79926032e-01   0.0000
 -1.55618444e-01   0.0000
  1.13533907e-01   0.0000
 -9.22375992e-02   0.0000
  1.64440777e-02   0.0000
 -5.41104116e-02   0.0000
  4.60746549e-02   0.0000
 -5.98701648e-02   0.0000
  1.70993775e-01   0.0000
  1.32803693e-02   0.0000
 -3.59376132e-01   0.0000
 -8.76296759e-02   0.0000
  1.77035537e-02   0.0000
  5.72543368e-02   0.0000
  7.51841426e-01   0.0000
 -3.66375923e-01   0.0000
  8.18253458e-01   0.0000
 -2.55836602e-02   0.0000
  7.98259154e-02   0.0000
 -4.45029229e-01   0.0000
 -1.14012457e-01   0.0000
  1.80106297e-01   0.0000
  3.33689719e-01   0.0000
  1.72632225e-02   0.0000
 -1.32501323e-03   0.0000
 -1.06210308e-02   0.0000
  2.23124772e-01   0.0000
  1.47049069e-01   0.0000
  1.87609419e-01   0.0000
  2.27724135e-01   0.0000
 -1.70152515e-01   0.0000
  1.15959622e-01   0.0000
  1.22506432e-02   0.0000
 -1.86789721e-01   0.0000
 -1.45875672e-02   0.0000
 -2.10024044e-01   0.0000
  2.01309636e-01   0.0000
 -3.22009444e-01   0.0000
  1.29900724e-02   0.0000
  3.61862686e-03   0.0000
 -1.00659221e-01   0.0000
 -2.79742386e-02   0.0000
 -5.67454211e-02   0.0000
 -2.22854704e-01   0.0000
  8.63626152e-02   0.0000
  1.04958788e-02   0.0000
  9.18159842e-01   0.0000
 -3.85282576e-01   0.0000
  6.63733661e-01   0.0000
 -6.48531318e-02   0.0000
  3.27418447e-01   0.0000
 -2.96336383e-01   0.0000
  1.87397793e-01   0.0000
  8.48289728e-02   0.0000
  1.78658113e-01   0.0000
 -3.64902876e-02   0.0000
 -9.32109356e-02   0.0000
  9.09478068e-02   0.0000
  1.25304654e-01   0.0000
  3.21968198e-02   0.0000
  5.55604324e-03   0.0000
  4.83020633e-01   0.0000
  6.78360090e-02   0.0000
  2.46858120e-01   0.0000
 -3.14340055e-01   0.0000
 -9.39158443e-03   0.0000
 -3.43544900e-01   0.0000
 -5.31887829e-01   0.0000
 -3.16580720e-02   0.0000
 -6.37382343e-02   0.0000
 -1.37057438e-01   0.0000
 -8.83294940e-02   0.0000
 -2.68089920e-01   0.0000
 -4.50565852e-02   0.0000
 -1.11918457e-01   0.0000
 -2.93827236e-01   0.0000
  2.78736115e-01   0.0000
  3.99105661e-02   0.0000
  1.03135026e+00   0.0000
 -9.75568742e-02   0.0000
  4.85325277e-01   0.0000
  1.76421881e-01   0.0000
  2.57679373e-01   0.0000
  1.89965889e-01   0.0000
  2.14922298e-02   0.0000
  2.73069113e-01   0.0000
  3.66102338e-01   0.0000
 -8.92793313e-02   0.0000
  5.76661807e-03   0.0000
  2.60770947e-01   0.0000
 -6.68818131e-02   0.0000
  4.07359391e-01   0.0000
  3.88567626e-01   0.0000
  1.44200057e-01   0.0000
 -2.04348564e-01   0.0000
  2.28081524e-01   0.0000
 -4.04753506e-01   0.0000
 -2.98865587e-02   0.0000
 -5.10202467e-01   0.0000
 -5.26099801e-01   0.0000
  3.58958572e-01   0.0000
  1.19316302e-01   0.0000
  1.82488561e-02   0.0000
  7.66107216e-02   0.0000
 -2.96482086e-01   0.0000
  2.00970098e-01   0.0000
 -2.39872914e-02   0.0000
 -3.36714983e-01   0.0000
  1.73505977e-01   0.0000
  1.49658009e-01   0.0000
  1.29599702e+00   0.0000
  1.22235060e-01   0.0000
  3.29424113e-01   0.0000
  1.68505132e-01   0.0000
  3.19129080e-01   0.0000
  3.14532697e-01   0.0000
  1.40161678e-01   0.0000
  3.35125551e-02   0.0000
  5.44913769e-01   0.0000
 -1.88718110e-01   0.0000
 -2.24728674e-01   0.0000
 -1.63747042e-01   0.0000
 -1.01630211e+00   0.0000
  2.68033147e-01   0.0000
  2.64188617e-01   0.0000
  3.57459247e-01   0.0000
 -4.24856573e-01   0.0000
  6.46667928e-02   0.0000
 -4.88602102e-01   0.0000
 -1.03797205e-01   0.0000
 -4.22725201e-01   0.0000
 -2.78863341e-01   0.0000
  2.26347730e-01   0.0000
 -2.07164488e-03   0.0000
 -1.22256698e-02   0.0000
 -1.14481814e-01   0.0000
  1.83162063e-01   0.0000
  1.84965909e-01   0.0000
  1.57375127e-01   0.0000
 -5.02532184e-01   0.0000
 -7.56351799e-02   0.0000
  4.16039862e-02   0.0000
  1.50731301e+00   0.0000
  1.57202631e-01   0.0000
  3.45530123e-01   0.0000
 -9.09568071e-02   0.0000
  1.74051486e-02   0.0000
  2.53866673e-01   0.0000
 -2.05087706e-01   0.0000
 -1.40041292e-01   0.0000
  6.66051507e-01   0.0000
 -2.62403369e-01   0.0000
 -9.55791771e-02   0.0000
 -1.80813372e-01   0.0000
  6.27870500e-01   0.0000
  3.35366786e-01   0.0000
 -1.00610919e-01   0.0000
  1.15098163e-01   0.0000
  1.25368629e-02   0.0000
 -2.73353100e-01   0.0000
  5.39307058e-01   0.0000
  4.51624481e-04   0.0000
 -4.50410023e-02   0.0000
 -4.85759258e-01   0.0000
  1.30608416e-04   0.0000
 -3.36341001e-02   0.0000
 -1.26483843e-01   0.0000
  8.21489990e-02   0.0000
 -6.79984331e-01   0.0000
 -1.30078243e-03   0.0000
 -1.47493050e-01   0.0000
  1.51485205e-01   0.0000
 -1.97190538e-01   0.0000
 -1.95230708e-01   0.0000
 -6.24567151e-01   0.0000
  7.68867731e-01   0.0000
  7.51853704e-01   0.0000
  7.38418475e-02   0.0000
  1.53689355e-01   0.0000
  2.34385058e-01   0.0000
  3.53155017e-01   0.0000
 -6.31364621e-03   0.0000
 -7.36261681e-02   0.0000
 -1.12877345e+00   0.0000
 -2.15393886e-01   0.0000
  2.12407321e-01   0.0000
 -2.49589030e-02   0.0000
  4.02649529e-02   0.0000
  2.25432351e-01   0.0000
 -4.29171510e-03   0.0000
 -6.23251759e-02   0.0000
 -4.96405996e-02   0.0000
  7.01814070e-02   0.0000
  1.35345295e-01   0.0000
  1.08949497e-01   0.0000
  2.93413103e-01   0.0000
  4.54754196e-02   0.0000
 -1.18648708e-01   0.0000
 -1.27777919e-01   0.0000
 -6.84589818e-02   0.0000
 -8.07766020e-02   0.0000
 -1.08129501e-01   0.0000
  9.90794227e-02   0.0000
  1.63005948e-01   0.0000
  1.09435156e-01   0.0000
 -1.70832366e-01   0.0000
 -1.04022637e-01   0.0000
  6.90822065e-01   0.0000
  9.24864337e-02   0.0000
 -2.43743390e-01   0.0000
  2.55226940e-01   0.0000
 -1.79052651e-02   0.0000
  2.32823581e-01   0.0000
  2.53845572e-01   0.0000
  2.09928229e-02   0.0000
 -8.21381271e-01   0.0000
  6.89649880e-02   0.0000
  9.41785499e-02   0.0000
 -2.42234141e-01   0.0000
 -1.26691073e-01   0.0000
  5.54885507e-01   0.0000
 -7.94255361e-02   0.0000
  3.92124709e-03   0.0000
  1.93676099e-01   0.0000
 -3.71970296e-01   0.0000
  1.27787843e-01   0.0000
  7.15360325e-03   0.0000
  8.55607390e-01   0.0000
  7.41341785e-02   0.0000
 -4.78395790e-01   0.0000
 -1.20351486e-01   0.0000
  1.05563588e-01   0.0000
  4.24557567e-01   0.0000
  6.53032288e-02   0.0000
 -2.11264119e-02   0.0000
  2.47943163e-01   0.0000
  7.15408027e-02   0.0000
  1.27182845e-02   0.0000
  2.97655147e-02   0.0000
  4.41183150e-01   0.0000
 -2.17216969e-01   0.0000
 -3.69756296e-02   0.0000
  1.75310850e-01   0.0000
 -6.44353926e-02   0.0000
  1.35235330e-02   0.0000
  3.41108218e-02   0.0000
  1.10242508e-01   0.0000
 -2.06643686e-01   0.0000
 -5.65645583e-02   0.0000
  2.43244126e-01   0.0000
 -4.29932833e-01   0.0000
 -2.79041439e-01   0.0000
  9.95389074e-02   0.0000
 -1.52398989e-01   0.0000
 -1.10195473e-01   0.0000
  1.44443870e-01   0.0000
 -6.31891251e-01   0.0000
  1.36446934e-02   0.0000
 -3.40429991e-01   0.0000
  9.76984024e-01   0.0000
  6.02248199e-02   0.0000
 -3.76689970e-01   0.0000
  6.10878319e-02   0.0000
 -1.61281347e-01   0.0000
  6.85448527e-01   0.0000
  2.86656730e-02   0.0000
  3.06249112e-01   0.0000
  3.05326760e-01   0.0000
  3.27826858e-01   0.0000
  2.18153581e-01   0.0000
  1.46594182e-01   0.0000
  1.20574392e-01   0.0000
 -4.40082699e-01   0.0000
 -1.88450232e-01   0.0000
  5.39327741e-01   0.0000
  2.24493649e-02   0.0000
 -8.02478492e-02   0.0000
 -3.59975407e-03   0.0000
  1.14895359e-01   0.0000
 -2.30391592e-01   0.0000
 -2.45673917e-02   0.0000
  2.20445514e-01   0.0000
 -4.48416591e-01   0.0000
 -2.56720603e-01   0.0000
  1.73068821e-01   0.0000
 -3.79349858e-01   0.0000
 -7.03506172e-02   0.0000
  1.28856733e-01   0.0000
 -2.25050300e-01   0.0000
 -2.18215846e-02   0.0000
 -5.62435865e-01   0.0000
  8.69503379e-01   0.0000
  1.09488957e-01   0.0000
 -3.77449155e-01   0.0000
 -9.48069692e-02   0.0000
  2.26635078e-04   0.0000
  4.24891323e-01   0.0000
 -1.97086200e-01   0.0000
 -9.55233499e-02   0.0000
  4.47002053e-01   0.0000
  2.62994260e-01   0.0000
  2.24953398e-01   0.0000
 -2.69972622e-01   0.0000
  5.61425984e-02   0.0000
 -1.55750751e-01   0.0000
  1.01950288e-01   0.0000
  3.23647588e-01   0.0000
  2.58282095e-01   0.0000
 -9.76191461e-02   0.0000
  1.23860706e-02   0.0000
  1.53347880e-01   0.0000
 -9.20021161e-02   0.0000
 -5.08051738e-02   0.0000
  2.38795802e-01   0.0000
  9.65294093e-02   0.0000
 -3.24620903e-01   0.0000
  1.48672879e-01   0.0000
 -5.99607646e-01   0.0000
 -1.78331733e-01   0.0000
  1.64227709e-01   0.0000
  2.08475247e-01   0.0000
 -1.68852076e-01   0.0000
 -9.73950326e-01   0.0000
  3.19671810e-01   0.0000
  2.33788669e-01   0.0000
 -9.64799151e-02   0.0000
 -1.94834426e-01   0.0000
 -8.61170888e-03   0.0000
 -2.47146294e-01   0.0000
 -1.32501107e-02   0.0000
  3.22908140e-03   0.0000
  4.22142535e-01   0.0000
 -8.75956044e-02   0.0000
 -4.96492423e-02   0.0000
 -3.29251885e-01   0.0000
 -9.97798368e-02   0.0000
  3.70252430e-02   0.0000
 -2.13946119e-01   0.0000
  5.75256109e-01   0.0000
  1.26164436e-01   0.0000
 -1.31220460e-01   0.0000
 -1.03751803e-02   0.0000
  1.71483293e-01   0.0000
 -5.90132475e-02   0.0000
  1.13568865e-01   0.0000
 -9.60678309e-02   0.0000
  9.68525410e-02   0.0000
 -6.96751416e-01   0.0000
 -4.05666903e-02   0.0000
 -6.84998512e-01   0.0000
 -1.88574791e-01   0.0000
  3.92370880e-01   0.0000
  4.11489040e-01   0.0000
 -2.05508605e-01   0.0000
 -8.22355211e-01   0.0000
 -8.17693919e-02   0.0000
  2.23718300e-01   0.0000
 -1.43490791e-01   0.0000
  6.39035106e-02   0.0000
 -1.22991204e-01   0.0000
 -7.74439991e-01   0.0000
 -1.30711526e-01   0.0000
  4.70575504e-02   0.0000
  3.08079571e-01   0.0000
 -4.33630019e-01   0.0000
 -6.59683254e-03   0.0000
 -6.46795332e-01   0.0000
 -1.82913229e-01   0.0000
  3.63850176e-01   0.0000
 -1.67059138e-01   0.0000
  2.18815729e-01   0.0000
 -4.31946993e-01   0.0000
 -2.84684837e-01   0.0000
 -4.69785511e-01   0.0000
  2.03613490e-01   0.0000
  2.36210287e-01   0.0000
  3.07223260e-01   0.0000
  2.35634446e-02   0.0000
 -2.74293602e-01   0.0000
  1.30612209e-01   0.0000
  4.28821087e-01   0.0000
  4.82083499e-01   0.0000
 -1.08011663e-01   0.0000
  3.73486653e-02   0.0000
 -1.31091131e-02   0.0000
 -4.98826876e-02   0.0000
 -2.07605571e-01   0.0000
 -1.83693856e-01   0.0000
  3.67953628e-01   0.0000
  7.28363633e-01   0.0000
 -1.50323018e-01   0.0000
 -1.11806132e-01   0.0000
 -8.79428983e-02   0.0000
  1.27104074e-01   0.0000
 -1.86844915e-01   0.0000
 -1.73184842e-01   0.0000
 -3.17031860e-01   0.0000
  2.81605542e-01   0.0000
  5.49437225e-01   0.0000
 -2.87220657e-01   0.0000
 -7.38484338e-02   0.0000
 -1.01148345e-01   0.0000
  7.00796992e-02   0.0000
  4.00922298e-02   0.0000
 -6.75996691e-02   0.0000
 -4.49497044e-01   0.0000
 -1.76014453e-01   0.0000
  2.37223223e-01   0.0000
  1.69094745e-02   0.0000
  5.42209268e-01   0.0000
  8.43777657e-02   0.0000
 -1.43625155e-01   0.0000
 -5.77000007e-02   0.0000
 -4.75829840e-03   0.0000
 -1.78570658e-01   0.0000
 -7.55617023e-02   0.0000
 -2.52944622e-02   0.0000
 -3.21876138e-01   0.0000
 -1.59018149e-04   0.0000
  8.00731257e-02   0.0000
  7.75584280e-02   0.0000
 -9.70834047e-02   0.0000
  1.46681011e-01   0.0000
  3.30351859e-01   0.0000
  4.08335887e-02   0.0000
  2.73539510e-04   0.0000
 -2.05480537e-04   0.0000
  1.00788407e-01   0.0000
  1.08723916e-01   0.0000
 -1.88781247e-01   0.0000
  1.26593247e-01   0.0000
 -8.99683237e-02   0.0000
 -5.90586616e-03   0.0000
  6.17637523e-02   0.0000
 -3.14626656e-02   0.0000
  5.58734722e-02   0.0000
  1.66093200e-01   0.0000
  2.34114960e-01   0.0000
  1.59047297e-04   0.0000
  5.10176062e-04   0.0000
  7.44050965e-02   0.0000
  6.33223712e-01   0.0000
  2.22903922e-01   0.0000
 -6.02424778e-02   0.0000
  2.85468370e-01   0.0000
  7.06424117e-02   0.0000
  6.54281601e-02   0.0000
 -1.40768336e-02   0.0000
  1.46315116e-02   0.0000
  2.21107956e-02   0.0000
  1.41643465e-01   0.0000
  1.68084517e-01   0.0000
 -1.01746105e-01   0.0000
  1.58041209e-01   0.0000
 -2.27061465e-01   0.0000
 -7.21620262e-01   0.0000
 -2.18441874e-01   0.0000
 -4.13125828e-02   0.0000
 -6.20521903e-02   0.0000
 -6.07826971e-02   0.0000
  7.93675110e-02   0.0000
  1.37276992e-01   0.0000
 -6.20171577e-02   0.0000
 -2.69487053e-01   0.0000
 -9.30992980e-03   0.0000
  1.80821791e-01   0.0000
  1.79454088e-01   0.0000
  5.89420050e-02   0.0000
  1.26684964e-01   0.0000
  6.17016613e-01   0.0000
  3.81440204e-03   0.0000
  9.68679413e-02   0.0000
  4.43521664e-02   0.0000
  4.10915703e-01   0.0000
  7.48352855e-02   0.0000
  1.54075891e-01   0.0000
 -2.00087354e-01   0.0000
  7.03864768e-02   0.0000
 -6.77096248e-02   0.0000
 -1.29454151e-01   0.0000
 -3.03366929e-01   0.0000
 -1.60070017e-01   0.0000
  1.27651200e-01   0.0000
  1.01733848e-01   0.0000
 -5.28348051e-02   0.0000
 -4.02270883e-01   0.0000
 -2.57966012e-01   0.0000
 -8.49369824e-01   0.0000
 -2.15712618e-02   0.0000
  8.67788047e-02   0.0000
 -1.24171115e-01   0.0000
 -2.53855046e-02   0.0000
 -1.81620754e-02   0.0000
  7.76527496e-03   0.0000
 -2.00617537e-02   0.0000
 -8.38239342e-02   0.0000
 -3.10177915e-02   0.0000
  3.92598733e-02   0.0000
  1.47194117e-01   0.0000
 -1.26697496e-01   0.0000
  6.65089339e-02   0.0000
  4.95064735e-01   0.0000
  1.33112490e-01   0.0000
  1.01623897e-04   0.0000
 -1.74358845e-01   0.0000
  2.77333349e-01   0.0000
  5.01048227e-04   0.0000
  1.86578065e-01   0.0000
  3.17582376e-02   0.0000
  1.53074767e-02   0.0000
 -1.28919668e-02   0.0000
 -1.27819972e-02   0.0000
  1.74313933e-01   0.0000
  2.20445357e-02   0.0000
 -3.78535688e-02   0.0000
 -1.45980403e-01   0.0000
  1.62901301e-02   0.0000
  1.36917546e-01   0.0000
  1.58254281e-01   0.0000
  7.54585803e-01   0.0000
  3.28382224e-01   0.0000
 -1.41940225e-04   0.0000
  6.58745989e-02   0.0000
  8.20569769e-02   0.0000
 -1.33477390e-01   0.0000
 -6.92771971e-02   0.0000
  1.86345130e-01   0.0000
  1.99803952e-02   0.0000
 -1.42501757e-01   0.0000
 -1.40716836e-01   0.0000
  6.04798645e-02   0.0000
 -2.07203627e-01   0.0000
 -1.16282329e-01   0.0000
 -5.17890975e-03   0.0000
 -8.58717412e-02   0.0000
 -1.52890338e-04   0.0000
  2.42414069e-04   0.0000
  5.37938893e-01   0.0000
  1.76929985e-04   0.0000
  6.65478234e-04   0.0000
  2.47327611e-01   0.0000
 -2.56683957e-02   0.0000
  7.22179711e-02   0.0000
  6.59530889e-03   0.0000
 -5.81897683e-02   0.0000
  2.04488799e-01   0.0000
 -7.15453774e-02   0.0000
 -1.66069508e-01   0.0000
  8.73680413e-02   0.0000
 -2.35383004e-01   0.0000
 -5.44302128e-02   0.0000
 -1.06480315e-01   0.0000
  4.14971113e-02   0.0000
 -1.41842827e-01   0.0000
 -6.84274733e-02   0.0000
  5.27145863e-02   0.0000
 -1.42223109e-02   0.0000
  1.79261625e-01   0.0000
  1.01500005e-01   0.0000
  1.42789647e-01   0.0000
  7.56880566e-02   0.0000
 -7.90786594e-02   0.0000
  3.44302948e-03   0.0000
 -1.67126775e-01   0.0000
  3.44871841e-02   0.0000
 -3.64621460e-01   0.0000
 -2.79949922e-02   0.0000
  4.41638567e-02   0.0000
 -1.01049393e-01   0.0000
  4.46008712e-01   0.0000
 -5.36507405e-02   0.0000
  8.78657699e-02   0.0000
 -1.98964685e-01   0.0000
 -2.26962596e-01   0.0000
  8.33573285e-03   0.0000
 -7.63812708e-03   0.0000
 -7.66115561e-02   0.0000
 -9.46172923e-02   0.0000
 -5.23724854e-02   0.0000
 -2.16846615e-01   0.0000
 -1.43356668e-03   0.0000
  3.00927572e-02   0.0000
  3.29392176e-04   0.0000
  2.22482026e-01   0.0000
 -1.29235759e-01   0.0000
 -2.31216240e-04   0.0000
 -9.45665091e-02   0.0000
 -8.42796341e-02   0.0000
 -9.12797113e-05   0.0000
  1.58540353e-01   0.0000
 -5.73241599e-02   0.0000
  1.27507567e-01   0.0000
  1.87381312e-01   0.0000
  5.66763617e-03   0.0000
  3.62533331e-02   0.0000
  1.03243187e-01   0.0000
  1.24184698e-01   0.0000
 -7.33640464e-03   0.0000
  1.34386197e-02   0.0000
  1.30469590e-01   0.0000
  1.11956209e-01   0.0000
 -4.80752170e-01   0.0000
  3.04438435e-02   0.0000
  5.96799925e-02   0.0000
 -4.71710354e-01   0.0000
 -6.00026362e-02   0.0000
  1.13457717e-01   0.0000
 -4.73632962e-02   0.0000
  2.27801189e-01   0.0000
 -1.67712152e-01   0.0000
 -1.74745902e-01   0.0000
 -2.05433175e-01   0.0000
 -3.51449013e-01   0.0000
  1.23114623e-01   0.0000
  8.57086331e-02   0.0000
  1.22237718e+00   0.0000
  3.23347449e-01   0.0000
 -1.95727274e-01   0.0000
  5.34800254e-02   0.0000
 -1.14963697e-02   0.0000
 -1.12408534e-01   0.0000
 -8.22333470e-02   0.0000
 -2.44387418e-01   0.0000
 -1.13942418e-02   0.0000
  9.89595335e-03   0.0000
 -9.07571390e-02   0.0000
 -2.08581481e-02   0.0000
  2.29396731e-01   0.0000
 -3.61576118e-02   0.0000
  1.76977411e-01   0.0000
 -1.98832452e-01   0.0000
 -7.90577382e-02   0.0000
 -9.16855279e-05   0.0000
 -8.51171196e-01   0.0000
 -2.08780989e-01   0.0000
 -1.73419833e-01   0.0000
 -3.73353481e-01   0.0000
 -6.28012046e-02   0.0000
 -1.72706902e-01   0.0000
 -4.67945216e-03   0.0000
 -2.03442767e-01   0.0000
 -2.67188698e-01   0.0000
  2.48601809e-01   0.0000
  3.09535526e-02   0.0000
 -5.47296368e-03   0.0000
 -1.19309597e-01   0.0000
 -9.35169286e-04   0.0000
 -4.50356930e-01   0.0000
 -1.86825380e-01   0.0000
  1.95557177e-01   0.0000
  1.43626168e-01   0.0000
  4.04390730e-02   0.0000
  1.87445298e-01   0.0000
 -5.56376353e-02   0.0000
 -6.85879169e-03   0.0000
  2.01264188e-01   0.0000
  3.96356481e-04   0.0000
  1.59683257e-01   0.0000
  6.37405319e-05   0.0000
 -3.31446826e-02   0.0000
 -4.57758121e-02   0.0000
  3.78629208e-01   0.0000
  4.88802902e-02   0.0000
  1.60619929e-01   0.0000
 -4.94193472e-02   0.0000
  1.56065375e-01   0.0000
 -1.31861463e-01   0.0000
 -1.41987473e-01   0.0000
 -1.80784732e-01   0.0000
 -7.45481104e-02   0.0000
  1.37138069e-01   0.0000
 -3.18768397e-02   0.0000
 -5.63015752e-02   0.0000
 -3.43076646e-01   0.0000
 -8.61134380e-02   0.0000
 -2.96188705e-02   0.0000
  8.50150213e-02   0.0000
  5.03500588e-02   0.0000
  9.63989422e-02   0.0000
  1.53440505e-01   0.0000
  3.76530108e-03   0.0000
 -7.22669472e-04   0.0000
  1.66068096e-02   0.0000
 -1.88270837e-01   0.0000
 -1.58323329e-02   0.0000
  1.64359763e-01   0.0000
 -2.77846336e-01   0.0000
  1.12432919e-01   0.0000
 -1.53359219e-01   0.0000
 -1.93369612e-02   0.0000
  2.98704468e-02   0.0000
  1.95439994e-01   0.0000
 -6.43644407e-02   0.0000
  8.19485486e-02   0.0000
  1.35191709e-01   0.0000
 -9.68717188e-02   0.0000
 -2.05592196e-02   0.0000
 -6.16144955e-01   0.0000
  2.41726831e-01   0.0000
 -6.75180331e-02   0.0000
  2.04747230e-01   0.0000
  2.77768433e-01   0.0000
  1.75980955e-01   0.0000
  9.00206789e-02   0.0000
  1.06156012e-02   0.0000
  4.03455675e-01   0.0000
 -8.55872221e-03   0.0000
  2.19346568e-01   0.0000
 -3.28212930e-03   0.0000
 -1.22247681e-01   0.0000
 -2.43859991e-01   0.0000
  3.70256633e-01   0.0000
  3.64544652e-02   0.0000
  4.17359918e-02   0.0000
  6.35166839e-02   0.0000
 -1.32834807e-01   0.0000
  1.75846621e-01   0.0000
 -1.33921146e-01   0.0000
  1.90910652e-01   0.0000
  1.89185962e-01   0.0000
  5.67660900e-03   0.0000
  6.92992434e-02   0.0000
 -1.55985355e-01   0.0000
  2.16848195e-01   0.0000
 -1.15499549e-01   0.0000
 -1.35982096e+00   0.0000
  2.67630573e-02   0.0000
 -2.21966748e-05   0.0000
  4.11004946e-03   0.0000
 -5.30214846e-01   0.0000
  6.03413023e-02   0.0000
  9.77445319e-02   0.0000
 -1.56323716e-01   0.0000
 -1.09401904e-01   0.0000
  1.69956148e-01   0.0000
  1.05117612e-01   0.0000
  5.71332611e-02   0.0000
 -2.23585099e-01   0.0000
  1.85742468e-01   0.0000
  2.34243646e-03   0.0000
 -3.04534465e-01   0.0000
  1.83157012e-01   0.0000
  9.06275865e-03   0.0000
  8.25676203e-01   0.0000
  2.14716002e-01   0.0000
  8.54537785e-02   0.0000
 -4.50389460e-02   0.0000
  2.15356007e-01   0.0000
  1.46738946e-01   0.0000
 -1.46553814e-01   0.0000
 -1.09414518e-01   0.0000
  1.40141264e-01   0.0000
  9.25116912e-02   0.0000
 -5.40007837e-02   0.0000
 -1.45405903e-02   0.0000
 -6.60048053e-02   0.0000
 -2.83873025e-02   0.0000
 -1.95849389e-01   0.0000
  1.03767022e-01   0.0000
  1.97328135e-01   0.0000
  8.73824507e-02   0.0000
  6.87687248e-02   0.0000
 -4.51703854e-02   0.0000
 -1.17264323e-01   0.0000
  1.54918730e-01   0.0000
 -5.17672934e-02   0.0000
 -1.12462901e-01   0.0000
 -1.49225309e-01   0.0000
  2.64678150e-01   0.0000
  1.11782432e-01   0.0000
 -1.87032610e-01   0.0000
 -2.20564172e-01   0.0000
  2.56583057e-02   0.0000
 -2.38332562e-02   0.0000
  1.43262714e-01   0.0000
  1.08935997e-01   0.0000
  6.76738545e-02   0.0000
  2.63562780e-02   0.0000
  1.91308718e-04   0.0000
 -5.34515232e-02   0.0000
 -1.18697753e-04   0.0000
  1.00032166e-02   0.0000
  1.15759641e-01   0.0000
 -1.94014490e-01   0.0000
  7.12511614e-02   0.0000
  4.22199033e-02   0.0000
 -1.37697592e-01   0.0000
 -4.86411601e-02   0.0000
 -1.56061472e-02   0.0000
  1.53007671e-01   0.0000
  8.34102035e-02   0.0000
 -6.51620179e-02   0.0000
  6.18332997e-04   0.0000
 -8.03683519e-01   0.0000
 -9.64013487e-02   0.0000
 -7.35442117e-02   0.0000
  4.41853702e-01   0.0000
  2.10072860e-01   0.0000
 -3.27680483e-02   0.0000
 -1.28739998e-01   0.0000
 -4.31818776e-02   0.0000
  4.66005266e-01   0.0000
 -1.61498055e-01   0.0000
  1.25386313e-01   0.0000
  1.51162714e-01   0.0000
  6.15623873e-03   0.0000
 -6.55975044e-02   0.0000
  2.03491420e-01   0.0000
  2.00754061e-01   0.0000
  1.47381619e-01   0.0000
  8.87001753e-02   0.0000
  1.89680651e-01   0.0000
  1.71006709e-01   0.0000
 -1.19331377e-02   0.0000
  3.03870857e-01   0.0000
  2.90199891e-02   0.0000
  9.53800157e-02   0.0000
  7.22252578e-02   0.0000
 -1.54917598e-01   0.0000
 -7.64452890e-02   0.0000
  1.32396296e-01   0.0000
 -2.28364125e-01   0.0000
 -7.25859031e-02   0.0000
 -1.82828009e-02   0.0000
  2.49746516e-02   0.0000
 -2.83882260e-01   0.0000
 -2.16397857e-05   0.0000
  9.20219645e-02   0.0000
  2.05873713e-01   0.0000
  1.79020926e-01   0.0000
 -1.32615119e-01   0.0000
  1.59631193e-01   0.0000
  7.00521097e-02   0.0000
 -2.72793919e-02   0.0000
 -2.01135814e-01   0.0000
 -7.40038678e-02   0.0000
  1.59388641e-04   0.0000
  1.43121211e-02   0.0000
 -2.32290905e-02   0.0000
 -3.02387178e-02   0.0000
  6.92412406e-02   0.0000
 -2.04059362e-01   0.0000
 -1.08355895e-01   0.0000
 -8.46067723e-03   0.0000
 -1.58747286e-01   0.0000
  1.00449868e-01   0.0000
 -9.31121185e-02   0.0000
  1.59528881e-01   0.0000
  1.20204501e-01   0.0000
 -1.28900483e-01   0.0000
 -1.70441225e-01   0.0000
  1.45773147e-03   0.0000
 -5.64148868e-05   0.0000
 -1.26675084e-01   0.0000
 -1.21177994e-01   0.0000
  4.88805473e-02   0.0000
 -1.20402053e-01   0.0000
 -2.37165950e-02   0.0000
 -1.06566243e-01   0.0000
  9.38691348e-02   0.0000
 -1.90737545e-01   0.0000
 -3.14749009e-03   0.0000
 -1.11225180e-01   0.0000
  1.33846655e-01   0.0000
  1.79883569e-01   0.0000
  1.86807796e-01   0.0000
 -1.48025796e-01   0.0000
 -8.74057040e-02   0.0000
  2.33429782e-02   0.0000
  8.76860917e-02   0.0000
  4.39549387e-02   0.0000
 -2.75352672e-02   0.0000
  1.12381130e-01   0.0000
  2.20068992e-04   0.0000
 -4.42980463e-03   0.0000
  2.83464193e-01   0.0000
  6.70967624e-02   0.0000
  9.18856040e-02   0.0000
 -2.30193719e-01   0.0000
 -7.59571716e-02   0.0000
 -4.32954356e-02   0.0000
 -1.12116508e-01   0.0000
 -2.41892375e-02   0.0000
  3.74767333e-02   0.0000
 -5.14888065e-03   0.0000
  1.51970759e-01   0.0000
 -1.15057163e-01   0.0000
 -1.23598389e-01   0.0000
 -1.03548886e-02   0.0000
 -1.43983020e-02   0.0000
  5.45365848e-02   0.0000
  8.28415081e-02   0.0000
  8.29628780e-02   0.0000
  2.12246194e-01   0.0000
  1.89884976e-01   0.0000
  1.86102852e-01   0.0000
 -2.20442832e-01   0.0000
 -2.14176238e-01   0.0000
  1.45651832e-01   0.0000
 -3.46793495e-02   0.0000
  2.51246747e-02   0.0000
 -3.96468230e-02   0.0000
 -8.04174915e-02   0.0000
  6.30337596e-01   0.0000
 -1.07757784e-02   0.0000
 -1.57725409e-01   0.0000
 -8.87983516e-02   0.0000
 -2.47596562e-01   0.0000
  2.58772727e-03   0.0000
 -4.65437919e-02   0.0000
  3.95977311e-02   0.0000
 -2.92143261e-04   0.0000
  1.79008770e-04   0.0000
  2.31809560e-02   0.0000
 -3.02158054e-02   0.0000
 -2.15737239e-01   0.0000
  1.84120655e-01   0.0000
 -4.03095365e-01   0.0000
  2.28387471e-02   0.0000
 -4.24426012e-02   0.0000
 -3.22530717e-02   0.0000
 -1.26136914e-01   0.0000
 -5.86327333e-05   0.0000
  2.00914637e-05   0.0000
  3.60336483e-01   0.0000
  6.59161657e-02   0.0000
 -6.92848302e-03   0.0000
 -1.46235019e-01   0.0000
 -9.18822959e-02   0.0000
  3.95002395e-01   0.0000
  9.10069123e-02   0.0000
 -2.62530032e-03   0.0000
  2.24503472e-01   0.0000
 -1.67686373e-01   0.0000
 -1.44514884e-03   0.0000
  1.92323923e-02   0.0000
  7.12229358e-03   0.0000
  1.35152519e-01   0.0000
 -2.05934539e-01   0.0000
  1.59538276e-02   0.0000
 -2.60286988e-03   0.0000
  1.04958437e-01   0.0000
  1.31924391e-01   0.0000
 -1.45661145e-01   0.0000
  1.07803568e-02   0.0000
  2.41966709e-03   0.0000
  7.60890730e-03   0.0000
 -2.41158292e-01   0.0000
  1.11873761e-01   0.0000
 -2.16803342e-01   0.0000
  1.59615010e-01   0.0000
  5.93852252e-02   0.0000
  1.46023795e-01   0.0000
 -5.08510470e-02   0.0000
 -1.81930438e-02   0.0000
 -1.01738401e-01   0.0000
  1.83465958e-01   0.0000
  2.70517856e-01   0.0000
 -6.97545649e-04   0.0000
  1.32956445e-01   0.0000
 -3.39089963e-03   0.0000
  6.09536171e-02   0.0000
  7.83382505e-02   0.0000
 -1.48069188e-02   0.0000
  1.56112209e-01   0.0000
 -1.89030630e-04   0.0000
 -2.91301329e-02   0.0000
  3.07685792e-01   0.0000
 -1.23522341e-01   0.0000
  1.73591986e-01   0.0000
 -6.75601810e-02   0.0000
 -1.34203538e-01   0.0000
 -1.57791004e-01   0.0000
  2.05808841e-02   0.0000
  9.56089273e-02   0.0000
 -1.19609497e-01   0.0000
  1.00280106e-01   0.0000
 -1.73157543e-01   0.0000
  1.23844519e-01   0.0000
  5.39088510e-02   0.0000
  8.25018957e-02   0.0000
 -5.91891110e-01   0.0000
 -4.12694886e-02   0.0000
  1.47576496e-01   0.0000
  7.75101930e-02   0.0000
  9.77183819e-01   0.0000
  8.43240768e-02   0.0000
  1.44198701e-01   0.0000
 -2.36889154e-01   0.0000
 -3.05294544e-02   0.0000
 -1.52259946e-01   0.0000
  8.75840187e-02   0.0000
  1.22164756e-01   0.0000
 -2.95062274e-01   0.0000
  1.35714188e-01   0.0000
 -2.25258678e-01   0.0000
  1.31603805e-02   0.0000
  6.89843297e-02   0.0000
 -4.88161780e-02   0.0000
 -5.55970073e-01   0.0000
  7.00623691e-02   0.0000
 -8.14563595e-04   0.0000
 -1.14601940e-01   0.0000
 -1.57777309e-01   0.0000
 -1.87047526e-01   0.0000
 -4.44885343e-02   0.0000
 -2.58011013e-01   0.0000
  9.58214998e-02   0.0000
  2.04511862e-02   0.0000
 -1.90622017e-01   0.0000
 -5.19688316e-02   0.0000
  1.97998390e-01   0.0000
 -7.87254944e-02   0.0000
  6.18542075e-01   0.0000
 -1.92232400e-01   0.0000
  9.63365510e-02   0.0000
  8.85897875e-02   0.0000
  4.96111006e-01   0.0000
  8.28626100e-04   0.0000
 -1.24566570e-01   0.0000
  4.10318724e-04   0.0000
 -1.78781494e-01   0.0000
 -5.27164117e-02   0.0000
 -1.15001954e-01   0.0000
  6.21245243e-04   0.0000
  1.31716847e-01   0.0000
 -1.03633076e-01   0.0000
  1.95071876e-01   0.0000
 -2.41061989e-02   0.0000
 -1.08522251e-01   0.0000
  1.26551196e-01   0.0000
  8.42750371e-01   0.0000
  7.38417134e-02   0.0000
 -8.85474235e-02   0.0000
  1.53147355e-01   0.0000
 -1.84903983e-02   0.0000
  1.20129406e-01   0.0000
  3.33649106e-02   0.0000
  4.50741209e-05   0.0000
 -1.43456444e-01   0.0000
  1.62045836e-01   0.0000
  1.16557166e-01   0.0000
  1.27974197e-01   0.0000
 -1.37535498e-01   0.0000
  2.65472755e-03   0.0000
  2.41779059e-01   0.0000
  1.30413592e-01   0.0000
 -7.38926523e-04   0.0000
 -1.19918413e-01   0.0000
  1.13865964e-01   0.0000
 -1.11544669e-01   0.0000
 -5.23068156e-05   0.0000
 -5.89632764e-02   0.0000
  5.98915145e-02   0.0000
  1.55235842e-01   0.0000
 -4.64853831e-02   0.0000
  3.87018286e-02   0.0000
 -2.28782147e-02   0.0000
 -1.29811347e-01   0.0000
 -9.99342091e-03   0.0000
 -2.16494426e-01   0.0000
  2.53691047e-01   0.0000
  3.05087775e-01   0.0000
  5.43315291e-01   0.0000
  2.00591400e-01   0.0000
 -1.36616528e-01   0.0000
  2.30652869e-01   0.0000
 -1.20495699e-01   0.0000
 -4.60096598e-02   0.0000
  1.53099030e-01   0.0000
 -5.58432937e-02   0.0000
 -1.99527010e-01   0.0000
  6.50330586e-03   0.0000
  7.65531138e-02   0.0000
  5.45345712e-03   0.0000
 -1.53723210e-01   0.0000
  1.92736626e-01   0.0000
 -9.20958351e-03   0.0000
 -4.65399548e-02   0.0000
  4.50105891e-02   0.0000
 -8.00924823e-02   0.0000
 -2.56829858e-01   0.0000
 -1.72387771e-02   0.0000
  3.87818157e-03   0.0000
  3.95431846e-01   0.0000
  2.84743339e-01   0.0000
  1.07288035e-03   0.0000
 -1.05662748e-01   0.0000
 -5.13879396e-03   0.0000
  1.72678053e-01   0.0000
  8.85317102e-02   0.0000
  1.47853792e-01   0.0000
 -4.91679050e-02   0.0000
 -3.06188077e-01   0.0000
 -2.07401633e-01   0.0000
  4.83905345e-01   0.0000
  1.45431859e-02   0.0000
 -1.07994244e-01   0.0000
 -1.16098365e-02   0.0000
 -1.22363292e-01   0.0000
 -1.51954591e-01   0.0000
 -1.66422457e-01   0.0000
  1.72450840e-01   0.0000
  5.77780604e-02   0.0000
  1.21842921e-01   0.0000
  1.87542766e-01   0.0000
 -8.30783322e-02   0.0000
 -1.40413597e-01   0.0000
  1.78186208e-01   0.0000
 -9.20033678e-02   0.0000
 -1.03952929e-01   0.0000
  1.20279841e-01   0.0000
  1.10209398e-01   0.0000
  8.25089574e-01   0.0000
 -1.49052516e-01   0.0000
  1.77300535e-02   0.0000
 -2.55546838e-01   0.0000
 -3.03575248e-02   0.0000
  6.40629046e-03   0.0000
  9.43570212e-03   0.0000
  4.16984856e-02   0.0000
  1.35850499e-03   0.0000
  2.15242639e-01   0.0000
  1.03886947e-01   0.0000
  9.32273790e-02   0.0000
 -1.41946495e-01   0.0000
  1.94641277e-01   0.0000
 -9.41845477e-01   0.0000
 -1.18902707e-02   0.0000
  5.56884259e-02   0.0000
  9.24222186e-05   0.0000
  2.52386555e-02   0.0000
 -1.68431830e-02   0.0000
  8.41247151e-04   0.0000
 -3.73089202e-02   0.0000
 -1.41772896e-01   0.0000
  8.70267972e-02   0.0000
  1.83817729e-01   0.0000
  1.46061137e-01   0.0000
  5.26063740e-02   0.0000
  1.18721060e-01   0.0000
  2.23014742e-01   0.0000
  8.46004561e-02   0.0000
  5.64747752e-05   0.0000
  5.38619198e-02   0.0000
  3.71515788e-02   0.0000
 -1.69863968e-04   0.0000
 -1.44915834e-01   0.0000
  1.16681764e-02   0.0000
  3.97300981e-02   0.0000
 -1.84353933e-01   0.0000
 -4.39138501e-04   0.0000
  2.95581579e-01   0.0000
  9.66886953e-02   0.0000
 -1.15470350e-01   0.0000
 -7.98861589e-03   0.0000
  1.31135538e-01   0.0000
 -1.63092792e-01   0.0000
  9.79443714e-02   0.0000
 -1.08868706e+00   0.0000
  6.59394935e-02   0.0000
 -4.04540077e-02   0.0000
 -1.92671806e-01   0.0000
  1.82509363e-01   0.0000
 -7.38194510e-02   0.0000
  1.54938898e-03   0.0000
  1.28570601e-01   0.0000
 -2.76477545e-01   0.0000
  1.26699060e-01   0.0000
 -3.61478962e-02   0.0000
  1.62061118e-02   0.0000
  5.25723584e-02   0.0000
  1.70086436e-02   0.0000
 -1.17528468e-01   0.0000
  1.71160579e-01   0.0000
  1.75475981e-02   0.0000
  2.07956880e-01   0.0000
  6.54016018e-01   0.0000
 -1.75337464e-01   0.0000
 -1.00216478e-01   0.0000
  1.35236001e-02   0.0000
  5.80538623e-02   0.0000
 -1.64116144e-01   0.0000
  2.29051663e-03   0.0000
  4.17044945e-02   0.0000
 -4.98804785e-02   0.0000
  1.60835847e-01   0.0000
 -1.67953402e-01   0.0000
 -3.26707251e-02   0.0000
 -4.54445146e-02   0.0000
  1.26297697e-01   0.0000
 -1.02971576e-01   0.0000
  1.23698659e-01   0.0000
  1.72470547e-02   0.0000
  1.64024174e-01   0.0000
  1.00304790e-01   0.0000
  1.94767550e-01   0.0000
  1.43966183e-01   0.0000
 -7.77844265e-02   0.0000
  7.70979673e-02   0.0000
  5.72675951e-02   0.0000
  1.83525622e-01   0.0000
  2.23120824e-02   0.0000
 -1.07555337e-01   0.0000
  1.81277335e-01   0.0000
 -5.43241799e-02   0.0000
  8.84675886e-03   0.0000
  1.17945924e-01   0.0000
  7.11401775e-02   0.0000
  7.85585105e-01   0.0000
 -8.02034736e-02   0.0000
 -1.62076205e-03   0.0000
 -1.01594351e-01   0.0000
  1.18807323e-01   0.0000
  4.22637910e-03   0.0000
  2.16529399e-04   0.0000
  3.36890250e-01   0.0000
 -2.04656810e-01   0.0000
  1.16190035e-02   0.0000
 -1.21498808e-01   0.0000
 -6.89122872e-03   0.0000
  1.72116175e-01   0.0000
  1.71527863e-01   0.0000
  5.87332845e-01   0.0000
  2.63973977e-02   0.0000
 -1.61877096e-01   0.0000
  2.04415977e-01   0.0000
  2.25139484e-01   0.0000
  6.17522784e-02   0.0000
  1.65148482e-01   0.0000
  5.55640385e-02   0.0000
 -2.30745196e-01   0.0000
  5.26635488e-03   0.0000
  7.39251496e-04   0.0000
  6.75088391e-02   0.0000
  6.80308491e-02   0.0000
 -1.02842702e-02   0.0000
  6.68952823e-01   0.0000
  2.45117210e-03   0.0000
  1.52450129e-01   0.0000
  2.44520977e-01   0.0000
  1.04144323e+00   0.0000
  1.31715417e-01   0.0000
 -5.50776124e-02   0.0000
 -2.71973342e-01   0.0000
 -5.66584170e-02   0.0000
 -2.38994905e-03   0.0000
  1.73716143e-01   0.0000
  1.59787878e-01   0.0000
  1.40242741e-01   0.0000
  1.65741611e-02   0.0000
  1.47616446e-01   0.0000
 -4.71672155e-02   0.0000
  1.83470845e-01   0.0000
  5.66306822e-02   0.0000
  3.57448399e-01   0.0000
  1.64946705e-01   0.0000
  1.18322060e-01   0.0000
  8.36364254e-02   0.0000
  3.01107883e-01   0.0000
 -2.15836242e-01   0.0000
 -1.03233203e-01   0.0000
  8.93089324e-02   0.0000
  1.80985287e-01   0.0000
 -1.86344311e-01   0.0000
 -6.40686229e-02   0.0000
 -1.15874358e-01   0.0000
  6.97761215e-03   0.0000
 -1.94616944e-01   0.0000
  1.91562831e-01   0.0000
  1.54841498e-01   0.0000
 -1.75821155e-01   0.0000
  6.74765334e-02   0.0000
  6.03565693e-01   0.0000
 -1.74611673e-01   0.0000
  1.37339205e-01   0.0000
 -1.73160270e-01   0.0000
  2.37245262e-02   0.0000
 -6.83108196e-02   0.0000
 -1.11527201e-02   0.0000
  1.69407830e-01   0.0000
  8.20587352e-02   0.0000
 -9.66064781e-02   0.0000
  5.21297455e-02   0.0000
  1.76371187e-02   0.0000
  2.15922967e-01   0.0000
  2.96389237e-02   0.0000
 -3.02176848e-02   0.0000
 -7.21905306e-02   0.0000
  5.10422885e-02   0.0000
  1.45331398e-01   0.0000
 -9.04413387e-02   0.0000
  4.44061297e-05   0.0000
  7.02834732e-05   0.0000
  1.60082683e-01   0.0000
 -2.11247474e-01   0.0000
  1.81224721e-03   0.0000
  4.35452610e-02   0.0000
  5.12259267e-03   0.0000
  4.96785231e-02   0.0000
  1.60555378e-01   0.0000
  7.06977248e-02   0.0000
  1.06078357e-01   0.0000
  1.57301664e-01   0.0000
  1.35598421e-01   0.0000
  3.17427933e-01   0.0000
  7.78391734e-02   0.0000
 -3.68116908e-02   0.0000
  2.02621035e-02   0.0000
 -1.59018815e-01   0.0000
 -1.56660169e-01   0.0000
  4.34020646e-02   0.0000
 -3.34727347e-01   0.0000
  1.68541044e-01   0.0000
  1.84086394e-02   0.0000
  1.60804652e-02   0.0000
  1.26074078e-02   0.0000
 -2.19879299e-01   0.0000
 -4.15924750e-02   0.0000
 -8.70784879e-01   0.0000
 -3.99533361e-01   0.0000
 -6.24280535e-02   0.0000
 -1.59012318e-01   0.0000
 -3.17750722e-02   0.0000
 -4.62386496e-02   0.0000
  1.67508274e-01   0.0000
  3.07247434e-02   0.0000
  3.44277509e-02   0.0000
  9.18991342e-02   0.0000
 -1.61954790e-01   0.0000
  1.06902592e-01   0.0000
  5.63443713e-02   0.0000
 -7.71978125e-03   0.0000
  4.57979925e-02   0.0000
 -5.31174522e-03   0.0000
  1.50730774e-01   0.0000
  2.39596609e-03   0.0000
 -8.71771455e-01   0.0000
 -4.82348949e-02   0.0000
 -1.32530987e-01   0.0000
 -4.08670157e-02   0.0000
  9.41591687e-04   0.0000
 -4.83828783e-02   0.0000
  1.90998361e-01   0.0000
  7.97669217e-03   0.0000
 -1.86241418e-01   0.0000
  2.35333480e-02   0.0000
 -2.43319068e-02   0.0000
 -1.48865387e-01   0.0000
 -1.10278808e-01   0.0000
 -1.50126025e-01   0.0000
 -6.92108572e-01   0.0000
 -4.74566594e-03   0.0000
 -1.72993296e-05   0.0000
 -1.30406931e-01   0.0000
 -1.46586314e-01   0.0000
  1.31498232e-01   0.0000
 -1.26950637e-01   0.0000
 -4.39584143e-02   0.0000
 -1.00169331e-01   0.0000
 -3.26109640e-02   0.0000
 -2.45433804e-02   0.0000
 -1.86579879e-02   0.0000
 -2.32218746e-02   0.0000
  2.72120088e-02   0.0000
  2.45370969e-01   0.0000
 -8.82962346e-03   0.0000
 -1.22270800e-01   0.0000
 -2.00474054e-01   0.0000
 -5.13977297e-02   0.0000
 -1.05105534e-01   0.0000
  3.87326665e-02   0.0000
 -3.49370651e-02   0.0000
 -5.99495061e-02   0.0000
 -9.18915123e-02   0.0000
  7.92720318e-02   0.0000
  1.05440803e-01   0.0000
 -2.08106428e-01   0.0000
 -1.02678493e-01   0.0000
 -1.08764358e-02   0.0000
  2.50065997e-02   0.0000
  1.16554961e-01   0.0000
  1.66853607e-01   0.0000
  8.48171830e-01   0.0000
  2.33477756e-01   0.0000
 -3.00426167e-02   0.0000
 -9.40663666e-02   0.0000
  1.31426528e-01   0.0000
 -1.54980212e-01   0.0000
 -5.29637337e-02   0.0000
  4.39479463e-02   0.0000
  1.54390380e-01   0.0000
  8.77772942e-02   0.0000
  8.54071826e-02   0.0000
  1.68720007e-01   0.0000
  1.21739134e-01   0.0000
 -2.48641614e-03   0.0000
 -5.23896933e-01   0.0000
 -9.62815359e-02   0.0000
 -7.88649246e-02   0.0000
 -4.48812731e-02   0.0000
 -4.87378806e-01   0.0000
 -5.60122462e-05   0.0000
 -1.07793681e-01   0.0000
  1.43110696e-02   0.0000
 -2.00172022e-01   0.0000
  1.82383597e-01   0.0000
  4.17210385e-02   0.0000
  9.69795212e-02   0.0000
 -3.56166422e-01   0.0000
 -8.25819150e-02   0.0000
  1.04224801e-01   0.0000
 -3.09887826e-02   0.0000
 -1.14256382e-01   0.0000
  5.97622730e-02   0.0000
  1.02583505e-01   0.0000
  1.11480363e-01   0.0000
 -2.78334543e-02   0.0000
  5.57172336e-02   0.0000
  2.99354885e-02   0.0000
 -2.03481615e-01   0.0000
 -1.23216294e-01   0.0000
  2.66157966e-02   0.0000
  7.75353685e-02   0.0000
  1.17427915e-01   0.0000
 -3.73702534e-02   0.0000
 -1.87051341e-01   0.0000
 -4.63170446e-02   0.0000
  2.88411938e-02   0.0000
  9.12906155e-02   0.0000
 -1.35868683e-01   0.0000
  1.04954511e-01   0.0000
 -1.48823574e-01   0.0000
 -9.22575235e-01   0.0000
  3.17897052e-01   0.0000
  1.33963063e-01   0.0000
  4.47448701e-01   0.0000
  2.93967277e-01   0.0000
 -4.20075357e-02   0.0000
  2.08458714e-02   0.0000
  3.90742630e-01   0.0000
  1.29356682e+00   0.0000
 -5.33492640e-02   0.0000
 -1.88422874e-01   0.0000
  3.28391731e-01   0.0000
  2.01627567e-01   0.0000
  7.30342045e-02   0.0000
  1.45476714e-01   0.0000
  1.85658820e-02   0.0000
 -1.41684949e-01   0.0000
 -1.77111581e-01   0.0000
  2.22310796e-02   0.0000
 -2.02285498e-01   0.0000
 -9.38658044e-02   0.0000
  2.89953172e-01   0.0000
 -9.94352773e-02   0.0000
  2.31419504e-02   0.0000
  8.01135600e-03   0.0000
  1.75045192e-01   0.0000
 -1.82037652e-01   0.0000
  7.74530619e-02   0.0000
 -5.53098857e-01   0.0000
 -2.62042824e-02   0.0000
 -2.50893235e-02   0.0000
 -1.44018129e-01   0.0000
 -1.06022763e+00   0.0000
  3.55466194e-02   0.0000
 -1.04210243e-01   0.0000
 -1.35770714e+00   0.0000
 -7.52846420e-01   0.0000
 -2.46160269e-01   0.0000
 -1.27804026e-01   0.0000
  6.82242393e-01   0.0000
 -7.95949221e-01   0.0000
  9.42648053e-02   0.0000
 -6.54588046e-04   0.0000
 -3.93818170e-01   0.0000
  4.62991416e-01   0.0000
  1.08043671e-01   0.0000
  1.52643204e+00   0.0000
  2.97708333e-01   0.0000
 -7.33121857e-02   0.0000
  4.03781375e-03   0.0000
  5.14210939e-01   0.0000
  2.28077769e-02   0.0000
 -1.48698147e-02   0.0000
 -8.17136526e-01   0.0000
 -3.71923000e-01   0.0000
 -1.95362389e-01   0.0000
 -2.27124169e-01   0.0000
 -2.25428864e-01   0.0000
 -3.45118195e-01   0.0000
 -3.02461594e-01   0.0000
 -8.35167050e-01   0.0000
 -2.54819095e-01   0.0000
 -3.90622430e-02   0.0000
 -1.43701196e-01   0.0000
  0.00000000e+00   0.0000

